0.356 0.870 0.226 0.963 0.019 
0.247 0.912 0.208 0.912 0.071 
0.213 0.918 0.174 0.920 0.207 
0.206 0.923 0.170 0.938 0.045 
0.198 0.930 0.147 0.960 0.350 
0.169 0.940 0.164 0.953 0.214 
0.176 0.937 0.119 0.970 0.553 
0.168 0.939 0.089 0.975 0.408 
0.149 0.942 0.132 0.955 0.511 
0.159 0.948 0.112 0.965 0.489 
0.136 0.955 0.085 0.985 0.751 
0.162 0.942 0.096 0.978 0.689 
0.125 0.959 0.077 0.978 0.482 
0.140 0.952 0.092 0.983 0.744 
0.128 0.958 0.100 0.980 0.832 
0.129 0.952 0.093 0.978 0.751 
0.129 0.958 0.158 0.945 0.812 
0.137 0.954 0.087 0.978 0.748 
0.117 0.961 0.088 0.973 0.748 
0.128 0.960 0.082 0.975 0.822 
0.120 0.963 0.098 0.978 0.828 
0.108 0.965 0.063 0.985 0.735 
0.118 0.963 0.151 0.943 0.838 
0.113 0.965 0.135 0.965 0.751 
0.111 0.953 0.084 0.973 0.867 
0.128 0.960 0.089 0.970 0.715 
0.112 0.965 0.079 0.975 0.864 
0.112 0.963 0.085 0.975 0.777 
0.114 0.959 0.085 0.970 0.838 
0.113 0.960 0.088 0.973 0.741 
0.109 0.962 0.095 0.970 0.722 
0.109 0.964 0.083 0.978 0.835 
0.099 0.969 0.074 0.973 0.809 
0.099 0.970 0.101 0.963 0.825 
0.101 0.971 0.078 0.978 0.883 
0.101 0.967 0.073 0.983 0.906 
0.103 0.963 0.080 0.973 0.841 
0.106 0.961 0.082 0.973 0.806 
0.103 0.965 0.077 0.975 0.867 
0.089 0.974 0.112 0.955 0.871 
0.100 0.965 0.084 0.975 0.893 
0.110 0.967 0.093 0.968 0.838 
0.114 0.963 0.081 0.975 0.845 
0.102 0.969 0.071 0.975 0.841 
0.087 0.973 0.078 0.968 0.773 
0.093 0.966 0.076 0.975 0.851 
0.100 0.967 0.069 0.983 0.877 
0.092 0.970 0.101 0.960 0.874 
0.098 0.969 0.070 0.985 0.838 
0.087 0.975 0.070 0.980 0.883 
0.088 0.972 0.093 0.968 0.838 
0.092 0.971 0.071 0.983 0.854 
0.102 0.967 0.103 0.953 0.777 
0.087 0.970 0.066 0.978 0.864 
0.087 0.974 0.079 0.980 0.906 
0.086 0.974 0.086 0.970 0.893 
0.089 0.972 0.089 0.983 0.867 
0.099 0.967 0.069 0.980 0.803 
0.094 0.967 0.091 0.975 0.880 
0.085 0.974 0.066 0.993 0.909 
0.080 0.977 0.059 0.988 0.880 
0.082 0.974 0.108 0.958 0.783 
0.082 0.973 0.100 0.973 0.900 
0.092 0.970 0.095 0.978 0.893 
0.096 0.974 0.101 0.978 0.883 
0.102 0.965 0.081 0.988 0.906 
0.092 0.973 0.094 0.968 0.851 
0.083 0.974 0.073 0.983 0.903 
0.090 0.972 0.059 0.980 0.825 
0.083 0.974 0.071 0.985 0.919 
0.094 0.969 0.074 0.983 0.883 
0.069 0.981 0.088 0.963 0.793 
0.090 0.971 0.051 0.985 0.841 
0.073 0.977 0.083 0.970 0.851 
0.088 0.976 0.085 0.965 0.883 
0.079 0.976 0.078 0.988 0.900 
0.085 0.972 0.087 0.978 0.890 
0.073 0.978 0.067 0.983 0.903 
0.088 0.968 0.082 0.963 0.887 
0.075 0.976 0.085 0.965 0.877 
0.083 0.976 0.059 0.985 0.841 
0.083 0.973 0.072 0.973 0.854 
0.064 0.979 0.049 0.985 0.835 
0.083 0.976 0.064 0.985 0.913 
0.085 0.977 0.077 0.980 0.909 
0.086 0.976 0.076 0.988 0.858 
0.077 0.974 0.073 0.980 0.845 
0.077 0.972 0.080 0.980 0.906 
0.078 0.977 0.098 0.965 0.900 
0.082 0.974 0.114 0.948 0.825 
0.066 0.978 0.059 0.980 0.880 
0.084 0.969 0.060 0.973 0.735 
0.072 0.978 0.079 0.978 0.916 
0.075 0.980 0.057 0.980 0.871 
0.072 0.976 0.096 0.960 0.816 
0.080 0.975 0.062 0.985 0.883 
0.077 0.976 0.073 0.978 0.877 
0.064 0.981 0.057 0.975 0.874 
0.067 0.977 0.069 0.978 0.922 
0.073 0.979 0.095 0.958 0.880 
0.066 0.982 0.066 0.990 0.880 
0.067 0.977 0.098 0.958 0.883 
0.074 0.979 0.070 0.980 0.913 
0.074 0.979 0.073 0.980 0.906 
0.063 0.980 0.061 0.983 0.896 
0.066 0.980 0.086 0.968 0.880 
0.059 0.984 0.064 0.978 0.861 
0.082 0.977 0.054 0.988 0.858 
0.062 0.980 0.068 0.985 0.916 
0.075 0.979 0.051 0.985 0.890 
0.074 0.978 0.085 0.985 0.919 
0.061 0.980 0.062 0.988 0.867 
0.084 0.975 0.107 0.968 0.916 
0.077 0.977 0.073 0.985 0.903 
0.079 0.974 0.074 0.985 0.871 
0.066 0.980 0.060 0.985 0.883 
0.064 0.982 0.079 0.978 0.896 
0.066 0.980 0.062 0.988 0.903 
0.060 0.977 0.064 0.983 0.877 
0.075 0.977 0.091 0.953 0.871 
0.072 0.981 0.070 0.980 0.893 
0.068 0.979 0.062 0.988 0.871 
0.063 0.982 0.092 0.963 0.883 
0.052 0.985 0.053 0.990 0.890 
0.073 0.980 0.070 0.973 0.809 
0.064 0.980 0.077 0.978 0.874 
0.063 0.983 0.068 0.978 0.858 
0.067 0.977 0.066 0.983 0.896 
0.064 0.979 0.121 0.960 0.877 
0.069 0.977 0.070 0.985 0.893 
0.066 0.981 0.070 0.985 0.900 
0.063 0.980 0.066 0.983 0.880 
0.068 0.979 0.081 0.973 0.913 
0.073 0.977 0.060 0.983 0.929 
0.060 0.980 0.094 0.968 0.871 
0.061 0.983 0.062 0.990 0.909 
0.049 0.986 0.068 0.988 0.913 
0.060 0.982 0.053 0.990 0.883 
0.065 0.979 0.053 0.990 0.883 
0.065 0.977 0.082 0.965 0.877 
0.061 0.982 0.054 0.995 0.867 
0.058 0.983 0.095 0.958 0.816 
0.064 0.980 0.065 0.978 0.858 
0.060 0.982 0.054 0.978 0.786 
0.064 0.979 0.056 0.988 0.874 
0.056 0.985 0.147 0.927 0.803 
0.058 0.983 0.063 0.985 0.909 
0.058 0.984 0.090 0.985 0.939 
0.063 0.983 0.045 0.988 0.799 
0.059 0.980 0.088 0.980 0.939 
0.058 0.985 0.074 0.975 0.877 
0.064 0.980 0.070 0.980 0.890 
0.061 0.982 0.075 0.978 0.913 
0.052 0.986 0.067 0.985 0.906 
0.056 0.985 0.072 0.980 0.929 
0.059 0.985 0.043 0.988 0.835 
0.057 0.980 0.055 0.990 0.887 
0.046 0.982 0.058 0.985 0.913 
0.051 0.982 0.037 0.985 0.835 
0.050 0.985 0.050 0.988 0.887 
0.045 0.986 0.080 0.975 0.890 
0.061 0.983 0.061 0.988 0.871 
0.065 0.979 0.050 0.988 0.871 
0.053 0.982 0.044 0.990 0.861 
0.062 0.983 0.073 0.975 0.812 
0.063 0.979 0.063 0.980 0.825 
0.051 0.986 0.074 0.985 0.922 
0.054 0.983 0.085 0.975 0.864 
0.054 0.981 0.077 0.973 0.841 
0.051 0.983 0.088 0.980 0.932 
0.043 0.987 0.154 0.975 0.948 
0.052 0.983 0.059 0.983 0.880 
0.058 0.979 0.087 0.980 0.942 
0.055 0.983 0.066 0.980 0.919 
0.054 0.983 0.080 0.980 0.909 
0.053 0.982 0.083 0.983 0.932 
0.069 0.977 0.057 0.983 0.896 
0.071 0.975 0.067 0.980 0.880 
0.048 0.982 0.093 0.983 0.922 
0.057 0.982 0.066 0.980 0.864 
0.052 0.980 0.088 0.963 0.903 
0.059 0.979 0.066 0.978 0.838 
0.061 0.980 0.087 0.983 0.939 
0.051 0.982 0.077 0.973 0.816 
0.061 0.982 0.072 0.990 0.883 
0.039 0.991 0.065 0.988 0.906 
0.052 0.984 0.061 0.988 0.883 
0.053 0.983 0.048 0.990 0.887 
0.050 0.988 0.090 0.980 0.922 
0.060 0.980 0.055 0.983 0.864 
0.054 0.983 0.079 0.978 0.926 
0.055 0.983 0.070 0.988 0.887 
0.051 0.979 0.077 0.983 0.858 
0.055 0.983 0.073 0.985 0.919 
0.063 0.980 0.066 0.983 0.913 
0.064 0.982 0.049 0.985 0.832 
0.061 0.979 0.046 0.993 0.867 
0.053 0.983 0.038 0.993 0.874 
0.046 0.985 0.095 0.950 0.816 
0.054 0.983 0.109 0.975 0.942 
0.061 0.982 0.060 0.980 0.851 
0.049 0.985 0.063 0.980 0.893 
0.048 0.983 0.069 0.985 0.893 
0.042 0.986 0.092 0.985 0.942 
0.055 0.983 0.071 0.975 0.903 
0.045 0.986 0.059 0.983 0.874 
0.057 0.982 0.095 0.978 0.932 
0.048 0.986 0.094 0.980 0.922 
0.052 0.985 0.074 0.983 0.900 
0.045 0.985 0.076 0.983 0.922 
0.051 0.985 0.068 0.980 0.874 
0.052 0.984 0.065 0.985 0.903 
0.048 0.988 0.048 0.988 0.822 
0.043 0.986 0.054 0.990 0.835 
0.047 0.983 0.075 0.968 0.864 
0.052 0.982 0.046 0.995 0.864 
0.042 0.986 0.063 0.990 0.906 
0.064 0.979 0.046 0.990 0.887 
0.058 0.981 0.089 0.958 0.851 
0.039 0.987 0.030 0.993 0.871 
0.046 0.988 0.058 0.983 0.838 
0.044 0.985 0.057 0.985 0.874 
0.046 0.988 0.072 0.988 0.906 
0.052 0.986 0.093 0.983 0.935 
0.045 0.988 0.074 0.973 0.864 
0.041 0.990 0.053 0.985 0.806 
0.048 0.982 0.062 0.985 0.845 
0.060 0.982 0.056 0.990 0.877 
0.039 0.987 0.061 0.988 0.874 
0.044 0.988 0.091 0.973 0.896 
0.059 0.979 0.089 0.973 0.874 
0.044 0.986 0.102 0.980 0.929 
0.039 0.986 0.073 0.983 0.900 
0.057 0.983 0.103 0.963 0.890 
0.057 0.981 0.079 0.983 0.890 
0.046 0.982 0.071 0.980 0.919 
0.051 0.985 0.076 0.983 0.880 
0.055 0.984 0.106 0.975 0.887 
0.039 0.989 0.087 0.980 0.903 
0.048 0.984 0.085 0.968 0.861 
0.042 0.985 0.061 0.983 0.880 
0.044 0.985 0.066 0.985 0.900 
0.034 0.986 0.049 0.993 0.906 
0.047 0.983 0.072 0.988 0.916 
0.047 0.986 0.088 0.975 0.909 
0.050 0.985 0.054 0.985 0.861 
0.042 0.985 0.068 0.978 0.880 
0.047 0.985 0.066 0.985 0.913 
0.045 0.987 0.051 0.990 0.893 
0.056 0.979 0.052 0.990 0.874 
0.044 0.984 0.079 0.980 0.935 
0.031 0.991 0.081 0.980 0.919 
0.041 0.987 0.094 0.978 0.939 
0.043 0.986 0.055 0.980 0.854 
0.052 0.986 0.078 0.980 0.919 
0.053 0.983 0.041 0.990 0.848 
0.050 0.985 0.056 0.978 0.812 
0.045 0.984 0.090 0.975 0.906 
0.048 0.986 0.070 0.978 0.896 
0.052 0.987 0.070 0.978 0.893 
0.033 0.991 0.108 0.975 0.893 
0.054 0.985 0.088 0.970 0.903 
0.041 0.988 0.105 0.978 0.935 
0.043 0.989 0.059 0.985 0.835 
0.053 0.982 0.074 0.975 0.874 
0.025 0.992 0.076 0.988 0.913 
0.035 0.989 0.102 0.980 0.903 
0.046 0.985 0.054 0.993 0.877 
0.044 0.983 0.076 0.985 0.935 
0.046 0.988 0.120 0.975 0.945 
0.044 0.986 0.044 0.990 0.864 
0.043 0.984 0.064 0.985 0.893 
0.042 0.986 0.042 0.993 0.883 
0.047 0.982 0.045 0.990 0.845 
0.042 0.989 0.065 0.985 0.916 
0.038 0.986 0.089 0.978 0.909 
0.049 0.985 0.057 0.988 0.913 
0.047 0.987 0.096 0.985 0.942 
0.044 0.988 0.073 0.983 0.926 
0.045 0.986 0.069 0.983 0.854 
0.047 0.985 0.059 0.988 0.864 
0.041 0.986 0.056 0.990 0.893 
0.032 0.990 0.079 0.985 0.922 
0.046 0.983 0.066 0.988 0.909 
0.048 0.983 0.067 0.988 0.913 
0.044 0.988 0.132 0.980 0.951 
0.049 0.986 0.268 0.950 0.835 
0.066 0.982 0.036 0.990 0.832 
0.045 0.987 0.047 0.990 0.867 
0.053 0.982 0.051 0.990 0.909 
0.058 0.983 0.062 0.985 0.848 
0.037 0.987 0.091 0.983 0.948 
0.043 0.985 0.057 0.988 0.913 
0.046 0.988 0.084 0.963 0.832 
0.028 0.990 0.063 0.985 0.893 
0.041 0.985 0.078 0.983 0.932 
0.043 0.985 0.041 0.988 0.854 
0.041 0.982 0.059 0.988 0.880 
0.048 0.989 0.073 0.985 0.916 
0.050 0.987 0.091 0.985 0.926 
0.050 0.986 0.083 0.988 0.932 
0.051 0.985 0.089 0.980 0.900 
0.032 0.992 0.063 0.988 0.919 
0.035 0.989 0.091 0.980 0.900 
0.050 0.983 0.061 0.985 0.887 
0.035 0.989 0.065 0.985 0.883 
0.041 0.989 0.070 0.980 0.893 
0.050 0.987 0.089 0.975 0.887 
0.050 0.984 0.077 0.980 0.919 
0.047 0.988 0.074 0.983 0.913 
0.039 0.986 0.101 0.980 0.939 
0.041 0.988 0.090 0.980 0.945 
0.039 0.989 0.106 0.970 0.922 
0.043 0.987 0.062 0.990 0.916 
0.050 0.987 0.064 0.990 0.919 
0.051 0.982 0.088 0.983 0.939 
0.052 0.983 0.075 0.983 0.932 
0.031 0.988 0.052 0.985 0.900 
0.047 0.982 0.081 0.978 0.922 
0.037 0.988 0.067 0.980 0.900 
0.047 0.985 0.075 0.975 0.864 
0.032 0.989 0.060 0.988 0.880 
0.043 0.986 0.051 0.985 0.864 
0.048 0.986 0.073 0.983 0.913 
0.050 0.982 0.076 0.983 0.932 
0.030 0.990 0.064 0.983 0.887 
0.046 0.986 0.067 0.978 0.864 
0.044 0.983 0.058 0.988 0.871 
0.054 0.984 0.060 0.988 0.913 
0.050 0.984 0.079 0.968 0.861 
0.052 0.985 0.056 0.985 0.874 
0.045 0.986 0.064 0.983 0.874 
0.042 0.987 0.058 0.985 0.913 
0.034 0.988 0.080 0.985 0.919 
0.052 0.983 0.109 0.980 0.945 
0.030 0.990 0.111 0.960 0.832 
0.040 0.984 0.063 0.988 0.916 
0.044 0.985 0.071 0.983 0.929 
0.036 0.989 0.090 0.983 0.935 
0.039 0.988 0.050 0.988 0.883 
0.039 0.986 0.101 0.985 0.945 
0.047 0.988 0.101 0.985 0.919 
0.040 0.985 0.108 0.980 0.939 
0.048 0.983 0.119 0.963 0.926 
0.050 0.985 0.081 0.978 0.903 
0.037 0.988 0.068 0.983 0.903 
0.038 0.988 0.117 0.980 0.932 
0.046 0.985 0.088 0.985 0.929 
0.040 0.987 0.077 0.988 0.913 
0.044 0.985 0.077 0.983 0.867 
0.042 0.985 0.083 0.985 0.932 
0.043 0.984 0.132 0.980 0.939 
0.036 0.989 0.076 0.988 0.903 
0.048 0.984 0.068 0.988 0.896 
0.041 0.986 0.051 0.988 0.877 
0.049 0.986 0.079 0.988 0.922 
0.035 0.989 0.077 0.983 0.903 
0.029 0.991 0.082 0.988 0.893 
0.035 0.990 0.104 0.985 0.926 
0.040 0.989 0.114 0.968 0.922 
0.051 0.986 0.047 0.983 0.854 
0.053 0.985 0.079 0.980 0.909 
0.036 0.989 0.071 0.983 0.893 
0.042 0.990 0.092 0.973 0.903 
0.042 0.988 0.069 0.978 0.906 
0.036 0.988 0.106 0.983 0.929 
0.044 0.990 0.092 0.968 0.913 
0.056 0.983 0.102 0.975 0.913 
0.037 0.987 0.051 0.988 0.906 
0.042 0.988 0.079 0.985 0.919 
0.039 0.985 0.089 0.985 0.909 
0.047 0.990 0.065 0.978 0.896 
0.041 0.986 0.094 0.973 0.871 
0.034 0.988 0.066 0.980 0.883 
0.034 0.988 0.120 0.980 0.939 
0.041 0.989 0.079 0.978 0.858 
0.046 0.988 0.062 0.983 0.871 
0.038 0.988 0.099 0.950 0.764 
0.042 0.986 0.071 0.990 0.880 
0.031 0.992 0.103 0.985 0.926 
0.037 0.989 0.115 0.958 0.854 
0.035 0.989 0.115 0.985 0.903 
0.033 0.993 0.097 0.990 0.913 
0.033 0.990 0.100 0.988 0.922 
0.037 0.988 0.096 0.985 0.929 
0.039 0.985 0.079 0.990 0.909 
0.044 0.986 0.070 0.990 0.874 
0.044 0.990 0.079 0.985 0.909 
0.041 0.989 0.053 0.993 0.893 
0.047 0.983 0.082 0.978 0.903 
0.033 0.990 0.104 0.970 0.871 
0.038 0.988 0.108 0.990 0.919 
0.037 0.986 0.070 0.990 0.867 
0.031 0.991 0.073 0.988 0.890 
0.037 0.986 0.080 0.980 0.874 
0.044 0.986 0.056 0.985 0.845 
0.026 0.992 0.126 0.978 0.906 
0.055 0.985 0.085 0.975 0.854 
0.028 0.992 0.074 0.988 0.906 
0.034 0.990 0.055 0.980 0.828 
0.053 0.985 0.098 0.983 0.913 
0.050 0.987 0.058 0.983 0.803 
0.034 0.989 0.064 0.993 0.880 
0.046 0.983 0.078 0.990 0.887 
0.046 0.988 0.062 0.993 0.900 
0.040 0.987 0.118 0.978 0.874 
0.028 0.992 0.089 0.958 0.767 
0.043 0.988 0.084 0.978 0.877 
0.026 0.990 0.054 0.990 0.896 
0.028 0.993 0.075 0.988 0.913 
0.047 0.986 0.057 0.990 0.880 
0.028 0.989 0.069 0.985 0.893 
0.041 0.989 0.061 0.990 0.890 
0.027 0.990 0.055 0.988 0.903 
0.043 0.988 0.068 0.980 0.861 
0.052 0.987 0.107 0.973 0.871 
0.048 0.986 0.048 0.985 0.913 
0.027 0.992 0.074 0.985 0.932 
0.030 0.989 0.111 0.958 0.835 
0.030 0.991 0.093 0.978 0.880 
0.037 0.986 0.084 0.973 0.841 
0.037 0.988 0.084 0.978 0.874 
0.030 0.990 0.067 0.985 0.887 
0.040 0.985 0.087 0.958 0.803 
0.038 0.988 0.056 0.983 0.880 
0.040 0.988 0.050 0.985 0.887 
0.031 0.990 0.061 0.988 0.922 
0.030 0.992 0.070 0.988 0.919 
0.037 0.988 0.054 0.988 0.848 
0.026 0.992 0.067 0.983 0.880 
0.029 0.990 0.079 0.985 0.939 
0.032 0.988 0.064 0.990 0.900 
0.040 0.987 0.071 0.983 0.906 
0.038 0.985 0.075 0.985 0.935 
0.027 0.990 0.078 0.975 0.909 
0.031 0.991 0.062 0.985 0.919 
0.018 0.993 0.137 0.983 0.955 
0.035 0.986 0.050 0.990 0.877 
0.044 0.987 0.049 0.990 0.903 
0.047 0.988 0.071 0.980 0.883 
0.036 0.989 0.080 0.985 0.929 
0.037 0.986 0.062 0.978 0.887 
0.032 0.989 0.075 0.980 0.922 
0.042 0.987 0.087 0.980 0.916 
0.042 0.986 0.064 0.988 0.916 
0.036 0.988 0.096 0.983 0.935 
0.026 0.990 0.059 0.988 0.909 
0.030 0.990 0.079 0.983 0.909 
0.029 0.989 0.086 0.983 0.913 
0.038 0.986 0.063 0.985 0.903 
0.035 0.988 0.066 0.978 0.903 
0.024 0.992 0.103 0.983 0.939 
0.028 0.989 0.088 0.980 0.913 
0.032 0.992 0.066 0.988 0.883 
0.035 0.989 0.106 0.955 0.864 
0.043 0.986 0.062 0.980 0.812 
0.033 0.988 0.052 0.988 0.861 
0.030 0.989 0.051 0.985 0.874 
0.025 0.994 0.052 0.985 0.871 
0.034 0.988 0.062 0.988 0.913 
0.031 0.988 0.072 0.980 0.871 
0.037 0.985 0.049 0.990 0.909 
0.039 0.988 0.128 0.980 0.958 
0.030 0.990 0.059 0.985 0.926 
0.040 0.992 0.076 0.988 0.935 
0.034 0.989 0.067 0.975 0.893 
0.036 0.990 0.053 0.983 0.864 
0.036 0.989 0.063 0.978 0.841 
0.038 0.988 0.053 0.985 0.848 
0.027 0.991 0.117 0.960 0.893 
0.031 0.990 0.094 0.983 0.932 
0.044 0.986 0.081 0.978 0.841 
0.038 0.992 0.061 0.988 0.871 
0.037 0.989 0.056 0.985 0.845 
0.026 0.991 0.095 0.985 0.942 
0.051 0.983 0.076 0.983 0.909 
0.035 0.989 0.082 0.975 0.871 
0.038 0.988 0.070 0.985 0.922 
0.033 0.987 0.120 0.980 0.835 
0.029 0.992 0.065 0.983 0.880 
0.040 0.986 0.040 0.985 0.770 
0.033 0.988 0.078 0.980 0.916 
0.044 0.990 0.061 0.980 0.887 
0.037 0.988 0.061 0.988 0.919 
0.037 0.988 0.067 0.983 0.916 
0.038 0.992 0.075 0.985 0.887 
0.036 0.988 0.056 0.990 0.903 
0.031 0.989 0.079 0.985 0.922 
0.037 0.988 0.110 0.943 0.819 
0.030 0.989 0.086 0.985 0.935 
0.037 0.990 0.070 0.990 0.932 
0.041 0.986 0.084 0.975 0.919 
0.030 0.993 0.102 0.970 0.919 
0.034 0.991 0.073 0.980 0.893 
0.035 0.989 0.045 0.988 0.864 
0.048 0.985 0.088 0.978 0.900 
0.024 0.990 0.132 0.980 0.939 
0.036 0.989 0.119 0.970 0.838 
0.038 0.988 0.077 0.985 0.913 
0.047 0.985 0.082 0.978 0.903 
0.028 0.991 0.059 0.985 0.890 
0.042 0.988 0.064 0.985 0.906 
0.031 0.989 0.093 0.980 0.922 
0.033 0.989 0.099 0.980 0.932 
0.043 0.987 0.053 0.985 0.861 
0.039 0.987 0.083 0.975 0.890 
0.030 0.987 0.056 0.988 0.874 
0.030 0.990 0.094 0.985 0.932 
0.029 0.989 0.086 0.970 0.822 
0.031 0.990 0.083 0.983 0.926 
0.025 0.990 0.110 0.983 0.945 
0.033 0.992 0.078 0.988 0.877 
0.028 0.989 0.092 0.985 0.922 
0.048 0.988 0.081 0.975 0.903 
0.037 0.989 0.130 0.932 0.835 
0.032 0.990 0.045 0.990 0.851 
0.025 0.992 0.103 0.975 0.926 
0.040 0.986 0.071 0.983 0.896 
0.024 0.992 0.036 0.990 0.812 
0.040 0.990 0.070 0.980 0.883 
0.031 0.990 0.097 0.985 0.945 
0.040 0.989 0.089 0.973 0.900 
0.029 0.991 0.046 0.988 0.887 
0.053 0.988 0.051 0.988 0.854 
0.036 0.990 0.080 0.973 0.890 
0.039 0.990 0.070 0.983 0.893 
0.033 0.988 0.090 0.983 0.838 
0.035 0.988 0.058 0.985 0.900 
0.027 0.989 0.056 0.983 0.893 
0.027 0.992 0.099 0.988 0.945 
0.031 0.988 0.059 0.988 0.893 
0.027 0.990 0.112 0.980 0.919 
0.032 0.988 0.096 0.975 0.903 
0.044 0.985 0.094 0.970 0.906 
0.032 0.992 0.061 0.983 0.883 
0.031 0.990 0.080 0.988 0.900 
0.028 0.991 0.098 0.980 0.913 
0.039 0.992 0.069 0.983 0.890 
0.028 0.992 0.055 0.985 0.890 
0.021 0.993 0.143 0.973 0.887 
0.073 0.986 0.083 0.970 0.819 
0.044 0.986 0.126 0.953 0.871 
0.031 0.990 0.066 0.983 0.883 
0.030 0.988 0.172 0.955 0.903 
0.042 0.987 0.096 0.965 0.906 
0.022 0.992 0.096 0.965 0.877 
0.033 0.988 0.087 0.978 0.887 
0.026 0.993 0.058 0.985 0.890 
0.033 0.989 0.059 0.980 0.900 
0.032 0.988 0.043 0.988 0.835 
0.020 0.993 0.080 0.983 0.932 
0.031 0.989 0.064 0.973 0.871 
0.032 0.989 0.089 0.975 0.874 
0.026 0.993 0.156 0.985 0.880 
0.041 0.988 0.069 0.983 0.906 
0.031 0.991 0.079 0.980 0.909 
0.029 0.992 0.114 0.978 0.893 
0.039 0.991 0.150 0.973 0.913 
0.050 0.985 0.097 0.960 0.845 
0.025 0.991 0.039 0.990 0.864 
0.021 0.992 0.076 0.983 0.883 
0.046 0.987 0.105 0.973 0.903 
0.032 0.989 0.123 0.970 0.906 
0.029 0.986 0.057 0.983 0.893 
0.026 0.991 0.046 0.988 0.851 
0.031 0.989 0.093 0.985 0.922 
0.022 0.994 0.104 0.985 0.932 
0.033 0.989 0.066 0.983 0.858 
0.027 0.990 0.072 0.988 0.900 
0.025 0.993 0.104 0.985 0.922 
0.032 0.991 0.095 0.983 0.909 
0.033 0.987 0.060 0.985 0.877 
0.061 0.988 0.150 0.960 0.832 
0.038 0.988 0.081 0.983 0.893 
0.036 0.989 0.108 0.970 0.861 
0.032 0.989 0.072 0.983 0.913 
0.040 0.988 0.108 0.985 0.916 
0.029 0.992 0.128 0.983 0.922 
0.034 0.990 0.051 0.990 0.871 
0.030 0.990 0.086 0.973 0.903 
0.028 0.994 0.065 0.990 0.916 
0.059 0.985 0.092 0.975 0.916 
0.023 0.990 0.096 0.983 0.935 
0.023 0.992 0.096 0.988 0.887 
0.038 0.988 0.072 0.983 0.926 
0.029 0.990 0.070 0.970 0.835 
0.033 0.992 0.071 0.980 0.909 
0.034 0.986 0.072 0.990 0.906 
0.033 0.990 0.112 0.988 0.922 
0.023 0.992 0.084 0.988 0.909 
0.027 0.990 0.092 0.990 0.919 
0.031 0.991 0.138 0.975 0.877 
0.036 0.990 0.063 0.985 0.861 
0.022 0.993 0.155 0.980 0.939 
0.036 0.989 0.056 0.978 0.854 
0.046 0.985 0.059 0.983 0.864 
0.018 0.994 0.039 0.988 0.858 
0.020 0.995 0.078 0.968 0.848 
0.032 0.988 0.093 0.970 0.887 
0.025 0.988 0.072 0.988 0.929 
0.030 0.992 0.113 0.975 0.922 
0.035 0.987 0.074 0.980 0.887 
0.030 0.988 0.076 0.988 0.887 
0.037 0.989 0.061 0.980 0.861 
0.048 0.986 0.098 0.978 0.935 
0.015 0.995 0.088 0.985 0.916 
0.030 0.990 0.073 0.990 0.900 
0.030 0.988 0.054 0.990 0.854 
0.035 0.989 0.092 0.978 0.900 
0.030 0.992 0.099 0.985 0.916 
0.036 0.987 0.120 0.983 0.929 
0.034 0.990 0.056 0.988 0.835 
0.026 0.990 0.119 0.980 0.900 
0.027 0.992 0.106 0.970 0.871 
0.026 0.990 0.072 0.990 0.900 
0.021 0.992 0.078 0.973 0.848 
0.020 0.993 0.111 0.960 0.871 
0.036 0.989 0.073 0.988 0.916 
0.047 0.986 0.072 0.978 0.871 
0.034 0.990 0.079 0.975 0.874 
0.029 0.992 0.065 0.978 0.812 
0.065 0.982 0.124 0.983 0.851 
0.032 0.989 0.145 0.973 0.835 
0.026 0.991 0.239 0.985 0.916 
0.030 0.992 0.179 0.968 0.838 
0.040 0.988 0.198 0.955 0.803 
0.029 0.992 0.154 0.973 0.893 
0.026 0.992 0.174 0.980 0.913 
0.059 0.986 0.089 0.988 0.861 
0.034 0.990 0.160 0.958 0.812 
0.032 0.989 0.116 0.975 0.845 
0.031 0.990 0.109 0.990 0.822 
0.036 0.989 0.040 0.988 0.867 
0.024 0.990 0.063 0.978 0.786 
0.038 0.986 0.099 0.950 0.838 
0.034 0.989 0.051 0.985 0.848 
0.037 0.989 0.081 0.978 0.903 
0.021 0.992 0.075 0.973 0.854 
0.022 0.992 0.065 0.983 0.883 
0.032 0.989 0.083 0.980 0.874 
0.032 0.990 0.104 0.975 0.893 
0.037 0.990 0.052 0.990 0.906 
0.036 0.990 0.083 0.965 0.854 
0.027 0.991 0.068 0.988 0.913 
0.021 0.993 0.093 0.970 0.877 
0.022 0.994 0.062 0.983 0.883 
0.024 0.992 0.090 0.985 0.935 
0.025 0.992 0.043 0.990 0.887 
0.027 0.991 0.099 0.955 0.741 
0.056 0.985 0.065 0.985 0.871 
0.028 0.991 0.092 0.983 0.906 
0.023 0.990 0.061 0.988 0.890 
0.034 0.988 0.064 0.985 0.896 
0.037 0.987 0.095 0.968 0.845 
0.051 0.985 0.106 0.970 0.871 
0.036 0.992 0.128 0.970 0.832 
0.032 0.992 0.057 0.985 0.858 
0.034 0.986 0.080 0.965 0.841 
0.024 0.992 0.067 0.985 0.883 
0.031 0.989 0.076 0.985 0.890 
0.037 0.985 0.074 0.983 0.903 
0.021 0.993 0.041 0.988 0.793 
0.036 0.989 0.113 0.975 0.922 
0.034 0.989 0.142 0.978 0.942 
0.038 0.991 0.135 0.980 0.851 
0.036 0.989 0.111 0.988 0.916 
0.029 0.988 0.111 0.983 0.926 
0.025 0.993 0.163 0.988 0.929 
0.021 0.994 0.133 0.980 0.929 
0.052 0.988 0.108 0.983 0.932 
0.026 0.993 0.041 0.988 0.812 
0.030 0.989 0.128 0.978 0.935 
0.031 0.992 0.118 0.983 0.919 
0.019 0.992 0.058 0.988 0.896 
0.033 0.988 0.096 0.988 0.916 
0.029 0.990 0.113 0.980 0.935 
0.038 0.989 0.052 0.988 0.854 
0.039 0.987 0.124 0.975 0.932 
0.033 0.988 0.075 0.988 0.919 
0.029 0.992 0.104 0.970 0.919 
0.039 0.988 0.084 0.970 0.838 
0.023 0.992 0.059 0.985 0.835 
0.034 0.988 0.087 0.990 0.896 
0.032 0.989 0.088 0.978 0.896 
0.037 0.989 0.087 0.978 0.890 
0.019 0.994 0.072 0.988 0.896 
0.041 0.989 0.083 0.988 0.893 
0.013 0.996 0.135 0.985 0.932 
0.028 0.992 0.107 0.978 0.845 
0.031 0.993 0.118 0.980 0.916 
0.033 0.991 0.127 0.985 0.913 
0.026 0.991 0.079 0.988 0.926 
0.030 0.991 0.084 0.980 0.874 
0.027 0.994 0.075 0.988 0.877 
0.039 0.990 0.074 0.985 0.880 
0.044 0.989 0.095 0.985 0.922 
0.027 0.989 0.086 0.983 0.909 
0.038 0.988 0.071 0.983 0.861 
0.028 0.990 0.129 0.980 0.939 
0.029 0.990 0.086 0.988 0.858 
0.045 0.983 0.128 0.983 0.906 
0.051 0.988 0.089 0.980 0.913 
0.059 0.990 0.050 0.985 0.851 
0.029 0.990 0.075 0.983 0.880 
0.026 0.992 0.049 0.988 0.835 
0.016 0.993 0.063 0.988 0.890 
0.038 0.990 0.078 0.983 0.819 
0.027 0.992 0.063 0.988 0.861 
0.036 0.991 0.065 0.975 0.854 
0.035 0.989 0.082 0.975 0.861 
0.032 0.992 0.067 0.985 0.883 
0.023 0.992 0.062 0.983 0.896 
0.032 0.990 0.073 0.985 0.900 
0.018 0.995 0.177 0.980 0.896 
0.050 0.989 0.049 0.988 0.845 
0.028 0.992 0.103 0.983 0.909 
0.026 0.989 0.069 0.985 0.890 
0.039 0.989 0.049 0.988 0.845 
0.027 0.989 0.063 0.988 0.900 
0.040 0.986 0.073 0.985 0.903 
0.029 0.991 0.151 0.990 0.867 
0.021 0.992 0.152 0.988 0.867 
0.021 0.993 0.156 0.988 0.854 
0.033 0.988 0.214 0.968 0.871 
0.046 0.993 0.096 0.970 0.893 
0.039 0.986 0.089 0.985 0.906 
0.029 0.989 0.069 0.978 0.838 
0.034 0.988 0.073 0.985 0.906 
0.027 0.992 0.063 0.985 0.916 
0.035 0.988 0.063 0.985 0.896 
0.027 0.989 0.104 0.985 0.883 
0.046 0.986 0.060 0.990 0.906 
0.029 0.992 0.077 0.980 0.913 
0.018 0.994 0.116 0.985 0.913 
0.039 0.988 0.106 0.943 0.816 
0.028 0.992 0.084 0.983 0.913 
0.028 0.992 0.112 0.983 0.890 
0.063 0.989 0.086 0.983 0.922 
0.035 0.991 0.070 0.985 0.900 
0.030 0.992 0.059 0.980 0.861 
0.029 0.992 0.092 0.978 0.939 
0.018 0.993 0.053 0.988 0.867 
0.023 0.990 0.127 0.980 0.935 
0.033 0.990 0.067 0.980 0.858 
0.029 0.991 0.057 0.988 0.893 
0.056 0.987 0.100 0.983 0.919 
0.035 0.988 0.108 0.980 0.932 
0.046 0.985 0.076 0.988 0.926 
0.030 0.991 0.073 0.985 0.851 
0.017 0.992 0.111 0.983 0.935 
0.033 0.990 0.094 0.980 0.932 
0.026 0.989 0.072 0.990 0.871 
0.031 0.988 0.122 0.980 0.945 
0.028 0.992 0.078 0.985 0.893 
0.026 0.992 0.093 0.965 0.864 
0.024 0.990 0.054 0.988 0.874 
0.026 0.990 0.111 0.985 0.932 
0.026 0.989 0.066 0.983 0.874 
0.031 0.990 0.077 0.975 0.851 
0.027 0.992 0.106 0.948 0.822 
0.033 0.986 0.072 0.985 0.893 
0.038 0.990 0.063 0.988 0.871 
0.030 0.989 0.079 0.988 0.896 
0.030 0.992 0.076 0.985 0.893 
0.019 0.996 0.123 0.978 0.942 
0.032 0.990 0.112 0.980 0.939 
0.035 0.985 0.081 0.980 0.883 
0.024 0.989 0.075 0.985 0.916 
0.031 0.989 0.117 0.983 0.935 
0.028 0.990 0.053 0.988 0.874 
0.032 0.992 0.078 0.988 0.922 
0.030 0.990 0.139 0.985 0.942 
0.030 0.991 0.076 0.980 0.871 
0.034 0.992 0.093 0.983 0.913 
0.025 0.993 0.093 0.980 0.887 
0.017 0.994 0.033 0.993 0.893 
0.021 0.991 0.108 0.983 0.893 
0.025 0.990 0.078 0.990 0.896 
0.031 0.991 0.050 0.988 0.877 
0.029 0.989 0.081 0.988 0.874 
0.043 0.989 0.052 0.988 0.825 
0.026 0.989 0.050 0.988 0.861 
0.033 0.989 0.143 0.978 0.948 
0.033 0.988 0.108 0.980 0.932 
0.030 0.993 0.059 0.988 0.906 
0.034 0.990 0.041 0.988 0.854 
0.024 0.993 0.082 0.990 0.922 
0.055 0.993 0.266 0.975 0.919 
0.082 0.989 0.078 0.970 0.809 
0.068 0.985 0.079 0.988 0.916 
0.031 0.989 0.059 0.988 0.883 
0.035 0.989 0.074 0.988 0.916 
0.042 0.986 0.049 0.990 0.874 
0.032 0.990 0.060 0.990 0.887 
0.057 0.987 0.042 0.990 0.874 
0.027 0.991 0.070 0.988 0.916 
0.035 0.987 0.087 0.983 0.932 
0.022 0.992 0.137 0.988 0.900 
0.048 0.985 0.051 0.985 0.848 
0.025 0.993 0.059 0.988 0.900 
0.030 0.992 0.061 0.985 0.893 
0.026 0.989 0.110 0.983 0.932 
0.030 0.988 0.117 0.985 0.880 
0.025 0.991 0.099 0.970 0.861 
0.030 0.990 0.154 0.983 0.883 
0.041 0.991 0.139 0.983 0.841 
0.051 0.983 0.095 0.985 0.861 
0.026 0.992 0.231 0.985 0.871 
0.109 0.988 0.084 0.980 0.874 
0.031 0.990 0.072 0.988 0.893 
0.027 0.992 0.076 0.985 0.890 
0.037 0.990 0.066 0.983 0.867 
0.023 0.992 0.090 0.985 0.906 
0.031 0.989 0.078 0.983 0.896 
0.031 0.987 0.057 0.985 0.874 
0.031 0.988 0.069 0.983 0.887 
0.027 0.992 0.085 0.980 0.893 
0.020 0.995 0.081 0.985 0.903 
0.036 0.986 0.133 0.950 0.790 
0.024 0.992 0.087 0.983 0.909 
0.031 0.990 0.127 0.965 0.838 
0.041 0.989 0.062 0.990 0.903 
0.024 0.992 0.142 0.983 0.926 
0.025 0.989 0.200 0.980 0.858 
0.037 0.989 0.211 0.965 0.809 
0.025 0.989 0.192 0.978 0.854 
0.028 0.992 0.084 0.978 0.883 
0.022 0.992 0.204 0.985 0.874 
0.090 0.989 0.090 0.970 0.909 
0.025 0.993 0.204 0.975 0.887 
0.033 0.990 0.089 0.963 0.851 
0.030 0.992 0.133 0.943 0.816 
0.018 0.992 0.080 0.975 0.916 
0.031 0.989 0.092 0.970 0.909 
0.026 0.992 0.136 0.975 0.922 
0.023 0.993 0.185 0.983 0.919 
0.024 0.993 0.101 0.973 0.909 
0.021 0.993 0.303 0.983 0.922 
0.024 0.991 0.225 0.975 0.926 
0.045 0.993 0.064 0.980 0.854 
0.025 0.992 0.199 0.953 0.816 
0.028 0.992 0.123 0.983 0.951 
0.024 0.990 0.131 0.978 0.861 
0.038 0.989 0.070 0.980 0.874 
0.022 0.992 0.102 0.978 0.880 
0.017 0.995 0.073 0.980 0.906 
0.030 0.989 0.073 0.980 0.913 
0.030 0.989 0.077 0.980 0.922 
0.023 0.994 0.090 0.983 0.919 
0.030 0.992 0.092 0.983 0.903 
0.029 0.990 0.073 0.978 0.871 
0.032 0.991 0.065 0.985 0.896 
0.023 0.991 0.097 0.983 0.919 
0.029 0.989 0.079 0.983 0.906 
0.027 0.992 0.084 0.980 0.913 
0.023 0.990 0.102 0.975 0.900 
0.034 0.989 0.092 0.963 0.828 
0.029 0.988 0.072 0.978 0.880 
0.029 0.990 0.058 0.990 0.893 
0.025 0.992 0.075 0.975 0.909 
0.035 0.989 0.075 0.988 0.903 
0.020 0.992 0.075 0.985 0.919 
0.018 0.993 0.074 0.990 0.893 
0.029 0.992 0.097 0.983 0.929 
0.034 0.990 0.085 0.970 0.838 
0.036 0.986 0.120 0.963 0.913 
0.039 0.986 0.076 0.978 0.906 
0.027 0.991 0.104 0.978 0.929 
0.093 0.986 0.114 0.973 0.929 
0.042 0.989 0.079 0.975 0.864 
0.026 0.989 0.223 0.978 0.929 
0.045 0.992 0.065 0.980 0.874 
0.027 0.990 0.939 0.963 0.906 
0.087 0.981 0.075 0.980 0.877 
0.033 0.989 0.096 0.975 0.861 
0.023 0.993 0.120 0.973 0.919 
0.029 0.989 0.100 0.965 0.887 
0.032 0.990 0.141 0.965 0.909 
0.037 0.988 0.095 0.965 0.854 
0.031 0.993 0.089 0.978 0.893 
0.059 0.988 0.104 0.960 0.874 
0.027 0.990 0.107 0.965 0.864 
0.039 0.988 0.100 0.980 0.926 
0.029 0.990 0.131 0.953 0.877 
0.034 0.991 0.095 0.973 0.903 
0.026 0.992 0.108 0.970 0.929 
0.021 0.992 0.069 0.988 0.919 
0.032 0.991 0.053 0.985 0.871 
0.036 0.989 0.087 0.975 0.913 
0.029 0.992 0.073 0.978 0.893 
0.039 0.988 0.080 0.985 0.942 
0.016 0.992 0.076 0.980 0.893 
0.016 0.993 0.125 0.983 0.906 
0.040 0.989 0.069 0.980 0.883 
0.035 0.986 0.118 0.953 0.764 
0.033 0.989 0.095 0.968 0.890 
0.029 0.990 0.079 0.975 0.871 
0.031 0.992 0.071 0.970 0.845 
0.029 0.989 0.069 0.983 0.883 
0.034 0.992 0.108 0.983 0.942 
0.028 0.989 0.069 0.988 0.900 
0.031 0.992 0.079 0.975 0.887 
0.038 0.992 0.067 0.988 0.887 
0.032 0.989 0.075 0.973 0.887 
0.019 0.992 0.100 0.970 0.877 
0.037 0.989 0.134 0.955 0.893 
0.040 0.988 0.089 0.965 0.819 
0.029 0.990 0.083 0.975 0.854 
0.034 0.988 0.080 0.973 0.867 
0.022 0.992 0.121 0.973 0.906 
0.026 0.993 0.077 0.978 0.864 
0.037 0.988 0.091 0.968 0.896 
0.032 0.990 0.093 0.975 0.887 
0.024 0.991 0.077 0.988 0.919 
0.020 0.991 0.056 0.985 0.858 
0.033 0.988 0.052 0.990 0.893 
0.038 0.990 0.055 0.990 0.893 
0.013 0.995 0.103 0.968 0.883 
0.032 0.990 0.090 0.973 0.848 
0.030 0.990 0.081 0.980 0.916 
0.024 0.992 0.101 0.978 0.932 
0.050 0.991 0.084 0.965 0.861 
0.041 0.985 0.069 0.985 0.864 
0.033 0.989 0.067 0.988 0.906 
0.028 0.993 0.087 0.973 0.864 
0.027 0.992 0.069 0.985 0.913 
0.049 0.985 0.086 0.968 0.854 
0.030 0.990 0.131 0.978 0.942 
0.028 0.993 0.088 0.970 0.835 
0.010 0.998 0.067 0.988 0.906 
0.028 0.992 0.050 0.993 0.858 
0.025 0.994 0.038 0.990 0.841 
0.044 0.985 0.051 0.985 0.841 
0.025 0.991 0.054 0.988 0.838 
0.032 0.990 0.043 0.988 0.841 
0.031 0.990 0.066 0.988 0.877 
0.025 0.991 0.057 0.990 0.893 
0.031 0.989 0.089 0.975 0.871 
0.025 0.993 0.072 0.985 0.900 
0.024 0.994 0.079 0.983 0.913 
0.025 0.992 0.111 0.980 0.916 
0.036 0.988 0.072 0.983 0.845 
0.028 0.990 0.081 0.983 0.871 
0.026 0.992 0.062 0.985 0.887 
0.031 0.990 0.067 0.983 0.880 
0.032 0.987 0.067 0.988 0.874 
0.032 0.992 0.082 0.980 0.913 
0.031 0.988 0.061 0.985 0.851 
0.034 0.992 0.056 0.985 0.845 
0.033 0.992 0.091 0.985 0.916 
0.031 0.989 0.090 0.983 0.861 
0.030 0.990 0.080 0.983 0.883 
0.031 0.990 0.079 0.980 0.845 
0.042 0.989 0.093 0.980 0.909 
0.028 0.992 0.111 0.985 0.922 
0.023 0.993 0.144 0.985 0.945 
0.038 0.989 0.117 0.978 0.922 
0.025 0.991 0.099 0.980 0.903 
0.040 0.989 0.076 0.985 0.896 
0.033 0.990 0.102 0.973 0.916 
0.020 0.993 0.083 0.985 0.916 
0.023 0.993 0.062 0.988 0.883 
0.027 0.992 0.115 0.985 0.939 
0.020 0.993 0.087 0.968 0.854 
0.038 0.986 0.072 0.983 0.900 
0.027 0.992 0.082 0.988 0.919 
0.023 0.993 0.045 0.993 0.883 
0.016 0.993 0.106 0.985 0.922 
0.024 0.992 0.071 0.985 0.903 
0.024 0.991 0.086 0.983 0.893 
0.042 0.992 0.049 0.990 0.851 
0.032 0.993 0.259 0.985 0.893 
0.059 0.989 0.076 0.985 0.906 
0.027 0.992 0.085 0.975 0.877 
0.038 0.989 0.297 0.983 0.916 
0.066 0.989 0.118 0.978 0.926 
0.037 0.990 0.100 0.985 0.922 
0.035 0.989 0.073 0.983 0.887 
0.021 0.993 0.102 0.980 0.909 
0.016 0.993 0.129 0.980 0.896 
0.016 0.995 0.091 0.985 0.903 
0.025 0.993 0.140 0.945 0.780 
0.029 0.990 0.080 0.980 0.896 
0.030 0.991 0.089 0.983 0.900 
0.023 0.994 0.115 0.968 0.890 
0.022 0.992 0.129 0.985 0.929 
0.031 0.992 0.107 0.975 0.896 
0.035 0.990 0.097 0.983 0.906 
0.034 0.989 0.092 0.973 0.913 
0.026 0.991 0.064 0.988 0.903 
0.037 0.990 0.067 0.983 0.896 
0.026 0.990 0.055 0.988 0.861 
0.022 0.990 0.068 0.988 0.890 
0.032 0.990 0.074 0.988 0.922 
0.025 0.993 0.113 0.960 0.877 
0.023 0.992 0.055 0.983 0.877 
0.020 0.993 0.060 0.988 0.887 
0.023 0.991 0.075 0.983 0.913 
0.039 0.992 0.111 0.985 0.939 
0.034 0.986 0.062 0.985 0.883 
