0.321 0.875 0.174 0.940 1.000 
0.177 0.935 0.151 0.975 1.000 
0.156 0.947 0.176 0.940 1.000 
0.121 0.962 0.118 0.973 1.000 
0.102 0.969 0.141 0.948 1.000 
0.108 0.966 0.114 0.958 0.997 
0.100 0.968 0.087 0.983 1.000 
0.128 0.956 0.113 0.958 1.000 
0.105 0.966 0.095 0.973 0.453 
0.087 0.966 0.083 0.983 1.000 
0.073 0.976 0.093 0.965 1.000 
0.075 0.973 0.085 0.980 1.000 
0.077 0.974 0.091 0.965 1.000 
0.082 0.977 0.116 0.965 0.994 
0.061 0.982 0.098 0.965 0.919 
0.060 0.985 0.080 0.985 0.972 
0.080 0.976 0.117 0.950 0.997 
0.081 0.974 0.072 0.983 1.000 
0.059 0.983 0.110 0.955 1.000 
0.057 0.982 0.180 0.940 1.000 
0.068 0.979 0.112 0.955 1.000 
0.062 0.981 0.082 0.978 1.000 
0.059 0.982 0.097 0.970 0.991 
0.057 0.980 0.068 0.983 0.884 
0.063 0.983 0.113 0.963 0.569 
0.058 0.985 0.088 0.978 0.975 
0.057 0.986 0.102 0.960 0.641 
0.060 0.984 0.080 0.978 0.938 
0.045 0.986 0.067 0.985 0.997 
0.061 0.984 0.092 0.968 0.984 
0.054 0.985 0.108 0.955 1.000 
0.054 0.983 0.070 0.980 0.866 
0.047 0.988 0.090 0.970 0.456 
0.044 0.990 0.078 0.978 1.000 
0.048 0.986 0.106 0.958 1.000 
0.055 0.986 0.093 0.965 1.000 
0.040 0.990 0.078 0.985 1.000 
0.044 0.986 0.075 0.975 1.000 
0.051 0.984 0.076 0.985 1.000 
0.045 0.988 0.075 0.973 0.906 
0.040 0.989 0.100 0.963 0.969 
0.050 0.986 0.133 0.955 0.900 
0.038 0.988 0.068 0.983 1.000 
0.048 0.984 0.092 0.968 1.000 
0.046 0.990 0.086 0.970 1.000 
0.041 0.988 0.083 0.978 0.991 
0.043 0.990 0.090 0.970 0.903 
0.056 0.987 0.108 0.960 1.000 
0.035 0.991 0.063 0.983 1.000 
0.043 0.988 0.088 0.965 0.981 
0.047 0.983 0.101 0.965 1.000 
0.048 0.989 0.129 0.943 1.000 
0.045 0.985 0.080 0.973 1.000 
0.051 0.988 0.085 0.968 0.841 
0.040 0.990 0.104 0.965 1.000 
0.030 0.994 0.090 0.978 1.000 
0.044 0.990 0.099 0.965 1.000 
0.046 0.988 0.093 0.970 1.000 
0.052 0.984 0.088 0.968 1.000 
0.042 0.991 0.070 0.980 0.881 
0.040 0.991 0.078 0.983 1.000 
0.043 0.990 0.088 0.970 0.869 
0.044 0.984 0.107 0.960 0.994 
0.031 0.992 0.085 0.973 1.000 
0.032 0.991 0.071 0.980 1.000 
0.039 0.990 0.091 0.968 0.950 
0.048 0.986 0.069 0.978 1.000 
0.033 0.992 0.086 0.970 0.994 
0.055 0.983 0.076 0.978 0.991 
0.043 0.988 0.068 0.978 1.000 
0.034 0.991 0.109 0.960 1.000 
0.035 0.990 0.133 0.943 0.928 
0.039 0.988 0.074 0.973 0.997 
0.034 0.991 0.082 0.973 0.991 
0.043 0.988 0.080 0.973 0.953 
0.035 0.989 0.074 0.975 0.947 
0.038 0.989 0.072 0.980 1.000 
0.032 0.993 0.101 0.970 0.991 
0.033 0.992 0.065 0.980 1.000 
0.035 0.990 0.071 0.980 0.825 
0.032 0.991 0.076 0.973 0.753 
0.038 0.990 0.118 0.958 0.994 
0.032 0.994 0.098 0.968 1.000 
0.034 0.993 0.071 0.985 0.994 
0.035 0.992 0.123 0.945 0.978 
0.029 0.992 0.082 0.970 1.000 
0.032 0.993 0.077 0.975 0.997 
0.029 0.994 0.095 0.970 0.984 
0.041 0.988 0.068 0.983 0.887 
0.027 0.994 0.071 0.980 0.844 
0.028 0.993 0.113 0.953 1.000 
0.041 0.988 0.087 0.970 0.997 
0.031 0.993 0.076 0.980 0.997 
0.032 0.992 0.062 0.980 1.000 
0.036 0.992 0.070 0.975 0.997 
0.035 0.991 0.062 0.978 1.000 
0.043 0.989 0.094 0.965 0.984 
0.037 0.991 0.072 0.978 0.991 
0.032 0.993 0.067 0.980 0.997 
0.036 0.991 0.073 0.978 0.994 
0.026 0.993 0.054 0.985 1.000 
0.038 0.991 0.074 0.980 0.997 
0.032 0.991 0.095 0.963 0.988 
0.035 0.990 0.068 0.980 1.000 
0.034 0.991 0.064 0.983 0.991 
0.033 0.992 0.132 0.948 0.625 
0.032 0.993 0.063 0.985 1.000 
0.034 0.990 0.097 0.968 1.000 
0.031 0.991 0.082 0.970 0.978 
0.030 0.992 0.080 0.970 0.844 
0.029 0.993 0.087 0.973 0.797 
0.035 0.990 0.071 0.985 0.997 
0.044 0.990 0.076 0.973 0.609 
0.026 0.992 0.072 0.980 0.772 
0.027 0.995 0.126 0.960 0.922 
0.034 0.992 0.066 0.985 0.762 
0.027 0.994 0.070 0.975 0.931 
0.034 0.993 0.128 0.955 0.991 
0.033 0.992 0.074 0.970 0.991 
0.027 0.992 0.099 0.970 1.000 
0.031 0.991 0.102 0.965 1.000 
0.031 0.990 0.100 0.970 1.000 
0.027 0.991 0.078 0.973 0.984 
0.042 0.992 0.118 0.973 0.544 
0.035 0.993 0.065 0.978 1.000 
0.032 0.992 0.072 0.973 1.000 
0.038 0.992 0.115 0.948 1.000 
0.026 0.992 0.071 0.975 0.931 
0.039 0.992 0.093 0.963 1.000 
0.028 0.993 0.074 0.973 0.931 
0.036 0.991 0.078 0.975 0.988 
0.030 0.992 0.086 0.965 0.994 
0.030 0.993 0.074 0.978 0.984 
0.030 0.991 0.096 0.963 0.928 
0.034 0.993 0.074 0.975 0.934 
0.025 0.995 0.067 0.980 0.703 
0.030 0.993 0.089 0.965 1.000 
0.039 0.990 0.109 0.963 0.991 
0.050 0.989 0.058 0.988 0.997 
0.029 0.992 0.054 0.985 1.000 
0.028 0.994 0.070 0.980 0.925 
0.035 0.991 0.064 0.980 1.000 
0.030 0.993 0.079 0.973 1.000 
0.030 0.993 0.114 0.960 0.997 
0.033 0.992 0.083 0.965 1.000 
0.030 0.991 0.073 0.978 0.931 
0.029 0.993 0.084 0.970 1.000 
0.028 0.992 0.076 0.970 1.000 
0.028 0.994 0.086 0.970 1.000 
0.036 0.993 0.060 0.983 0.997 
0.028 0.992 0.097 0.970 0.997 
0.047 0.986 0.080 0.973 1.000 
0.032 0.991 0.072 0.973 1.000 
0.023 0.995 0.093 0.970 1.000 
0.027 0.994 0.058 0.988 1.000 
0.027 0.993 0.079 0.970 0.997 
0.032 0.991 0.104 0.960 1.000 
0.026 0.994 0.063 0.985 1.000 
0.027 0.994 0.059 0.985 1.000 
0.022 0.993 0.061 0.983 0.997 
0.032 0.990 0.073 0.978 1.000 
0.026 0.996 0.101 0.965 0.938 
0.026 0.993 0.128 0.958 0.997 
0.030 0.993 0.139 0.938 0.916 
0.036 0.992 0.067 0.978 1.000 
0.028 0.993 0.083 0.970 0.972 
0.030 0.991 0.060 0.975 0.934 
0.029 0.991 0.057 0.975 0.425 
0.035 0.992 0.087 0.973 0.078 
0.031 0.992 0.063 0.973 1.000 
0.028 0.994 0.062 0.973 1.000 
0.036 0.993 0.074 0.978 1.000 
0.032 0.991 0.139 0.943 0.997 
0.022 0.995 0.134 0.948 1.000 
0.025 0.995 0.051 0.983 0.984 
0.023 0.996 0.058 0.983 0.997 
0.033 0.991 0.194 0.943 1.000 
0.029 0.993 0.074 0.978 1.000 
0.029 0.994 0.091 0.968 1.000 
0.029 0.995 0.171 0.932 1.000 
0.034 0.992 0.073 0.975 1.000 
0.035 0.990 0.067 0.978 0.797 
0.026 0.993 0.113 0.958 0.991 
0.028 0.993 0.085 0.968 0.997 
0.031 0.993 0.065 0.978 0.975 
0.021 0.994 0.070 0.980 1.000 
0.028 0.992 0.051 0.988 0.844 
0.026 0.994 0.093 0.968 0.978 
0.034 0.989 0.107 0.960 1.000 
0.031 0.992 0.079 0.970 1.000 
0.027 0.994 0.071 0.980 0.969 
0.038 0.990 0.075 0.970 0.997 
0.021 0.995 0.094 0.968 0.984 
0.032 0.991 0.081 0.968 0.981 
0.023 0.993 0.075 0.980 1.000 
0.034 0.994 0.063 0.978 1.000 
0.028 0.993 0.139 0.950 1.000 
0.037 0.992 0.216 0.943 0.878 
0.040 0.991 0.110 0.970 1.000 
0.036 0.993 0.084 0.973 1.000 
0.021 0.994 0.140 0.953 0.997 
0.024 0.994 0.057 0.980 1.000 
0.026 0.993 0.086 0.970 1.000 
0.026 0.991 0.085 0.968 1.000 
0.025 0.994 0.051 0.985 0.997 
0.032 0.994 0.101 0.968 0.997 
0.034 0.992 0.089 0.968 0.994 
0.034 0.990 0.051 0.988 1.000 
0.025 0.994 0.095 0.970 0.984 
0.034 0.992 0.114 0.943 0.041 
0.030 0.993 0.086 0.970 0.991 
0.031 0.993 0.130 0.948 0.997 
0.032 0.992 0.069 0.978 0.997 
0.026 0.994 0.072 0.978 0.997 
0.019 0.996 0.075 0.978 0.906 
0.028 0.993 0.072 0.978 0.963 
0.028 0.991 0.166 0.927 0.984 
0.031 0.993 0.055 0.985 1.000 
0.021 0.993 0.079 0.973 0.988 
0.028 0.994 0.067 0.983 0.991 
0.025 0.993 0.045 0.988 0.981 
0.028 0.994 0.087 0.970 1.000 
0.035 0.992 0.097 0.955 1.000 
0.026 0.994 0.124 0.948 0.994 
0.025 0.994 0.130 0.953 0.997 
0.028 0.992 0.100 0.968 0.947 
0.023 0.994 0.088 0.968 0.853 
0.027 0.992 0.078 0.978 0.938 
0.022 0.995 0.073 0.985 0.988 
0.025 0.992 0.050 0.985 0.853 
0.026 0.994 0.056 0.985 0.956 
0.042 0.990 0.064 0.980 0.734 
0.030 0.992 0.048 0.985 0.950 
0.021 0.997 0.051 0.985 0.903 
0.035 0.992 0.061 0.985 0.453 
0.027 0.995 0.053 0.985 0.934 
0.032 0.992 0.054 0.985 0.697 
0.028 0.992 0.067 0.978 0.984 
0.020 0.995 0.085 0.965 0.969 
0.020 0.994 0.054 0.988 0.875 
0.025 0.994 0.061 0.980 1.000 
0.027 0.994 0.047 0.985 0.997 
0.022 0.994 0.063 0.978 0.988 
0.025 0.994 0.091 0.963 1.000 
0.024 0.991 0.047 0.983 0.984 
0.026 0.992 0.053 0.983 0.916 
0.027 0.993 0.062 0.978 0.941 
0.027 0.992 0.058 0.985 0.991 
0.020 0.996 0.056 0.985 0.859 
0.023 0.995 0.091 0.963 1.000 
0.041 0.991 0.077 0.973 0.956 
0.032 0.991 0.081 0.970 0.975 
0.027 0.994 0.153 0.940 0.991 
0.041 0.992 0.054 0.985 0.997 
0.023 0.996 0.062 0.983 0.991 
0.021 0.995 0.087 0.970 0.988 
0.019 0.996 0.081 0.975 0.691 
0.025 0.994 0.089 0.963 0.984 
0.020 0.996 0.137 0.960 0.978 
0.025 0.993 0.044 0.985 0.984 
0.024 0.994 0.050 0.988 1.000 
0.025 0.994 0.093 0.978 0.984 
0.029 0.992 0.072 0.983 0.941 
0.021 0.996 0.077 0.975 0.994 
0.027 0.991 0.054 0.985 0.450 
0.026 0.992 0.051 0.983 0.734 
0.024 0.992 0.053 0.985 0.997 
0.023 0.992 0.043 0.985 1.000 
0.026 0.995 0.052 0.988 0.966 
0.028 0.994 0.049 0.985 0.988 
0.024 0.994 0.086 0.965 0.984 
0.022 0.994 0.084 0.973 0.981 
0.026 0.993 0.059 0.980 1.000 
0.031 0.991 0.178 0.927 0.975 
0.022 0.994 0.062 0.980 0.988 
0.023 0.994 0.071 0.968 1.000 
0.034 0.989 0.066 0.973 0.991 
0.034 0.993 0.071 0.968 0.834 
0.016 0.997 0.049 0.985 0.916 
0.022 0.994 0.083 0.975 0.953 
0.036 0.992 0.119 0.980 0.572 
0.043 0.993 0.069 0.988 0.969 
0.029 0.993 0.081 0.975 0.994 
0.025 0.993 0.091 0.970 0.988 
0.025 0.993 0.060 0.983 0.956 
0.022 0.995 0.043 0.985 0.912 
0.022 0.996 0.063 0.983 0.978 
0.027 0.993 0.063 0.985 0.972 
0.033 0.992 0.058 0.985 0.984 
0.032 0.992 0.094 0.963 0.959 
0.027 0.993 0.051 0.985 0.978 
0.025 0.994 0.049 0.985 0.975 
0.025 0.994 0.061 0.983 0.528 
0.033 0.992 0.050 0.985 0.916 
0.028 0.992 0.049 0.983 0.816 
0.021 0.993 0.068 0.978 0.978 
0.019 0.995 0.055 0.985 0.869 
0.020 0.996 0.061 0.983 0.859 
0.022 0.996 0.089 0.985 0.966 
0.027 0.994 0.114 0.945 0.966 
0.019 0.996 0.084 0.968 0.941 
0.033 0.991 0.117 0.955 0.850 
0.017 0.995 0.062 0.983 0.991 
0.025 0.993 0.066 0.985 0.978 
0.026 0.992 0.108 0.958 1.000 
0.028 0.993 0.097 0.975 0.978 
0.032 0.995 0.082 0.975 0.978 
0.024 0.994 0.070 0.978 0.981 
0.027 0.993 0.062 0.980 0.984 
0.026 0.994 0.158 0.940 0.456 
0.024 0.996 0.146 0.953 0.984 
0.024 0.995 0.062 0.985 0.978 
0.023 0.992 0.085 0.970 0.978 
0.024 0.994 0.122 0.960 1.000 
0.021 0.994 0.067 0.985 0.981 
0.028 0.994 0.105 0.958 0.972 
0.021 0.995 0.055 0.985 1.000 
0.015 0.997 0.092 0.970 0.991 
0.025 0.993 0.061 0.980 0.997 
0.023 0.993 0.099 0.960 0.972 
0.034 0.992 0.068 0.983 1.000 
0.020 0.996 0.066 0.980 1.000 
0.022 0.993 0.101 0.963 0.991 
0.022 0.995 0.060 0.980 0.997 
0.040 0.990 0.078 0.973 0.972 
0.028 0.993 0.074 0.975 0.919 
0.024 0.995 0.053 0.985 0.984 
0.027 0.995 0.104 0.958 0.778 
0.028 0.992 0.061 0.983 0.997 
0.024 0.992 0.053 0.988 0.981 
0.020 0.995 0.042 0.988 0.972 
0.031 0.995 0.048 0.988 1.000 
0.023 0.995 0.097 0.970 0.984 
0.020 0.995 0.081 0.968 0.997 
0.021 0.995 0.111 0.960 0.994 
0.019 0.995 0.089 0.985 1.000 
0.033 0.994 0.068 0.973 0.991 
0.019 0.994 0.048 0.988 1.000 
0.034 0.993 0.069 0.983 1.000 
0.026 0.992 0.077 0.973 1.000 
0.065 0.992 0.113 0.970 0.925 
0.023 0.993 0.066 0.978 0.906 
0.026 0.992 0.123 0.960 0.997 
0.019 0.994 0.063 0.978 1.000 
0.023 0.993 0.094 0.965 0.984 
0.014 0.996 0.092 0.970 1.000 
0.014 0.996 0.113 0.960 0.984 
0.026 0.994 0.119 0.960 0.966 
0.017 0.996 0.189 0.930 0.975 
0.024 0.993 0.065 0.980 1.000 
0.033 0.992 0.100 0.970 0.972 
0.125 0.990 0.106 0.963 0.972 
0.019 0.994 0.075 0.975 0.991 
0.020 0.995 0.081 0.973 0.384 
0.023 0.993 0.076 0.970 0.988 
0.040 0.991 0.132 0.945 0.975 
0.021 0.993 0.115 0.953 0.969 
0.018 0.994 0.065 0.980 0.988 
0.021 0.995 0.069 0.975 0.994 
0.016 0.995 0.053 0.988 1.000 
0.028 0.994 0.102 0.963 0.988 
0.021 0.994 0.085 0.965 0.997 
0.022 0.992 0.058 0.985 0.997 
0.028 0.991 0.048 0.988 0.113 
0.020 0.994 0.097 0.965 0.981 
0.021 0.994 0.081 0.970 0.953 
0.031 0.991 0.165 0.953 0.988 
0.030 0.993 0.087 0.970 0.787 
0.028 0.993 0.153 0.940 0.959 
0.023 0.995 0.051 0.983 0.509 
0.019 0.994 0.058 0.983 0.978 
0.020 0.994 0.042 0.988 1.000 
0.028 0.992 0.072 0.978 0.850 
0.024 0.993 0.088 0.970 0.978 
0.024 0.995 0.109 0.963 0.959 
0.020 0.993 0.070 0.983 0.984 
0.015 0.997 0.078 0.973 0.978 
0.015 0.996 0.145 0.960 0.984 
0.020 0.994 0.097 0.970 0.869 
0.035 0.990 0.093 0.970 0.947 
0.017 0.996 0.142 0.953 0.934 
0.023 0.994 0.167 0.943 0.934 
0.028 0.994 0.062 0.983 0.984 
0.025 0.994 0.047 0.985 0.991 
0.025 0.994 0.058 0.983 0.984 
0.024 0.994 0.088 0.973 0.969 
0.036 0.991 0.060 0.978 0.991 
0.020 0.995 0.060 0.975 0.981 
0.017 0.996 0.119 0.963 0.988 
0.026 0.996 0.085 0.968 0.997 
0.021 0.995 0.215 0.927 0.884 
0.023 0.994 0.061 0.980 0.997 
0.022 0.995 0.067 0.980 0.997 
0.025 0.997 0.226 0.930 0.991 
0.025 0.994 0.078 0.973 0.997 
0.024 0.994 0.071 0.973 1.000 
0.026 0.995 0.082 0.973 0.991 
0.031 0.993 0.095 0.970 1.000 
0.029 0.992 0.138 0.940 1.000 
0.021 0.995 0.069 0.980 0.988 
0.036 0.995 0.057 0.988 0.997 
0.020 0.994 0.155 0.950 0.975 
0.025 0.995 0.087 0.970 0.984 
0.026 0.994 0.059 0.985 1.000 
0.016 0.995 0.237 0.980 1.000 
0.045 0.993 0.214 0.932 0.822 
0.048 0.990 0.061 0.985 1.000 
0.025 0.993 0.127 0.953 0.994 
0.024 0.994 0.112 0.963 0.991 
0.024 0.993 0.103 0.960 0.984 
0.025 0.992 0.058 0.985 0.659 
0.027 0.992 0.125 0.960 0.912 
0.043 0.994 0.063 0.988 0.834 
0.015 0.997 0.060 0.985 0.984 
0.023 0.994 0.061 0.983 0.991 
0.026 0.994 0.104 0.965 0.738 
0.036 0.989 0.078 0.978 0.975 
0.026 0.993 0.130 0.958 0.991 
0.028 0.996 0.077 0.985 1.000 
0.025 0.995 0.095 0.965 0.997 
0.014 0.997 0.197 0.930 1.000 
0.016 0.996 0.113 0.963 0.978 
0.028 0.993 0.118 0.958 0.981 
0.027 0.994 0.081 0.975 0.938 
0.019 0.995 0.082 0.980 1.000 
0.036 0.990 0.097 0.963 0.991 
0.020 0.993 0.087 0.970 0.984 
0.020 0.995 0.166 0.943 0.844 
0.029 0.993 0.106 0.965 0.981 
0.029 0.993 0.086 0.973 0.975 
0.024 0.992 0.188 0.932 0.753 
0.027 0.994 0.068 0.983 0.997 
0.018 0.996 0.052 0.988 1.000 
0.024 0.994 0.070 0.985 0.978 
0.028 0.993 0.139 0.958 0.956 
0.024 0.992 0.241 0.925 0.634 
0.023 0.994 0.075 0.983 0.991 
0.044 0.991 0.136 0.955 1.000 
0.022 0.992 0.084 0.975 0.966 
0.029 0.992 0.066 0.980 1.000 
0.027 0.997 0.127 0.965 1.000 
0.031 0.992 0.137 0.945 0.988 
0.025 0.993 0.141 0.958 1.000 
0.028 0.993 0.089 0.970 0.997 
0.029 0.994 0.128 0.963 0.997 
0.027 0.992 0.080 0.978 0.941 
0.021 0.994 0.095 0.970 0.991 
0.022 0.996 0.161 0.943 0.988 
0.027 0.992 0.153 0.935 0.787 
0.021 0.993 0.067 0.985 0.838 
0.026 0.992 0.139 0.948 0.981 
0.016 0.997 0.102 0.965 0.887 
0.016 0.995 0.104 0.970 0.912 
0.023 0.995 0.163 0.948 0.966 
0.030 0.990 0.103 0.963 0.822 
0.022 0.993 0.061 0.980 0.991 
0.032 0.992 0.081 0.973 0.472 
0.023 0.993 0.132 0.960 0.928 
0.040 0.992 0.080 0.970 0.212 
0.030 0.992 0.128 0.953 0.747 
0.019 0.995 0.080 0.983 0.697 
0.024 0.995 0.168 0.940 0.975 
0.030 0.992 0.066 0.983 0.881 
0.022 0.994 0.089 0.970 0.966 
0.016 0.997 0.067 0.980 0.966 
0.024 0.989 0.161 0.945 0.969 
0.018 0.994 0.277 0.925 0.981 
0.017 0.995 0.089 0.975 0.988 
0.035 0.991 0.040 0.985 0.756 
0.056 0.992 0.085 0.970 0.997 
0.015 0.996 0.080 0.975 1.000 
0.020 0.995 0.061 0.983 0.991 
0.036 0.992 0.057 0.985 0.984 
0.022 0.993 0.058 0.983 0.997 
0.023 0.994 0.116 0.965 0.881 
0.013 0.996 0.086 0.980 0.966 
0.037 0.994 0.104 0.965 0.984 
0.024 0.993 0.086 0.975 0.994 
0.019 0.996 0.075 0.983 0.891 
0.022 0.995 0.096 0.978 0.872 
0.029 0.994 0.054 0.985 0.938 
0.023 0.994 0.107 0.968 0.981 
0.033 0.994 0.126 0.963 0.997 
0.017 0.995 0.043 0.988 0.994 
0.030 0.991 0.060 0.988 0.975 
0.023 0.993 0.063 0.985 0.931 
0.023 0.996 0.111 0.965 0.884 
0.021 0.994 0.106 0.968 0.619 
0.019 0.996 0.071 0.983 0.997 
0.023 0.992 0.120 0.955 0.634 
0.025 0.994 0.142 0.948 0.291 
0.025 0.993 0.168 0.940 0.747 
0.023 0.994 0.142 0.945 0.781 
0.023 0.993 0.149 0.938 0.141 
0.018 0.996 0.162 0.932 0.959 
0.021 0.995 0.090 0.975 0.669 
0.037 0.993 0.163 0.948 0.969 
0.021 0.995 0.073 0.983 0.781 
0.021 0.995 0.101 0.960 0.759 
0.018 0.995 0.119 0.960 0.759 
0.026 0.994 0.074 0.973 0.897 
0.021 0.995 0.107 0.963 0.591 
0.020 0.996 0.108 0.965 0.941 
0.020 0.994 0.184 0.935 0.969 
0.021 0.994 0.143 0.943 0.287 
0.022 0.993 0.094 0.970 0.922 
0.038 0.995 0.112 0.963 0.931 
0.031 0.992 0.133 0.958 0.897 
0.017 0.995 0.111 0.968 0.853 
0.021 0.994 0.133 0.963 0.953 
0.019 0.994 0.135 0.963 0.988 
0.017 0.994 0.243 0.927 0.919 
0.025 0.994 0.110 0.960 0.919 
0.024 0.993 0.166 0.938 0.825 
0.014 0.995 0.257 0.927 1.000 
0.066 0.994 0.124 0.963 1.000 
0.022 0.991 0.124 0.963 1.000 
0.046 0.992 0.244 0.927 0.984 
0.026 0.992 0.117 0.963 1.000 
0.018 0.995 0.145 0.950 1.000 
0.016 0.995 0.202 0.927 1.000 
0.022 0.995 0.127 0.963 1.000 
0.018 0.994 0.092 0.970 1.000 
0.019 0.996 0.111 0.965 0.781 
0.010 0.998 0.254 0.938 0.991 
0.021 0.995 0.065 0.983 0.681 
0.048 0.994 0.197 0.940 1.000 
0.025 0.993 0.209 0.932 1.000 
0.014 0.996 0.149 0.958 1.000 
0.020 0.994 0.065 0.983 1.000 
0.019 0.996 0.138 0.948 1.000 
0.019 0.995 0.201 0.935 1.000 
0.027 0.991 0.133 0.953 1.000 
0.021 0.995 0.176 0.940 1.000 
0.017 0.997 0.060 0.985 0.997 
0.037 0.993 0.240 0.930 1.000 
0.021 0.994 0.121 0.963 1.000 
0.026 0.994 0.119 0.965 1.000 
0.015 0.996 0.212 0.950 1.000 
0.024 0.996 0.119 0.965 1.000 
0.025 0.994 0.166 0.943 1.000 
0.021 0.995 0.295 0.920 1.000 
0.020 0.994 0.079 0.978 1.000 
0.014 0.995 0.087 0.975 1.000 
0.041 0.991 0.137 0.950 1.000 
0.025 0.991 0.122 0.963 1.000 
0.020 0.993 0.057 0.985 1.000 
0.021 0.994 0.199 0.932 1.000 
0.019 0.995 0.113 0.963 1.000 
0.028 0.991 0.150 0.950 1.000 
0.016 0.996 0.092 0.973 1.000 
0.027 0.994 0.062 0.985 1.000 
0.026 0.994 0.076 0.975 1.000 
0.032 0.991 0.187 0.938 1.000 
0.023 0.993 0.122 0.965 1.000 
0.015 0.997 0.151 0.963 1.000 
0.020 0.995 0.109 0.973 1.000 
0.020 0.993 0.132 0.960 1.000 
0.022 0.995 0.099 0.975 1.000 
0.019 0.995 0.279 0.927 0.950 
0.018 0.996 0.074 0.980 0.997 
0.021 0.995 0.096 0.975 0.997 
0.027 0.995 0.059 0.985 1.000 
0.027 0.994 0.088 0.978 0.994 
0.017 0.996 0.131 0.958 0.997 
0.024 0.994 0.122 0.970 0.959 
0.029 0.996 0.154 0.945 0.956 
0.032 0.991 0.117 0.963 1.000 
0.018 0.995 0.084 0.980 0.956 
0.022 0.995 0.160 0.948 0.963 
0.019 0.994 0.063 0.985 0.997 
0.018 0.996 0.144 0.950 0.994 
0.027 0.991 0.146 0.948 0.919 
0.025 0.995 0.083 0.978 0.984 
0.016 0.996 0.108 0.968 0.994 
0.019 0.995 0.060 0.983 0.984 
0.020 0.995 0.123 0.958 0.984 
0.031 0.992 0.058 0.983 0.975 
0.024 0.993 0.127 0.953 1.000 
0.023 0.995 0.199 0.927 0.984 
0.012 0.997 0.077 0.983 0.991 
0.026 0.994 0.086 0.975 1.000 
0.024 0.994 0.191 0.932 0.994 
0.028 0.995 0.082 0.980 0.988 
0.024 0.994 0.103 0.965 1.000 
0.018 0.997 0.112 0.955 0.984 
0.041 0.993 0.137 0.945 0.997 
0.020 0.996 0.101 0.965 1.000 
0.020 0.996 0.239 0.930 0.978 
0.023 0.993 0.113 0.968 1.000 
0.023 0.996 0.106 0.973 1.000 
0.029 0.993 0.113 0.960 1.000 
0.015 0.997 0.149 0.950 0.994 
0.013 0.997 0.116 0.963 0.984 
0.019 0.995 0.063 0.985 1.000 
0.026 0.994 0.083 0.970 1.000 
0.025 0.994 0.088 0.975 0.994 
0.025 0.994 0.118 0.965 0.984 
0.017 0.997 0.197 0.938 0.997 
0.020 0.994 0.055 0.983 0.959 
0.021 0.996 0.073 0.978 1.000 
0.019 0.995 0.193 0.932 1.000 
0.023 0.994 0.054 0.983 1.000 
0.014 0.996 0.052 0.985 1.000 
0.021 0.993 0.087 0.970 1.000 
0.015 0.996 0.162 0.953 1.000 
0.017 0.995 0.226 0.932 0.997 
0.026 0.994 0.072 0.975 1.000 
0.017 0.994 0.115 0.968 1.000 
0.018 0.995 0.164 0.958 1.000 
0.035 0.991 0.224 0.925 1.000 
0.022 0.994 0.074 0.975 1.000 
0.018 0.994 0.112 0.965 1.000 
0.018 0.993 0.215 0.930 0.959 
0.023 0.994 0.063 0.980 1.000 
0.014 0.996 0.065 0.985 1.000 
0.017 0.995 0.086 0.978 1.000 
0.024 0.993 0.076 0.975 1.000 
0.024 0.995 0.144 0.960 0.994 
0.029 0.993 0.163 0.948 0.997 
0.014 0.996 0.068 0.983 1.000 
0.027 0.995 0.065 0.980 0.991 
0.019 0.995 0.076 0.975 0.975 
0.031 0.994 0.100 0.973 0.991 
0.022 0.994 0.078 0.978 0.988 
0.023 0.995 0.119 0.960 0.991 
0.026 0.992 0.110 0.960 0.978 
0.014 0.997 0.098 0.968 0.997 
0.023 0.994 0.101 0.968 1.000 
0.052 0.993 0.070 0.983 1.000 
0.033 0.992 0.186 0.932 0.997 
0.020 0.994 0.123 0.963 0.997 
0.018 0.996 0.151 0.950 1.000 
0.021 0.994 0.050 0.988 0.984 
0.021 0.996 0.168 0.948 0.969 
0.018 0.996 0.064 0.983 1.000 
0.022 0.993 0.173 0.945 1.000 
0.014 0.997 0.071 0.985 1.000 
0.027 0.995 0.156 0.948 0.994 
0.016 0.995 0.132 0.960 1.000 
0.034 0.992 0.101 0.963 0.994 
0.024 0.994 0.125 0.958 0.934 
0.022 0.993 0.148 0.945 0.966 
0.017 0.995 0.088 0.975 0.950 
0.015 0.997 0.135 0.955 0.991 
0.023 0.994 0.146 0.948 0.778 
0.024 0.994 0.092 0.970 0.963 
0.018 0.995 0.115 0.960 0.878 
0.032 0.994 0.142 0.943 0.984 
0.016 0.995 0.122 0.955 0.975 
0.038 0.991 0.146 0.950 0.912 
0.021 0.994 0.122 0.958 0.950 
0.019 0.993 0.145 0.953 0.997 
0.033 0.995 0.177 0.945 1.000 
0.017 0.995 0.081 0.978 0.978 
0.020 0.995 0.133 0.953 0.975 
0.023 0.994 0.088 0.973 1.000 
0.019 0.996 0.247 0.927 0.963 
0.016 0.994 0.257 0.932 1.000 
0.025 0.995 0.172 0.940 1.000 
0.028 0.991 0.132 0.955 0.994 
0.024 0.994 0.087 0.973 0.994 
0.013 0.997 0.075 0.985 1.000 
0.028 0.993 0.099 0.968 1.000 
0.022 0.995 0.059 0.985 1.000 
0.024 0.996 0.104 0.963 0.984 
0.018 0.995 0.076 0.980 0.972 
0.025 0.996 0.207 0.927 0.991 
0.026 0.995 0.182 0.935 0.916 
0.025 0.993 0.067 0.983 0.338 
0.047 0.991 0.336 0.920 0.984 
0.016 0.995 0.078 0.980 0.997 
0.020 0.995 0.175 0.943 1.000 
0.017 0.996 0.086 0.978 0.994 
0.015 0.993 0.098 0.970 0.969 
0.024 0.995 0.119 0.963 0.994 
0.026 0.995 0.070 0.983 0.509 
0.020 0.996 0.340 0.915 1.000 
0.020 0.995 0.066 0.983 0.975 
0.024 0.992 0.129 0.960 0.994 
0.011 0.996 0.087 0.980 1.000 
0.019 0.996 0.119 0.963 0.956 
0.017 0.995 0.076 0.978 1.000 
0.022 0.995 0.109 0.968 0.956 
0.025 0.993 0.052 0.988 0.875 
0.028 0.994 0.141 0.963 0.994 
0.021 0.995 0.092 0.973 0.997 
0.020 0.993 0.083 0.978 1.000 
0.018 0.995 0.103 0.968 0.981 
0.017 0.996 0.088 0.975 0.675 
0.018 0.995 0.129 0.963 0.981 
0.018 0.994 0.088 0.970 0.775 
0.021 0.995 0.191 0.940 0.966 
0.021 0.996 0.116 0.963 0.994 
0.026 0.994 0.197 0.943 0.750 
0.024 0.994 0.117 0.963 0.950 
0.023 0.995 0.065 0.983 0.584 
0.011 0.996 0.081 0.980 0.903 
0.011 0.998 0.082 0.978 0.922 
0.034 0.993 0.151 0.953 0.978 
0.022 0.995 0.082 0.975 0.997 
0.019 0.993 0.104 0.963 1.000 
0.028 0.994 0.162 0.940 0.941 
0.020 0.993 0.141 0.963 0.991 
0.021 0.994 0.083 0.975 0.991 
0.024 0.995 0.199 0.927 1.000 
0.020 0.996 0.059 0.985 0.875 
0.024 0.992 0.147 0.953 1.000 
0.020 0.994 0.080 0.973 0.997 
0.045 0.993 0.163 0.945 0.800 
0.017 0.995 0.143 0.965 0.997 
0.014 0.997 0.164 0.953 0.925 
0.014 0.997 0.192 0.940 1.000 
0.034 0.990 0.144 0.958 0.997 
0.024 0.995 0.135 0.960 0.559 
0.016 0.995 0.150 0.960 0.928 
0.024 0.995 0.178 0.932 0.925 
0.020 0.994 0.078 0.978 0.362 
0.032 0.995 0.046 0.985 0.728 
0.018 0.995 0.079 0.978 0.981 
0.023 0.992 0.121 0.963 0.728 
0.020 0.996 0.061 0.985 0.981 
0.017 0.995 0.092 0.978 0.469 
0.024 0.994 0.245 0.925 0.909 
0.015 0.997 0.049 0.988 0.900 
0.011 0.996 0.087 0.975 0.669 
0.018 0.995 0.084 0.980 0.662 
0.012 0.997 0.137 0.958 0.784 
0.037 0.994 0.122 0.970 0.966 
0.023 0.994 0.101 0.965 0.953 
0.025 0.993 0.051 0.983 0.828 
0.009 0.997 0.189 0.938 0.941 
0.023 0.994 0.098 0.963 0.797 
0.032 0.992 0.117 0.965 0.691 
0.019 0.995 0.067 0.980 0.816 
0.015 0.997 0.090 0.970 0.991 
0.039 0.992 0.104 0.970 0.875 
0.029 0.993 0.058 0.985 0.894 
0.042 0.993 0.081 0.973 1.000 
0.020 0.994 0.075 0.980 0.934 
0.019 0.996 0.135 0.950 0.988 
0.016 0.996 0.092 0.978 0.878 
0.052 0.995 0.082 0.970 0.997 
0.015 0.996 0.151 0.950 0.953 
0.019 0.995 0.056 0.980 0.938 
0.008 0.999 0.124 0.960 0.991 
0.022 0.993 0.085 0.980 0.938 
0.021 0.995 0.080 0.983 0.637 
0.019 0.994 0.054 0.985 0.641 
0.030 0.995 0.201 0.943 0.294 
0.015 0.995 0.082 0.975 0.603 
0.015 0.996 0.071 0.985 0.887 
0.017 0.996 0.102 0.970 0.831 
0.024 0.994 0.074 0.980 1.000 
0.047 0.993 0.059 0.985 0.472 
0.018 0.995 0.058 0.983 0.981 
0.026 0.991 0.105 0.958 0.994 
0.023 0.994 0.144 0.963 0.975 
0.017 0.995 0.055 0.985 0.994 
0.037 0.989 0.099 0.965 0.994 
0.015 0.996 0.140 0.943 0.997 
0.015 0.996 0.227 0.930 0.997 
0.018 0.994 0.070 0.980 0.994 
0.034 0.995 0.064 0.985 0.997 
0.015 0.997 0.161 0.945 1.000 
0.023 0.993 0.292 0.922 0.700 
0.024 0.994 0.082 0.975 0.975 
0.022 0.995 0.073 0.973 0.991 
0.017 0.995 0.086 0.973 0.844 
0.057 0.992 0.145 0.950 1.000 
0.017 0.994 0.113 0.958 0.997 
0.027 0.993 0.061 0.978 0.991 
0.021 0.994 0.139 0.955 0.991 
0.014 0.996 0.097 0.970 0.984 
0.022 0.993 0.112 0.960 0.978 
0.029 0.994 0.088 0.968 0.991 
0.014 0.997 0.177 0.938 0.988 
0.022 0.994 0.128 0.958 0.978 
0.021 0.993 0.133 0.950 0.975 
0.022 0.995 0.084 0.973 0.994 
0.019 0.994 0.210 0.938 0.997 
0.012 0.998 0.090 0.970 0.997 
0.018 0.996 0.133 0.958 0.997 
0.015 0.997 0.136 0.955 0.938 
0.019 0.993 0.050 0.983 0.525 
0.020 0.994 0.061 0.983 0.803 
0.019 0.996 0.071 0.978 0.969 
0.015 0.996 0.059 0.985 0.922 
0.023 0.995 0.082 0.970 0.269 
0.021 0.993 0.058 0.983 0.194 
0.017 0.995 0.053 0.985 0.013 
0.037 0.994 0.050 0.983 0.250 
0.035 0.995 0.072 0.983 0.844 
0.021 0.994 0.188 0.940 1.000 
0.023 0.993 0.101 0.965 0.997 
0.020 0.995 0.113 0.968 1.000 
0.012 0.997 0.220 0.935 0.984 
0.012 0.997 0.212 0.935 1.000 
0.020 0.992 0.182 0.935 0.950 
0.014 0.996 0.248 0.932 1.000 
0.028 0.992 0.201 0.953 0.997 
0.039 0.993 0.148 0.953 0.634 
0.025 0.994 0.201 0.925 0.656 
0.015 0.995 0.062 0.985 1.000 
0.022 0.995 0.162 0.945 1.000 
0.018 0.994 0.144 0.955 1.000 
0.020 0.994 0.191 0.938 0.981 
0.016 0.995 0.212 0.945 0.900 
0.023 0.993 0.124 0.958 0.978 
0.025 0.994 0.122 0.960 0.928 
0.029 0.994 0.144 0.955 1.000 
0.014 0.997 0.096 0.963 1.000 
0.016 0.995 0.085 0.973 0.969 
0.022 0.995 0.203 0.935 0.569 
0.023 0.994 0.083 0.978 0.941 
0.022 0.994 0.117 0.960 1.000 
0.023 0.995 0.131 0.958 0.988 
0.013 0.996 0.126 0.960 0.959 
0.022 0.994 0.131 0.960 0.741 
0.021 0.996 0.135 0.958 1.000 
0.016 0.996 0.089 0.973 1.000 
0.019 0.994 0.052 0.985 0.997 
0.012 0.997 0.061 0.983 0.981 
0.013 0.996 0.099 0.963 1.000 
0.019 0.995 0.122 0.958 0.916 
0.050 0.992 0.133 0.948 0.991 
0.020 0.992 0.080 0.968 0.753 
0.011 0.997 0.165 0.943 0.928 
0.022 0.994 0.253 0.927 0.816 
0.025 0.995 0.128 0.955 0.931 
0.021 0.995 0.120 0.963 0.912 
0.013 0.994 0.075 0.978 0.819 
0.017 0.996 0.124 0.960 0.994 
0.020 0.995 0.203 0.927 0.894 
0.018 0.994 0.147 0.943 1.000 
0.020 0.996 0.087 0.968 1.000 
0.024 0.992 0.150 0.945 0.409 
0.021 0.994 0.172 0.935 0.778 
0.032 0.995 0.091 0.973 0.506 
0.019 0.994 0.166 0.940 0.537 
0.019 0.996 0.106 0.965 0.881 
0.029 0.993 0.094 0.968 0.947 
0.015 0.995 0.136 0.953 1.000 
0.024 0.993 0.090 0.968 1.000 
0.036 0.994 0.188 0.938 1.000 
0.022 0.994 0.165 0.932 1.000 
0.029 0.994 0.144 0.955 0.847 
0.015 0.995 0.123 0.958 0.997 
0.018 0.994 0.120 0.953 1.000 
0.018 0.996 0.123 0.958 0.972 
0.012 0.996 0.073 0.983 0.081 
0.026 0.995 0.073 0.978 0.916 
0.016 0.996 0.053 0.985 0.944 
0.022 0.993 0.080 0.975 0.975 
0.016 0.995 0.103 0.970 0.772 
0.036 0.994 0.092 0.975 1.000 
0.024 0.994 0.184 0.948 1.000 
0.031 0.994 0.056 0.985 0.956 
0.018 0.996 0.069 0.980 0.988 
0.025 0.996 0.162 0.953 0.931 
0.016 0.996 0.054 0.985 0.906 
0.018 0.995 0.114 0.960 0.934 
0.015 0.997 0.132 0.958 0.994 
0.022 0.993 0.179 0.940 1.000 
0.047 0.993 0.131 0.960 0.909 
0.024 0.994 0.092 0.965 1.000 
0.021 0.993 0.285 0.925 1.000 
0.024 0.994 0.172 0.940 0.997 
0.015 0.997 0.106 0.963 0.984 
0.022 0.992 0.084 0.965 0.994 
0.019 0.996 0.067 0.978 0.994 
0.024 0.994 0.189 0.932 0.738 
0.019 0.994 0.108 0.968 0.994 
0.028 0.994 0.180 0.943 1.000 
0.018 0.995 0.125 0.960 0.984 
0.018 0.996 0.082 0.968 0.991 
0.030 0.994 0.199 0.930 0.841 
0.029 0.994 0.092 0.965 0.169 
0.020 0.995 0.085 0.973 0.675 
0.026 0.994 0.250 0.927 0.541 
0.045 0.990 0.095 0.970 0.991 
0.021 0.993 0.120 0.963 0.291 
0.021 0.994 0.054 0.985 0.887 
0.013 0.996 0.124 0.960 1.000 
0.012 0.997 0.063 0.980 0.959 
0.011 0.997 0.143 0.950 0.994 
0.023 0.992 0.118 0.970 0.872 
0.022 0.994 0.140 0.958 0.938 
0.021 0.993 0.211 0.930 0.972 
0.013 0.996 0.038 0.988 0.481 
0.015 0.996 0.166 0.948 0.984 
0.030 0.996 0.047 0.985 0.938 
0.022 0.997 0.114 0.963 0.991 
0.026 0.993 0.138 0.955 0.975 
0.020 0.996 0.174 0.950 0.997 
0.021 0.995 0.122 0.963 0.950 
0.018 0.994 0.207 0.940 0.822 
0.023 0.996 0.162 0.950 0.984 
0.021 0.996 0.126 0.963 0.981 
0.012 0.996 0.234 0.932 0.819 
0.029 0.994 0.064 0.980 0.828 
0.015 0.996 0.087 0.975 0.994 
0.015 0.995 0.068 0.980 1.000 
0.012 0.996 0.109 0.963 1.000 
0.017 0.996 0.085 0.973 0.484 
0.012 0.995 0.208 0.932 1.000 
0.016 0.995 0.079 0.983 0.512 
0.023 0.994 0.102 0.970 0.841 
0.017 0.997 0.199 0.945 0.938 
0.019 0.995 0.165 0.945 1.000 
0.021 0.994 0.113 0.963 1.000 
0.020 0.997 0.106 0.963 0.922 
0.023 0.993 0.077 0.980 0.787 
0.016 0.994 0.048 0.985 0.803 
0.029 0.993 0.159 0.953 0.475 
0.016 0.995 0.091 0.975 0.784 
0.019 0.994 0.161 0.943 0.887 
0.021 0.993 0.074 0.980 0.978 
0.011 0.997 0.058 0.983 1.000 
0.013 0.998 0.038 0.988 0.994 
0.032 0.993 0.104 0.963 0.997 
0.026 0.994 0.081 0.970 0.988 
0.018 0.996 0.208 0.938 1.000 
0.019 0.996 0.142 0.950 1.000 
0.020 0.993 0.185 0.943 1.000 
0.016 0.996 0.125 0.960 1.000 
0.020 0.996 0.160 0.958 1.000 
0.020 0.996 0.182 0.945 0.988 
0.024 0.994 0.096 0.970 1.000 
0.021 0.993 0.071 0.980 0.884 
0.021 0.994 0.117 0.955 1.000 
0.023 0.995 0.183 0.950 0.100 
0.024 0.994 0.123 0.958 0.994 
0.028 0.993 0.125 0.955 1.000 
0.013 0.994 0.064 0.975 1.000 
0.015 0.994 0.156 0.955 0.631 
0.026 0.994 0.058 0.983 0.969 
0.010 0.996 0.067 0.980 0.988 
0.030 0.992 0.095 0.963 0.988 
0.017 0.995 0.058 0.985 0.994 
0.021 0.994 0.071 0.973 0.928 
0.017 0.995 0.049 0.983 0.972 
0.025 0.993 0.102 0.965 0.944 
0.014 0.997 0.101 0.963 0.903 
0.018 0.995 0.071 0.980 0.984 
0.021 0.995 0.040 0.988 0.969 
0.023 0.993 0.052 0.985 0.994 
0.013 0.996 0.048 0.985 0.666 
0.023 0.994 0.076 0.978 0.997 
0.022 0.993 0.065 0.985 0.978 
0.019 0.995 0.075 0.978 0.975 
0.018 0.996 0.232 0.932 0.631 
0.015 0.996 0.076 0.975 0.997 
0.013 0.996 0.082 0.973 0.972 
0.014 0.994 0.119 0.965 0.975 
0.018 0.993 0.063 0.983 0.959 
0.013 0.997 0.045 0.985 0.984 
0.021 0.994 0.068 0.980 0.994 
0.011 0.997 0.073 0.978 1.000 
0.015 0.993 0.242 0.935 0.963 
0.012 0.997 0.208 0.932 1.000 
0.060 0.994 0.080 0.970 0.975 
0.017 0.996 0.057 0.985 0.831 
0.018 0.996 0.058 0.985 0.784 
0.013 0.997 0.066 0.975 1.000 
0.035 0.992 0.058 0.985 0.494 
0.022 0.993 0.127 0.955 0.844 
0.013 0.997 0.102 0.965 0.978 
0.027 0.993 0.079 0.978 0.938 
0.016 0.996 0.056 0.985 0.631 
0.021 0.995 0.168 0.945 0.997 
0.025 0.995 0.143 0.945 0.994 
0.014 0.997 0.054 0.985 0.997 
0.016 0.995 0.097 0.965 0.975 
0.017 0.995 0.065 0.985 0.997 
0.024 0.994 0.075 0.983 0.975 
0.023 0.993 0.150 0.955 1.000 
0.031 0.993 0.062 0.983 0.975 
0.019 0.994 0.102 0.963 0.997 
0.015 0.996 0.142 0.953 0.975 
0.017 0.995 0.098 0.965 0.997 
0.021 0.995 0.164 0.948 0.525 
0.034 0.993 0.318 0.915 0.981 
0.020 0.993 0.100 0.968 0.919 
0.017 0.996 0.217 0.932 0.931 
0.019 0.995 0.142 0.953 0.944 
0.013 0.996 0.108 0.963 0.969 
0.012 0.995 0.156 0.955 0.984 
0.019 0.996 0.060 0.983 1.000 
0.011 0.997 0.104 0.968 1.000 
0.023 0.994 0.089 0.973 0.984 
0.022 0.994 0.166 0.948 0.988 
0.017 0.995 0.090 0.973 0.878 
0.033 0.992 0.095 0.970 0.997 
0.018 0.995 0.085 0.968 1.000 
0.023 0.995 0.090 0.973 0.997 
0.014 0.997 0.180 0.948 1.000 
0.017 0.995 0.073 0.983 0.925 
0.020 0.995 0.071 0.983 0.522 
0.020 0.994 0.051 0.985 0.997 
