0.302 0.890 0.248 0.910 0.914 
0.201 0.924 0.148 0.935 1.000 
0.154 0.951 0.158 0.927 1.000 
0.125 0.958 0.143 0.938 1.000 
0.141 0.956 0.171 0.930 0.773 
0.106 0.966 0.097 0.968 1.000 
0.126 0.959 0.089 0.968 0.997 
0.114 0.964 0.097 0.975 1.000 
0.073 0.979 0.079 0.988 1.000 
0.088 0.968 0.066 0.975 0.980 
0.087 0.977 0.092 0.988 1.000 
0.088 0.970 0.115 0.953 0.980 
0.069 0.980 0.081 0.980 0.763 
0.087 0.974 0.111 0.968 1.000 
0.067 0.982 0.100 0.965 0.993 
0.066 0.979 0.055 0.988 1.000 
0.082 0.977 0.077 0.975 1.000 
0.064 0.979 0.098 0.963 0.987 
0.063 0.978 0.082 0.968 0.885 
0.065 0.982 0.065 0.980 0.997 
0.079 0.981 0.116 0.968 0.974 
0.077 0.973 0.110 0.958 1.000 
0.048 0.985 0.092 0.963 1.000 
0.053 0.984 0.074 0.988 0.000 
0.054 0.985 0.092 0.960 0.990 
0.072 0.977 0.080 0.978 0.987 
0.058 0.984 0.087 0.973 0.891 
0.055 0.985 0.087 0.965 0.938 
0.066 0.982 0.106 0.960 1.000 
0.063 0.981 0.086 0.970 0.984 
0.047 0.986 0.076 0.965 1.000 
0.055 0.982 0.066 0.988 0.000 
0.047 0.986 0.087 0.968 0.043 
0.058 0.984 0.075 0.983 0.924 
0.051 0.981 0.102 0.958 0.993 
0.067 0.979 0.075 0.975 0.395 
0.049 0.983 0.085 0.983 0.171 
0.068 0.981 0.091 0.963 0.990 
0.041 0.984 0.068 0.975 1.000 
0.050 0.986 0.062 0.988 1.000 
0.050 0.988 0.075 0.975 1.000 
0.051 0.986 0.074 0.988 0.661 
0.049 0.987 0.054 0.985 1.000 
0.048 0.985 0.106 0.958 0.997 
0.038 0.988 0.068 0.988 0.293 
0.043 0.986 0.092 0.965 0.378 
0.041 0.990 0.066 0.970 1.000 
0.033 0.991 0.066 0.978 1.000 
0.077 0.978 0.099 0.960 0.424 
0.041 0.989 0.072 0.988 0.342 
0.053 0.987 0.068 0.988 0.924 
0.053 0.981 0.056 0.980 0.016 
0.041 0.984 0.101 0.958 0.151 
0.045 0.987 0.104 0.950 0.993 
0.046 0.988 0.075 0.990 1.000 
0.043 0.987 0.060 0.988 0.326 
0.040 0.987 0.093 0.963 0.704 
0.043 0.986 0.065 0.983 0.908 
0.047 0.987 0.067 0.978 0.974 
0.042 0.991 0.088 0.968 1.000 
0.048 0.988 0.096 0.963 0.388 
0.050 0.985 0.102 0.953 1.000 
0.042 0.985 0.060 0.988 1.000 
0.049 0.987 0.116 0.950 0.349 
0.045 0.987 0.054 0.988 0.688 
0.038 0.989 0.064 0.980 0.888 
0.046 0.989 0.099 0.955 0.628 
0.042 0.987 0.089 0.963 0.664 
0.038 0.986 0.081 0.968 0.865 
0.044 0.987 0.052 0.985 0.941 
0.046 0.990 0.097 0.953 1.000 
0.039 0.990 0.099 0.958 0.951 
0.041 0.989 0.159 0.932 0.582 
0.041 0.989 0.057 0.983 0.957 
0.044 0.986 0.063 0.980 0.701 
0.053 0.988 0.082 0.963 0.970 
0.033 0.992 0.082 0.978 0.112 
0.043 0.988 0.115 0.950 0.868 
0.034 0.990 0.114 0.960 0.944 
0.038 0.991 0.113 0.955 0.760 
0.037 0.987 0.060 0.988 0.845 
0.030 0.993 0.082 0.970 0.533 
0.042 0.990 0.059 0.980 1.000 
0.036 0.990 0.094 0.975 0.743 
0.028 0.992 0.063 0.988 0.572 
0.037 0.990 0.046 0.990 0.095 
0.046 0.988 0.083 0.968 0.418 
0.038 0.990 0.067 0.978 0.997 
0.034 0.990 0.066 0.980 0.773 
0.029 0.992 0.075 0.978 0.914 
0.029 0.992 0.074 0.975 0.957 
0.040 0.989 0.072 0.978 0.220 
0.034 0.991 0.062 0.980 0.059 
0.043 0.990 0.051 0.983 0.944 
0.034 0.990 0.095 0.965 0.944 
0.037 0.989 0.099 0.955 0.997 
0.030 0.991 0.045 0.990 0.987 
0.036 0.991 0.051 0.990 0.990 
0.040 0.988 0.100 0.963 0.970 
0.028 0.992 0.184 0.925 0.964 
0.033 0.992 0.073 0.980 0.000 
0.031 0.992 0.106 0.958 0.964 
0.041 0.990 0.062 0.988 0.572 
0.042 0.989 0.063 0.975 0.845 
0.020 0.995 0.053 0.990 0.898 
0.042 0.990 0.071 0.980 0.878 
0.026 0.994 0.064 0.988 0.247 
0.030 0.992 0.056 0.988 0.947 
0.031 0.989 0.068 0.973 0.773 
0.028 0.994 0.070 0.980 0.628 
0.036 0.991 0.092 0.965 0.961 
0.039 0.989 0.063 0.988 0.306 
0.031 0.990 0.052 0.990 1.000 
0.033 0.991 0.077 0.970 0.658 
0.032 0.992 0.066 0.988 0.766 
0.035 0.992 0.087 0.963 0.997 
0.035 0.991 0.085 0.970 0.161 
0.032 0.992 0.113 0.963 1.000 
0.024 0.995 0.066 0.988 0.895 
0.027 0.990 0.068 0.973 0.921 
0.034 0.992 0.070 0.978 0.974 
0.032 0.991 0.093 0.970 0.984 
0.022 0.995 0.156 0.945 1.000 
0.038 0.990 0.088 0.968 0.993 
0.029 0.992 0.100 0.970 0.957 
0.027 0.994 0.082 0.970 0.990 
0.038 0.991 0.065 0.988 0.997 
0.040 0.989 0.086 0.963 1.000 
0.030 0.992 0.134 0.945 0.990 
0.025 0.995 0.077 0.973 0.941 
0.021 0.994 0.079 0.970 0.997 
0.032 0.990 0.088 0.968 0.993 
0.031 0.993 0.110 0.955 0.987 
0.028 0.992 0.051 0.988 1.000 
0.027 0.992 0.087 0.980 0.049 
0.036 0.988 0.081 0.970 0.997 
0.024 0.993 0.076 0.975 0.803 
0.032 0.990 0.071 0.980 0.845 
0.025 0.995 0.090 0.980 0.987 
0.037 0.989 0.082 0.988 1.000 
0.034 0.991 0.189 0.935 0.865 
0.025 0.993 0.085 0.978 0.961 
0.033 0.993 0.062 0.988 1.000 
0.028 0.992 0.065 0.978 0.829 
0.036 0.992 0.073 0.978 0.901 
0.021 0.995 0.105 0.978 0.964 
0.035 0.989 0.100 0.965 0.467 
0.027 0.993 0.094 0.980 0.888 
0.030 0.993 0.124 0.965 0.816 
0.023 0.993 0.100 0.980 0.938 
0.031 0.990 0.100 0.975 0.533 
0.041 0.993 0.209 0.948 0.984 
0.025 0.993 0.095 0.970 1.000 
0.026 0.995 0.150 0.970 0.957 
0.023 0.993 0.120 0.968 0.970 
0.023 0.992 0.115 0.965 0.961 
0.034 0.989 0.150 0.955 1.000 
0.030 0.993 0.102 0.965 1.000 
0.022 0.995 0.087 0.978 1.000 
0.022 0.995 0.043 0.990 0.997 
0.031 0.994 0.074 0.980 0.878 
0.022 0.995 0.077 0.985 0.970 
0.024 0.995 0.111 0.970 0.957 
0.031 0.992 0.195 0.922 0.997 
0.031 0.991 0.141 0.960 0.961 
0.056 0.988 0.056 0.988 0.961 
0.015 0.996 0.064 0.988 0.898 
0.031 0.991 0.079 0.980 0.859 
0.028 0.993 0.051 0.988 0.822 
0.032 0.992 0.140 0.945 0.951 
0.026 0.993 0.135 0.943 0.941 
0.033 0.990 0.123 0.953 0.730 
0.024 0.993 0.118 0.958 0.605 
0.030 0.991 0.127 0.948 0.928 
0.028 0.992 0.093 0.970 0.977 
0.028 0.993 0.078 0.968 1.000 
0.027 0.993 0.138 0.950 0.974 
0.028 0.992 0.062 0.978 0.270 
0.022 0.994 0.090 0.973 0.967 
0.024 0.995 0.083 0.970 0.872 
0.030 0.992 0.088 0.965 1.000 
0.034 0.991 0.170 0.945 0.967 
0.031 0.992 0.112 0.980 0.891 
0.023 0.995 0.116 0.968 0.832 
0.032 0.989 0.114 0.955 0.484 
0.024 0.996 0.079 0.978 0.947 
0.026 0.993 0.127 0.958 0.859 
0.018 0.995 0.183 0.943 0.668 
0.029 0.995 0.157 0.953 0.990 
0.023 0.996 0.065 0.988 0.987 
0.034 0.992 0.098 0.965 0.984 
0.031 0.990 0.096 0.978 0.865 
0.026 0.992 0.093 0.978 0.993 
0.021 0.992 0.106 0.963 1.000 
0.029 0.993 0.118 0.960 0.872 
0.023 0.992 0.064 0.988 0.997 
0.027 0.993 0.051 0.990 0.984 
0.028 0.992 0.074 0.988 0.812 
0.040 0.989 0.070 0.980 0.888 
0.030 0.991 0.079 0.980 0.276 
0.020 0.995 0.128 0.955 0.780 
0.030 0.993 0.126 0.963 0.829 
0.031 0.990 0.088 0.980 0.826 
0.029 0.993 0.059 0.988 0.872 
0.022 0.993 0.095 0.970 0.898 
0.023 0.994 0.145 0.948 0.809 
0.023 0.993 0.064 0.988 0.984 
0.029 0.992 0.151 0.955 0.457 
0.020 0.993 0.071 0.978 0.964 
0.025 0.992 0.084 0.988 0.773 
0.030 0.992 0.081 0.980 0.688 
0.031 0.995 0.110 0.963 0.678 
0.026 0.993 0.174 0.945 0.990 
0.032 0.992 0.067 0.988 0.977 
0.026 0.992 0.107 0.970 0.974 
0.022 0.994 0.098 0.978 0.921 
0.028 0.990 0.138 0.960 0.980 
0.022 0.994 0.057 0.988 1.000 
0.030 0.992 0.038 0.990 1.000 
0.020 0.991 0.061 0.988 0.967 
0.027 0.993 0.098 0.963 0.987 
0.033 0.992 0.068 0.988 0.799 
0.020 0.996 0.095 0.965 0.997 
0.027 0.992 0.122 0.958 1.000 
0.024 0.993 0.096 0.965 0.980 
0.030 0.992 0.059 0.988 0.911 
0.024 0.993 0.070 0.988 0.928 
0.027 0.992 0.175 0.932 0.984 
0.022 0.995 0.093 0.975 0.789 
0.025 0.993 0.080 0.980 0.697 
0.024 0.993 0.054 0.988 0.401 
0.025 0.993 0.083 0.985 0.628 
0.022 0.993 0.086 0.973 0.938 
0.021 0.993 0.114 0.955 0.845 
0.026 0.994 0.067 0.988 0.990 
0.025 0.994 0.096 0.968 0.586 
0.020 0.995 0.177 0.925 0.987 
0.029 0.992 0.081 0.963 0.901 
0.019 0.995 0.077 0.980 0.970 
0.014 0.994 0.145 0.960 0.822 
0.031 0.992 0.165 0.930 0.895 
0.020 0.993 0.128 0.968 0.954 
0.018 0.993 0.090 0.980 0.859 
0.034 0.992 0.142 0.960 0.980 
0.027 0.995 0.124 0.980 0.398 
0.027 0.995 0.081 0.988 0.862 
0.024 0.994 0.097 0.968 0.964 
0.024 0.994 0.075 0.975 0.898 
0.016 0.996 0.101 0.968 0.990 
0.025 0.993 0.087 0.973 0.878 
0.025 0.993 0.053 0.988 0.895 
0.019 0.995 0.077 0.975 0.924 
0.016 0.996 0.170 0.973 0.806 
0.027 0.993 0.136 0.965 0.885 
0.022 0.994 0.099 0.970 0.970 
0.020 0.995 0.095 0.978 0.980 
0.023 0.995 0.117 0.975 0.391 
0.031 0.992 0.063 0.988 0.789 
0.021 0.993 0.125 0.958 0.908 
0.024 0.991 0.076 0.978 0.911 
0.019 0.995 0.081 0.970 0.882 
0.021 0.996 0.171 0.943 0.964 
0.020 0.994 0.103 0.980 0.247 
0.025 0.991 0.088 0.968 0.977 
0.027 0.991 0.101 0.968 0.868 
0.017 0.995 0.066 0.978 0.980 
0.020 0.995 0.086 0.970 0.954 
0.026 0.993 0.072 0.988 0.793 
0.020 0.995 0.064 0.988 0.987 
0.022 0.992 0.109 0.968 0.924 
0.016 0.997 0.152 0.950 0.964 
0.043 0.991 0.172 0.943 0.543 
0.024 0.993 0.104 0.973 0.938 
0.015 0.994 0.136 0.978 0.977 
0.031 0.993 0.130 0.988 0.829 
0.017 0.997 0.139 0.988 0.865 
0.018 0.996 0.091 0.988 0.911 
0.020 0.993 0.117 0.978 0.964 
0.018 0.994 0.123 0.970 0.921 
0.027 0.993 0.108 0.988 0.812 
0.019 0.996 0.093 0.988 0.970 
0.022 0.994 0.105 0.980 0.977 
0.028 0.992 0.199 0.980 0.987 
0.022 0.994 0.117 0.973 0.842 
0.016 0.994 0.149 0.985 0.401 
0.025 0.994 0.074 0.988 0.553 
0.024 0.992 0.210 0.925 0.533 
0.031 0.990 0.137 0.965 0.993 
0.023 0.995 0.180 0.953 0.974 
0.026 0.995 0.097 0.980 0.704 
0.024 0.991 0.073 0.978 0.957 
0.016 0.995 0.126 0.973 0.964 
0.015 0.996 0.068 0.975 0.947 
0.019 0.995 0.091 0.988 0.974 
0.021 0.996 0.075 0.988 0.984 
0.014 0.996 0.180 0.960 0.980 
0.022 0.995 0.085 0.975 0.786 
0.018 0.995 0.090 0.988 0.750 
0.037 0.992 0.120 0.970 0.944 
0.025 0.993 0.092 0.980 0.783 
0.020 0.993 0.064 0.975 0.895 
0.023 0.993 0.159 0.943 0.872 
0.016 0.995 0.182 0.940 0.671 
0.020 0.995 0.100 0.988 0.878 
0.021 0.995 0.053 0.988 0.789 
0.020 0.993 0.102 0.983 0.829 
0.023 0.995 0.084 0.978 0.987 
0.021 0.993 0.119 0.950 0.786 
0.019 0.993 0.070 0.988 0.836 
0.029 0.995 0.094 0.985 0.951 
0.023 0.993 0.191 0.948 0.832 
0.023 0.994 0.080 0.988 0.928 
0.026 0.991 0.080 0.988 0.967 
0.023 0.995 0.119 0.955 0.964 
0.026 0.993 0.114 0.970 0.957 
0.022 0.995 0.076 0.983 0.961 
0.023 0.992 0.088 0.988 0.868 
0.029 0.995 0.068 0.980 0.773 
0.020 0.995 0.081 0.978 0.905 
0.019 0.994 0.081 0.975 0.957 
0.021 0.996 0.086 0.975 0.757 
0.021 0.994 0.103 0.985 0.961 
0.016 0.993 0.087 0.985 0.947 
0.014 0.995 0.074 0.990 0.957 
0.022 0.994 0.070 0.980 0.993 
0.028 0.991 0.084 0.975 0.993 
0.016 0.995 0.106 0.975 0.997 
0.022 0.995 0.077 0.980 0.914 
0.015 0.995 0.068 0.990 0.977 
0.026 0.994 0.066 0.983 0.967 
0.021 0.995 0.143 0.963 0.855 
0.015 0.997 0.144 0.963 0.451 
0.029 0.992 0.079 0.990 0.839 
0.030 0.991 0.085 0.980 0.977 
0.024 0.994 0.097 0.988 0.954 
0.028 0.993 0.097 0.988 0.872 
0.019 0.996 0.078 0.988 0.921 
0.034 0.992 0.086 0.988 0.997 
0.015 0.995 0.128 0.988 0.990 
0.027 0.992 0.208 0.920 0.951 
0.021 0.995 0.098 0.988 0.875 
0.024 0.994 0.110 0.978 0.845 
0.023 0.990 0.117 0.968 0.523 
0.019 0.995 0.139 0.988 0.592 
0.039 0.991 0.105 0.963 0.513 
0.024 0.994 0.248 0.975 0.171 
0.020 0.995 0.226 0.968 0.329 
0.019 0.993 0.192 0.980 0.822 
0.015 0.994 0.214 0.978 0.891 
0.016 0.995 0.224 0.980 0.773 
0.021 0.994 0.105 0.980 0.595 
0.034 0.993 0.139 0.980 0.336 
0.022 0.994 0.213 0.963 0.855 
0.027 0.992 0.104 0.975 0.803 
0.026 0.993 0.121 0.980 0.763 
0.018 0.995 0.113 0.980 0.832 
0.016 0.997 0.353 0.988 0.757 
0.011 0.995 0.389 0.985 0.974 
0.018 0.996 0.280 0.980 0.885 
0.020 0.995 0.205 0.980 0.931 
0.020 0.995 0.284 0.958 0.938 
0.018 0.993 0.155 0.988 0.414 
0.018 0.995 0.182 0.988 0.895 
0.018 0.996 0.225 0.988 0.549 
0.014 0.995 0.202 0.988 0.891 
0.032 0.992 0.141 0.988 0.750 
0.016 0.995 0.226 0.975 0.954 
0.020 0.993 0.140 0.980 0.247 
0.015 0.995 0.486 0.920 0.905 
0.017 0.994 0.237 0.960 0.194 
0.020 0.994 0.166 0.980 0.776 
0.017 0.995 0.272 0.970 0.934 
0.023 0.995 0.178 0.963 0.908 
0.028 0.992 0.209 0.978 0.750 
0.016 0.997 0.177 0.988 0.885 
0.021 0.994 0.439 0.917 0.875 
0.024 0.993 0.259 0.925 0.914 
0.016 0.994 0.186 0.955 0.970 
0.021 0.996 0.199 0.938 0.793 
0.021 0.992 0.166 0.968 0.961 
0.021 0.992 0.144 0.970 0.951 
0.020 0.994 0.082 0.988 0.799 
0.022 0.993 0.046 0.988 0.901 
0.014 0.996 0.138 0.988 0.240 
0.033 0.991 0.112 0.985 0.901 
0.016 0.995 0.223 0.978 0.694 
0.019 0.995 0.256 0.975 0.803 
0.026 0.992 0.392 0.948 0.924 
0.019 0.995 0.413 0.970 0.072 
0.015 0.996 0.345 0.948 0.921 
0.020 0.995 0.423 0.932 1.000 
0.021 0.991 0.172 0.988 0.961 
0.017 0.995 0.187 0.985 0.648 
0.016 0.997 0.192 0.988 0.188 
0.040 0.990 0.539 0.968 0.576 
0.027 0.994 0.395 0.965 0.806 
0.069 0.995 0.189 0.988 0.984 
0.042 0.991 0.153 0.963 0.836 
0.021 0.995 0.067 0.988 0.641 
0.023 0.993 0.217 0.930 0.533 
0.015 0.996 0.094 0.980 0.875 
0.014 0.995 0.134 0.975 0.766 
0.019 0.993 0.201 0.958 0.609 
0.013 0.998 0.176 0.958 0.842 
0.015 0.996 0.153 0.988 0.362 
0.020 0.996 0.084 0.980 0.161 
0.054 0.990 0.213 0.922 0.697 
0.017 0.996 0.195 0.943 0.987 
0.017 0.996 0.079 0.988 1.000 
0.026 0.994 0.417 0.895 0.734 
0.013 0.997 0.058 0.990 0.786 
0.015 0.995 0.099 0.978 0.980 
0.024 0.995 0.161 0.950 0.905 
0.016 0.995 0.219 0.953 0.947 
0.025 0.994 0.159 0.945 0.951 
0.031 0.992 0.289 0.915 0.974 
0.017 0.995 0.078 0.980 0.786 
0.021 0.995 0.102 0.970 0.941 
0.027 0.994 0.265 0.973 0.957 
0.019 0.996 0.243 0.988 0.878 
0.026 0.996 0.162 0.970 0.582 
0.026 0.991 0.143 0.988 0.730 
0.011 0.995 0.194 0.980 0.934 
0.023 0.995 0.233 0.965 0.938 
0.012 0.995 0.297 0.988 0.543 
0.027 0.995 0.203 0.973 0.750 
0.020 0.992 0.195 0.975 0.885 
0.028 0.991 0.586 0.915 0.987 
0.022 0.996 0.174 0.958 0.625 
0.019 0.996 0.126 0.968 0.941 
0.017 0.994 0.198 0.965 0.951 
0.020 0.994 0.116 0.978 0.928 
0.017 0.994 0.195 0.978 0.967 
0.021 0.993 0.176 0.980 0.760 
0.021 0.993 0.251 0.965 0.704 
0.018 0.995 0.137 0.973 0.941 
0.019 0.996 0.380 0.955 0.921 
0.019 0.995 0.152 0.983 0.115 
0.015 0.995 0.189 0.970 0.974 
0.016 0.996 0.310 0.965 0.934 
0.010 0.997 0.202 0.978 0.539 
0.014 0.996 0.392 0.978 0.770 
0.027 0.993 0.455 0.940 0.882 
0.016 0.996 0.685 0.978 0.263 
0.018 0.995 0.280 0.978 0.408 
0.014 0.995 0.242 0.988 0.306 
0.009 0.997 0.475 0.968 0.671 
0.011 0.996 0.751 0.970 0.454 
0.016 0.996 0.719 0.940 0.398 
0.022 0.995 0.234 0.965 0.977 
0.033 0.993 0.289 0.940 0.796 
0.018 0.994 0.267 0.963 0.536 
0.017 0.994 0.246 0.988 0.243 
0.012 0.996 0.243 0.980 0.493 
0.022 0.991 0.152 0.980 0.164 
0.020 0.995 0.182 0.968 0.638 
0.014 0.996 0.233 0.955 0.931 
0.022 0.995 0.230 0.988 0.023 
0.035 0.993 0.217 0.975 0.355 
0.020 0.995 0.179 0.975 0.388 
0.021 0.993 0.531 0.985 0.007 
0.016 0.996 0.199 0.988 0.776 
0.028 0.992 0.305 0.985 0.059 
0.019 0.995 0.207 0.980 0.714 
0.011 0.997 0.307 0.978 0.878 
0.020 0.995 0.184 0.973 0.836 
0.024 0.992 0.474 0.978 0.345 
0.018 0.994 0.148 0.985 0.566 
0.013 0.996 0.605 0.973 0.408 
0.019 0.995 0.329 0.970 0.964 
0.023 0.993 0.268 0.978 0.549 
0.014 0.996 0.293 0.975 0.895 
0.020 0.994 0.570 0.960 0.747 
0.026 0.996 0.133 0.983 0.559 
0.019 0.995 0.091 0.988 0.855 
0.019 0.993 0.161 0.968 0.747 
0.015 0.995 0.166 0.988 0.201 
0.021 0.995 0.205 0.978 0.316 
0.016 0.995 0.146 0.963 0.914 
0.017 0.995 0.122 0.988 0.967 
0.013 0.996 0.084 0.988 0.957 
0.020 0.995 0.438 0.930 0.668 
0.021 0.995 0.169 0.978 0.276 
0.010 0.996 0.519 0.925 0.878 
0.018 0.996 0.209 0.968 0.872 
0.031 0.992 0.141 0.973 0.872 
0.012 0.995 0.304 0.970 0.724 
0.012 0.995 0.316 0.975 0.664 
0.020 0.995 0.204 0.978 0.599 
0.017 0.995 0.218 0.973 0.240 
0.021 0.993 0.104 0.970 0.694 
0.016 0.996 0.152 0.975 0.497 
0.013 0.996 0.214 0.983 0.635 
0.015 0.995 0.498 0.965 0.845 
0.018 0.994 0.172 0.975 0.924 
0.012 0.995 0.334 0.975 0.924 
0.018 0.993 0.118 0.980 0.829 
0.016 0.996 0.150 0.978 0.655 
0.019 0.993 0.166 0.975 0.977 
0.022 0.995 0.351 0.932 0.931 
0.023 0.993 0.219 0.970 0.977 
0.021 0.996 0.191 0.970 0.987 
0.018 0.996 0.215 0.973 0.990 
0.013 0.996 0.175 0.973 1.000 
0.015 0.996 0.262 0.970 1.000 
0.011 0.996 0.269 0.968 1.000 
0.026 0.995 0.251 0.963 0.941 
0.017 0.996 0.264 0.980 0.970 
0.020 0.996 0.158 0.970 1.000 
0.016 0.995 0.198 0.963 0.993 
0.024 0.995 0.203 0.958 1.000 
0.012 0.998 0.088 0.983 1.000 
0.016 0.995 0.187 0.973 1.000 
0.026 0.994 0.089 0.978 1.000 
0.016 0.993 0.152 0.975 0.882 
0.013 0.995 0.183 0.980 0.829 
0.030 0.992 0.183 0.960 0.977 
0.017 0.995 0.148 0.978 0.697 
0.019 0.995 0.201 0.978 0.753 
0.012 0.996 0.117 0.980 0.984 
0.030 0.992 0.121 0.980 0.990 
0.024 0.993 0.145 0.980 0.984 
0.038 0.990 0.088 0.970 1.000 
0.017 0.997 0.109 0.980 0.997 
0.019 0.997 0.208 0.965 0.993 
0.026 0.991 0.254 0.963 0.993 
0.019 0.995 0.110 0.988 1.000 
0.018 0.997 0.235 0.925 0.997 
0.020 0.995 0.142 0.963 1.000 
0.018 0.994 0.139 0.968 0.980 
0.014 0.996 0.208 0.973 0.984 
0.030 0.992 0.426 0.935 0.914 
0.023 0.995 0.251 0.968 0.993 
0.017 0.995 0.183 0.985 1.000 
0.014 0.996 0.086 0.988 0.990 
0.020 0.996 0.083 0.978 0.993 
0.031 0.991 0.100 0.970 1.000 
0.023 0.996 0.128 0.975 0.997 
0.011 0.997 0.259 0.975 0.938 
0.015 0.995 0.150 0.968 1.000 
0.020 0.995 0.191 0.963 0.977 
0.019 0.993 0.179 0.968 0.984 
0.016 0.996 0.274 0.975 0.957 
0.019 0.997 0.158 0.978 0.997 
0.010 0.996 0.112 0.978 1.000 
0.016 0.996 0.273 0.930 0.967 
0.016 0.996 0.127 0.985 0.993 
0.024 0.995 0.167 0.978 0.993 
0.004 0.999 0.148 0.988 1.000 
0.019 0.995 0.534 0.963 0.997 
0.022 0.993 0.116 0.978 0.997 
0.015 0.993 0.705 0.950 0.947 
0.018 0.993 0.279 0.948 0.997 
0.018 0.995 0.218 0.973 1.000 
0.012 0.997 0.134 0.988 0.993 
0.015 0.995 0.158 0.973 0.951 
0.013 0.997 0.239 0.965 0.990 
0.022 0.997 0.249 0.973 1.000 
0.019 0.992 0.173 0.973 1.000 
0.025 0.993 0.212 0.940 0.977 
0.018 0.995 0.394 0.935 0.954 
0.010 0.997 0.396 0.930 0.993 
0.016 0.994 0.125 0.978 1.000 
0.014 0.996 0.230 0.975 0.987 
0.025 0.992 0.372 0.915 0.931 
0.020 0.995 0.163 0.978 0.987 
0.010 0.998 0.108 0.980 1.000 
0.046 0.991 0.089 0.970 0.990 
0.015 0.995 0.237 0.983 0.990 
0.017 0.995 0.279 0.958 0.990 
0.012 0.997 0.242 0.983 0.990 
0.021 0.992 0.160 0.978 0.997 
0.018 0.995 0.285 0.963 0.990 
0.010 0.997 0.287 0.978 0.997 
0.019 0.996 0.243 0.968 0.977 
0.013 0.996 0.198 0.988 0.855 
0.013 0.996 0.291 0.958 0.970 
0.014 0.997 0.193 0.968 0.990 
0.018 0.993 0.172 0.988 1.000 
0.017 0.995 0.239 0.950 1.000 
0.018 0.996 0.212 0.945 1.000 
0.019 0.996 0.161 0.968 0.964 
0.027 0.994 0.065 0.980 1.000 
0.013 0.997 0.146 0.973 0.997 
0.013 0.997 0.165 0.980 0.997 
0.016 0.995 0.144 0.983 0.997 
0.016 0.996 0.190 0.960 1.000 
0.015 0.993 0.059 0.988 1.000 
0.013 0.997 0.253 0.960 0.997 
0.024 0.994 0.173 0.978 1.000 
0.019 0.992 0.035 0.990 1.000 
0.016 0.994 0.087 0.975 0.993 
0.018 0.996 0.124 0.963 0.997 
0.014 0.994 0.129 0.975 1.000 
0.017 0.995 0.262 0.980 0.997 
0.027 0.993 0.413 0.925 0.990 
0.014 0.997 0.258 0.948 1.000 
0.024 0.993 0.556 0.927 0.974 
0.019 0.995 0.320 0.980 0.987 
0.012 0.996 0.303 0.980 0.987 
0.023 0.996 0.219 0.975 1.000 
0.010 0.997 0.218 0.968 1.000 
0.014 0.995 0.289 0.948 0.793 
0.013 0.996 0.454 0.920 0.931 
0.032 0.993 0.353 0.960 0.974 
0.010 0.996 0.116 0.988 1.000 
0.016 0.997 0.159 0.983 0.987 
0.005 0.998 0.580 0.965 0.967 
0.032 0.993 0.286 0.990 0.997 
0.019 0.994 0.370 0.975 0.997 
0.010 0.998 0.416 0.978 0.918 
0.018 0.993 0.397 0.958 0.980 
0.025 0.996 0.169 0.965 1.000 
0.024 0.996 0.187 0.968 0.984 
0.011 0.996 0.165 0.988 1.000 
0.015 0.996 0.318 0.983 0.990 
0.022 0.995 0.229 0.988 0.980 
0.013 0.997 0.241 0.988 0.964 
0.035 0.991 0.061 0.975 0.911 
0.015 0.996 0.056 0.985 0.990 
0.012 0.996 0.085 0.988 0.993 
0.027 0.994 0.278 0.938 1.000 
0.015 0.995 0.449 0.917 0.990 
0.016 0.993 0.218 0.968 1.000 
0.018 0.993 0.109 0.988 0.990 
0.019 0.995 0.248 0.985 1.000 
0.012 0.997 0.106 0.968 0.997 
0.019 0.995 0.107 0.990 0.980 
0.013 0.996 0.142 0.988 0.997 
0.010 0.996 0.113 0.965 0.895 
0.016 0.996 0.159 0.955 0.852 
0.019 0.996 0.176 0.973 0.888 
0.016 0.996 0.211 0.983 0.977 
0.012 0.997 0.204 0.970 0.974 
0.018 0.997 0.105 0.980 0.944 
0.025 0.993 0.456 0.953 0.895 
0.024 0.993 0.382 0.978 1.000 
0.013 0.997 0.254 0.978 0.970 
0.015 0.996 0.124 0.988 1.000 
0.013 0.997 0.359 0.950 0.961 
0.015 0.997 0.212 0.978 0.977 
0.016 0.996 0.370 0.980 0.931 
0.015 0.997 0.308 0.985 0.987 
0.017 0.993 0.565 0.970 0.852 
0.004 0.998 0.189 0.983 0.878 
0.024 0.995 0.237 0.978 0.918 
0.018 0.996 0.308 0.963 0.914 
0.023 0.995 0.107 0.990 0.970 
0.020 0.995 0.324 0.990 0.921 
0.016 0.999 0.215 0.983 0.908 
0.014 0.997 0.354 0.970 0.970 
0.015 0.996 0.182 0.980 0.914 
0.010 0.997 0.242 0.990 0.934 
0.024 0.995 0.176 0.980 0.980 
0.021 0.996 0.575 0.907 0.905 
0.018 0.995 0.104 0.980 0.993 
0.016 0.996 0.275 0.938 1.000 
0.026 0.993 0.184 0.985 1.000 
0.010 0.997 0.298 0.978 0.977 
0.016 0.997 0.172 0.985 0.997 
0.020 0.994 0.172 0.978 1.000 
0.015 0.996 0.081 0.978 1.000 
0.014 0.995 0.249 0.968 1.000 
0.016 0.994 0.206 0.963 0.990 
0.023 0.995 0.146 0.978 0.984 
0.010 0.997 0.249 0.988 0.997 
0.016 0.993 0.173 0.985 1.000 
0.013 0.997 0.112 0.983 0.990 
0.010 0.998 0.165 0.975 0.987 
0.025 0.993 0.525 0.912 0.914 
0.022 0.992 0.114 0.978 0.993 
0.012 0.997 0.314 0.953 0.974 
0.049 0.993 0.218 0.978 0.941 
0.016 0.996 0.211 0.973 0.878 
0.012 0.997 0.146 0.983 0.905 
0.010 0.997 0.164 0.973 0.964 
0.014 0.996 0.135 0.963 0.957 
0.019 0.993 0.620 0.955 0.977 
0.014 0.996 0.314 0.963 0.993 
0.013 0.996 0.287 0.963 1.000 
0.022 0.995 0.186 0.953 1.000 
0.013 0.997 0.222 0.955 1.000 
0.009 0.997 0.269 0.978 0.990 
0.033 0.994 0.199 0.963 1.000 
0.026 0.995 0.138 0.980 0.993 
0.019 0.996 0.147 0.968 0.993 
0.027 0.996 0.313 0.912 0.895 
0.011 0.996 0.120 0.978 0.974 
0.019 0.997 0.195 0.960 0.984 
0.022 0.992 0.057 0.980 1.000 
0.011 0.997 0.350 0.960 1.000 
0.015 0.994 0.108 0.980 0.951 
0.021 0.993 0.190 0.948 0.970 
0.040 0.996 0.155 0.953 0.997 
0.019 0.995 0.364 0.960 1.000 
0.016 0.993 0.212 0.985 1.000 
0.037 0.993 0.281 0.917 0.924 
0.019 0.995 0.169 0.963 0.895 
0.012 0.996 0.146 0.973 0.947 
0.014 0.997 0.134 0.975 0.984 
0.020 0.996 0.141 0.968 0.914 
0.015 0.995 0.197 0.985 0.997 
0.018 0.995 0.151 0.978 1.000 
0.007 0.998 0.092 0.988 0.974 
0.008 0.997 0.110 0.988 0.997 
0.018 0.997 0.112 0.988 0.997 
0.016 0.996 0.246 0.965 0.993 
0.015 0.996 0.309 0.965 0.809 
0.027 0.996 0.139 0.963 0.987 
0.022 0.993 0.209 0.960 1.000 
0.016 0.996 0.263 0.950 0.990 
0.008 0.998 0.199 0.973 1.000 
0.029 0.993 0.058 0.988 1.000 
0.016 0.995 0.117 0.968 0.987 
0.006 0.998 0.073 0.988 1.000 
0.020 0.994 0.172 0.978 0.997 
0.008 0.998 0.084 0.983 0.997 
0.016 0.995 0.153 0.970 0.993 
0.012 0.996 0.051 0.983 1.000 
0.023 0.995 0.245 0.943 0.957 
0.018 0.995 0.149 0.970 1.000 
0.009 0.998 0.365 0.943 0.947 
0.032 0.993 0.087 0.975 0.970 
0.014 0.996 0.106 0.975 0.997 
0.013 0.995 0.062 0.985 1.000 
0.024 0.996 0.114 0.978 0.993 
0.007 0.998 0.193 0.975 0.997 
0.016 0.996 0.345 0.963 0.533 
0.013 0.997 0.089 0.988 0.947 
0.012 0.996 0.161 0.983 0.711 
0.016 0.993 0.182 0.980 0.891 
0.015 0.996 0.256 0.963 0.773 
0.017 0.993 0.117 0.988 0.875 
0.022 0.992 0.226 0.960 0.905 
0.014 0.996 0.196 0.975 0.993 
0.012 0.996 0.436 0.970 1.000 
0.014 0.997 0.411 0.958 0.954 
0.015 0.996 0.256 0.970 0.868 
0.014 0.996 0.487 0.945 0.845 
0.027 0.997 0.103 0.985 0.970 
0.023 0.993 1.028 0.960 0.967 
0.010 0.997 0.734 0.973 0.757 
0.013 0.996 0.800 0.968 0.859 
0.014 0.997 0.462 0.988 0.674 
0.023 0.995 0.333 0.983 0.934 
0.017 0.996 0.539 0.978 0.714 
0.013 0.997 0.861 0.978 0.938 
0.015 0.995 0.659 0.983 0.951 
0.028 0.995 0.278 0.968 0.931 
0.023 0.995 0.175 0.980 0.987 
0.026 0.994 0.256 0.983 0.865 
0.014 0.997 0.216 0.978 0.970 
0.018 0.994 0.739 0.968 0.891 
0.010 0.997 0.890 0.975 0.865 
0.027 0.993 0.260 0.980 0.914 
0.024 0.993 0.344 0.980 0.322 
0.010 0.996 0.911 0.938 0.964 
0.013 0.996 0.723 0.963 0.855 
0.030 0.994 0.421 0.973 0.625 
0.011 0.997 0.271 0.963 0.911 
0.006 0.999 0.231 0.980 0.918 
0.015 0.994 0.326 0.975 0.905 
0.025 0.993 0.593 0.960 0.970 
0.016 0.995 0.339 0.958 0.832 
0.023 0.994 0.568 0.930 0.799 
0.006 0.998 0.455 0.988 0.934 
0.018 0.994 0.444 0.980 0.961 
0.026 0.993 0.252 0.963 1.000 
0.014 0.997 0.322 0.968 1.000 
0.009 0.997 0.509 0.960 0.984 
0.024 0.995 0.317 0.953 1.000 
0.014 0.996 0.351 0.940 0.947 
0.015 0.995 0.360 0.973 0.970 
0.025 0.995 0.461 0.990 1.000 
0.018 0.995 0.273 0.973 0.990 
0.017 0.995 0.609 0.968 0.974 
0.019 0.996 0.259 0.953 0.934 
0.015 0.997 0.250 0.988 0.980 
0.018 0.995 0.279 0.968 1.000 
0.016 0.996 0.579 0.950 0.957 
0.013 0.997 0.409 0.988 0.987 
0.010 0.997 0.350 0.988 0.980 
0.017 0.994 0.105 0.988 1.000 
0.019 0.996 0.279 0.983 0.984 
0.014 0.996 0.384 0.975 0.984 
0.017 0.995 0.277 0.983 0.980 
0.013 0.996 0.725 0.927 0.954 
0.014 0.995 0.744 0.965 0.954 
0.011 0.996 0.510 0.940 0.987 
0.023 0.994 0.192 0.960 0.990 
0.019 0.994 0.327 0.990 1.000 
0.011 0.997 0.362 0.958 0.990 
0.026 0.994 0.200 0.980 1.000 
0.016 0.996 0.473 0.915 0.990 
0.021 0.993 0.778 0.890 0.993 
0.014 0.996 0.359 0.990 1.000 
0.025 0.996 0.467 0.988 1.000 
0.049 0.993 0.642 0.943 1.000 
0.020 0.995 0.504 0.990 1.000 
0.012 0.995 0.874 0.963 0.997 
0.010 0.998 1.103 0.983 1.000 
0.012 0.997 1.364 0.970 1.000 
0.011 0.998 0.965 0.980 1.000 
0.060 0.996 0.478 0.958 1.000 
0.015 0.996 1.264 0.950 1.000 
0.022 0.996 0.558 0.965 0.977 
0.014 0.995 0.485 0.978 0.987 
0.026 0.995 0.674 0.988 0.961 
0.015 0.997 0.535 0.983 0.990 
0.020 0.992 0.789 0.943 0.997 
0.024 0.996 1.039 0.912 0.878 
0.014 0.997 0.731 0.958 0.990 
0.019 0.995 0.760 0.973 1.000 
0.015 0.995 0.638 0.980 0.964 
0.020 0.996 0.478 0.968 0.951 
0.015 0.996 0.395 0.980 0.993 
0.015 0.996 1.227 0.943 0.997 
0.009 0.997 1.254 0.973 0.812 
0.017 0.996 0.846 0.953 0.977 
0.015 0.996 1.440 0.905 0.783 
0.014 0.996 1.224 0.905 0.951 
0.037 0.996 0.685 0.968 0.836 
0.013 0.996 0.545 0.990 0.832 
0.014 0.996 0.812 0.983 0.990 
0.013 0.997 0.920 0.973 0.717 
0.012 0.996 1.072 0.950 0.987 
0.021 0.997 0.360 0.953 0.891 
0.020 0.994 0.617 0.955 0.961 
0.014 0.992 0.380 0.968 0.632 
0.013 0.996 0.261 0.990 0.931 
0.011 0.996 0.627 0.975 0.990 
0.022 0.996 0.277 0.970 0.984 
0.023 0.995 0.260 0.980 0.750 
0.019 0.996 0.731 0.978 0.385 
0.014 0.996 0.262 0.983 0.947 
0.020 0.995 0.660 0.975 0.842 
0.013 0.995 0.388 0.985 0.984 
0.015 0.996 0.656 0.958 0.961 
0.015 0.997 0.535 0.973 0.944 
0.032 0.993 1.100 0.985 0.872 
0.022 0.996 0.355 0.945 0.819 
0.016 0.996 0.322 0.943 0.839 
0.013 0.996 0.313 0.988 0.931 
0.020 0.993 0.373 0.963 0.878 
0.013 0.996 0.263 0.990 0.947 
0.012 0.997 0.460 0.980 0.737 
0.010 0.997 0.679 0.963 0.941 
0.015 0.995 0.493 0.988 0.974 
0.011 0.995 0.343 0.990 0.977 
0.026 0.995 0.258 0.990 0.961 
0.021 0.992 0.630 0.932 0.882 
0.008 0.997 0.427 0.988 0.770 
0.015 0.995 0.433 0.983 0.750 
0.022 0.993 0.293 0.988 0.773 
0.011 0.998 0.452 0.935 0.836 
0.015 0.995 0.393 0.975 0.911 
0.008 0.997 0.432 0.990 0.697 
0.020 0.997 1.428 0.978 0.901 
0.028 0.990 0.393 0.990 0.934 
0.017 0.996 0.613 0.975 0.984 
0.010 0.998 0.945 0.978 0.875 
0.019 0.996 0.302 0.988 0.967 
0.026 0.992 0.484 0.990 0.809 
0.009 0.998 0.618 0.980 0.984 
0.007 0.998 0.560 0.983 0.993 
0.021 0.995 0.332 0.948 0.885 
0.015 0.995 0.470 0.955 0.980 
0.015 0.996 0.815 0.960 0.145 
0.007 0.997 0.612 0.990 0.980 
0.028 0.992 0.657 0.940 0.951 
0.011 0.995 0.604 0.960 1.000 
0.011 0.997 0.605 0.980 0.967 
0.019 0.993 1.185 0.912 0.990 
0.006 0.998 0.878 0.975 0.993 
0.035 0.995 0.428 0.983 0.957 
0.014 0.994 0.675 0.953 1.000 
0.014 0.996 0.707 0.980 0.987 
0.011 0.997 0.698 0.968 0.970 
0.014 0.997 0.840 0.950 0.655 
0.022 0.994 0.527 0.968 0.987 
0.019 0.995 0.372 0.970 0.993 
0.011 0.997 0.388 0.990 0.905 
0.014 0.996 0.593 0.927 0.852 
0.013 0.997 0.434 0.973 0.964 
0.014 0.997 0.456 0.988 0.954 
0.016 0.995 0.807 0.960 0.513 
0.013 0.996 0.579 0.980 0.987 
0.021 0.995 0.359 0.988 0.997 
0.031 0.992 0.318 0.938 0.882 
0.021 0.995 0.288 0.970 0.987 
0.022 0.992 0.394 0.990 0.993 
0.018 0.995 0.552 0.988 0.993 
0.006 0.998 0.523 0.990 0.993 
0.030 0.992 0.644 0.983 0.990 
0.011 0.997 0.690 0.983 0.997 
0.010 0.996 0.725 0.990 0.997 
0.017 0.997 0.430 0.960 1.000 
0.013 0.998 0.379 0.990 1.000 
0.011 0.998 0.549 0.983 0.993 
0.019 0.995 0.382 0.953 0.990 
0.022 0.995 0.344 0.973 1.000 
0.017 0.995 0.812 0.927 1.000 
0.014 0.996 0.265 0.983 1.000 
0.013 0.996 0.368 0.978 1.000 
0.008 0.998 0.363 0.980 1.000 
0.016 0.996 0.553 0.927 0.944 
0.013 0.995 0.218 0.988 1.000 
0.020 0.996 0.468 0.955 0.997 
0.011 0.997 0.338 0.950 0.990 
0.031 0.994 0.717 0.990 0.934 
0.007 0.997 0.627 0.978 0.990 
0.007 0.997 0.525 0.978 1.000 
0.012 0.997 1.090 0.938 0.993 
0.010 0.997 0.692 0.980 1.000 
0.014 0.995 0.719 0.960 1.000 
0.010 0.997 0.797 0.990 1.000 
0.009 0.997 0.957 0.980 1.000 
0.015 0.995 0.428 0.990 0.997 
0.021 0.993 0.681 0.922 0.990 
0.012 0.994 0.489 0.963 1.000 
0.013 0.994 0.642 0.955 0.984 
0.032 0.996 0.385 0.973 1.000 
0.011 0.997 0.420 0.968 1.000 
0.009 0.997 0.800 0.950 0.990 
0.053 0.993 0.649 0.943 1.000 
0.013 0.996 0.604 0.932 1.000 
0.009 0.997 0.634 0.973 1.000 
0.018 0.996 0.745 0.960 1.000 
0.046 0.991 0.141 0.978 1.000 
0.028 0.995 0.764 0.938 1.000 
0.019 0.996 0.726 0.932 1.000 
0.013 0.996 0.647 0.940 1.000 
0.014 0.995 1.060 0.955 1.000 
0.009 0.997 0.946 0.988 1.000 
0.012 0.997 0.944 0.980 0.990 
0.014 0.996 0.513 0.978 0.990 
0.016 0.993 1.243 0.935 0.997 
0.011 0.997 0.972 0.950 1.000 
0.012 0.996 0.873 0.983 0.997 
0.013 0.997 0.588 0.990 0.559 
0.009 0.996 0.760 0.980 0.993 
0.013 0.995 0.509 0.975 0.990 
0.007 0.998 0.459 0.988 0.957 
0.008 0.998 0.520 0.953 0.974 
0.009 0.998 1.431 0.973 1.000 
0.013 0.998 0.822 0.970 0.993 
0.013 0.997 0.584 0.965 1.000 
0.015 0.997 1.332 0.932 0.993 
0.016 0.996 0.896 0.980 0.987 
0.010 0.997 0.518 0.980 1.000 
0.014 0.996 0.696 0.975 0.997 
0.018 0.993 1.508 0.950 0.980 
0.014 0.996 0.922 0.983 0.993 
0.009 0.996 0.829 0.990 1.000 
0.038 0.992 0.351 0.980 0.997 
0.014 0.995 0.637 0.983 0.990 
0.009 0.998 0.866 0.978 0.961 
0.020 0.993 0.855 0.965 0.980 
0.018 0.996 1.138 0.978 0.993 
0.016 0.997 0.902 0.980 0.987 
0.012 0.997 0.698 0.983 0.993 
0.024 0.993 0.801 0.990 0.997 
0.011 0.998 1.067 0.988 0.993 
0.012 0.995 2.095 0.978 0.987 
0.008 0.997 1.737 0.980 0.993 
0.023 0.995 0.873 0.978 0.993 
0.012 0.996 1.741 0.980 0.993 
0.042 0.995 0.568 0.965 0.990 
0.012 0.996 0.331 0.990 1.000 
0.013 0.996 0.477 0.990 1.000 
0.018 0.996 0.474 0.970 0.993 
0.014 0.996 0.427 0.990 0.993 
0.009 0.997 0.810 0.978 0.961 
0.013 0.997 0.940 0.938 0.990 
0.026 0.994 0.994 0.970 1.000 
0.003 0.999 1.394 0.960 1.000 
0.015 0.996 0.998 0.985 1.000 
0.031 0.993 1.800 0.943 0.990 
0.008 0.999 1.483 0.975 1.000 
0.013 0.997 1.445 0.968 1.000 
0.017 0.997 2.210 0.978 0.997 
0.015 0.996 1.733 0.978 0.987 
0.018 0.996 2.564 0.968 0.944 
0.027 0.993 1.751 0.925 0.954 
0.024 0.994 0.340 0.970 0.993 
0.019 0.994 0.354 0.963 0.980 
0.011 0.997 0.505 0.983 0.990 
0.026 0.997 0.731 0.980 0.984 
0.015 0.996 0.541 0.988 0.967 
0.018 0.993 0.544 0.990 0.957 
0.017 0.996 0.400 0.963 0.928 
0.014 0.995 0.655 0.990 0.990 
0.005 0.999 0.747 0.990 0.990 
0.013 0.997 0.565 0.985 0.997 
0.019 0.995 1.023 0.988 0.993 
0.015 0.995 0.920 0.988 0.974 
0.014 0.996 0.949 0.988 0.993 
0.024 0.995 1.184 0.983 0.970 
0.012 0.996 0.926 0.988 0.931 
0.022 0.992 1.633 0.945 0.974 
