0.395 0.837 0.265 0.907 0.073 
0.285 0.889 0.175 0.950 0.195 
0.246 0.903 0.199 0.930 0.604 
0.235 0.913 0.198 0.930 0.438 
0.203 0.923 0.206 0.920 0.460 
0.205 0.919 0.161 0.930 0.754 
0.204 0.930 0.155 0.960 0.617 
0.197 0.927 0.131 0.968 0.843 
0.181 0.935 0.137 0.965 0.725 
0.175 0.937 0.142 0.950 0.725 
0.188 0.931 0.129 0.968 0.827 
0.159 0.947 0.139 0.970 0.879 
0.159 0.948 0.141 0.958 0.888 
0.169 0.940 0.149 0.975 0.859 
0.151 0.952 0.180 0.963 0.875 
0.155 0.944 0.118 0.965 0.815 
0.153 0.943 0.154 0.960 0.891 
0.154 0.947 0.161 0.940 0.837 
0.135 0.954 0.227 0.935 0.936 
0.152 0.944 0.120 0.963 0.885 
0.140 0.955 0.129 0.968 0.879 
0.132 0.956 0.105 0.965 0.863 
0.129 0.957 0.110 0.970 0.850 
0.141 0.955 0.157 0.943 0.802 
0.133 0.958 0.139 0.955 0.901 
0.124 0.956 0.121 0.963 0.911 
0.124 0.957 0.179 0.920 0.709 
0.135 0.957 0.190 0.948 0.776 
0.140 0.948 0.156 0.925 0.757 
0.116 0.958 0.136 0.960 0.898 
0.116 0.959 0.106 0.970 0.911 
0.125 0.956 0.173 0.950 0.901 
0.113 0.960 0.180 0.930 0.882 
0.121 0.963 0.096 0.975 0.879 
0.128 0.960 0.126 0.965 0.933 
0.108 0.964 0.131 0.953 0.904 
0.116 0.962 0.109 0.968 0.827 
0.112 0.962 0.147 0.940 0.850 
0.104 0.966 0.116 0.965 0.907 
0.105 0.965 0.106 0.968 0.847 
0.107 0.962 0.144 0.965 0.904 
0.098 0.964 0.135 0.945 0.812 
0.111 0.965 0.157 0.955 0.958 
0.112 0.965 0.143 0.938 0.866 
0.091 0.970 0.161 0.932 0.875 
0.111 0.963 0.158 0.927 0.888 
0.084 0.969 0.130 0.968 0.939 
0.106 0.966 0.110 0.965 0.891 
0.097 0.965 0.174 0.965 0.968 
0.114 0.963 0.131 0.950 0.885 
0.078 0.973 0.119 0.963 0.914 
0.112 0.965 0.099 0.970 0.885 
0.101 0.965 0.118 0.965 0.942 
0.090 0.968 0.159 0.943 0.930 
0.086 0.972 0.147 0.965 0.933 
0.095 0.969 0.109 0.975 0.939 
0.097 0.968 0.124 0.965 0.907 
0.084 0.970 0.107 0.970 0.923 
0.087 0.968 0.118 0.968 0.911 
0.089 0.969 0.097 0.975 0.914 
0.095 0.968 0.142 0.932 0.805 
0.095 0.969 0.101 0.965 0.901 
0.089 0.970 0.102 0.968 0.920 
0.091 0.966 0.104 0.970 0.901 
0.087 0.971 0.128 0.960 0.891 
0.084 0.972 0.122 0.970 0.923 
0.090 0.972 0.190 0.950 0.978 
0.086 0.973 0.141 0.932 0.891 
0.096 0.974 0.103 0.970 0.914 
0.094 0.969 0.116 0.975 0.930 
0.077 0.973 0.099 0.965 0.952 
0.082 0.978 0.144 0.953 0.882 
0.086 0.973 0.114 0.978 0.927 
0.076 0.977 0.106 0.970 0.955 
0.081 0.971 0.115 0.958 0.872 
0.078 0.976 0.109 0.965 0.914 
0.079 0.975 0.095 0.973 0.942 
0.080 0.972 0.137 0.960 0.965 
0.089 0.967 0.095 0.973 0.930 
0.073 0.978 0.124 0.963 0.895 
0.084 0.970 0.096 0.973 0.930 
0.072 0.976 0.134 0.958 0.933 
0.081 0.976 0.114 0.965 0.888 
0.078 0.976 0.115 0.958 0.859 
0.075 0.978 0.129 0.965 0.952 
0.083 0.976 0.133 0.975 0.939 
0.084 0.974 0.138 0.973 0.955 
0.087 0.969 0.109 0.970 0.955 
0.075 0.975 0.098 0.963 0.914 
0.076 0.972 0.113 0.968 0.939 
0.063 0.978 0.113 0.970 0.911 
0.076 0.973 0.107 0.968 0.942 
0.058 0.984 0.139 0.963 0.971 
0.076 0.975 0.130 0.958 0.946 
0.061 0.982 0.114 0.975 0.949 
0.079 0.973 0.106 0.960 0.920 
0.073 0.978 0.107 0.968 0.920 
0.069 0.977 0.113 0.960 0.866 
0.087 0.973 0.113 0.973 0.955 
0.061 0.981 0.115 0.963 0.965 
0.068 0.978 0.102 0.980 0.914 
0.065 0.978 0.092 0.980 0.875 
0.058 0.982 0.109 0.975 0.949 
0.070 0.978 0.167 0.945 0.958 
0.076 0.973 0.111 0.973 0.942 
0.068 0.980 0.145 0.958 0.949 
0.067 0.976 0.108 0.973 0.933 
0.070 0.973 0.124 0.965 0.952 
0.066 0.976 0.125 0.968 0.939 
0.060 0.980 0.133 0.965 0.949 
0.064 0.977 0.151 0.963 0.955 
0.084 0.971 0.130 0.960 0.946 
0.066 0.975 0.102 0.970 0.946 
0.059 0.976 0.106 0.975 0.952 
0.063 0.978 0.098 0.978 0.927 
0.069 0.977 0.079 0.978 0.933 
0.068 0.976 0.180 0.965 0.952 
0.080 0.975 0.098 0.968 0.946 
0.074 0.975 0.111 0.973 0.939 
0.057 0.982 0.106 0.968 0.958 
0.066 0.982 0.089 0.975 0.933 
0.063 0.981 0.071 0.985 0.927 
0.061 0.979 0.100 0.980 0.946 
0.067 0.980 0.111 0.970 0.939 
0.060 0.977 0.114 0.968 0.962 
0.067 0.980 0.105 0.973 0.946 
0.067 0.980 0.099 0.983 0.939 
0.068 0.975 0.130 0.963 0.965 
0.059 0.980 0.111 0.970 0.936 
0.062 0.981 0.121 0.980 0.949 
0.066 0.977 0.120 0.965 0.885 
0.053 0.981 0.125 0.970 0.942 
0.074 0.976 0.099 0.975 0.942 
0.071 0.977 0.091 0.970 0.927 
0.060 0.982 0.081 0.975 0.923 
0.068 0.978 0.091 0.980 0.933 
0.073 0.977 0.098 0.975 0.933 
0.047 0.986 0.118 0.970 0.965 
0.062 0.980 0.103 0.975 0.927 
0.060 0.980 0.120 0.973 0.952 
0.060 0.982 0.149 0.955 0.958 
0.059 0.984 0.140 0.963 0.962 
0.063 0.979 0.129 0.968 0.958 
0.067 0.981 0.088 0.975 0.863 
0.061 0.980 0.159 0.958 0.962 
0.055 0.979 0.112 0.965 0.952 
0.063 0.980 0.108 0.978 0.930 
0.058 0.980 0.131 0.960 0.955 
0.059 0.982 0.089 0.970 0.923 
0.063 0.976 0.114 0.968 0.942 
0.059 0.978 0.122 0.965 0.958 
0.069 0.974 0.113 0.965 0.955 
0.054 0.987 0.127 0.975 0.946 
0.061 0.978 0.126 0.970 0.952 
0.051 0.982 0.138 0.968 0.958 
0.061 0.977 0.110 0.973 0.933 
0.058 0.981 0.102 0.965 0.939 
0.047 0.986 0.112 0.978 0.920 
0.061 0.980 0.086 0.973 0.927 
0.059 0.979 0.115 0.960 0.952 
0.060 0.981 0.211 0.953 0.978 
0.058 0.984 0.111 0.978 0.933 
0.060 0.979 0.126 0.963 0.949 
0.069 0.976 0.093 0.980 0.923 
0.055 0.984 0.124 0.968 0.952 
0.054 0.982 0.103 0.980 0.939 
0.052 0.985 0.113 0.980 0.933 
0.058 0.982 0.158 0.963 0.965 
0.056 0.981 0.178 0.955 0.962 
0.066 0.981 0.137 0.965 0.955 
0.056 0.984 0.129 0.970 0.958 
0.054 0.983 0.141 0.965 0.952 
0.056 0.984 0.123 0.970 0.955 
0.063 0.981 0.148 0.958 0.965 
0.065 0.980 0.107 0.960 0.949 
0.057 0.982 0.140 0.953 0.962 
0.045 0.982 0.101 0.973 0.939 
0.046 0.984 0.104 0.965 0.958 
0.063 0.978 0.128 0.970 0.955 
0.069 0.983 0.164 0.955 0.968 
0.054 0.984 0.124 0.960 0.946 
0.063 0.981 0.141 0.970 0.958 
0.058 0.980 0.116 0.963 0.955 
0.058 0.981 0.122 0.965 0.965 
0.062 0.982 0.117 0.960 0.958 
0.051 0.982 0.103 0.965 0.949 
0.050 0.982 0.128 0.955 0.933 
0.051 0.985 0.132 0.963 0.946 
0.058 0.980 0.117 0.963 0.952 
0.052 0.987 0.134 0.973 0.911 
0.051 0.986 0.101 0.978 0.911 
0.059 0.984 0.111 0.975 0.930 
0.056 0.983 0.129 0.965 0.917 
0.040 0.985 0.146 0.960 0.949 
0.062 0.978 0.109 0.963 0.942 
0.049 0.985 0.112 0.965 0.939 
0.048 0.982 0.173 0.963 0.974 
0.066 0.977 0.113 0.965 0.958 
0.044 0.986 0.120 0.973 0.952 
0.043 0.985 0.128 0.963 0.933 
0.040 0.984 0.116 0.978 0.904 
0.049 0.984 0.145 0.960 0.955 
0.051 0.988 0.140 0.963 0.952 
0.054 0.984 0.115 0.968 0.955 
0.053 0.982 0.104 0.968 0.942 
0.050 0.982 0.193 0.953 0.978 
0.050 0.985 0.111 0.973 0.952 
0.055 0.982 0.134 0.963 0.971 
0.062 0.977 0.127 0.973 0.965 
0.053 0.982 0.102 0.968 0.930 
0.065 0.981 0.118 0.970 0.946 
0.053 0.982 0.175 0.953 0.968 
0.055 0.984 0.110 0.965 0.930 
0.044 0.984 0.155 0.968 0.971 
0.046 0.985 0.120 0.965 0.939 
0.057 0.983 0.129 0.965 0.949 
0.053 0.985 0.148 0.963 0.971 
0.053 0.986 0.122 0.965 0.965 
0.054 0.983 0.101 0.973 0.952 
0.051 0.984 0.093 0.975 0.920 
0.060 0.982 0.113 0.970 0.942 
0.059 0.981 0.102 0.975 0.895 
0.058 0.984 0.115 0.973 0.952 
0.049 0.982 0.161 0.958 0.958 
0.041 0.985 0.127 0.973 0.911 
0.045 0.984 0.123 0.963 0.955 
0.071 0.982 0.147 0.958 0.968 
0.045 0.985 0.120 0.970 0.939 
0.053 0.982 0.142 0.968 0.952 
0.050 0.985 0.086 0.978 0.933 
0.045 0.984 0.125 0.970 0.946 
0.047 0.983 0.109 0.968 0.946 
0.042 0.985 0.104 0.970 0.949 
0.046 0.984 0.138 0.968 0.946 
0.052 0.983 0.093 0.970 0.942 
0.045 0.986 0.118 0.965 0.949 
0.049 0.982 0.125 0.970 0.939 
0.042 0.986 0.090 0.970 0.927 
0.048 0.984 0.101 0.975 0.933 
0.046 0.988 0.113 0.968 0.939 
0.048 0.985 0.136 0.965 0.952 
0.040 0.985 0.103 0.978 0.895 
0.059 0.978 0.112 0.968 0.933 
0.042 0.989 0.109 0.973 0.914 
0.046 0.983 0.128 0.968 0.952 
0.046 0.986 0.090 0.973 0.923 
0.043 0.985 0.106 0.973 0.939 
0.051 0.984 0.122 0.968 0.965 
0.048 0.984 0.106 0.970 0.917 
0.047 0.988 0.095 0.975 0.914 
0.048 0.985 0.105 0.968 0.955 
0.048 0.984 0.099 0.980 0.949 
0.046 0.985 0.109 0.968 0.927 
0.050 0.982 0.087 0.978 0.946 
0.041 0.988 0.117 0.968 0.958 
0.043 0.987 0.100 0.978 0.936 
0.041 0.991 0.224 0.938 0.971 
0.037 0.988 0.120 0.973 0.958 
0.050 0.985 0.126 0.963 0.965 
0.048 0.985 0.113 0.973 0.962 
0.041 0.988 0.116 0.970 0.942 
0.043 0.987 0.096 0.970 0.939 
0.046 0.984 0.100 0.975 0.949 
0.039 0.989 0.092 0.978 0.939 
0.030 0.989 0.129 0.973 0.958 
0.047 0.983 0.120 0.965 0.930 
0.049 0.984 0.109 0.973 0.946 
0.061 0.983 0.149 0.968 0.962 
0.047 0.985 0.183 0.963 0.965 
0.042 0.986 0.173 0.970 0.955 
0.059 0.982 0.127 0.975 0.930 
0.051 0.981 0.111 0.970 0.939 
0.039 0.986 0.187 0.958 0.968 
0.045 0.984 0.106 0.978 0.914 
0.050 0.985 0.110 0.975 0.930 
0.040 0.986 0.110 0.973 0.949 
0.047 0.983 0.116 0.973 0.955 
0.040 0.988 0.124 0.970 0.958 
0.040 0.984 0.132 0.965 0.949 
0.030 0.995 0.168 0.965 0.965 
0.042 0.989 0.100 0.975 0.901 
0.062 0.980 0.124 0.978 0.911 
0.036 0.986 0.186 0.965 0.965 
0.040 0.985 0.167 0.965 0.958 
0.044 0.987 0.188 0.968 0.965 
0.027 0.992 0.133 0.965 0.930 
0.049 0.984 0.091 0.983 0.933 
0.046 0.987 0.115 0.978 0.933 
0.041 0.989 0.103 0.970 0.923 
0.029 0.990 0.153 0.950 0.955 
0.034 0.988 0.098 0.980 0.920 
0.042 0.987 0.133 0.968 0.939 
0.053 0.982 0.140 0.973 0.971 
0.046 0.987 0.085 0.978 0.927 
0.040 0.988 0.164 0.958 0.965 
0.041 0.986 0.152 0.963 0.958 
0.041 0.988 0.135 0.965 0.942 
0.046 0.984 0.115 0.975 0.958 
0.037 0.988 0.160 0.968 0.958 
0.044 0.981 0.108 0.973 0.952 
0.032 0.993 0.089 0.975 0.920 
0.055 0.981 0.157 0.970 0.952 
0.047 0.985 0.108 0.978 0.939 
0.042 0.986 0.180 0.958 0.962 
0.037 0.988 0.116 0.970 0.942 
0.038 0.992 0.099 0.973 0.891 
0.045 0.986 0.123 0.965 0.917 
0.047 0.987 0.120 0.973 0.933 
0.047 0.984 0.128 0.970 0.933 
0.036 0.989 0.113 0.980 0.933 
0.040 0.990 0.087 0.978 0.936 
0.046 0.986 0.094 0.970 0.837 
0.041 0.986 0.145 0.968 0.942 
0.051 0.983 0.142 0.970 0.955 
0.033 0.988 0.104 0.975 0.949 
0.042 0.987 0.116 0.970 0.952 
0.051 0.981 0.174 0.955 0.955 
0.064 0.979 0.149 0.965 0.968 
0.032 0.990 0.119 0.978 0.942 
0.039 0.986 0.153 0.973 0.939 
0.048 0.989 0.171 0.960 0.965 
0.039 0.988 0.110 0.975 0.942 
0.061 0.981 0.165 0.963 0.942 
0.042 0.985 0.211 0.958 0.974 
0.056 0.986 0.118 0.973 0.946 
0.041 0.986 0.127 0.965 0.895 
0.051 0.985 0.153 0.963 0.955 
0.046 0.985 0.114 0.973 0.927 
0.043 0.987 0.120 0.973 0.955 
0.037 0.988 0.163 0.963 0.962 
0.046 0.987 0.120 0.978 0.911 
0.047 0.984 0.182 0.960 0.955 
0.042 0.987 0.158 0.963 0.968 
0.036 0.986 0.131 0.973 0.962 
0.042 0.989 0.129 0.970 0.939 
0.035 0.988 0.130 0.973 0.933 
0.047 0.983 0.174 0.970 0.955 
0.045 0.985 0.163 0.968 0.965 
0.038 0.986 0.190 0.973 0.955 
0.043 0.983 0.162 0.973 0.952 
0.037 0.986 0.124 0.978 0.923 
0.048 0.984 0.147 0.968 0.939 
0.036 0.989 0.121 0.975 0.955 
0.039 0.988 0.169 0.968 0.958 
0.035 0.986 0.157 0.975 0.962 
0.045 0.986 0.141 0.975 0.952 
0.039 0.986 0.148 0.980 0.939 
0.038 0.989 0.174 0.970 0.955 
0.032 0.990 0.226 0.965 0.949 
0.049 0.985 0.138 0.975 0.917 
0.037 0.986 0.185 0.968 0.942 
0.045 0.985 0.201 0.973 0.962 
0.047 0.985 0.244 0.970 0.955 
0.038 0.988 0.159 0.970 0.955 
0.030 0.990 0.159 0.975 0.930 
0.038 0.990 0.144 0.975 0.958 
0.040 0.988 0.172 0.963 0.962 
0.042 0.986 0.217 0.958 0.968 
0.045 0.988 0.146 0.975 0.927 
0.050 0.982 0.182 0.965 0.949 
0.040 0.985 0.169 0.975 0.955 
0.038 0.987 0.071 0.985 0.911 
0.035 0.992 0.101 0.970 0.946 
0.041 0.988 0.147 0.963 0.955 
0.050 0.982 0.089 0.980 0.869 
0.052 0.986 0.154 0.960 0.962 
0.046 0.982 0.129 0.975 0.952 
0.035 0.990 0.166 0.973 0.958 
0.040 0.985 0.108 0.980 0.923 
0.040 0.988 0.115 0.975 0.946 
0.048 0.984 0.177 0.963 0.942 
0.031 0.989 0.133 0.973 0.898 
0.039 0.992 0.144 0.970 0.866 
0.040 0.990 0.227 0.970 0.958 
0.045 0.986 0.145 0.973 0.949 
0.045 0.988 0.390 0.950 0.974 
0.049 0.986 0.174 0.973 0.949 
0.039 0.988 0.215 0.973 0.965 
0.036 0.988 0.151 0.965 0.933 
0.021 0.993 0.170 0.975 0.952 
0.046 0.984 0.132 0.973 0.933 
0.046 0.987 0.168 0.965 0.955 
0.051 0.984 0.163 0.960 0.968 
0.029 0.991 0.122 0.970 0.955 
0.045 0.985 0.118 0.965 0.939 
0.045 0.985 0.172 0.955 0.971 
0.035 0.987 0.243 0.958 0.965 
0.042 0.985 0.185 0.963 0.952 
0.034 0.988 0.296 0.958 0.965 
0.041 0.982 0.374 0.950 0.968 
0.037 0.990 0.215 0.970 0.958 
0.036 0.988 0.150 0.975 0.923 
0.034 0.988 0.221 0.970 0.952 
0.052 0.984 0.226 0.963 0.958 
0.037 0.985 0.207 0.970 0.971 
0.029 0.990 0.203 0.968 0.958 
0.030 0.991 0.167 0.975 0.946 
0.043 0.988 0.189 0.980 0.942 
0.034 0.988 0.207 0.970 0.958 
0.033 0.989 0.121 0.978 0.869 
0.047 0.986 0.140 0.965 0.958 
0.052 0.988 0.125 0.980 0.946 
0.033 0.992 0.208 0.968 0.946 
0.055 0.985 0.156 0.973 0.949 
0.047 0.986 0.131 0.983 0.946 
0.042 0.987 0.214 0.965 0.962 
0.035 0.986 0.144 0.970 0.939 
0.049 0.987 0.158 0.968 0.962 
0.055 0.982 0.108 0.978 0.927 
0.035 0.989 0.107 0.978 0.917 
0.036 0.989 0.125 0.973 0.923 
0.046 0.987 0.103 0.968 0.958 
0.042 0.984 0.138 0.960 0.949 
0.033 0.988 0.155 0.960 0.955 
0.031 0.990 0.197 0.960 0.958 
0.039 0.985 0.162 0.975 0.958 
0.039 0.986 0.144 0.973 0.952 
0.045 0.989 0.254 0.965 0.962 
0.031 0.988 0.162 0.973 0.895 
0.037 0.989 0.255 0.965 0.968 
0.041 0.988 0.248 0.958 0.974 
0.033 0.990 0.258 0.965 0.968 
0.027 0.991 0.146 0.980 0.930 
0.040 0.985 0.195 0.975 0.955 
0.038 0.988 0.295 0.963 0.965 
0.041 0.986 0.186 0.963 0.965 
0.037 0.988 0.182 0.970 0.965 
0.041 0.990 0.108 0.985 0.920 
0.033 0.991 0.211 0.960 0.952 
0.041 0.987 0.181 0.960 0.955 
0.037 0.989 0.202 0.960 0.962 
0.039 0.987 0.144 0.975 0.965 
0.038 0.991 0.111 0.988 0.930 
0.035 0.986 0.187 0.970 0.942 
0.048 0.985 0.135 0.978 0.955 
0.040 0.989 0.084 0.983 0.917 
0.032 0.987 0.143 0.970 0.958 
0.036 0.986 0.117 0.980 0.942 
0.046 0.989 0.128 0.978 0.936 
0.035 0.988 0.115 0.975 0.942 
0.074 0.982 0.136 0.970 0.942 
0.040 0.988 0.176 0.953 0.971 
0.040 0.985 0.128 0.965 0.946 
0.032 0.992 0.198 0.963 0.958 
0.033 0.988 0.121 0.973 0.942 
0.032 0.989 0.169 0.968 0.968 
0.040 0.989 0.185 0.973 0.958 
0.034 0.990 0.212 0.963 0.968 
0.039 0.986 0.158 0.963 0.968 
0.029 0.994 0.118 0.978 0.942 
0.038 0.989 0.108 0.975 0.933 
0.028 0.988 0.155 0.958 0.968 
0.037 0.988 0.179 0.963 0.974 
0.034 0.990 0.163 0.968 0.946 
0.045 0.982 0.115 0.968 0.875 
0.032 0.989 0.140 0.973 0.955 
0.035 0.989 0.191 0.965 0.971 
0.042 0.989 0.132 0.968 0.949 
0.047 0.988 0.148 0.963 0.955 
0.035 0.989 0.233 0.940 0.971 
0.025 0.991 0.193 0.968 0.952 
0.051 0.986 0.103 0.978 0.907 
0.043 0.988 0.121 0.970 0.933 
0.048 0.987 0.220 0.963 0.965 
0.049 0.981 0.119 0.975 0.936 
0.030 0.986 0.191 0.960 0.965 
0.034 0.990 0.346 0.940 0.974 
0.034 0.987 0.119 0.970 0.942 
0.038 0.986 0.149 0.963 0.955 
0.036 0.987 0.160 0.965 0.958 
0.025 0.993 0.138 0.973 0.942 
0.042 0.988 0.175 0.968 0.958 
0.033 0.988 0.144 0.970 0.939 
0.037 0.989 0.497 0.953 0.974 
0.057 0.983 0.166 0.968 0.952 
0.034 0.985 0.202 0.965 0.965 
0.034 0.987 0.165 0.960 0.952 
0.037 0.988 0.230 0.958 0.968 
0.027 0.994 0.138 0.973 0.949 
0.037 0.986 0.218 0.963 0.974 
0.034 0.988 0.181 0.965 0.968 
0.055 0.991 0.188 0.968 0.968 
0.042 0.986 0.256 0.963 0.971 
0.028 0.990 0.155 0.965 0.942 
0.032 0.989 0.225 0.968 0.962 
0.047 0.986 0.130 0.983 0.933 
0.033 0.989 0.109 0.978 0.933 
0.030 0.991 0.166 0.965 0.965 
0.041 0.983 0.134 0.978 0.962 
0.033 0.989 0.121 0.980 0.914 
0.044 0.986 0.175 0.963 0.958 
0.032 0.990 0.123 0.975 0.965 
0.027 0.991 0.130 0.975 0.952 
0.027 0.993 0.192 0.973 0.955 
0.036 0.989 0.187 0.975 0.958 
0.031 0.989 0.195 0.965 0.958 
0.032 0.987 0.147 0.973 0.946 
0.034 0.988 0.081 0.988 0.901 
0.032 0.989 0.151 0.965 0.946 
0.032 0.991 0.117 0.970 0.949 
0.038 0.989 0.138 0.975 0.939 
0.040 0.990 0.147 0.970 0.917 
0.037 0.988 0.195 0.968 0.968 
0.028 0.990 0.143 0.975 0.952 
0.038 0.988 0.171 0.978 0.952 
0.045 0.985 0.175 0.965 0.968 
0.031 0.991 0.130 0.975 0.962 
0.025 0.990 0.125 0.980 0.936 
0.036 0.988 0.169 0.968 0.958 
0.031 0.989 0.152 0.975 0.927 
0.040 0.989 0.121 0.970 0.949 
0.049 0.986 0.185 0.968 0.958 
0.044 0.989 0.121 0.970 0.939 
0.032 0.989 0.097 0.970 0.946 
0.041 0.987 0.153 0.963 0.955 
0.040 0.988 0.195 0.963 0.952 
0.036 0.985 0.131 0.958 0.955 
0.028 0.991 0.112 0.970 0.946 
0.042 0.985 0.167 0.965 0.968 
0.036 0.988 0.093 0.973 0.936 
0.048 0.986 0.135 0.965 0.946 
0.038 0.987 0.100 0.975 0.927 
0.034 0.991 0.210 0.965 0.955 
0.029 0.989 0.183 0.968 0.952 
0.047 0.989 0.184 0.953 0.927 
0.032 0.992 0.172 0.965 0.946 
0.046 0.985 0.115 0.973 0.942 
0.031 0.989 0.132 0.965 0.946 
0.032 0.990 0.145 0.965 0.927 
0.049 0.986 0.094 0.978 0.949 
0.026 0.990 0.162 0.965 0.965 
0.044 0.990 0.210 0.965 0.952 
0.046 0.984 0.217 0.963 0.952 
0.028 0.992 0.171 0.968 0.946 
0.028 0.986 0.140 0.965 0.962 
0.035 0.990 0.133 0.970 0.942 
0.028 0.989 0.135 0.968 0.955 
0.041 0.989 0.172 0.965 0.946 
0.030 0.990 0.174 0.970 0.952 
0.033 0.988 0.187 0.968 0.955 
0.027 0.990 0.186 0.975 0.939 
0.022 0.995 0.224 0.970 0.939 
0.040 0.988 0.127 0.968 0.936 
0.032 0.987 0.146 0.970 0.930 
0.051 0.988 0.229 0.970 0.946 
0.051 0.985 0.123 0.978 0.923 
0.031 0.988 0.086 0.973 0.888 
0.034 0.987 0.147 0.973 0.946 
0.029 0.990 0.225 0.968 0.952 
0.029 0.989 0.154 0.960 0.942 
0.056 0.982 0.149 0.970 0.949 
0.039 0.989 0.103 0.975 0.920 
0.031 0.991 0.120 0.973 0.949 
0.025 0.990 0.126 0.975 0.920 
0.043 0.984 0.152 0.968 0.946 
0.045 0.983 0.078 0.983 0.904 
0.024 0.993 0.117 0.973 0.901 
0.035 0.988 0.162 0.963 0.958 
0.043 0.988 0.187 0.965 0.965 
0.033 0.988 0.161 0.970 0.958 
0.045 0.988 0.147 0.970 0.936 
0.032 0.989 0.259 0.965 0.962 
0.036 0.989 0.113 0.968 0.952 
0.036 0.988 0.150 0.980 0.911 
0.039 0.986 0.120 0.963 0.933 
0.025 0.992 0.149 0.965 0.939 
0.043 0.990 0.134 0.968 0.933 
0.029 0.988 0.100 0.975 0.927 
0.037 0.989 0.143 0.973 0.920 
0.041 0.986 0.165 0.958 0.939 
0.027 0.989 0.113 0.973 0.936 
0.031 0.991 0.156 0.960 0.911 
0.034 0.991 0.112 0.973 0.949 
0.036 0.989 0.130 0.970 0.958 
0.031 0.988 0.121 0.980 0.927 
0.036 0.986 0.150 0.965 0.939 
0.023 0.994 0.220 0.965 0.958 
0.030 0.994 0.267 0.958 0.974 
0.029 0.992 0.209 0.965 0.946 
0.053 0.986 0.151 0.978 0.882 
0.042 0.985 0.127 0.980 0.911 
0.044 0.988 0.139 0.975 0.863 
0.031 0.988 0.172 0.973 0.955 
0.020 0.991 0.186 0.973 0.958 
0.030 0.992 0.155 0.970 0.958 
0.031 0.991 0.127 0.970 0.955 
0.033 0.989 0.231 0.960 0.968 
0.043 0.989 0.277 0.953 0.974 
0.041 0.987 0.097 0.973 0.946 
0.030 0.989 0.140 0.970 0.962 
0.033 0.988 0.192 0.963 0.955 
0.030 0.991 0.209 0.970 0.933 
0.039 0.992 0.323 0.968 0.946 
0.047 0.985 0.182 0.973 0.936 
0.041 0.988 0.219 0.963 0.971 
0.029 0.990 0.194 0.968 0.965 
0.026 0.993 0.141 0.973 0.955 
0.025 0.991 0.220 0.955 0.971 
0.030 0.989 0.106 0.970 0.914 
0.039 0.987 0.180 0.955 0.965 
0.033 0.988 0.151 0.970 0.958 
0.030 0.988 0.312 0.968 0.962 
0.039 0.989 0.157 0.968 0.958 
0.029 0.992 0.138 0.973 0.942 
0.033 0.990 0.152 0.963 0.949 
0.032 0.988 0.197 0.968 0.962 
0.036 0.990 0.140 0.968 0.936 
0.025 0.991 0.236 0.968 0.958 
0.043 0.986 0.113 0.973 0.927 
0.038 0.989 0.119 0.973 0.942 
0.023 0.994 0.191 0.960 0.962 
0.035 0.988 0.121 0.975 0.933 
0.046 0.988 0.151 0.973 0.958 
0.022 0.993 0.146 0.968 0.939 
0.031 0.989 0.119 0.975 0.933 
0.033 0.986 0.182 0.975 0.949 
0.034 0.986 0.133 0.973 0.920 
0.032 0.989 0.132 0.978 0.942 
0.038 0.986 0.088 0.980 0.936 
0.045 0.989 0.163 0.965 0.965 
0.030 0.991 0.205 0.955 0.958 
0.038 0.990 0.164 0.965 0.965 
0.044 0.984 0.181 0.975 0.949 
0.028 0.991 0.254 0.955 0.971 
0.033 0.988 0.151 0.973 0.952 
0.037 0.987 0.153 0.968 0.962 
0.037 0.990 0.169 0.968 0.971 
0.024 0.993 0.161 0.955 0.955 
0.026 0.990 0.149 0.970 0.955 
0.030 0.990 0.200 0.958 0.974 
0.033 0.989 0.205 0.958 0.965 
0.030 0.991 0.133 0.978 0.942 
0.039 0.986 0.125 0.973 0.952 
0.035 0.989 0.172 0.965 0.958 
0.036 0.989 0.173 0.968 0.971 
0.033 0.990 0.131 0.970 0.958 
0.018 0.994 0.149 0.968 0.955 
0.039 0.989 0.244 0.945 0.971 
0.022 0.994 0.231 0.948 0.942 
0.072 0.986 0.118 0.973 0.933 
0.034 0.990 0.178 0.968 0.952 
0.025 0.993 0.246 0.960 0.958 
0.034 0.988 0.182 0.963 0.952 
0.031 0.989 0.167 0.968 0.942 
0.045 0.988 0.168 0.968 0.949 
0.028 0.991 0.133 0.968 0.962 
0.028 0.989 0.139 0.968 0.949 
0.030 0.992 0.204 0.955 0.962 
0.028 0.990 0.201 0.965 0.958 
0.029 0.990 0.192 0.965 0.949 
0.019 0.993 0.134 0.978 0.904 
0.028 0.991 0.153 0.978 0.927 
0.028 0.986 0.169 0.978 0.920 
0.043 0.990 0.137 0.970 0.942 
0.026 0.991 0.134 0.968 0.955 
0.031 0.991 0.159 0.970 0.955 
0.021 0.993 0.128 0.980 0.920 
0.026 0.991 0.177 0.970 0.958 
0.031 0.989 0.117 0.970 0.962 
0.028 0.989 0.228 0.965 0.968 
0.030 0.990 0.213 0.973 0.958 
0.050 0.984 0.103 0.978 0.933 
0.031 0.989 0.152 0.973 0.939 
0.029 0.991 0.224 0.968 0.968 
0.028 0.991 0.192 0.960 0.962 
0.035 0.990 0.173 0.958 0.965 
0.027 0.991 0.203 0.953 0.968 
0.034 0.992 0.124 0.968 0.965 
0.030 0.991 0.208 0.960 0.965 
0.041 0.988 0.182 0.975 0.942 
0.028 0.991 0.267 0.965 0.965 
0.042 0.988 0.141 0.970 0.958 
0.029 0.989 0.154 0.973 0.955 
0.031 0.989 0.162 0.960 0.965 
0.028 0.992 0.233 0.955 0.974 
0.026 0.990 0.083 0.983 0.939 
0.029 0.989 0.137 0.978 0.952 
0.045 0.987 0.112 0.975 0.952 
0.023 0.992 0.134 0.963 0.958 
0.039 0.990 0.182 0.963 0.962 
0.031 0.990 0.202 0.960 0.955 
0.038 0.990 0.204 0.955 0.968 
0.040 0.986 0.140 0.965 0.952 
0.032 0.992 0.152 0.963 0.958 
0.031 0.989 0.239 0.960 0.968 
0.026 0.991 0.227 0.970 0.952 
0.037 0.988 0.245 0.973 0.962 
0.038 0.991 0.228 0.973 0.949 
0.047 0.987 0.199 0.965 0.952 
0.038 0.988 0.197 0.965 0.962 
0.034 0.985 0.129 0.978 0.911 
0.028 0.989 0.169 0.970 0.952 
0.033 0.987 0.176 0.965 0.962 
0.019 0.995 0.313 0.965 0.965 
0.034 0.989 0.199 0.960 0.974 
0.026 0.990 0.322 0.963 0.965 
0.034 0.990 0.216 0.973 0.952 
0.025 0.991 0.193 0.955 0.971 
0.085 0.987 0.115 0.968 0.930 
0.035 0.989 0.152 0.970 0.952 
0.022 0.994 0.216 0.960 0.962 
0.028 0.991 0.101 0.975 0.952 
0.036 0.989 0.183 0.973 0.952 
0.035 0.988 0.158 0.965 0.958 
0.026 0.989 0.172 0.963 0.965 
0.018 0.991 0.169 0.970 0.958 
0.029 0.989 0.175 0.965 0.958 
0.038 0.988 0.197 0.963 0.946 
0.039 0.991 0.293 0.955 0.968 
0.028 0.993 0.218 0.965 0.946 
0.029 0.993 0.165 0.963 0.955 
0.025 0.991 0.142 0.970 0.952 
0.020 0.991 0.186 0.968 0.933 
0.031 0.992 0.239 0.965 0.962 
0.036 0.990 0.169 0.960 0.968 
0.020 0.993 0.194 0.965 0.949 
0.019 0.993 0.158 0.958 0.962 
0.043 0.985 0.222 0.955 0.965 
0.020 0.992 0.201 0.960 0.968 
0.030 0.993 0.308 0.970 0.949 
0.029 0.988 0.257 0.965 0.965 
0.036 0.990 0.151 0.980 0.911 
0.021 0.993 0.236 0.968 0.955 
0.046 0.985 0.194 0.960 0.965 
0.024 0.993 0.300 0.953 0.971 
0.024 0.991 0.178 0.973 0.939 
0.058 0.986 0.242 0.973 0.898 
0.042 0.988 0.189 0.963 0.949 
0.030 0.990 0.156 0.978 0.904 
0.047 0.988 0.308 0.958 0.962 
0.046 0.988 0.160 0.978 0.946 
0.023 0.989 0.219 0.963 0.965 
0.022 0.995 0.155 0.965 0.936 
0.039 0.990 0.161 0.970 0.942 
0.025 0.992 0.195 0.973 0.958 
0.019 0.992 0.170 0.970 0.952 
0.035 0.988 0.174 0.980 0.955 
0.033 0.989 0.138 0.980 0.917 
0.027 0.989 0.241 0.960 0.965 
0.027 0.990 0.257 0.963 0.958 
0.030 0.992 0.139 0.973 0.949 
0.026 0.992 0.145 0.975 0.885 
0.040 0.992 0.204 0.968 0.952 
0.029 0.992 0.344 0.943 0.968 
0.035 0.988 0.138 0.968 0.952 
0.024 0.993 0.144 0.968 0.955 
0.022 0.994 0.112 0.970 0.949 
0.029 0.990 0.115 0.985 0.930 
0.059 0.989 0.175 0.965 0.962 
0.029 0.991 0.175 0.970 0.952 
0.038 0.988 0.188 0.965 0.946 
0.038 0.988 0.176 0.968 0.949 
0.027 0.992 0.242 0.970 0.968 
0.038 0.986 0.240 0.963 0.949 
0.031 0.989 0.458 0.965 0.968 
0.042 0.985 0.143 0.968 0.936 
0.038 0.988 0.240 0.968 0.971 
0.039 0.990 0.131 0.975 0.927 
0.022 0.991 0.339 0.958 0.974 
0.033 0.992 0.228 0.973 0.958 
0.026 0.994 0.132 0.970 0.939 
0.035 0.990 0.208 0.965 0.930 
0.032 0.989 0.140 0.975 0.930 
0.035 0.989 0.195 0.970 0.936 
0.030 0.989 0.297 0.965 0.952 
0.022 0.992 0.141 0.980 0.907 
0.027 0.991 0.169 0.973 0.927 
0.015 0.993 0.350 0.963 0.971 
0.028 0.990 0.237 0.965 0.952 
0.036 0.991 0.125 0.960 0.907 
0.031 0.989 0.236 0.955 0.978 
0.025 0.990 0.352 0.965 0.952 
0.035 0.991 0.328 0.955 0.968 
0.039 0.993 0.214 0.965 0.958 
0.051 0.985 0.183 0.960 0.958 
0.027 0.992 0.170 0.968 0.955 
0.029 0.990 0.131 0.983 0.917 
0.031 0.990 0.140 0.970 0.949 
0.046 0.988 0.235 0.963 0.955 
0.031 0.991 0.228 0.968 0.955 
0.028 0.993 0.253 0.968 0.955 
0.026 0.994 0.234 0.960 0.962 
0.031 0.991 0.216 0.975 0.955 
0.032 0.992 0.172 0.975 0.942 
0.031 0.990 0.180 0.975 0.936 
0.031 0.990 0.224 0.970 0.952 
0.026 0.990 0.275 0.968 0.968 
0.040 0.985 0.213 0.963 0.958 
0.041 0.985 0.137 0.973 0.917 
0.042 0.987 0.126 0.975 0.923 
0.028 0.990 0.238 0.970 0.936 
0.026 0.990 0.242 0.970 0.962 
0.021 0.992 0.283 0.973 0.962 
0.033 0.990 0.207 0.965 0.965 
0.023 0.991 0.150 0.970 0.946 
0.047 0.986 0.143 0.975 0.942 
0.021 0.993 0.182 0.970 0.958 
0.040 0.989 0.147 0.970 0.968 
0.031 0.991 0.228 0.960 0.968 
0.037 0.990 0.173 0.975 0.958 
0.037 0.988 0.194 0.973 0.962 
0.033 0.992 0.143 0.985 0.933 
0.030 0.991 0.181 0.980 0.930 
0.014 0.994 0.336 0.975 0.949 
0.045 0.984 0.339 0.973 0.958 
0.057 0.984 0.250 0.973 0.955 
0.032 0.994 0.149 0.973 0.930 
0.057 0.986 0.275 0.963 0.965 
0.032 0.989 0.273 0.970 0.968 
0.026 0.990 0.193 0.978 0.917 
0.044 0.987 0.181 0.975 0.949 
0.027 0.989 0.178 0.978 0.952 
0.023 0.991 0.141 0.970 0.907 
0.030 0.988 0.236 0.965 0.971 
0.029 0.993 0.178 0.975 0.936 
0.038 0.986 0.169 0.965 0.971 
0.028 0.989 0.183 0.963 0.962 
0.027 0.993 0.210 0.970 0.955 
0.026 0.993 0.200 0.975 0.946 
0.034 0.987 0.279 0.975 0.942 
0.033 0.988 0.151 0.965 0.946 
0.027 0.992 0.221 0.960 0.962 
0.019 0.994 0.197 0.970 0.958 
0.041 0.989 0.187 0.973 0.949 
0.031 0.990 0.185 0.975 0.952 
0.027 0.989 0.123 0.970 0.936 
0.029 0.990 0.214 0.955 0.962 
0.025 0.993 0.179 0.970 0.952 
0.035 0.989 0.154 0.973 0.946 
0.031 0.990 0.248 0.960 0.958 
0.055 0.988 0.164 0.973 0.949 
0.023 0.993 0.196 0.960 0.962 
0.034 0.992 0.242 0.970 0.955 
0.019 0.991 0.234 0.960 0.974 
0.040 0.986 0.149 0.968 0.952 
0.026 0.991 0.142 0.965 0.949 
0.022 0.991 0.159 0.975 0.949 
0.033 0.989 0.416 0.958 0.965 
0.038 0.989 0.234 0.978 0.907 
0.029 0.988 0.220 0.970 0.946 
0.021 0.993 0.342 0.970 0.955 
0.040 0.988 0.241 0.963 0.962 
0.016 0.993 0.209 0.975 0.949 
0.019 0.992 0.301 0.968 0.968 
0.032 0.991 0.479 0.955 0.965 
0.023 0.991 0.209 0.975 0.946 
0.031 0.990 0.152 0.965 0.872 
0.035 0.990 0.282 0.953 0.965 
0.028 0.993 0.237 0.978 0.942 
0.025 0.993 0.406 0.955 0.962 
0.023 0.993 0.208 0.965 0.958 
0.033 0.990 0.145 0.970 0.962 
0.021 0.992 0.315 0.953 0.974 
0.027 0.992 0.138 0.978 0.942 
0.031 0.992 0.251 0.965 0.939 
0.026 0.990 0.339 0.948 0.978 
0.025 0.993 0.203 0.970 0.933 
0.036 0.987 0.326 0.960 0.965 
0.023 0.990 0.250 0.973 0.939 
0.035 0.986 0.332 0.973 0.958 
0.054 0.992 0.207 0.968 0.920 
0.034 0.990 0.369 0.963 0.955 
0.034 0.992 0.325 0.958 0.962 
0.022 0.995 0.344 0.960 0.962 
0.032 0.989 0.422 0.963 0.958 
0.041 0.991 0.388 0.963 0.965 
0.027 0.991 0.347 0.965 0.939 
0.070 0.989 0.247 0.965 0.891 
0.028 0.990 0.326 0.960 0.949 
0.040 0.988 0.333 0.968 0.952 
0.033 0.986 0.396 0.963 0.965 
0.038 0.989 0.348 0.940 0.978 
0.023 0.991 0.267 0.975 0.952 
0.023 0.991 0.357 0.970 0.952 
0.049 0.985 0.182 0.973 0.939 
0.028 0.993 0.176 0.968 0.942 
0.024 0.995 0.287 0.963 0.968 
0.073 0.991 0.213 0.958 0.942 
0.028 0.994 0.222 0.955 0.955 
0.023 0.993 0.184 0.960 0.958 
0.028 0.992 0.232 0.963 0.949 
0.032 0.990 0.239 0.963 0.958 
0.033 0.991 0.244 0.965 0.955 
0.029 0.991 0.253 0.965 0.952 
0.035 0.991 0.102 0.975 0.933 
0.038 0.989 0.173 0.968 0.949 
0.032 0.990 0.214 0.963 0.962 
0.019 0.995 0.246 0.965 0.965 
0.022 0.992 0.255 0.953 0.965 
0.034 0.988 0.242 0.963 0.965 
0.025 0.994 0.266 0.968 0.949 
0.018 0.993 0.178 0.970 0.933 
0.021 0.992 0.356 0.958 0.962 
0.029 0.989 0.375 0.970 0.946 
0.021 0.993 0.214 0.973 0.952 
0.035 0.991 0.136 0.975 0.914 
0.026 0.991 0.148 0.968 0.930 
0.023 0.993 0.233 0.968 0.955 
0.023 0.992 0.382 0.955 0.968 
0.030 0.990 0.144 0.973 0.920 
0.034 0.990 0.188 0.975 0.939 
0.023 0.993 0.296 0.970 0.933 
0.037 0.987 0.244 0.970 0.936 
0.023 0.990 0.290 0.970 0.949 
0.028 0.994 0.283 0.963 0.927 
0.025 0.992 0.124 0.975 0.901 
0.039 0.990 0.149 0.978 0.920 
0.047 0.982 0.149 0.975 0.942 
0.022 0.992 0.238 0.960 0.958 
0.031 0.993 0.278 0.965 0.962 
0.027 0.992 0.240 0.960 0.949 
0.029 0.990 0.149 0.970 0.933 
0.033 0.990 0.140 0.975 0.901 
0.024 0.993 0.256 0.945 0.974 
0.025 0.993 0.156 0.963 0.965 
0.049 0.989 0.136 0.975 0.949 
0.026 0.991 0.146 0.970 0.923 
0.022 0.995 0.174 0.970 0.949 
0.026 0.991 0.287 0.963 0.958 
0.022 0.993 0.237 0.968 0.955 
0.049 0.986 0.597 0.950 0.978 
0.051 0.989 0.254 0.968 0.952 
0.032 0.989 0.211 0.970 0.946 
0.048 0.990 0.294 0.968 0.971 
0.031 0.990 0.254 0.968 0.965 
0.029 0.993 0.208 0.973 0.968 
0.021 0.993 0.440 0.965 0.914 
0.053 0.988 0.251 0.975 0.907 
0.025 0.989 0.221 0.963 0.958 
0.031 0.990 0.131 0.980 0.946 
0.039 0.988 0.131 0.970 0.936 
0.030 0.990 0.216 0.963 0.965 
0.019 0.992 0.197 0.968 0.942 
0.028 0.991 0.557 0.968 0.939 
0.038 0.986 0.284 0.973 0.933 
0.045 0.992 0.366 0.970 0.958 
0.031 0.989 0.217 0.973 0.962 
0.031 0.993 0.315 0.963 0.965 
0.033 0.989 0.207 0.968 0.962 
0.038 0.985 0.175 0.960 0.962 
0.053 0.990 0.128 0.975 0.920 
0.031 0.990 0.122 0.973 0.949 
0.034 0.990 0.113 0.968 0.936 
0.026 0.990 0.159 0.968 0.955 
0.027 0.993 0.145 0.970 0.907 
0.046 0.988 0.110 0.973 0.927 
0.044 0.986 0.148 0.970 0.946 
0.028 0.991 0.158 0.978 0.923 
0.043 0.987 0.248 0.968 0.955 
0.044 0.991 0.255 0.963 0.968 
0.021 0.994 0.223 0.968 0.958 
0.031 0.992 0.185 0.973 0.923 
0.025 0.992 0.200 0.973 0.962 
0.044 0.987 0.108 0.970 0.923 
0.031 0.990 0.233 0.960 0.968 
0.028 0.989 0.111 0.973 0.965 
0.023 0.992 0.203 0.970 0.968 
0.021 0.994 0.245 0.970 0.946 
0.027 0.994 0.220 0.970 0.958 
0.027 0.990 0.155 0.973 0.942 
0.039 0.989 0.163 0.975 0.952 
0.028 0.990 0.221 0.973 0.965 
0.029 0.993 0.211 0.978 0.958 
0.023 0.994 0.251 0.973 0.958 
0.034 0.991 0.175 0.975 0.927 
0.030 0.993 0.159 0.973 0.952 
0.030 0.990 0.287 0.958 0.971 
0.032 0.991 0.159 0.968 0.962 
0.022 0.994 0.116 0.978 0.904 
0.027 0.990 0.148 0.970 0.952 
0.034 0.990 0.128 0.975 0.965 
0.030 0.991 0.155 0.975 0.965 
0.025 0.990 0.130 0.973 0.952 
0.035 0.988 0.148 0.968 0.946 
0.021 0.993 0.324 0.963 0.965 
0.035 0.988 0.157 0.980 0.907 
0.033 0.988 0.169 0.965 0.958 
0.030 0.991 0.164 0.970 0.958 
0.024 0.990 0.192 0.965 0.968 
0.031 0.991 0.167 0.980 0.930 
0.026 0.989 0.087 0.975 0.821 
0.018 0.994 0.133 0.975 0.911 
0.023 0.991 0.280 0.968 0.936 
0.041 0.990 0.206 0.978 0.914 
0.039 0.988 0.281 0.963 0.965 
0.022 0.991 0.223 0.973 0.955 
0.035 0.994 0.191 0.973 0.952 
0.017 0.993 0.209 0.960 0.955 
0.045 0.991 0.145 0.975 0.933 
0.022 0.994 0.166 0.973 0.949 
0.039 0.990 0.186 0.973 0.923 
0.021 0.993 0.125 0.975 0.911 
0.028 0.990 0.188 0.978 0.942 
0.016 0.994 0.186 0.975 0.946 
0.026 0.993 0.223 0.978 0.907 
0.039 0.986 0.228 0.973 0.895 
0.024 0.991 0.148 0.970 0.917 
0.033 0.988 0.279 0.973 0.949 
0.029 0.993 0.180 0.975 0.923 
0.037 0.988 0.129 0.975 0.923 
