0.450 0.814 0.246 0.945 0.532 
0.333 0.861 0.176 0.945 0.424 
0.327 0.868 0.173 0.968 0.655 
0.294 0.888 0.189 0.968 0.766 
0.271 0.899 0.216 0.943 0.563 
0.257 0.905 0.156 0.958 0.421 
0.261 0.904 0.161 0.970 0.889 
0.237 0.913 0.117 0.968 0.772 
0.202 0.921 0.138 0.963 0.728 
0.220 0.920 0.157 0.980 0.921 
0.206 0.922 0.138 0.955 0.877 
0.204 0.921 0.093 0.980 0.864 
0.202 0.924 0.132 0.980 0.918 
0.188 0.931 0.096 0.978 0.896 
0.183 0.935 0.095 0.983 0.902 
0.197 0.927 0.084 0.973 0.877 
0.179 0.931 0.104 0.958 0.867 
0.175 0.938 0.082 0.980 0.886 
0.179 0.932 0.093 0.983 0.902 
0.167 0.936 0.086 0.980 0.911 
0.184 0.932 0.104 0.983 0.918 
0.167 0.940 0.194 0.940 0.810 
0.165 0.939 0.139 0.968 0.892 
0.160 0.939 0.110 0.965 0.905 
0.156 0.946 0.108 0.983 0.905 
0.154 0.946 0.099 0.980 0.911 
0.157 0.946 0.116 0.975 0.937 
0.159 0.949 0.130 0.968 0.940 
0.148 0.946 0.124 0.975 0.956 
0.144 0.948 0.109 0.978 0.908 
0.139 0.949 0.075 0.983 0.915 
0.142 0.946 0.111 0.978 0.924 
0.128 0.957 0.113 0.973 0.940 
0.156 0.941 0.108 0.955 0.877 
0.149 0.945 0.153 0.943 0.880 
0.123 0.958 0.113 0.958 0.858 
0.154 0.942 0.112 0.970 0.905 
0.134 0.953 0.116 0.975 0.934 
0.116 0.955 0.085 0.980 0.905 
0.131 0.950 0.093 0.975 0.924 
0.136 0.946 0.090 0.978 0.915 
0.123 0.955 0.087 0.980 0.927 
0.117 0.958 0.109 0.978 0.908 
0.123 0.959 0.080 0.978 0.889 
0.127 0.955 0.189 0.935 0.953 
0.123 0.958 0.117 0.983 0.911 
0.125 0.957 0.093 0.980 0.905 
0.108 0.966 0.092 0.983 0.915 
0.125 0.950 0.089 0.975 0.911 
0.127 0.953 0.105 0.968 0.902 
0.116 0.960 0.122 0.953 0.896 
0.122 0.956 0.176 0.930 0.962 
0.103 0.959 0.106 0.958 0.892 
0.101 0.965 0.117 0.978 0.921 
0.106 0.966 0.123 0.978 0.943 
0.115 0.961 0.120 0.978 0.953 
0.111 0.963 0.101 0.983 0.911 
0.120 0.959 0.091 0.975 0.918 
0.124 0.959 0.127 0.978 0.921 
0.107 0.961 0.082 0.983 0.921 
0.105 0.965 0.093 0.978 0.918 
0.112 0.958 0.082 0.983 0.908 
0.104 0.960 0.091 0.970 0.921 
0.113 0.964 0.112 0.975 0.930 
0.116 0.959 0.109 0.980 0.927 
0.106 0.961 0.116 0.980 0.927 
0.108 0.961 0.075 0.980 0.924 
0.111 0.958 0.087 0.980 0.899 
0.093 0.968 0.145 0.970 0.940 
0.095 0.965 0.110 0.978 0.953 
0.113 0.963 0.105 0.975 0.918 
0.093 0.969 0.102 0.965 0.921 
0.086 0.967 0.149 0.943 0.953 
0.116 0.958 0.079 0.978 0.892 
0.092 0.969 0.087 0.980 0.915 
0.098 0.967 0.131 0.975 0.937 
0.087 0.971 0.090 0.978 0.924 
0.087 0.971 0.104 0.978 0.934 
0.097 0.966 0.082 0.980 0.930 
0.099 0.965 0.088 0.983 0.924 
0.080 0.973 0.059 0.985 0.911 
0.077 0.973 0.077 0.985 0.921 
0.111 0.961 0.072 0.985 0.918 
0.103 0.964 0.094 0.983 0.908 
0.096 0.967 0.087 0.985 0.915 
0.089 0.970 0.098 0.983 0.911 
0.093 0.966 0.130 0.963 0.943 
0.102 0.966 0.090 0.983 0.927 
0.097 0.969 0.113 0.965 0.927 
0.095 0.965 0.145 0.935 0.962 
0.097 0.963 0.113 0.965 0.937 
0.080 0.972 0.140 0.943 0.949 
0.070 0.975 0.146 0.945 0.946 
0.083 0.971 0.090 0.978 0.930 
0.079 0.969 0.150 0.960 0.940 
0.087 0.975 0.083 0.985 0.918 
0.080 0.968 0.090 0.978 0.911 
0.098 0.971 0.107 0.973 0.927 
0.087 0.966 0.121 0.963 0.937 
0.100 0.965 0.097 0.975 0.924 
0.087 0.971 0.132 0.973 0.934 
0.073 0.974 0.082 0.978 0.927 
0.078 0.970 0.109 0.970 0.940 
0.095 0.965 0.082 0.980 0.930 
0.087 0.969 0.126 0.968 0.937 
0.082 0.972 0.083 0.978 0.924 
0.083 0.970 0.083 0.978 0.918 
0.074 0.973 0.080 0.978 0.918 
0.079 0.973 0.109 0.973 0.937 
0.078 0.970 0.072 0.985 0.934 
0.084 0.969 0.087 0.980 0.921 
0.090 0.967 0.120 0.970 0.937 
0.081 0.966 0.072 0.983 0.915 
0.089 0.975 0.078 0.980 0.918 
0.091 0.966 0.087 0.985 0.918 
0.075 0.972 0.075 0.980 0.905 
0.070 0.974 0.119 0.965 0.946 
0.062 0.973 0.068 0.983 0.896 
0.091 0.972 0.058 0.985 0.921 
0.075 0.972 0.075 0.983 0.930 
0.074 0.973 0.075 0.985 0.934 
0.075 0.976 0.079 0.980 0.899 
0.071 0.980 0.110 0.975 0.943 
0.083 0.972 0.085 0.978 0.921 
0.078 0.975 0.079 0.978 0.921 
0.068 0.977 0.062 0.988 0.899 
0.072 0.974 0.067 0.985 0.902 
0.069 0.977 0.084 0.985 0.924 
0.081 0.972 0.087 0.988 0.915 
0.055 0.983 0.108 0.970 0.937 
0.083 0.973 0.072 0.985 0.905 
0.078 0.973 0.079 0.983 0.921 
0.078 0.978 0.062 0.985 0.921 
0.076 0.972 0.087 0.980 0.924 
0.080 0.971 0.083 0.980 0.905 
0.077 0.972 0.084 0.975 0.892 
0.068 0.975 0.083 0.978 0.911 
0.078 0.972 0.113 0.973 0.930 
0.060 0.982 0.082 0.983 0.915 
0.059 0.979 0.069 0.983 0.899 
0.088 0.970 0.083 0.980 0.915 
0.070 0.976 0.091 0.983 0.915 
0.070 0.974 0.087 0.980 0.934 
0.081 0.974 0.071 0.983 0.883 
0.078 0.976 0.109 0.973 0.924 
0.065 0.981 0.118 0.973 0.911 
0.064 0.981 0.066 0.985 0.902 
0.076 0.974 0.087 0.980 0.911 
0.076 0.976 0.122 0.970 0.940 
0.076 0.975 0.088 0.983 0.918 
0.071 0.978 0.075 0.985 0.908 
0.079 0.970 0.102 0.978 0.924 
0.067 0.977 0.094 0.983 0.927 
0.062 0.979 0.078 0.983 0.905 
0.078 0.970 0.069 0.985 0.915 
0.075 0.977 0.089 0.978 0.924 
0.064 0.978 0.085 0.983 0.921 
0.059 0.983 0.084 0.975 0.924 
0.071 0.975 0.078 0.983 0.911 
0.078 0.974 0.103 0.978 0.930 
0.082 0.973 0.131 0.963 0.946 
0.067 0.972 0.182 0.930 0.962 
0.074 0.976 0.099 0.968 0.940 
0.077 0.971 0.070 0.990 0.905 
0.055 0.978 0.052 0.993 0.886 
0.063 0.979 0.063 0.988 0.921 
0.064 0.977 0.117 0.975 0.927 
0.053 0.981 0.098 0.970 0.943 
0.062 0.982 0.061 0.985 0.892 
0.073 0.976 0.117 0.963 0.943 
0.068 0.977 0.141 0.965 0.943 
0.071 0.975 0.116 0.983 0.927 
0.063 0.978 0.066 0.983 0.918 
0.076 0.974 0.123 0.970 0.934 
0.075 0.968 0.071 0.985 0.899 
0.048 0.983 0.074 0.983 0.902 
0.065 0.979 0.081 0.980 0.937 
0.071 0.974 0.097 0.978 0.924 
0.060 0.979 0.064 0.985 0.889 
0.054 0.984 0.066 0.988 0.899 
0.071 0.974 0.069 0.985 0.899 
0.061 0.977 0.075 0.980 0.915 
0.067 0.980 0.063 0.985 0.915 
0.069 0.978 0.085 0.975 0.911 
0.073 0.976 0.086 0.978 0.921 
0.060 0.979 0.090 0.970 0.934 
0.061 0.981 0.091 0.978 0.921 
0.063 0.979 0.099 0.970 0.930 
0.064 0.978 0.063 0.985 0.883 
0.062 0.980 0.078 0.973 0.921 
0.064 0.981 0.054 0.990 0.908 
0.056 0.983 0.060 0.983 0.921 
0.079 0.970 0.059 0.985 0.921 
0.052 0.980 0.058 0.988 0.908 
0.064 0.979 0.055 0.990 0.902 
0.057 0.982 0.100 0.978 0.940 
0.064 0.978 0.069 0.985 0.927 
0.068 0.977 0.061 0.988 0.918 
0.057 0.984 0.053 0.985 0.883 
0.059 0.983 0.092 0.983 0.934 
0.067 0.979 0.063 0.988 0.911 
0.066 0.976 0.091 0.973 0.937 
0.060 0.979 0.066 0.988 0.915 
0.067 0.977 0.070 0.983 0.908 
0.052 0.984 0.117 0.973 0.953 
0.058 0.978 0.064 0.988 0.899 
0.061 0.980 0.107 0.970 0.943 
0.068 0.975 0.061 0.988 0.889 
0.069 0.973 0.071 0.990 0.905 
0.054 0.981 0.060 0.988 0.908 
0.065 0.979 0.078 0.980 0.921 
0.056 0.979 0.099 0.973 0.921 
0.066 0.976 0.069 0.988 0.915 
0.052 0.983 0.087 0.973 0.946 
0.064 0.976 0.147 0.943 0.965 
0.072 0.976 0.077 0.978 0.937 
0.063 0.976 0.062 0.985 0.899 
0.064 0.981 0.071 0.985 0.915 
0.062 0.978 0.065 0.983 0.921 
0.065 0.973 0.108 0.968 0.930 
0.056 0.982 0.091 0.975 0.949 
0.056 0.982 0.076 0.980 0.873 
0.055 0.982 0.069 0.985 0.918 
0.059 0.981 0.071 0.983 0.918 
0.047 0.982 0.083 0.980 0.908 
0.073 0.974 0.082 0.980 0.927 
0.055 0.983 0.066 0.988 0.915 
0.054 0.984 0.118 0.965 0.943 
0.058 0.982 0.101 0.973 0.851 
0.062 0.982 0.065 0.990 0.915 
0.065 0.977 0.055 0.985 0.911 
0.046 0.984 0.064 0.983 0.905 
0.053 0.981 0.100 0.968 0.911 
0.072 0.976 0.080 0.973 0.924 
0.072 0.974 0.097 0.973 0.927 
0.055 0.979 0.124 0.970 0.946 
0.055 0.984 0.089 0.975 0.953 
0.047 0.982 0.097 0.973 0.940 
0.059 0.982 0.056 0.985 0.899 
0.055 0.980 0.066 0.985 0.896 
0.061 0.982 0.052 0.993 0.911 
0.054 0.983 0.065 0.985 0.911 
0.056 0.985 0.075 0.980 0.915 
0.044 0.985 0.057 0.990 0.892 
0.053 0.985 0.071 0.985 0.927 
0.060 0.979 0.054 0.985 0.905 
0.049 0.982 0.074 0.975 0.930 
0.056 0.979 0.092 0.968 0.940 
0.050 0.981 0.089 0.975 0.924 
0.065 0.977 0.081 0.973 0.927 
0.064 0.978 0.064 0.980 0.924 
0.060 0.979 0.071 0.983 0.918 
0.054 0.982 0.081 0.980 0.940 
0.064 0.983 0.108 0.978 0.943 
0.045 0.986 0.065 0.988 0.911 
0.045 0.987 0.108 0.968 0.940 
0.058 0.979 0.060 0.990 0.908 
0.050 0.984 0.083 0.978 0.930 
0.062 0.979 0.060 0.988 0.899 
0.047 0.984 0.066 0.980 0.927 
0.046 0.982 0.075 0.975 0.911 
0.062 0.979 0.120 0.965 0.940 
0.045 0.984 0.083 0.978 0.937 
0.047 0.986 0.118 0.958 0.949 
0.044 0.985 0.098 0.973 0.937 
0.058 0.979 0.057 0.985 0.911 
0.049 0.983 0.073 0.980 0.921 
0.065 0.976 0.078 0.980 0.915 
0.046 0.987 0.059 0.985 0.905 
0.052 0.985 0.073 0.980 0.924 
0.054 0.985 0.062 0.983 0.911 
0.056 0.981 0.079 0.980 0.927 
0.055 0.980 0.089 0.978 0.930 
0.050 0.983 0.103 0.973 0.956 
0.045 0.986 0.078 0.980 0.927 
0.057 0.982 0.070 0.980 0.924 
0.049 0.982 0.079 0.980 0.937 
0.077 0.977 0.055 0.988 0.940 
0.054 0.979 0.066 0.983 0.908 
0.051 0.983 0.089 0.978 0.930 
0.047 0.984 0.067 0.983 0.915 
0.048 0.983 0.065 0.988 0.886 
0.050 0.981 0.091 0.968 0.924 
0.065 0.976 0.086 0.973 0.896 
0.066 0.975 0.076 0.983 0.902 
0.049 0.985 0.115 0.978 0.937 
0.048 0.982 0.076 0.983 0.921 
0.062 0.980 0.108 0.973 0.924 
0.052 0.983 0.082 0.988 0.908 
0.054 0.981 0.072 0.983 0.915 
0.035 0.986 0.093 0.983 0.908 
0.047 0.985 0.093 0.978 0.927 
0.052 0.981 0.095 0.983 0.899 
0.056 0.982 0.079 0.983 0.911 
0.052 0.981 0.077 0.988 0.880 
0.050 0.984 0.109 0.978 0.896 
0.057 0.980 0.081 0.980 0.924 
0.053 0.984 0.075 0.975 0.949 
0.046 0.986 0.074 0.983 0.927 
0.044 0.985 0.081 0.985 0.934 
0.047 0.984 0.080 0.980 0.927 
0.049 0.983 0.067 0.988 0.908 
0.056 0.983 0.076 0.985 0.924 
0.053 0.984 0.076 0.978 0.934 
0.061 0.982 0.079 0.975 0.943 
0.056 0.981 0.071 0.988 0.905 
0.047 0.986 0.078 0.980 0.899 
0.058 0.982 0.058 0.988 0.921 
0.060 0.979 0.076 0.978 0.934 
0.053 0.977 0.089 0.980 0.927 
0.052 0.981 0.087 0.983 0.943 
0.049 0.984 0.092 0.980 0.908 
0.050 0.983 0.068 0.990 0.918 
0.056 0.981 0.105 0.978 0.921 
0.061 0.979 0.099 0.970 0.940 
0.051 0.984 0.064 0.985 0.930 
0.050 0.981 0.082 0.970 0.937 
0.058 0.980 0.059 0.988 0.892 
0.040 0.984 0.069 0.983 0.915 
0.041 0.985 0.099 0.980 0.924 
0.056 0.981 0.095 0.983 0.937 
0.068 0.977 0.075 0.988 0.870 
0.045 0.983 0.066 0.988 0.902 
0.068 0.979 0.063 0.988 0.924 
0.052 0.982 0.059 0.988 0.918 
0.046 0.985 0.106 0.970 0.924 
0.050 0.982 0.092 0.980 0.908 
0.046 0.982 0.074 0.978 0.924 
0.046 0.986 0.065 0.988 0.896 
0.057 0.980 0.067 0.985 0.918 
0.041 0.985 0.084 0.978 0.949 
0.055 0.980 0.077 0.988 0.924 
0.048 0.983 0.209 0.968 0.940 
0.053 0.985 0.077 0.978 0.930 
0.049 0.986 0.062 0.985 0.924 
0.056 0.979 0.065 0.988 0.927 
0.042 0.987 0.103 0.970 0.924 
0.048 0.983 0.134 0.965 0.965 
0.060 0.979 0.068 0.988 0.908 
0.048 0.985 0.087 0.985 0.908 
0.052 0.982 0.073 0.988 0.940 
0.057 0.981 0.074 0.983 0.940 
0.053 0.982 0.080 0.980 0.930 
0.050 0.983 0.061 0.990 0.905 
0.055 0.981 0.064 0.985 0.918 
0.049 0.986 0.065 0.985 0.899 
0.046 0.981 0.070 0.985 0.899 
0.046 0.987 0.065 0.985 0.921 
0.049 0.984 0.065 0.985 0.908 
0.046 0.988 0.085 0.975 0.930 
0.062 0.980 0.083 0.978 0.940 
0.068 0.977 0.068 0.983 0.911 
0.053 0.984 0.088 0.975 0.924 
0.042 0.986 0.086 0.983 0.930 
0.052 0.982 0.079 0.975 0.924 
0.039 0.988 0.083 0.975 0.937 
0.046 0.985 0.071 0.985 0.924 
0.065 0.979 0.071 0.985 0.934 
0.051 0.984 0.076 0.983 0.937 
0.054 0.982 0.088 0.965 0.940 
0.040 0.986 0.067 0.988 0.924 
0.048 0.984 0.079 0.973 0.915 
0.042 0.986 0.064 0.983 0.940 
0.057 0.981 0.064 0.985 0.921 
0.055 0.981 0.101 0.980 0.949 
0.049 0.983 0.067 0.983 0.915 
0.043 0.987 0.062 0.988 0.918 
0.037 0.987 0.069 0.980 0.934 
0.041 0.986 0.134 0.975 0.943 
0.057 0.980 0.100 0.975 0.946 
0.038 0.985 0.118 0.978 0.953 
0.036 0.988 0.060 0.988 0.921 
0.046 0.983 0.076 0.983 0.934 
0.048 0.986 0.096 0.983 0.921 
0.056 0.982 0.101 0.980 0.930 
0.045 0.985 0.105 0.975 0.953 
0.045 0.985 0.086 0.985 0.934 
0.052 0.982 0.077 0.980 0.946 
0.041 0.986 0.078 0.983 0.918 
0.050 0.984 0.094 0.980 0.899 
0.048 0.984 0.068 0.988 0.918 
0.048 0.984 0.115 0.963 0.946 
0.046 0.984 0.104 0.970 0.940 
0.050 0.984 0.100 0.983 0.924 
0.062 0.981 0.076 0.990 0.924 
0.058 0.981 0.099 0.985 0.911 
0.045 0.980 0.127 0.975 0.927 
0.033 0.989 0.109 0.980 0.915 
0.045 0.982 0.134 0.983 0.915 
0.044 0.985 0.074 0.985 0.918 
0.044 0.984 0.129 0.978 0.921 
0.061 0.979 0.084 0.980 0.911 
0.043 0.988 0.079 0.983 0.943 
0.045 0.986 0.069 0.988 0.911 
0.055 0.983 0.106 0.975 0.921 
0.050 0.986 0.064 0.985 0.918 
0.045 0.985 0.095 0.970 0.949 
0.037 0.985 0.089 0.973 0.949 
0.056 0.979 0.089 0.985 0.905 
0.043 0.984 0.075 0.985 0.921 
0.044 0.985 0.093 0.985 0.924 
0.039 0.984 0.098 0.973 0.946 
0.045 0.986 0.072 0.980 0.927 
0.035 0.986 0.073 0.985 0.886 
0.048 0.985 0.092 0.975 0.908 
0.050 0.980 0.073 0.983 0.918 
0.037 0.988 0.074 0.980 0.924 
0.037 0.985 0.095 0.975 0.934 
0.050 0.985 0.089 0.978 0.927 
0.037 0.991 0.138 0.975 0.915 
0.058 0.982 0.059 0.988 0.908 
0.045 0.983 0.052 0.993 0.915 
0.043 0.984 0.071 0.988 0.921 
0.052 0.981 0.108 0.980 0.930 
0.048 0.985 0.075 0.978 0.937 
0.039 0.988 0.070 0.985 0.915 
0.041 0.987 0.061 0.985 0.927 
0.058 0.981 0.084 0.980 0.940 
0.044 0.983 0.064 0.980 0.940 
0.040 0.986 0.083 0.975 0.940 
0.053 0.981 0.071 0.983 0.908 
0.033 0.989 0.061 0.988 0.927 
0.052 0.984 0.082 0.985 0.927 
0.034 0.991 0.067 0.978 0.940 
0.044 0.987 0.065 0.985 0.921 
0.043 0.986 0.058 0.988 0.918 
0.050 0.983 0.056 0.990 0.911 
0.049 0.985 0.058 0.985 0.915 
0.047 0.985 0.058 0.988 0.915 
0.043 0.988 0.069 0.985 0.889 
0.041 0.985 0.070 0.980 0.921 
0.041 0.985 0.058 0.988 0.870 
0.041 0.985 0.063 0.983 0.918 
0.040 0.985 0.072 0.988 0.927 
0.036 0.986 0.061 0.988 0.930 
0.049 0.984 0.069 0.983 0.924 
0.046 0.984 0.075 0.980 0.943 
0.042 0.983 0.059 0.990 0.921 
0.042 0.985 0.053 0.988 0.918 
0.052 0.982 0.078 0.985 0.924 
0.044 0.989 0.066 0.985 0.927 
0.039 0.990 0.068 0.985 0.902 
0.050 0.983 0.058 0.988 0.908 
0.052 0.981 0.060 0.985 0.924 
0.052 0.982 0.063 0.988 0.915 
0.052 0.981 0.061 0.988 0.911 
0.054 0.985 0.064 0.988 0.908 
0.040 0.986 0.070 0.985 0.927 
0.047 0.978 0.056 0.993 0.911 
0.040 0.985 0.059 0.988 0.921 
0.039 0.984 0.072 0.988 0.921 
0.041 0.985 0.070 0.988 0.911 
0.060 0.979 0.073 0.988 0.927 
0.035 0.989 0.069 0.988 0.902 
0.058 0.983 0.070 0.988 0.911 
0.045 0.984 0.075 0.988 0.934 
0.043 0.987 0.085 0.983 0.921 
0.039 0.985 0.167 0.963 0.962 
0.048 0.983 0.074 0.988 0.943 
0.056 0.983 0.076 0.983 0.908 
0.038 0.986 0.062 0.985 0.918 
0.043 0.985 0.060 0.988 0.943 
0.045 0.986 0.060 0.988 0.918 
0.043 0.986 0.075 0.980 0.927 
0.038 0.988 0.058 0.990 0.924 
0.046 0.984 0.079 0.980 0.921 
0.038 0.986 0.057 0.990 0.899 
0.051 0.982 0.062 0.988 0.921 
0.037 0.987 0.086 0.980 0.956 
0.043 0.986 0.088 0.985 0.924 
0.044 0.986 0.107 0.978 0.949 
0.046 0.982 0.057 0.980 0.937 
0.038 0.984 0.061 0.985 0.934 
0.044 0.984 0.060 0.983 0.937 
0.040 0.985 0.073 0.978 0.930 
0.046 0.986 0.165 0.978 0.943 
0.048 0.985 0.099 0.990 0.927 
0.035 0.989 0.115 0.983 0.930 
0.041 0.987 0.091 0.968 0.959 
0.044 0.988 0.084 0.980 0.930 
0.035 0.988 0.101 0.963 0.962 
0.039 0.990 0.057 0.988 0.937 
0.045 0.988 0.064 0.988 0.927 
0.043 0.983 0.091 0.983 0.949 
0.047 0.986 0.063 0.988 0.937 
0.044 0.986 0.083 0.970 0.953 
0.033 0.990 0.054 0.990 0.927 
0.048 0.984 0.060 0.990 0.937 
0.040 0.987 0.078 0.980 0.953 
0.039 0.986 0.098 0.985 0.937 
0.041 0.990 0.105 0.970 0.962 
0.046 0.983 0.059 0.990 0.911 
0.040 0.985 0.054 0.993 0.915 
0.048 0.984 0.062 0.980 0.930 
0.054 0.981 0.087 0.980 0.937 
0.037 0.985 0.058 0.988 0.899 
0.043 0.984 0.081 0.978 0.943 
0.048 0.986 0.126 0.970 0.959 
0.055 0.981 0.072 0.988 0.943 
0.035 0.990 0.101 0.978 0.949 
0.033 0.990 0.082 0.988 0.940 
0.045 0.983 0.068 0.990 0.896 
0.044 0.985 0.077 0.990 0.911 
0.039 0.984 0.069 0.978 0.934 
0.036 0.988 0.072 0.980 0.949 
0.041 0.985 0.070 0.988 0.918 
0.037 0.986 0.063 0.988 0.937 
0.044 0.985 0.067 0.990 0.911 
0.037 0.990 0.059 0.990 0.911 
0.046 0.982 0.079 0.978 0.930 
0.045 0.986 0.095 0.975 0.934 
0.034 0.986 0.121 0.978 0.924 
0.048 0.986 0.054 0.993 0.892 
0.038 0.986 0.054 0.993 0.918 
0.055 0.982 0.074 0.985 0.915 
0.039 0.988 0.098 0.985 0.930 
0.058 0.980 0.067 0.990 0.915 
0.049 0.984 0.061 0.990 0.915 
0.034 0.988 0.076 0.980 0.940 
0.032 0.990 0.049 0.993 0.934 
0.042 0.986 0.084 0.988 0.943 
0.052 0.986 0.076 0.988 0.918 
0.035 0.987 0.068 0.985 0.918 
0.032 0.989 0.072 0.975 0.905 
0.038 0.987 0.067 0.988 0.937 
0.037 0.990 0.062 0.988 0.927 
0.032 0.990 0.082 0.980 0.949 
0.051 0.984 0.048 0.990 0.915 
0.040 0.986 0.073 0.983 0.940 
0.049 0.982 0.058 0.988 0.911 
0.044 0.984 0.076 0.983 0.940 
0.046 0.979 0.097 0.985 0.927 
0.042 0.986 0.068 0.983 0.934 
0.033 0.989 0.069 0.980 0.940 
0.040 0.986 0.090 0.975 0.832 
0.037 0.986 0.062 0.990 0.896 
0.038 0.987 0.061 0.988 0.921 
0.032 0.990 0.084 0.980 0.946 
0.045 0.983 0.068 0.988 0.915 
0.044 0.989 0.069 0.988 0.924 
0.030 0.989 0.157 0.983 0.930 
0.036 0.988 0.098 0.970 0.956 
0.041 0.988 0.068 0.988 0.927 
0.030 0.988 0.057 0.990 0.915 
0.044 0.990 0.058 0.985 0.918 
0.046 0.985 0.070 0.985 0.918 
0.041 0.985 0.109 0.983 0.940 
0.045 0.983 0.051 0.990 0.896 
0.034 0.988 0.100 0.978 0.953 
0.031 0.990 0.056 0.985 0.921 
0.046 0.987 0.052 0.993 0.911 
0.050 0.984 0.070 0.985 0.908 
0.048 0.986 0.068 0.993 0.896 
0.038 0.986 0.144 0.985 0.911 
0.031 0.987 0.075 0.975 0.949 
0.055 0.985 0.079 0.983 0.940 
0.052 0.984 0.073 0.985 0.943 
0.038 0.984 0.116 0.965 0.962 
0.036 0.989 0.049 0.990 0.902 
0.021 0.992 0.083 0.980 0.930 
0.042 0.984 0.075 0.980 0.943 
0.034 0.986 0.070 0.990 0.927 
0.044 0.983 0.084 0.975 0.943 
0.044 0.983 0.053 0.990 0.927 
0.038 0.991 0.086 0.975 0.959 
0.032 0.990 0.073 0.980 0.927 
0.042 0.985 0.061 0.985 0.937 
0.036 0.990 0.072 0.990 0.896 
0.027 0.992 0.055 0.983 0.902 
0.037 0.986 0.055 0.990 0.924 
0.037 0.985 0.072 0.980 0.943 
0.034 0.990 0.070 0.985 0.940 
0.036 0.988 0.087 0.988 0.927 
0.041 0.987 0.096 0.980 0.953 
0.053 0.984 0.137 0.968 0.965 
0.041 0.988 0.069 0.990 0.918 
0.042 0.986 0.075 0.978 0.934 
0.037 0.986 0.157 0.980 0.915 
0.040 0.988 0.068 0.990 0.927 
0.047 0.983 0.056 0.985 0.934 
0.032 0.991 0.096 0.973 0.959 
0.034 0.990 0.062 0.983 0.934 
0.039 0.987 0.062 0.985 0.902 
0.044 0.984 0.057 0.983 0.905 
0.036 0.985 0.053 0.990 0.927 
0.042 0.987 0.083 0.990 0.915 
0.039 0.985 0.094 0.980 0.946 
0.042 0.983 0.069 0.985 0.918 
0.048 0.986 0.074 0.978 0.940 
0.035 0.989 0.067 0.990 0.930 
0.031 0.991 0.090 0.990 0.927 
0.034 0.989 0.113 0.973 0.959 
0.050 0.985 0.069 0.983 0.946 
0.036 0.989 0.061 0.985 0.930 
0.042 0.983 0.056 0.983 0.921 
0.032 0.989 0.129 0.973 0.940 
0.052 0.980 0.097 0.975 0.949 
0.037 0.986 0.075 0.988 0.915 
0.034 0.990 0.103 0.970 0.959 
0.030 0.990 0.110 0.978 0.965 
0.038 0.988 0.070 0.990 0.908 
0.056 0.982 0.056 0.990 0.896 
0.029 0.990 0.059 0.980 0.918 
0.040 0.986 0.057 0.983 0.908 
0.032 0.986 0.080 0.975 0.943 
0.036 0.987 0.061 0.980 0.921 
0.035 0.988 0.085 0.975 0.937 
0.042 0.985 0.097 0.968 0.953 
0.026 0.992 0.053 0.988 0.921 
0.044 0.981 0.098 0.978 0.940 
0.038 0.987 0.159 0.983 0.921 
0.061 0.982 0.095 0.990 0.918 
0.042 0.983 0.073 0.988 0.937 
0.031 0.987 0.118 0.978 0.934 
0.039 0.988 0.087 0.983 0.930 
0.073 0.978 0.182 0.968 0.953 
0.045 0.987 0.066 0.985 0.911 
0.040 0.986 0.094 0.978 0.949 
0.033 0.990 0.059 0.988 0.924 
0.031 0.989 0.074 0.990 0.911 
0.039 0.990 0.057 0.988 0.930 
0.042 0.984 0.065 0.980 0.921 
0.030 0.991 0.056 0.985 0.915 
0.040 0.984 0.051 0.990 0.911 
0.027 0.990 0.073 0.983 0.940 
0.043 0.984 0.077 0.980 0.943 
0.038 0.987 0.067 0.980 0.943 
0.043 0.986 0.063 0.980 0.934 
0.038 0.988 0.062 0.988 0.924 
0.026 0.992 0.094 0.985 0.927 
0.055 0.987 0.077 0.985 0.911 
0.048 0.988 0.113 0.973 0.927 
0.041 0.983 0.056 0.988 0.908 
0.033 0.989 0.052 0.990 0.918 
0.033 0.987 0.058 0.990 0.905 
0.050 0.982 0.068 0.983 0.915 
0.048 0.984 0.066 0.983 0.949 
0.025 0.991 0.085 0.990 0.921 
0.033 0.988 0.065 0.980 0.949 
0.044 0.984 0.067 0.980 0.949 
0.034 0.990 0.062 0.980 0.927 
0.030 0.991 0.057 0.985 0.937 
0.035 0.988 0.064 0.983 0.934 
0.033 0.988 0.068 0.983 0.937 
0.033 0.991 0.142 0.965 0.962 
0.049 0.984 0.071 0.988 0.911 
0.040 0.986 0.057 0.983 0.937 
0.030 0.991 0.081 0.980 0.937 
0.033 0.991 0.083 0.978 0.943 
0.046 0.983 0.115 0.968 0.949 
0.037 0.989 0.071 0.985 0.911 
0.043 0.988 0.059 0.983 0.940 
0.033 0.991 0.054 0.985 0.918 
0.030 0.990 0.062 0.983 0.927 
0.048 0.983 0.060 0.988 0.927 
0.024 0.992 0.069 0.978 0.927 
0.034 0.989 0.088 0.968 0.962 
0.038 0.988 0.071 0.983 0.918 
0.049 0.981 0.123 0.970 0.921 
0.036 0.989 0.090 0.975 0.921 
0.054 0.984 0.080 0.983 0.905 
0.038 0.991 0.089 0.983 0.908 
0.038 0.989 0.118 0.970 0.943 
0.044 0.983 0.066 0.978 0.937 
0.040 0.986 0.084 0.978 0.949 
0.032 0.992 0.135 0.965 0.953 
0.022 0.992 0.087 0.988 0.915 
0.036 0.988 0.064 0.980 0.927 
0.039 0.988 0.064 0.980 0.918 
0.034 0.990 0.102 0.980 0.940 
0.039 0.983 0.132 0.968 0.953 
0.045 0.988 0.080 0.990 0.915 
0.032 0.990 0.086 0.988 0.889 
0.038 0.986 0.102 0.978 0.918 
0.037 0.991 0.059 0.983 0.940 
0.031 0.989 0.091 0.980 0.934 
0.038 0.987 0.056 0.983 0.930 
0.039 0.988 0.061 0.983 0.937 
0.035 0.986 0.065 0.985 0.937 
0.037 0.988 0.068 0.985 0.943 
0.021 0.994 0.049 0.988 0.927 
0.040 0.985 0.070 0.985 0.949 
0.041 0.984 0.064 0.990 0.918 
0.044 0.986 0.140 0.978 0.927 
0.049 0.987 0.052 0.990 0.918 
0.031 0.990 0.073 0.983 0.937 
0.034 0.990 0.083 0.983 0.934 
0.032 0.990 0.058 0.993 0.918 
0.034 0.987 0.064 0.985 0.927 
0.035 0.985 0.054 0.983 0.937 
0.029 0.987 0.094 0.988 0.930 
0.048 0.989 0.078 0.990 0.921 
0.030 0.991 0.086 0.988 0.915 
0.038 0.988 0.067 0.983 0.930 
0.034 0.990 0.060 0.983 0.921 
0.039 0.984 0.095 0.988 0.937 
0.048 0.981 0.064 0.985 0.911 
0.038 0.985 0.055 0.990 0.930 
0.036 0.990 0.063 0.988 0.927 
0.034 0.988 0.069 0.985 0.940 
0.037 0.986 0.085 0.978 0.943 
0.029 0.990 0.069 0.983 0.943 
0.038 0.986 0.083 0.990 0.940 
0.036 0.989 0.067 0.983 0.924 
0.033 0.990 0.051 0.988 0.918 
0.037 0.989 0.075 0.988 0.927 
0.035 0.986 0.134 0.968 0.968 
0.024 0.991 0.103 0.978 0.949 
0.037 0.987 0.111 0.978 0.943 
0.047 0.983 0.104 0.980 0.953 
0.054 0.982 0.058 0.980 0.943 
0.043 0.988 0.056 0.983 0.924 
0.026 0.992 0.066 0.980 0.940 
0.029 0.990 0.066 0.983 0.953 
0.037 0.986 0.066 0.983 0.946 
0.038 0.988 0.093 0.968 0.956 
0.036 0.986 0.054 0.990 0.908 
0.040 0.989 0.055 0.990 0.918 
0.030 0.991 0.073 0.980 0.934 
0.036 0.987 0.072 0.985 0.921 
0.036 0.989 0.060 0.988 0.921 
0.050 0.989 0.139 0.970 0.959 
0.038 0.989 0.106 0.975 0.946 
0.036 0.988 0.054 0.990 0.921 
0.054 0.982 0.057 0.990 0.899 
0.042 0.984 0.055 0.985 0.927 
0.030 0.986 0.132 0.983 0.924 
0.049 0.986 0.061 0.990 0.908 
0.025 0.991 0.079 0.980 0.937 
0.025 0.992 0.042 0.993 0.905 
0.032 0.990 0.071 0.990 0.911 
0.023 0.994 0.086 0.983 0.943 
0.039 0.988 0.074 0.983 0.908 
0.044 0.987 0.111 0.985 0.946 
0.036 0.986 0.103 0.983 0.915 
0.039 0.988 0.087 0.985 0.915 
0.034 0.989 0.086 0.985 0.943 
0.043 0.983 0.086 0.990 0.902 
0.047 0.986 0.085 0.980 0.934 
0.030 0.989 0.068 0.990 0.924 
0.042 0.986 0.090 0.983 0.902 
0.030 0.987 0.054 0.990 0.927 
0.031 0.985 0.070 0.990 0.905 
0.027 0.991 0.081 0.973 0.937 
0.038 0.986 0.076 0.978 0.934 
0.035 0.985 0.110 0.990 0.921 
0.044 0.985 0.085 0.980 0.943 
0.060 0.984 0.113 0.985 0.915 
0.032 0.988 0.057 0.990 0.911 
0.036 0.986 0.063 0.985 0.915 
0.038 0.985 0.061 0.990 0.908 
0.029 0.992 0.102 0.978 0.918 
0.028 0.993 0.087 0.983 0.918 
0.041 0.988 0.060 0.990 0.921 
0.040 0.987 0.067 0.985 0.921 
0.058 0.985 0.074 0.975 0.930 
0.039 0.986 0.061 0.985 0.915 
0.033 0.987 0.072 0.990 0.930 
0.036 0.991 0.065 0.985 0.924 
0.038 0.986 0.072 0.983 0.921 
0.033 0.989 0.072 0.985 0.927 
0.030 0.991 0.088 0.988 0.899 
0.051 0.985 0.058 0.990 0.886 
0.046 0.983 0.071 0.980 0.930 
0.035 0.985 0.069 0.980 0.930 
0.032 0.991 0.073 0.980 0.937 
0.039 0.987 0.076 0.985 0.889 
0.044 0.983 0.073 0.985 0.921 
0.025 0.991 0.083 0.980 0.918 
0.032 0.990 0.062 0.990 0.905 
0.032 0.992 0.072 0.990 0.886 
0.038 0.985 0.089 0.978 0.924 
0.033 0.990 0.074 0.988 0.902 
0.031 0.992 0.081 0.985 0.940 
0.049 0.984 0.087 0.985 0.930 
0.046 0.984 0.067 0.988 0.905 
0.030 0.992 0.097 0.980 0.918 
0.034 0.990 0.086 0.980 0.943 
0.033 0.986 0.073 0.988 0.911 
0.049 0.985 0.082 0.983 0.892 
0.026 0.992 0.144 0.970 0.946 
0.027 0.989 0.113 0.983 0.918 
0.036 0.989 0.072 0.985 0.921 
0.048 0.986 0.063 0.988 0.918 
0.048 0.984 0.063 0.988 0.902 
0.037 0.991 0.056 0.988 0.911 
0.023 0.991 0.090 0.975 0.949 
0.035 0.986 0.083 0.988 0.915 
0.024 0.994 0.051 0.988 0.905 
0.036 0.985 0.107 0.980 0.937 
0.033 0.989 0.059 0.985 0.921 
0.029 0.989 0.122 0.983 0.924 
0.030 0.989 0.097 0.983 0.930 
0.038 0.990 0.061 0.985 0.930 
0.051 0.985 0.068 0.975 0.908 
0.040 0.988 0.092 0.980 0.953 
0.041 0.988 0.064 0.988 0.902 
0.040 0.985 0.095 0.975 0.943 
0.032 0.989 0.067 0.983 0.934 
0.042 0.987 0.072 0.988 0.892 
0.031 0.991 0.077 0.988 0.940 
0.041 0.986 0.065 0.983 0.937 
0.033 0.989 0.065 0.985 0.905 
0.027 0.989 0.059 0.983 0.924 
0.031 0.991 0.114 0.975 0.965 
0.036 0.986 0.094 0.978 0.930 
0.036 0.986 0.056 0.990 0.911 
0.034 0.987 0.074 0.980 0.927 
0.035 0.988 0.114 0.975 0.953 
0.030 0.988 0.070 0.978 0.946 
0.034 0.988 0.068 0.985 0.930 
0.039 0.990 0.067 0.988 0.934 
0.037 0.988 0.171 0.980 0.927 
0.044 0.986 0.076 0.985 0.915 
0.033 0.990 0.074 0.983 0.924 
0.038 0.988 0.057 0.990 0.908 
0.037 0.985 0.062 0.990 0.924 
0.029 0.988 0.103 0.975 0.946 
0.032 0.991 0.164 0.978 0.959 
0.044 0.989 0.065 0.988 0.937 
0.031 0.989 0.120 0.968 0.962 
0.035 0.985 0.075 0.983 0.924 
0.037 0.988 0.093 0.973 0.943 
0.029 0.990 0.073 0.983 0.927 
0.034 0.989 0.062 0.983 0.940 
0.028 0.990 0.061 0.990 0.937 
0.040 0.988 0.063 0.988 0.896 
0.034 0.990 0.076 0.983 0.930 
0.030 0.991 0.064 0.988 0.915 
0.029 0.988 0.111 0.975 0.940 
0.027 0.992 0.066 0.983 0.918 
0.026 0.990 0.096 0.978 0.937 
0.034 0.989 0.063 0.983 0.889 
0.033 0.989 0.071 0.983 0.940 
0.019 0.996 0.059 0.990 0.943 
0.044 0.985 0.083 0.980 0.943 
0.046 0.982 0.082 0.983 0.953 
0.041 0.984 0.086 0.990 0.908 
0.033 0.989 0.055 0.993 0.889 
0.033 0.991 0.097 0.970 0.953 
0.039 0.988 0.258 0.980 0.877 
0.032 0.992 0.099 0.978 0.927 
0.037 0.986 0.063 0.985 0.921 
0.037 0.989 0.057 0.990 0.899 
0.052 0.981 0.098 0.975 0.934 
0.037 0.988 0.083 0.983 0.889 
0.031 0.989 0.058 0.985 0.918 
0.027 0.992 0.072 0.985 0.934 
0.035 0.989 0.098 0.980 0.943 
0.051 0.984 0.071 0.990 0.921 
0.041 0.988 0.088 0.985 0.927 
0.035 0.986 0.125 0.988 0.924 
0.032 0.991 0.091 0.988 0.934 
0.042 0.987 0.075 0.985 0.927 
0.033 0.991 0.104 0.983 0.899 
0.026 0.993 0.078 0.983 0.946 
0.035 0.987 0.071 0.985 0.918 
0.030 0.990 0.076 0.980 0.924 
0.039 0.989 0.107 0.978 0.940 
0.029 0.989 0.055 0.983 0.911 
0.027 0.991 0.059 0.983 0.937 
0.021 0.994 0.081 0.975 0.908 
0.033 0.991 0.101 0.973 0.956 
0.026 0.989 0.076 0.978 0.924 
0.035 0.989 0.076 0.985 0.921 
0.048 0.986 0.052 0.988 0.915 
0.031 0.988 0.080 0.973 0.943 
0.048 0.984 0.073 0.980 0.937 
0.020 0.994 0.070 0.978 0.937 
0.034 0.988 0.069 0.980 0.927 
0.023 0.992 0.072 0.985 0.918 
0.032 0.986 0.082 0.975 0.956 
0.033 0.991 0.081 0.980 0.921 
0.025 0.991 0.099 0.990 0.934 
0.025 0.990 0.118 0.978 0.953 
0.038 0.987 0.109 0.983 0.934 
0.042 0.987 0.070 0.990 0.934 
0.027 0.992 0.099 0.990 0.921 
0.053 0.980 0.067 0.978 0.927 
0.032 0.989 0.054 0.988 0.918 
0.019 0.996 0.125 0.973 0.965 
0.042 0.985 0.097 0.985 0.934 
0.023 0.993 0.122 0.975 0.949 
0.043 0.986 0.065 0.990 0.905 
0.032 0.991 0.098 0.973 0.918 
0.045 0.988 0.075 0.980 0.934 
0.039 0.988 0.086 0.973 0.956 
0.030 0.990 0.070 0.985 0.930 
0.042 0.988 0.072 0.985 0.918 
0.028 0.991 0.077 0.985 0.908 
0.027 0.991 0.052 0.983 0.927 
0.032 0.989 0.067 0.978 0.930 
0.030 0.990 0.077 0.988 0.937 
0.027 0.989 0.083 0.990 0.921 
0.031 0.990 0.064 0.988 0.921 
0.026 0.988 0.125 0.988 0.911 
0.039 0.990 0.109 0.983 0.924 
0.021 0.991 0.058 0.990 0.896 
0.033 0.991 0.069 0.988 0.934 
0.043 0.989 0.065 0.988 0.930 
0.027 0.989 0.060 0.990 0.927 
0.034 0.989 0.061 0.985 0.921 
0.035 0.986 0.054 0.990 0.905 
0.031 0.989 0.064 0.988 0.911 
0.032 0.988 0.085 0.978 0.949 
0.034 0.990 0.056 0.985 0.915 
0.039 0.985 0.057 0.990 0.902 
0.032 0.990 0.072 0.978 0.940 
0.031 0.987 0.082 0.973 0.918 
0.032 0.988 0.066 0.988 0.921 
0.024 0.991 0.094 0.975 0.946 
0.032 0.990 0.062 0.988 0.911 
0.029 0.988 0.070 0.978 0.943 
0.029 0.993 0.058 0.978 0.937 
0.028 0.990 0.088 0.970 0.943 
0.032 0.989 0.097 0.990 0.873 
0.046 0.987 0.095 0.978 0.934 
0.039 0.987 0.093 0.983 0.921 
0.043 0.986 0.083 0.985 0.905 
0.028 0.992 0.071 0.985 0.918 
0.040 0.988 0.082 0.988 0.918 
0.027 0.992 0.085 0.983 0.930 
0.036 0.984 0.113 0.975 0.946 
0.031 0.990 0.089 0.975 0.943 
0.037 0.991 0.059 0.985 0.924 
0.032 0.989 0.053 0.988 0.927 
0.028 0.990 0.081 0.975 0.943 
0.024 0.991 0.054 0.990 0.896 
0.035 0.986 0.058 0.990 0.886 
0.028 0.991 0.068 0.988 0.915 
0.039 0.986 0.077 0.990 0.892 
0.049 0.986 0.075 0.980 0.908 
0.034 0.986 0.075 0.988 0.924 
0.028 0.990 0.066 0.980 0.930 
0.030 0.989 0.064 0.985 0.915 
0.031 0.988 0.077 0.990 0.915 
0.037 0.986 0.076 0.983 0.924 
0.029 0.989 0.080 0.980 0.943 
0.022 0.994 0.077 0.985 0.924 
0.032 0.991 0.058 0.985 0.921 
0.023 0.991 0.075 0.980 0.956 
0.028 0.989 0.057 0.985 0.924 
0.025 0.994 0.078 0.975 0.956 
0.037 0.986 0.079 0.983 0.934 
0.034 0.990 0.078 0.985 0.918 
0.048 0.988 0.069 0.983 0.934 
0.046 0.987 0.071 0.990 0.915 
0.029 0.991 0.070 0.985 0.918 
0.038 0.989 0.055 0.985 0.930 
0.036 0.990 0.072 0.978 0.934 
0.034 0.991 0.078 0.978 0.946 
0.029 0.989 0.078 0.980 0.940 
0.032 0.988 0.072 0.978 0.877 
0.031 0.987 0.075 0.985 0.915 
0.030 0.991 0.062 0.990 0.911 
0.026 0.990 0.078 0.980 0.937 
0.041 0.986 0.064 0.985 0.911 
0.040 0.987 0.061 0.990 0.937 
0.030 0.990 0.095 0.978 0.949 
0.033 0.993 0.095 0.983 0.937 
0.043 0.988 0.073 0.985 0.918 
0.031 0.991 0.089 0.983 0.902 
0.031 0.990 0.097 0.978 0.956 
0.031 0.988 0.077 0.978 0.934 
0.033 0.989 0.156 0.988 0.921 
0.034 0.989 0.076 0.988 0.927 
0.030 0.988 0.063 0.988 0.924 
0.024 0.991 0.097 0.980 0.946 
0.046 0.986 0.073 0.988 0.918 
0.049 0.987 0.073 0.980 0.949 
0.028 0.992 0.057 0.990 0.915 
0.024 0.989 0.061 0.985 0.924 
0.041 0.986 0.077 0.988 0.949 
0.029 0.990 0.066 0.990 0.934 
0.031 0.987 0.064 0.990 0.918 
0.031 0.986 0.073 0.980 0.940 
0.026 0.991 0.077 0.985 0.946 
0.042 0.985 0.140 0.973 0.953 
0.031 0.991 0.100 0.985 0.934 
0.042 0.985 0.066 0.990 0.918 
0.042 0.988 0.060 0.990 0.937 
0.031 0.990 0.093 0.978 0.930 
0.030 0.988 0.049 0.988 0.927 
0.033 0.988 0.082 0.980 0.930 
0.020 0.995 0.072 0.985 0.930 
0.029 0.989 0.062 0.988 0.915 
0.028 0.990 0.051 0.988 0.908 
0.027 0.991 0.077 0.988 0.924 
0.037 0.986 0.049 0.988 0.918 
0.034 0.991 0.075 0.990 0.915 
0.033 0.990 0.076 0.983 0.934 
0.032 0.992 0.063 0.988 0.867 
0.040 0.984 0.062 0.985 0.930 
0.025 0.990 0.057 0.988 0.921 
0.022 0.993 0.066 0.988 0.892 
0.032 0.991 0.063 0.990 0.921 
0.026 0.990 0.051 0.990 0.921 
0.035 0.986 0.057 0.983 0.934 
0.032 0.991 0.080 0.975 0.953 
0.033 0.991 0.067 0.988 0.915 
