0.291 0.890 0.226 0.922 0.959 
0.161 0.947 0.198 0.925 0.818 
0.136 0.952 0.215 0.925 1.000 
0.127 0.957 0.170 0.943 0.955 
0.110 0.956 0.154 0.958 1.000 
0.078 0.976 0.183 0.938 1.000 
0.083 0.971 0.171 0.943 0.994 
0.085 0.976 0.157 0.958 1.000 
0.069 0.974 0.154 0.950 0.987 
0.081 0.976 0.154 0.955 0.994 
0.068 0.982 0.343 0.900 0.911 
0.075 0.979 0.154 0.945 0.997 
0.060 0.978 0.165 0.953 0.997 
0.063 0.979 0.148 0.948 1.000 
0.059 0.984 0.167 0.960 1.000 
0.068 0.980 0.141 0.950 1.000 
0.046 0.987 0.131 0.963 1.000 
0.058 0.979 0.145 0.960 0.997 
0.040 0.988 0.134 0.955 0.994 
0.049 0.984 0.127 0.960 1.000 
0.045 0.984 0.118 0.963 1.000 
0.048 0.986 0.117 0.968 0.971 
0.051 0.985 0.135 0.960 0.997 
0.050 0.986 0.121 0.965 1.000 
0.041 0.987 0.112 0.963 1.000 
0.051 0.985 0.120 0.965 0.994 
0.053 0.984 0.150 0.965 0.968 
0.040 0.988 0.106 0.968 1.000 
0.032 0.989 0.163 0.965 0.978 
0.041 0.989 0.105 0.970 1.000 
0.035 0.989 0.226 0.920 0.968 
0.035 0.988 0.116 0.970 1.000 
0.053 0.986 0.127 0.968 0.987 
0.035 0.984 0.142 0.955 1.000 
0.038 0.990 0.126 0.968 0.997 
0.042 0.985 0.125 0.963 1.000 
0.026 0.992 0.186 0.968 1.000 
0.034 0.988 0.106 0.965 0.990 
0.021 0.994 0.133 0.970 0.997 
0.037 0.991 0.113 0.970 1.000 
0.039 0.988 0.116 0.973 1.000 
0.042 0.989 0.124 0.965 1.000 
0.036 0.990 0.139 0.968 0.997 
0.036 0.990 0.105 0.968 0.987 
0.041 0.986 0.136 0.965 0.997 
0.044 0.983 0.114 0.963 1.000 
0.032 0.990 0.102 0.968 1.000 
0.042 0.989 0.118 0.960 0.876 
0.032 0.990 0.120 0.965 0.994 
0.032 0.991 0.114 0.970 0.997 
0.024 0.990 0.148 0.965 1.000 
0.039 0.990 0.240 0.932 0.688 
0.033 0.992 0.153 0.960 0.895 
0.034 0.989 0.101 0.968 0.997 
0.031 0.989 0.105 0.973 0.994 
0.030 0.993 0.104 0.968 0.997 
0.027 0.991 0.136 0.970 0.917 
0.032 0.988 0.110 0.965 1.000 
0.026 0.990 0.141 0.973 0.990 
0.023 0.992 0.145 0.975 0.997 
0.038 0.993 0.216 0.930 0.994 
0.038 0.990 0.131 0.968 0.984 
0.040 0.987 0.172 0.963 0.984 
0.032 0.990 0.119 0.968 0.987 
0.023 0.990 0.118 0.968 0.936 
0.019 0.995 0.121 0.968 0.981 
0.028 0.993 0.119 0.963 0.975 
0.028 0.991 0.111 0.970 0.968 
0.035 0.990 0.307 0.943 0.720 
0.023 0.993 0.158 0.965 0.981 
0.036 0.989 0.140 0.958 0.822 
0.024 0.994 0.124 0.965 1.000 
0.026 0.991 0.148 0.965 0.239 
0.028 0.993 0.142 0.965 0.997 
0.035 0.990 0.136 0.973 0.987 
0.028 0.990 0.137 0.963 1.000 
0.024 0.993 0.115 0.965 0.997 
0.015 0.995 0.144 0.968 1.000 
0.024 0.992 0.155 0.968 0.981 
0.033 0.992 0.113 0.973 0.975 
0.010 0.998 0.129 0.965 1.000 
0.035 0.989 0.101 0.978 1.000 
0.027 0.992 0.113 0.965 1.000 
0.021 0.995 0.113 0.970 0.732 
0.023 0.993 0.100 0.973 1.000 
0.023 0.993 0.108 0.968 0.984 
0.017 0.996 0.109 0.965 0.968 
0.021 0.993 0.119 0.973 0.990 
0.023 0.993 0.118 0.970 0.997 
0.051 0.985 0.150 0.970 0.981 
0.029 0.992 0.099 0.968 0.978 
0.025 0.993 0.137 0.968 1.000 
0.022 0.994 0.136 0.963 0.796 
0.015 0.996 0.157 0.968 0.863 
0.019 0.995 0.120 0.970 0.882 
0.024 0.992 0.104 0.970 0.997 
0.024 0.992 0.084 0.978 1.000 
0.024 0.993 0.166 0.968 0.978 
0.021 0.994 0.138 0.968 0.971 
0.027 0.992 0.147 0.973 0.774 
0.029 0.993 0.101 0.970 0.997 
0.021 0.994 0.113 0.968 1.000 
0.021 0.993 0.167 0.963 1.000 
0.028 0.993 0.112 0.963 1.000 
0.024 0.994 0.109 0.968 0.984 
0.022 0.995 0.149 0.973 0.990 
0.021 0.993 0.128 0.975 0.952 
0.032 0.990 0.131 0.970 0.981 
0.016 0.995 0.116 0.973 0.997 
0.022 0.992 0.141 0.968 0.997 
0.019 0.996 0.110 0.970 1.000 
0.030 0.993 0.113 0.973 0.997 
0.020 0.993 0.118 0.978 0.975 
0.017 0.996 0.111 0.973 1.000 
0.018 0.995 0.102 0.973 0.997 
0.018 0.994 0.146 0.968 0.975 
0.015 0.995 0.109 0.973 0.997 
0.021 0.994 0.106 0.970 0.955 
0.025 0.993 0.100 0.970 1.000 
0.021 0.995 0.100 0.970 0.997 
0.023 0.993 0.101 0.973 0.379 
0.018 0.993 0.085 0.975 0.997 
0.022 0.994 0.126 0.968 0.535 
0.018 0.995 0.132 0.970 0.994 
0.023 0.993 0.104 0.973 1.000 
0.024 0.995 0.125 0.968 0.997 
0.026 0.995 0.115 0.968 0.997 
0.018 0.993 0.119 0.970 0.997 
0.023 0.994 0.103 0.968 0.994 
0.010 0.996 0.132 0.973 1.000 
0.022 0.995 0.115 0.970 0.987 
0.020 0.993 0.153 0.970 1.000 
0.034 0.993 0.098 0.965 0.997 
0.018 0.992 0.173 0.965 0.955 
0.035 0.995 0.152 0.965 0.771 
0.023 0.995 0.132 0.973 0.997 
0.018 0.996 0.159 0.968 0.965 
0.016 0.995 0.142 0.970 0.924 
0.014 0.995 0.201 0.965 0.917 
0.026 0.994 0.142 0.965 0.914 
0.019 0.993 0.102 0.978 1.000 
0.018 0.993 0.155 0.968 0.952 
0.023 0.992 0.113 0.973 1.000 
0.021 0.992 0.136 0.968 0.959 
0.015 0.996 0.105 0.968 0.994 
0.019 0.995 0.106 0.975 0.952 
0.012 0.996 0.197 0.968 0.997 
0.025 0.995 0.118 0.968 0.812 
0.017 0.993 0.115 0.973 1.000 
0.028 0.993 0.137 0.978 0.968 
0.029 0.992 0.139 0.953 0.997 
0.018 0.995 0.101 0.975 0.994 
0.011 0.996 0.146 0.968 0.968 
0.017 0.994 0.153 0.973 0.739 
0.021 0.994 0.113 0.973 1.000 
0.013 0.998 0.157 0.968 0.946 
0.018 0.993 0.174 0.973 0.818 
0.009 0.997 0.186 0.970 0.455 
0.017 0.996 0.091 0.975 0.994 
0.012 0.997 0.115 0.970 0.975 
0.020 0.995 0.116 0.975 0.949 
0.016 0.995 0.147 0.975 0.879 
0.018 0.995 0.106 0.975 0.990 
0.010 0.997 0.258 0.970 0.465 
0.020 0.996 0.133 0.973 0.994 
0.013 0.997 0.194 0.968 0.637 
0.025 0.992 0.140 0.970 0.987 
0.019 0.992 0.161 0.973 0.822 
0.019 0.994 0.130 0.970 0.978 
0.047 0.990 0.223 0.965 0.994 
0.031 0.992 0.125 0.963 0.959 
0.014 0.996 0.142 0.975 0.338 
0.012 0.995 0.151 0.968 0.968 
0.011 0.998 0.116 0.975 0.439 
0.013 0.996 0.102 0.973 0.997 
0.015 0.995 0.169 0.973 0.994 
0.009 0.994 0.259 0.965 0.041 
0.038 0.989 0.189 0.970 0.016 
0.017 0.996 0.138 0.970 0.315 
0.022 0.996 0.169 0.970 0.997 
0.015 0.993 0.141 0.975 0.873 
0.012 0.996 0.216 0.970 0.889 
0.019 0.995 0.228 0.960 0.981 
0.019 0.993 0.148 0.975 0.936 
0.017 0.997 0.190 0.963 0.978 
0.013 0.994 0.225 0.970 0.217 
0.009 0.998 0.106 0.970 0.997 
0.017 0.993 0.124 0.973 0.962 
0.013 0.995 0.218 0.938 1.000 
0.015 0.995 0.136 0.965 0.997 
0.022 0.993 0.144 0.973 0.892 
0.008 0.998 0.158 0.968 0.869 
0.009 0.996 0.151 0.973 0.987 
0.017 0.995 0.176 0.970 0.997 
0.009 0.996 0.154 0.973 0.997 
0.015 0.994 0.126 0.973 1.000 
0.015 0.996 0.179 0.978 0.720 
0.012 0.996 0.179 0.975 0.990 
0.012 0.996 0.338 0.968 0.885 
0.015 0.999 0.140 0.973 0.366 
0.006 0.999 0.218 0.968 0.885 
0.008 0.997 0.300 0.973 0.990 
0.030 0.995 0.191 0.975 0.975 
0.009 0.997 0.239 0.978 0.981 
0.024 0.993 0.156 0.973 0.166 
0.011 0.996 0.311 0.968 0.061 
0.020 0.993 0.192 0.975 0.385 
0.005 0.998 0.262 0.975 0.994 
0.012 0.996 0.302 0.970 0.997 
0.023 0.998 0.205 0.973 0.952 
0.017 0.993 0.139 0.978 0.981 
0.020 0.995 0.115 0.973 0.997 
0.009 0.996 0.173 0.973 0.997 
0.014 0.996 0.126 0.973 0.930 
0.014 0.996 0.212 0.960 0.917 
0.017 0.998 0.183 0.973 0.780 
0.016 0.996 0.290 0.975 0.959 
0.006 0.998 0.191 0.975 0.994 
0.011 0.997 0.249 0.978 0.854 
0.016 0.995 0.167 0.970 0.997 
0.026 0.996 0.210 0.975 0.385 
0.003 0.999 0.254 0.975 0.994 
0.010 0.995 0.289 0.973 0.169 
0.033 0.993 0.150 0.973 0.487 
0.010 0.998 0.148 0.978 1.000 
0.017 0.995 0.218 0.975 0.675 
0.016 0.995 0.217 0.975 0.990 
0.030 0.992 0.154 0.958 1.000 
0.005 0.998 0.152 0.970 0.997 
0.007 0.998 0.193 0.973 0.990 
0.008 0.996 0.242 0.975 0.908 
0.021 0.994 0.462 0.970 0.538 
0.018 0.995 0.215 0.965 1.000 
0.028 0.993 0.174 0.968 0.997 
0.009 0.996 0.169 0.973 0.796 
0.014 0.997 0.203 0.973 0.997 
0.021 0.995 0.126 0.970 0.994 
0.013 0.996 0.159 0.978 0.994 
0.013 0.993 0.246 0.960 0.398 
0.021 0.992 0.196 0.960 0.946 
0.014 0.997 0.154 0.973 0.981 
0.007 0.998 0.228 0.963 0.994 
0.011 0.997 0.300 0.955 0.583 
0.009 0.996 0.358 0.960 0.713 
0.015 0.993 0.181 0.970 0.968 
0.010 0.998 0.253 0.975 0.987 
0.011 0.996 0.194 0.978 0.981 
0.018 0.998 0.212 0.975 0.994 
0.033 0.992 0.247 0.970 0.997 
0.014 0.996 0.120 0.975 1.000 
0.010 0.996 0.202 0.973 0.997 
0.009 0.996 0.181 0.973 0.978 
0.029 0.995 0.147 0.965 0.997 
0.011 0.995 0.191 0.953 0.994 
0.015 0.998 0.165 0.975 0.583 
0.015 0.995 0.144 0.973 0.239 
0.008 0.997 0.246 0.973 0.994 
0.009 0.996 0.197 0.973 0.978 
0.016 0.996 0.141 0.965 0.911 
0.017 0.992 0.103 0.978 0.879 
0.026 0.993 0.123 0.973 0.016 
0.010 0.995 0.171 0.968 0.850 
0.009 0.996 0.149 0.970 0.478 
0.020 0.995 0.154 0.965 0.987 
0.012 0.995 0.241 0.973 0.981 
0.011 0.997 0.139 0.970 0.997 
0.012 0.998 0.198 0.968 0.997 
0.011 0.997 0.265 0.973 0.975 
0.020 0.995 0.366 0.973 0.497 
0.016 0.998 0.219 0.975 0.981 
0.034 0.994 0.182 0.940 1.000 
0.011 0.996 0.136 0.973 0.997 
0.013 0.995 0.152 0.968 0.978 
0.012 0.996 0.156 0.973 0.713 
0.013 0.995 0.144 0.973 0.990 
0.007 0.998 0.343 0.965 0.895 
0.014 0.995 0.130 0.975 0.809 
0.024 0.995 0.165 0.978 0.838 
0.007 0.999 0.132 0.973 0.732 
0.007 0.998 0.149 0.975 0.478 
0.010 0.995 0.130 0.975 0.997 
0.015 0.996 0.159 0.970 0.834 
0.006 0.997 0.297 0.973 0.933 
0.020 0.995 0.137 0.968 0.990 
0.010 0.996 0.197 0.975 0.981 
0.010 0.997 0.489 0.965 0.994 
0.012 0.996 0.282 0.978 0.994 
0.022 0.995 0.227 0.975 0.994 
0.012 0.997 0.221 0.953 0.994 
0.012 0.995 0.270 0.975 0.965 
0.003 0.999 0.356 0.965 0.978 
0.014 0.994 0.243 0.975 0.994 
0.010 0.996 0.274 0.980 0.968 
0.007 0.998 0.208 0.975 0.933 
0.008 0.996 0.225 0.978 0.994 
0.004 0.998 0.192 0.975 1.000 
0.010 0.996 0.230 0.980 0.971 
0.013 0.995 0.253 0.978 0.994 
0.019 0.994 0.313 0.975 0.010 
0.021 0.995 0.220 0.973 1.000 
0.028 0.996 0.174 0.973 0.990 
0.019 0.996 0.131 0.968 1.000 
0.009 0.998 0.133 0.973 1.000 
0.009 0.998 0.213 0.968 0.417 
0.010 0.996 0.255 0.963 0.420 
0.011 0.995 0.193 0.968 0.398 
0.012 0.998 0.186 0.975 0.850 
0.017 0.995 0.123 0.975 0.497 
0.014 0.998 0.112 0.978 0.768 
0.012 0.996 0.193 0.975 0.006 
0.016 0.995 0.171 0.968 0.417 
0.017 0.994 0.176 0.975 0.975 
0.015 0.996 0.124 0.978 0.863 
0.013 0.996 0.204 0.975 0.344 
0.018 0.994 0.121 0.973 0.898 
0.024 0.995 0.240 0.955 0.936 
0.009 0.997 0.125 0.978 0.943 
0.006 0.998 0.205 0.975 0.933 
0.008 0.996 0.374 0.973 0.217 
0.007 0.997 0.229 0.975 0.701 
0.009 0.997 0.246 0.970 0.752 
0.013 0.996 0.217 0.970 0.694 
0.016 0.998 0.187 0.973 1.000 
0.022 0.993 0.266 0.970 0.717 
0.015 0.995 0.215 0.975 0.990 
0.007 0.996 0.308 0.973 0.898 
0.010 0.996 0.410 0.960 0.904 
0.021 0.994 0.134 0.965 0.997 
0.014 0.995 0.145 0.975 0.812 
0.010 0.997 0.178 0.970 0.959 
0.007 0.998 0.162 0.970 0.994 
0.009 0.998 0.151 0.978 0.994 
0.007 0.998 0.217 0.975 0.971 
0.006 0.998 0.270 0.970 0.994 
0.023 0.996 0.125 0.970 0.987 
0.014 0.998 0.213 0.960 0.564 
0.015 0.995 0.127 0.975 0.984 
0.009 0.996 0.167 0.970 0.987 
0.012 0.997 0.207 0.973 0.990 
0.017 0.994 0.108 0.975 0.990 
0.010 0.997 0.180 0.978 0.987 
0.014 0.994 0.193 0.970 0.987 
0.011 0.999 0.162 0.958 0.981 
0.013 0.996 0.220 0.973 0.952 
0.012 0.997 0.163 0.973 0.990 
0.007 0.998 0.202 0.975 0.984 
0.006 0.999 0.158 0.978 0.981 
0.016 0.994 0.164 0.968 1.000 
0.015 0.995 0.189 0.978 0.618 
0.011 0.997 0.216 0.978 0.494 
0.027 0.992 0.131 0.975 0.471 
0.008 0.998 0.138 0.975 0.646 
0.026 0.996 0.103 0.973 1.000 
0.010 0.996 0.166 0.968 0.984 
0.011 0.996 0.158 0.973 0.939 
0.012 0.996 0.159 0.973 0.318 
0.017 0.995 0.229 0.975 0.939 
0.012 0.996 0.175 0.970 0.994 
0.017 0.996 0.354 0.963 0.131 
0.003 0.999 0.288 0.970 0.990 
0.017 0.996 0.206 0.970 0.331 
0.008 0.997 0.202 0.978 0.943 
0.008 0.998 0.196 0.970 0.927 
0.012 0.995 0.141 0.978 0.994 
0.006 0.998 0.267 0.970 0.949 
0.012 0.998 0.123 0.978 0.990 
0.020 0.995 0.211 0.978 0.994 
0.016 0.995 0.113 0.973 0.994 
0.016 0.997 0.162 0.975 0.080 
0.006 0.998 0.194 0.965 1.000 
0.005 0.999 0.544 0.963 0.691 
0.009 0.997 0.232 0.973 0.994 
0.009 0.998 0.340 0.940 0.054 
0.009 0.997 0.218 0.975 0.990 
0.010 0.996 0.116 0.983 1.000 
0.013 0.996 0.157 0.975 0.987 
0.014 0.998 0.152 0.980 0.990 
0.025 0.994 0.283 0.968 0.548 
0.015 0.997 0.129 0.968 0.994 
0.006 0.999 0.105 0.975 0.981 
0.005 0.999 0.138 0.975 0.984 
0.019 0.993 0.110 0.978 0.962 
0.015 0.994 0.177 0.963 0.990 
0.008 0.997 0.377 0.963 0.717 
0.013 0.996 0.135 0.978 0.981 
0.010 0.998 0.119 0.978 0.997 
0.006 0.997 0.212 0.978 0.990 
0.004 0.998 0.212 0.975 1.000 
0.008 0.996 0.406 0.970 0.939 
0.022 0.997 0.189 0.970 0.503 
0.017 0.996 0.116 0.965 0.994 
0.004 0.999 0.183 0.970 0.971 
0.019 0.996 0.131 0.973 0.726 
0.013 0.996 0.159 0.963 1.000 
0.015 0.994 0.125 0.975 0.975 
0.018 0.996 0.111 0.978 0.949 
0.014 0.997 0.159 0.973 0.274 
0.008 0.998 0.127 0.978 0.946 
0.010 0.996 0.180 0.970 0.513 
0.003 0.999 0.161 0.980 0.981 
0.016 0.996 0.220 0.950 0.010 
0.010 0.996 0.114 0.975 0.994 
0.012 0.995 0.170 0.970 0.207 
0.013 0.995 0.191 0.978 0.994 
0.023 0.996 0.138 0.970 0.768 
0.004 0.999 0.148 0.975 0.994 
0.015 0.996 0.159 0.975 0.898 
0.006 0.998 0.174 0.973 0.768 
0.011 0.997 0.118 0.978 0.978 
0.008 0.998 0.108 0.980 0.990 
0.011 0.997 0.120 0.968 0.975 
0.014 0.996 0.113 0.970 0.952 
0.009 0.996 0.162 0.968 0.978 
0.014 0.995 0.125 0.975 0.822 
0.006 0.997 0.141 0.970 0.994 
0.014 0.997 0.127 0.975 0.994 
0.006 0.997 0.145 0.975 0.994 
0.012 0.996 0.228 0.968 0.990 
0.007 0.996 0.159 0.970 0.994 
0.016 0.994 0.169 0.975 0.984 
0.009 0.998 0.162 0.973 0.987 
0.003 0.999 0.284 0.973 0.965 
0.016 0.994 0.171 0.973 0.627 
0.002 1.000 0.280 0.970 0.965 
0.009 0.999 0.140 0.980 0.975 
0.020 0.998 0.121 0.978 0.975 
0.011 0.996 0.107 0.978 0.277 
0.009 0.996 0.133 0.975 0.939 
0.013 0.996 0.087 0.980 0.952 
0.017 0.994 0.148 0.978 0.561 
0.007 0.997 0.153 0.978 0.933 
0.015 0.996 0.096 0.973 0.978 
0.010 0.998 0.186 0.980 0.290 
0.014 0.999 0.075 0.980 0.981 
0.015 0.996 0.128 0.975 0.013 
0.019 0.995 0.109 0.975 0.971 
0.008 0.997 0.149 0.973 0.758 
0.007 0.999 0.187 0.970 0.780 
0.010 0.995 0.203 0.975 0.217 
0.007 0.998 0.171 0.973 0.761 
0.016 0.996 0.192 0.975 0.720 
0.008 0.998 0.099 0.983 0.990 
0.007 0.996 0.206 0.975 0.296 
0.014 0.997 0.127 0.980 0.729 
0.012 0.997 0.244 0.975 0.965 
0.010 0.998 0.227 0.975 0.806 
0.003 0.999 0.234 0.975 0.952 
0.059 0.993 0.138 0.975 0.360 
0.030 0.996 0.098 0.978 1.000 
0.013 0.997 0.146 0.968 0.955 
0.008 0.999 0.140 0.968 0.975 
0.018 0.994 0.192 0.975 1.000 
0.015 0.996 0.169 0.978 0.997 
0.010 0.996 0.228 0.975 0.548 
0.007 0.998 0.133 0.978 0.933 
0.009 0.998 0.203 0.973 0.697 
0.015 0.998 0.207 0.965 0.930 
0.011 0.997 0.161 0.970 0.822 
0.011 0.995 0.220 0.973 0.529 
0.014 0.996 0.216 0.978 0.971 
0.020 0.998 0.142 0.980 0.943 
0.014 0.995 0.202 0.975 0.780 
0.037 0.994 0.175 0.975 0.990 
0.008 0.996 0.185 0.975 0.997 
0.004 0.998 0.259 0.973 0.994 
0.004 0.999 0.510 0.953 0.790 
0.012 0.997 0.220 0.970 0.965 
0.013 0.997 0.103 0.980 0.994 
0.008 0.998 0.244 0.973 0.892 
0.009 0.996 0.314 0.975 0.347 
0.008 0.997 0.109 0.973 0.997 
0.015 0.995 0.207 0.973 0.965 
0.016 0.993 0.134 0.978 1.000 
0.004 0.999 0.195 0.970 0.997 
0.017 0.997 0.277 0.950 0.344 
0.008 0.996 0.205 0.975 0.943 
0.011 0.996 0.215 0.973 0.433 
0.013 0.998 0.289 0.970 0.688 
0.021 0.996 0.185 0.968 0.990 
0.009 0.998 0.135 0.978 0.994 
0.008 0.996 0.172 0.978 0.987 
0.009 0.998 0.142 0.970 0.987 
0.014 0.996 0.103 0.978 0.959 
0.005 0.999 0.163 0.973 0.844 
0.008 0.998 0.191 0.968 0.876 
0.012 0.996 0.341 0.970 0.596 
0.016 0.998 0.176 0.965 0.978 
0.002 0.999 0.307 0.970 0.697 
0.018 0.996 0.169 0.970 0.994 
0.018 0.993 0.136 0.975 0.994 
0.006 0.998 0.159 0.968 0.997 
0.005 0.998 0.207 0.975 0.971 
0.011 0.995 0.166 0.978 0.965 
0.010 0.996 0.230 0.968 0.812 
0.013 0.995 0.171 0.975 0.965 
0.022 0.995 0.139 0.975 0.971 
0.014 0.996 0.148 0.973 0.799 
0.005 0.999 0.154 0.970 0.990 
0.003 0.999 0.150 0.980 0.981 
0.012 0.997 0.180 0.958 0.949 
0.010 0.998 0.104 0.978 0.975 
0.034 0.992 0.118 0.978 0.962 
0.012 0.998 0.100 0.980 0.981 
0.012 0.996 0.110 0.973 0.901 
0.010 0.997 0.112 0.980 0.981 
0.003 0.999 0.133 0.980 0.959 
0.017 0.996 0.155 0.965 0.987 
0.012 0.996 0.091 0.978 0.990 
0.007 0.997 0.157 0.970 0.981 
0.009 0.997 0.169 0.975 0.955 
0.007 0.998 0.154 0.978 0.990 
0.009 0.996 0.109 0.978 0.994 
0.006 0.998 0.180 0.978 0.987 
0.007 0.998 0.132 0.975 0.990 
0.011 0.998 0.203 0.978 0.691 
0.010 0.997 0.164 0.975 0.742 
0.016 0.996 0.169 0.970 0.994 
0.009 0.998 0.204 0.975 1.000 
0.017 0.995 0.231 0.975 0.927 
0.016 0.996 0.128 0.973 0.732 
0.006 0.998 0.228 0.973 0.392 
0.012 0.996 0.148 0.975 0.997 
0.009 0.998 0.126 0.975 1.000 
0.004 0.999 0.357 0.965 0.277 
0.008 0.998 0.115 0.975 0.997 
0.007 0.998 0.423 0.978 0.401 
0.016 0.996 0.140 0.978 0.997 
0.006 0.998 0.346 0.978 0.987 
0.013 0.997 0.206 0.978 0.984 
0.009 0.997 0.254 0.978 0.981 
0.016 0.995 0.201 0.975 0.994 
0.015 0.998 0.137 0.980 0.990 
0.004 0.999 0.185 0.980 0.997 
0.026 0.995 0.189 0.973 0.975 
0.016 0.995 0.240 0.975 0.981 
0.007 0.997 0.174 0.968 0.997 
0.017 0.998 0.158 0.968 0.997 
0.011 0.998 0.167 0.960 0.984 
0.007 0.996 0.129 0.980 1.000 
0.007 0.997 0.312 0.978 0.997 
0.020 0.997 0.282 0.968 1.000 
0.026 0.997 0.147 0.973 0.869 
0.005 0.997 0.194 0.975 0.984 
0.010 0.999 0.133 0.970 1.000 
0.006 0.999 0.104 0.978 0.994 
0.011 0.996 0.097 0.980 0.997 
0.011 0.998 0.818 0.938 0.726 
0.014 0.997 0.209 0.965 0.994 
0.009 0.998 0.175 0.973 0.984 
0.008 0.996 0.269 0.970 0.943 
0.014 0.995 0.165 0.968 0.990 
0.005 0.999 0.162 0.978 0.981 
0.040 0.995 0.183 0.973 0.984 
0.004 0.999 0.178 0.978 0.994 
0.025 0.996 0.113 0.978 0.994 
0.009 0.995 0.154 0.978 0.997 
0.003 0.999 0.188 0.978 0.990 
0.015 0.997 0.106 0.975 0.987 
0.003 0.999 0.200 0.965 0.939 
0.006 0.998 0.186 0.980 0.994 
0.016 0.996 0.113 0.970 0.987 
0.007 0.998 0.156 0.968 0.984 
0.005 0.998 0.278 0.975 0.615 
0.006 0.998 0.176 0.975 0.990 
0.017 0.997 0.096 0.975 0.987 
0.025 0.995 0.100 0.973 0.191 
0.005 0.999 0.121 0.970 0.984 
0.012 0.995 0.147 0.973 0.962 
0.009 0.997 0.122 0.978 0.981 
0.039 0.992 0.093 0.973 0.723 
0.007 0.998 0.244 0.965 0.975 
0.006 0.998 0.263 0.968 0.971 
0.006 0.997 0.118 0.978 0.997 
0.011 0.996 0.106 0.983 0.971 
0.018 0.995 0.155 0.965 0.965 
0.007 0.997 0.147 0.965 0.987 
0.008 0.997 0.148 0.975 0.994 
0.006 0.998 0.208 0.978 0.978 
0.012 0.996 0.121 0.983 0.997 
0.016 0.996 0.249 0.960 0.987 
0.010 0.997 0.225 0.963 0.987 
0.014 0.997 0.131 0.968 0.994 
0.006 0.998 0.174 0.973 0.949 
0.010 0.998 0.145 0.970 0.994 
0.010 0.996 0.107 0.970 0.994 
0.009 0.997 0.099 0.978 0.994 
0.005 0.999 0.130 0.975 0.994 
0.014 0.995 0.126 0.978 1.000 
0.018 0.996 0.112 0.975 0.949 
0.005 0.998 0.157 0.975 0.959 
0.004 0.999 0.182 0.975 0.971 
0.016 0.998 0.160 0.973 0.567 
0.008 0.996 0.197 0.968 0.892 
0.018 0.994 0.121 0.975 0.831 
0.010 0.996 0.250 0.963 0.678 
0.006 0.998 0.218 0.975 0.955 
0.033 0.992 0.263 0.968 1.000 
0.026 0.996 0.276 0.960 0.981 
0.011 0.996 0.187 0.973 0.831 
0.012 0.997 0.142 0.968 0.994 
0.007 0.998 0.169 0.973 0.987 
0.009 0.998 0.153 0.973 0.949 
0.010 0.998 0.240 0.965 0.981 
0.005 0.999 0.264 0.978 0.978 
0.007 0.996 0.269 0.968 0.959 
0.009 0.998 0.367 0.965 0.955 
0.017 0.996 0.199 0.973 0.984 
0.010 0.998 0.187 0.973 0.994 
0.009 0.998 0.232 0.973 0.863 
0.015 0.996 0.156 0.973 0.978 
0.001 1.000 0.205 0.975 0.984 
0.008 0.996 0.227 0.973 0.994 
0.008 0.997 0.173 0.980 0.962 
0.012 0.996 0.202 0.975 0.968 
0.009 0.998 0.311 0.945 0.331 
0.004 0.999 0.260 0.975 0.971 
0.008 0.997 0.148 0.975 0.987 
0.011 0.996 0.102 0.980 0.987 
0.005 0.998 0.164 0.980 0.997 
0.009 0.996 0.290 0.978 0.930 
0.003 0.999 0.385 0.973 0.943 
0.013 0.996 0.142 0.965 0.994 
0.010 0.997 0.358 0.968 0.987 
0.019 0.995 0.190 0.968 0.994 
0.004 0.999 0.352 0.965 0.984 
0.009 0.997 0.314 0.965 0.838 
0.009 0.996 0.359 0.978 0.965 
0.027 0.995 0.094 0.968 0.994 
0.008 0.998 0.086 0.978 0.990 
0.010 0.997 0.119 0.983 0.990 
0.015 0.996 0.173 0.978 0.987 
0.005 0.998 0.204 0.978 0.984 
0.012 0.997 0.218 0.940 0.978 
0.008 0.997 0.261 0.958 0.981 
0.014 0.998 0.202 0.978 0.965 
0.005 0.996 0.242 0.978 0.939 
0.009 0.998 0.259 0.975 0.949 
0.004 0.998 0.233 0.978 0.981 
0.004 0.999 0.347 0.968 0.933 
0.023 0.995 0.130 0.975 0.981 
0.009 0.996 0.198 0.975 0.978 
0.005 0.997 0.219 0.975 0.975 
0.015 0.996 0.190 0.978 0.984 
0.016 0.994 0.197 0.975 0.994 
0.010 0.998 0.206 0.973 0.889 
0.013 0.996 0.166 0.970 0.984 
0.015 0.996 0.201 0.965 0.987 
0.004 0.998 0.251 0.975 0.739 
0.023 0.996 0.534 0.970 0.732 
0.039 0.992 0.217 0.978 0.997 
0.005 0.999 0.203 0.975 0.971 
0.014 0.998 0.127 0.980 0.997 
0.008 0.998 0.149 0.978 0.997 
0.017 0.998 0.145 0.980 0.943 
0.002 0.999 0.164 0.975 0.968 
0.017 0.995 0.152 0.980 0.987 
0.010 0.997 0.186 0.978 0.917 
0.014 0.995 0.207 0.978 0.971 
0.001 1.000 0.351 0.968 0.987 
0.006 0.998 0.253 0.980 0.924 
0.009 0.999 0.150 0.978 0.994 
0.004 0.998 0.467 0.975 0.965 
0.010 0.998 0.111 0.983 0.990 
0.011 0.998 0.089 0.983 0.994 
0.004 0.999 0.135 0.978 0.987 
0.004 0.999 0.200 0.980 0.994 
0.014 0.998 0.416 0.973 0.080 
0.015 0.996 0.242 0.970 0.955 
0.013 0.995 0.220 0.978 0.965 
0.024 0.998 0.233 0.968 0.990 
0.010 0.997 0.204 0.975 0.997 
0.008 0.996 0.229 0.965 0.981 
0.005 0.998 0.246 0.975 0.997 
0.006 0.998 0.398 0.958 0.955 
0.010 0.996 0.409 0.963 0.924 
0.007 0.998 0.283 0.978 0.978 
0.005 0.998 0.305 0.978 0.981 
0.002 1.000 0.464 0.975 0.962 
0.012 0.998 0.385 0.975 0.978 
0.007 0.998 0.356 0.978 0.994 
0.008 0.996 0.271 0.980 0.959 
0.017 0.998 0.142 0.978 0.990 
0.018 0.997 0.172 0.975 0.895 
0.017 0.993 0.326 0.978 0.936 
0.010 0.998 0.311 0.978 0.955 
0.025 0.997 0.118 0.980 0.971 
0.013 0.996 0.127 0.983 1.000 
0.016 0.995 0.225 0.968 0.774 
0.003 0.999 0.222 0.975 0.984 
0.012 0.997 0.166 0.980 0.952 
0.008 0.997 0.198 0.978 0.809 
0.016 0.995 0.273 0.973 0.293 
0.001 1.000 0.287 0.978 0.834 
0.021 0.996 0.150 0.978 0.901 
0.014 0.998 0.218 0.978 0.908 
0.003 0.999 0.434 0.978 0.815 
0.015 0.993 0.166 0.973 0.742 
0.015 0.996 0.251 0.978 0.172 
0.009 0.997 0.185 0.978 0.818 
0.005 0.999 0.247 0.980 0.261 
0.004 0.998 0.333 0.968 0.834 
0.047 0.992 0.157 0.975 0.968 
0.001 1.000 0.319 0.975 0.573 
0.020 0.996 0.141 0.975 0.955 
0.013 0.997 0.145 0.968 0.927 
0.007 0.998 0.250 0.980 0.573 
0.008 0.997 0.297 0.978 0.217 
0.016 0.997 0.211 0.978 0.876 
0.007 0.998 0.274 0.975 0.475 
0.008 0.998 0.216 0.978 0.990 
0.022 0.997 0.082 0.975 0.997 
0.016 0.999 0.259 0.975 0.981 
0.009 0.998 0.263 0.978 0.990 
0.011 0.996 0.405 0.965 0.968 
0.005 0.999 0.326 0.978 0.984 
0.012 0.995 0.417 0.965 0.987 
0.013 0.996 0.348 0.965 0.994 
0.013 0.995 0.408 0.970 0.990 
0.013 0.996 0.222 0.963 0.981 
0.011 0.995 0.351 0.978 0.869 
0.003 0.999 0.359 0.975 0.987 
0.004 0.999 0.441 0.980 0.987 
0.015 0.998 0.151 0.978 0.987 
0.013 0.995 0.264 0.975 0.984 
0.013 0.997 0.155 0.978 1.000 
0.003 0.998 0.282 0.975 0.930 
0.012 0.997 0.207 0.975 0.984 
0.006 0.997 0.276 0.975 0.968 
0.010 0.998 0.157 0.978 0.990 
0.010 0.997 0.191 0.973 0.990 
0.008 0.997 0.188 0.973 0.997 
0.031 0.992 0.245 0.975 0.952 
0.010 0.998 0.194 0.978 0.873 
0.012 0.996 0.195 0.948 0.984 
0.008 0.996 0.204 0.965 0.997 
0.018 0.996 0.090 0.978 0.990 
0.007 0.998 0.122 0.975 0.997 
0.012 0.995 0.202 0.975 0.990 
0.009 0.997 0.283 0.975 0.984 
0.008 0.998 0.299 0.978 0.933 
0.018 0.996 0.165 0.975 0.952 
0.014 0.996 0.246 0.958 0.936 
0.005 0.999 0.164 0.975 0.946 
0.007 0.998 0.250 0.975 0.822 
0.003 0.999 0.292 0.975 0.939 
0.013 0.998 0.108 0.970 0.990 
0.008 0.997 0.311 0.973 0.990 
0.006 0.997 0.217 0.978 0.994 
0.010 0.996 0.330 0.978 0.984 
0.009 0.999 0.190 0.975 0.994 
0.007 0.998 0.367 0.975 0.965 
0.004 0.997 0.381 0.975 0.965 
0.012 0.996 0.319 0.975 0.955 
0.003 0.999 0.381 0.978 0.965 
0.005 0.999 0.422 0.980 0.981 
0.016 0.994 0.155 0.978 0.981 
0.011 0.997 0.137 0.978 0.987 
0.006 0.998 0.525 0.978 0.965 
0.012 0.996 0.354 0.973 0.994 
0.036 0.993 0.086 0.975 0.994 
0.010 0.997 0.158 0.968 0.984 
0.002 0.999 0.214 0.978 0.990 
0.014 0.993 0.178 0.973 0.990 
0.003 0.999 0.213 0.970 0.987 
0.004 0.998 0.149 0.973 0.990 
0.009 0.998 0.257 0.958 0.965 
0.008 0.997 0.200 0.968 0.990 
0.003 0.999 0.233 0.978 0.987 
0.008 0.996 0.231 0.973 0.968 
0.014 0.995 0.173 0.973 0.990 
0.026 0.994 0.096 0.978 1.000 
0.007 0.997 0.122 0.973 1.000 
0.013 0.996 0.166 0.970 0.984 
0.007 0.996 0.121 0.978 0.984 
0.016 0.997 0.128 0.975 0.978 
0.005 0.999 0.208 0.975 0.981 
0.008 0.996 0.211 0.980 0.994 
0.002 0.999 0.297 0.978 0.984 
0.016 0.996 0.128 0.970 0.994 
0.009 0.996 0.120 0.978 0.997 
0.004 0.999 0.177 0.978 0.994 
0.009 0.995 0.232 0.973 0.984 
0.006 0.998 0.125 0.980 1.000 
0.014 0.996 0.165 0.975 0.990 
0.004 0.999 0.238 0.975 0.920 
0.013 0.998 0.244 0.958 0.478 
0.011 0.996 0.463 0.975 0.682 
0.007 0.999 0.194 0.980 0.981 
0.003 0.999 0.249 0.975 0.984 
0.021 0.998 0.102 0.973 0.997 
0.007 0.998 0.149 0.973 0.984 
0.014 0.995 0.160 0.978 0.917 
0.003 0.999 0.124 0.975 0.997 
0.015 0.996 0.135 0.978 0.997 
0.005 0.999 0.129 0.980 0.994 
0.007 0.998 0.121 0.973 1.000 
0.006 0.998 0.319 0.973 0.981 
0.011 0.998 0.256 0.978 0.901 
0.016 0.995 0.183 0.975 0.997 
0.004 0.999 0.182 0.978 0.997 
0.009 0.997 0.107 0.973 0.997 
0.010 0.997 0.182 0.975 0.971 
0.021 0.997 0.128 0.970 0.936 
0.011 0.997 0.186 0.973 0.924 
0.018 0.996 0.129 0.975 0.981 
0.008 0.998 0.153 0.978 0.994 
0.015 0.996 0.189 0.965 0.955 
0.019 0.995 0.124 0.970 0.997 
0.006 0.997 0.135 0.980 1.000 
0.009 0.998 0.182 0.975 0.994 
0.007 0.999 0.182 0.963 0.987 
0.012 0.996 0.116 0.978 0.997 
0.010 0.998 0.128 0.978 0.997 
0.009 0.997 0.261 0.970 0.978 
0.011 0.998 0.155 0.975 0.990 
0.010 0.996 0.341 0.975 0.911 
0.008 0.998 0.239 0.978 0.984 
0.036 0.995 0.180 0.968 0.987 
0.021 0.995 0.221 0.973 0.978 
0.025 0.996 0.141 0.975 0.994 
0.002 0.999 0.145 0.978 0.997 
0.015 0.997 0.107 0.970 0.987 
0.006 0.998 0.126 0.978 1.000 
0.008 0.995 0.184 0.973 0.981 
0.003 0.999 0.219 0.975 0.984 
0.008 0.999 0.266 0.955 0.818 
0.001 1.000 0.231 0.975 0.946 
0.006 0.998 0.474 0.975 0.659 
0.015 0.995 0.203 0.975 0.978 
0.006 0.998 0.215 0.975 0.892 
0.015 0.996 0.311 0.945 0.975 
0.023 0.994 0.139 0.975 0.990 
0.008 0.997 0.171 0.980 0.994 
0.012 0.997 0.329 0.963 0.962 
0.022 0.995 0.113 0.975 1.000 
0.008 0.996 0.160 0.975 0.997 
0.006 0.999 0.310 0.975 0.701 
0.007 0.996 0.353 0.968 0.732 
0.013 0.996 0.483 0.973 0.013 
0.012 0.995 0.152 0.980 0.984 
0.004 0.999 0.200 0.975 0.971 
0.011 0.998 0.340 0.973 0.255 
0.007 0.997 0.438 0.978 0.529 
0.006 0.999 0.320 0.970 0.978 
0.013 0.996 0.359 0.970 0.475 
0.010 0.996 0.297 0.978 0.978 
0.004 0.999 0.325 0.978 0.987 
0.015 0.996 0.304 0.978 0.860 
0.004 0.998 0.283 0.978 0.994 
0.021 0.996 0.261 0.978 0.070 
0.015 0.998 0.182 0.975 0.990 
0.009 0.997 0.199 0.975 0.943 
0.012 0.998 0.156 0.975 0.978 
0.003 0.998 0.252 0.975 0.984 
0.008 0.998 0.254 0.975 0.994 
0.013 0.998 0.185 0.978 1.000 
0.003 0.998 0.175 0.975 0.994 
0.011 0.998 0.277 0.980 0.869 
0.008 0.998 0.177 0.978 1.000 
0.008 0.998 0.205 0.973 0.978 
0.006 0.999 0.166 0.968 1.000 
0.015 0.996 0.105 0.978 0.994 
0.010 0.996 0.142 0.978 0.978 
0.008 0.998 0.224 0.975 1.000 
0.010 0.997 0.249 0.975 0.997 
0.004 0.998 0.334 0.978 0.984 
0.012 0.998 0.221 0.970 0.799 
0.010 0.997 0.152 0.973 1.000 
0.005 0.998 0.241 0.978 0.987 
0.017 0.997 0.291 0.965 0.949 
0.019 0.998 0.145 0.975 0.994 
0.002 0.999 0.201 0.978 0.994 
0.004 0.999 0.184 0.975 0.987 
0.008 0.998 0.157 0.970 0.971 
0.005 0.997 0.164 0.978 0.994 
0.006 0.999 0.229 0.973 0.990 
0.002 0.999 0.238 0.970 0.962 
0.005 0.998 0.194 0.973 0.997 
0.012 0.995 0.209 0.965 0.990 
0.006 0.998 0.358 0.975 0.952 
0.016 0.997 0.248 0.975 0.959 
0.002 0.999 0.276 0.978 0.965 
0.013 0.996 0.181 0.975 0.978 
0.018 0.997 0.328 0.960 1.000 
0.022 0.995 0.211 0.975 0.997 
0.006 0.998 0.225 0.975 0.997 
0.010 0.998 0.269 0.980 0.994 
0.006 0.998 0.272 0.973 0.997 
0.013 0.995 0.364 0.975 0.978 
0.011 0.997 0.210 0.975 0.987 
0.005 0.999 0.234 0.975 0.990 
0.013 0.996 0.285 0.978 0.997 
0.022 0.996 0.190 0.970 0.952 
0.008 0.997 0.146 0.980 0.987 
0.006 0.998 0.206 0.978 0.987 
0.005 0.998 0.324 0.978 0.959 
0.005 0.999 0.272 0.973 0.936 
0.006 0.999 0.321 0.965 0.965 
0.014 0.996 0.161 0.980 0.898 
0.017 0.995 0.169 0.978 1.000 
0.012 0.996 0.155 0.975 0.997 
0.002 0.999 0.239 0.973 0.745 
0.013 0.995 0.176 0.983 0.933 
0.005 0.997 0.404 0.975 0.939 
0.005 0.998 0.210 0.983 0.994 
0.009 0.997 0.444 0.960 0.968 
0.012 0.998 0.172 0.973 0.704 
0.006 0.999 0.319 0.978 0.952 
0.007 0.998 0.332 0.975 0.564 
0.011 0.996 0.299 0.965 0.975 
0.015 0.996 0.226 0.978 0.994 
0.014 0.997 0.340 0.970 0.965 
0.030 0.997 0.103 0.978 1.000 
0.008 0.998 0.125 0.975 0.990 
0.013 0.996 0.172 0.970 0.803 
0.009 0.996 0.153 0.978 0.366 
0.008 0.997 0.177 0.975 0.936 
0.010 0.995 0.154 0.978 0.990 
0.003 0.999 0.171 0.975 0.997 
0.003 0.999 0.373 0.968 0.471 
0.025 0.996 0.193 0.975 0.997 
0.005 0.998 0.689 0.975 0.035 
0.007 0.998 0.231 0.978 0.532 
0.003 0.999 0.283 0.975 0.815 
0.007 0.999 0.251 0.978 0.965 
0.006 0.998 0.206 0.978 0.994 
0.016 0.995 0.341 0.927 0.908 
0.009 0.998 0.156 0.980 0.854 
0.003 0.999 0.182 0.975 0.965 
0.007 0.998 0.204 0.975 0.264 
0.006 0.998 0.192 0.975 0.631 
0.001 0.999 0.226 0.978 0.436 
0.018 0.996 0.235 0.975 0.975 
0.008 0.998 0.353 0.963 0.990 
0.009 0.998 0.369 0.978 0.946 
0.015 0.995 0.264 0.975 0.997 
0.001 1.000 0.403 0.978 0.952 
0.000 1.000 0.199 0.980 0.997 
0.013 0.995 0.308 0.978 0.990 
0.001 1.000 0.227 0.973 0.997 
0.003 0.999 0.425 0.978 0.971 
0.003 0.999 0.415 0.978 0.984 
0.020 0.997 0.118 0.980 0.990 
0.002 0.999 0.251 0.980 0.962 
0.017 0.996 0.106 0.975 0.994 
0.006 0.998 0.120 0.980 0.987 
0.008 0.998 0.207 0.970 0.583 
0.008 0.998 0.134 0.975 0.997 
0.006 0.998 0.186 0.978 0.997 
0.011 0.996 0.301 0.965 0.994 
0.006 0.998 0.410 0.975 0.885 
0.008 0.997 0.141 0.978 0.994 
0.015 0.995 0.259 0.975 0.927 
0.004 0.998 0.321 0.975 0.981 
0.018 0.997 0.209 0.975 0.997 
0.007 0.998 0.296 0.978 0.917 
0.020 0.995 0.215 0.978 0.987 
0.002 0.999 0.243 0.973 0.981 
0.006 0.998 0.267 0.975 0.997 
0.007 0.997 0.374 0.965 0.936 
0.004 0.998 0.410 0.973 0.984 
0.008 0.996 0.424 0.973 0.990 
0.020 0.994 0.160 0.975 0.994 
0.003 0.999 0.283 0.975 0.981 
0.002 0.999 0.369 0.978 0.975 
0.055 0.994 0.164 0.970 0.990 
0.003 0.999 0.310 0.975 0.997 
0.012 0.998 0.303 0.975 0.984 
0.020 0.995 0.207 0.975 0.987 
0.009 0.997 0.191 0.978 0.895 
0.002 0.999 0.215 0.975 0.949 
0.006 0.998 0.219 0.978 0.694 
0.012 0.997 0.198 0.978 0.134 
0.004 0.998 0.242 0.978 0.889 
0.009 0.998 0.116 0.978 0.981 
0.008 0.998 0.159 0.975 0.984 
0.025 0.996 0.138 0.968 0.911 
0.009 0.997 0.129 0.980 0.959 
0.007 0.998 0.137 0.978 0.959 
0.004 0.999 0.180 0.978 0.363 
0.004 0.999 0.157 0.978 0.987 
0.007 0.998 0.111 0.983 0.981 
0.006 0.998 0.251 0.980 0.987 
0.004 0.998 0.456 0.975 0.854 
0.008 0.997 0.235 0.978 0.984 
0.010 0.996 0.338 0.975 0.984 
0.000 1.000 0.402 0.978 0.459 
0.012 0.998 0.152 0.975 0.911 
0.003 0.999 0.178 0.978 0.866 
0.007 0.998 0.136 0.978 0.962 
0.006 0.998 0.151 0.975 0.876 
0.005 0.999 0.201 0.975 0.172 
0.009 0.998 0.159 0.975 0.990 
0.010 0.998 0.189 0.980 0.997 
0.008 0.998 0.214 0.970 0.990 
0.006 0.997 0.280 0.978 0.990 
0.011 0.998 0.130 0.980 0.997 
0.007 0.998 0.139 0.975 0.997 
0.000 1.000 0.159 0.980 0.994 
0.019 0.996 0.153 0.968 0.408 
