0.281 0.896 0.230 0.932 0.994 
0.151 0.949 0.146 0.945 1.000 
0.131 0.955 0.145 0.948 1.000 
0.099 0.968 0.153 0.943 0.997 
0.098 0.967 0.122 0.960 1.000 
0.083 0.971 0.095 0.968 1.000 
0.078 0.976 0.087 0.970 1.000 
0.077 0.977 0.117 0.953 1.000 
0.088 0.974 0.088 0.975 1.000 
0.083 0.975 0.136 0.943 1.000 
0.068 0.980 0.109 0.960 1.000 
0.074 0.976 0.123 0.955 1.000 
0.071 0.979 0.120 0.955 1.000 
0.065 0.977 0.107 0.960 1.000 
0.069 0.979 0.082 0.975 0.974 
0.043 0.989 0.085 0.983 1.000 
0.060 0.981 0.086 0.978 1.000 
0.061 0.983 0.111 0.960 0.994 
0.050 0.985 0.126 0.958 1.000 
0.061 0.982 0.095 0.965 0.987 
0.051 0.987 0.103 0.960 0.997 
0.052 0.985 0.090 0.968 0.997 
0.056 0.980 0.101 0.970 1.000 
0.055 0.983 0.102 0.975 1.000 
0.056 0.988 0.127 0.945 1.000 
0.060 0.982 0.086 0.970 1.000 
0.049 0.988 0.070 0.980 1.000 
0.051 0.984 0.098 0.963 1.000 
0.049 0.987 0.093 0.963 1.000 
0.050 0.988 0.074 0.973 1.000 
0.041 0.991 0.065 0.980 1.000 
0.044 0.987 0.092 0.968 0.997 
0.059 0.984 0.095 0.968 0.936 
0.053 0.985 0.100 0.963 0.891 
0.088 0.980 0.102 0.970 0.990 
0.048 0.987 0.097 0.968 1.000 
0.037 0.991 0.095 0.975 0.971 
0.051 0.988 0.080 0.973 1.000 
0.055 0.987 0.086 0.973 1.000 
0.058 0.985 0.090 0.973 1.000 
0.047 0.988 0.103 0.960 0.994 
0.036 0.991 0.077 0.973 0.994 
0.048 0.986 0.106 0.960 1.000 
0.043 0.989 0.072 0.980 1.000 
0.032 0.993 0.109 0.960 0.772 
0.046 0.987 0.104 0.963 1.000 
0.041 0.988 0.065 0.985 0.990 
0.050 0.987 0.075 0.975 1.000 
0.034 0.992 0.078 0.978 0.631 
0.044 0.988 0.069 0.983 0.997 
0.039 0.988 0.096 0.968 1.000 
0.037 0.991 0.071 0.975 0.407 
0.031 0.992 0.163 0.945 0.894 
0.040 0.990 0.062 0.978 1.000 
0.049 0.987 0.059 0.980 0.984 
0.033 0.993 0.071 0.975 0.099 
0.054 0.988 0.088 0.975 0.949 
0.036 0.991 0.057 0.978 1.000 
0.035 0.990 0.094 0.965 1.000 
0.040 0.989 0.061 0.985 1.000 
0.044 0.989 0.095 0.965 0.772 
0.036 0.989 0.066 0.975 1.000 
0.041 0.990 0.073 0.975 0.962 
0.042 0.988 0.101 0.965 0.997 
0.033 0.992 0.064 0.975 1.000 
0.029 0.995 0.052 0.983 1.000 
0.038 0.989 0.070 0.975 1.000 
0.037 0.989 0.076 0.975 1.000 
0.032 0.994 0.100 0.965 1.000 
0.035 0.991 0.055 0.978 0.654 
0.045 0.990 0.076 0.975 0.990 
0.035 0.989 0.104 0.963 1.000 
0.033 0.993 0.079 0.975 0.946 
0.035 0.989 0.072 0.975 1.000 
0.032 0.992 0.047 0.985 1.000 
0.027 0.993 0.093 0.975 1.000 
0.036 0.988 0.086 0.975 0.747 
0.033 0.992 0.072 0.978 0.997 
0.042 0.992 0.095 0.973 0.997 
0.033 0.990 0.073 0.975 0.423 
0.032 0.992 0.054 0.980 0.984 
0.030 0.992 0.105 0.963 0.984 
0.037 0.991 0.080 0.975 0.997 
0.032 0.991 0.061 0.985 1.000 
0.045 0.990 0.074 0.973 1.000 
0.039 0.989 0.126 0.958 1.000 
0.024 0.995 0.076 0.973 1.000 
0.035 0.990 0.086 0.975 0.410 
0.033 0.992 0.077 0.975 0.987 
0.028 0.993 0.084 0.975 1.000 
0.034 0.993 0.063 0.978 1.000 
0.028 0.992 0.066 0.978 0.865 
0.032 0.991 0.070 0.975 1.000 
0.033 0.991 0.094 0.975 0.990 
0.032 0.992 0.044 0.985 1.000 
0.032 0.993 0.069 0.975 0.997 
0.032 0.992 0.067 0.975 1.000 
0.033 0.993 0.085 0.975 1.000 
0.027 0.992 0.070 0.975 0.981 
0.026 0.994 0.119 0.955 1.000 
0.033 0.992 0.063 0.980 0.994 
0.026 0.995 0.072 0.975 1.000 
0.053 0.989 0.062 0.978 0.436 
0.036 0.993 0.069 0.980 0.000 
0.025 0.994 0.067 0.975 1.000 
0.039 0.989 0.077 0.975 1.000 
0.037 0.990 0.073 0.973 1.000 
0.019 0.996 0.084 0.973 0.987 
0.020 0.995 0.063 0.983 1.000 
0.030 0.991 0.097 0.970 0.997 
0.030 0.989 0.072 0.980 1.000 
0.027 0.994 0.128 0.955 0.987 
0.028 0.993 0.070 0.980 0.792 
0.021 0.995 0.107 0.975 0.997 
0.025 0.993 0.057 0.975 1.000 
0.039 0.987 0.066 0.980 0.833 
0.018 0.998 0.080 0.975 0.994 
0.029 0.993 0.062 0.978 0.987 
0.029 0.992 0.087 0.975 1.000 
0.029 0.992 0.048 0.985 1.000 
0.033 0.993 0.071 0.975 1.000 
0.025 0.995 0.075 0.975 0.997 
0.033 0.989 0.045 0.985 0.978 
0.032 0.993 0.088 0.975 0.987 
0.027 0.993 0.048 0.980 1.000 
0.024 0.994 0.071 0.975 0.997 
0.029 0.993 0.099 0.965 0.920 
0.026 0.995 0.082 0.975 0.984 
0.027 0.994 0.086 0.975 0.987 
0.026 0.993 0.069 0.978 0.196 
0.025 0.995 0.053 0.978 1.000 
0.037 0.992 0.048 0.990 0.917 
0.028 0.992 0.075 0.973 1.000 
0.030 0.994 0.102 0.963 0.984 
0.021 0.996 0.109 0.970 0.689 
0.027 0.993 0.102 0.965 0.990 
0.033 0.990 0.050 0.975 1.000 
0.038 0.993 0.059 0.975 1.000 
0.025 0.991 0.147 0.945 1.000 
0.037 0.990 0.067 0.975 1.000 
0.018 0.995 0.045 0.988 1.000 
0.028 0.993 0.066 0.975 1.000 
0.021 0.998 0.089 0.975 0.990 
0.032 0.990 0.109 0.958 0.000 
0.032 0.993 0.057 0.975 0.772 
0.021 0.996 0.063 0.978 0.689 
0.025 0.994 0.049 0.980 0.913 
0.034 0.990 0.054 0.985 0.487 
0.018 0.995 0.084 0.975 1.000 
0.023 0.996 0.066 0.975 1.000 
0.026 0.992 0.047 0.983 1.000 
0.021 0.995 0.088 0.975 0.997 
0.025 0.993 0.067 0.975 0.997 
0.028 0.992 0.058 0.975 1.000 
0.025 0.992 0.086 0.975 1.000 
0.021 0.995 0.048 0.985 1.000 
0.025 0.994 0.052 0.978 1.000 
0.022 0.993 0.060 0.975 1.000 
0.025 0.993 0.055 0.975 1.000 
0.020 0.996 0.104 0.975 1.000 
0.034 0.991 0.045 0.985 1.000 
0.020 0.996 0.076 0.975 1.000 
0.033 0.989 0.075 0.975 1.000 
0.025 0.992 0.056 0.975 0.994 
0.024 0.993 0.068 0.978 1.000 
0.023 0.995 0.050 0.983 0.990 
0.029 0.992 0.091 0.975 0.990 
0.029 0.993 0.066 0.975 0.449 
0.026 0.992 0.084 0.975 0.997 
0.032 0.992 0.058 0.978 1.000 
0.034 0.992 0.094 0.960 0.997 
0.031 0.992 0.106 0.960 1.000 
0.028 0.992 0.085 0.975 0.990 
0.040 0.988 0.068 0.975 0.978 
0.028 0.996 0.074 0.975 0.997 
0.022 0.994 0.073 0.975 0.987 
0.027 0.992 0.076 0.975 1.000 
0.022 0.995 0.077 0.975 0.990 
0.015 0.997 0.114 0.960 0.984 
0.023 0.993 0.080 0.975 0.987 
0.037 0.990 0.061 0.975 1.000 
0.020 0.995 0.070 0.975 0.978 
0.023 0.995 0.038 0.993 1.000 
0.022 0.995 0.090 0.975 1.000 
0.021 0.995 0.065 0.978 0.981 
0.022 0.995 0.057 0.980 0.619 
0.029 0.992 0.060 0.985 1.000 
0.030 0.992 0.067 0.978 1.000 
0.028 0.993 0.074 0.975 0.994 
0.024 0.994 0.075 0.970 0.981 
0.026 0.995 0.053 0.978 1.000 
0.027 0.993 0.058 0.975 1.000 
0.024 0.995 0.044 0.983 1.000 
0.015 0.997 0.054 0.980 1.000 
0.025 0.993 0.086 0.970 0.782 
0.023 0.993 0.060 0.978 1.000 
0.028 0.994 0.071 0.975 1.000 
0.026 0.993 0.070 0.975 0.994 
0.021 0.995 0.048 0.988 1.000 
0.028 0.994 0.071 0.975 0.705 
0.021 0.993 0.078 0.975 1.000 
0.019 0.995 0.111 0.958 1.000 
0.022 0.992 0.084 0.973 0.913 
0.017 0.995 0.045 0.988 0.622 
0.017 0.995 0.179 0.950 1.000 
0.024 0.995 0.048 0.980 1.000 
0.021 0.995 0.093 0.963 1.000 
0.021 0.993 0.062 0.975 1.000 
0.023 0.995 0.071 0.975 0.824 
0.020 0.996 0.076 0.975 1.000 
0.027 0.992 0.045 0.980 1.000 
0.023 0.993 0.039 0.985 1.000 
0.021 0.995 0.056 0.983 1.000 
0.015 0.997 0.044 0.985 0.997 
0.021 0.994 0.066 0.975 0.974 
0.035 0.988 0.054 0.975 0.997 
0.018 0.996 0.062 0.975 1.000 
0.020 0.995 0.055 0.978 1.000 
0.023 0.994 0.060 0.978 1.000 
0.027 0.991 0.063 0.975 0.997 
0.019 0.995 0.060 0.975 0.010 
0.022 0.996 0.056 0.980 0.994 
0.035 0.992 0.073 0.975 1.000 
0.020 0.993 0.060 0.975 1.000 
0.012 0.998 0.074 0.975 0.561 
0.015 0.996 0.060 0.975 0.952 
0.021 0.996 0.069 0.975 0.994 
0.026 0.993 0.058 0.975 0.984 
0.019 0.993 0.046 0.988 1.000 
0.023 0.995 0.054 0.975 0.343 
0.029 0.993 0.070 0.975 1.000 
0.021 0.995 0.088 0.975 1.000 
0.025 0.992 0.037 0.990 1.000 
0.024 0.994 0.046 0.985 0.657 
0.019 0.995 0.119 0.975 0.965 
0.025 0.995 0.103 0.980 0.997 
0.056 0.991 0.044 0.985 0.026 
0.019 0.996 0.068 0.980 1.000 
0.024 0.993 0.095 0.978 0.997 
0.016 0.996 0.055 0.980 0.997 
0.022 0.995 0.056 0.975 1.000 
0.023 0.995 0.059 0.975 1.000 
0.020 0.996 0.058 0.980 0.981 
0.023 0.991 0.035 0.988 1.000 
0.025 0.996 0.099 0.965 1.000 
0.023 0.993 0.066 0.975 0.830 
0.020 0.993 0.068 0.975 1.000 
0.024 0.992 0.048 0.978 1.000 
0.020 0.995 0.055 0.978 0.612 
0.028 0.994 0.040 0.990 0.994 
0.018 0.995 0.040 0.988 1.000 
0.012 0.996 0.063 0.975 1.000 
0.026 0.996 0.058 0.975 0.022 
0.020 0.994 0.034 0.993 1.000 
0.024 0.994 0.105 0.975 1.000 
0.020 0.993 0.074 0.975 1.000 
0.041 0.990 0.088 0.975 0.827 
0.017 0.995 0.077 0.975 1.000 
0.017 0.994 0.065 0.975 1.000 
0.015 0.995 0.045 0.983 1.000 
0.018 0.994 0.055 0.978 1.000 
0.018 0.994 0.056 0.975 1.000 
0.025 0.995 0.061 0.975 0.997 
0.019 0.993 0.067 0.975 1.000 
0.029 0.992 0.069 0.975 0.994 
0.019 0.995 0.071 0.975 0.990 
0.016 0.998 0.053 0.978 1.000 
0.015 0.995 0.074 0.975 1.000 
0.019 0.995 0.077 0.975 1.000 
0.020 0.996 0.051 0.975 1.000 
0.012 0.997 0.064 0.975 1.000 
0.014 0.996 0.074 0.975 1.000 
0.021 0.993 0.049 0.983 1.000 
0.029 0.992 0.106 0.955 1.000 
0.022 0.997 0.045 0.983 1.000 
0.022 0.993 0.072 0.975 1.000 
0.019 0.996 0.092 0.970 1.000 
0.032 0.994 0.045 0.983 1.000 
0.017 0.994 0.059 0.978 1.000 
0.012 0.995 0.077 0.975 1.000 
0.023 0.995 0.057 0.980 1.000 
0.020 0.993 0.084 0.975 1.000 
0.021 0.994 0.106 0.975 0.984 
0.030 0.992 0.119 0.948 0.801 
0.016 0.996 0.065 0.975 0.997 
0.022 0.990 0.088 0.970 1.000 
0.014 0.995 0.048 0.980 0.990 
0.017 0.994 0.073 0.975 1.000 
0.012 0.995 0.083 0.973 1.000 
0.015 0.995 0.050 0.978 1.000 
0.029 0.994 0.083 0.975 1.000 
0.013 0.995 0.052 0.975 1.000 
0.011 0.996 0.053 0.975 1.000 
0.024 0.993 0.071 0.975 1.000 
0.016 0.995 0.109 0.965 1.000 
0.021 0.996 0.093 0.965 1.000 
0.011 0.996 0.057 0.983 1.000 
0.026 0.992 0.065 0.975 0.997 
0.015 0.997 0.073 0.975 1.000 
0.008 0.997 0.084 0.975 1.000 
0.016 0.996 0.079 0.978 1.000 
0.018 0.994 0.081 0.975 0.990 
0.018 0.994 0.062 0.975 1.000 
0.018 0.993 0.123 0.948 1.000 
0.019 0.995 0.047 0.978 1.000 
0.023 0.995 0.060 0.978 1.000 
0.011 0.996 0.123 0.950 0.821 
0.017 0.995 0.060 0.978 0.715 
0.019 0.993 0.121 0.955 1.000 
0.015 0.996 0.059 0.983 1.000 
0.025 0.994 0.066 0.975 1.000 
0.013 0.997 0.043 0.988 1.000 
0.015 0.995 0.079 0.970 1.000 
0.010 0.998 0.068 0.975 1.000 
0.031 0.992 0.068 0.975 1.000 
0.024 0.991 0.048 0.980 0.814 
0.030 0.996 0.099 0.968 0.000 
0.019 0.993 0.055 0.978 0.000 
0.018 0.995 0.073 0.978 1.000 
0.021 0.994 0.049 0.983 0.010 
0.009 0.997 0.067 0.978 0.013 
0.020 0.994 0.084 0.975 0.881 
0.021 0.993 0.037 0.988 0.978 
0.016 0.997 0.049 0.983 0.657 
0.019 0.993 0.068 0.973 0.760 
0.012 0.998 0.071 0.980 0.881 
0.020 0.994 0.077 0.975 0.869 
0.021 0.997 0.054 0.978 0.913 
0.008 0.999 0.050 0.983 0.676 
0.024 0.993 0.093 0.973 0.692 
0.014 0.995 0.062 0.978 1.000 
0.025 0.993 0.061 0.975 1.000 
0.029 0.994 0.091 0.975 1.000 
0.014 0.997 0.090 0.975 1.000 
0.015 0.997 0.063 0.975 1.000 
0.010 0.998 0.051 0.985 1.000 
0.021 0.995 0.102 0.965 0.968 
0.013 0.996 0.086 0.978 0.968 
0.023 0.995 0.107 0.968 1.000 
0.029 0.992 0.088 0.975 1.000 
0.024 0.995 0.071 0.975 1.000 
0.015 0.995 0.054 0.975 1.000 
0.017 0.995 0.080 0.975 0.997 
0.029 0.991 0.053 0.978 1.000 
0.018 0.995 0.070 0.975 1.000 
0.020 0.995 0.056 0.975 1.000 
0.014 0.995 0.076 0.973 1.000 
0.019 0.995 0.071 0.975 0.987 
0.022 0.996 0.048 0.985 1.000 
0.019 0.994 0.128 0.953 1.000 
0.011 0.998 0.059 0.978 1.000 
0.010 0.997 0.074 0.975 1.000 
0.019 0.994 0.077 0.975 1.000 
0.010 0.997 0.055 0.980 1.000 
0.032 0.993 0.052 0.980 1.000 
0.015 0.996 0.057 0.978 1.000 
0.020 0.996 0.038 0.990 1.000 
0.020 0.994 0.062 0.978 1.000 
0.010 0.998 0.054 0.980 1.000 
0.018 0.995 0.103 0.975 0.984 
0.024 0.998 0.051 0.983 1.000 
0.015 0.995 0.082 0.975 1.000 
0.017 0.997 0.076 0.975 1.000 
0.013 0.997 0.077 0.975 1.000 
0.025 0.993 0.072 0.975 1.000 
0.031 0.993 0.081 0.975 1.000 
0.012 0.997 0.046 0.988 0.990 
0.016 0.996 0.065 0.975 0.997 
0.019 0.993 0.072 0.975 1.000 
0.014 0.997 0.070 0.988 0.962 
0.026 0.994 0.066 0.983 0.962 
0.023 0.996 0.107 0.983 1.000 
0.019 0.997 0.039 0.985 1.000 
0.018 0.995 0.078 0.975 0.997 
0.015 0.995 0.058 0.978 0.971 
0.030 0.993 0.067 0.975 0.997 
0.015 0.997 0.068 0.978 0.968 
0.015 0.996 0.083 0.975 0.984 
0.014 0.996 0.107 0.975 1.000 
0.009 0.996 0.124 0.975 1.000 
0.019 0.993 0.075 0.973 1.000 
0.011 0.996 0.058 0.978 1.000 
0.022 0.993 0.074 0.970 0.997 
0.013 0.996 0.059 0.978 0.997 
0.017 0.996 0.039 0.985 1.000 
0.019 0.997 0.079 0.973 1.000 
0.021 0.995 0.064 0.975 1.000 
0.025 0.994 0.064 0.975 0.994 
0.015 0.995 0.039 0.985 1.000 
0.017 0.993 0.047 0.978 1.000 
0.029 0.993 0.064 0.978 1.000 
0.024 0.998 0.051 0.978 1.000 
0.027 0.994 0.065 0.973 0.978 
0.012 0.996 0.049 0.980 1.000 
0.019 0.997 0.070 0.973 1.000 
0.014 0.995 0.054 0.975 1.000 
0.017 0.995 0.073 0.968 1.000 
0.018 0.997 0.074 0.973 0.968 
0.014 0.996 0.065 0.975 1.000 
0.018 0.995 0.100 0.955 0.990 
0.020 0.995 0.072 0.978 0.907 
0.026 0.994 0.069 0.973 0.849 
0.022 0.995 0.059 0.978 1.000 
0.019 0.995 0.068 0.975 1.000 
0.029 0.993 0.068 0.973 1.000 
0.014 0.995 0.056 0.978 0.994 
0.019 0.995 0.062 0.978 0.987 
0.015 0.995 0.057 0.978 0.997 
0.017 0.995 0.042 0.985 1.000 
0.012 0.996 0.073 0.975 1.000 
0.015 0.995 0.051 0.980 1.000 
0.014 0.995 0.053 0.980 1.000 
0.014 0.996 0.047 0.983 1.000 
0.010 0.997 0.092 0.975 1.000 
0.014 0.996 0.114 0.963 1.000 
0.017 0.995 0.072 0.975 1.000 
0.012 0.997 0.103 0.970 1.000 
0.015 0.996 0.089 0.975 1.000 
0.029 0.993 0.106 0.968 1.000 
0.018 0.995 0.062 0.978 1.000 
0.021 0.995 0.116 0.970 1.000 
0.007 0.997 0.080 0.980 1.000 
0.029 0.995 0.106 0.965 1.000 
0.018 0.994 0.057 0.978 0.994 
0.027 0.994 0.072 0.978 0.612 
0.013 0.996 0.092 0.973 0.942 
0.015 0.997 0.091 0.973 0.811 
0.012 0.996 0.047 0.985 0.984 
0.013 0.995 0.057 0.980 1.000 
0.015 0.996 0.131 0.973 1.000 
0.010 0.997 0.066 0.988 0.971 
0.013 0.998 0.031 0.988 0.997 
0.020 0.995 0.068 0.978 1.000 
0.013 0.996 0.151 0.958 1.000 
0.012 0.993 0.044 0.988 1.000 
0.017 0.997 0.048 0.983 1.000 
0.010 0.998 0.096 0.975 1.000 
0.022 0.995 0.070 0.975 1.000 
0.015 0.995 0.051 0.988 0.917 
0.016 0.995 0.050 0.985 1.000 
0.021 0.995 0.070 0.975 1.000 
0.014 0.996 0.071 0.978 0.901 
0.018 0.995 0.075 0.980 0.990 
0.017 0.993 0.075 0.975 0.978 
0.015 0.996 0.076 0.975 0.894 
0.019 0.993 0.099 0.965 1.000 
0.012 0.996 0.062 0.983 1.000 
0.015 0.995 0.062 0.978 0.987 
0.009 0.997 0.086 0.978 0.955 
0.015 0.995 0.100 0.970 0.987 
0.030 0.995 0.057 0.983 0.917 
0.011 0.997 0.081 0.975 0.064 
0.019 0.994 0.100 0.975 0.513 
0.026 0.995 0.077 0.975 0.202 
0.019 0.996 0.068 0.978 0.878 
0.016 0.996 0.113 0.965 1.000 
0.029 0.995 0.121 0.960 0.978 
0.015 0.995 0.068 0.980 0.215 
0.013 0.995 0.143 0.950 0.647 
0.009 0.998 0.065 0.978 0.997 
0.009 0.996 0.096 0.980 1.000 
0.035 0.992 0.063 0.978 0.801 
0.024 0.995 0.086 0.975 0.846 
0.013 0.995 0.055 0.980 0.994 
0.018 0.996 0.092 0.975 0.006 
0.015 0.996 0.059 0.980 0.958 
0.017 0.993 0.085 0.978 0.465 
0.024 0.995 0.059 0.978 0.997 
0.023 0.997 0.090 0.975 0.990 
0.025 0.996 0.066 0.975 0.753 
0.024 0.995 0.072 0.978 0.965 
0.012 0.996 0.073 0.975 0.869 
0.022 0.996 0.062 0.983 0.997 
0.019 0.995 0.061 0.980 0.997 
0.021 0.993 0.049 0.985 0.984 
0.017 0.996 0.210 0.925 0.872 
0.011 0.997 0.062 0.978 0.327 
0.033 0.995 0.069 0.978 0.987 
0.024 0.996 0.150 0.945 0.971 
0.008 0.997 0.160 0.965 0.974 
0.025 0.993 0.071 0.975 0.981 
0.009 0.998 0.065 0.978 0.997 
0.016 0.996 0.065 0.980 0.760 
0.023 0.995 0.069 0.983 0.987 
0.027 0.992 0.068 0.975 0.885 
0.013 0.997 0.055 0.980 0.869 
0.013 0.996 0.076 0.975 0.853 
0.019 0.996 0.048 0.985 0.679 
0.017 0.995 0.087 0.970 0.817 
0.008 0.998 0.058 0.983 0.913 
0.011 0.997 0.054 0.978 0.994 
0.016 0.996 0.065 0.978 0.420 
0.029 0.994 0.058 0.978 0.891 
0.007 0.998 0.031 0.990 0.901 
0.038 0.991 0.056 0.988 0.397 
0.022 0.994 0.046 0.983 1.000 
0.031 0.993 0.051 0.980 0.856 
0.015 0.996 0.067 0.975 0.788 
0.009 0.998 0.079 0.973 0.946 
0.018 0.998 0.101 0.965 0.978 
0.007 0.999 0.054 0.983 0.888 
0.020 0.997 0.060 0.983 0.106 
0.013 0.993 0.075 0.975 1.000 
0.022 0.995 0.064 0.980 0.939 
0.018 0.995 0.124 0.958 0.750 
0.014 0.996 0.056 0.983 0.740 
0.010 0.997 0.105 0.965 0.917 
0.017 0.996 0.034 0.993 0.994 
0.018 0.993 0.099 0.965 0.638 
0.025 0.995 0.071 0.975 0.904 
0.033 0.994 0.124 0.975 0.712 
0.016 0.997 0.068 0.975 0.814 
0.012 0.996 0.048 0.985 0.734 
0.011 0.996 0.065 0.978 0.971 
0.011 0.996 0.070 0.980 0.942 
0.022 0.994 0.050 0.980 0.897 
0.016 0.996 0.041 0.988 0.865 
0.028 0.995 0.068 0.975 0.843 
0.019 0.996 0.106 0.975 1.000 
0.018 0.995 0.045 0.985 0.766 
0.016 0.995 0.109 0.965 0.497 
0.016 0.995 0.138 0.940 0.593 
0.015 0.994 0.053 0.985 0.933 
0.012 0.997 0.060 0.980 0.862 
0.025 0.994 0.080 0.975 1.000 
0.013 0.996 0.049 0.985 1.000 
0.021 0.995 0.093 0.973 0.990 
0.011 0.997 0.065 0.975 1.000 
0.012 0.997 0.071 0.978 0.997 
0.054 0.993 0.046 0.983 1.000 
0.014 0.996 0.065 0.978 0.946 
0.036 0.996 0.102 0.975 1.000 
0.019 0.997 0.087 0.973 1.000 
0.009 0.998 0.072 0.978 1.000 
0.023 0.993 0.059 0.975 0.929 
0.012 0.996 0.067 0.975 0.926 
0.018 0.994 0.081 0.968 0.865 
0.009 0.996 0.048 0.988 0.997 
0.017 0.994 0.073 0.975 0.577 
0.016 0.995 0.061 0.978 0.433 
0.022 0.995 0.116 0.968 0.971 
0.016 0.993 0.090 0.968 0.990 
0.009 0.998 0.061 0.978 0.997 
0.022 0.992 0.076 0.975 0.968 
0.015 0.996 0.043 0.983 0.997 
0.015 0.996 0.038 0.988 0.885 
0.008 0.998 0.073 0.975 0.994 
0.016 0.997 0.055 0.983 0.035 
0.010 0.996 0.060 0.983 0.974 
0.018 0.996 0.079 0.973 0.054 
0.010 0.998 0.057 0.985 0.365 
0.009 0.996 0.117 0.968 0.340 
0.014 0.996 0.120 0.965 0.946 
0.012 0.996 0.069 0.978 1.000 
0.025 0.993 0.047 0.980 1.000 
0.008 0.997 0.055 0.978 1.000 
0.013 0.996 0.055 0.983 1.000 
0.009 0.998 0.040 0.990 1.000 
0.036 0.993 0.083 0.973 1.000 
0.015 0.995 0.069 0.978 0.994 
0.014 0.995 0.053 0.978 1.000 
0.010 0.996 0.042 0.988 0.987 
0.022 0.992 0.036 0.988 1.000 
0.014 0.995 0.072 0.975 0.984 
0.023 0.995 0.077 0.975 1.000 
0.014 0.996 0.065 0.975 1.000 
0.012 0.998 0.085 0.975 1.000 
0.005 0.999 0.083 0.975 1.000 
0.011 0.996 0.077 0.978 0.987 
0.028 0.992 0.051 0.980 1.000 
0.026 0.994 0.249 0.970 0.888 
0.035 0.993 0.039 0.990 1.000 
0.022 0.994 0.086 0.968 0.990 
0.007 0.998 0.075 0.983 0.907 
0.007 0.998 0.092 0.968 1.000 
0.023 0.995 0.138 0.950 1.000 
0.009 0.997 0.043 0.990 1.000 
0.011 0.996 0.066 0.978 1.000 
0.008 0.998 0.056 0.983 0.683 
0.015 0.995 0.082 0.973 0.984 
0.015 0.995 0.062 0.985 0.135 
0.019 0.996 0.071 0.975 1.000 
0.012 0.997 0.110 0.965 1.000 
0.016 0.997 0.098 0.975 1.000 
0.015 0.996 0.049 0.983 1.000 
0.018 0.995 0.119 0.965 1.000 
0.021 0.992 0.126 0.975 1.000 
0.026 0.994 0.084 0.975 1.000 
0.013 0.996 0.099 0.973 1.000 
0.023 0.995 0.087 0.978 1.000 
0.009 0.997 0.096 0.978 1.000 
0.011 0.998 0.094 0.973 1.000 
0.013 0.996 0.152 0.953 1.000 
0.016 0.996 0.085 0.975 0.994 
0.015 0.995 0.153 0.950 0.894 
0.020 0.993 0.088 0.973 0.651 
0.014 0.996 0.075 0.975 0.994 
0.008 0.998 0.121 0.968 0.696 
0.017 0.997 0.081 0.978 0.910 
0.016 0.995 0.090 0.970 0.987 
0.017 0.996 0.083 0.975 1.000 
0.014 0.996 0.055 0.983 0.997 
0.023 0.993 0.042 0.988 0.936 
0.009 0.996 0.032 0.990 1.000 
0.014 0.996 0.093 0.970 1.000 
0.023 0.995 0.042 0.988 1.000 
0.015 0.996 0.109 0.968 0.997 
0.011 0.997 0.077 0.975 0.997 
0.016 0.995 0.076 0.975 0.978 
0.040 0.992 0.182 0.935 0.151 
0.030 0.995 0.093 0.970 1.000 
0.014 0.996 0.066 0.975 1.000 
0.012 0.997 0.081 0.978 1.000 
0.020 0.996 0.115 0.973 1.000 
0.017 0.998 0.101 0.968 1.000 
0.018 0.996 0.115 0.965 0.994 
0.011 0.996 0.073 0.978 1.000 
0.026 0.994 0.135 0.950 1.000 
0.037 0.995 0.084 0.973 1.000 
0.019 0.996 0.054 0.983 1.000 
0.022 0.995 0.108 0.963 1.000 
0.006 0.998 0.087 0.975 1.000 
0.011 0.998 0.075 0.973 0.997 
0.015 0.996 0.088 0.978 0.994 
0.019 0.995 0.085 0.975 1.000 
0.019 0.995 0.079 0.975 1.000 
0.012 0.996 0.078 0.975 1.000 
0.020 0.995 0.099 0.970 0.942 
0.025 0.995 0.062 0.983 1.000 
0.013 0.996 0.072 0.985 1.000 
0.030 0.996 0.055 0.985 1.000 
0.023 0.995 0.064 0.978 0.981 
0.017 0.995 0.060 0.985 1.000 
0.017 0.995 0.061 0.980 1.000 
0.013 0.997 0.082 0.975 1.000 
0.012 0.996 0.058 0.985 1.000 
0.015 0.997 0.095 0.965 1.000 
0.018 0.997 0.086 0.970 1.000 
0.012 0.997 0.127 0.953 0.997 
0.007 0.999 0.078 0.978 1.000 
0.016 0.995 0.099 0.973 0.997 
0.015 0.996 0.068 0.978 1.000 
0.007 0.997 0.071 0.978 1.000 
0.014 0.996 0.040 0.988 1.000 
0.021 0.996 0.104 0.968 1.000 
0.014 0.996 0.117 0.965 1.000 
0.020 0.995 0.053 0.985 1.000 
0.013 0.995 0.098 0.968 1.000 
0.007 0.997 0.100 0.975 1.000 
0.027 0.994 0.039 0.988 1.000 
0.023 0.993 0.113 0.963 1.000 
0.019 0.994 0.086 0.975 1.000 
0.010 0.997 0.065 0.980 1.000 
0.015 0.996 0.081 0.978 1.000 
0.008 0.996 0.082 0.978 1.000 
0.012 0.996 0.094 0.973 1.000 
0.023 0.995 0.059 0.980 1.000 
0.018 0.993 0.056 0.980 1.000 
0.006 0.998 0.124 0.955 0.997 
0.014 0.996 0.095 0.973 1.000 
0.017 0.996 0.071 0.983 1.000 
0.015 0.997 0.050 0.983 1.000 
0.021 0.994 0.092 0.968 1.000 
0.010 0.998 0.050 0.983 1.000 
0.019 0.995 0.104 0.970 1.000 
0.014 0.996 0.173 0.943 0.987 
0.009 0.998 0.084 0.975 0.997 
0.005 0.998 0.054 0.985 1.000 
0.016 0.995 0.060 0.983 1.000 
0.012 0.996 0.107 0.975 0.971 
0.014 0.995 0.092 0.978 0.997 
0.016 0.997 0.072 0.980 0.827 
0.018 0.997 0.096 0.975 0.939 
0.017 0.995 0.091 0.975 0.901 
0.010 0.997 0.036 0.990 1.000 
0.013 0.996 0.153 0.953 1.000 
0.011 0.998 0.046 0.983 1.000 
0.035 0.995 0.095 0.975 0.990 
0.012 0.996 0.062 0.980 0.997 
0.009 0.997 0.063 0.983 0.994 
0.009 0.998 0.080 0.975 0.974 
0.009 0.995 0.040 0.985 1.000 
0.015 0.996 0.051 0.988 0.949 
0.019 0.995 0.051 0.988 1.000 
0.011 0.996 0.127 0.958 1.000 
0.019 0.995 0.068 0.975 1.000 
0.010 0.996 0.061 0.980 1.000 
0.045 0.994 0.037 0.988 1.000 
0.015 0.995 0.070 0.973 1.000 
0.010 0.997 0.083 0.978 1.000 
0.006 0.997 0.062 0.980 1.000 
0.018 0.995 0.060 0.975 1.000 
0.010 0.998 0.083 0.975 1.000 
0.017 0.995 0.053 0.983 1.000 
0.016 0.996 0.067 0.978 1.000 
0.022 0.994 0.075 0.975 1.000 
0.007 0.998 0.060 0.980 1.000 
0.011 0.998 0.082 0.975 1.000 
0.016 0.995 0.080 0.975 1.000 
0.024 0.995 0.132 0.955 1.000 
0.009 0.996 0.074 0.978 1.000 
0.006 0.999 0.059 0.983 1.000 
0.016 0.996 0.085 0.975 1.000 
0.023 0.996 0.083 0.978 1.000 
0.040 0.995 0.098 0.973 1.000 
0.015 0.997 0.110 0.973 1.000 
0.010 0.996 0.077 0.978 1.000 
0.011 0.997 0.056 0.988 1.000 
0.016 0.996 0.105 0.973 1.000 
0.004 0.999 0.120 0.968 1.000 
0.006 0.999 0.085 0.985 1.000 
0.027 0.995 0.153 0.970 0.997 
0.013 0.998 0.089 0.978 1.000 
0.010 0.996 0.078 0.983 1.000 
0.009 0.997 0.142 0.973 0.984 
0.026 0.993 0.078 0.978 1.000 
0.020 0.996 0.065 0.985 0.994 
0.011 0.996 0.079 0.975 0.994 
0.013 0.996 0.100 0.973 0.981 
0.031 0.994 0.084 0.978 1.000 
0.016 0.997 0.061 0.978 1.000 
0.017 0.999 0.069 0.980 0.856 
0.012 0.996 0.075 0.978 0.971 
0.017 0.995 0.083 0.975 1.000 
0.010 0.995 0.071 0.978 0.987 
0.011 0.996 0.090 0.978 1.000 
0.021 0.996 0.129 0.980 0.936 
0.014 0.995 0.101 0.968 1.000 
0.008 0.998 0.111 0.975 1.000 
0.008 0.996 0.122 0.975 0.994 
0.006 0.998 0.116 0.978 1.000 
0.014 0.996 0.045 0.983 1.000 
0.012 0.994 0.137 0.960 1.000 
0.021 0.993 0.086 0.975 1.000 
0.019 0.995 0.046 0.985 1.000 
0.012 0.996 0.059 0.980 1.000 
0.017 0.996 0.086 0.975 1.000 
0.009 0.997 0.076 0.975 1.000 
0.034 0.993 0.129 0.960 1.000 
0.014 0.996 0.064 0.978 1.000 
0.023 0.993 0.073 0.975 1.000 
0.015 0.995 0.079 0.975 1.000 
0.013 0.996 0.098 0.975 1.000 
0.016 0.996 0.131 0.963 0.962 
0.017 0.996 0.098 0.973 1.000 
0.010 0.996 0.091 0.975 0.997 
0.011 0.998 0.113 0.970 1.000 
0.009 0.998 0.051 0.983 1.000 
0.016 0.995 0.088 0.975 1.000 
0.013 0.996 0.099 0.975 1.000 
0.017 0.994 0.080 0.978 1.000 
0.009 0.997 0.107 0.975 1.000 
0.010 0.995 0.082 0.975 1.000 
0.007 0.998 0.126 0.970 1.000 
0.023 0.996 0.306 0.915 0.978 
0.010 0.996 0.130 0.965 1.000 
0.009 0.997 0.136 0.965 1.000 
0.020 0.992 0.104 0.975 1.000 
0.012 0.998 0.069 0.975 1.000 
0.014 0.997 0.053 0.990 1.000 
0.026 0.994 0.056 0.985 0.997 
0.006 0.998 0.175 0.948 0.994 
0.006 0.997 0.106 0.978 0.994 
0.018 0.998 0.097 0.970 0.990 
0.023 0.993 0.091 0.973 1.000 
0.011 0.998 0.172 0.945 0.990 
0.018 0.992 0.091 0.973 0.987 
0.015 0.996 0.112 0.975 1.000 
0.008 0.997 0.074 0.975 1.000 
0.041 0.994 0.097 0.968 1.000 
0.011 0.997 0.158 0.970 1.000 
0.013 0.997 0.107 0.973 1.000 
0.027 0.992 0.089 0.973 1.000 
0.021 0.995 0.096 0.965 1.000 
0.015 0.995 0.115 0.968 1.000 
0.012 0.997 0.083 0.970 1.000 
0.018 0.995 0.065 0.978 1.000 
0.010 0.997 0.061 0.978 1.000 
0.018 0.995 0.184 0.943 1.000 
0.014 0.996 0.062 0.983 1.000 
0.006 0.998 0.086 0.980 1.000 
0.036 0.995 0.058 0.975 1.000 
0.024 0.998 0.056 0.975 1.000 
0.016 0.994 0.066 0.978 1.000 
0.010 0.996 0.085 0.975 1.000 
0.017 0.995 0.050 0.988 0.997 
0.010 0.997 0.133 0.970 0.965 
0.025 0.995 0.062 0.990 1.000 
0.035 0.994 0.088 0.973 1.000 
0.011 0.997 0.113 0.970 1.000 
0.015 0.996 0.076 0.978 1.000 
0.008 0.995 0.095 0.975 1.000 
0.017 0.996 0.099 0.973 1.000 
0.019 0.993 0.063 0.978 1.000 
0.005 0.999 0.102 0.975 1.000 
0.024 0.994 0.090 0.973 0.990 
0.016 0.996 0.069 0.975 0.981 
0.015 0.995 0.051 0.978 1.000 
0.008 0.998 0.097 0.973 1.000 
0.011 0.997 0.085 0.978 1.000 
0.034 0.994 0.083 0.973 0.619 
0.006 0.998 0.065 0.980 0.987 
0.008 0.996 0.072 0.980 1.000 
0.015 0.997 0.051 0.985 0.990 
0.004 0.998 0.125 0.973 0.987 
0.008 0.996 0.110 0.978 0.997 
0.018 0.995 0.056 0.990 1.000 
0.017 0.995 0.059 0.983 1.000 
0.019 0.996 0.115 0.963 0.997 
0.011 0.995 0.100 0.970 1.000 
0.013 0.998 0.067 0.975 1.000 
0.011 0.997 0.094 0.975 1.000 
0.018 0.996 0.053 0.983 0.997 
0.010 0.998 0.081 0.975 0.997 
0.009 0.998 0.103 0.970 1.000 
0.011 0.998 0.129 0.973 1.000 
0.023 0.995 0.123 0.960 1.000 
0.015 0.996 0.088 0.975 0.994 
0.022 0.995 0.088 0.973 1.000 
0.013 0.997 0.099 0.975 1.000 
0.008 0.998 0.047 0.985 1.000 
0.026 0.993 0.090 0.975 1.000 
0.018 0.995 0.065 0.975 0.997 
0.042 0.992 0.131 0.968 1.000 
0.017 0.996 0.053 0.985 1.000 
0.030 0.997 0.082 0.975 1.000 
0.012 0.996 0.159 0.958 0.997 
0.009 0.998 0.075 0.975 1.000 
0.004 0.998 0.086 0.975 1.000 
0.019 0.996 0.198 0.943 0.997 
0.012 0.996 0.096 0.975 0.971 
0.009 0.998 0.158 0.965 0.974 
0.011 0.997 0.158 0.973 1.000 
0.017 0.996 0.096 0.973 1.000 
0.007 0.997 0.106 0.970 0.997 
0.015 0.996 0.081 0.975 1.000 
0.011 0.998 0.081 0.978 0.997 
0.008 0.998 0.105 0.973 1.000 
0.014 0.995 0.075 0.975 1.000 
0.009 0.998 0.083 0.978 1.000 
0.030 0.992 0.093 0.968 1.000 
0.007 0.998 0.059 0.988 1.000 
0.020 0.993 0.060 0.980 1.000 
0.005 0.998 0.160 0.955 0.978 
0.013 0.996 0.086 0.973 0.978 
0.008 0.998 0.126 0.970 0.897 
0.008 0.998 0.110 0.970 0.974 
0.019 0.993 0.206 0.943 0.958 
0.032 0.995 0.071 0.983 0.962 
0.015 0.995 0.095 0.973 1.000 
0.015 0.996 0.118 0.973 0.859 
0.012 0.996 0.062 0.980 1.000 
0.016 0.995 0.078 0.975 1.000 
0.022 0.995 0.158 0.973 0.901 
0.015 0.996 0.075 0.975 0.942 
0.009 0.999 0.399 0.973 0.330 
0.021 0.993 0.070 0.983 0.965 
0.006 0.999 0.112 0.975 0.965 
0.012 0.996 0.103 0.975 1.000 
0.018 0.995 0.104 0.975 0.987 
0.016 0.996 0.161 0.950 0.276 
0.007 0.998 0.119 0.965 0.609 
0.020 0.996 0.087 0.975 0.997 
0.015 0.996 0.227 0.948 0.462 
0.015 0.997 0.070 0.975 0.984 
0.008 0.998 0.069 0.980 0.971 
0.047 0.994 0.104 0.968 0.994 
0.019 0.994 0.077 0.975 1.000 
0.009 0.997 0.084 0.975 1.000 
0.014 0.996 0.094 0.975 1.000 
0.014 0.995 0.130 0.960 0.997 
0.012 0.997 0.088 0.980 0.446 
0.014 0.996 0.097 0.975 1.000 
0.006 0.999 0.103 0.975 0.971 
0.012 0.997 0.103 0.975 1.000 
0.026 0.995 0.075 0.978 0.968 
0.002 0.999 0.085 0.975 0.747 
0.015 0.996 0.101 0.973 0.994 
0.004 0.998 0.115 0.973 0.862 
0.010 0.995 0.081 0.983 0.804 
0.022 0.995 0.091 0.973 0.990 
0.012 0.996 0.107 0.973 0.462 
0.015 0.996 0.092 0.973 0.878 
0.006 0.998 0.070 0.983 1.000 
0.021 0.993 0.110 0.965 0.997 
0.009 0.998 0.083 0.985 1.000 
0.012 0.996 0.083 0.973 1.000 
0.025 0.997 0.095 0.970 1.000 
0.010 0.997 0.124 0.968 1.000 
0.016 0.998 0.079 0.973 1.000 
0.009 0.999 0.083 0.975 1.000 
0.004 0.998 0.201 0.955 0.997 
0.021 0.997 0.094 0.970 1.000 
0.017 0.995 0.050 0.985 1.000 
0.010 0.998 0.067 0.978 1.000 
0.010 0.996 0.072 0.980 1.000 
0.011 0.997 0.089 0.975 1.000 
0.013 0.997 0.106 0.975 0.997 
0.016 0.997 0.093 0.975 1.000 
0.035 0.994 0.123 0.965 0.997 
0.007 0.997 0.114 0.975 0.987 
0.012 0.995 0.078 0.975 1.000 
0.016 0.995 0.057 0.980 1.000 
0.007 0.999 0.083 0.973 1.000 
0.006 0.998 0.083 0.983 0.657 
0.019 0.995 0.094 0.970 1.000 
0.009 0.998 0.137 0.963 0.705 
0.014 0.997 0.085 0.980 0.798 
0.006 0.998 0.217 0.955 0.083 
0.020 0.996 0.064 0.985 0.968 
0.007 0.997 0.049 0.985 0.994 
0.024 0.994 0.086 0.970 1.000 
0.024 0.996 0.083 0.975 1.000 
0.014 0.996 0.093 0.973 1.000 
0.018 0.996 0.101 0.975 0.929 
0.017 0.994 0.084 0.975 0.548 
0.023 0.993 0.127 0.955 1.000 
0.012 0.996 0.122 0.978 0.994 
0.006 0.998 0.143 0.960 0.997 
0.034 0.993 0.069 0.978 0.994 
0.014 0.996 0.085 0.978 1.000 
0.009 0.997 0.093 0.978 0.997 
0.005 0.998 0.101 0.978 1.000 
0.010 0.998 0.144 0.955 0.974 
0.021 0.993 0.053 0.983 0.997 
0.021 0.994 0.115 0.960 0.878 
0.017 0.996 0.079 0.988 0.962 
0.015 0.994 0.131 0.973 0.987 
0.014 0.995 0.121 0.970 0.994 
0.020 0.993 0.088 0.978 1.000 
0.013 0.997 0.110 0.970 0.981 
0.025 0.994 0.143 0.955 1.000 
0.010 0.996 0.132 0.955 0.997 
0.006 0.998 0.084 0.975 0.952 
0.006 0.998 0.061 0.980 0.997 
0.019 0.996 0.134 0.955 1.000 
0.010 0.998 0.094 0.975 0.997 
0.022 0.997 0.154 0.955 0.997 
0.014 0.995 0.095 0.975 0.997 
0.008 0.998 0.081 0.980 0.997 
0.018 0.995 0.147 0.955 1.000 
0.022 0.994 0.111 0.968 1.000 
0.010 0.996 0.130 0.975 0.997 
0.031 0.994 0.073 0.975 0.997 
0.019 0.996 0.112 0.968 1.000 
0.011 0.996 0.129 0.955 1.000 
0.013 0.996 0.122 0.958 1.000 
0.007 0.997 0.109 0.975 1.000 
0.012 0.996 0.101 0.968 1.000 
0.013 0.997 0.095 0.973 1.000 
0.007 0.998 0.150 0.955 1.000 
0.014 0.996 0.127 0.975 1.000 
0.007 0.998 0.125 0.965 1.000 
0.021 0.997 0.123 0.975 0.997 
0.030 0.994 0.072 0.978 1.000 
0.011 0.996 0.088 0.975 0.997 
0.012 0.996 0.094 0.975 0.997 
0.014 0.996 0.086 0.978 1.000 
0.007 0.997 0.073 0.978 1.000 
0.010 0.997 0.310 0.973 0.683 
0.019 0.996 0.093 0.973 0.997 
0.011 0.998 0.116 0.975 0.958 
0.014 0.997 0.098 0.968 1.000 
0.013 0.996 0.062 0.980 0.776 
0.040 0.992 0.120 0.975 0.955 
0.028 0.993 0.083 0.975 0.994 
0.012 0.995 0.632 0.963 0.109 
0.006 0.997 0.057 0.980 0.994 
0.007 0.998 0.144 0.965 0.881 
0.011 0.996 0.090 0.973 0.997 
0.006 0.998 0.123 0.970 0.968 
0.004 0.999 0.134 0.978 0.542 
0.015 0.995 0.064 0.978 0.994 
0.022 0.993 0.130 0.955 0.997 
0.008 0.997 0.222 0.983 0.984 
0.040 0.996 0.128 0.960 0.997 
0.005 0.999 0.158 0.965 0.891 
0.017 0.995 0.092 0.975 0.997 
0.007 0.998 0.079 0.978 0.990 
0.015 0.997 0.119 0.973 0.891 
0.032 0.994 0.118 0.975 0.987 
0.013 0.996 0.076 0.975 1.000 
0.008 0.997 0.111 0.973 0.974 
0.015 0.997 0.102 0.975 0.971 
0.014 0.996 0.062 0.978 1.000 
0.009 0.998 0.070 0.980 0.997 
0.021 0.995 0.096 0.975 0.994 
0.009 0.998 0.111 0.973 1.000 
0.005 0.998 0.085 0.978 0.997 
0.025 0.996 0.072 0.980 1.000 
0.022 0.996 0.093 0.975 0.997 
0.007 0.998 0.088 0.975 0.994 
0.008 0.997 0.049 0.985 0.994 
0.004 0.999 0.104 0.975 1.000 
0.032 0.993 0.089 0.975 0.997 
0.009 0.998 0.156 0.973 0.891 
0.007 0.998 0.163 0.973 0.994 
0.019 0.994 0.080 0.975 1.000 
0.006 0.999 0.071 0.975 1.000 
0.040 0.990 0.078 0.975 1.000 
