0.292 0.878 0.228 0.927 1.000 
0.190 0.930 0.212 0.935 1.000 
0.150 0.953 0.172 0.935 1.000 
0.135 0.965 0.099 0.990 1.000 
0.122 0.963 0.111 0.968 0.986 
0.116 0.966 0.147 0.938 1.000 
0.095 0.972 0.084 0.983 0.689 
0.111 0.966 0.100 0.978 1.000 
0.077 0.978 0.079 0.973 0.860 
0.106 0.964 0.117 0.953 1.000 
0.099 0.967 0.090 0.978 0.993 
0.081 0.973 0.076 0.988 1.000 
0.068 0.980 0.058 0.990 0.871 
0.069 0.983 0.075 0.978 1.000 
0.081 0.978 0.130 0.950 0.997 
0.067 0.983 0.093 0.988 0.997 
0.072 0.979 0.109 0.958 1.000 
0.069 0.980 0.106 0.953 1.000 
0.063 0.981 0.059 0.985 1.000 
0.060 0.980 0.093 0.958 1.000 
0.055 0.982 0.078 0.963 1.000 
0.064 0.983 0.081 0.970 1.000 
0.064 0.980 0.143 0.953 1.000 
0.064 0.978 0.103 0.955 1.000 
0.055 0.982 0.092 0.960 0.997 
0.058 0.988 0.278 0.907 0.990 
0.059 0.985 0.165 0.935 0.997 
0.062 0.981 0.120 0.950 0.979 
0.054 0.983 0.091 0.960 1.000 
0.057 0.984 0.089 0.988 0.983 
0.046 0.985 0.072 0.958 0.993 
0.053 0.981 0.057 0.995 0.969 
0.057 0.988 0.115 0.953 0.934 
0.048 0.985 0.072 0.965 0.976 
0.046 0.987 0.076 0.965 1.000 
0.051 0.986 0.078 0.975 0.969 
0.049 0.985 0.058 0.988 0.990 
0.051 0.988 0.046 0.988 0.965 
0.047 0.989 0.063 0.983 0.951 
0.049 0.985 0.105 0.948 0.647 
0.050 0.983 0.057 0.988 1.000 
0.046 0.986 0.107 0.955 1.000 
0.043 0.987 0.068 0.993 0.937 
0.046 0.985 0.069 0.968 0.944 
0.039 0.991 0.081 0.973 0.944 
0.039 0.988 0.086 0.950 0.990 
0.045 0.985 0.108 0.950 0.797 
0.046 0.985 0.123 0.943 0.993 
0.047 0.984 0.064 0.985 1.000 
0.043 0.986 0.089 0.955 0.958 
0.038 0.989 0.053 0.973 1.000 
0.037 0.988 0.062 0.970 0.997 
0.040 0.990 0.022 0.995 1.000 
0.045 0.990 0.043 0.988 1.000 
0.039 0.989 0.073 0.968 0.965 
0.057 0.983 0.113 0.945 0.983 
0.045 0.990 0.069 0.973 1.000 
0.051 0.985 0.059 0.973 1.000 
0.040 0.989 0.071 0.960 1.000 
0.040 0.989 0.154 0.940 1.000 
0.036 0.992 0.141 0.950 0.983 
0.039 0.990 0.100 0.950 1.000 
0.039 0.989 0.152 0.943 0.990 
0.045 0.983 0.066 0.965 1.000 
0.041 0.990 0.040 0.993 1.000 
0.042 0.988 0.159 0.932 1.000 
0.043 0.988 0.114 0.958 1.000 
0.040 0.988 0.087 0.958 1.000 
0.040 0.989 0.075 0.958 1.000 
0.033 0.991 0.052 0.993 0.997 
0.042 0.990 0.045 0.988 1.000 
0.037 0.990 0.090 0.960 1.000 
0.048 0.988 0.068 0.990 1.000 
0.042 0.989 0.108 0.958 0.986 
0.031 0.991 0.083 0.963 0.997 
0.039 0.990 0.091 0.970 0.930 
0.036 0.991 0.068 0.975 0.983 
0.036 0.991 0.074 0.980 0.965 
0.036 0.990 0.118 0.943 0.902 
0.044 0.987 0.106 0.953 0.350 
0.038 0.992 0.126 0.953 0.997 
0.030 0.993 0.063 0.970 0.993 
0.038 0.991 0.041 0.983 0.955 
0.038 0.989 0.138 0.943 0.545 
0.038 0.989 0.049 0.995 1.000 
0.037 0.992 0.076 0.973 1.000 
0.033 0.992 0.026 0.995 0.997 
0.030 0.993 0.066 0.970 1.000 
0.035 0.992 0.158 0.943 0.804 
0.042 0.989 0.088 0.953 0.958 
0.042 0.989 0.066 0.985 1.000 
0.039 0.991 0.079 0.968 0.955 
0.033 0.990 0.104 0.950 0.993 
0.030 0.994 0.091 0.958 1.000 
0.037 0.989 0.036 0.988 0.993 
0.026 0.995 0.042 0.988 0.990 
0.033 0.992 0.057 0.983 0.976 
0.036 0.990 0.105 0.953 1.000 
0.034 0.990 0.086 0.953 0.993 
0.027 0.991 0.130 0.948 0.972 
0.035 0.992 0.065 0.975 0.993 
0.037 0.992 0.089 0.953 0.906 
0.032 0.991 0.116 0.940 0.976 
0.030 0.992 0.077 0.960 0.986 
0.038 0.990 0.150 0.943 0.878 
0.031 0.991 0.102 0.955 0.979 
0.039 0.991 0.062 0.985 1.000 
0.028 0.992 0.110 0.948 1.000 
0.031 0.993 0.166 0.938 0.990 
0.038 0.989 0.070 0.963 1.000 
0.031 0.991 0.107 0.943 1.000 
0.029 0.994 0.137 0.943 0.983 
0.029 0.993 0.104 0.955 1.000 
0.037 0.989 0.105 0.950 1.000 
0.026 0.993 0.113 0.943 1.000 
0.026 0.993 0.079 0.960 1.000 
0.030 0.992 0.130 0.940 1.000 
0.031 0.993 0.038 0.990 1.000 
0.040 0.989 0.154 0.938 1.000 
0.028 0.993 0.041 0.990 1.000 
0.031 0.989 0.108 0.953 1.000 
0.037 0.990 0.133 0.945 1.000 
0.030 0.992 0.080 0.965 1.000 
0.032 0.993 0.043 0.975 1.000 
0.035 0.992 0.101 0.953 0.979 
0.033 0.991 0.064 0.970 1.000 
0.029 0.992 0.060 0.973 1.000 
0.024 0.995 0.129 0.945 1.000 
0.030 0.994 0.067 0.968 1.000 
0.038 0.990 0.103 0.960 1.000 
0.039 0.990 0.110 0.945 1.000 
0.036 0.993 0.146 0.943 1.000 
0.033 0.991 0.086 0.953 0.993 
0.027 0.994 0.076 0.980 0.955 
0.036 0.991 0.120 0.943 0.972 
0.021 0.996 0.097 0.953 1.000 
0.032 0.992 0.057 0.985 1.000 
0.033 0.993 0.215 0.910 1.000 
0.028 0.993 0.078 0.968 0.983 
0.030 0.992 0.116 0.948 0.993 
0.027 0.994 0.047 0.985 1.000 
0.026 0.995 0.070 0.980 0.990 
0.032 0.992 0.096 0.960 0.990 
0.030 0.991 0.074 0.973 1.000 
0.035 0.991 0.106 0.950 0.962 
0.028 0.991 0.121 0.945 0.979 
0.025 0.994 0.062 0.970 0.997 
0.027 0.994 0.049 0.990 1.000 
0.031 0.992 0.062 0.980 1.000 
0.029 0.992 0.151 0.943 1.000 
0.023 0.995 0.129 0.945 1.000 
0.028 0.993 0.078 0.973 1.000 
0.030 0.993 0.086 0.960 1.000 
0.027 0.993 0.044 0.993 1.000 
0.032 0.992 0.119 0.948 0.997 
0.027 0.993 0.160 0.943 0.969 
0.029 0.994 0.102 0.948 1.000 
0.030 0.992 0.055 0.980 1.000 
0.028 0.992 0.119 0.945 0.997 
0.024 0.995 0.054 0.980 1.000 
0.033 0.990 0.174 0.943 0.955 
0.030 0.991 0.093 0.955 0.993 
0.020 0.994 0.055 0.980 1.000 
0.034 0.989 0.113 0.950 1.000 
0.035 0.990 0.080 0.968 0.997 
0.030 0.992 0.135 0.948 0.986 
0.025 0.994 0.092 0.965 0.734 
0.033 0.993 0.132 0.945 0.867 
0.026 0.995 0.086 0.968 0.972 
0.026 0.993 0.141 0.950 0.997 
0.026 0.994 0.082 0.973 0.993 
0.024 0.995 0.136 0.945 0.990 
0.032 0.992 0.111 0.958 0.958 
0.029 0.992 0.087 0.965 0.997 
0.030 0.991 0.128 0.955 0.997 
0.018 0.996 0.047 0.990 1.000 
0.032 0.992 0.065 0.975 1.000 
0.021 0.995 0.021 0.995 1.000 
0.028 0.990 0.140 0.948 1.000 
0.024 0.994 0.072 0.970 1.000 
0.022 0.993 0.305 0.912 1.000 
0.036 0.991 0.059 0.990 0.983 
0.035 0.990 0.090 0.958 0.126 
0.025 0.994 0.102 0.953 0.990 
0.028 0.992 0.153 0.938 1.000 
0.026 0.995 0.157 0.950 1.000 
0.034 0.992 0.163 0.938 0.979 
0.035 0.992 0.076 0.970 0.976 
0.027 0.993 0.070 0.983 0.993 
0.025 0.994 0.080 0.963 0.983 
0.025 0.994 0.088 0.970 1.000 
0.030 0.993 0.091 0.968 0.930 
0.025 0.994 0.143 0.950 0.997 
0.035 0.991 0.066 0.980 1.000 
0.020 0.996 0.167 0.945 1.000 
0.027 0.993 0.093 0.965 0.983 
0.024 0.994 0.085 0.963 1.000 
0.021 0.995 0.106 0.960 0.976 
0.037 0.990 0.064 0.988 1.000 
0.032 0.991 0.099 0.973 0.997 
0.023 0.994 0.124 0.953 1.000 
0.027 0.993 0.070 0.975 0.993 
0.023 0.993 0.071 0.973 1.000 
0.027 0.994 0.174 0.935 0.993 
0.035 0.990 0.121 0.950 1.000 
0.028 0.992 0.122 0.955 0.990 
0.031 0.992 0.055 0.988 1.000 
0.028 0.993 0.053 0.990 1.000 
0.024 0.994 0.150 0.955 0.990 
0.035 0.990 0.075 0.975 1.000 
0.021 0.995 0.043 0.985 1.000 
0.025 0.994 0.093 0.965 0.997 
0.019 0.995 0.087 0.955 0.997 
0.032 0.990 0.153 0.935 0.993 
0.018 0.996 0.097 0.960 0.997 
0.030 0.993 0.143 0.935 0.853 
0.022 0.995 0.105 0.958 0.997 
0.023 0.993 0.098 0.953 0.976 
0.025 0.993 0.116 0.948 0.993 
0.024 0.995 0.107 0.953 0.993 
0.020 0.994 0.163 0.943 0.997 
0.025 0.993 0.114 0.948 0.699 
0.023 0.995 0.171 0.940 0.993 
0.029 0.994 0.110 0.965 0.993 
0.034 0.991 0.123 0.945 0.993 
0.024 0.994 0.103 0.960 0.993 
0.027 0.992 0.127 0.948 0.979 
0.027 0.993 0.136 0.945 0.990 
0.022 0.994 0.067 0.985 0.930 
0.025 0.993 0.082 0.963 0.948 
0.025 0.994 0.126 0.950 0.993 
0.021 0.994 0.065 0.978 0.951 
0.027 0.992 0.135 0.950 0.997 
0.025 0.994 0.142 0.938 0.993 
0.026 0.994 0.110 0.953 0.986 
0.028 0.992 0.164 0.940 0.986 
0.023 0.994 0.074 0.965 0.997 
0.040 0.991 0.082 0.958 0.997 
0.027 0.993 0.082 0.963 0.997 
0.017 0.998 0.062 0.973 0.997 
0.024 0.992 0.267 0.907 0.997 
0.025 0.993 0.066 0.968 1.000 
0.023 0.992 0.050 0.978 1.000 
0.024 0.994 0.115 0.945 0.958 
0.026 0.992 0.134 0.948 0.892 
0.025 0.992 0.151 0.945 0.972 
0.024 0.995 0.187 0.927 0.986 
0.029 0.994 0.077 0.980 1.000 
0.016 0.995 0.193 0.945 1.000 
0.022 0.995 0.130 0.958 0.972 
0.025 0.993 0.046 0.993 1.000 
0.028 0.995 0.139 0.950 0.773 
0.021 0.994 0.114 0.960 0.972 
0.026 0.993 0.153 0.948 0.811 
0.023 0.994 0.093 0.963 0.958 
0.024 0.992 0.160 0.945 0.983 
0.021 0.996 0.178 0.945 1.000 
0.028 0.994 0.089 0.970 0.997 
0.012 0.996 0.068 0.993 1.000 
0.025 0.994 0.101 0.950 0.997 
0.026 0.995 0.132 0.945 0.941 
0.023 0.995 0.095 0.965 0.997 
0.029 0.992 0.119 0.950 0.794 
0.025 0.993 0.113 0.950 0.997 
0.021 0.994 0.058 0.985 0.990 
0.024 0.995 0.151 0.940 0.941 
0.030 0.992 0.084 0.970 0.839 
0.023 0.994 0.129 0.950 0.990 
0.016 0.995 0.129 0.953 1.000 
0.019 0.995 0.085 0.990 0.990 
0.037 0.991 0.072 0.978 0.990 
0.018 0.992 0.043 0.990 1.000 
0.026 0.993 0.131 0.955 0.965 
0.028 0.993 0.055 0.985 0.997 
0.024 0.994 0.046 0.990 1.000 
0.021 0.994 0.109 0.953 0.997 
0.020 0.995 0.074 0.983 0.979 
0.022 0.995 0.162 0.940 0.993 
0.024 0.993 0.146 0.945 0.874 
0.035 0.992 0.128 0.945 0.892 
0.024 0.993 0.124 0.960 0.976 
0.021 0.993 0.121 0.955 0.951 
0.020 0.993 0.110 0.953 1.000 
0.022 0.995 0.142 0.935 0.965 
0.016 0.995 0.080 0.983 0.643 
0.029 0.993 0.115 0.953 0.888 
0.024 0.994 0.170 0.935 0.612 
0.030 0.991 0.073 0.980 0.990 
0.025 0.992 0.117 0.955 0.997 
0.027 0.993 0.151 0.927 0.983 
0.027 0.992 0.132 0.938 0.979 
0.016 0.997 0.099 0.965 1.000 
0.026 0.994 0.129 0.960 0.986 
0.021 0.993 0.063 0.988 0.937 
0.020 0.995 0.089 0.965 0.979 
0.028 0.992 0.114 0.950 0.654 
0.024 0.995 0.091 0.985 0.979 
0.018 0.993 0.093 0.980 0.909 
0.029 0.992 0.125 0.948 0.969 
0.015 0.996 0.071 0.973 0.531 
0.020 0.994 0.134 0.945 0.976 
0.018 0.996 0.114 0.970 0.986 
0.021 0.994 0.188 0.943 0.944 
0.020 0.994 0.074 0.983 0.997 
0.024 0.993 0.105 0.965 1.000 
0.016 0.996 0.160 0.948 1.000 
0.027 0.993 0.080 0.970 0.972 
0.020 0.995 0.102 0.960 0.455 
0.035 0.993 0.150 0.943 0.997 
0.022 0.996 0.157 0.958 1.000 
0.022 0.994 0.228 0.940 0.993 
0.021 0.994 0.106 0.958 1.000 
0.034 0.992 0.132 0.955 0.976 
0.018 0.995 0.166 0.950 0.965 
0.021 0.994 0.174 0.948 0.986 
0.020 0.995 0.173 0.948 0.885 
0.017 0.996 0.203 0.938 0.983 
0.033 0.991 0.147 0.965 0.675 
0.018 0.995 0.187 0.935 0.986 
0.020 0.995 0.113 0.960 1.000 
0.024 0.995 0.147 0.945 0.720 
0.020 0.995 0.158 0.968 1.000 
0.020 0.995 0.097 0.990 1.000 
0.018 0.994 0.135 0.948 0.986 
0.029 0.993 0.135 0.960 1.000 
0.020 0.995 0.097 0.965 1.000 
0.049 0.992 0.096 0.983 1.000 
0.024 0.994 0.064 0.978 1.000 
0.023 0.994 0.169 0.932 1.000 
0.014 0.994 0.089 0.970 0.983 
0.022 0.993 0.094 0.965 0.993 
0.014 0.995 0.084 0.975 0.976 
0.022 0.995 0.046 0.993 1.000 
0.018 0.995 0.119 0.960 0.993 
0.022 0.993 0.148 0.945 0.990 
0.025 0.992 0.147 0.948 0.990 
0.026 0.994 0.173 0.930 0.986 
0.028 0.992 0.118 0.958 0.696 
0.024 0.994 0.105 0.965 0.850 
0.023 0.994 0.098 0.975 0.986 
0.018 0.996 0.123 0.968 0.993 
0.019 0.993 0.143 0.948 0.916 
0.031 0.994 0.139 0.948 0.965 
0.018 0.995 0.144 0.948 0.986 
0.013 0.996 0.065 0.975 1.000 
0.024 0.992 0.058 0.993 1.000 
0.019 0.994 0.050 0.990 1.000 
0.023 0.993 0.124 0.953 0.993 
0.021 0.993 0.067 0.988 1.000 
0.019 0.995 0.149 0.958 0.997 
0.025 0.993 0.045 0.990 0.923 
0.024 0.991 0.046 0.995 1.000 
0.021 0.993 0.064 0.990 0.839 
0.018 0.993 0.076 0.993 1.000 
0.035 0.994 0.074 0.968 1.000 
0.017 0.994 0.135 0.945 0.990 
0.024 0.995 0.148 0.953 0.997 
0.018 0.996 0.070 0.988 0.997 
0.030 0.992 0.199 0.930 0.853 
0.022 0.993 0.179 0.943 0.979 
0.022 0.995 0.262 0.927 1.000 
0.016 0.994 0.064 0.990 0.993 
0.015 0.994 0.167 0.935 1.000 
0.021 0.993 0.157 0.950 0.997 
0.023 0.995 0.096 0.960 0.934 
0.021 0.994 0.131 0.968 0.997 
0.021 0.994 0.135 0.980 1.000 
0.020 0.996 0.291 0.930 0.986 
0.025 0.995 0.391 0.910 0.769 
0.027 0.994 0.101 0.990 0.990 
0.026 0.994 0.100 0.985 1.000 
0.030 0.994 0.142 0.973 0.958 
0.017 0.995 0.155 0.965 0.983 
0.027 0.994 0.147 0.960 0.860 
0.020 0.996 0.146 0.968 0.997 
0.028 0.993 0.176 0.950 0.993 
0.026 0.994 0.113 0.980 1.000 
0.021 0.995 0.152 0.968 0.983 
0.020 0.996 0.109 0.983 0.990 
0.020 0.995 0.145 0.983 0.563 
0.018 0.995 0.177 0.955 0.986 
0.016 0.994 0.166 0.983 0.997 
0.020 0.994 0.294 0.958 0.969 
0.020 0.995 0.165 0.965 0.895 
0.014 0.995 0.201 0.958 1.000 
0.017 0.995 0.153 0.975 1.000 
0.019 0.996 0.114 0.978 1.000 
0.021 0.993 0.114 0.980 1.000 
0.023 0.994 0.147 0.973 1.000 
0.019 0.997 0.238 0.938 1.000 
0.023 0.993 0.216 0.968 1.000 
0.024 0.995 0.150 0.980 1.000 
0.028 0.995 0.312 0.925 0.979 
0.028 0.990 0.230 0.930 0.927 
0.019 0.995 0.086 0.975 1.000 
0.018 0.997 0.121 0.980 1.000 
0.029 0.993 0.175 0.988 1.000 
0.024 0.994 0.248 0.968 1.000 
0.020 0.994 0.221 0.945 0.993 
0.021 0.996 0.218 0.958 0.979 
0.018 0.995 0.174 0.973 0.913 
0.030 0.991 0.266 0.925 0.990 
0.019 0.994 0.219 0.948 0.986 
0.028 0.992 0.219 0.935 1.000 
0.019 0.994 0.225 0.935 0.958 
0.020 0.993 0.086 0.988 1.000 
0.015 0.995 0.111 0.953 1.000 
0.023 0.995 0.206 0.932 0.972 
0.029 0.992 0.140 0.968 0.993 
0.022 0.993 0.148 0.990 0.920 
0.016 0.996 0.039 0.995 1.000 
0.015 0.997 0.185 0.958 0.990 
0.036 0.993 0.280 0.917 0.990 
0.021 0.994 0.169 0.953 1.000 
0.016 0.994 0.208 0.968 0.615 
0.022 0.993 0.216 0.968 0.976 
0.017 0.993 0.226 0.953 0.986 
0.020 0.994 0.195 0.948 0.997 
0.025 0.992 0.177 0.978 0.990 
0.031 0.994 0.231 0.945 1.000 
0.060 0.994 0.218 0.940 1.000 
0.015 0.996 0.200 0.955 0.997 
0.013 0.997 0.171 0.973 1.000 
0.021 0.994 0.166 0.968 1.000 
0.021 0.994 0.127 0.985 1.000 
0.027 0.993 0.165 0.945 0.983 
0.019 0.996 0.101 0.988 1.000 
0.021 0.995 0.112 0.983 0.990 
0.019 0.996 0.167 0.963 0.773 
0.021 0.994 0.229 0.940 0.937 
0.027 0.991 0.177 0.958 1.000 
0.012 0.996 0.180 0.958 0.976 
0.023 0.993 0.159 0.965 0.993 
0.017 0.995 0.150 0.988 1.000 
0.031 0.995 0.109 0.980 0.972 
0.026 0.992 0.107 0.968 0.965 
0.032 0.992 0.135 0.953 0.885 
0.013 0.997 0.060 0.985 0.972 
0.029 0.993 0.065 0.970 1.000 
0.021 0.994 0.109 0.958 0.997 
0.018 0.997 0.057 0.973 0.930 
0.020 0.995 0.163 0.943 1.000 
0.013 0.996 0.100 0.980 1.000 
0.031 0.992 0.190 0.917 0.913 
0.018 0.995 0.206 0.930 0.990 
0.026 0.993 0.062 0.988 1.000 
0.020 0.994 0.134 0.950 0.972 
0.022 0.995 0.155 0.943 0.997 
0.022 0.993 0.109 0.953 1.000 
0.020 0.994 0.071 0.983 0.986 
0.018 0.995 0.150 0.935 0.986 
0.018 0.995 0.094 0.965 0.762 
0.033 0.992 0.177 0.950 0.969 
0.016 0.995 0.151 0.950 0.962 
0.012 0.995 0.131 0.955 0.997 
0.020 0.995 0.148 0.953 0.983 
0.021 0.995 0.239 0.917 0.888 
0.015 0.995 0.236 0.945 0.962 
0.015 0.996 0.105 0.988 0.955 
0.020 0.995 0.129 0.965 0.951 
0.015 0.995 0.085 0.985 1.000 
0.027 0.992 0.137 0.950 0.990 
0.018 0.996 0.193 0.930 0.948 
0.023 0.994 0.094 0.960 0.997 
0.033 0.995 0.126 0.960 0.997 
0.023 0.994 0.191 0.945 0.885 
0.019 0.996 0.171 0.948 0.993 
0.024 0.994 0.121 0.963 1.000 
0.015 0.996 0.155 0.958 1.000 
0.015 0.995 0.223 0.945 0.997 
0.018 0.994 0.123 0.958 0.993 
0.017 0.996 0.126 0.958 0.993 
0.014 0.995 0.074 0.980 1.000 
0.019 0.993 0.119 0.960 0.993 
0.017 0.992 0.224 0.932 0.997 
0.014 0.997 0.228 0.945 0.990 
0.020 0.995 0.091 0.960 0.972 
0.018 0.995 0.235 0.917 0.909 
0.017 0.995 0.302 0.915 0.836 
0.012 0.995 0.156 0.950 0.972 
0.017 0.996 0.201 0.927 0.934 
0.024 0.995 0.084 0.998 1.000 
0.018 0.995 0.232 0.920 0.962 
0.020 0.994 0.273 0.945 0.983 
0.020 0.994 0.093 0.970 0.997 
0.012 0.997 0.129 0.960 0.993 
0.017 0.994 0.095 0.983 0.979 
0.029 0.993 0.115 0.955 0.972 
0.018 0.995 0.208 0.917 0.934 
0.012 0.996 0.164 0.948 0.993 
0.027 0.994 0.173 0.930 0.811 
0.021 0.995 0.187 0.945 0.906 
0.018 0.997 0.105 0.975 0.997 
0.027 0.992 0.205 0.917 0.986 
0.019 0.996 0.202 0.930 0.923 
0.025 0.993 0.126 0.948 1.000 
0.019 0.994 0.128 0.948 0.997 
0.018 0.994 0.124 0.978 0.997 
0.021 0.994 0.078 0.980 0.990 
0.020 0.995 0.151 0.943 0.986 
0.016 0.995 0.100 0.965 0.983 
0.018 0.996 0.079 0.965 0.965 
0.018 0.996 0.152 0.948 0.986 
0.020 0.993 0.209 0.935 0.993 
0.020 0.994 0.154 0.953 1.000 
0.017 0.996 0.114 0.950 0.993 
0.016 0.994 0.098 0.965 0.948 
0.019 0.995 0.129 0.950 0.976 
0.022 0.993 0.184 0.945 0.997 
0.030 0.992 0.239 0.950 0.997 
0.017 0.993 0.177 0.963 1.000 
0.014 0.994 0.192 0.990 0.962 
0.016 0.994 0.310 0.930 0.990 
0.015 0.996 0.138 0.958 1.000 
0.019 0.994 0.161 0.958 0.990 
0.018 0.994 0.188 0.948 1.000 
0.021 0.995 0.177 0.940 0.979 
0.028 0.994 0.147 0.983 1.000 
0.020 0.994 0.203 0.950 0.997 
0.021 0.992 0.143 0.958 0.997 
0.020 0.995 0.204 0.943 0.906 
0.013 0.997 0.158 0.955 0.965 
0.030 0.993 0.189 0.953 1.000 
0.020 0.995 0.139 0.955 1.000 
0.021 0.993 0.238 0.920 0.965 
0.019 0.995 0.076 0.980 1.000 
0.025 0.993 0.033 0.993 0.909 
0.013 0.996 0.153 0.948 0.853 
0.019 0.995 0.125 0.955 0.993 
0.012 0.996 0.185 0.950 0.990 
0.019 0.995 0.100 0.970 0.948 
0.041 0.993 0.164 0.948 0.930 
0.027 0.993 0.170 0.948 0.934 
0.013 0.996 0.225 0.945 0.962 
0.014 0.996 0.142 0.960 0.829 
0.014 0.995 0.176 0.953 0.976 
0.024 0.993 0.140 0.965 0.517 
0.015 0.995 0.165 0.960 0.986 
0.017 0.995 0.143 0.978 0.850 
0.023 0.994 0.190 0.953 0.986 
0.036 0.995 0.335 0.927 0.878 
0.019 0.995 0.290 0.938 0.269 
0.015 0.996 0.203 0.948 0.983 
0.020 0.996 0.120 0.985 0.790 
0.011 0.997 0.116 0.985 0.822 
0.024 0.993 0.367 0.917 0.210 
0.016 0.995 0.218 0.943 0.825 
0.017 0.995 0.194 0.943 0.755 
0.018 0.996 0.085 0.975 0.122 
0.015 0.996 0.334 0.912 0.983 
0.012 0.996 0.189 0.948 0.682 
0.013 0.996 0.152 0.948 0.941 
0.016 0.994 0.453 0.938 0.979 
0.020 0.995 0.226 0.948 0.990 
0.018 0.993 0.265 0.948 0.997 
0.035 0.994 0.073 0.963 0.993 
0.020 0.997 0.189 0.935 1.000 
0.019 0.994 0.134 0.953 0.997 
0.017 0.995 0.135 0.965 0.990 
0.016 0.994 0.239 0.948 1.000 
0.020 0.994 0.173 0.950 0.965 
0.018 0.996 0.267 0.930 1.000 
0.026 0.994 0.094 0.970 0.997 
0.020 0.994 0.187 0.938 0.997 
0.023 0.996 0.134 0.950 0.650 
0.014 0.995 0.119 0.973 1.000 
0.013 0.996 0.250 0.930 1.000 
0.019 0.995 0.116 0.958 0.860 
0.008 0.998 0.107 0.990 1.000 
0.019 0.995 0.167 0.958 1.000 
0.024 0.994 0.110 0.968 1.000 
0.022 0.994 0.100 0.970 0.986 
0.017 0.994 0.160 0.948 0.990 
0.014 0.995 0.089 0.970 1.000 
0.019 0.996 0.146 0.965 1.000 
0.027 0.991 0.079 0.963 0.997 
0.026 0.994 0.147 0.968 1.000 
0.016 0.994 0.084 0.993 1.000 
0.016 0.996 0.245 0.935 1.000 
0.015 0.997 0.124 0.980 1.000 
0.020 0.995 0.175 0.953 1.000 
0.021 0.995 0.134 0.963 1.000 
0.011 0.996 0.194 0.955 0.990 
0.023 0.994 0.311 0.927 0.993 
0.029 0.996 0.107 0.963 1.000 
0.019 0.996 0.213 0.932 0.619 
0.020 0.996 0.200 0.950 0.997 
0.015 0.995 0.198 0.950 0.986 
0.020 0.993 0.178 0.945 0.923 
0.011 0.996 0.167 0.955 0.990 
0.021 0.993 0.160 0.945 0.476 
0.018 0.994 0.159 0.953 0.997 
0.021 0.993 0.114 0.950 0.997 
0.011 0.996 0.176 0.950 1.000 
0.033 0.992 0.251 0.948 0.871 
0.026 0.992 0.220 0.935 0.878 
0.014 0.994 0.134 0.968 1.000 
0.016 0.995 0.287 0.920 0.923 
0.012 0.997 0.143 0.973 0.983 
0.017 0.995 0.249 0.935 0.993 
0.037 0.996 0.296 0.920 0.993 
0.017 0.995 0.080 0.963 0.983 
0.015 0.997 0.223 0.953 0.930 
0.016 0.996 0.412 0.917 0.738 
0.017 0.994 0.288 0.922 0.955 
0.028 0.995 0.247 0.915 0.986 
0.020 0.994 0.144 0.958 0.923 
0.018 0.995 0.233 0.948 0.857 
0.015 0.995 0.373 0.912 0.993 
0.014 0.997 0.307 0.930 0.881 
0.039 0.989 0.276 0.948 0.500 
0.020 0.996 0.147 0.963 0.941 
0.014 0.994 0.208 0.953 0.916 
0.018 0.996 0.158 0.955 0.941 
0.017 0.995 0.098 0.985 0.881 
0.019 0.993 0.101 0.963 0.462 
0.011 0.996 0.145 0.968 0.140 
0.016 0.996 0.337 0.917 0.675 
0.015 0.996 0.129 0.983 1.000 
0.010 0.997 0.291 0.943 0.951 
0.021 0.994 0.280 0.938 0.990 
0.031 0.992 0.161 0.955 0.990 
0.017 0.994 0.229 0.948 0.930 
0.020 0.995 0.191 0.932 0.993 
0.011 0.998 0.204 0.940 1.000 
0.022 0.994 0.273 0.922 1.000 
0.012 0.997 0.208 0.955 1.000 
0.035 0.994 0.240 0.953 0.997 
0.012 0.997 0.211 0.960 0.934 
0.017 0.995 0.262 0.912 0.902 
0.030 0.993 0.185 0.943 0.839 
0.018 0.995 0.180 0.970 0.972 
0.015 0.995 0.194 0.945 0.951 
0.018 0.997 0.191 0.950 0.983 
0.026 0.994 0.438 0.925 0.902 
0.030 0.993 0.191 0.990 0.615 
0.015 0.996 0.208 0.960 0.801 
0.023 0.995 0.132 0.943 0.997 
0.027 0.995 0.256 0.925 0.997 
0.010 0.997 0.134 0.960 0.993 
0.018 0.994 0.217 0.930 0.993 
0.009 0.996 0.095 0.990 0.997 
0.019 0.995 0.098 0.955 1.000 
0.022 0.993 0.215 0.917 0.941 
0.018 0.995 0.188 0.940 0.986 
0.015 0.997 0.120 0.990 0.881 
0.014 0.997 0.168 0.973 0.909 
0.019 0.994 0.091 0.983 0.979 
0.017 0.995 0.108 0.965 0.720 
0.018 0.996 0.144 0.985 1.000 
0.014 0.996 0.153 0.955 0.997 
0.029 0.995 0.110 0.975 0.738 
0.016 0.996 0.196 0.940 0.997 
0.013 0.996 0.154 0.953 1.000 
0.022 0.997 0.243 0.958 1.000 
0.014 0.995 0.287 0.950 1.000 
0.026 0.996 0.208 0.950 1.000 
0.011 0.996 0.237 0.955 0.997 
0.019 0.995 0.389 0.927 0.990 
0.021 0.993 0.258 0.968 1.000 
0.018 0.994 0.197 0.968 0.937 
0.021 0.994 0.186 0.963 0.983 
0.026 0.994 0.117 0.990 0.906 
0.014 0.997 0.133 0.990 0.969 
0.015 0.995 0.365 0.932 0.979 
0.015 0.996 0.320 0.925 0.986 
0.020 0.994 0.263 0.978 0.997 
0.028 0.994 0.191 0.973 0.993 
0.015 0.995 0.241 0.980 0.962 
0.017 0.994 0.267 0.927 0.902 
0.018 0.996 0.112 0.980 0.881 
0.017 0.993 0.081 0.978 0.997 
0.023 0.993 0.105 0.960 0.993 
0.014 0.996 0.055 0.978 0.990 
0.016 0.995 0.181 0.980 0.769 
0.021 0.993 0.175 0.960 0.976 
0.019 0.993 0.206 0.953 1.000 
0.032 0.995 0.243 0.938 0.969 
0.021 0.992 0.210 0.963 0.997 
0.016 0.993 0.233 0.968 1.000 
0.027 0.996 0.220 0.950 0.990 
0.049 0.992 0.333 0.910 0.594 
0.015 0.998 0.169 0.950 0.958 
0.015 0.996 0.107 0.983 1.000 
0.009 0.996 0.257 0.922 0.997 
0.014 0.997 0.147 0.990 0.853 
0.018 0.995 0.220 0.988 0.871 
0.025 0.993 0.199 0.935 0.997 
0.014 0.995 0.117 0.973 0.916 
0.021 0.995 0.393 0.897 1.000 
0.012 0.996 0.318 0.955 0.818 
0.013 0.997 0.322 0.953 1.000 
0.024 0.994 0.220 0.958 1.000 
0.018 0.996 0.157 0.988 0.997 
0.015 0.997 0.243 0.955 1.000 
0.010 0.996 0.135 0.968 1.000 
0.024 0.993 0.173 0.943 1.000 
0.017 0.995 0.318 0.910 1.000 
0.020 0.994 0.158 0.960 0.962 
0.020 0.994 0.226 0.973 0.573 
0.034 0.992 0.281 0.917 0.923 
0.018 0.995 0.366 0.925 0.951 
0.018 0.997 0.208 0.953 0.675 
0.015 0.996 0.200 0.948 0.920 
0.016 0.995 0.320 0.940 1.000 
0.023 0.994 0.198 0.965 0.801 
0.086 0.993 0.120 0.960 1.000 
0.010 0.997 0.091 0.968 1.000 
0.022 0.996 0.080 0.970 1.000 
0.019 0.995 0.176 0.943 1.000 
0.017 0.995 0.106 0.965 1.000 
0.024 0.993 0.292 0.910 0.997 
0.016 0.996 0.090 0.960 1.000 
0.017 0.996 0.226 0.915 0.993 
0.018 0.995 0.120 0.960 1.000 
0.013 0.996 0.109 0.963 1.000 
0.021 0.994 0.100 0.968 1.000 
0.031 0.994 0.107 0.958 0.948 
0.018 0.994 0.096 0.963 1.000 
0.016 0.995 0.155 0.948 1.000 
0.011 0.997 0.330 0.905 1.000 
0.031 0.993 0.150 0.950 0.979 
0.020 0.995 0.177 0.948 1.000 
0.018 0.995 0.180 0.940 1.000 
0.034 0.995 0.275 0.945 0.983 
0.020 0.994 0.224 0.948 1.000 
0.067 0.992 0.201 0.970 1.000 
0.011 0.995 0.324 0.943 1.000 
0.021 0.994 0.188 0.963 0.923 
0.018 0.994 0.232 0.950 0.986 
0.013 0.997 0.167 0.985 0.997 
0.012 0.996 0.271 0.945 0.990 
0.026 0.994 0.152 0.958 0.972 
0.019 0.993 0.338 0.927 0.983 
0.023 0.995 0.196 0.940 0.993 
0.013 0.996 0.170 0.958 1.000 
0.018 0.994 0.246 0.935 0.993 
0.009 0.997 0.213 0.945 0.986 
0.018 0.994 0.212 0.948 0.993 
0.016 0.996 0.131 0.965 0.997 
0.018 0.995 0.198 0.955 1.000 
0.015 0.996 0.188 0.958 1.000 
0.033 0.993 0.173 0.950 0.993 
0.015 0.994 0.105 0.973 1.000 
0.016 0.996 0.150 0.948 1.000 
0.017 0.996 0.158 0.948 1.000 
0.013 0.997 0.378 0.950 0.934 
0.032 0.993 0.303 0.955 0.909 
0.018 0.995 0.227 0.950 1.000 
0.031 0.994 0.084 0.978 0.976 
0.014 0.994 0.034 0.988 0.993 
0.020 0.995 0.127 0.970 0.979 
0.013 0.996 0.071 0.990 0.997 
0.020 0.997 0.196 0.953 0.874 
0.011 0.996 0.066 0.988 0.678 
0.021 0.994 0.109 0.965 0.825 
0.024 0.993 0.111 0.985 0.923 
0.017 0.994 0.063 0.990 0.717 
0.025 0.994 0.133 0.975 0.962 
0.019 0.996 0.098 0.975 1.000 
0.017 0.995 0.114 0.958 0.986 
0.029 0.994 0.082 0.975 0.941 
0.019 0.995 0.212 0.950 0.867 
0.024 0.996 0.214 0.935 0.413 
0.019 0.993 0.160 0.973 0.801 
0.012 0.997 0.224 0.963 0.965 
0.017 0.997 0.248 0.943 0.839 
0.021 0.996 0.118 0.953 0.997 
0.020 0.994 0.247 0.938 0.986 
0.018 0.995 0.230 0.943 0.717 
0.015 0.996 0.194 0.940 0.993 
0.014 0.996 0.193 0.943 0.832 
0.016 0.997 0.186 0.943 1.000 
0.015 0.996 0.108 0.973 1.000 
0.023 0.993 0.473 0.912 0.990 
0.015 0.995 0.157 0.965 1.000 
0.015 0.996 0.019 0.993 0.927 
0.031 0.994 0.238 0.960 0.997 
0.024 0.996 0.139 0.978 1.000 
0.025 0.994 0.176 0.935 1.000 
0.016 0.995 0.087 0.960 1.000 
0.041 0.993 0.058 0.970 1.000 
0.017 0.995 0.266 0.917 0.986 
0.019 0.995 0.056 0.978 0.969 
0.019 0.996 0.164 0.938 0.962 
0.026 0.992 0.232 0.915 0.934 
0.017 0.995 0.192 0.935 0.944 
0.016 0.996 0.107 0.965 1.000 
0.027 0.994 0.176 0.938 0.881 
0.022 0.994 0.109 0.958 1.000 
0.015 0.995 0.210 0.948 1.000 
0.020 0.994 0.165 0.953 0.993 
0.021 0.994 0.124 0.960 1.000 
0.020 0.993 0.148 0.958 1.000 
0.022 0.993 0.225 0.932 1.000 
0.015 0.997 0.162 0.948 1.000 
0.020 0.994 0.265 0.920 1.000 
0.016 0.995 0.252 0.938 1.000 
0.012 0.996 0.115 0.988 1.000 
0.019 0.996 0.327 0.948 0.976 
0.018 0.995 0.317 0.917 0.563 
0.018 0.996 0.289 0.943 0.955 
0.058 0.994 0.345 0.912 0.685 
0.016 0.994 0.124 0.955 1.000 
0.028 0.994 0.121 0.950 1.000 
0.013 0.996 0.150 0.950 0.944 
0.020 0.994 0.123 0.955 1.000 
0.018 0.993 0.089 0.983 0.951 
0.018 0.997 0.154 0.945 1.000 
0.013 0.996 0.137 0.950 0.923 
0.009 0.997 0.134 0.963 0.878 
0.013 0.995 0.185 0.950 1.000 
0.018 0.997 0.136 0.945 0.997 
0.025 0.993 0.141 0.948 1.000 
0.013 0.996 0.215 0.927 0.976 
0.015 0.994 0.158 0.953 1.000 
0.015 0.994 0.170 0.945 0.990 
0.011 0.997 0.187 0.940 0.983 
0.015 0.994 0.211 0.935 0.997 
0.022 0.995 0.213 0.927 0.836 
0.018 0.994 0.119 0.965 0.983 
0.013 0.995 0.244 0.912 0.986 
0.014 0.996 0.115 0.973 1.000 
0.022 0.995 0.194 0.940 1.000 
0.021 0.995 0.233 0.945 1.000 
0.019 0.995 0.179 0.958 1.000 
0.020 0.995 0.138 0.963 1.000 
0.013 0.995 0.499 0.895 0.990 
0.021 0.994 0.132 0.965 0.990 
0.016 0.995 0.196 0.953 1.000 
0.015 0.996 0.197 0.953 0.990 
0.021 0.995 0.135 0.960 1.000 
0.016 0.995 0.072 0.988 1.000 
0.017 0.995 0.223 0.935 1.000 
0.014 0.995 0.085 0.983 1.000 
0.016 0.994 0.259 0.917 1.000 
0.016 0.996 0.400 0.912 1.000 
0.011 0.996 0.071 0.990 1.000 
0.019 0.996 0.310 0.925 0.997 
0.044 0.992 0.413 0.900 1.000 
0.028 0.995 0.322 0.922 0.983 
0.019 0.995 0.259 0.940 0.997 
0.022 0.996 0.269 0.930 0.993 
0.022 0.994 0.333 0.930 1.000 
0.081 0.993 0.428 0.905 1.000 
0.016 0.996 0.314 0.935 1.000 
0.014 0.996 0.415 0.920 1.000 
0.019 0.996 0.223 0.950 1.000 
0.019 0.995 0.385 0.930 0.892 
0.021 0.996 0.270 0.948 0.997 
0.014 0.995 0.198 0.963 1.000 
0.010 0.997 0.333 0.932 1.000 
0.011 0.997 0.299 0.948 1.000 
0.033 0.992 0.219 0.945 1.000 
0.014 0.996 0.292 0.945 1.000 
0.019 0.995 0.441 0.910 1.000 
0.019 0.995 0.216 0.953 0.997 
0.019 0.994 0.172 0.958 1.000 
0.008 0.998 0.215 0.955 1.000 
0.012 0.996 0.154 0.988 1.000 
0.013 0.995 0.309 0.945 1.000 
0.022 0.994 0.293 0.945 1.000 
0.021 0.995 0.273 0.930 1.000 
0.013 0.997 0.246 0.953 1.000 
0.017 0.996 0.201 0.970 0.993 
0.038 0.993 0.230 0.945 0.997 
0.016 0.995 0.194 0.953 0.720 
0.011 0.997 0.274 0.938 0.983 
0.022 0.996 0.233 0.950 0.923 
0.015 0.996 0.209 0.953 0.850 
0.016 0.995 0.179 0.948 0.983 
0.025 0.991 0.321 0.912 0.986 
0.014 0.996 0.270 0.935 0.948 
0.018 0.995 0.315 0.927 0.997 
0.016 0.996 0.122 0.955 1.000 
0.011 0.998 0.240 0.940 0.993 
0.019 0.994 0.203 0.940 0.990 
0.012 0.996 0.382 0.910 0.993 
0.018 0.995 0.179 0.943 0.993 
0.023 0.995 0.130 0.965 0.993 
0.015 0.995 0.198 0.958 1.000 
0.017 0.995 0.274 0.935 0.972 
0.018 0.993 0.237 0.935 0.993 
0.013 0.996 0.440 0.892 0.948 
0.012 0.997 0.192 0.978 0.888 
0.015 0.996 0.123 0.960 0.990 
0.019 0.997 0.273 0.935 0.934 
0.024 0.994 0.150 0.975 0.724 
0.014 0.996 0.248 0.950 0.986 
0.014 0.997 0.420 0.920 0.976 
0.021 0.994 0.360 0.935 1.000 
0.017 0.996 0.081 0.993 0.892 
0.015 0.996 0.142 0.960 0.997 
0.019 0.994 0.285 0.925 0.972 
0.029 0.992 0.261 0.940 0.997 
0.015 0.995 0.176 0.965 0.997 
0.015 0.996 0.304 0.935 1.000 
0.016 0.995 0.244 0.940 0.871 
0.026 0.994 0.224 0.930 0.972 
0.018 0.996 0.388 0.910 0.951 
0.013 0.997 0.313 0.920 0.815 
0.032 0.991 0.164 0.945 0.990 
0.022 0.993 0.159 0.945 1.000 
0.011 0.997 0.235 0.922 0.969 
0.022 0.995 0.357 0.912 0.818 
0.014 0.995 0.327 0.922 0.986 
0.015 0.995 0.372 0.917 0.888 
0.013 0.996 0.252 0.953 0.962 
0.014 0.996 0.246 0.943 0.958 
0.015 0.997 0.295 0.927 1.000 
0.014 0.995 0.109 0.975 0.965 
0.009 0.998 0.199 0.950 0.997 
0.016 0.995 0.143 0.980 1.000 
0.026 0.995 0.153 0.958 1.000 
0.017 0.995 0.172 0.955 1.000 
0.018 0.994 0.244 0.953 1.000 
0.012 0.996 0.195 0.945 1.000 
0.019 0.995 0.153 0.963 0.951 
0.012 0.996 0.193 0.963 1.000 
0.021 0.994 0.230 0.950 0.944 
0.016 0.995 0.209 0.950 0.930 
0.027 0.994 0.297 0.920 0.993 
0.016 0.995 0.081 0.990 1.000 
0.015 0.996 0.289 0.938 1.000 
0.019 0.994 0.157 0.955 0.997 
0.010 0.996 0.163 0.963 0.965 
0.029 0.991 0.149 0.968 0.944 
0.008 0.997 0.525 0.932 0.958 
0.019 0.995 0.120 0.963 0.948 
0.019 0.994 0.205 0.935 0.997 
0.010 0.996 0.124 0.970 0.993 
0.015 0.996 0.107 0.958 1.000 
0.014 0.996 0.262 0.938 0.969 
0.024 0.993 0.190 0.950 0.993 
0.017 0.996 0.183 0.943 0.983 
0.020 0.992 0.416 0.897 1.000 
0.012 0.997 0.193 0.948 0.902 
0.015 0.995 0.210 0.958 0.997 
0.021 0.994 0.092 0.960 0.997 
0.028 0.993 0.119 0.960 0.997 
0.018 0.994 0.196 0.953 0.892 
0.017 0.994 0.076 0.990 0.948 
0.011 0.997 0.210 0.968 0.706 
0.016 0.996 0.043 0.990 0.948 
0.021 0.995 0.232 0.953 0.930 
0.011 0.997 0.247 0.955 0.860 
0.013 0.996 0.337 0.938 0.636 
0.034 0.994 0.293 0.940 0.913 
0.021 0.995 0.203 0.988 0.549 
0.067 0.992 0.336 0.930 0.972 
0.011 0.996 0.213 0.948 0.997 
0.013 0.995 0.191 0.953 0.955 
0.027 0.996 0.323 0.922 0.958 
0.012 0.997 0.224 0.953 0.941 
0.022 0.995 0.303 0.935 0.983 
0.028 0.995 0.065 0.995 0.909 
0.015 0.996 0.168 0.958 0.815 
0.016 0.993 0.216 0.945 0.979 
0.009 0.996 0.245 0.960 0.878 
0.015 0.996 0.236 0.945 0.948 
0.018 0.994 0.210 0.948 0.853 
0.015 0.996 0.189 0.973 0.993 
0.027 0.993 0.334 0.920 0.864 
0.025 0.993 0.136 0.963 0.864 
0.011 0.998 0.118 0.975 0.983 
0.013 0.995 0.289 0.925 0.881 
0.009 0.997 0.121 0.968 0.941 
0.021 0.996 0.214 0.945 0.402 
0.021 0.995 0.154 0.958 0.745 
0.014 0.996 0.111 0.983 0.490 
0.019 0.995 0.189 0.953 0.860 
0.014 0.995 0.335 0.945 0.927 
0.015 0.996 0.079 0.963 0.990 
0.015 0.995 0.163 0.955 0.962 
0.022 0.993 0.167 0.950 0.965 
0.016 0.994 0.288 0.943 0.948 
0.010 0.998 0.327 0.938 0.878 
0.011 0.997 0.346 0.938 0.745 
0.021 0.994 0.334 0.917 0.780 
0.020 0.994 0.216 0.945 0.930 
0.045 0.991 0.204 0.955 0.993 
0.009 0.998 0.177 0.955 0.944 
0.019 0.996 0.301 0.935 0.664 
0.024 0.993 0.063 0.990 0.336 
0.022 0.994 0.120 0.960 0.521 
0.015 0.996 0.151 0.948 0.997 
0.009 0.997 0.275 0.930 0.920 
0.018 0.994 0.108 0.955 0.997 
0.009 0.998 0.088 0.990 0.483 
0.029 0.993 0.243 0.943 1.000 
0.008 0.998 0.132 0.955 1.000 
0.029 0.993 0.133 0.958 1.000 
0.019 0.994 0.106 0.970 0.986 
0.016 0.995 0.133 0.955 0.986 
0.016 0.995 0.166 0.940 0.986 
0.008 0.998 0.183 0.950 0.997 
0.020 0.995 0.339 0.915 0.892 
0.018 0.996 0.185 0.953 0.710 
0.022 0.994 0.261 0.943 0.965 
0.009 0.996 0.134 0.978 0.969 
