0.266 0.899 0.167 0.943 1.000 
0.164 0.942 0.209 0.927 1.000 
0.127 0.961 0.109 0.970 1.000 
0.112 0.964 0.146 0.938 1.000 
0.086 0.972 0.124 0.950 1.000 
0.077 0.977 0.100 0.968 1.000 
0.092 0.976 0.126 0.965 1.000 
0.117 0.964 0.132 0.965 1.000 
0.076 0.976 0.143 0.938 1.000 
0.072 0.974 0.125 0.958 1.000 
0.073 0.976 0.071 0.980 1.000 
0.077 0.977 0.120 0.975 1.000 
0.071 0.978 0.109 0.970 1.000 
0.053 0.982 0.079 0.978 1.000 
0.069 0.980 0.118 0.963 0.963 
0.072 0.977 0.092 0.973 1.000 
0.061 0.980 0.111 0.958 1.000 
0.062 0.982 0.086 0.973 1.000 
0.057 0.985 0.094 0.970 1.000 
0.056 0.983 0.077 0.978 1.000 
0.050 0.986 0.130 0.945 0.974 
0.051 0.984 0.174 0.932 1.000 
0.044 0.986 0.081 0.975 1.000 
0.065 0.983 0.089 0.973 1.000 
0.048 0.986 0.083 0.975 1.000 
0.052 0.983 0.090 0.973 1.000 
0.044 0.988 0.105 0.958 1.000 
0.061 0.985 0.088 0.973 0.993 
0.061 0.987 0.151 0.943 0.996 
0.050 0.985 0.071 0.975 1.000 
0.044 0.988 0.098 0.970 1.000 
0.053 0.986 0.100 0.970 1.000 
0.068 0.984 0.164 0.930 1.000 
0.051 0.985 0.079 0.980 1.000 
0.052 0.987 0.093 0.960 1.000 
0.063 0.985 0.107 0.965 1.000 
0.048 0.984 0.077 0.978 1.000 
0.038 0.989 0.099 0.955 1.000 
0.052 0.985 0.082 0.973 0.282 
0.041 0.987 0.091 0.970 1.000 
0.039 0.988 0.066 0.980 1.000 
0.050 0.985 0.068 0.978 1.000 
0.058 0.985 0.081 0.973 0.773 
0.034 0.992 0.091 0.970 1.000 
0.044 0.988 0.109 0.945 0.993 
0.048 0.988 0.090 0.968 1.000 
0.044 0.988 0.117 0.955 1.000 
0.043 0.986 0.101 0.960 1.000 
0.042 0.986 0.090 0.960 1.000 
0.050 0.986 0.061 0.980 0.996 
0.041 0.989 0.066 0.973 1.000 
0.048 0.986 0.073 0.983 1.000 
0.034 0.991 0.077 0.975 0.941 
0.051 0.988 0.131 0.940 0.626 
0.035 0.991 0.049 0.990 1.000 
0.040 0.989 0.056 0.983 1.000 
0.050 0.988 0.072 0.978 0.993 
0.033 0.992 0.065 0.980 1.000 
0.037 0.990 0.077 0.975 1.000 
0.037 0.988 0.057 0.980 1.000 
0.038 0.990 0.072 0.975 1.000 
0.038 0.989 0.073 0.973 1.000 
0.041 0.988 0.077 0.963 1.000 
0.034 0.988 0.103 0.968 1.000 
0.042 0.988 0.052 0.985 0.996 
0.044 0.988 0.073 0.970 0.996 
0.038 0.988 0.062 0.990 1.000 
0.027 0.994 0.201 0.953 1.000 
0.041 0.989 0.110 0.968 1.000 
0.047 0.987 0.088 0.970 1.000 
0.030 0.995 0.083 0.978 1.000 
0.039 0.990 0.062 0.975 0.985 
0.040 0.990 0.059 0.980 0.055 
0.039 0.990 0.072 0.978 0.963 
0.035 0.991 0.088 0.968 1.000 
0.032 0.992 0.082 0.968 1.000 
0.035 0.990 0.050 0.983 1.000 
0.035 0.988 0.144 0.948 1.000 
0.035 0.988 0.075 0.975 1.000 
0.026 0.994 0.143 0.950 1.000 
0.034 0.989 0.104 0.955 1.000 
0.037 0.989 0.072 0.975 1.000 
0.033 0.993 0.093 0.975 1.000 
0.034 0.991 0.061 0.978 1.000 
0.030 0.991 0.061 0.980 1.000 
0.036 0.992 0.052 0.985 1.000 
0.048 0.989 0.062 0.983 1.000 
0.034 0.988 0.065 0.978 1.000 
0.023 0.996 0.055 0.985 1.000 
0.024 0.994 0.105 0.968 1.000 
0.034 0.990 0.080 0.975 0.945 
0.041 0.988 0.070 0.975 1.000 
0.025 0.993 0.092 0.975 0.399 
0.031 0.991 0.058 0.980 0.996 
0.033 0.990 0.059 0.985 1.000 
0.031 0.991 0.125 0.960 0.245 
0.023 0.993 0.067 0.975 0.989 
0.038 0.988 0.079 0.978 0.597 
0.044 0.990 0.113 0.973 0.960 
0.033 0.991 0.082 0.975 0.223 
0.038 0.989 0.059 0.985 0.974 
0.036 0.991 0.076 0.973 0.513 
0.023 0.996 0.106 0.965 0.007 
0.026 0.993 0.097 0.970 0.714 
0.031 0.991 0.066 0.975 0.516 
0.048 0.987 0.094 0.968 0.007 
0.030 0.992 0.085 0.970 0.007 
0.031 0.993 0.083 0.975 0.029 
0.027 0.992 0.048 0.985 0.952 
0.030 0.992 0.054 0.985 0.000 
0.030 0.993 0.101 0.973 0.029 
0.028 0.994 0.048 0.983 0.982 
0.043 0.988 0.110 0.950 0.018 
0.035 0.990 0.079 0.973 0.762 
0.031 0.992 0.117 0.953 1.000 
0.029 0.993 0.130 0.953 0.996 
0.029 0.993 0.069 0.978 0.996 
0.026 0.993 0.092 0.955 1.000 
0.026 0.993 0.080 0.965 1.000 
0.026 0.993 0.085 0.963 1.000 
0.027 0.992 0.096 0.958 0.912 
0.023 0.993 0.061 0.978 1.000 
0.023 0.993 0.057 0.975 1.000 
0.029 0.995 0.067 0.980 0.612 
0.030 0.992 0.057 0.980 0.985 
0.020 0.993 0.134 0.960 0.604 
0.034 0.989 0.085 0.958 0.993 
0.040 0.992 0.097 0.965 0.923 
0.028 0.992 0.081 0.975 0.212 
0.025 0.992 0.048 0.980 0.919 
0.025 0.993 0.083 0.965 0.853 
0.017 0.995 0.092 0.973 1.000 
0.028 0.993 0.116 0.955 1.000 
0.029 0.992 0.093 0.958 0.952 
0.023 0.993 0.085 0.963 0.993 
0.029 0.989 0.048 0.983 1.000 
0.021 0.992 0.067 0.965 0.711 
0.026 0.993 0.051 0.980 1.000 
0.028 0.989 0.072 0.960 0.842 
0.032 0.992 0.079 0.960 0.971 
0.014 0.996 0.072 0.975 1.000 
0.029 0.992 0.060 0.973 0.993 
0.019 0.996 0.110 0.960 0.575 
0.023 0.995 0.085 0.973 1.000 
0.030 0.993 0.078 0.965 0.875 
0.025 0.994 0.055 0.978 0.821 
0.031 0.994 0.052 0.985 1.000 
0.031 0.991 0.081 0.968 1.000 
0.021 0.995 0.047 0.988 1.000 
0.026 0.992 0.055 0.980 0.883 
0.021 0.992 0.096 0.975 0.103 
0.027 0.994 0.064 0.978 0.824 
0.017 0.996 0.087 0.970 0.209 
0.030 0.994 0.073 0.975 0.608 
0.027 0.995 0.042 0.988 0.956 
0.027 0.991 0.076 0.965 0.989 
0.024 0.995 0.050 0.983 0.996 
0.031 0.992 0.052 0.983 0.897 
0.032 0.989 0.134 0.945 0.919 
0.032 0.992 0.110 0.945 0.667 
0.041 0.991 0.061 0.980 0.974 
0.031 0.992 0.105 0.968 0.081 
0.022 0.995 0.104 0.965 0.978 
0.027 0.992 0.060 0.975 1.000 
0.023 0.994 0.095 0.968 0.985 
0.023 0.995 0.108 0.965 0.593 
0.019 0.995 0.049 0.985 0.985 
0.030 0.993 0.070 0.983 0.894 
0.028 0.993 0.068 0.975 0.692 
0.030 0.993 0.106 0.960 0.993 
0.031 0.992 0.084 0.965 0.088 
0.025 0.993 0.104 0.960 0.000 
0.022 0.996 0.053 0.990 0.897 
0.028 0.993 0.092 0.968 0.949 
0.024 0.993 0.091 0.968 0.901 
0.029 0.993 0.076 0.965 0.370 
0.024 0.994 0.059 0.980 0.414 
0.027 0.990 0.090 0.960 0.751 
0.027 0.990 0.063 0.975 0.352 
0.027 0.995 0.087 0.960 0.824 
0.028 0.994 0.085 0.975 0.996 
0.021 0.995 0.061 0.980 0.949 
0.028 0.992 0.073 0.968 0.996 
0.028 0.995 0.076 0.975 0.154 
0.026 0.994 0.068 0.980 0.806 
0.031 0.992 0.082 0.975 1.000 
0.023 0.993 0.047 0.990 0.795 
0.028 0.992 0.078 0.968 0.007 
0.024 0.993 0.052 0.980 0.989 
0.030 0.992 0.099 0.958 0.366 
0.017 0.996 0.043 0.990 0.158 
0.024 0.993 0.087 0.968 0.652 
0.023 0.994 0.097 0.963 0.890 
0.024 0.993 0.072 0.980 1.000 
0.020 0.993 0.048 0.988 0.993 
0.022 0.992 0.052 0.983 1.000 
0.034 0.995 0.082 0.973 0.011 
0.022 0.995 0.082 0.975 1.000 
0.024 0.990 0.089 0.963 0.971 
0.020 0.995 0.092 0.960 0.407 
0.025 0.993 0.061 0.978 0.897 
0.031 0.993 0.083 0.965 0.971 
0.022 0.994 0.094 0.963 0.960 
0.025 0.992 0.067 0.973 0.879 
0.037 0.990 0.087 0.968 0.985 
0.029 0.994 0.053 0.988 1.000 
0.021 0.994 0.079 0.980 0.989 
0.020 0.993 0.047 0.988 1.000 
0.021 0.992 0.107 0.950 1.000 
0.024 0.995 0.084 0.975 0.985 
0.023 0.993 0.083 0.975 0.978 
0.022 0.993 0.113 0.970 0.850 
0.031 0.990 0.097 0.960 0.982 
0.026 0.994 0.101 0.960 0.656 
0.030 0.993 0.068 0.985 0.985 
0.027 0.993 0.083 0.980 0.421 
0.027 0.993 0.064 0.970 0.993 
0.015 0.995 0.061 0.970 0.842 
0.026 0.990 0.069 0.968 0.956 
0.019 0.995 0.089 0.970 0.150 
0.032 0.992 0.047 0.985 0.718 
0.023 0.992 0.098 0.973 0.905 
0.019 0.993 0.055 0.980 0.963 
0.019 0.996 0.068 0.985 0.897 
0.023 0.995 0.099 0.983 0.212 
0.030 0.993 0.078 0.978 0.974 
0.025 0.992 0.069 0.975 0.626 
0.019 0.995 0.074 0.980 0.993 
0.024 0.993 0.098 0.973 0.908 
0.023 0.993 0.050 0.983 0.897 
0.022 0.993 0.074 0.968 0.868 
0.021 0.994 0.052 0.990 1.000 
0.026 0.995 0.057 0.980 0.864 
0.009 0.998 0.079 0.980 0.560 
0.023 0.993 0.091 0.985 0.828 
0.020 0.995 0.092 0.975 0.755 
0.013 0.995 0.120 0.965 0.934 
0.027 0.994 0.115 0.970 0.934 
0.029 0.993 0.092 0.965 0.736 
0.019 0.995 0.099 0.960 1.000 
0.017 0.993 0.057 0.983 0.473 
0.022 0.994 0.052 0.988 0.216 
0.021 0.993 0.068 0.970 0.813 
0.018 0.995 0.049 0.985 0.311 
0.020 0.995 0.053 0.983 0.993 
0.018 0.995 0.071 0.970 0.004 
0.021 0.995 0.059 0.980 0.835 
0.024 0.993 0.082 0.983 0.040 
0.021 0.995 0.121 0.950 0.996 
0.021 0.994 0.103 0.970 0.348 
0.021 0.993 0.074 0.980 0.125 
0.018 0.995 0.081 0.978 0.996 
0.027 0.992 0.087 0.968 0.971 
0.019 0.995 0.106 0.958 0.747 
0.017 0.995 0.058 0.975 1.000 
0.020 0.995 0.059 0.980 0.993 
0.018 0.995 0.090 0.978 0.993 
0.016 0.995 0.192 0.978 0.707 
0.027 0.995 0.062 0.983 0.026 
0.017 0.994 0.124 0.973 0.868 
0.028 0.994 0.087 0.975 0.011 
0.012 0.997 0.126 0.978 0.051 
0.026 0.993 0.089 0.983 0.007 
0.021 0.996 0.128 0.985 0.828 
0.030 0.993 0.072 0.978 0.996 
0.022 0.993 0.077 0.980 0.978 
0.030 0.990 0.103 0.953 0.993 
0.018 0.996 0.097 0.978 1.000 
0.015 0.995 0.135 0.978 0.791 
0.018 0.996 0.056 0.983 0.905 
0.031 0.991 0.087 0.983 0.007 
0.016 0.993 0.075 0.975 0.407 
0.029 0.990 0.076 0.970 0.007 
0.017 0.993 0.092 0.968 0.905 
0.024 0.995 0.083 0.960 0.535 
0.020 0.996 0.133 0.955 0.788 
0.023 0.996 0.158 0.978 0.341 
0.017 0.996 0.121 0.975 0.722 
0.028 0.995 0.091 0.980 0.344 
0.025 0.995 0.082 0.975 0.908 
0.007 0.998 0.145 0.960 0.963 
0.018 0.996 0.129 0.960 0.641 
0.023 0.992 0.099 0.958 1.000 
0.020 0.993 0.124 0.975 0.758 
0.029 0.992 0.077 0.980 1.000 
0.015 0.995 0.133 0.958 0.985 
0.024 0.992 0.091 0.978 0.989 
0.020 0.995 0.053 0.983 0.700 
0.020 0.996 0.074 0.978 0.121 
0.011 0.997 0.060 0.985 0.736 
0.017 0.993 0.055 0.985 0.652 
0.021 0.995 0.117 0.958 0.352 
0.031 0.992 0.070 0.968 0.886 
0.017 0.996 0.083 0.983 0.956 
0.017 0.994 0.080 0.975 0.971 
0.030 0.995 0.076 0.975 0.509 
0.020 0.993 0.071 0.975 1.000 
0.017 0.995 0.047 0.990 0.996 
0.024 0.991 0.082 0.973 0.000 
0.016 0.995 0.054 0.983 0.077 
0.018 0.995 0.097 0.973 0.022 
0.015 0.995 0.087 0.960 0.564 
0.013 0.997 0.069 0.978 0.000 
0.020 0.995 0.059 0.978 0.018 
0.019 0.994 0.064 0.978 0.033 
0.030 0.992 0.082 0.975 0.029 
0.012 0.997 0.106 0.983 0.000 
0.017 0.993 0.118 0.965 0.037 
0.020 0.995 0.125 0.955 0.253 
0.018 0.996 0.071 0.983 0.341 
0.014 0.995 0.151 0.958 0.033 
0.011 0.998 0.077 0.973 0.004 
0.022 0.991 0.195 0.938 0.000 
0.015 0.995 0.205 0.945 0.645 
0.019 0.996 0.103 0.963 0.231 
0.019 0.997 0.090 0.980 0.004 
0.015 0.997 0.111 0.960 0.974 
0.026 0.993 0.129 0.953 0.286 
0.020 0.992 0.208 0.938 0.000 
0.024 0.993 0.131 0.960 0.601 
0.009 0.996 0.096 0.985 0.004 
0.020 0.995 0.127 0.958 0.051 
0.031 0.993 0.108 0.965 0.780 
0.029 0.994 0.159 0.943 0.293 
0.017 0.996 0.144 0.953 0.000 
0.018 0.994 0.152 0.945 0.000 
0.027 0.993 0.114 0.953 0.751 
0.018 0.993 0.075 0.973 0.637 
0.015 0.996 0.165 0.945 0.637 
0.018 0.995 0.105 0.980 0.286 
0.013 0.996 0.102 0.980 0.088 
0.018 0.996 0.137 0.950 0.516 
0.021 0.993 0.069 0.978 0.989 
0.019 0.997 0.107 0.960 1.000 
0.016 0.996 0.083 0.968 1.000 
0.025 0.993 0.103 0.973 0.832 
0.017 0.995 0.099 0.960 0.081 
0.016 0.996 0.079 0.978 0.978 
0.019 0.995 0.127 0.953 0.996 
0.022 0.995 0.078 0.985 0.612 
0.030 0.994 0.089 0.980 0.945 
0.017 0.994 0.064 0.978 0.330 
0.018 0.994 0.069 0.978 0.535 
0.013 0.996 0.076 0.980 0.495 
0.018 0.997 0.128 0.980 0.982 
0.026 0.993 0.105 0.973 0.150 
0.017 0.995 0.090 0.978 0.996 
0.022 0.995 0.113 0.955 0.985 
0.012 0.998 0.172 0.978 0.392 
0.017 0.995 0.130 0.968 0.143 
0.027 0.993 0.078 0.968 0.480 
0.020 0.996 0.159 0.940 0.989 
0.011 0.996 0.091 0.975 0.344 
0.016 0.995 0.119 0.955 0.744 
0.024 0.994 0.305 0.940 0.377 
0.016 0.994 0.128 0.958 0.989 
0.022 0.994 0.122 0.970 0.718 
0.022 0.993 0.199 0.948 0.656 
0.013 0.995 0.156 0.983 0.938 
0.018 0.995 0.126 0.958 0.179 
0.017 0.993 0.068 0.968 0.971 
0.017 0.996 0.120 0.965 0.967 
0.036 0.995 0.087 0.978 0.011 
0.019 0.995 0.063 0.978 0.487 
0.014 0.996 0.082 0.965 0.993 
0.010 0.998 0.054 0.985 0.850 
0.016 0.993 0.053 0.983 0.956 
0.017 0.995 0.092 0.968 0.875 
0.020 0.993 0.198 0.940 0.436 
0.021 0.994 0.095 0.980 0.974 
0.018 0.995 0.059 0.988 1.000 
0.017 0.992 0.100 0.968 1.000 
0.028 0.996 0.054 0.980 1.000 
0.018 0.996 0.203 0.960 0.978 
0.026 0.993 0.071 0.970 1.000 
0.020 0.993 0.108 0.975 0.718 
0.026 0.994 0.089 0.975 0.996 
0.011 0.994 0.093 0.968 1.000 
0.014 0.995 0.091 0.983 0.707 
0.014 0.995 0.080 0.983 0.912 
0.013 0.996 0.194 0.963 0.015 
0.020 0.992 0.121 0.965 0.817 
0.020 0.996 0.099 0.983 0.938 
0.016 0.996 0.194 0.963 0.033 
0.018 0.993 0.093 0.980 0.993 
0.014 0.997 0.101 0.980 1.000 
0.032 0.992 0.100 0.970 0.714 
0.018 0.995 0.167 0.943 0.996 
0.017 0.995 0.153 0.965 0.590 
0.021 0.994 0.306 0.945 0.011 
0.019 0.994 0.078 0.980 0.744 
0.021 0.995 0.210 0.938 0.495 
0.023 0.995 0.086 0.968 0.059 
0.025 0.993 0.165 0.940 0.788 
0.014 0.996 0.097 0.963 0.271 
0.029 0.989 0.100 0.955 0.275 
0.014 0.997 0.117 0.968 0.018 
0.017 0.995 0.120 0.960 0.374 
0.020 0.994 0.081 0.968 0.982 
0.018 0.993 0.100 0.973 0.125 
0.017 0.996 0.204 0.940 0.007 
0.016 0.995 0.158 0.955 0.440 
0.012 0.996 0.084 0.975 0.806 
0.013 0.995 0.059 0.973 0.985 
0.011 0.997 0.084 0.980 0.106 
0.015 0.996 0.055 0.983 1.000 
0.038 0.995 0.084 0.963 1.000 
0.017 0.993 0.147 0.953 0.982 
0.016 0.993 0.100 0.980 1.000 
0.022 0.993 0.066 0.983 1.000 
0.018 0.996 0.079 0.968 1.000 
0.014 0.997 0.087 0.968 1.000 
0.036 0.993 0.126 0.955 1.000 
0.015 0.995 0.139 0.970 1.000 
0.011 0.996 0.109 0.975 1.000 
0.017 0.995 0.135 0.958 1.000 
0.012 0.996 0.086 0.973 0.989 
0.021 0.995 0.111 0.953 1.000 
0.029 0.993 0.072 0.980 0.996 
0.018 0.995 0.143 0.960 0.996 
0.021 0.994 0.152 0.953 0.996 
0.025 0.995 0.158 0.953 0.645 
0.021 0.995 0.097 0.968 0.549 
0.015 0.996 0.084 0.973 0.443 
0.015 0.996 0.108 0.960 0.352 
0.013 0.995 0.133 0.973 0.179 
0.016 0.995 0.120 0.970 0.209 
0.017 0.995 0.085 0.975 0.736 
0.016 0.996 0.107 0.975 0.077 
0.022 0.996 0.129 0.968 0.015 
0.018 0.994 0.085 0.970 0.700 
0.015 0.996 0.152 0.975 0.150 
0.014 0.998 0.114 0.958 0.963 
0.013 0.997 0.178 0.955 0.011 
0.010 0.997 0.114 0.980 0.355 
0.018 0.995 0.065 0.975 0.879 
0.022 0.994 0.091 0.968 0.667 
0.016 0.996 0.080 0.975 0.015 
0.021 0.993 0.098 0.980 0.015 
0.014 0.996 0.060 0.975 0.996 
0.020 0.995 0.135 0.963 0.919 
0.011 0.997 0.083 0.983 0.938 
0.011 0.998 0.113 0.960 0.971 
0.030 0.992 0.059 0.988 0.846 
0.018 0.995 0.063 0.983 0.989 
0.017 0.996 0.143 0.950 0.029 
0.012 0.996 0.111 0.960 0.974 
0.021 0.993 0.201 0.968 0.952 
0.012 0.996 0.174 0.970 0.304 
0.016 0.995 0.143 0.960 0.766 
0.014 0.995 0.177 0.953 0.527 
0.028 0.996 0.070 0.980 0.223 
0.014 0.997 0.081 0.980 0.718 
0.018 0.996 0.210 0.930 0.996 
0.008 0.999 0.105 0.975 0.571 
0.021 0.993 0.067 0.980 1.000 
0.011 0.997 0.090 0.973 0.579 
0.026 0.991 0.143 0.953 0.678 
0.019 0.995 0.061 0.983 0.630 
0.016 0.996 0.071 0.973 0.989 
0.008 0.999 0.185 0.963 0.989 
0.023 0.995 0.159 0.953 0.103 
0.020 0.994 0.102 0.963 0.993 
0.014 0.996 0.152 0.953 0.579 
0.018 0.993 0.099 0.963 0.033 
0.019 0.992 0.109 0.955 0.813 
0.012 0.996 0.098 0.975 0.070 
0.018 0.993 0.138 0.978 0.004 
0.011 0.996 0.117 0.973 0.011 
0.009 0.998 0.117 0.958 0.608 
0.031 0.993 0.331 0.950 0.004 
0.010 0.998 0.181 0.965 0.011 
0.027 0.993 0.067 0.983 0.033 
0.029 0.993 0.120 0.955 0.026 
0.008 0.998 0.132 0.963 0.011 
0.015 0.997 0.060 0.983 0.011 
0.010 0.997 0.052 0.985 0.011 
0.013 0.996 0.120 0.975 0.011 
0.011 0.997 0.254 0.950 0.004 
0.014 0.996 0.156 0.973 0.253 
0.006 0.998 0.261 0.960 0.582 
0.016 0.996 0.110 0.973 0.894 
0.025 0.996 0.167 0.953 1.000 
0.019 0.993 0.089 0.970 0.949 
0.016 0.996 0.102 0.958 0.029 
0.011 0.996 0.208 0.948 0.315 
0.022 0.996 0.075 0.970 0.004 
0.018 0.992 0.070 0.965 0.590 
0.020 0.995 0.071 0.978 0.615 
0.019 0.995 0.097 0.978 0.000 
0.021 0.993 0.053 0.980 0.004 
0.019 0.996 0.118 0.953 0.996 
0.028 0.995 0.079 0.980 0.150 
0.018 0.996 0.123 0.980 0.198 
0.016 0.997 0.072 0.988 0.711 
0.022 0.995 0.071 0.973 0.363 
0.017 0.995 0.104 0.970 0.007 
0.018 0.994 0.092 0.968 0.956 
0.016 0.997 0.162 0.958 0.308 
0.010 0.997 0.057 0.983 0.886 
0.014 0.995 0.092 0.980 0.029 
0.009 0.997 0.089 0.983 0.722 
0.026 0.993 0.122 0.958 0.919 
0.019 0.995 0.177 0.958 0.077 
0.008 0.997 0.103 0.965 0.168 
0.014 0.998 0.078 0.978 0.007 
0.016 0.996 0.064 0.980 0.000 
0.036 0.995 0.090 0.970 0.095 
0.017 0.996 0.060 0.980 0.000 
0.017 0.995 0.068 0.978 0.139 
0.020 0.995 0.077 0.975 0.106 
0.015 0.996 0.078 0.980 0.154 
0.011 0.996 0.126 0.958 0.245 
0.018 0.993 0.061 0.983 0.011 
0.016 0.995 0.112 0.975 0.110 
0.015 0.997 0.091 0.978 0.051 
0.017 0.995 0.070 0.980 0.612 
0.016 0.995 0.082 0.980 0.055 
0.024 0.992 0.054 0.980 0.168 
0.009 0.997 0.094 0.980 0.018 
0.012 0.995 0.115 0.963 0.337 
0.012 0.996 0.056 0.980 0.366 
0.010 0.997 0.123 0.963 0.396 
0.010 0.997 0.147 0.973 0.982 
0.011 0.996 0.088 0.983 0.011 
0.034 0.995 0.075 0.980 0.015 
0.019 0.995 0.155 0.970 0.033 
0.011 0.996 0.157 0.980 0.000 
0.015 0.995 0.165 0.975 0.220 
0.013 0.994 0.211 0.975 0.022 
0.013 0.995 0.135 0.975 0.081 
0.012 0.997 0.173 0.973 0.055 
0.014 0.997 0.149 0.983 0.077 
0.019 0.992 0.187 0.958 0.007 
0.023 0.995 0.053 0.983 0.004 
0.015 0.996 0.140 0.973 0.106 
0.018 0.995 0.210 0.948 0.000 
0.024 0.994 0.057 0.983 0.004 
0.012 0.997 0.092 0.968 0.476 
0.011 0.996 0.155 0.973 0.000 
0.017 0.994 0.179 0.943 0.070 
0.015 0.995 0.074 0.978 0.000 
0.015 0.994 0.076 0.980 0.000 
0.018 0.994 0.079 0.968 0.011 
0.008 0.999 0.085 0.970 0.000 
0.018 0.996 0.147 0.973 0.000 
0.021 0.995 0.102 0.958 0.000 
0.021 0.995 0.092 0.968 0.000 
0.012 0.996 0.141 0.970 0.000 
0.013 0.995 0.119 0.978 0.000 
0.012 0.997 0.060 0.983 0.000 
0.007 0.998 0.101 0.968 0.000 
0.018 0.993 0.167 0.960 0.000 
0.012 0.995 0.102 0.978 0.000 
0.019 0.995 0.091 0.975 0.004 
0.017 0.996 0.138 0.980 0.271 
0.017 0.993 0.069 0.980 0.564 
0.013 0.998 0.072 0.983 0.190 
0.012 0.998 0.077 0.983 0.007 
0.012 0.995 0.086 0.973 0.216 
0.024 0.998 0.081 0.988 0.044 
0.024 0.996 0.090 0.975 0.011 
0.043 0.989 0.191 0.975 0.000 
0.040 0.993 0.118 0.960 0.190 
0.009 0.998 0.057 0.983 0.000 
0.015 0.996 0.115 0.980 0.000 
0.027 0.995 0.108 0.963 0.260 
0.018 0.995 0.080 0.970 0.004 
0.019 0.997 0.081 0.965 0.960 
0.022 0.995 0.075 0.973 0.000 
0.013 0.997 0.098 0.978 0.000 
0.015 0.996 0.096 0.973 0.000 
0.018 0.995 0.088 0.978 0.011 
0.020 0.995 0.086 0.960 0.286 
0.007 0.998 0.046 0.988 0.897 
0.020 0.995 0.188 0.960 0.007 
0.008 0.998 0.085 0.980 0.520 
0.016 0.995 0.080 0.968 0.011 
0.016 0.998 0.084 0.983 0.586 
0.016 0.995 0.124 0.980 0.048 
0.015 0.996 0.124 0.980 0.015 
0.019 0.994 0.044 0.988 0.289 
0.010 0.996 0.054 0.983 0.000 
0.012 0.997 0.114 0.975 0.220 
0.014 0.996 0.087 0.965 0.216 
0.015 0.997 0.059 0.978 0.341 
0.007 0.997 0.075 0.988 0.022 
0.016 0.996 0.107 0.960 0.004 
0.017 0.995 0.061 0.985 0.114 
0.012 0.996 0.075 0.993 0.432 
0.029 0.995 0.084 0.965 0.755 
0.019 0.995 0.057 0.985 0.007 
0.026 0.993 0.084 0.978 0.330 
0.020 0.997 0.104 0.953 0.967 
0.012 0.996 0.097 0.970 0.011 
0.015 0.994 0.115 0.973 0.011 
0.014 0.996 0.052 0.985 0.103 
0.011 0.996 0.155 0.958 0.117 
0.013 0.995 0.214 0.980 0.161 
0.008 0.997 0.364 0.968 0.011 
0.036 0.992 0.181 0.945 0.945 
0.011 0.997 0.125 0.980 0.121 
0.014 0.996 0.160 0.958 0.198 
0.027 0.995 0.074 0.973 0.176 
0.017 0.996 0.073 0.980 0.084 
0.016 0.994 0.140 0.950 0.549 
0.010 0.997 0.112 0.983 0.480 
0.010 0.996 0.065 0.980 0.095 
0.017 0.995 0.153 0.965 0.835 
0.017 0.993 0.157 0.978 0.758 
0.010 0.996 0.205 0.980 0.048 
0.024 0.994 0.209 0.930 0.930 
0.019 0.994 0.076 0.978 0.593 
0.009 0.997 0.065 0.980 0.707 
0.024 0.993 0.096 0.975 0.260 
0.010 0.996 0.130 0.975 0.147 
0.016 0.996 0.066 0.983 0.308 
0.016 0.996 0.135 0.970 0.044 
0.010 0.998 0.188 0.968 0.143 
0.019 0.996 0.108 0.973 0.055 
0.025 0.996 0.108 0.975 0.004 
0.028 0.995 0.087 0.968 0.037 
0.008 0.998 0.082 0.968 0.040 
0.008 0.998 0.106 0.968 0.004 
0.009 0.998 0.057 0.980 0.344 
0.011 0.998 0.085 0.980 0.070 
0.016 0.997 0.135 0.955 0.927 
0.026 0.996 0.177 0.958 0.608 
0.024 0.994 0.131 0.953 0.777 
0.021 0.995 0.079 0.975 0.278 
0.009 0.998 0.063 0.975 0.769 
0.013 0.996 0.176 0.950 0.026 
0.015 0.996 0.072 0.973 0.103 
0.016 0.996 0.073 0.965 0.963 
0.008 0.998 0.072 0.978 0.223 
0.020 0.995 0.096 0.970 0.231 
0.022 0.992 0.097 0.968 0.062 
0.033 0.991 0.085 0.965 0.000 
0.016 0.995 0.123 0.955 0.015 
0.013 0.997 0.109 0.953 0.872 
0.019 0.995 0.191 0.932 0.527 
0.023 0.993 0.068 0.980 0.033 
0.009 0.995 0.068 0.975 0.077 
0.008 0.998 0.076 0.968 0.568 
0.007 0.998 0.141 0.963 0.187 
0.015 0.994 0.069 0.980 0.004 
0.019 0.995 0.112 0.960 0.993 
0.016 0.996 0.205 0.953 0.007 
0.012 0.996 0.218 0.963 0.007 
0.015 0.995 0.152 0.960 0.000 
0.014 0.996 0.102 0.978 0.015 
0.012 0.996 0.142 0.953 0.015 
0.012 0.995 0.291 0.953 0.007 
0.020 0.993 0.186 0.970 0.007 
0.004 0.998 0.178 0.980 0.015 
0.012 0.998 0.162 0.978 0.000 
0.010 0.997 0.100 0.978 0.004 
0.022 0.995 0.072 0.983 0.542 
0.014 0.996 0.049 0.983 0.190 
0.021 0.995 0.139 0.973 0.392 
0.015 0.995 0.054 0.985 0.923 
0.028 0.993 0.062 0.983 0.216 
0.009 0.998 0.109 0.960 0.769 
0.010 0.997 0.074 0.980 0.084 
0.027 0.993 0.087 0.963 0.868 
0.017 0.995 0.101 0.958 0.996 
0.008 0.998 0.084 0.978 0.498 
0.012 0.997 0.099 0.973 0.187 
0.015 0.994 0.072 0.970 0.103 
0.026 0.996 0.146 0.970 0.004 
0.009 0.996 0.129 0.980 0.000 
0.023 0.995 0.127 0.978 0.000 
0.014 0.996 0.092 0.968 0.714 
0.011 0.996 0.129 0.963 0.982 
0.013 0.996 0.186 0.983 0.007 
0.010 0.998 0.104 0.960 0.978 
0.011 0.996 0.161 0.970 0.458 
0.011 0.996 0.109 0.970 0.989 
0.021 0.995 0.135 0.968 0.766 
0.011 0.996 0.241 0.978 0.000 
0.017 0.996 0.112 0.980 0.004 
0.033 0.995 0.075 0.978 0.066 
0.009 0.998 0.102 0.985 0.429 
0.036 0.995 0.391 0.922 0.000 
0.024 0.995 0.146 0.965 0.245 
0.013 0.996 0.136 0.980 0.007 
0.014 0.996 0.143 0.980 0.912 
0.018 0.996 0.189 0.963 0.187 
0.010 0.997 0.212 0.948 0.879 
0.021 0.996 0.102 0.980 0.007 
0.014 0.998 0.300 0.945 0.000 
0.016 0.995 0.192 0.970 0.110 
0.012 0.996 0.324 0.970 0.000 
0.026 0.995 0.168 0.960 0.000 
0.017 0.996 0.173 0.960 0.828 
0.012 0.998 0.216 0.958 0.040 
0.030 0.992 0.111 0.960 0.711 
0.019 0.994 0.157 0.958 0.963 
0.013 0.996 0.083 0.965 0.777 
0.019 0.995 0.193 0.953 0.520 
0.015 0.994 0.184 0.965 0.106 
0.004 0.999 0.198 0.963 0.553 
0.008 0.997 0.266 0.955 0.634 
0.013 0.998 0.158 0.968 0.817 
0.017 0.996 0.093 0.978 0.637 
0.018 0.996 0.109 0.975 0.256 
0.020 0.992 0.323 0.980 0.000 
0.026 0.997 0.211 0.965 0.070 
0.023 0.995 0.195 0.955 0.410 
0.014 0.997 0.077 0.968 0.985 
0.006 0.999 0.254 0.980 0.073 
0.027 0.994 0.123 0.978 0.410 
0.008 0.996 0.179 0.980 0.908 
0.010 0.998 0.176 0.968 0.630 
0.010 0.997 0.301 0.978 0.147 
0.022 0.994 0.229 0.973 0.579 
0.019 0.995 0.369 0.978 0.971 
0.027 0.995 0.097 0.980 0.978 
0.021 0.996 0.129 0.963 0.883 
0.012 0.996 0.108 0.973 0.982 
0.007 0.999 0.099 0.970 0.967 
0.011 0.997 0.148 0.963 0.985 
0.023 0.994 0.113 0.963 0.941 
0.030 0.993 0.095 0.965 0.974 
0.021 0.995 0.225 0.973 0.033 
0.013 0.998 0.113 0.963 0.136 
0.014 0.996 0.096 0.970 0.960 
0.013 0.997 0.077 0.973 0.996 
0.021 0.995 0.140 0.955 0.729 
0.025 0.997 0.065 0.983 0.670 
0.019 0.994 0.109 0.953 0.326 
0.009 0.998 0.106 0.968 0.018 
0.019 0.995 0.114 0.955 0.996 
0.013 0.997 0.196 0.953 0.000 
0.017 0.995 0.069 0.983 0.612 
0.012 0.998 0.130 0.960 0.890 
0.012 0.997 0.156 0.958 0.264 
0.011 0.996 0.136 0.963 0.766 
0.011 0.996 0.138 0.980 0.223 
0.028 0.992 0.054 0.983 0.509 
0.021 0.994 0.243 0.963 0.000 
0.026 0.993 0.156 0.980 0.026 
0.012 0.996 0.118 0.983 0.092 
0.012 0.997 0.157 0.965 0.670 
0.021 0.994 0.203 0.958 0.897 
0.018 0.994 0.137 0.973 0.608 
0.020 0.996 0.107 0.968 0.147 
0.012 0.996 0.075 0.985 0.828 
0.018 0.992 0.060 0.983 0.300 
0.014 0.997 0.080 0.968 0.982 
0.045 0.994 0.086 0.978 0.901 
0.010 0.997 0.178 0.960 0.308 
0.020 0.997 0.144 0.965 0.575 
0.006 0.998 0.149 0.968 0.527 
0.023 0.995 0.215 0.960 0.304 
0.015 0.996 0.152 0.983 0.000 
0.009 0.997 0.231 0.973 0.722 
0.004 0.998 0.142 0.983 0.985 
0.017 0.995 0.230 0.953 0.604 
0.013 0.998 0.156 0.958 0.223 
0.019 0.995 0.153 0.980 0.597 
0.010 0.998 0.148 0.980 0.143 
0.016 0.993 0.097 0.975 0.971 
0.021 0.993 0.089 0.965 0.989 
0.012 0.997 0.097 0.968 0.769 
0.020 0.995 0.262 0.938 0.941 
0.014 0.995 0.229 0.958 0.245 
0.008 0.998 0.209 0.958 0.648 
0.009 0.996 0.057 0.985 0.989 
0.028 0.994 0.077 0.980 0.996 
0.025 0.993 0.105 0.975 0.147 
0.022 0.993 0.164 0.960 0.637 
0.008 0.997 0.063 0.980 0.971 
0.017 0.995 0.173 0.978 0.542 
0.018 0.998 0.191 0.968 0.974 
0.009 0.996 0.239 0.978 0.901 
0.016 0.995 0.085 0.970 1.000 
0.023 0.995 0.325 0.950 0.703 
0.011 0.996 0.108 0.985 0.725 
0.010 0.996 0.186 0.983 0.095 
0.008 0.998 0.068 0.978 0.960 
0.025 0.996 0.107 0.978 0.015 
0.006 0.999 0.215 0.973 0.007 
0.014 0.996 0.157 0.975 0.388 
0.020 0.994 0.048 0.983 0.205 
0.014 0.995 0.109 0.963 0.040 
0.012 0.996 0.213 0.950 0.993 
0.011 0.997 0.155 0.965 0.711 
0.011 0.996 0.264 0.978 0.974 
0.007 0.997 0.109 0.980 1.000 
0.042 0.992 0.085 0.970 0.996 
0.015 0.996 0.101 0.980 0.447 
0.007 0.998 0.114 0.975 0.919 
0.013 0.995 0.068 0.973 1.000 
0.011 0.997 0.136 0.965 0.278 
0.016 0.996 0.137 0.953 0.967 
0.016 0.994 0.154 0.953 0.374 
0.012 0.998 0.160 0.948 0.971 
0.005 0.998 0.269 0.950 0.403 
0.014 0.996 0.071 0.978 0.963 
0.011 0.997 0.144 0.978 0.396 
0.007 0.999 0.158 0.965 0.278 
0.018 0.995 0.076 0.970 0.784 
0.011 0.997 0.086 0.965 0.275 
0.006 0.998 0.250 0.948 0.996 
0.014 0.995 0.252 0.955 0.084 
0.017 0.995 0.154 0.955 1.000 
0.009 0.998 0.222 0.965 0.216 
0.006 0.998 0.203 0.950 0.971 
0.006 0.998 0.213 0.983 0.440 
0.016 0.997 0.256 0.978 0.022 
0.016 0.996 0.188 0.975 0.004 
0.014 0.997 0.189 0.970 0.044 
0.013 0.996 0.293 0.980 0.004 
0.019 0.995 0.298 0.970 0.018 
0.013 0.995 0.323 0.948 0.106 
0.017 0.997 0.182 0.948 0.425 
0.013 0.996 0.084 0.970 0.524 
0.013 0.998 0.089 0.968 0.952 
0.009 0.998 0.122 0.965 0.601 
0.018 0.996 0.121 0.958 0.963 
0.034 0.995 0.242 0.965 0.040 
0.013 0.997 0.138 0.978 0.081 
0.022 0.994 0.146 0.973 0.048 
0.013 0.996 0.148 0.963 0.553 
0.015 0.995 0.168 0.955 0.692 
0.013 0.996 0.222 0.953 0.037 
0.022 0.995 0.774 0.965 0.007 
0.021 0.995 0.131 0.963 0.788 
0.028 0.993 0.290 0.973 0.114 
0.016 0.996 0.326 0.975 0.227 
0.010 0.997 0.281 0.978 0.011 
0.007 0.998 0.299 0.970 0.659 
0.025 0.996 0.131 0.965 0.103 
0.014 0.996 0.129 0.965 0.725 
0.015 0.995 0.139 0.955 0.894 
0.015 0.995 0.145 0.965 0.623 
0.018 0.995 0.151 0.955 0.462 
0.011 0.996 0.228 0.965 0.000 
0.015 0.995 0.154 0.975 0.637 
0.013 0.995 0.301 0.930 0.846 
0.016 0.996 0.130 0.978 0.179 
0.010 0.997 0.083 0.983 0.311 
0.020 0.996 0.191 0.978 1.000 
0.013 0.995 0.319 0.948 0.601 
0.009 0.997 0.250 0.943 0.993 
0.011 0.998 0.329 0.975 0.692 
0.012 0.995 0.206 0.980 0.125 
0.023 0.994 0.095 0.980 0.011 
0.020 0.995 0.198 0.960 0.026 
0.010 0.998 0.238 0.978 0.007 
0.016 0.996 0.200 0.948 0.381 
0.014 0.995 0.134 0.980 0.125 
0.018 0.996 0.198 0.963 0.015 
0.018 0.996 0.157 0.978 0.201 
0.012 0.996 0.289 0.950 0.044 
0.009 0.998 0.244 0.965 0.015 
0.007 0.997 0.213 0.978 0.004 
0.036 0.992 0.224 0.975 0.004 
0.015 0.995 0.227 0.963 0.161 
0.008 0.997 0.431 0.938 0.004 
0.017 0.995 0.095 0.988 0.007 
0.017 0.995 0.197 0.953 0.132 
0.010 0.998 0.113 0.983 0.004 
0.007 0.998 0.149 0.978 0.004 
0.027 0.995 0.127 0.965 0.264 
0.015 0.995 0.258 0.945 0.000 
0.004 0.999 0.257 0.963 0.000 
0.006 0.998 0.294 0.978 0.000 
0.006 0.997 0.243 0.978 0.011 
0.019 0.996 0.269 0.970 0.216 
0.027 0.995 0.877 0.948 0.015 
0.032 0.995 0.093 0.970 0.982 
0.024 0.995 0.082 0.980 0.000 
0.019 0.996 0.054 0.983 0.084 
0.007 0.997 0.219 0.950 0.791 
0.021 0.995 0.176 0.960 0.670 
0.012 0.996 0.273 0.963 0.231 
0.027 0.994 0.120 0.980 0.095 
0.014 0.996 0.150 0.970 0.751 
0.022 0.995 0.083 0.973 0.447 
0.009 0.998 0.141 0.978 0.579 
0.016 0.995 0.194 0.968 0.231 
0.016 0.997 0.116 0.965 0.681 
0.015 0.997 0.231 0.948 0.077 
0.009 0.996 0.215 0.950 0.088 
0.012 0.996 0.223 0.965 0.564 
0.011 0.997 0.067 0.983 0.989 
0.017 0.997 0.136 0.978 0.022 
0.024 0.996 0.083 0.973 0.879 
0.030 0.996 0.206 0.973 0.033 
0.006 0.999 0.189 0.983 0.451 
0.012 0.995 0.324 0.965 0.062 
0.017 0.996 0.075 0.980 0.729 
0.005 0.998 0.183 0.978 0.293 
0.009 0.997 0.200 0.980 0.348 
0.006 0.998 0.147 0.980 0.952 
0.016 0.996 0.122 0.985 0.982 
0.010 0.998 0.131 0.970 0.989 
0.015 0.996 0.118 0.975 0.751 
0.009 0.998 0.418 0.935 0.758 
0.022 0.994 0.290 0.978 0.311 
0.022 0.995 0.124 0.978 0.850 
0.021 0.996 0.356 0.973 0.040 
0.013 0.996 0.214 0.955 0.832 
0.012 0.996 0.306 0.948 0.996 
0.015 0.993 0.166 0.965 0.154 
0.009 0.998 0.340 0.953 0.612 
0.007 0.999 0.232 0.978 0.037 
0.010 0.997 0.466 0.948 0.004 
0.011 0.997 0.463 0.968 0.055 
0.029 0.995 0.189 0.970 0.557 
0.018 0.996 0.418 0.973 0.062 
0.018 0.995 0.451 0.970 0.033 
0.013 0.996 0.414 0.978 0.399 
0.006 0.998 0.493 0.948 0.597 
0.017 0.996 0.291 0.983 0.121 
0.005 0.998 0.427 0.973 0.363 
0.016 0.995 0.353 0.958 0.473 
0.022 0.996 0.413 0.907 0.549 
0.021 0.994 0.225 0.980 0.227 
0.025 0.995 0.262 0.963 0.484 
0.014 0.997 0.102 0.973 0.520 
0.028 0.994 0.105 0.973 0.099 
0.016 0.995 0.182 0.970 0.264 
0.010 0.996 0.226 0.970 0.026 
0.009 0.997 0.253 0.970 0.026 
0.015 0.994 0.430 0.978 0.007 
0.013 0.997 0.119 0.968 0.538 
0.006 0.998 0.139 0.978 0.458 
0.012 0.996 0.238 0.960 0.037 
0.009 0.997 0.149 0.978 0.601 
0.023 0.992 0.270 0.973 0.055 
0.008 0.996 0.539 0.973 0.000 
0.013 0.996 0.472 0.950 0.414 
0.018 0.996 0.117 0.955 0.242 
0.005 0.999 0.215 0.963 0.231 
0.019 0.995 0.202 0.968 0.092 
0.019 0.996 0.195 0.980 0.048 
0.013 0.995 0.219 0.965 0.593 
0.015 0.997 0.342 0.975 0.374 
0.011 0.996 0.287 0.980 0.311 
0.016 0.996 0.364 0.980 0.183 
0.021 0.993 0.312 0.948 0.711 
0.016 0.996 0.220 0.978 0.659 
0.015 0.995 0.482 0.973 0.256 
0.015 0.996 0.490 0.973 0.018 
0.014 0.996 0.425 0.950 0.037 
0.026 0.996 0.152 0.970 0.147 
0.011 0.995 0.157 0.975 0.015 
0.006 0.998 0.219 0.960 0.172 
0.014 0.996 0.228 0.965 0.018 
0.011 0.996 0.313 0.978 0.073 
0.016 0.995 0.395 0.953 0.165 
0.043 0.994 0.153 0.968 0.249 
0.007 0.998 0.282 0.965 0.363 
0.012 0.995 0.380 0.973 0.117 
0.006 0.999 0.322 0.973 0.007 
0.015 0.997 0.293 0.980 0.011 
0.005 0.999 0.330 0.955 0.648 
0.016 0.996 0.396 0.953 0.044 
0.013 0.996 0.376 0.963 0.136 
0.022 0.996 0.107 0.975 0.582 
0.019 0.994 0.163 0.973 0.538 
0.017 0.996 0.179 0.973 0.033 
0.004 0.999 0.184 0.980 0.165 
0.016 0.995 0.221 0.973 0.374 
0.001 0.999 0.373 0.980 0.029 
0.010 0.996 0.464 0.953 0.103 
0.007 0.996 0.230 0.953 0.733 
0.017 0.995 0.469 0.975 0.158 
0.049 0.991 0.309 0.965 0.051 
0.009 0.997 0.379 0.978 0.000 
0.014 0.996 0.307 0.973 0.029 
0.008 0.996 0.249 0.985 0.121 
0.024 0.995 0.299 0.953 0.011 
0.023 0.994 0.155 0.978 0.139 
0.007 0.997 0.143 0.978 0.223 
0.003 0.999 0.200 0.968 0.311 
0.013 0.998 0.149 0.978 0.015 
0.014 0.996 0.238 0.958 0.484 
0.025 0.995 0.395 0.935 0.421 
0.015 0.997 0.220 0.965 0.077 
0.015 0.995 0.172 0.968 0.147 
0.007 0.998 0.238 0.973 0.073 
0.017 0.996 0.178 0.978 0.015 
0.015 0.997 0.160 0.980 0.256 
0.010 0.998 0.243 0.978 0.015 
0.011 0.996 0.359 0.940 0.084 
0.026 0.993 0.339 0.930 0.993 
0.009 0.997 0.378 0.970 0.011 
0.005 0.997 0.394 0.970 0.165 
0.020 0.996 0.211 0.978 0.469 
0.005 0.998 0.252 0.983 0.454 
0.003 0.998 0.346 0.950 0.938 
0.013 0.996 0.183 0.978 0.205 
0.015 0.998 0.196 0.960 0.242 
0.010 0.997 0.150 0.965 0.436 
0.010 0.998 0.120 0.968 0.777 
0.007 0.998 0.800 0.943 0.004 
