0.320 0.862 0.212 0.902 0.611 
0.189 0.940 0.152 0.950 0.948 
0.154 0.949 0.190 0.922 0.938 
0.131 0.954 0.135 0.940 0.775 
0.149 0.945 0.225 0.900 1.000 
0.134 0.959 0.181 0.948 0.961 
0.108 0.962 0.117 0.953 0.938 
0.101 0.961 0.121 0.960 0.971 
0.086 0.970 0.120 0.948 1.000 
0.102 0.966 0.140 0.943 0.951 
0.068 0.977 0.132 0.955 0.961 
0.074 0.972 0.095 0.975 1.000 
0.088 0.976 0.101 0.968 0.990 
0.070 0.978 0.141 0.945 0.997 
0.072 0.976 0.100 0.973 0.990 
0.073 0.980 0.093 0.975 1.000 
0.070 0.978 0.102 0.968 1.000 
0.070 0.975 0.107 0.970 0.905 
0.063 0.981 0.086 0.980 1.000 
0.057 0.980 0.090 0.980 1.000 
0.084 0.973 0.087 0.980 1.000 
0.056 0.981 0.089 0.983 1.000 
0.071 0.978 0.080 0.983 1.000 
0.058 0.985 0.088 0.980 0.993 
0.064 0.979 0.079 0.978 1.000 
0.057 0.985 0.055 0.988 0.977 
0.051 0.985 0.105 0.973 1.000 
0.058 0.981 0.093 0.980 0.997 
0.056 0.982 0.093 0.980 1.000 
0.055 0.982 0.077 0.983 1.000 
0.043 0.985 0.056 0.988 0.984 
0.061 0.979 0.094 0.975 1.000 
0.049 0.984 0.081 0.980 0.974 
0.061 0.981 0.073 0.985 0.922 
0.048 0.987 0.077 0.980 1.000 
0.058 0.982 0.106 0.973 0.866 
0.037 0.987 0.067 0.985 1.000 
0.045 0.988 0.083 0.980 1.000 
0.041 0.985 0.076 0.978 1.000 
0.051 0.984 0.074 0.983 0.948 
0.047 0.988 0.088 0.975 0.984 
0.046 0.986 0.084 0.978 0.993 
0.049 0.985 0.078 0.985 1.000 
0.043 0.990 0.070 0.985 0.971 
0.045 0.985 0.095 0.978 1.000 
0.044 0.985 0.069 0.988 0.654 
0.058 0.984 0.085 0.978 0.993 
0.047 0.988 0.073 0.983 0.748 
0.044 0.985 0.060 0.985 1.000 
0.038 0.990 0.056 0.988 0.993 
0.050 0.987 0.073 0.980 0.876 
0.068 0.980 0.104 0.973 1.000 
0.049 0.984 0.091 0.985 0.886 
0.042 0.988 0.070 0.983 0.954 
0.037 0.986 0.069 0.985 0.971 
0.039 0.986 0.080 0.985 0.997 
0.045 0.987 0.093 0.973 1.000 
0.041 0.984 0.084 0.980 1.000 
0.030 0.992 0.060 0.985 1.000 
0.044 0.988 0.113 0.958 0.993 
0.043 0.989 0.076 0.985 1.000 
0.046 0.985 0.095 0.978 0.997 
0.038 0.987 0.064 0.988 0.886 
0.037 0.985 0.093 0.973 1.000 
0.032 0.991 0.069 0.983 1.000 
0.061 0.987 0.075 0.978 1.000 
0.036 0.990 0.079 0.978 1.000 
0.036 0.991 0.066 0.985 1.000 
0.043 0.990 0.174 0.950 1.000 
0.027 0.994 0.076 0.978 0.938 
0.047 0.986 0.076 0.980 0.925 
0.027 0.991 0.107 0.970 0.990 
0.035 0.988 0.072 0.988 1.000 
0.037 0.988 0.066 0.988 1.000 
0.019 0.994 0.106 0.973 1.000 
0.032 0.988 0.064 0.988 0.997 
0.030 0.992 0.071 0.983 1.000 
0.037 0.989 0.085 0.980 0.631 
0.033 0.991 0.081 0.985 1.000 
0.030 0.990 0.069 0.985 1.000 
0.026 0.994 0.065 0.988 1.000 
0.041 0.988 0.084 0.978 0.944 
0.029 0.993 0.060 0.990 0.771 
0.031 0.990 0.102 0.970 0.997 
0.045 0.987 0.066 0.985 0.997 
0.033 0.989 0.065 0.983 1.000 
0.029 0.991 0.069 0.978 1.000 
0.026 0.994 0.089 0.978 1.000 
0.033 0.992 0.073 0.983 1.000 
0.028 0.990 0.108 0.968 1.000 
0.017 0.994 0.062 0.988 1.000 
0.045 0.986 0.058 0.988 0.637 
0.025 0.992 0.071 0.985 0.876 
0.027 0.989 0.059 0.990 0.964 
0.026 0.991 0.064 0.988 0.732 
0.030 0.991 0.073 0.985 1.000 
0.023 0.994 0.081 0.985 0.990 
0.037 0.988 0.103 0.973 0.928 
0.027 0.990 0.060 0.985 1.000 
0.029 0.990 0.056 0.988 1.000 
0.075 0.984 0.066 0.985 0.997 
0.026 0.993 0.074 0.985 0.958 
0.018 0.994 0.061 0.990 0.049 
0.037 0.991 0.069 0.983 0.997 
0.042 0.989 0.068 0.980 0.997 
0.025 0.993 0.065 0.990 0.078 
0.027 0.992 0.087 0.983 0.722 
0.033 0.991 0.080 0.980 0.918 
0.024 0.994 0.068 0.985 0.598 
0.043 0.988 0.075 0.985 0.363 
0.028 0.993 0.070 0.985 1.000 
0.020 0.995 0.053 0.990 0.324 
0.029 0.991 0.057 0.988 1.000 
0.022 0.993 0.064 0.983 0.663 
0.039 0.990 0.102 0.975 1.000 
0.039 0.989 0.074 0.980 0.552 
0.026 0.995 0.055 0.988 0.990 
0.033 0.991 0.063 0.983 1.000 
0.027 0.991 0.055 0.985 1.000 
0.031 0.991 0.068 0.980 1.000 
0.028 0.992 0.054 0.988 1.000 
0.032 0.991 0.058 0.985 0.908 
0.033 0.993 0.053 0.985 0.268 
0.024 0.994 0.076 0.980 1.000 
0.036 0.989 0.060 0.985 1.000 
0.027 0.990 0.059 0.985 0.987 
0.032 0.992 0.052 0.988 0.961 
0.022 0.995 0.054 0.988 0.993 
0.033 0.992 0.065 0.983 1.000 
0.036 0.991 0.093 0.975 1.000 
0.027 0.994 0.076 0.985 0.997 
0.038 0.989 0.129 0.963 1.000 
0.025 0.991 0.131 0.968 1.000 
0.021 0.997 0.071 0.983 0.997 
0.030 0.990 0.089 0.980 0.990 
0.030 0.993 0.102 0.965 1.000 
0.039 0.992 0.062 0.988 1.000 
0.031 0.993 0.085 0.980 1.000 
0.025 0.989 0.052 0.990 1.000 
0.029 0.991 0.062 0.985 1.000 
0.035 0.992 0.071 0.980 1.000 
0.034 0.991 0.060 0.988 1.000 
0.034 0.991 0.067 0.985 0.997 
0.020 0.995 0.070 0.988 1.000 
0.024 0.997 0.056 0.988 0.641 
0.029 0.990 0.059 0.988 0.977 
0.031 0.991 0.061 0.980 0.997 
0.022 0.993 0.058 0.985 1.000 
0.028 0.990 0.071 0.990 0.984 
0.022 0.994 0.076 0.980 0.873 
0.028 0.990 0.086 0.980 1.000 
0.023 0.991 0.065 0.985 0.990 
0.021 0.994 0.077 0.983 0.984 
0.026 0.992 0.071 0.980 0.899 
0.024 0.993 0.060 0.985 0.990 
0.026 0.994 0.066 0.985 0.993 
0.019 0.993 0.050 0.990 0.755 
0.027 0.991 0.061 0.985 0.993 
0.028 0.991 0.057 0.988 0.853 
0.036 0.988 0.055 0.990 0.964 
0.028 0.993 0.055 0.990 0.993 
0.024 0.992 0.074 0.983 0.905 
0.016 0.995 0.071 0.990 0.993 
0.023 0.993 0.086 0.985 0.990 
0.025 0.991 0.065 0.988 0.856 
0.015 0.994 0.056 0.985 0.993 
0.037 0.988 0.073 0.983 1.000 
0.021 0.995 0.075 0.985 0.990 
0.021 0.995 0.078 0.988 0.771 
0.026 0.991 0.064 0.990 0.993 
0.026 0.993 0.075 0.988 1.000 
0.019 0.993 0.099 0.983 1.000 
0.018 0.995 0.078 0.985 0.987 
0.033 0.997 0.059 0.990 0.938 
0.033 0.990 0.075 0.988 0.954 
0.012 0.995 0.077 0.988 0.993 
0.023 0.993 0.063 0.985 1.000 
0.018 0.994 0.055 0.988 0.987 
0.020 0.994 0.064 0.988 0.980 
0.011 0.998 0.051 0.990 0.938 
0.013 0.995 0.059 0.988 0.964 
0.026 0.992 0.084 0.983 1.000 
0.028 0.992 0.067 0.988 0.990 
0.029 0.994 0.100 0.958 1.000 
0.026 0.991 0.080 0.983 0.997 
0.025 0.993 0.064 0.983 0.997 
0.026 0.994 0.052 0.985 1.000 
0.027 0.991 0.084 0.983 1.000 
0.017 0.995 0.055 0.988 0.997 
0.040 0.989 0.062 0.990 0.948 
0.023 0.990 0.054 0.990 0.993 
0.020 0.995 0.050 0.993 1.000 
0.031 0.993 0.051 0.990 0.964 
0.022 0.993 0.069 0.988 0.990 
0.019 0.993 0.094 0.993 0.928 
0.032 0.989 0.066 0.990 0.993 
0.019 0.995 0.065 0.983 1.000 
0.026 0.991 0.064 0.988 1.000 
0.020 0.995 0.051 0.993 1.000 
0.027 0.991 0.083 0.980 0.997 
0.023 0.993 0.060 0.990 0.993 
0.029 0.993 0.055 0.990 0.912 
0.028 0.993 0.058 0.990 0.993 
0.023 0.993 0.069 0.985 0.974 
0.024 0.993 0.054 0.993 1.000 
0.020 0.994 0.062 0.988 0.768 
0.030 0.992 0.046 0.993 0.990 
0.017 0.996 0.052 0.990 0.582 
0.028 0.991 0.053 0.993 0.853 
0.029 0.990 0.054 0.990 0.722 
0.028 0.993 0.067 0.983 0.964 
0.019 0.994 0.115 0.960 0.912 
0.022 0.990 0.072 0.980 0.801 
0.014 0.997 0.077 0.983 0.997 
0.021 0.995 0.054 0.993 0.987 
0.016 0.992 0.057 0.990 0.974 
0.019 0.997 0.046 0.990 0.618 
0.026 0.994 0.050 0.990 0.778 
0.012 0.997 0.054 0.985 0.997 
0.045 0.989 0.059 0.988 0.866 
0.023 0.993 0.049 0.993 0.850 
0.018 0.995 0.053 0.988 0.993 
0.020 0.996 0.049 0.990 1.000 
0.023 0.995 0.055 0.990 0.997 
0.026 0.991 0.063 0.993 0.771 
0.020 0.995 0.055 0.988 0.997 
0.015 0.994 0.053 0.990 0.990 
0.022 0.993 0.071 0.983 1.000 
0.020 0.994 0.048 0.990 0.990 
0.024 0.996 0.051 0.990 0.971 
0.018 0.994 0.044 0.990 0.810 
0.020 0.994 0.065 0.983 0.984 
0.012 0.995 0.066 0.980 0.984 
0.025 0.992 0.055 0.988 0.980 
0.018 0.994 0.081 0.978 0.993 
0.016 0.994 0.064 0.993 0.598 
0.033 0.992 0.046 0.993 0.990 
0.016 0.995 0.052 0.993 0.428 
0.019 0.997 0.057 0.985 0.984 
0.022 0.993 0.050 0.990 1.000 
0.027 0.993 0.075 0.983 1.000 
0.027 0.992 0.053 0.993 1.000 
0.015 0.995 0.054 0.990 0.993 
0.019 0.994 0.062 0.983 1.000 
0.026 0.991 0.051 0.990 0.993 
0.014 0.995 0.055 0.988 0.993 
0.013 0.995 0.066 0.985 0.993 
0.028 0.993 0.059 0.993 1.000 
0.015 0.994 0.077 0.990 0.980 
0.021 0.995 0.069 0.990 0.938 
0.020 0.994 0.067 0.993 0.784 
0.025 0.993 0.070 0.988 0.990 
0.023 0.994 0.054 0.988 1.000 
0.024 0.994 0.075 0.993 1.000 
0.023 0.991 0.052 0.988 1.000 
0.024 0.991 0.077 0.983 1.000 
0.017 0.993 0.056 0.990 1.000 
0.018 0.994 0.064 0.990 1.000 
0.024 0.994 0.061 0.990 0.997 
0.011 0.997 0.061 0.990 1.000 
0.036 0.987 0.064 0.990 1.000 
0.022 0.993 0.062 0.993 1.000 
0.018 0.994 0.059 0.990 0.993 
0.012 0.997 0.064 0.993 0.997 
0.014 0.996 0.060 0.993 1.000 
0.016 0.994 0.084 0.990 1.000 
0.029 0.991 0.065 0.993 0.993 
0.019 0.992 0.075 0.990 1.000 
0.034 0.991 0.090 0.978 1.000 
0.012 0.997 0.112 0.990 1.000 
0.019 0.997 0.071 0.990 0.993 
0.033 0.992 0.070 0.988 1.000 
0.018 0.994 0.087 0.980 0.987 
0.012 0.994 0.096 0.988 0.987 
0.013 0.995 0.069 0.990 1.000 
0.019 0.995 0.065 0.993 0.863 
0.015 0.997 0.050 0.993 0.990 
0.020 0.995 0.065 0.990 0.977 
0.021 0.992 0.074 0.990 0.997 
0.018 0.995 0.121 0.990 0.846 
0.028 0.992 0.093 0.985 0.908 
0.018 0.996 0.073 0.988 0.997 
0.012 0.997 0.070 0.988 1.000 
0.033 0.990 0.083 0.988 0.993 
0.016 0.995 0.064 0.985 1.000 
0.023 0.993 0.088 0.983 1.000 
0.016 0.995 0.082 0.988 1.000 
0.019 0.992 0.081 0.988 1.000 
0.012 0.997 0.083 0.985 0.859 
0.018 0.997 0.068 0.993 0.987 
0.019 0.995 0.089 0.983 1.000 
0.023 0.992 0.087 0.985 0.990 
0.036 0.988 0.133 0.988 0.990 
0.028 0.995 0.107 0.975 1.000 
0.014 0.996 0.085 0.990 1.000 
0.018 0.994 0.115 0.990 0.993 
0.018 0.997 0.084 0.983 1.000 
0.015 0.995 0.089 0.990 0.951 
0.021 0.993 0.094 0.978 1.000 
0.014 0.994 0.066 0.993 0.912 
0.023 0.995 0.064 0.990 1.000 
0.024 0.993 0.074 0.985 1.000 
0.018 0.995 0.080 0.990 1.000 
0.017 0.995 0.081 0.988 1.000 
0.021 0.992 0.094 0.985 0.997 
0.016 0.995 0.079 0.985 1.000 
0.018 0.993 0.077 0.988 0.997 
0.014 0.995 0.126 0.988 1.000 
0.044 0.994 0.099 0.980 0.990 
0.020 0.993 0.090 0.988 1.000 
0.012 0.997 0.085 0.990 1.000 
0.023 0.994 0.088 0.983 1.000 
0.023 0.996 0.089 0.973 0.990 
0.023 0.993 0.069 0.990 1.000 
0.030 0.991 0.066 0.990 1.000 
0.016 0.993 0.093 0.978 1.000 
0.013 0.997 0.089 0.990 1.000 
0.026 0.994 0.090 0.985 0.993 
0.018 0.993 0.080 0.988 1.000 
0.015 0.994 0.073 0.990 1.000 
0.022 0.994 0.064 0.990 1.000 
0.019 0.995 0.070 0.988 1.000 
0.018 0.994 0.087 0.985 1.000 
0.011 0.997 0.099 0.988 0.974 
0.039 0.993 0.062 0.990 1.000 
0.015 0.994 0.069 0.990 0.974 
0.013 0.997 0.113 0.985 0.993 
0.014 0.996 0.060 0.993 1.000 
0.018 0.995 0.053 0.993 0.997 
0.016 0.996 0.081 0.985 0.876 
0.016 0.995 0.063 0.990 0.993 
0.024 0.993 0.087 0.990 0.993 
0.011 0.997 0.059 0.990 1.000 
0.014 0.996 0.127 0.975 1.000 
0.012 0.995 0.137 0.983 1.000 
0.028 0.991 0.088 0.985 1.000 
0.021 0.996 0.122 0.985 0.990 
0.029 0.994 0.102 0.988 1.000 
0.015 0.994 0.062 0.990 1.000 
0.023 0.994 0.057 0.993 0.993 
0.013 0.997 0.060 0.993 0.863 
0.021 0.995 0.064 0.990 0.954 
0.013 0.995 0.062 0.993 0.980 
0.012 0.997 0.097 0.988 1.000 
0.023 0.994 0.085 0.988 1.000 
0.016 0.996 0.078 0.990 0.980 
0.018 0.994 0.073 0.988 1.000 
0.021 0.993 0.145 0.970 1.000 
0.016 0.994 0.066 0.985 1.000 
0.016 0.994 0.099 0.970 1.000 
0.027 0.993 0.071 0.988 1.000 
0.023 0.994 0.074 0.980 1.000 
0.017 0.993 0.057 0.993 0.964 
0.017 0.995 0.070 0.993 0.987 
0.011 0.996 0.061 0.993 1.000 
0.015 0.996 0.061 0.990 0.987 
0.018 0.993 0.073 0.983 0.990 
0.008 0.998 0.086 0.980 0.993 
0.015 0.995 0.097 0.990 0.990 
0.018 0.994 0.073 0.988 1.000 
0.015 0.995 0.089 0.985 0.905 
0.010 0.998 0.138 0.985 0.977 
0.014 0.996 0.190 0.985 0.830 
0.034 0.991 0.059 0.993 0.980 
0.013 0.997 0.070 0.988 0.997 
0.008 0.998 0.076 0.988 1.000 
0.022 0.994 0.093 0.988 0.987 
0.066 0.990 0.075 0.988 0.977 
0.016 0.996 0.066 0.985 1.000 
0.012 0.998 0.059 0.988 1.000 
0.017 0.994 0.067 0.990 1.000 
0.020 0.993 0.085 0.993 0.974 
0.034 0.995 0.054 0.990 1.000 
0.017 0.995 0.059 0.990 1.000 
0.027 0.993 0.055 0.990 1.000 
0.017 0.996 0.052 0.988 1.000 
0.017 0.994 0.060 0.993 1.000 
0.016 0.994 0.063 0.990 1.000 
0.012 0.994 0.065 0.990 1.000 
0.015 0.995 0.084 0.993 0.993 
0.012 0.997 0.084 0.988 1.000 
0.017 0.995 0.084 0.988 1.000 
0.015 0.995 0.060 0.990 1.000 
0.014 0.995 0.077 0.990 1.000 
0.017 0.994 0.079 0.983 1.000 
0.024 0.991 0.074 0.988 0.984 
0.015 0.998 0.057 0.993 0.993 
0.013 0.997 0.059 0.988 1.000 
0.022 0.992 0.115 0.990 0.987 
0.012 0.995 0.111 0.988 0.997 
0.019 0.993 0.097 0.993 1.000 
0.016 0.995 0.076 0.993 0.984 
0.011 0.995 0.057 0.990 0.993 
0.014 0.995 0.103 0.990 0.993 
0.022 0.994 0.186 0.980 1.000 
0.061 0.989 0.090 0.985 1.000 
0.012 0.995 0.103 0.970 1.000 
0.024 0.991 0.058 0.993 1.000 
0.015 0.995 0.047 0.990 0.997 
0.020 0.994 0.065 0.990 0.997 
0.004 0.999 0.074 0.993 0.987 
0.019 0.994 0.065 0.993 0.997 
0.006 0.997 0.086 0.985 1.000 
0.032 0.994 0.069 0.990 1.000 
0.019 0.995 0.072 0.990 1.000 
0.007 0.998 0.077 0.993 1.000 
0.015 0.994 0.110 0.980 1.000 
0.047 0.988 0.080 0.990 1.000 
0.023 0.993 0.104 0.990 1.000 
0.040 0.989 0.066 0.990 1.000 
0.009 0.997 0.063 0.990 1.000 
0.014 0.997 0.064 0.990 1.000 
0.014 0.997 0.067 0.993 1.000 
0.014 0.997 0.124 0.985 1.000 
0.017 0.996 0.062 0.990 1.000 
0.013 0.995 0.070 0.990 1.000 
0.024 0.994 0.068 0.990 1.000 
0.023 0.992 0.071 0.990 1.000 
0.017 0.995 0.062 0.993 1.000 
0.022 0.993 0.063 0.993 1.000 
0.007 0.998 0.072 0.993 1.000 
0.020 0.995 0.043 0.993 1.000 
0.016 0.995 0.053 0.990 1.000 
0.014 0.997 0.064 0.993 1.000 
0.022 0.993 0.064 0.993 1.000 
0.026 0.992 0.065 0.990 1.000 
0.016 0.994 0.073 0.993 1.000 
0.015 0.993 0.075 0.990 1.000 
0.025 0.995 0.065 0.990 1.000 
0.020 0.995 0.065 0.990 0.990 
0.013 0.997 0.075 0.995 0.997 
0.022 0.995 0.053 0.993 0.997 
0.024 0.993 0.066 0.993 0.980 
0.018 0.994 0.068 0.993 1.000 
0.012 0.996 0.079 0.993 1.000 
0.017 0.994 0.081 0.993 0.958 
0.017 0.994 0.060 0.993 1.000 
0.022 0.994 0.060 0.993 0.997 
0.014 0.997 0.067 0.993 0.993 
0.020 0.995 0.053 0.993 0.990 
0.015 0.995 0.059 0.993 0.990 
0.011 0.995 0.059 0.993 0.997 
0.008 0.995 0.073 0.990 1.000 
0.018 0.997 0.053 0.990 0.990 
0.012 0.997 0.128 0.973 0.997 
0.027 0.991 0.052 0.988 1.000 
0.012 0.995 0.077 0.985 1.000 
0.009 0.997 0.080 0.990 0.997 
0.023 0.995 0.054 0.988 1.000 
0.014 0.995 0.073 0.990 1.000 
0.018 0.995 0.080 0.990 1.000 
0.014 0.996 0.077 0.990 1.000 
0.017 0.995 0.064 0.990 1.000 
0.017 0.993 0.073 0.988 0.997 
0.015 0.995 0.071 0.990 1.000 
0.026 0.995 0.081 0.985 0.971 
0.010 0.995 0.079 0.990 1.000 
0.020 0.994 0.068 0.990 1.000 
0.014 0.995 0.068 0.990 1.000 
0.022 0.997 0.082 0.990 0.997 
0.012 0.998 0.047 0.995 1.000 
0.011 0.997 0.046 0.993 1.000 
0.008 0.997 0.048 0.993 1.000 
0.021 0.992 0.064 0.988 0.997 
0.017 0.994 0.056 0.993 0.990 
0.021 0.993 0.078 0.990 0.997 
0.015 0.995 0.072 0.990 1.000 
0.015 0.995 0.074 0.993 1.000 
0.011 0.995 0.077 0.993 0.997 
0.017 0.994 0.136 0.985 1.000 
0.020 0.994 0.098 0.993 1.000 
0.014 0.997 0.124 0.990 1.000 
0.012 0.995 0.102 0.990 1.000 
0.027 0.994 0.101 0.990 1.000 
0.013 0.995 0.134 0.993 1.000 
0.017 0.995 0.100 0.993 1.000 
0.022 0.994 0.107 0.988 0.990 
0.018 0.996 0.056 0.990 0.997 
0.008 0.998 0.081 0.975 1.000 
0.013 0.997 0.056 0.993 0.993 
0.027 0.993 0.064 0.988 1.000 
0.011 0.998 0.055 0.993 0.993 
0.014 0.998 0.112 0.990 0.980 
0.022 0.994 0.087 0.983 1.000 
0.023 0.994 0.050 0.990 1.000 
0.016 0.995 0.090 0.990 1.000 
0.015 0.995 0.100 0.988 0.987 
0.010 0.998 0.102 0.993 1.000 
0.015 0.996 0.097 0.993 0.984 
0.016 0.994 0.090 0.993 0.997 
0.020 0.996 0.073 0.990 0.990 
0.010 0.997 0.076 0.993 1.000 
0.014 0.993 0.083 0.988 1.000 
0.011 0.997 0.089 0.993 1.000 
0.020 0.995 0.068 0.990 1.000 
0.014 0.996 0.078 0.993 1.000 
0.014 0.994 0.081 0.993 1.000 
0.014 0.994 0.075 0.993 1.000 
0.029 0.995 0.074 0.993 0.997 
0.017 0.997 0.071 0.990 0.997 
0.010 0.996 0.072 0.993 0.993 
0.006 0.998 0.076 0.995 0.997 
0.011 0.997 0.093 0.995 0.954 
0.014 0.994 0.078 0.985 1.000 
0.013 0.995 0.082 0.993 1.000 
0.009 0.997 0.119 0.990 0.990 
0.017 0.995 0.065 0.993 1.000 
0.022 0.996 0.041 0.990 0.984 
0.014 0.995 0.044 0.993 1.000 
0.018 0.995 0.051 0.993 0.974 
0.009 0.997 0.098 0.988 0.993 
0.027 0.993 0.134 0.980 1.000 
0.016 0.994 0.062 0.993 0.997 
0.014 0.995 0.058 0.993 1.000 
0.013 0.996 0.057 0.993 1.000 
0.020 0.994 0.044 0.993 0.997 
0.011 0.995 0.056 0.993 1.000 
0.019 0.995 0.068 0.993 0.899 
0.018 0.997 0.045 0.993 0.997 
0.024 0.994 0.056 0.993 1.000 
0.025 0.993 0.044 0.990 1.000 
0.012 0.997 0.052 0.995 1.000 
0.015 0.994 0.053 0.990 1.000 
0.017 0.994 0.055 0.990 0.997 
0.012 0.998 0.041 0.993 0.997 
0.026 0.995 0.058 0.993 0.993 
0.008 0.997 0.067 0.993 0.987 
0.026 0.995 0.049 0.993 0.993 
0.018 0.995 0.051 0.993 0.993 
0.016 0.996 0.089 0.993 0.993 
0.038 0.994 0.054 0.990 1.000 
0.020 0.993 0.051 0.993 0.990 
0.009 0.997 0.049 0.990 1.000 
0.012 0.995 0.052 0.995 1.000 
0.014 0.996 0.050 0.993 1.000 
0.020 0.995 0.061 0.988 1.000 
0.013 0.996 0.067 0.993 1.000 
0.015 0.995 0.058 0.993 0.993 
0.011 0.998 0.043 0.990 1.000 
0.018 0.994 0.063 0.995 1.000 
0.016 0.996 0.054 0.990 1.000 
0.005 0.999 0.070 0.990 1.000 
0.008 0.997 0.106 0.988 1.000 
0.021 0.994 0.183 0.968 1.000 
0.027 0.993 0.135 0.985 0.997 
0.013 0.997 0.172 0.993 0.993 
0.013 0.995 0.111 0.993 1.000 
0.021 0.994 0.115 0.993 0.997 
0.018 0.997 0.101 0.993 0.977 
0.029 0.992 0.078 0.990 0.990 
0.015 0.995 0.069 0.988 1.000 
0.006 0.998 0.104 0.993 0.993 
0.014 0.996 0.095 0.993 0.984 
0.019 0.995 0.074 0.993 1.000 
0.018 0.994 0.071 0.993 1.000 
0.021 0.995 0.072 0.993 1.000 
0.014 0.996 0.135 0.990 0.997 
0.017 0.997 0.116 0.993 1.000 
0.020 0.995 0.106 0.993 0.997 
0.010 0.997 0.122 0.990 1.000 
0.010 0.997 0.095 0.990 0.984 
0.010 0.998 0.121 0.995 0.993 
0.016 0.997 0.107 0.993 0.974 
0.030 0.993 0.055 0.995 0.997 
0.013 0.995 0.060 0.993 0.997 
0.015 0.993 0.081 0.990 1.000 
0.003 0.998 0.127 0.988 0.824 
0.017 0.994 0.086 0.993 0.977 
0.013 0.996 0.062 0.990 0.993 
0.015 0.994 0.069 0.993 0.997 
0.004 0.998 0.088 0.995 0.997 
0.015 0.996 0.060 0.993 0.997 
0.013 0.997 0.063 0.993 1.000 
0.014 0.995 0.058 0.990 1.000 
0.019 0.995 0.049 0.990 1.000 
0.021 0.993 0.088 0.993 0.997 
0.017 0.994 0.107 0.990 1.000 
0.023 0.995 0.138 0.978 1.000 
0.010 0.998 0.144 0.995 0.993 
0.024 0.997 0.087 0.995 0.993 
0.011 0.997 0.088 0.993 0.984 
0.025 0.995 0.082 0.988 0.912 
0.005 0.998 0.075 0.993 0.931 
0.022 0.993 0.060 0.980 0.993 
0.010 0.997 0.051 0.993 0.993 
0.011 0.997 0.056 0.993 1.000 
0.019 0.994 0.054 0.990 1.000 
0.007 0.998 0.087 0.990 0.922 
0.004 0.999 0.095 0.990 0.967 
0.015 0.997 0.076 0.990 0.987 
0.017 0.994 0.127 0.983 0.922 
0.019 0.994 0.068 0.990 0.980 
0.013 0.997 0.071 0.985 1.000 
0.014 0.997 0.070 0.990 0.974 
0.009 0.998 0.083 0.990 0.997 
0.006 0.998 0.115 0.993 1.000 
0.014 0.996 0.080 0.995 0.990 
0.004 0.999 0.138 0.985 0.997 
0.012 0.996 0.104 0.993 0.967 
0.012 0.998 0.073 0.993 0.958 
0.016 0.997 0.094 0.993 0.977 
0.011 0.996 0.099 0.993 0.918 
0.014 0.995 0.080 0.993 0.951 
0.008 0.998 0.080 0.990 0.961 
0.012 0.996 0.082 0.990 0.993 
0.010 0.998 0.083 0.993 0.971 
0.008 0.998 0.094 0.993 0.980 
0.023 0.993 0.278 0.993 0.598 
0.034 0.994 0.136 0.995 0.987 
0.024 0.994 0.129 0.993 1.000 
0.012 0.997 0.155 0.993 0.997 
0.008 0.999 0.189 0.995 0.971 
0.041 0.994 0.089 0.993 1.000 
0.011 0.997 0.145 0.995 0.993 
0.023 0.995 0.092 0.993 1.000 
0.014 0.996 0.111 0.988 0.990 
0.015 0.995 0.137 0.990 0.990 
0.012 0.994 0.138 0.990 0.990 
0.020 0.995 0.096 0.993 0.984 
0.022 0.994 0.145 0.993 0.987 
0.017 0.994 0.202 0.970 0.967 
0.009 0.997 0.100 0.990 1.000 
0.012 0.997 0.126 0.990 0.997 
0.012 0.996 0.130 0.993 0.990 
0.020 0.995 0.120 0.990 0.984 
0.010 0.997 0.154 0.983 0.987 
0.026 0.997 0.067 0.990 0.984 
0.024 0.995 0.101 0.993 0.984 
0.013 0.995 0.088 0.993 1.000 
0.021 0.995 0.105 0.990 0.974 
0.008 0.997 0.101 0.978 1.000 
0.009 0.997 0.093 0.978 1.000 
0.035 0.991 0.059 0.990 0.997 
0.037 0.992 0.091 0.990 0.997 
0.019 0.995 0.069 0.990 0.977 
0.014 0.996 0.075 0.990 0.987 
0.019 0.994 0.090 0.993 0.948 
0.020 0.998 0.069 0.983 0.997 
0.016 0.995 0.073 0.983 0.984 
0.013 0.996 0.063 0.993 0.987 
0.012 0.998 0.068 0.993 0.980 
0.021 0.994 0.098 0.985 0.971 
0.017 0.996 0.043 0.993 0.997 
0.007 0.998 0.064 0.993 0.977 
0.014 0.995 0.086 0.993 0.791 
0.013 0.994 0.082 0.993 0.980 
0.008 0.997 0.095 0.993 0.895 
0.010 0.998 0.082 0.993 0.993 
0.006 0.998 0.128 0.990 0.935 
0.020 0.995 0.069 0.993 0.990 
0.012 0.996 0.090 0.993 0.993 
0.010 0.997 0.096 0.985 0.990 
0.032 0.993 0.114 0.993 0.974 
0.020 0.993 0.100 0.993 0.961 
0.015 0.996 0.078 0.993 0.941 
0.011 0.998 0.068 0.993 0.971 
0.013 0.997 0.084 0.988 1.000 
0.010 0.997 0.099 0.990 0.997 
0.016 0.997 0.097 0.993 0.997 
0.012 0.995 0.094 0.990 0.997 
0.014 0.997 0.085 0.990 0.977 
0.009 0.997 0.080 0.993 1.000 
0.013 0.997 0.081 0.993 0.990 
0.015 0.996 0.082 0.985 0.997 
0.030 0.993 0.061 0.990 0.987 
0.013 0.996 0.092 0.990 0.974 
0.007 0.997 0.139 0.993 0.974 
0.013 0.997 0.103 0.993 0.974 
0.021 0.994 0.091 0.993 0.997 
0.023 0.994 0.104 0.993 0.833 
0.014 0.997 0.099 0.988 0.993 
0.019 0.993 0.125 0.993 0.977 
0.010 0.995 0.152 0.993 0.967 
0.013 0.998 0.098 0.993 0.987 
0.013 0.995 0.098 0.985 1.000 
0.012 0.997 0.115 0.993 0.997 
0.021 0.996 0.050 0.993 0.990 
0.015 0.995 0.060 0.990 0.984 
0.010 0.996 0.064 0.988 0.987 
0.017 0.995 0.091 0.988 1.000 
0.023 0.995 0.072 0.993 0.980 
0.016 0.993 0.082 0.993 0.993 
0.020 0.993 0.075 0.993 0.977 
0.028 0.993 0.143 0.993 0.925 
0.007 0.998 0.124 0.993 0.990 
0.024 0.993 0.212 0.990 0.817 
0.030 0.995 0.171 0.993 0.931 
0.014 0.995 0.148 0.990 0.987 
0.021 0.995 0.149 0.990 0.980 
0.016 0.994 0.128 0.988 0.987 
0.050 0.994 0.078 0.983 1.000 
0.022 0.993 0.108 0.983 1.000 
0.013 0.996 0.100 0.988 1.000 
0.015 0.995 0.124 0.990 0.974 
0.023 0.996 0.085 0.990 1.000 
0.017 0.994 0.101 0.990 0.980 
0.021 0.994 0.103 0.983 1.000 
0.012 0.997 0.094 0.993 0.997 
0.014 0.995 0.100 0.993 0.980 
0.007 0.997 0.083 0.993 0.997 
0.018 0.995 0.057 0.993 0.997 
0.007 0.998 0.081 0.985 0.997 
0.014 0.994 0.081 0.993 0.997 
0.027 0.993 0.077 0.993 1.000 
0.016 0.995 0.070 0.993 1.000 
0.013 0.994 0.087 0.993 1.000 
0.019 0.997 0.057 0.993 0.997 
0.016 0.997 0.068 0.993 1.000 
0.012 0.995 0.054 0.993 1.000 
0.019 0.995 0.075 0.993 0.987 
0.013 0.994 0.113 0.993 0.980 
0.020 0.993 0.090 0.993 0.984 
0.008 0.997 0.174 0.993 0.958 
0.017 0.994 0.087 0.993 0.997 
0.009 0.997 0.131 0.993 1.000 
0.013 0.997 0.088 0.993 0.990 
0.011 0.997 0.139 0.993 0.990 
0.018 0.997 0.102 0.988 1.000 
0.011 0.997 0.167 0.993 0.997 
0.012 0.997 0.121 0.993 0.997 
0.012 0.997 0.137 0.993 1.000 
0.022 0.997 0.059 0.990 1.000 
0.012 0.997 0.088 0.990 1.000 
0.029 0.993 0.060 0.990 1.000 
0.005 0.999 0.069 0.993 1.000 
0.013 0.998 0.088 0.975 1.000 
0.004 0.999 0.068 0.993 0.993 
0.013 0.997 0.067 0.993 0.990 
0.023 0.995 0.069 0.985 1.000 
0.011 0.995 0.079 0.988 1.000 
0.019 0.996 0.093 0.990 1.000 
0.014 0.997 0.075 0.985 1.000 
0.020 0.995 0.077 0.993 1.000 
0.007 0.998 0.092 0.993 1.000 
0.032 0.994 0.065 0.990 0.993 
0.039 0.994 0.042 0.990 1.000 
0.008 0.998 0.056 0.993 0.997 
0.019 0.995 0.076 0.995 1.000 
0.012 0.997 0.081 0.995 1.000 
0.022 0.995 0.108 0.978 1.000 
0.012 0.995 0.061 0.995 1.000 
0.017 0.993 0.052 0.993 1.000 
0.009 0.997 0.064 0.995 1.000 
0.015 0.994 0.061 0.990 1.000 
0.022 0.997 0.047 0.990 0.997 
0.019 0.994 0.054 0.990 1.000 
0.020 0.995 0.058 0.993 0.997 
0.010 0.997 0.062 0.993 0.993 
0.017 0.994 0.081 0.980 0.997 
0.010 0.997 0.061 0.993 0.984 
0.018 0.994 0.102 0.993 0.997 
0.022 0.995 0.066 0.993 0.997 
0.006 0.998 0.075 0.993 1.000 
0.011 0.997 0.105 0.983 1.000 
0.016 0.996 0.072 0.993 0.997 
0.011 0.997 0.112 0.983 0.948 
0.012 0.995 0.079 0.993 1.000 
0.015 0.995 0.085 0.993 0.997 
0.007 0.997 0.115 0.990 0.997 
0.009 0.997 0.102 0.990 1.000 
0.020 0.994 0.080 0.988 1.000 
0.012 0.995 0.123 0.988 0.997 
0.020 0.995 0.071 0.993 1.000 
0.008 0.998 0.056 0.993 1.000 
0.020 0.995 0.093 0.993 1.000 
0.006 0.997 0.092 0.993 1.000 
0.013 0.997 0.084 0.993 1.000 
0.023 0.995 0.060 0.993 1.000 
0.031 0.995 0.052 0.993 1.000 
0.013 0.995 0.070 0.993 0.997 
0.012 0.996 0.069 0.995 1.000 
0.008 0.997 0.095 0.990 1.000 
0.013 0.997 0.061 0.993 1.000 
0.007 0.999 0.061 0.993 1.000 
0.019 0.995 0.060 0.993 1.000 
0.012 0.997 0.097 0.985 1.000 
0.016 0.995 0.078 0.993 1.000 
0.014 0.996 0.079 0.993 1.000 
0.009 0.998 0.083 0.990 1.000 
0.011 0.997 0.088 0.993 0.993 
0.006 0.998 0.125 0.993 0.997 
0.016 0.997 0.073 0.990 1.000 
0.019 0.993 0.075 0.990 0.997 
0.008 0.997 0.054 0.993 0.997 
0.010 0.997 0.084 0.990 0.993 
0.015 0.996 0.066 0.993 1.000 
0.018 0.996 0.058 0.993 0.984 
0.016 0.995 0.075 0.985 0.984 
0.012 0.995 0.081 0.993 1.000 
0.011 0.997 0.091 0.988 1.000 
0.012 0.996 0.084 0.993 1.000 
0.010 0.997 0.076 0.990 1.000 
0.017 0.995 0.069 0.990 1.000 
0.017 0.995 0.084 0.993 1.000 
0.020 0.994 0.059 0.990 0.993 
0.013 0.996 0.053 0.993 0.997 
0.004 0.999 0.078 0.993 1.000 
0.014 0.997 0.054 0.993 0.997 
0.009 0.998 0.076 0.990 1.000 
0.017 0.995 0.081 0.995 0.984 
0.022 0.993 0.072 0.993 1.000 
0.014 0.995 0.064 0.985 0.997 
0.012 0.997 0.087 0.993 1.000 
0.024 0.993 0.057 0.993 0.997 
0.028 0.994 0.083 0.993 0.951 
0.018 0.995 0.074 0.990 1.000 
0.009 0.998 0.057 0.993 1.000 
0.028 0.996 0.055 0.993 0.997 
0.005 0.998 0.059 0.993 1.000 
0.014 0.997 0.057 0.985 1.000 
0.010 0.997 0.059 0.993 1.000 
0.019 0.995 0.103 0.993 0.997 
0.007 0.997 0.103 0.990 1.000 
0.017 0.995 0.062 0.993 0.997 
0.014 0.995 0.088 0.993 0.993 
0.012 0.996 0.097 0.993 0.997 
0.020 0.998 0.048 0.993 0.993 
0.013 0.995 0.094 0.983 0.993 
0.014 0.997 0.075 0.993 1.000 
0.009 0.998 0.062 0.990 1.000 
0.017 0.995 0.074 0.990 1.000 
0.023 0.995 0.079 0.993 0.997 
0.014 0.995 0.086 0.993 1.000 
0.011 0.996 0.076 0.993 0.997 
0.003 0.999 0.117 0.988 1.000 
0.009 0.995 0.106 0.993 0.997 
0.011 0.997 0.088 0.983 1.000 
0.017 0.996 0.168 0.993 0.993 
0.009 0.998 0.092 0.993 1.000 
0.010 0.997 0.096 0.988 1.000 
0.016 0.995 0.099 0.993 1.000 
0.015 0.995 0.100 0.993 0.997 
0.010 0.998 0.098 0.993 0.993 
0.021 0.993 0.072 0.993 1.000 
0.008 0.997 0.104 0.993 0.997 
0.010 0.997 0.075 0.993 1.000 
0.019 0.994 0.218 0.945 0.993 
0.022 0.993 0.103 0.995 1.000 
0.014 0.996 0.068 0.990 1.000 
0.006 0.997 0.103 0.993 1.000 
0.010 0.997 0.071 0.993 0.997 
0.006 0.997 0.069 0.990 0.993 
0.028 0.994 0.084 0.993 0.997 
0.018 0.995 0.069 0.995 1.000 
0.007 0.997 0.105 0.993 1.000 
0.013 0.998 0.113 0.993 1.000 
0.015 0.997 0.054 0.993 1.000 
0.015 0.994 0.069 0.993 1.000 
0.023 0.996 0.051 0.993 1.000 
0.018 0.996 0.074 0.980 1.000 
0.025 0.995 0.063 0.990 1.000 
0.005 0.998 0.060 0.993 1.000 
0.020 0.997 0.095 0.993 1.000 
0.013 0.997 0.077 0.988 0.990 
0.016 0.995 0.053 0.993 1.000 
0.016 0.996 0.079 0.988 1.000 
0.007 0.997 0.084 0.988 1.000 
0.012 0.995 0.100 0.990 0.997 
0.020 0.995 0.041 0.993 1.000 
0.014 0.995 0.061 0.990 0.990 
0.016 0.994 0.087 0.985 0.997 
0.014 0.995 0.064 0.993 0.997 
0.023 0.994 0.053 0.990 0.997 
0.015 0.995 0.050 0.993 0.997 
0.015 0.995 0.085 0.993 0.993 
0.013 0.996 0.063 0.993 0.997 
0.008 0.998 0.067 0.993 0.993 
0.016 0.996 0.074 0.988 0.997 
0.019 0.994 0.085 0.993 0.997 
0.023 0.994 0.070 0.993 0.997 
0.024 0.994 0.077 0.988 0.990 
0.012 0.997 0.071 0.993 0.993 
0.008 0.998 0.091 0.990 0.977 
0.009 0.998 0.084 0.993 0.997 
0.009 0.997 0.093 0.993 0.997 
0.028 0.995 0.068 0.993 1.000 
0.009 0.997 0.101 0.993 1.000 
0.009 0.997 0.095 0.993 0.997 
0.021 0.994 0.077 0.993 0.997 
0.010 0.995 0.111 0.993 0.997 
0.015 0.995 0.094 0.993 1.000 
0.032 0.991 0.135 0.993 0.977 
0.012 0.997 0.120 0.993 0.997 
0.008 0.997 0.081 0.988 1.000 
0.014 0.995 0.101 0.993 0.997 
0.011 0.996 0.114 0.990 0.997 
0.022 0.995 0.102 0.993 1.000 
0.031 0.992 0.069 0.993 1.000 
0.014 0.996 0.075 0.988 0.997 
0.011 0.996 0.125 0.993 1.000 
0.031 0.994 0.048 0.990 0.993 
0.013 0.997 0.053 0.988 1.000 
0.011 0.997 0.064 0.993 0.997 
0.021 0.992 0.149 0.980 1.000 
0.015 0.995 0.082 0.993 1.000 
0.008 0.998 0.092 0.993 1.000 
0.009 0.996 0.080 0.993 1.000 
0.025 0.995 0.247 0.973 0.997 
0.024 0.994 0.082 0.993 1.000 
0.004 0.999 0.108 0.993 0.993 
0.015 0.997 0.057 0.993 1.000 
0.011 0.996 0.136 0.993 1.000 
0.010 0.996 0.126 0.990 0.997 
0.010 0.997 0.173 0.993 0.997 
0.032 0.992 0.081 0.993 1.000 
0.014 0.994 0.095 0.993 0.997 
0.013 0.998 0.117 0.993 1.000 
0.015 0.995 0.138 0.993 0.997 
0.010 0.997 0.149 0.993 0.997 
0.015 0.996 0.169 0.993 0.993 
0.020 0.995 0.137 0.983 0.938 
0.012 0.995 0.152 0.993 1.000 
0.006 0.997 0.241 0.993 0.997 
0.032 0.991 0.124 0.983 0.993 
0.032 0.992 0.060 0.990 0.997 
0.012 0.996 0.113 0.993 0.997 
0.005 0.998 0.196 0.963 1.000 
0.017 0.996 0.095 0.990 0.997 
0.016 0.997 0.129 0.993 0.997 
0.009 0.998 0.104 0.990 0.997 
0.016 0.995 0.106 0.993 0.990 
0.009 0.997 0.179 0.985 0.990 
0.019 0.995 0.048 0.993 0.997 
0.014 0.997 0.062 0.993 0.997 
0.020 0.995 0.077 0.993 0.997 
0.011 0.994 0.081 0.990 0.997 
0.036 0.992 0.076 0.993 0.990 
0.033 0.994 0.087 0.993 1.000 
0.009 0.997 0.074 0.993 1.000 
0.010 0.997 0.068 0.993 1.000 
0.014 0.996 0.080 0.988 0.997 
0.008 0.997 0.110 0.993 0.974 
0.021 0.995 0.055 0.990 1.000 
0.012 0.997 0.066 0.993 0.997 
0.014 0.996 0.072 0.993 0.990 
0.012 0.997 0.071 0.980 0.997 
0.010 0.997 0.087 0.993 0.993 
0.017 0.995 0.081 0.990 0.958 
0.011 0.997 0.108 0.993 0.984 
0.013 0.997 0.090 0.993 0.984 
0.020 0.995 0.084 0.993 0.993 
0.005 0.999 0.102 0.993 0.997 
0.008 0.998 0.131 0.993 0.993 
0.016 0.997 0.107 0.993 0.997 
0.011 0.995 0.130 0.993 0.980 
0.011 0.996 0.121 0.993 0.997 
0.010 0.998 0.159 0.990 0.997 
0.028 0.996 0.133 0.988 0.984 
0.014 0.996 0.096 0.990 0.997 
0.007 0.998 0.096 0.990 0.990 
0.020 0.994 0.137 0.988 0.997 
0.012 0.997 0.171 0.990 0.997 
0.014 0.997 0.138 0.993 0.997 
0.004 0.999 0.138 0.993 0.997 
0.009 0.997 0.143 0.990 0.997 
0.027 0.997 0.094 0.990 0.997 
0.005 0.998 0.064 0.993 0.997 
0.029 0.991 0.093 0.990 1.000 
0.016 0.998 0.119 0.990 0.993 
0.043 0.990 0.067 0.990 0.993 
0.008 0.997 0.067 0.990 0.993 
0.006 0.998 0.091 0.993 0.997 
0.006 0.997 0.083 0.990 0.997 
0.011 0.997 0.077 0.993 0.997 
0.012 0.997 0.113 0.993 0.997 
0.017 0.993 0.088 0.985 0.990 
0.025 0.991 0.091 0.993 1.000 
0.009 0.996 0.098 0.988 1.000 
0.017 0.993 0.110 0.990 0.997 
0.007 0.997 0.125 0.993 0.997 
0.013 0.997 0.099 0.993 1.000 
0.015 0.995 0.115 0.993 0.997 
0.021 0.997 0.085 0.993 1.000 
0.026 0.994 0.073 0.990 0.993 
0.017 0.994 0.113 0.993 0.997 
0.011 0.997 0.123 0.993 0.997 
0.017 0.995 0.059 0.993 1.000 
0.008 0.998 0.092 0.993 1.000 
0.019 0.993 0.116 0.990 0.997 
0.021 0.995 0.048 0.995 1.000 
0.013 0.996 0.076 0.993 0.987 
0.004 0.998 0.138 0.993 0.974 
0.019 0.995 0.103 0.990 0.980 
0.008 0.998 0.076 0.990 0.997 
0.016 0.995 0.095 0.993 0.993 
0.015 0.995 0.115 0.993 0.974 
0.007 0.998 0.118 0.993 0.980 
0.021 0.995 0.083 0.993 0.984 
0.012 0.997 0.127 0.993 0.997 
0.018 0.997 0.128 0.990 0.977 
0.015 0.996 0.150 0.993 0.699 
0.034 0.996 0.367 0.990 0.977 
0.056 0.997 0.115 0.993 0.990 
0.013 0.995 0.107 0.995 0.984 
0.025 0.994 0.083 0.995 0.980 
0.006 0.999 0.105 0.993 0.964 
0.014 0.995 0.075 0.993 0.990 
0.034 0.992 0.062 0.993 0.990 
0.015 0.996 0.074 0.993 0.993 
0.007 0.998 0.079 0.993 0.993 
