0.293 0.883 0.271 0.915 1.000 
0.180 0.937 0.175 0.945 1.000 
0.139 0.947 0.139 0.965 1.000 
0.140 0.958 0.160 0.938 1.000 
0.114 0.965 0.086 0.988 1.000 
0.108 0.970 0.145 0.945 1.000 
0.122 0.961 0.124 0.968 1.000 
0.099 0.967 0.137 0.965 1.000 
0.118 0.965 0.159 0.940 1.000 
0.092 0.972 0.110 0.965 1.000 
0.096 0.969 0.077 0.978 1.000 
0.095 0.967 0.175 0.925 1.000 
0.058 0.979 0.090 0.968 0.982 
0.078 0.973 0.125 0.955 1.000 
0.059 0.982 0.082 0.970 0.978 
0.065 0.980 0.126 0.958 0.906 
0.088 0.977 0.273 0.920 0.051 
0.079 0.977 0.093 0.963 1.000 
0.065 0.978 0.091 0.978 0.986 
0.059 0.983 0.092 0.990 1.000 
0.056 0.979 0.132 0.953 0.960 
0.065 0.980 0.120 0.960 0.978 
0.057 0.981 0.082 0.970 0.986 
0.059 0.981 0.058 0.988 0.675 
0.063 0.984 0.130 0.955 0.874 
0.058 0.983 0.105 0.963 0.563 
0.063 0.977 0.110 0.960 0.899 
0.052 0.986 0.131 0.963 0.993 
0.041 0.988 0.079 0.978 1.000 
0.050 0.986 0.070 0.978 1.000 
0.055 0.985 0.064 0.985 1.000 
0.053 0.986 0.071 0.978 1.000 
0.063 0.984 0.096 0.963 0.996 
0.049 0.986 0.053 0.988 1.000 
0.052 0.980 0.074 0.983 1.000 
0.042 0.988 0.077 0.975 1.000 
0.044 0.988 0.111 0.963 0.913 
0.060 0.983 0.071 0.983 1.000 
0.047 0.987 0.063 0.980 1.000 
0.059 0.984 0.054 0.993 1.000 
0.043 0.986 0.067 0.985 0.993 
0.040 0.986 0.067 0.980 1.000 
0.049 0.987 0.104 0.958 1.000 
0.051 0.984 0.050 0.988 1.000 
0.051 0.986 0.058 0.988 1.000 
0.050 0.984 0.094 0.963 1.000 
0.039 0.989 0.087 0.965 1.000 
0.047 0.985 0.070 0.980 1.000 
0.053 0.983 0.068 0.978 0.971 
0.048 0.985 0.063 0.988 1.000 
0.041 0.989 0.064 0.983 1.000 
0.041 0.990 0.075 0.975 1.000 
0.032 0.991 0.063 0.980 0.996 
0.046 0.989 0.091 0.968 0.935 
0.043 0.990 0.054 0.988 0.975 
0.039 0.989 0.069 0.980 1.000 
0.050 0.985 0.052 0.993 0.007 
0.035 0.992 0.127 0.963 0.884 
0.034 0.988 0.091 0.970 0.996 
0.043 0.986 0.113 0.963 1.000 
0.039 0.990 0.113 0.960 0.975 
0.034 0.988 0.137 0.955 0.989 
0.036 0.988 0.050 0.990 0.852 
0.039 0.988 0.087 0.963 1.000 
0.041 0.989 0.108 0.963 0.863 
0.037 0.989 0.100 0.960 1.000 
0.038 0.990 0.110 0.960 1.000 
0.040 0.988 0.083 0.970 1.000 
0.042 0.988 0.075 0.968 1.000 
0.031 0.991 0.061 0.983 0.989 
0.044 0.990 0.084 0.970 1.000 
0.042 0.990 0.064 0.983 1.000 
0.039 0.989 0.084 0.968 0.993 
0.041 0.989 0.118 0.958 0.993 
0.041 0.987 0.101 0.963 1.000 
0.036 0.992 0.052 0.988 1.000 
0.043 0.986 0.089 0.960 0.949 
0.036 0.991 0.148 0.958 1.000 
0.032 0.992 0.058 0.985 1.000 
0.041 0.987 0.091 0.968 0.978 
0.032 0.993 0.083 0.968 1.000 
0.027 0.992 0.134 0.955 1.000 
0.038 0.986 0.071 0.978 1.000 
0.029 0.993 0.160 0.943 1.000 
0.036 0.989 0.067 0.980 1.000 
0.033 0.991 0.125 0.950 1.000 
0.040 0.989 0.070 0.978 1.000 
0.034 0.991 0.062 0.988 1.000 
0.027 0.992 0.070 0.978 1.000 
0.034 0.989 0.164 0.932 1.000 
0.029 0.993 0.093 0.970 0.986 
0.033 0.989 0.100 0.968 1.000 
0.035 0.990 0.066 0.983 1.000 
0.040 0.988 0.054 0.985 1.000 
0.038 0.989 0.095 0.968 0.949 
0.029 0.990 0.072 0.975 1.000 
0.025 0.992 0.061 0.988 1.000 
0.028 0.993 0.073 0.980 1.000 
0.038 0.989 0.116 0.963 1.000 
0.022 0.993 0.069 0.980 1.000 
0.028 0.990 0.098 0.968 1.000 
0.025 0.995 0.100 0.973 1.000 
0.050 0.987 0.092 0.965 1.000 
0.028 0.992 0.088 0.970 1.000 
0.028 0.991 0.102 0.965 1.000 
0.028 0.993 0.122 0.965 1.000 
0.023 0.992 0.077 0.978 0.996 
0.031 0.992 0.115 0.965 0.996 
0.023 0.993 0.079 0.978 1.000 
0.039 0.989 0.066 0.980 0.993 
0.030 0.991 0.077 0.975 0.964 
0.034 0.991 0.049 0.993 0.996 
0.024 0.992 0.098 0.973 0.469 
0.030 0.991 0.073 0.975 1.000 
0.021 0.994 0.123 0.960 0.996 
0.040 0.988 0.093 0.968 0.978 
0.031 0.989 0.108 0.960 1.000 
0.030 0.992 0.073 0.975 0.996 
0.030 0.990 0.056 0.985 0.744 
0.022 0.994 0.053 0.988 0.978 
0.027 0.992 0.100 0.965 0.989 
0.024 0.991 0.177 0.943 0.993 
0.027 0.992 0.205 0.938 0.931 
0.023 0.992 0.076 0.980 1.000 
0.024 0.993 0.096 0.963 0.996 
0.030 0.992 0.138 0.950 0.996 
0.029 0.990 0.163 0.940 1.000 
0.025 0.994 0.145 0.932 1.000 
0.026 0.992 0.089 0.968 1.000 
0.026 0.993 0.091 0.970 1.000 
0.025 0.989 0.048 0.993 1.000 
0.019 0.995 0.085 0.975 1.000 
0.026 0.992 0.087 0.973 0.996 
0.018 0.994 0.106 0.968 1.000 
0.030 0.995 0.088 0.970 1.000 
0.036 0.990 0.144 0.945 0.939 
0.029 0.992 0.197 0.925 1.000 
0.032 0.989 0.090 0.970 1.000 
0.035 0.990 0.185 0.930 1.000 
0.026 0.992 0.114 0.965 1.000 
0.020 0.994 0.173 0.943 1.000 
0.026 0.991 0.158 0.950 1.000 
0.029 0.993 0.088 0.970 1.000 
0.028 0.991 0.101 0.970 1.000 
0.023 0.992 0.114 0.968 0.993 
0.026 0.993 0.074 0.980 0.993 
0.024 0.992 0.083 0.970 1.000 
0.032 0.989 0.130 0.955 1.000 
0.020 0.992 0.105 0.963 1.000 
0.021 0.993 0.085 0.973 1.000 
0.055 0.988 0.076 0.983 0.982 
0.025 0.995 0.123 0.968 1.000 
0.022 0.996 0.168 0.945 0.996 
0.027 0.990 0.107 0.965 1.000 
0.037 0.991 0.231 0.910 0.971 
0.024 0.993 0.109 0.968 1.000 
0.023 0.991 0.088 0.980 1.000 
0.030 0.993 0.087 0.968 1.000 
0.027 0.993 0.154 0.943 1.000 
0.023 0.993 0.136 0.960 1.000 
0.025 0.993 0.130 0.955 1.000 
0.019 0.995 0.110 0.963 1.000 
0.025 0.992 0.088 0.973 1.000 
0.028 0.991 0.136 0.963 0.996 
0.028 0.993 0.146 0.955 1.000 
0.029 0.992 0.154 0.955 0.996 
0.028 0.990 0.106 0.970 1.000 
0.025 0.991 0.114 0.965 1.000 
0.020 0.995 0.114 0.970 1.000 
0.019 0.995 0.141 0.955 0.996 
0.029 0.993 0.129 0.963 0.928 
0.027 0.990 0.139 0.953 1.000 
0.033 0.991 0.127 0.978 1.000 
0.026 0.993 0.200 0.938 1.000 
0.031 0.992 0.166 0.955 0.996 
0.026 0.993 0.086 0.973 0.996 
0.022 0.994 0.073 0.980 1.000 
0.019 0.995 0.077 0.973 1.000 
0.025 0.992 0.140 0.960 0.993 
0.023 0.993 0.264 0.915 0.899 
0.028 0.991 0.145 0.963 1.000 
0.032 0.989 0.103 0.970 0.996 
0.020 0.996 0.203 0.935 0.906 
0.020 0.995 0.078 0.980 1.000 
0.017 0.995 0.177 0.960 1.000 
0.022 0.997 0.160 0.955 0.996 
0.026 0.992 0.216 0.932 0.993 
0.020 0.993 0.124 0.965 1.000 
0.019 0.995 0.210 0.935 0.993 
0.023 0.992 0.169 0.938 1.000 
0.025 0.992 0.099 0.970 1.000 
0.025 0.994 0.205 0.935 0.993 
0.022 0.993 0.163 0.950 0.993 
0.031 0.991 0.100 0.973 1.000 
0.025 0.992 0.127 0.958 1.000 
0.016 0.996 0.182 0.932 1.000 
0.023 0.992 0.312 0.917 1.000 
0.032 0.992 0.176 0.922 0.978 
0.019 0.994 0.206 0.938 0.982 
0.014 0.996 0.199 0.953 0.978 
0.024 0.994 0.138 0.955 1.000 
0.016 0.995 0.243 0.935 0.993 
0.028 0.993 0.071 0.975 1.000 
0.025 0.992 0.085 0.975 0.993 
0.025 0.994 0.179 0.943 1.000 
0.021 0.993 0.129 0.985 1.000 
0.030 0.991 0.083 0.973 1.000 
0.022 0.994 0.090 0.970 1.000 
0.019 0.995 0.130 0.968 1.000 
0.025 0.995 0.169 0.948 1.000 
0.021 0.993 0.102 0.975 1.000 
0.015 0.997 0.134 0.963 1.000 
0.023 0.995 0.132 0.958 1.000 
0.025 0.994 0.062 0.983 1.000 
0.022 0.993 0.061 0.990 1.000 
0.020 0.995 0.236 0.955 0.982 
0.028 0.991 0.074 0.980 1.000 
0.021 0.994 0.123 0.968 1.000 
0.012 0.995 0.099 0.975 1.000 
0.022 0.992 0.134 0.958 1.000 
0.020 0.995 0.134 0.963 0.989 
0.024 0.993 0.154 0.955 0.953 
0.028 0.993 0.078 0.978 1.000 
0.018 0.994 0.052 0.990 0.996 
0.020 0.993 0.163 0.963 1.000 
0.018 0.994 0.072 0.983 1.000 
0.017 0.996 0.201 0.958 0.989 
0.023 0.995 0.221 0.960 1.000 
0.021 0.993 0.080 0.978 1.000 
0.019 0.995 0.223 0.920 0.989 
0.023 0.992 0.135 0.958 0.993 
0.021 0.992 0.110 0.968 0.996 
0.024 0.993 0.101 0.968 0.996 
0.023 0.995 0.133 0.953 0.996 
0.025 0.995 0.208 0.950 0.996 
0.031 0.991 0.181 0.953 0.996 
0.019 0.993 0.226 0.932 0.993 
0.020 0.993 0.077 0.975 1.000 
0.013 0.996 0.218 0.943 1.000 
0.020 0.996 0.136 0.963 1.000 
0.016 0.995 0.148 0.960 1.000 
0.025 0.992 0.214 0.920 0.993 
0.015 0.995 0.101 0.968 0.996 
0.017 0.996 0.184 0.948 1.000 
0.022 0.995 0.165 0.943 1.000 
0.025 0.992 0.144 0.940 1.000 
0.020 0.995 0.201 0.935 1.000 
0.018 0.995 0.346 0.927 1.000 
0.021 0.995 0.191 0.945 1.000 
0.023 0.992 0.059 0.988 1.000 
0.025 0.991 0.145 0.945 1.000 
0.022 0.995 0.080 0.973 1.000 
0.016 0.995 0.087 0.970 1.000 
0.020 0.995 0.133 0.963 1.000 
0.022 0.992 0.163 0.958 1.000 
0.015 0.995 0.115 0.968 1.000 
0.023 0.993 0.094 0.973 0.996 
0.021 0.994 0.074 0.975 1.000 
0.026 0.994 0.111 0.965 1.000 
0.019 0.993 0.136 0.965 1.000 
0.023 0.993 0.235 0.960 0.971 
0.019 0.993 0.095 0.990 1.000 
0.019 0.993 0.148 0.968 1.000 
0.018 0.993 0.223 0.978 1.000 
0.020 0.994 0.117 0.975 1.000 
0.012 0.997 0.152 0.975 1.000 
0.025 0.993 0.094 0.975 0.978 
0.018 0.996 0.190 0.955 0.996 
0.015 0.997 0.158 0.968 1.000 
0.030 0.990 0.123 0.973 1.000 
0.013 0.996 0.078 0.985 1.000 
0.023 0.994 0.170 0.973 0.986 
0.032 0.990 0.208 0.950 0.993 
0.033 0.993 0.069 0.985 1.000 
0.021 0.995 0.193 0.965 1.000 
0.020 0.992 0.172 0.955 1.000 
0.019 0.995 0.214 0.955 1.000 
0.017 0.995 0.129 0.965 1.000 
0.017 0.995 0.239 0.932 0.986 
0.022 0.995 0.087 0.980 1.000 
0.025 0.993 0.131 0.960 1.000 
0.025 0.993 0.092 0.968 1.000 
0.023 0.992 0.092 0.975 1.000 
0.029 0.994 0.190 0.970 1.000 
0.019 0.996 0.174 0.965 0.989 
0.020 0.993 0.108 0.980 0.975 
0.018 0.995 0.137 0.968 1.000 
0.025 0.993 0.102 0.970 1.000 
0.020 0.995 0.296 0.940 0.996 
0.028 0.992 0.221 0.932 0.978 
0.021 0.993 0.153 0.963 1.000 
0.016 0.996 0.159 0.965 1.000 
0.016 0.995 0.068 0.985 1.000 
0.023 0.992 0.113 0.975 1.000 
0.027 0.994 0.253 0.963 1.000 
0.018 0.995 0.138 0.990 1.000 
0.018 0.995 0.220 0.960 1.000 
0.023 0.992 0.268 0.943 0.975 
0.016 0.997 0.162 0.960 1.000 
0.021 0.995 0.105 0.970 1.000 
0.018 0.995 0.244 0.940 1.000 
0.022 0.997 0.355 0.927 1.000 
0.018 0.995 0.080 0.980 1.000 
0.026 0.994 0.148 0.965 1.000 
0.027 0.991 0.283 0.917 1.000 
0.016 0.995 0.245 0.938 1.000 
0.010 0.997 0.284 0.925 1.000 
0.021 0.995 0.074 0.993 1.000 
0.016 0.995 0.142 0.973 1.000 
0.029 0.993 0.287 0.980 1.000 
0.023 0.996 0.156 0.973 1.000 
0.020 0.991 0.265 0.965 1.000 
0.015 0.997 0.169 0.975 1.000 
0.017 0.994 0.114 0.985 1.000 
0.021 0.995 0.142 0.960 1.000 
0.011 0.997 0.206 0.965 1.000 
0.018 0.996 0.132 0.970 1.000 
0.023 0.993 0.209 0.970 1.000 
0.025 0.993 0.380 0.975 1.000 
0.021 0.995 0.261 0.958 1.000 
0.016 0.994 0.178 0.965 1.000 
0.010 0.998 0.212 0.958 1.000 
0.021 0.993 0.268 0.940 0.899 
0.019 0.996 0.148 0.970 1.000 
0.021 0.994 0.297 0.948 1.000 
0.026 0.995 0.124 0.970 0.986 
0.017 0.997 0.194 0.953 1.000 
0.021 0.996 0.219 0.963 1.000 
0.035 0.991 0.094 0.975 1.000 
0.034 0.992 0.117 0.958 1.000 
0.022 0.994 0.218 0.935 1.000 
0.016 0.995 0.080 0.983 1.000 
0.024 0.993 0.102 0.968 1.000 
0.015 0.996 0.077 0.983 1.000 
0.016 0.994 0.078 0.978 0.996 
0.022 0.993 0.184 0.948 0.982 
0.012 0.996 0.114 0.975 1.000 
0.017 0.995 0.138 0.965 0.975 
0.017 0.995 0.154 0.980 1.000 
0.028 0.993 0.101 0.983 0.996 
0.025 0.994 0.129 0.960 0.996 
0.026 0.992 0.237 0.922 0.986 
0.014 0.995 0.188 0.960 0.982 
0.013 0.996 0.103 0.980 0.989 
0.028 0.992 0.388 0.895 0.964 
0.024 0.992 0.200 0.938 1.000 
0.017 0.996 0.236 0.945 1.000 
0.016 0.995 0.116 0.968 1.000 
0.022 0.993 0.272 0.948 0.906 
0.016 0.997 0.380 0.927 0.996 
0.014 0.996 0.299 0.940 0.978 
0.016 0.995 0.220 0.965 1.000 
0.018 0.995 0.170 0.973 1.000 
0.018 0.995 0.087 0.980 1.000 
0.015 0.995 0.116 0.970 0.614 
0.021 0.994 0.402 0.938 1.000 
0.021 0.995 0.093 0.980 0.903 
0.015 0.996 0.248 0.943 1.000 
0.017 0.996 0.142 0.960 0.895 
0.028 0.993 0.103 0.975 1.000 
0.020 0.993 0.117 0.970 1.000 
0.037 0.995 0.620 0.907 1.000 
0.031 0.992 0.113 0.968 1.000 
0.023 0.993 0.253 0.927 0.993 
0.013 0.997 0.144 0.970 1.000 
0.020 0.996 0.160 0.953 1.000 
0.030 0.994 0.197 0.945 0.996 
0.027 0.993 0.509 0.960 0.996 
0.017 0.995 0.198 0.978 0.996 
0.013 0.995 0.386 0.965 0.996 
0.022 0.993 0.178 0.960 0.996 
0.015 0.996 0.214 0.943 0.996 
0.014 0.996 0.129 0.983 0.996 
0.021 0.995 0.147 0.953 0.982 
0.025 0.992 0.209 0.953 0.960 
0.015 0.994 0.141 0.963 0.996 
0.013 0.996 0.284 0.927 0.982 
0.018 0.992 0.171 0.950 1.000 
0.019 0.993 0.215 0.940 0.996 
0.021 0.993 0.214 0.943 0.975 
0.023 0.995 0.103 0.985 1.000 
0.017 0.994 0.629 0.935 0.874 
0.045 0.990 0.175 0.953 0.982 
0.013 0.995 0.160 0.978 0.996 
0.024 0.992 0.187 0.932 0.870 
0.012 0.997 0.166 0.960 0.996 
0.024 0.993 0.102 0.973 1.000 
0.018 0.994 0.110 0.968 1.000 
0.017 0.994 0.200 0.948 1.000 
0.021 0.993 0.080 0.988 1.000 
0.016 0.995 0.109 0.968 1.000 
0.025 0.994 0.076 0.985 1.000 
0.009 0.997 0.294 0.943 1.000 
0.017 0.993 0.073 0.985 1.000 
0.017 0.994 0.230 0.938 1.000 
0.019 0.993 0.169 0.955 1.000 
0.012 0.997 0.112 0.983 1.000 
0.014 0.997 0.101 0.973 1.000 
0.021 0.993 0.221 0.940 0.993 
0.018 0.995 0.128 0.970 1.000 
0.022 0.992 0.222 0.953 1.000 
0.018 0.993 0.101 0.993 1.000 
0.036 0.995 0.145 0.968 1.000 
0.015 0.996 0.240 0.963 1.000 
0.021 0.996 0.146 0.968 1.000 
0.013 0.997 0.536 0.960 1.000 
0.015 0.995 0.393 0.948 0.996 
0.023 0.993 0.404 0.950 0.928 
0.013 0.995 0.193 0.980 0.986 
0.021 0.994 0.123 0.975 0.968 
0.017 0.994 0.059 0.990 0.996 
0.015 0.995 0.140 0.963 0.996 
0.015 0.995 0.090 0.990 0.996 
0.018 0.996 0.664 0.925 0.971 
0.029 0.992 0.687 0.905 0.993 
0.018 0.995 0.190 0.953 0.996 
0.020 0.994 0.199 0.958 0.960 
0.014 0.996 0.576 0.915 0.996 
0.022 0.992 0.309 0.945 1.000 
0.023 0.995 0.161 0.948 0.996 
0.022 0.992 0.067 0.980 1.000 
0.020 0.993 0.199 0.948 1.000 
0.011 0.996 0.118 0.970 1.000 
0.026 0.993 0.353 0.948 0.996 
0.009 0.997 0.141 0.975 1.000 
0.012 0.996 0.092 0.990 1.000 
0.029 0.993 0.178 0.960 1.000 
0.027 0.992 0.160 0.963 1.000 
0.015 0.996 0.197 0.958 0.996 
0.022 0.992 0.138 0.968 1.000 
0.014 0.995 0.145 0.968 1.000 
0.015 0.995 0.233 0.945 1.000 
0.017 0.993 0.303 0.912 1.000 
0.021 0.996 0.292 0.912 0.982 
0.015 0.996 0.305 0.938 1.000 
0.024 0.995 0.156 0.945 1.000 
0.014 0.995 0.175 0.958 1.000 
0.023 0.991 0.162 0.948 1.000 
0.025 0.994 0.095 0.980 1.000 
0.018 0.995 0.102 0.980 1.000 
0.018 0.993 0.141 0.960 1.000 
0.014 0.997 0.078 0.985 1.000 
0.020 0.995 0.175 0.940 1.000 
0.015 0.995 0.120 0.965 1.000 
0.013 0.997 0.147 0.953 1.000 
0.011 0.995 0.249 0.940 1.000 
0.019 0.996 0.114 0.953 1.000 
0.015 0.995 0.181 0.955 1.000 
0.022 0.993 0.060 0.983 1.000 
0.017 0.994 0.316 0.912 0.996 
0.012 0.996 0.361 0.963 1.000 
0.041 0.992 0.344 0.927 1.000 
0.017 0.995 0.179 0.978 1.000 
0.018 0.997 0.107 0.990 1.000 
0.016 0.995 0.139 0.970 1.000 
0.015 0.996 0.487 0.907 0.986 
0.017 0.996 0.097 0.988 1.000 
0.024 0.992 0.147 0.968 1.000 
0.008 0.998 0.112 0.985 1.000 
0.010 0.997 0.136 0.980 1.000 
0.014 0.997 0.221 0.965 0.993 
0.016 0.992 0.391 0.925 0.986 
0.017 0.997 0.289 0.970 0.957 
0.015 0.995 0.450 0.938 0.986 
0.018 0.995 0.123 0.980 1.000 
0.019 0.995 0.152 0.978 0.996 
0.016 0.996 0.407 0.943 0.975 
0.008 0.997 0.184 0.978 1.000 
0.009 0.998 0.110 0.980 1.000 
0.014 0.996 0.497 0.975 1.000 
0.016 0.997 0.362 0.988 1.000 
0.020 0.993 0.291 0.975 1.000 
0.011 0.995 0.395 0.948 1.000 
0.016 0.996 0.265 0.970 1.000 
0.016 0.997 0.274 0.965 1.000 
0.009 0.997 0.261 0.968 1.000 
0.016 0.998 0.186 0.955 1.000 
0.030 0.992 0.094 0.985 1.000 
0.017 0.995 0.132 0.973 1.000 
0.019 0.996 0.165 0.988 1.000 
0.010 0.998 0.233 0.970 1.000 
0.044 0.992 0.072 0.990 1.000 
0.013 0.996 0.478 0.943 1.000 
0.029 0.996 0.444 0.935 0.975 
0.034 0.993 0.721 0.983 1.000 
0.029 0.995 0.465 0.945 0.996 
0.024 0.997 0.476 0.948 1.000 
0.012 0.997 0.732 0.917 1.000 
0.020 0.994 0.483 0.973 1.000 
0.015 0.997 0.623 0.953 1.000 
0.009 0.997 0.720 0.973 1.000 
0.019 0.995 0.567 0.983 1.000 
0.012 0.996 0.280 0.973 1.000 
0.019 0.995 0.666 0.978 1.000 
0.025 0.995 0.829 0.968 1.000 
0.036 0.995 0.213 0.930 1.000 
0.010 0.997 0.232 0.968 1.000 
0.018 0.997 0.342 0.965 1.000 
0.013 0.996 0.530 0.975 1.000 
0.017 0.996 0.737 0.983 1.000 
0.015 0.996 0.787 0.950 1.000 
0.022 0.995 0.528 0.985 1.000 
0.016 0.996 0.457 0.970 1.000 
0.019 0.995 0.440 0.975 1.000 
0.023 0.995 0.751 0.953 1.000 
0.017 0.995 0.739 0.950 1.000 
0.006 0.997 0.662 0.980 1.000 
0.010 0.997 0.877 0.958 1.000 
0.036 0.992 0.264 0.963 1.000 
0.023 0.992 0.226 0.963 1.000 
0.008 0.996 0.270 0.970 1.000 
0.017 0.996 0.285 0.970 1.000 
0.018 0.993 0.516 0.948 1.000 
0.013 0.995 0.296 0.965 1.000 
0.016 0.996 0.176 0.983 1.000 
0.018 0.996 0.474 0.945 1.000 
0.051 0.992 0.482 0.985 0.953 
0.030 0.996 0.171 0.965 0.989 
0.017 0.995 0.420 0.955 0.863 
0.019 0.993 0.207 0.985 1.000 
0.011 0.997 0.444 0.948 0.928 
0.041 0.990 0.215 0.945 1.000 
0.013 0.996 0.166 0.960 1.000 
0.015 0.996 0.284 0.948 1.000 
0.014 0.998 0.187 0.958 1.000 
0.017 0.997 0.246 0.943 1.000 
0.013 0.995 0.197 0.965 1.000 
0.010 0.997 0.165 0.968 0.993 
0.019 0.995 0.358 0.915 1.000 
0.013 0.996 0.098 0.993 1.000 
0.017 0.995 0.331 0.945 1.000 
0.013 0.996 0.123 0.983 1.000 
0.012 0.997 0.306 0.922 1.000 
0.013 0.995 0.392 0.930 0.996 
0.021 0.994 0.138 0.970 1.000 
0.019 0.993 0.328 0.953 1.000 
0.018 0.994 0.416 0.935 1.000 
0.015 0.995 0.221 0.970 1.000 
0.017 0.995 0.683 0.965 1.000 
0.020 0.996 0.272 0.983 1.000 
0.010 0.997 0.533 0.935 0.982 
0.015 0.997 0.367 0.975 1.000 
0.017 0.995 0.591 0.948 1.000 
0.036 0.993 0.080 0.983 1.000 
0.014 0.995 0.192 0.948 1.000 
0.015 0.996 0.135 0.968 1.000 
0.014 0.996 0.101 0.983 1.000 
0.004 0.998 0.216 0.983 1.000 
0.023 0.995 0.119 0.970 1.000 
0.012 0.997 0.480 0.932 1.000 
0.012 0.996 0.229 0.983 1.000 
0.021 0.994 0.244 0.973 1.000 
0.018 0.995 0.505 0.950 0.949 
0.014 0.996 0.478 0.963 1.000 
0.017 0.994 0.536 0.950 1.000 
0.020 0.994 0.249 0.988 1.000 
0.015 0.995 0.459 0.945 1.000 
0.016 0.996 0.477 0.965 1.000 
0.020 0.994 0.211 0.973 1.000 
0.023 0.993 0.139 0.980 1.000 
0.006 0.998 0.347 0.960 0.996 
0.015 0.995 0.151 0.978 1.000 
0.014 0.996 0.315 0.963 0.993 
0.011 0.996 0.502 0.988 0.968 
0.010 0.996 0.552 0.965 0.971 
0.023 0.993 0.353 0.950 0.993 
0.013 0.996 0.273 0.963 1.000 
0.038 0.996 0.282 0.965 1.000 
0.008 0.997 0.341 0.983 1.000 
0.014 0.996 0.137 0.983 1.000 
0.013 0.997 0.335 0.978 1.000 
0.013 0.995 0.166 0.980 1.000 
0.017 0.994 0.613 0.940 0.996 
0.006 0.999 0.533 0.978 1.000 
0.013 0.997 0.688 0.975 1.000 
0.028 0.991 1.618 0.960 0.949 
0.042 0.995 0.635 0.965 0.989 
0.017 0.997 0.771 0.948 0.989 
0.026 0.994 0.722 0.945 0.968 
0.028 0.993 0.990 0.950 0.989 
0.011 0.997 0.970 0.968 1.000 
0.012 0.995 1.054 0.975 1.000 
0.019 0.997 1.126 0.978 1.000 
0.018 0.994 0.894 0.965 1.000 
0.020 0.996 0.702 0.980 1.000 
0.016 0.995 0.890 0.965 1.000 
0.013 0.997 1.008 0.980 1.000 
0.010 0.997 0.866 0.985 1.000 
0.011 0.996 2.310 0.948 1.000 
0.021 0.995 0.346 0.950 1.000 
0.021 0.993 0.490 0.912 1.000 
0.016 0.996 0.343 0.965 1.000 
0.008 0.997 0.346 0.965 1.000 
0.009 0.996 0.235 0.980 1.000 
0.029 0.996 0.176 0.970 1.000 
0.014 0.996 0.161 0.978 1.000 
0.010 0.996 0.147 0.988 1.000 
0.014 0.995 0.288 0.958 0.986 
0.011 0.997 0.312 0.953 1.000 
0.022 0.993 0.217 0.940 0.989 
0.011 0.997 0.186 0.970 0.993 
0.010 0.997 0.377 0.935 1.000 
0.018 0.995 0.171 0.963 1.000 
0.017 0.996 0.460 0.945 0.971 
0.015 0.996 0.125 0.988 1.000 
0.015 0.995 0.202 0.985 1.000 
0.017 0.996 0.273 0.955 1.000 
0.014 0.996 0.476 0.935 1.000 
0.016 0.996 0.265 0.953 1.000 
0.009 0.997 0.534 0.953 1.000 
0.014 0.996 0.666 0.965 0.996 
0.019 0.994 1.055 0.960 1.000 
0.042 0.993 0.320 0.965 1.000 
0.012 0.996 0.338 0.985 1.000 
0.010 0.995 0.672 0.973 0.982 
0.032 0.994 0.305 0.943 1.000 
0.016 0.995 0.503 0.950 1.000 
0.016 0.995 0.269 0.973 1.000 
0.019 0.995 0.331 0.985 1.000 
0.012 0.996 0.109 0.990 1.000 
0.008 0.997 0.292 0.970 1.000 
0.007 0.998 0.297 0.965 1.000 
0.025 0.999 0.081 0.990 1.000 
0.021 0.994 0.506 0.902 0.823 
0.009 0.998 0.244 0.965 1.000 
0.029 0.993 0.464 0.920 0.975 
0.026 0.994 0.234 0.927 0.935 
0.016 0.995 0.074 0.993 1.000 
0.023 0.997 0.154 0.975 1.000 
0.015 0.996 0.266 0.983 1.000 
0.004 0.999 0.070 0.993 1.000 
0.027 0.993 0.337 0.963 1.000 
0.017 0.995 0.235 0.963 0.968 
0.023 0.997 0.359 0.927 0.924 
0.028 0.995 0.426 0.973 1.000 
0.021 0.996 0.271 0.960 0.996 
0.018 0.996 0.353 0.915 0.993 
0.015 0.994 0.279 0.958 0.986 
0.018 0.996 0.386 0.910 0.971 
0.019 0.994 0.466 0.897 0.989 
0.020 0.995 0.270 0.945 1.000 
0.013 0.997 0.302 0.968 1.000 
0.013 0.996 0.316 0.953 1.000 
0.020 0.995 0.137 0.963 1.000 
0.014 0.996 0.379 0.938 1.000 
0.022 0.992 0.652 0.900 1.000 
0.006 0.997 0.547 0.925 0.996 
0.020 0.996 0.444 0.940 1.000 
0.014 0.996 0.966 0.950 0.996 
0.018 0.998 0.454 0.985 1.000 
0.025 0.995 0.418 0.975 0.989 
0.007 0.997 0.615 0.945 0.960 
0.031 0.991 0.375 0.975 0.765 
0.015 0.996 0.563 0.932 0.993 
0.020 0.995 0.300 0.965 1.000 
0.012 0.997 0.261 0.983 1.000 
0.020 0.996 0.114 0.990 0.751 
0.032 0.992 0.113 0.988 1.000 
0.017 0.996 0.379 0.915 1.000 
0.011 0.996 0.635 0.945 1.000 
0.016 0.997 0.319 0.958 1.000 
0.019 0.996 0.138 0.970 1.000 
0.012 0.996 0.353 0.963 1.000 
0.018 0.993 0.222 0.950 1.000 
0.026 0.993 0.416 0.912 0.982 
0.012 0.995 0.165 0.965 1.000 
0.021 0.992 0.089 0.990 1.000 
0.013 0.995 0.125 0.983 1.000 
0.012 0.994 0.603 0.915 0.953 
0.021 0.996 0.272 0.983 1.000 
0.015 0.996 0.452 0.980 0.939 
0.015 0.995 0.423 0.945 0.989 
0.008 0.997 0.338 0.983 0.978 
0.015 0.996 0.458 0.965 0.989 
0.013 0.996 0.409 0.943 1.000 
0.014 0.997 0.276 0.943 1.000 
0.007 0.997 0.277 0.943 1.000 
0.011 0.997 0.436 0.912 1.000 
0.023 0.996 0.374 0.950 1.000 
0.022 0.997 0.261 0.980 0.852 
0.005 0.999 0.543 0.968 0.978 
0.016 0.994 0.341 0.927 1.000 
0.016 0.995 0.118 0.985 1.000 
0.023 0.993 0.175 0.960 1.000 
0.009 0.997 0.848 0.902 0.996 
0.014 0.996 0.268 0.960 1.000 
0.017 0.996 0.160 0.978 1.000 
0.014 0.996 0.389 0.948 1.000 
0.012 0.996 0.600 0.960 1.000 
0.018 0.995 0.562 0.925 1.000 
0.014 0.994 0.633 0.973 1.000 
0.013 0.996 0.779 0.950 1.000 
0.011 0.995 0.913 0.925 1.000 
0.025 0.998 0.687 0.968 1.000 
0.023 0.995 0.295 0.978 1.000 
0.015 0.996 0.503 0.970 1.000 
0.014 0.996 0.498 0.990 1.000 
0.027 0.996 0.611 0.958 1.000 
0.021 0.995 0.582 0.960 0.993 
0.016 0.995 0.462 0.988 1.000 
0.005 0.998 0.295 0.973 1.000 
0.021 0.996 0.422 0.930 1.000 
0.010 0.997 0.171 0.963 1.000 
0.015 0.995 0.314 0.968 1.000 
0.022 0.995 0.478 0.968 1.000 
0.008 0.998 0.428 0.978 1.000 
0.008 0.998 0.481 0.950 1.000 
0.009 0.998 0.336 0.960 0.989 
0.024 0.993 0.112 0.990 1.000 
0.013 0.997 0.634 0.925 1.000 
0.014 0.996 0.358 0.943 1.000 
0.013 0.996 0.423 0.990 1.000 
0.011 0.997 0.547 0.922 1.000 
0.012 0.997 0.468 0.963 1.000 
0.014 0.996 0.505 0.965 1.000 
0.015 0.995 0.666 0.940 1.000 
0.011 0.997 0.324 0.970 1.000 
0.012 0.995 0.557 0.925 1.000 
0.014 0.997 0.172 0.960 1.000 
0.020 0.994 0.571 0.932 1.000 
0.020 0.995 0.447 0.955 1.000 
0.009 0.998 0.637 0.953 0.986 
0.020 0.995 0.207 0.963 1.000 
0.009 0.997 0.530 0.955 1.000 
0.025 0.995 0.535 0.938 1.000 
0.014 0.997 1.073 0.932 0.993 
0.029 0.994 0.336 0.985 1.000 
0.013 0.995 0.136 0.983 1.000 
0.019 0.994 0.312 0.938 1.000 
0.016 0.996 0.485 0.910 1.000 
0.013 0.996 0.137 0.990 1.000 
0.013 0.996 0.350 0.963 1.000 
0.020 0.997 0.219 0.993 1.000 
0.030 0.996 0.677 0.912 1.000 
0.012 0.995 0.380 0.963 1.000 
0.027 0.994 0.480 0.932 1.000 
0.018 0.995 0.189 0.968 1.000 
0.030 0.995 0.203 0.983 1.000 
0.007 0.998 0.460 0.945 1.000 
0.006 0.997 0.630 0.943 1.000 
0.017 0.994 0.547 0.915 1.000 
0.018 0.996 0.183 0.958 1.000 
0.032 0.995 0.740 0.932 1.000 
0.007 0.998 0.407 0.975 1.000 
0.024 0.995 0.314 0.960 1.000 
0.013 0.995 0.372 0.940 1.000 
0.011 0.997 0.348 0.968 1.000 
0.015 0.994 0.256 0.950 1.000 
0.015 0.996 0.533 0.912 1.000 
0.012 0.997 0.547 0.930 1.000 
0.014 0.996 0.406 0.965 1.000 
0.055 0.993 0.140 0.978 1.000 
0.011 0.997 0.136 0.968 1.000 
0.008 0.998 0.204 0.988 1.000 
0.008 0.999 0.135 0.978 1.000 
0.010 0.996 0.406 0.948 1.000 
0.014 0.998 0.435 0.963 1.000 
0.033 0.991 0.458 0.910 1.000 
0.019 0.995 0.193 0.965 1.000 
0.011 0.997 0.171 0.978 1.000 
0.011 0.997 0.306 0.950 1.000 
0.023 0.996 0.501 0.915 1.000 
0.013 0.995 0.532 0.943 1.000 
0.025 0.994 0.173 0.953 1.000 
0.012 0.996 0.161 0.968 1.000 
0.015 0.996 0.423 0.915 1.000 
0.007 0.997 0.291 0.968 1.000 
0.009 0.998 0.309 0.955 1.000 
0.017 0.995 0.220 0.965 1.000 
0.008 0.997 0.451 0.927 1.000 
0.019 0.995 0.313 0.943 0.993 
0.015 0.995 0.112 0.990 1.000 
0.011 0.997 0.169 0.970 1.000 
0.019 0.995 0.117 0.990 1.000 
0.012 0.995 0.536 0.953 1.000 
0.022 0.992 0.379 0.963 1.000 
0.009 0.996 0.534 0.968 1.000 
0.018 0.996 0.131 0.963 1.000 
0.022 0.994 0.492 0.963 1.000 
0.023 0.995 0.239 0.985 1.000 
0.026 0.994 0.147 0.968 1.000 
0.013 0.995 0.331 0.953 1.000 
0.008 0.997 0.149 0.978 1.000 
0.020 0.997 0.087 0.970 1.000 
0.009 0.997 0.219 0.938 1.000 
0.018 0.995 0.122 0.973 1.000 
0.011 0.998 0.124 0.973 1.000 
0.024 0.994 0.116 0.965 1.000 
0.013 0.997 0.204 0.940 1.000 
0.009 0.998 0.190 0.960 1.000 
0.005 0.998 0.100 0.980 1.000 
0.012 0.997 0.084 0.990 1.000 
0.013 0.997 0.152 0.965 1.000 
0.013 0.996 0.314 0.935 1.000 
0.014 0.995 0.129 0.965 1.000 
0.012 0.998 0.157 0.968 1.000 
0.015 0.997 0.182 0.960 1.000 
0.022 0.995 0.297 0.970 1.000 
0.017 0.995 0.421 0.932 1.000 
0.018 0.995 0.311 0.963 1.000 
0.010 0.997 0.431 0.950 1.000 
0.016 0.996 0.378 0.958 1.000 
0.014 0.993 0.478 0.938 1.000 
0.020 0.995 0.356 0.968 1.000 
0.017 0.995 0.063 0.988 1.000 
0.025 0.996 0.062 0.993 1.000 
0.015 0.996 0.316 0.927 1.000 
0.017 0.995 0.087 0.973 1.000 
0.016 0.995 0.234 0.965 1.000 
0.016 0.996 0.254 0.970 1.000 
0.013 0.996 0.353 0.927 1.000 
0.012 0.995 0.360 0.940 0.993 
0.013 0.997 0.123 0.973 1.000 
0.011 0.995 0.481 0.910 1.000 
0.013 0.997 0.186 0.945 1.000 
0.008 0.998 0.159 0.978 1.000 
0.009 0.997 0.602 0.917 1.000 
0.006 0.997 0.094 0.993 1.000 
0.023 0.996 0.912 0.948 1.000 
0.013 0.995 0.866 0.917 1.000 
0.013 0.996 0.574 0.968 1.000 
0.014 0.996 0.550 0.940 1.000 
0.014 0.995 0.374 0.965 1.000 
0.014 0.995 0.411 0.978 1.000 
0.012 0.996 0.361 0.980 1.000 
0.020 0.995 0.284 0.965 1.000 
0.007 0.997 0.317 0.965 1.000 
0.015 0.996 0.143 0.973 1.000 
0.011 0.997 0.291 0.970 1.000 
0.013 0.997 0.228 0.990 1.000 
0.015 0.996 0.747 0.938 0.921 
0.022 0.994 0.510 0.955 0.827 
0.033 0.993 0.570 0.958 0.975 
0.015 0.996 0.411 0.965 0.953 
0.020 0.994 0.350 0.973 0.711 
0.015 0.996 0.164 0.975 0.989 
0.015 0.995 0.383 0.940 0.971 
0.010 0.998 0.134 0.980 1.000 
0.014 0.995 0.186 0.953 0.939 
0.009 0.997 0.286 0.968 1.000 
0.015 0.995 0.290 0.965 1.000 
0.008 0.997 0.513 0.943 1.000 
0.014 0.995 0.184 0.968 1.000 
0.011 0.995 0.626 0.963 1.000 
0.030 0.996 0.485 0.955 1.000 
0.016 0.996 0.329 0.968 1.000 
0.018 0.996 0.278 0.968 1.000 
0.009 0.996 0.528 0.927 0.982 
0.013 0.996 0.411 0.985 1.000 
0.009 0.997 0.516 0.950 1.000 
0.013 0.997 0.880 0.985 0.408 
0.007 0.998 1.001 0.970 0.726 
0.024 0.994 0.294 0.943 1.000 
0.015 0.995 0.503 0.945 1.000 
0.009 0.997 0.632 0.955 1.000 
0.011 0.997 0.682 0.978 1.000 
0.015 0.997 2.673 0.895 0.682 
0.019 0.994 1.492 0.950 0.986 
0.011 0.995 0.475 0.940 1.000 
0.007 0.997 1.121 0.938 0.993 
0.023 0.996 1.169 0.970 0.870 
0.025 0.994 0.753 0.978 0.834 
0.024 0.993 0.808 0.963 0.942 
0.011 0.998 0.804 0.965 0.971 
0.007 0.998 0.921 0.965 1.000 
0.019 0.995 0.603 0.958 1.000 
0.008 0.997 0.807 0.963 0.989 
0.037 0.995 0.819 0.938 0.866 
0.014 0.994 1.231 0.973 1.000 
0.016 0.995 0.746 0.983 0.906 
0.017 0.994 1.039 0.968 1.000 
0.021 0.994 1.079 0.975 1.000 
0.007 0.998 1.110 0.968 1.000 
0.010 0.995 1.480 0.907 0.993 
0.020 0.996 0.688 0.932 0.989 
0.008 0.998 0.963 0.965 1.000 
0.006 0.998 0.874 0.988 1.000 
0.026 0.993 1.121 0.932 1.000 
0.017 0.995 0.885 0.922 1.000 
0.035 0.995 0.266 0.983 1.000 
0.007 0.998 0.192 0.970 1.000 
0.013 0.996 0.417 0.975 1.000 
0.009 0.997 0.424 0.950 1.000 
0.004 0.999 0.347 0.968 1.000 
0.016 0.995 0.337 0.958 1.000 
0.010 0.997 0.145 0.985 1.000 
0.019 0.995 0.605 0.963 1.000 
0.018 0.996 0.710 0.920 1.000 
0.019 0.996 0.704 0.925 1.000 
0.009 0.997 0.126 0.983 1.000 
0.008 0.998 0.440 0.953 1.000 
0.018 0.997 0.141 0.970 1.000 
0.012 0.995 1.227 0.968 1.000 
0.045 0.993 0.667 0.897 1.000 
0.023 0.995 0.218 0.963 1.000 
0.022 0.992 0.077 0.990 1.000 
0.012 0.996 0.379 0.953 1.000 
0.012 0.997 0.730 0.917 1.000 
0.017 0.995 0.525 0.920 1.000 
0.012 0.996 0.124 0.983 1.000 
0.018 0.995 0.214 0.965 1.000 
0.022 0.993 0.344 0.945 1.000 
0.010 0.997 0.931 0.907 0.957 
0.017 0.993 1.051 0.938 1.000 
0.021 0.993 0.178 0.960 1.000 
0.018 0.995 0.194 0.953 0.986 
0.009 0.997 0.651 0.985 1.000 
0.009 0.996 1.239 0.917 0.993 
0.013 0.995 0.249 0.975 1.000 
0.009 0.995 0.882 0.948 1.000 
0.017 0.993 0.871 0.925 0.986 
0.016 0.996 0.351 0.973 1.000 
0.018 0.994 0.579 0.948 0.989 
0.027 0.996 0.461 0.938 1.000 
0.015 0.994 0.212 0.955 1.000 
0.009 0.996 0.160 0.973 1.000 
0.019 0.996 0.119 0.968 0.993 
0.025 0.996 0.088 0.985 0.996 
0.027 0.991 0.254 0.948 0.996 
0.011 0.998 0.139 0.988 0.245 
0.025 0.996 0.114 0.988 0.986 
0.010 0.997 0.552 0.968 1.000 
0.010 0.997 0.536 0.948 1.000 
0.011 0.997 0.948 0.925 0.971 
0.006 0.997 0.757 0.965 0.989 
0.009 0.997 0.618 0.958 0.975 
0.014 0.997 0.352 0.965 1.000 
0.013 0.997 0.772 0.935 1.000 
0.021 0.997 0.176 0.958 0.993 
0.012 0.997 0.191 0.985 1.000 
0.012 0.997 0.078 0.985 0.996 
0.016 0.995 0.337 0.985 1.000 
0.013 0.994 0.239 0.970 0.917 
0.010 0.995 0.129 0.988 0.968 
0.017 0.996 0.140 0.973 0.978 
0.011 0.998 0.240 0.948 0.964 
0.016 0.994 0.288 0.922 1.000 
0.014 0.996 0.279 0.948 1.000 
0.021 0.994 0.169 0.938 1.000 
0.013 0.996 0.204 0.948 1.000 
0.012 0.995 0.856 0.915 1.000 
0.025 0.995 0.938 0.953 0.913 
0.006 0.998 1.044 0.963 0.964 
0.031 0.993 0.215 0.960 1.000 
0.009 0.997 0.701 0.950 0.509 
0.012 0.997 0.780 0.922 0.996 
0.014 0.996 0.260 0.945 0.975 
0.015 0.996 0.414 0.955 1.000 
0.010 0.998 0.161 0.975 0.996 
0.010 0.998 0.466 0.943 1.000 
0.019 0.996 0.359 0.960 1.000 
0.011 0.997 0.434 0.943 1.000 
0.011 0.996 0.249 0.943 1.000 
0.014 0.994 0.172 0.963 1.000 
0.029 0.997 0.243 0.950 1.000 
0.010 0.997 0.798 0.943 1.000 
0.009 0.997 0.744 0.958 1.000 
0.017 0.995 0.396 0.983 1.000 
0.016 0.994 0.191 0.988 1.000 
0.024 0.995 0.372 0.940 1.000 
0.017 0.993 1.044 0.983 1.000 
0.012 0.996 1.053 0.965 1.000 
0.019 0.998 0.597 0.935 1.000 
0.015 0.995 0.187 0.983 1.000 
0.018 0.996 0.228 0.983 0.982 
0.010 0.997 1.115 0.915 1.000 
0.018 0.993 0.222 0.983 1.000 
0.015 0.996 0.217 0.973 1.000 
0.010 0.997 0.658 0.980 1.000 
0.008 0.997 0.531 0.970 1.000 
0.006 0.997 0.576 0.935 1.000 
0.035 0.997 0.140 0.975 1.000 
0.020 0.994 0.278 0.938 1.000 
0.015 0.996 0.260 0.978 0.332 
0.034 0.991 0.572 0.963 1.000 
0.009 0.998 0.621 0.965 1.000 
0.006 0.999 0.609 0.963 0.996 
0.014 0.996 0.244 0.985 1.000 
0.011 0.997 0.186 0.983 1.000 
0.014 0.996 0.199 0.983 1.000 
0.010 0.997 0.552 0.965 1.000 
0.015 0.997 0.313 0.953 1.000 
0.016 0.995 0.213 0.975 1.000 
0.010 0.996 0.214 0.980 1.000 
0.020 0.993 0.178 0.988 0.014 
0.013 0.995 0.757 0.988 0.242 
0.019 0.995 0.779 0.980 0.722 
0.010 0.997 0.760 0.980 0.220 
0.010 0.996 0.162 0.980 1.000 
0.022 0.996 0.130 0.978 1.000 
0.033 0.994 1.759 0.902 0.928 
0.037 0.995 0.131 0.970 1.000 
0.015 0.995 0.377 0.948 1.000 
0.016 0.995 0.098 0.985 0.996 
0.018 0.993 0.097 0.983 1.000 
0.008 0.998 0.121 0.980 1.000 
0.019 0.996 0.099 0.980 1.000 
0.014 0.996 0.249 0.930 1.000 
0.014 0.997 0.066 0.988 1.000 
0.014 0.996 0.153 0.980 1.000 
