0.300 0.882 0.283 0.887 1.000 
0.181 0.939 0.149 0.953 1.000 
0.139 0.957 0.297 0.865 0.615 
0.128 0.953 0.189 0.915 0.968 
0.123 0.961 0.142 0.938 0.987 
0.113 0.962 0.097 0.968 1.000 
0.114 0.963 0.170 0.938 1.000 
0.092 0.973 0.119 0.958 1.000 
0.091 0.969 0.103 0.968 1.000 
0.083 0.971 0.172 0.938 1.000 
0.080 0.975 0.142 0.963 0.990 
0.089 0.973 0.087 0.973 1.000 
0.078 0.974 0.090 0.978 1.000 
0.072 0.977 0.071 0.988 0.987 
0.068 0.977 0.094 0.980 1.000 
0.074 0.981 0.110 0.960 1.000 
0.081 0.976 0.115 0.978 1.000 
0.067 0.978 0.096 0.965 0.340 
0.058 0.981 0.096 0.960 0.990 
0.071 0.977 0.070 0.985 1.000 
0.057 0.982 0.078 0.978 0.827 
0.059 0.982 0.085 0.978 0.808 
0.062 0.982 0.072 0.975 1.000 
0.081 0.978 0.092 0.973 1.000 
0.047 0.989 0.106 0.975 1.000 
0.061 0.980 0.083 0.980 1.000 
0.058 0.985 0.101 0.960 1.000 
0.068 0.980 0.118 0.953 0.856 
0.063 0.984 0.055 0.985 0.955 
0.062 0.983 0.077 0.973 0.997 
0.060 0.981 0.083 0.965 0.772 
0.055 0.981 0.087 0.968 0.984 
0.048 0.986 0.082 0.965 0.878 
0.053 0.985 0.096 0.965 1.000 
0.048 0.988 0.088 0.965 1.000 
0.040 0.989 0.079 0.973 0.872 
0.057 0.980 0.073 0.978 0.978 
0.034 0.988 0.078 0.973 0.122 
0.049 0.984 0.071 0.975 0.862 
0.056 0.984 0.115 0.958 1.000 
0.058 0.982 0.083 0.980 1.000 
0.054 0.985 0.124 0.955 1.000 
0.054 0.981 0.091 0.980 0.484 
0.051 0.988 0.078 0.975 0.798 
0.049 0.986 0.070 0.983 0.987 
0.040 0.989 0.056 0.985 0.987 
0.055 0.983 0.094 0.963 0.478 
0.063 0.984 0.088 0.963 0.942 
0.049 0.989 0.064 0.988 0.913 
0.037 0.991 0.074 0.978 0.897 
0.040 0.988 0.058 0.983 1.000 
0.041 0.989 0.068 0.985 0.369 
0.046 0.990 0.063 0.978 1.000 
0.035 0.990 0.067 0.978 0.381 
0.047 0.987 0.074 0.978 0.929 
0.038 0.990 0.088 0.973 0.196 
0.037 0.990 0.066 0.983 0.971 
0.058 0.981 0.092 0.978 0.317 
0.043 0.988 0.094 0.975 0.038 
0.036 0.990 0.085 0.980 1.000 
0.038 0.990 0.068 0.985 0.000 
0.045 0.989 0.078 0.978 0.862 
0.040 0.991 0.075 0.980 0.974 
0.040 0.989 0.051 0.985 0.875 
0.035 0.988 0.088 0.978 0.080 
0.043 0.988 0.072 0.983 0.462 
0.031 0.991 0.055 0.985 0.029 
0.042 0.990 0.058 0.988 0.901 
0.042 0.990 0.068 0.980 0.696 
0.031 0.993 0.078 0.980 0.994 
0.041 0.991 0.060 0.983 1.000 
0.035 0.989 0.112 0.955 0.984 
0.052 0.989 0.053 0.988 0.228 
0.043 0.989 0.049 0.988 0.038 
0.045 0.986 0.059 0.985 0.054 
0.031 0.992 0.061 0.980 0.064 
0.037 0.989 0.079 0.963 0.830 
0.032 0.993 0.063 0.980 0.814 
0.027 0.995 0.064 0.978 1.000 
0.042 0.989 0.064 0.983 1.000 
0.037 0.989 0.077 0.968 0.484 
0.035 0.992 0.060 0.983 0.154 
0.046 0.986 0.099 0.963 0.913 
0.033 0.991 0.060 0.980 0.997 
0.028 0.993 0.060 0.985 0.994 
0.040 0.990 0.052 0.988 0.981 
0.037 0.991 0.046 0.990 0.984 
0.041 0.991 0.060 0.990 0.974 
0.035 0.991 0.051 0.988 0.894 
0.038 0.991 0.056 0.988 0.987 
0.040 0.986 0.081 0.963 0.663 
0.037 0.990 0.078 0.968 0.981 
0.034 0.993 0.072 0.970 0.917 
0.040 0.988 0.093 0.958 1.000 
0.037 0.990 0.064 0.980 1.000 
0.036 0.990 0.078 0.980 0.231 
0.034 0.992 0.056 0.985 0.942 
0.033 0.990 0.059 0.980 1.000 
0.033 0.991 0.057 0.985 0.580 
0.033 0.992 0.058 0.988 0.962 
0.030 0.994 0.078 0.973 0.971 
0.034 0.991 0.083 0.963 0.554 
0.037 0.990 0.046 0.990 0.042 
0.028 0.993 0.053 0.988 0.997 
0.043 0.986 0.049 0.990 0.958 
0.034 0.993 0.058 0.990 0.958 
0.034 0.990 0.087 0.970 0.718 
0.038 0.989 0.050 0.990 1.000 
0.034 0.990 0.060 0.985 0.622 
0.027 0.991 0.061 0.983 1.000 
0.033 0.989 0.055 0.985 0.997 
0.023 0.993 0.056 0.983 0.728 
0.025 0.993 0.059 0.983 0.917 
0.036 0.990 0.051 0.990 0.897 
0.039 0.988 0.059 0.988 0.080 
0.033 0.993 0.062 0.988 0.394 
0.032 0.991 0.047 0.990 0.465 
0.025 0.994 0.046 0.990 0.763 
0.027 0.993 0.048 0.990 0.933 
0.029 0.995 0.053 0.990 1.000 
0.046 0.991 0.053 0.988 0.721 
0.030 0.990 0.056 0.990 0.571 
0.024 0.995 0.053 0.988 0.955 
0.032 0.992 0.052 0.985 0.250 
0.026 0.993 0.048 0.993 0.218 
0.037 0.989 0.067 0.988 0.029 
0.046 0.987 0.050 0.993 0.500 
0.034 0.991 0.044 0.993 0.141 
0.022 0.993 0.047 0.990 0.593 
0.034 0.988 0.060 0.985 0.926 
0.035 0.991 0.048 0.988 0.321 
0.030 0.989 0.056 0.983 0.019 
0.026 0.991 0.043 0.993 0.811 
0.020 0.995 0.046 0.993 0.247 
0.030 0.991 0.099 0.965 0.997 
0.036 0.989 0.051 0.985 0.997 
0.018 0.995 0.083 0.978 0.529 
0.030 0.991 0.077 0.970 0.109 
0.023 0.993 0.066 0.970 0.997 
0.028 0.994 0.051 0.990 0.003 
0.028 0.991 0.056 0.975 0.753 
0.031 0.992 0.041 0.990 0.994 
0.035 0.992 0.065 0.980 0.096 
0.033 0.990 0.063 0.980 0.103 
0.019 0.994 0.041 0.990 0.090 
0.020 0.996 0.050 0.990 0.122 
0.030 0.993 0.054 0.990 1.000 
0.027 0.993 0.039 0.988 0.199 
0.022 0.994 0.048 0.993 0.250 
0.027 0.993 0.069 0.985 0.000 
0.033 0.990 0.050 0.988 0.029 
0.022 0.995 0.091 0.973 0.010 
0.038 0.990 0.050 0.988 0.913 
0.027 0.993 0.053 0.985 0.365 
0.026 0.994 0.065 0.975 0.984 
0.032 0.991 0.046 0.993 0.913 
0.026 0.994 0.095 0.965 0.997 
0.025 0.995 0.068 0.980 0.910 
0.025 0.995 0.048 0.990 1.000 
0.031 0.989 0.047 0.988 0.446 
0.016 0.997 0.092 0.975 1.000 
0.035 0.991 0.049 0.988 0.952 
0.043 0.989 0.044 0.993 0.974 
0.043 0.988 0.053 0.993 0.558 
0.028 0.992 0.052 0.985 0.135 
0.030 0.991 0.063 0.973 0.221 
0.028 0.991 0.051 0.985 0.849 
0.019 0.994 0.062 0.985 0.010 
0.025 0.993 0.055 0.980 1.000 
0.023 0.993 0.044 0.988 0.452 
0.022 0.993 0.101 0.965 0.276 
0.034 0.990 0.043 0.990 0.994 
0.030 0.990 0.050 0.990 0.827 
0.026 0.993 0.051 0.983 0.151 
0.027 0.993 0.041 0.988 0.545 
0.021 0.992 0.034 0.990 0.266 
0.021 0.993 0.041 0.988 0.522 
0.017 0.995 0.044 0.988 0.026 
0.019 0.995 0.043 0.985 0.615 
0.036 0.989 0.043 0.988 0.939 
0.026 0.994 0.063 0.980 0.856 
0.029 0.992 0.068 0.968 0.846 
0.019 0.993 0.062 0.973 0.994 
0.025 0.994 0.080 0.975 0.981 
0.033 0.990 0.048 0.985 0.631 
0.017 0.995 0.038 0.990 0.891 
0.034 0.989 0.059 0.985 1.000 
0.021 0.994 0.040 0.988 0.904 
0.021 0.995 0.044 0.990 0.391 
0.031 0.989 0.045 0.990 0.984 
0.024 0.996 0.041 0.990 0.683 
0.029 0.991 0.060 0.975 0.933 
0.028 0.990 0.052 0.988 0.990 
0.018 0.997 0.041 0.990 0.054 
0.030 0.993 0.038 0.990 0.615 
0.018 0.995 0.031 0.995 0.125 
0.025 0.993 0.050 0.990 0.112 
0.028 0.994 0.077 0.970 0.862 
0.025 0.994 0.047 0.993 0.920 
0.030 0.992 0.040 0.990 0.333 
0.028 0.993 0.037 0.993 0.811 
0.028 0.992 0.052 0.988 0.840 
0.034 0.992 0.038 0.993 0.994 
0.025 0.992 0.060 0.973 0.282 
0.020 0.994 0.041 0.990 0.016 
0.019 0.997 0.043 0.988 0.038 
0.026 0.995 0.113 0.965 0.051 
0.031 0.988 0.061 0.983 0.109 
0.020 0.997 0.043 0.988 0.295 
0.019 0.994 0.036 0.993 1.000 
0.019 0.997 0.040 0.993 0.981 
0.024 0.992 0.070 0.973 0.365 
0.023 0.994 0.045 0.990 0.821 
0.022 0.995 0.064 0.980 0.782 
0.020 0.994 0.048 0.988 0.766 
0.025 0.991 0.063 0.980 0.596 
0.020 0.995 0.044 0.988 0.936 
0.018 0.996 0.040 0.988 0.971 
0.022 0.997 0.067 0.973 0.529 
0.022 0.995 0.171 0.953 0.000 
0.021 0.995 0.041 0.990 0.420 
0.031 0.993 0.050 0.988 0.349 
0.030 0.993 0.073 0.975 1.000 
0.025 0.993 0.059 0.975 0.987 
0.022 0.993 0.050 0.988 0.051 
0.017 0.995 0.038 0.990 0.567 
0.023 0.991 0.050 0.988 0.984 
0.025 0.995 0.064 0.973 0.465 
0.021 0.995 0.076 0.983 0.753 
0.033 0.991 0.102 0.965 0.061 
0.020 0.995 0.045 0.990 0.295 
0.023 0.993 0.063 0.973 0.013 
0.029 0.991 0.064 0.988 0.051 
0.024 0.994 0.042 0.988 0.734 
0.022 0.993 0.049 0.988 0.654 
0.029 0.992 0.103 0.968 0.013 
0.025 0.994 0.059 0.978 0.962 
0.019 0.995 0.066 0.980 0.032 
0.037 0.989 0.091 0.970 1.000 
0.021 0.995 0.060 0.978 0.519 
0.028 0.993 0.041 0.993 0.715 
0.022 0.994 0.044 0.993 0.016 
0.016 0.997 0.047 0.993 0.038 
0.022 0.994 0.049 0.993 0.131 
0.024 0.994 0.046 0.990 0.202 
0.038 0.991 0.068 0.973 0.792 
0.022 0.994 0.083 0.968 1.000 
0.011 0.997 0.080 0.975 0.984 
0.029 0.994 0.062 0.973 0.795 
0.020 0.997 0.108 0.968 0.369 
0.020 0.995 0.056 0.985 0.022 
0.022 0.994 0.052 0.978 0.946 
0.020 0.995 0.120 0.983 0.000 
0.036 0.992 0.079 0.980 0.506 
0.022 0.993 0.057 0.988 1.000 
0.021 0.994 0.087 0.973 1.000 
0.036 0.990 0.053 0.985 0.551 
0.016 0.996 0.055 0.990 1.000 
0.025 0.995 0.057 0.983 0.885 
0.023 0.993 0.052 0.985 0.670 
0.030 0.993 0.123 0.960 0.087 
0.020 0.994 0.073 0.983 0.679 
0.034 0.991 0.053 0.985 0.804 
0.015 0.995 0.056 0.983 0.356 
0.032 0.991 0.113 0.958 0.981 
0.030 0.991 0.089 0.963 0.808 
0.023 0.993 0.072 0.968 0.968 
0.018 0.994 0.040 0.990 1.000 
0.013 0.998 0.040 0.990 0.990 
0.017 0.996 0.048 0.990 1.000 
0.020 0.993 0.051 0.993 0.830 
0.029 0.993 0.071 0.973 0.753 
0.020 0.993 0.068 0.975 0.099 
0.018 0.995 0.068 0.985 0.003 
0.021 0.994 0.061 0.983 0.904 
0.019 0.994 0.038 0.993 0.981 
0.021 0.995 0.102 0.985 0.747 
0.019 0.996 0.067 0.988 1.000 
0.023 0.994 0.076 0.975 0.894 
0.017 0.995 0.081 0.970 0.936 
0.025 0.995 0.101 0.970 0.869 
0.038 0.991 0.075 0.968 0.997 
0.024 0.994 0.197 0.927 0.667 
0.021 0.995 0.075 0.970 0.769 
0.016 0.995 0.108 0.965 0.619 
0.026 0.993 0.043 0.993 0.990 
0.025 0.993 0.042 0.993 0.990 
0.020 0.994 0.090 0.968 0.869 
0.018 0.992 0.081 0.970 0.587 
0.025 0.993 0.082 0.975 0.000 
0.023 0.993 0.058 0.975 0.221 
0.015 0.997 0.076 0.968 0.580 
0.024 0.991 0.044 0.990 0.298 
0.019 0.994 0.059 0.980 0.962 
0.021 0.994 0.055 0.983 0.958 
0.025 0.992 0.120 0.955 0.436 
0.020 0.993 0.095 0.958 0.670 
0.020 0.993 0.056 0.985 0.314 
0.023 0.994 0.104 0.973 0.933 
0.016 0.994 0.045 0.990 1.000 
0.023 0.994 0.115 0.983 0.814 
0.018 0.997 0.091 0.968 0.926 
0.042 0.992 0.051 0.988 1.000 
0.019 0.995 0.054 0.988 0.946 
0.022 0.994 0.055 0.988 0.917 
0.028 0.994 0.060 0.983 0.971 
0.025 0.993 0.059 0.985 0.949 
0.017 0.995 0.038 0.990 1.000 
0.022 0.992 0.074 0.973 0.946 
0.029 0.991 0.078 0.965 0.939 
0.015 0.998 0.052 0.983 0.971 
0.026 0.991 0.089 0.963 0.837 
0.022 0.994 0.052 0.985 0.946 
0.016 0.995 0.135 0.958 0.968 
0.019 0.993 0.061 0.975 1.000 
0.028 0.994 0.090 0.960 1.000 
0.018 0.994 0.046 0.990 0.978 
0.017 0.994 0.036 0.990 1.000 
0.024 0.995 0.106 0.965 1.000 
0.035 0.994 0.075 0.975 0.997 
0.023 0.995 0.061 0.975 0.981 
0.028 0.993 0.079 0.970 0.997 
0.027 0.992 0.061 0.973 0.372 
0.020 0.994 0.050 0.978 0.997 
0.023 0.996 0.066 0.973 0.994 
0.013 0.998 0.064 0.973 0.417 
0.022 0.992 0.104 0.965 0.763 
0.022 0.994 0.049 0.983 1.000 
0.018 0.997 0.060 0.973 1.000 
0.022 0.995 0.051 0.985 0.965 
0.018 0.994 0.067 0.970 0.958 
0.024 0.995 0.102 0.958 0.990 
0.018 0.995 0.049 0.988 0.904 
0.019 0.995 0.095 0.963 0.981 
0.015 0.995 0.069 0.970 0.997 
0.024 0.994 0.049 0.990 0.997 
0.040 0.994 0.047 0.993 1.000 
0.020 0.990 0.060 0.978 0.910 
0.018 0.997 0.063 0.983 0.962 
0.017 0.993 0.076 0.980 0.622 
0.026 0.994 0.070 0.980 0.795 
0.026 0.995 0.052 0.988 0.968 
0.016 0.995 0.044 0.990 0.978 
0.020 0.995 0.053 0.980 0.913 
0.028 0.993 0.047 0.993 1.000 
0.030 0.995 0.095 0.968 0.801 
0.020 0.995 0.049 0.990 0.974 
0.040 0.993 0.071 0.978 0.942 
0.011 0.997 0.086 0.975 0.814 
0.027 0.993 0.078 0.978 0.920 
0.014 0.994 0.089 0.975 0.958 
0.022 0.994 0.135 0.975 0.974 
0.017 0.993 0.066 0.985 0.862 
0.019 0.994 0.050 0.988 0.987 
0.016 0.996 0.101 0.963 0.978 
0.016 0.997 0.042 0.993 1.000 
0.016 0.995 0.055 0.990 0.978 
0.029 0.992 0.067 0.990 0.933 
0.018 0.994 0.052 0.985 1.000 
0.013 0.996 0.071 0.983 0.997 
0.016 0.995 0.105 0.960 0.926 
0.031 0.993 0.061 0.983 0.946 
0.016 0.995 0.092 0.973 0.721 
0.028 0.990 0.085 0.970 0.997 
0.016 0.996 0.060 0.988 0.619 
0.024 0.991 0.091 0.963 1.000 
0.018 0.995 0.071 0.975 0.798 
0.030 0.994 0.072 0.978 1.000 
0.020 0.995 0.055 0.975 1.000 
0.018 0.994 0.054 0.980 1.000 
0.013 0.996 0.044 0.988 0.984 
0.023 0.994 0.074 0.970 0.984 
0.018 0.997 0.053 0.990 0.949 
0.060 0.994 0.048 0.990 0.718 
0.017 0.995 0.058 0.983 0.269 
0.016 0.996 0.046 0.993 0.490 
0.019 0.995 0.087 0.965 0.798 
0.010 0.997 0.058 0.985 0.920 
0.017 0.995 0.062 0.985 0.772 
0.019 0.994 0.090 0.970 0.929 
0.019 0.993 0.174 0.965 0.176 
0.032 0.993 0.037 0.990 0.862 
0.015 0.996 0.035 0.993 0.827 
0.024 0.993 0.033 0.990 0.907 
0.021 0.993 0.058 0.985 0.894 
0.013 0.997 0.037 0.990 0.968 
0.036 0.993 0.064 0.990 0.990 
0.019 0.995 0.055 0.990 1.000 
0.021 0.993 0.051 0.990 0.324 
0.016 0.995 0.052 0.990 0.708 
0.022 0.991 0.061 0.980 0.506 
0.024 0.994 0.059 0.973 0.388 
0.031 0.991 0.079 0.990 0.907 
0.014 0.997 0.043 0.990 0.885 
0.018 0.995 0.055 0.988 0.077 
0.020 0.994 0.131 0.953 0.391 
0.026 0.993 0.043 0.993 0.494 
0.017 0.996 0.042 0.993 0.859 
0.022 0.995 0.073 0.990 0.933 
0.039 0.991 0.093 0.970 0.256 
0.016 0.995 0.077 0.983 0.038 
0.010 0.997 0.075 0.985 0.747 
0.015 0.995 0.109 0.973 0.958 
0.051 0.991 0.092 0.970 0.872 
0.016 0.996 0.069 0.978 0.946 
0.012 0.995 0.068 0.985 0.830 
0.018 0.994 0.051 0.993 0.644 
0.020 0.995 0.061 0.975 0.795 
0.019 0.995 0.085 0.970 0.853 
0.018 0.997 0.107 0.965 0.923 
0.037 0.990 0.077 0.963 0.987 
0.017 0.995 0.038 0.990 0.821 
0.009 0.998 0.125 0.963 0.766 
0.019 0.994 0.080 0.970 0.465 
0.010 0.997 0.049 0.990 0.615 
0.020 0.993 0.094 0.968 0.827 
0.019 0.995 0.062 0.990 0.535 
0.011 0.997 0.161 0.963 0.631 
0.018 0.996 0.052 0.988 0.420 
0.021 0.995 0.094 0.968 0.878 
0.021 0.993 0.052 0.983 0.686 
0.015 0.996 0.080 0.978 0.885 
0.018 0.997 0.045 0.990 0.875 
0.028 0.992 0.095 0.985 0.913 
0.022 0.995 0.068 0.985 0.942 
0.022 0.994 0.044 0.988 0.958 
0.027 0.995 0.041 0.990 0.660 
0.022 0.995 0.047 0.988 0.904 
0.017 0.995 0.061 0.993 0.853 
0.012 0.996 0.067 0.983 1.000 
0.029 0.991 0.057 0.988 0.500 
0.014 0.997 0.077 0.985 0.949 
0.012 0.997 0.066 0.993 0.772 
0.017 0.994 0.067 0.985 0.776 
0.015 0.995 0.099 0.975 0.990 
0.018 0.995 0.049 0.983 0.987 
0.015 0.997 0.049 0.990 0.987 
0.025 0.992 0.135 0.960 1.000 
0.020 0.995 0.060 0.983 0.971 
0.011 0.997 0.046 0.990 0.955 
0.019 0.993 0.100 0.968 0.923 
0.018 0.995 0.076 0.980 0.465 
0.019 0.995 0.057 0.990 0.609 
0.020 0.996 0.048 0.990 0.910 
0.021 0.995 0.075 0.968 0.856 
0.019 0.994 0.037 0.993 1.000 
0.020 0.993 0.048 0.990 0.824 
0.010 0.997 0.052 0.993 0.907 
0.016 0.997 0.081 0.968 0.907 
0.023 0.992 0.104 0.970 0.997 
0.020 0.995 0.038 0.993 0.917 
0.019 0.993 0.061 0.975 0.990 
0.021 0.993 0.045 0.990 0.750 
0.025 0.994 0.148 0.988 0.910 
0.055 0.993 0.041 0.990 0.910 
0.025 0.994 0.054 0.990 1.000 
0.022 0.996 0.130 0.960 0.987 
0.026 0.995 0.057 0.988 1.000 
0.014 0.996 0.081 0.973 1.000 
0.014 0.994 0.077 0.978 1.000 
0.021 0.995 0.067 0.973 0.987 
0.023 0.993 0.050 0.990 0.997 
0.014 0.997 0.118 0.965 0.990 
0.022 0.993 0.125 0.968 0.997 
0.017 0.996 0.094 0.973 0.984 
0.019 0.994 0.091 0.970 0.968 
0.006 0.998 0.084 0.975 0.897 
0.021 0.995 0.122 0.963 0.061 
0.042 0.993 0.049 0.990 0.987 
0.027 0.996 0.069 0.970 0.984 
0.025 0.994 0.108 0.958 1.000 
0.018 0.995 0.071 0.975 0.923 
0.010 0.998 0.096 0.970 1.000 
0.025 0.994 0.043 0.990 0.606 
0.015 0.997 0.094 0.970 0.987 
0.020 0.992 0.046 0.993 0.978 
0.024 0.994 0.074 0.973 0.990 
0.011 0.997 0.163 0.960 0.942 
0.018 0.995 0.143 0.955 1.000 
0.025 0.993 0.082 0.970 0.962 
0.011 0.997 0.053 0.993 0.971 
0.016 0.994 0.076 0.975 0.968 
0.022 0.993 0.077 0.973 0.814 
0.023 0.994 0.077 0.978 0.753 
0.022 0.993 0.049 0.993 0.997 
0.018 0.994 0.069 0.978 1.000 
0.010 0.998 0.049 0.993 0.984 
0.030 0.992 0.056 0.978 0.952 
0.013 0.996 0.062 0.978 0.990 
0.011 0.997 0.061 0.988 0.952 
0.023 0.994 0.064 0.980 1.000 
0.020 0.994 0.059 0.985 0.990 
0.022 0.993 0.135 0.960 0.994 
0.012 0.995 0.055 0.980 0.946 
0.021 0.996 0.145 0.975 0.808 
0.016 0.998 0.061 0.993 1.000 
0.024 0.992 0.114 0.968 0.965 
0.010 0.997 0.130 0.965 0.994 
0.021 0.993 0.118 0.975 0.984 
0.016 0.996 0.062 0.990 0.968 
0.018 0.994 0.077 0.978 0.997 
0.021 0.990 0.062 0.990 0.285 
0.017 0.994 0.106 0.975 0.785 
0.015 0.997 0.063 0.978 1.000 
0.012 0.997 0.053 0.990 0.962 
0.023 0.993 0.085 0.985 0.958 
0.014 0.995 0.125 0.985 0.955 
0.047 0.993 0.049 0.985 0.974 
0.015 0.995 0.055 0.985 0.974 
0.022 0.993 0.082 0.968 0.715 
0.015 0.997 0.059 0.985 0.994 
0.018 0.993 0.070 0.975 0.923 
0.012 0.997 0.103 0.963 0.955 
0.020 0.995 0.085 0.988 0.583 
0.035 0.992 0.123 0.980 0.356 
0.021 0.995 0.075 0.973 0.904 
0.018 0.994 0.106 0.973 0.776 
0.021 0.993 0.078 0.975 0.878 
0.013 0.997 0.094 0.975 0.744 
0.018 0.993 0.068 0.988 1.000 
0.013 0.995 0.118 0.968 0.987 
0.019 0.994 0.073 0.970 0.990 
0.009 0.996 0.125 0.970 1.000 
0.038 0.990 0.054 0.988 0.974 
0.018 0.995 0.062 0.973 0.997 
0.013 0.995 0.085 0.970 1.000 
0.015 0.997 0.055 0.990 0.997 
0.014 0.995 0.148 0.960 1.000 
0.012 0.995 0.118 0.975 1.000 
0.018 0.995 0.086 0.973 0.968 
0.032 0.993 0.051 0.988 0.997 
0.024 0.995 0.055 0.993 1.000 
0.013 0.996 0.041 0.993 0.994 
0.017 0.994 0.058 0.988 1.000 
0.021 0.995 0.051 0.988 0.952 
0.016 0.995 0.096 0.985 0.984 
0.025 0.994 0.076 0.968 1.000 
0.017 0.995 0.076 0.980 1.000 
0.013 0.996 0.076 0.985 0.952 
0.011 0.996 0.064 0.993 1.000 
0.020 0.994 0.129 0.963 0.785 
0.012 0.997 0.044 0.993 1.000 
0.024 0.994 0.116 0.963 1.000 
0.005 0.998 0.110 0.983 0.256 
0.025 0.994 0.091 0.975 0.830 
0.027 0.994 0.058 0.988 0.580 
0.016 0.996 0.114 0.968 0.997 
0.017 0.995 0.109 0.963 0.917 
0.013 0.995 0.070 0.990 0.978 
0.012 0.997 0.059 0.988 0.997 
0.015 0.995 0.066 0.988 0.929 
0.018 0.994 0.051 0.990 0.990 
0.015 0.995 0.074 0.988 1.000 
0.023 0.995 0.091 0.968 0.971 
0.020 0.996 0.172 0.948 0.978 
0.017 0.995 0.051 0.990 0.974 
0.018 0.997 0.066 0.983 0.737 
0.012 0.995 0.071 0.985 0.926 
0.029 0.993 0.064 0.985 0.946 
0.016 0.996 0.077 0.980 0.554 
0.018 0.994 0.124 0.960 0.933 
0.019 0.995 0.078 0.975 0.772 
0.015 0.994 0.048 0.993 0.689 
0.028 0.994 0.096 0.988 0.853 
0.027 0.997 0.064 0.985 0.907 
0.029 0.993 0.091 0.960 0.872 
0.013 0.997 0.128 0.963 0.958 
0.017 0.996 0.081 0.980 0.946 
0.008 0.999 0.098 0.973 0.513 
0.016 0.997 0.057 0.985 0.981 
0.030 0.993 0.064 0.983 0.942 
0.013 0.996 0.099 0.965 0.981 
0.031 0.994 0.128 0.953 0.923 
0.014 0.996 0.084 0.988 0.952 
0.016 0.994 0.114 0.970 0.705 
0.014 0.997 0.097 0.983 0.657 
0.011 0.994 0.154 0.963 0.984 
0.021 0.995 0.063 0.985 0.981 
0.019 0.997 0.040 0.990 0.952 
0.012 0.997 0.071 0.983 0.942 
0.016 0.995 0.064 0.983 0.878 
0.013 0.998 0.040 0.990 0.702 
0.009 0.999 0.048 0.988 0.885 
0.019 0.995 0.039 0.993 0.962 
0.016 0.995 0.040 0.990 0.939 
0.014 0.995 0.056 0.988 0.997 
0.018 0.996 0.116 0.973 0.965 
0.022 0.993 0.057 0.985 0.891 
0.019 0.994 0.052 0.990 0.657 
0.021 0.995 0.107 0.960 0.397 
0.017 0.995 0.053 0.988 0.782 
0.014 0.996 0.080 0.975 0.965 
0.020 0.993 0.065 0.978 0.968 
0.017 0.994 0.089 0.970 0.939 
0.006 0.998 0.073 0.988 0.997 
0.011 0.997 0.089 0.970 0.962 
0.012 0.997 0.194 0.970 0.321 
0.027 0.995 0.114 0.960 0.821 
0.017 0.995 0.040 0.990 0.596 
0.024 0.992 0.068 0.975 0.929 
0.011 0.997 0.052 0.993 0.747 
0.014 0.996 0.066 0.975 0.798 
0.024 0.995 0.212 0.920 1.000 
0.016 0.995 0.047 0.990 0.872 
0.025 0.995 0.186 0.935 0.792 
0.016 0.996 0.127 0.968 0.663 
0.020 0.996 0.040 0.993 0.994 
0.020 0.996 0.104 0.958 0.888 
0.013 0.995 0.080 0.975 1.000 
0.024 0.994 0.057 0.988 0.471 
0.018 0.995 0.122 0.968 0.564 
0.020 0.994 0.091 0.973 0.333 
0.021 0.997 0.101 0.963 0.974 
0.017 0.995 0.131 0.960 0.856 
0.017 0.997 0.123 0.965 0.587 
0.014 0.998 0.154 0.960 0.077 
0.014 0.997 0.078 0.975 0.253 
0.024 0.992 0.047 0.988 0.359 
0.014 0.997 0.048 0.990 0.946 
0.018 0.997 0.060 0.990 0.955 
0.018 0.997 0.109 0.963 0.910 
0.024 0.994 0.186 0.948 0.087 
0.017 0.994 0.104 0.963 0.833 
0.018 0.995 0.058 0.975 0.926 
0.011 0.997 0.095 0.970 0.654 
0.014 0.995 0.088 0.963 0.936 
0.009 0.998 0.086 0.968 1.000 
0.010 0.997 0.096 0.965 1.000 
0.014 0.997 0.098 0.963 0.968 
0.017 0.997 0.077 0.983 1.000 
0.023 0.991 0.085 0.963 0.994 
0.011 0.997 0.045 0.990 0.987 
0.015 0.994 0.069 0.980 0.994 
0.010 0.998 0.102 0.960 0.952 
0.020 0.995 0.204 0.973 0.708 
0.013 0.995 0.093 0.970 1.000 
0.016 0.996 0.039 0.990 1.000 
0.014 0.994 0.086 0.980 1.000 
0.022 0.993 0.117 0.958 1.000 
0.014 0.995 0.063 0.985 1.000 
0.019 0.991 0.104 0.960 0.981 
0.017 0.993 0.136 0.955 0.939 
0.011 0.997 0.094 0.963 0.949 
0.023 0.993 0.062 0.985 0.035 
0.012 0.997 0.185 0.950 0.811 
0.010 0.995 0.162 0.978 1.000 
0.023 0.995 0.149 0.975 0.753 
0.007 0.998 0.084 0.985 0.984 
0.012 0.998 0.101 0.973 1.000 
0.011 0.997 0.207 0.963 0.769 
0.012 0.995 0.224 0.980 0.981 
0.022 0.995 0.052 0.983 0.756 
0.043 0.991 0.112 0.980 0.913 
0.026 0.994 0.090 0.968 0.994 
0.022 0.993 0.079 0.973 0.920 
0.023 0.995 0.060 0.985 0.901 
0.015 0.997 0.045 0.985 1.000 
0.018 0.994 0.075 0.965 1.000 
0.017 0.996 0.089 0.983 0.580 
0.018 0.994 0.088 0.960 0.994 
0.027 0.994 0.072 0.963 1.000 
0.015 0.994 0.076 0.968 1.000 
0.014 0.997 0.052 0.985 0.433 
0.013 0.997 0.127 0.960 0.971 
0.024 0.993 0.048 0.993 0.990 
0.039 0.991 0.052 0.990 1.000 
0.012 0.996 0.053 0.990 1.000 
0.015 0.998 0.072 0.978 0.955 
0.022 0.994 0.148 0.960 0.997 
0.045 0.991 0.093 0.988 0.939 
0.020 0.995 0.049 0.988 0.962 
0.015 0.996 0.093 0.970 0.869 
0.015 0.995 0.074 0.985 0.772 
0.009 0.997 0.169 0.988 0.801 
0.044 0.995 0.049 0.985 0.788 
0.011 0.997 0.101 0.965 1.000 
0.011 0.995 0.058 0.985 0.962 
0.011 0.997 0.055 0.990 1.000 
0.010 0.997 0.072 0.975 0.994 
0.014 0.997 0.085 0.973 0.990 
0.009 0.997 0.104 0.970 0.994 
0.012 0.996 0.068 0.990 0.971 
0.014 0.997 0.063 0.988 0.567 
0.029 0.992 0.068 0.975 0.910 
0.015 0.996 0.058 0.990 0.737 
0.019 0.996 0.043 0.990 0.801 
0.017 0.995 0.076 0.970 0.987 
0.007 0.998 0.104 0.985 0.952 
0.030 0.995 0.073 0.985 0.997 
0.019 0.995 0.052 0.985 0.994 
0.019 0.994 0.065 0.973 0.821 
0.013 0.997 0.053 0.988 0.997 
0.016 0.992 0.062 0.985 0.875 
0.021 0.992 0.068 0.975 0.910 
0.007 0.998 0.054 0.993 0.929 
0.013 0.996 0.100 0.973 0.692 
0.013 0.995 0.116 0.968 0.955 
0.023 0.995 0.048 0.990 0.929 
0.011 0.997 0.086 0.973 0.958 
0.013 0.996 0.079 0.988 0.946 
0.013 0.996 0.046 0.985 0.862 
0.014 0.994 0.105 0.968 0.907 
0.008 0.999 0.062 0.993 0.821 
0.025 0.996 0.061 0.983 0.997 
0.010 0.998 0.049 0.988 0.997 
0.011 0.996 0.076 0.983 0.994 
0.019 0.994 0.073 0.970 0.994 
0.016 0.995 0.087 0.968 0.946 
0.009 0.998 0.100 0.965 0.872 
0.017 0.995 0.072 0.985 0.923 
0.011 0.997 0.061 0.990 0.939 
0.012 0.997 0.098 0.973 0.981 
0.016 0.997 0.118 0.968 0.962 
0.016 0.994 0.088 0.965 0.968 
0.012 0.995 0.057 0.980 0.936 
0.010 0.997 0.155 0.970 0.753 
0.025 0.994 0.034 0.990 0.936 
0.021 0.994 0.045 0.990 0.939 
0.016 0.993 0.093 0.970 0.929 
0.013 0.997 0.070 0.973 0.843 
0.020 0.993 0.091 0.965 0.968 
0.012 0.997 0.145 0.973 0.830 
0.020 0.996 0.076 0.990 0.846 
0.015 0.996 0.078 0.973 0.955 
0.011 0.997 0.100 0.973 0.907 
0.021 0.995 0.120 0.970 0.923 
0.010 0.997 0.084 0.988 0.990 
0.011 0.997 0.071 0.990 0.978 
0.014 0.998 0.047 0.993 0.990 
0.022 0.994 0.091 0.993 0.997 
0.015 0.998 0.078 0.993 0.724 
0.032 0.994 0.095 0.993 0.500 
0.025 0.994 0.044 0.990 0.862 
0.009 0.998 0.165 0.960 0.603 
0.020 0.995 0.105 0.988 0.974 
0.021 0.993 0.092 0.990 0.029 
0.013 0.996 0.087 0.968 0.737 
0.013 0.995 0.113 0.963 0.897 
0.013 0.995 0.064 0.990 0.984 
0.025 0.995 0.046 0.990 0.939 
0.017 0.994 0.104 0.963 0.926 
0.014 0.995 0.049 0.990 1.000 
0.020 0.994 0.063 0.985 0.827 
0.004 0.998 0.054 0.988 0.997 
0.019 0.995 0.085 0.968 1.000 
0.016 0.997 0.033 0.993 1.000 
0.009 0.997 0.040 0.990 1.000 
0.012 0.997 0.081 0.975 0.955 
0.011 0.997 0.177 0.955 0.881 
0.015 0.995 0.105 0.975 0.750 
0.009 0.998 0.149 0.965 0.369 
0.022 0.994 0.126 0.978 0.497 
0.015 0.994 0.098 0.965 0.952 
0.013 0.997 0.038 0.993 0.894 
0.017 0.994 0.115 0.980 0.340 
0.026 0.993 0.092 0.970 0.949 
0.017 0.994 0.068 0.985 0.978 
0.014 0.996 0.157 0.955 0.946 
0.010 0.996 0.097 0.978 0.795 
0.011 0.996 0.133 0.963 0.997 
0.009 0.998 0.061 0.993 0.843 
0.022 0.995 0.129 0.985 0.571 
0.013 0.996 0.214 0.973 0.099 
0.021 0.995 0.218 0.927 0.952 
0.008 0.997 0.121 0.980 0.696 
0.011 0.995 0.089 0.993 0.942 
0.016 0.998 0.059 0.993 0.910 
0.010 0.998 0.061 0.990 0.830 
0.033 0.991 0.084 0.973 0.933 
0.014 0.998 0.106 0.978 0.699 
0.013 0.995 0.035 0.993 0.849 
0.014 0.996 0.083 0.988 0.827 
0.018 0.995 0.052 0.988 0.705 
0.013 0.998 0.045 0.990 0.782 
0.011 0.998 0.075 0.965 0.202 
0.012 0.995 0.069 0.985 0.484 
0.028 0.994 0.066 0.978 0.856 
0.038 0.990 0.094 0.990 0.702 
0.021 0.994 0.115 0.968 0.603 
0.019 0.995 0.164 0.940 0.593 
0.013 0.997 0.093 0.970 0.651 
0.019 0.994 0.118 0.973 0.407 
0.025 0.997 0.069 0.985 0.202 
0.012 0.997 0.081 0.988 0.894 
0.013 0.997 0.049 0.993 0.949 
0.011 0.996 0.072 0.990 0.978 
0.021 0.995 0.095 0.968 0.885 
0.022 0.995 0.110 0.985 0.109 
0.015 0.996 0.148 0.963 0.987 
0.034 0.995 0.102 0.983 0.904 
0.018 0.994 0.070 0.988 0.673 
0.014 0.995 0.087 0.988 0.731 
0.037 0.994 0.067 0.990 0.897 
0.027 0.994 0.094 0.988 0.776 
0.011 0.998 0.074 0.990 0.869 
0.018 0.993 0.070 0.988 0.798 
0.009 0.998 0.057 0.988 0.933 
0.008 0.997 0.081 0.990 0.933 
0.011 0.999 0.052 0.988 0.987 
0.017 0.994 0.067 0.990 0.997 
0.026 0.995 0.152 0.948 0.978 
0.020 0.994 0.084 0.963 0.872 
0.009 0.997 0.072 0.983 0.817 
0.017 0.995 0.060 0.990 0.369 
0.010 0.998 0.044 0.993 0.862 
0.019 0.995 0.072 0.983 0.000 
0.028 0.995 0.054 0.988 0.811 
0.019 0.994 0.055 0.988 0.910 
0.015 0.995 0.071 0.970 0.878 
0.016 0.996 0.061 0.985 0.756 
0.005 0.998 0.130 0.983 0.869 
0.038 0.996 0.084 0.970 0.670 
0.021 0.994 0.206 0.935 0.888 
0.038 0.995 0.051 0.988 0.987 
0.013 0.997 0.099 0.973 0.955 
0.014 0.996 0.165 0.965 1.000 
0.029 0.993 0.065 0.985 0.984 
0.011 0.997 0.113 0.968 0.917 
0.014 0.998 0.174 0.955 0.337 
0.026 0.993 0.062 0.978 0.994 
0.015 0.995 0.081 0.985 1.000 
0.011 0.996 0.293 0.955 0.894 
0.032 0.992 0.082 0.965 0.702 
0.013 0.996 0.051 0.990 0.984 
0.015 0.997 0.077 0.983 0.949 
0.020 0.994 0.049 0.993 0.654 
0.012 0.997 0.087 0.983 0.907 
0.008 0.998 0.124 0.973 0.949 
0.008 0.998 0.156 0.968 0.856 
0.023 0.995 0.126 0.965 0.865 
0.019 0.995 0.076 0.973 0.663 
0.012 0.997 0.072 0.978 0.670 
0.013 0.994 0.058 0.993 0.603 
0.030 0.992 0.073 0.990 0.019 
0.006 0.998 0.110 0.970 0.865 
0.007 0.997 0.070 0.990 0.923 
0.014 0.995 0.052 0.993 1.000 
0.021 0.995 0.131 0.988 0.093 
0.025 0.995 0.155 0.963 0.949 
0.018 0.996 0.113 0.965 0.987 
0.016 0.993 0.181 0.948 0.907 
0.010 0.996 0.062 0.990 0.949 
0.036 0.993 0.078 0.968 0.846 
0.020 0.991 0.157 0.953 0.897 
0.018 0.995 0.064 0.985 0.974 
0.036 0.993 0.064 0.985 1.000 
0.008 0.998 0.052 0.990 0.997 
0.011 0.997 0.053 0.990 1.000 
0.015 0.997 0.054 0.990 0.929 
0.007 0.998 0.060 0.990 0.997 
0.019 0.994 0.089 0.975 1.000 
0.007 0.998 0.112 0.970 1.000 
0.010 0.997 0.132 0.960 1.000 
0.016 0.995 0.042 0.993 0.997 
0.013 0.997 0.124 0.965 0.997 
0.013 0.997 0.154 0.958 0.997 
0.012 0.997 0.061 0.973 0.997 
0.003 0.999 0.182 0.973 0.997 
0.020 0.994 0.066 0.993 0.994 
0.015 0.996 0.075 0.983 1.000 
0.010 0.996 0.126 0.960 1.000 
0.015 0.995 0.099 0.985 0.952 
0.021 0.994 0.095 0.965 1.000 
0.010 0.996 0.078 0.990 0.997 
0.023 0.993 0.061 0.988 0.971 
0.009 0.997 0.083 0.990 0.984 
0.016 0.996 0.075 0.973 0.910 
0.010 0.998 0.060 0.988 0.904 
0.023 0.994 0.094 0.970 0.958 
0.016 0.996 0.091 0.990 0.997 
0.014 0.997 0.078 0.990 0.997 
0.017 0.995 0.093 0.983 0.958 
0.005 0.998 0.082 0.990 0.154 
0.045 0.998 0.074 0.988 0.946 
0.022 0.993 0.190 0.968 0.865 
0.012 0.997 0.072 0.985 0.968 
0.012 0.995 0.044 0.993 1.000 
0.029 0.994 0.076 0.978 0.968 
0.018 0.994 0.158 0.970 0.865 
0.025 0.994 0.088 0.973 1.000 
0.016 0.995 0.096 0.975 1.000 
0.038 0.994 0.079 0.975 0.689 
0.037 0.993 0.035 0.993 1.000 
0.013 0.998 0.070 0.975 0.913 
0.007 0.998 0.045 0.988 1.000 
0.020 0.995 0.040 0.990 1.000 
0.011 0.997 0.065 0.978 0.978 
0.011 0.997 0.095 0.988 0.301 
0.015 0.996 0.043 0.988 0.885 
0.033 0.993 0.116 0.965 0.994 
0.024 0.994 0.069 0.970 0.933 
0.014 0.995 0.059 0.978 0.349 
0.013 0.995 0.118 0.985 0.288 
0.014 0.995 0.047 0.990 0.131 
0.016 0.995 0.093 0.963 0.929 
0.017 0.995 0.169 0.940 0.843 
0.012 0.997 0.077 0.970 0.936 
0.018 0.996 0.087 0.973 0.978 
0.011 0.997 0.068 0.990 0.490 
0.017 0.997 0.076 0.973 1.000 
0.010 0.996 0.082 0.975 1.000 
0.015 0.996 0.054 0.990 1.000 
0.011 0.995 0.041 0.993 0.987 
0.023 0.994 0.088 0.968 0.920 
0.012 0.995 0.065 0.988 0.699 
0.013 0.999 0.115 0.963 0.962 
0.009 0.998 0.061 0.978 0.510 
0.015 0.998 0.032 0.993 0.974 
0.028 0.995 0.053 0.985 0.327 
0.042 0.990 0.100 0.960 0.244 
0.009 0.997 0.073 0.988 0.157 
0.009 0.997 0.062 0.993 0.766 
0.011 0.997 0.064 0.985 0.077 
0.016 0.994 0.082 0.978 0.862 
0.014 0.995 0.075 0.985 0.593 
0.012 0.996 0.057 0.990 0.888 
0.011 0.997 0.063 0.988 0.753 
0.017 0.995 0.109 0.970 0.939 
0.015 0.994 0.057 0.988 0.917 
0.013 0.994 0.065 0.993 0.619 
0.010 0.997 0.099 0.970 0.837 
0.018 0.996 0.065 0.988 0.269 
0.015 0.997 0.103 0.973 0.981 
0.011 0.995 0.065 0.993 0.167 
0.019 0.995 0.158 0.948 0.965 
0.013 0.998 0.089 0.978 1.000 
0.015 0.995 0.086 0.983 0.971 
0.018 0.997 0.172 0.945 0.994 
0.015 0.997 0.095 0.993 0.622 
0.025 0.994 0.066 0.990 0.910 
0.020 0.994 0.065 0.993 0.933 
0.011 0.996 0.116 0.965 0.846 
0.008 0.997 0.090 0.985 0.349 
0.003 0.999 0.102 0.990 0.468 
0.017 0.995 0.079 0.973 0.397 
0.014 0.995 0.106 0.965 0.308 
0.016 0.996 0.066 0.990 0.788 
0.008 0.998 0.078 0.993 0.965 
0.025 0.992 0.095 0.970 0.936 
0.014 0.997 0.075 0.988 0.987 
0.020 0.993 0.057 0.990 0.955 
0.007 0.998 0.125 0.975 0.173 
0.029 0.995 0.152 0.975 0.942 
0.017 0.997 0.113 0.970 0.612 
0.012 0.998 0.108 0.973 0.449 
0.008 0.998 0.180 0.988 0.667 
0.011 0.996 0.103 0.968 0.827 
0.016 0.997 0.045 0.988 0.952 
0.020 0.996 0.056 0.985 0.756 
0.013 0.997 0.092 0.965 0.151 
0.019 0.994 0.072 0.975 0.676 
0.026 0.994 0.053 0.990 0.990 
0.007 0.998 0.040 0.993 0.333 
0.013 0.995 0.068 0.980 0.718 
0.013 0.996 0.229 0.965 0.596 
0.025 0.995 0.071 0.988 0.955 
0.012 0.996 0.087 0.975 0.811 
0.016 0.995 0.095 0.970 0.782 
0.010 0.998 0.083 0.990 0.212 
0.022 0.994 0.117 0.973 0.872 
0.016 0.996 0.078 0.985 0.853 
0.007 0.997 0.152 0.960 0.891 
0.015 0.994 0.055 0.990 0.891 
0.020 0.994 0.147 0.935 0.519 
0.007 0.999 0.081 0.988 0.933 
0.013 0.997 0.049 0.993 0.071 
0.010 0.997 0.042 0.993 0.913 
0.043 0.989 0.124 0.988 0.051 
0.007 0.996 0.189 0.965 0.724 
0.026 0.995 0.066 0.975 0.849 
0.013 0.997 0.083 0.968 0.397 
0.009 0.997 0.048 0.988 0.401 
0.007 0.998 0.062 0.988 0.183 
0.009 0.998 0.074 0.988 0.683 
0.006 0.998 0.105 0.988 0.587 
0.006 0.998 0.054 0.990 0.968 
0.011 0.996 0.072 0.985 0.266 
0.032 0.995 0.061 0.990 0.413 
0.016 0.994 0.106 0.990 0.032 
0.046 0.990 0.094 0.973 0.542 
0.009 0.999 0.095 0.973 0.481 
0.011 0.997 0.092 0.970 0.458 
0.018 0.997 0.172 0.955 0.667 
0.013 0.998 0.105 0.988 0.199 
0.011 0.995 0.086 0.990 0.176 
0.011 0.997 0.250 0.960 0.548 
0.020 0.998 0.205 0.963 0.644 
0.013 0.995 0.056 0.990 0.984 
0.009 0.997 0.221 0.922 0.881 
0.018 0.995 0.064 0.988 0.894 
0.008 0.997 0.113 0.983 0.192 
0.015 0.995 0.110 0.980 0.885 
0.020 0.993 0.115 0.985 0.083 
0.026 0.998 0.116 0.988 0.080 
0.026 0.994 0.272 0.958 0.026 
0.021 0.995 0.150 0.970 0.804 
0.011 0.995 0.124 0.985 0.535 
0.018 0.995 0.069 0.988 0.990 
0.008 0.998 0.149 0.988 0.753 
0.028 0.993 0.053 0.988 0.599 
