0.340 0.852 0.263 0.910 0.816 
0.214 0.919 0.225 0.917 0.994 
0.200 0.930 0.202 0.927 0.946 
0.135 0.956 0.160 0.940 0.978 
0.165 0.941 0.168 0.965 1.000 
0.120 0.959 0.176 0.932 0.981 
0.118 0.959 0.173 0.940 1.000 
0.096 0.970 0.143 0.953 0.987 
0.127 0.956 0.103 0.973 0.997 
0.105 0.966 0.103 0.975 1.000 
0.086 0.972 0.117 0.965 0.994 
0.099 0.968 0.140 0.955 1.000 
0.098 0.968 0.124 0.950 0.990 
0.079 0.974 0.126 0.948 1.000 
0.074 0.978 0.125 0.965 0.994 
0.087 0.974 0.121 0.973 1.000 
0.072 0.981 0.149 0.945 0.997 
0.081 0.974 0.126 0.970 1.000 
0.087 0.971 0.119 0.973 1.000 
0.065 0.978 0.085 0.980 1.000 
0.076 0.978 0.132 0.948 0.997 
0.061 0.981 0.113 0.968 1.000 
0.078 0.972 0.108 0.965 1.000 
0.062 0.979 0.104 0.968 0.949 
0.059 0.981 0.091 0.973 1.000 
0.055 0.983 0.130 0.948 1.000 
0.071 0.980 0.106 0.968 1.000 
0.062 0.981 0.091 0.978 0.978 
0.058 0.982 0.107 0.965 1.000 
0.047 0.984 0.103 0.973 1.000 
0.060 0.983 0.109 0.968 0.949 
0.063 0.983 0.110 0.960 1.000 
0.048 0.986 0.078 0.978 1.000 
0.060 0.981 0.117 0.965 1.000 
0.068 0.981 0.112 0.965 1.000 
0.053 0.982 0.099 0.968 1.000 
0.055 0.982 0.081 0.978 1.000 
0.055 0.981 0.097 0.975 1.000 
0.067 0.982 0.080 0.978 0.990 
0.051 0.987 0.101 0.968 1.000 
0.052 0.984 0.082 0.980 0.965 
0.051 0.986 0.097 0.975 0.987 
0.052 0.984 0.089 0.975 1.000 
0.049 0.984 0.085 0.975 1.000 
0.051 0.986 0.114 0.945 1.000 
0.035 0.991 0.089 0.978 0.987 
0.042 0.987 0.086 0.970 1.000 
0.055 0.987 0.087 0.973 1.000 
0.052 0.984 0.087 0.978 1.000 
0.038 0.988 0.078 0.975 1.000 
0.050 0.982 0.077 0.975 1.000 
0.052 0.985 0.120 0.958 1.000 
0.047 0.987 0.091 0.968 1.000 
0.041 0.986 0.089 0.973 1.000 
0.044 0.985 0.091 0.970 1.000 
0.044 0.987 0.095 0.973 1.000 
0.040 0.986 0.095 0.973 1.000 
0.045 0.984 0.102 0.960 1.000 
0.045 0.989 0.080 0.980 1.000 
0.035 0.991 0.098 0.975 1.000 
0.043 0.988 0.095 0.975 0.997 
0.036 0.990 0.080 0.983 1.000 
0.030 0.992 0.090 0.980 1.000 
0.047 0.986 0.088 0.980 1.000 
0.039 0.983 0.125 0.965 1.000 
0.065 0.980 0.067 0.980 1.000 
0.036 0.989 0.097 0.978 0.997 
0.045 0.988 0.107 0.970 1.000 
0.038 0.988 0.087 0.973 1.000 
0.046 0.985 0.106 0.968 1.000 
0.031 0.991 0.078 0.975 1.000 
0.045 0.988 0.111 0.953 1.000 
0.027 0.991 0.076 0.978 1.000 
0.034 0.992 0.077 0.975 1.000 
0.040 0.988 0.073 0.980 0.984 
0.039 0.988 0.070 0.980 0.990 
0.040 0.988 0.070 0.978 1.000 
0.033 0.990 0.073 0.975 1.000 
0.036 0.992 0.083 0.975 1.000 
0.038 0.990 0.107 0.960 1.000 
0.039 0.991 0.070 0.980 1.000 
0.032 0.994 0.080 0.975 1.000 
0.034 0.989 0.098 0.968 0.975 
0.048 0.984 0.082 0.973 0.968 
0.039 0.988 0.058 0.983 1.000 
0.037 0.988 0.065 0.980 1.000 
0.041 0.989 0.069 0.983 0.997 
0.027 0.992 0.060 0.980 1.000 
0.031 0.991 0.088 0.970 1.000 
0.039 0.989 0.075 0.978 1.000 
0.039 0.988 0.074 0.975 1.000 
0.032 0.990 0.069 0.978 1.000 
0.038 0.986 0.079 0.973 0.997 
0.036 0.989 0.084 0.978 1.000 
0.025 0.994 0.085 0.965 1.000 
0.033 0.990 0.080 0.973 0.997 
0.027 0.992 0.078 0.975 0.987 
0.042 0.987 0.064 0.985 1.000 
0.032 0.992 0.060 0.985 1.000 
0.041 0.987 0.057 0.983 1.000 
0.033 0.992 0.088 0.973 1.000 
0.028 0.990 0.079 0.978 1.000 
0.034 0.991 0.117 0.965 1.000 
0.024 0.993 0.068 0.983 1.000 
0.046 0.989 0.065 0.980 1.000 
0.030 0.991 0.055 0.980 0.994 
0.028 0.991 0.079 0.973 1.000 
0.035 0.991 0.061 0.985 1.000 
0.030 0.990 0.063 0.988 1.000 
0.035 0.990 0.066 0.983 1.000 
0.027 0.992 0.067 0.980 1.000 
0.037 0.989 0.058 0.985 1.000 
0.031 0.989 0.055 0.988 0.997 
0.026 0.993 0.062 0.978 1.000 
0.025 0.991 0.062 0.980 0.997 
0.030 0.992 0.084 0.975 1.000 
0.027 0.991 0.058 0.985 0.517 
0.029 0.992 0.072 0.980 1.000 
0.028 0.991 0.069 0.975 1.000 
0.027 0.993 0.051 0.985 0.997 
0.022 0.992 0.097 0.975 1.000 
0.035 0.989 0.078 0.978 1.000 
0.038 0.989 0.075 0.975 1.000 
0.034 0.989 0.112 0.975 0.997 
0.028 0.991 0.061 0.983 1.000 
0.022 0.993 0.080 0.978 1.000 
0.032 0.991 0.069 0.975 1.000 
0.028 0.992 0.059 0.983 1.000 
0.040 0.986 0.059 0.983 1.000 
0.030 0.992 0.065 0.983 0.997 
0.033 0.990 0.067 0.980 0.990 
0.032 0.990 0.054 0.988 1.000 
0.022 0.996 0.064 0.980 1.000 
0.020 0.994 0.054 0.985 1.000 
0.023 0.995 0.064 0.980 1.000 
0.032 0.989 0.088 0.973 1.000 
0.029 0.990 0.063 0.980 1.000 
0.031 0.991 0.076 0.975 0.984 
0.028 0.992 0.059 0.985 1.000 
0.036 0.992 0.055 0.983 1.000 
0.032 0.991 0.055 0.988 1.000 
0.032 0.990 0.050 0.988 0.997 
0.030 0.993 0.056 0.985 1.000 
0.038 0.987 0.052 0.985 0.994 
0.032 0.989 0.082 0.970 1.000 
0.022 0.992 0.053 0.988 0.990 
0.022 0.995 0.099 0.960 0.997 
0.028 0.991 0.057 0.985 1.000 
0.028 0.991 0.082 0.980 0.990 
0.030 0.992 0.055 0.988 0.987 
0.023 0.992 0.064 0.980 1.000 
0.025 0.991 0.086 0.973 1.000 
0.020 0.995 0.056 0.983 1.000 
0.025 0.992 0.103 0.965 1.000 
0.040 0.989 0.058 0.985 0.952 
0.031 0.988 0.058 0.983 1.000 
0.028 0.992 0.071 0.973 1.000 
0.021 0.994 0.136 0.955 1.000 
0.025 0.992 0.054 0.988 0.990 
0.022 0.993 0.105 0.968 1.000 
0.027 0.993 0.056 0.985 0.997 
0.030 0.990 0.065 0.985 0.990 
0.034 0.989 0.065 0.983 0.990 
0.031 0.992 0.072 0.980 1.000 
0.017 0.994 0.062 0.985 1.000 
0.026 0.992 0.081 0.973 1.000 
0.023 0.995 0.121 0.968 1.000 
0.023 0.994 0.098 0.973 1.000 
0.023 0.994 0.083 0.975 1.000 
0.018 0.996 0.097 0.968 1.000 
0.037 0.991 0.052 0.988 1.000 
0.036 0.988 0.075 0.980 1.000 
0.023 0.991 0.079 0.975 0.997 
0.020 0.994 0.071 0.975 0.997 
0.023 0.993 0.086 0.968 1.000 
0.023 0.994 0.061 0.983 0.990 
0.029 0.989 0.052 0.988 1.000 
0.022 0.994 0.062 0.983 0.997 
0.030 0.992 0.054 0.988 1.000 
0.026 0.992 0.060 0.983 0.997 
0.018 0.995 0.055 0.983 0.987 
0.024 0.993 0.062 0.985 0.997 
0.017 0.996 0.058 0.983 0.978 
0.033 0.992 0.095 0.978 0.990 
0.033 0.991 0.065 0.978 0.978 
0.027 0.993 0.083 0.975 0.997 
0.029 0.992 0.065 0.980 0.806 
0.020 0.995 0.055 0.988 0.984 
0.034 0.994 0.058 0.983 0.971 
0.017 0.996 0.073 0.978 0.997 
0.021 0.994 0.179 0.945 0.997 
0.029 0.989 0.052 0.988 0.908 
0.020 0.996 0.052 0.990 0.984 
0.032 0.990 0.102 0.975 1.000 
0.034 0.993 0.061 0.980 1.000 
0.023 0.995 0.049 0.985 1.000 
0.027 0.992 0.118 0.960 1.000 
0.021 0.994 0.065 0.983 0.994 
0.024 0.992 0.072 0.978 1.000 
0.028 0.992 0.050 0.988 1.000 
0.029 0.990 0.063 0.983 0.956 
0.027 0.992 0.049 0.990 0.971 
0.023 0.994 0.068 0.980 0.997 
0.016 0.995 0.068 0.985 1.000 
0.028 0.992 0.060 0.983 1.000 
0.020 0.994 0.067 0.983 1.000 
0.018 0.996 0.091 0.988 1.000 
0.027 0.994 0.049 0.990 0.990 
0.026 0.992 0.053 0.985 0.994 
0.020 0.995 0.077 0.988 1.000 
0.039 0.990 0.057 0.980 1.000 
0.025 0.993 0.086 0.973 1.000 
0.028 0.994 0.054 0.980 1.000 
0.024 0.994 0.075 0.968 1.000 
0.027 0.994 0.061 0.980 1.000 
0.016 0.995 0.048 0.988 0.990 
0.023 0.994 0.108 0.960 0.959 
0.021 0.993 0.068 0.980 1.000 
0.020 0.993 0.083 0.980 1.000 
0.021 0.994 0.053 0.988 0.994 
0.014 0.995 0.055 0.985 1.000 
0.021 0.994 0.116 0.975 0.965 
0.025 0.993 0.078 0.978 0.997 
0.024 0.991 0.074 0.980 0.990 
0.035 0.990 0.070 0.983 1.000 
0.021 0.995 0.087 0.985 0.984 
0.024 0.994 0.067 0.985 1.000 
0.023 0.994 0.076 0.985 0.994 
0.034 0.994 0.074 0.980 0.997 
0.024 0.994 0.042 0.993 1.000 
0.020 0.996 0.078 0.975 1.000 
0.027 0.992 0.062 0.985 1.000 
0.023 0.993 0.092 0.985 1.000 
0.031 0.993 0.063 0.990 1.000 
0.018 0.995 0.062 0.985 1.000 
0.020 0.994 0.054 0.988 1.000 
0.023 0.993 0.050 0.990 1.000 
0.017 0.995 0.053 0.985 1.000 
0.019 0.994 0.057 0.988 1.000 
0.030 0.993 0.059 0.980 1.000 
0.035 0.991 0.062 0.983 0.994 
0.020 0.995 0.067 0.985 0.997 
0.022 0.994 0.054 0.985 1.000 
0.021 0.993 0.056 0.980 1.000 
0.030 0.994 0.071 0.980 1.000 
0.031 0.993 0.068 0.983 1.000 
0.022 0.992 0.143 0.950 0.984 
0.018 0.995 0.045 0.993 1.000 
0.020 0.994 0.066 0.975 1.000 
0.016 0.998 0.064 0.988 0.997 
0.023 0.994 0.064 0.985 1.000 
0.027 0.993 0.046 0.990 1.000 
0.032 0.989 0.052 0.985 0.990 
0.029 0.992 0.052 0.985 0.984 
0.018 0.994 0.056 0.990 0.994 
0.032 0.992 0.055 0.985 0.994 
0.014 0.996 0.042 0.990 0.994 
0.025 0.993 0.045 0.990 1.000 
0.014 0.994 0.063 0.980 0.984 
0.023 0.994 0.069 0.978 0.994 
0.021 0.995 0.059 0.983 0.984 
0.022 0.994 0.052 0.988 0.994 
0.013 0.996 0.123 0.983 0.984 
0.038 0.991 0.089 0.988 1.000 
0.022 0.994 0.053 0.983 1.000 
0.022 0.991 0.056 0.988 0.997 
0.016 0.994 0.064 0.990 1.000 
0.015 0.997 0.086 0.985 0.990 
0.018 0.995 0.077 0.985 1.000 
0.021 0.994 0.146 0.970 0.978 
0.017 0.995 0.105 0.985 1.000 
0.033 0.993 0.062 0.985 0.994 
0.020 0.994 0.073 0.985 0.984 
0.022 0.993 0.064 0.983 0.990 
0.021 0.993 0.050 0.988 1.000 
0.019 0.995 0.091 0.983 0.981 
0.022 0.994 0.079 0.980 1.000 
0.019 0.994 0.067 0.988 1.000 
0.020 0.995 0.046 0.988 0.997 
0.017 0.996 0.055 0.990 0.994 
0.021 0.994 0.047 0.990 1.000 
0.019 0.996 0.051 0.990 1.000 
0.018 0.995 0.054 0.990 0.994 
0.012 0.997 0.058 0.988 0.990 
0.011 0.997 0.054 0.988 0.990 
0.021 0.994 0.055 0.988 1.000 
0.022 0.993 0.095 0.980 0.990 
0.031 0.992 0.055 0.985 1.000 
0.015 0.997 0.052 0.990 1.000 
0.022 0.995 0.057 0.980 0.990 
0.019 0.995 0.073 0.978 0.994 
0.018 0.994 0.083 0.975 0.984 
0.016 0.995 0.065 0.988 0.984 
0.024 0.994 0.053 0.990 0.981 
0.028 0.993 0.042 0.993 0.978 
0.025 0.992 0.048 0.985 0.990 
0.013 0.997 0.071 0.985 0.997 
0.030 0.995 0.065 0.980 0.990 
0.022 0.993 0.050 0.988 1.000 
0.023 0.992 0.072 0.973 1.000 
0.026 0.994 0.054 0.985 1.000 
0.018 0.996 0.044 0.988 1.000 
0.017 0.996 0.050 0.985 1.000 
0.021 0.994 0.066 0.978 1.000 
0.024 0.993 0.056 0.985 1.000 
0.030 0.993 0.077 0.978 1.000 
0.033 0.991 0.064 0.980 1.000 
0.021 0.995 0.087 0.983 1.000 
0.010 0.997 0.076 0.980 1.000 
0.017 0.993 0.077 0.983 1.000 
0.020 0.995 0.070 0.983 1.000 
0.014 0.997 0.048 0.988 1.000 
0.016 0.995 0.122 0.955 1.000 
0.023 0.995 0.049 0.985 1.000 
0.020 0.995 0.062 0.978 0.971 
0.013 0.995 0.051 0.988 1.000 
0.027 0.993 0.057 0.983 0.997 
0.019 0.995 0.057 0.983 1.000 
0.019 0.993 0.079 0.990 0.990 
0.036 0.991 0.065 0.983 1.000 
0.023 0.993 0.075 0.975 0.997 
0.008 0.998 0.082 0.983 1.000 
0.009 0.998 0.097 0.983 1.000 
0.022 0.993 0.066 0.988 1.000 
0.013 0.998 0.110 0.983 1.000 
0.029 0.995 0.077 0.983 0.997 
0.035 0.992 0.058 0.983 0.994 
0.014 0.996 0.073 0.983 0.994 
0.018 0.994 0.109 0.970 1.000 
0.023 0.993 0.069 0.983 1.000 
0.017 0.995 0.063 0.983 1.000 
0.014 0.996 0.092 0.978 1.000 
0.023 0.994 0.070 0.978 1.000 
0.017 0.996 0.060 0.980 1.000 
0.026 0.991 0.067 0.980 1.000 
0.021 0.992 0.065 0.983 0.997 
0.020 0.994 0.051 0.985 1.000 
0.023 0.993 0.063 0.980 1.000 
0.017 0.995 0.055 0.983 0.994 
0.015 0.994 0.051 0.988 1.000 
0.012 0.994 0.084 0.985 0.994 
0.020 0.994 0.049 0.985 1.000 
0.024 0.993 0.066 0.980 1.000 
0.018 0.994 0.100 0.990 1.000 
0.029 0.993 0.086 0.980 1.000 
0.017 0.994 0.068 0.983 1.000 
0.015 0.997 0.066 0.983 1.000 
0.018 0.995 0.126 0.980 1.000 
0.025 0.993 0.122 0.983 1.000 
0.023 0.995 0.077 0.985 1.000 
0.012 0.997 0.082 0.980 1.000 
0.017 0.995 0.063 0.983 1.000 
0.019 0.993 0.043 0.985 1.000 
0.014 0.996 0.069 0.985 1.000 
0.016 0.994 0.066 0.980 1.000 
0.013 0.996 0.070 0.983 1.000 
0.013 0.996 0.069 0.983 0.997 
0.024 0.994 0.070 0.983 1.000 
0.029 0.994 0.163 0.968 0.997 
0.024 0.994 0.074 0.988 1.000 
0.019 0.995 0.080 0.983 1.000 
0.019 0.993 0.065 0.985 1.000 
0.019 0.995 0.073 0.983 1.000 
0.026 0.994 0.050 0.990 1.000 
0.019 0.996 0.049 0.988 1.000 
0.010 0.996 0.047 0.993 1.000 
0.019 0.995 0.058 0.990 0.997 
0.021 0.995 0.055 0.988 0.990 
0.017 0.996 0.046 0.990 0.997 
0.021 0.994 0.058 0.993 1.000 
0.018 0.995 0.057 0.988 1.000 
0.017 0.995 0.045 0.990 1.000 
0.017 0.993 0.049 0.990 0.997 
0.021 0.994 0.061 0.985 1.000 
0.025 0.993 0.086 0.985 1.000 
0.021 0.994 0.051 0.985 1.000 
0.019 0.994 0.074 0.988 1.000 
0.026 0.992 0.070 0.985 0.997 
0.013 0.998 0.052 0.988 1.000 
0.020 0.995 0.051 0.990 1.000 
0.022 0.997 0.051 0.988 1.000 
0.019 0.995 0.049 0.990 0.994 
0.022 0.992 0.047 0.985 1.000 
0.028 0.994 0.051 0.990 1.000 
0.014 0.996 0.064 0.980 0.990 
0.018 0.996 0.042 0.993 1.000 
0.019 0.992 0.047 0.988 0.987 
0.012 0.997 0.042 0.990 1.000 
0.043 0.994 0.071 0.985 0.978 
0.016 0.994 0.052 0.990 0.994 
0.024 0.995 0.056 0.990 1.000 
0.011 0.997 0.045 0.988 1.000 
0.016 0.997 0.049 0.985 1.000 
0.023 0.994 0.059 0.985 1.000 
0.019 0.995 0.064 0.978 0.997 
0.021 0.995 0.047 0.990 1.000 
0.012 0.997 0.053 0.985 1.000 
0.016 0.997 0.053 0.988 1.000 
0.027 0.992 0.044 0.993 1.000 
0.017 0.996 0.058 0.985 1.000 
0.006 0.998 0.069 0.988 1.000 
0.021 0.994 0.042 0.990 1.000 
0.015 0.996 0.057 0.985 1.000 
0.021 0.992 0.101 0.985 1.000 
0.034 0.993 0.071 0.978 0.994 
0.013 0.995 0.067 0.983 1.000 
0.014 0.995 0.081 0.980 1.000 
0.023 0.994 0.063 0.985 1.000 
0.020 0.996 0.098 0.968 1.000 
0.014 0.996 0.064 0.988 0.997 
0.019 0.994 0.059 0.985 1.000 
0.018 0.996 0.085 0.990 1.000 
0.024 0.993 0.123 0.978 1.000 
0.023 0.995 0.070 0.975 1.000 
0.018 0.995 0.055 0.985 1.000 
0.017 0.993 0.081 0.988 1.000 
0.018 0.994 0.060 0.990 1.000 
0.016 0.994 0.097 0.968 1.000 
0.014 0.997 0.052 0.985 1.000 
0.017 0.995 0.080 0.980 1.000 
0.015 0.996 0.052 0.988 1.000 
0.017 0.995 0.099 0.970 0.997 
0.033 0.994 0.052 0.985 1.000 
0.011 0.996 0.062 0.983 1.000 
0.015 0.995 0.085 0.985 1.000 
0.013 0.997 0.045 0.985 1.000 
0.012 0.998 0.070 0.983 1.000 
0.013 0.996 0.117 0.980 0.990 
0.018 0.995 0.089 0.983 0.994 
0.018 0.995 0.094 0.975 1.000 
0.010 0.996 0.070 0.990 1.000 
0.030 0.994 0.057 0.980 1.000 
0.011 0.996 0.077 0.985 1.000 
0.015 0.994 0.072 0.980 1.000 
0.013 0.997 0.061 0.983 1.000 
0.026 0.993 0.050 0.985 0.994 
0.019 0.995 0.044 0.990 1.000 
0.016 0.995 0.098 0.988 1.000 
0.029 0.993 0.053 0.988 0.994 
0.025 0.996 0.043 0.988 0.984 
0.013 0.995 0.074 0.985 0.981 
0.020 0.994 0.079 0.988 0.987 
0.024 0.992 0.053 0.990 1.000 
0.013 0.996 0.051 0.990 1.000 
0.014 0.995 0.101 0.978 1.000 
0.015 0.995 0.047 0.990 1.000 
0.015 0.996 0.078 0.973 1.000 
0.021 0.996 0.102 0.963 0.997 
0.025 0.990 0.064 0.988 1.000 
0.019 0.995 0.061 0.990 0.994 
0.024 0.994 0.067 0.983 1.000 
0.020 0.995 0.044 0.993 1.000 
0.023 0.992 0.047 0.993 1.000 
0.011 0.997 0.065 0.985 0.987 
0.015 0.997 0.061 0.988 1.000 
0.016 0.996 0.119 0.985 0.994 
0.041 0.991 0.083 0.985 0.994 
0.016 0.997 0.052 0.990 0.987 
0.023 0.994 0.096 0.983 0.990 
0.016 0.996 0.083 0.988 1.000 
0.012 0.996 0.057 0.990 1.000 
0.016 0.996 0.068 0.980 1.000 
0.013 0.997 0.062 0.988 1.000 
0.010 0.996 0.090 0.988 0.997 
0.029 0.993 0.074 0.980 1.000 
0.015 0.995 0.048 0.990 0.994 
0.011 0.996 0.099 0.978 0.997 
0.012 0.997 0.093 0.988 0.997 
0.015 0.996 0.070 0.990 0.984 
0.020 0.994 0.056 0.988 1.000 
0.022 0.993 0.052 0.988 0.984 
0.012 0.996 0.103 0.963 0.990 
0.005 0.999 0.167 0.990 0.981 
0.026 0.993 0.050 0.990 1.000 
0.016 0.995 0.050 0.985 1.000 
0.025 0.993 0.052 0.983 1.000 
0.043 0.993 0.063 0.988 1.000 
0.009 0.997 0.082 0.985 0.975 
0.015 0.995 0.048 0.990 0.990 
0.020 0.994 0.055 0.988 1.000 
0.016 0.996 0.052 0.985 1.000 
0.013 0.995 0.050 0.990 1.000 
0.018 0.994 0.045 0.990 1.000 
0.015 0.996 0.070 0.990 1.000 
0.020 0.996 0.051 0.990 1.000 
0.021 0.994 0.066 0.980 0.997 
0.012 0.998 0.057 0.988 1.000 
0.021 0.996 0.070 0.975 0.994 
0.017 0.996 0.078 0.973 0.994 
0.018 0.997 0.074 0.978 0.990 
0.020 0.992 0.063 0.985 1.000 
0.011 0.996 0.047 0.990 1.000 
0.015 0.995 0.074 0.975 0.997 
0.018 0.994 0.055 0.990 1.000 
0.020 0.995 0.042 0.988 1.000 
0.012 0.995 0.044 0.990 1.000 
0.011 0.997 0.054 0.988 1.000 
0.024 0.995 0.051 0.990 1.000 
0.020 0.994 0.046 0.988 1.000 
0.009 0.997 0.077 0.990 1.000 
0.021 0.996 0.045 0.990 0.997 
0.019 0.996 0.050 0.988 1.000 
0.016 0.996 0.043 0.990 1.000 
0.025 0.995 0.044 0.988 1.000 
0.012 0.995 0.052 0.990 1.000 
0.026 0.993 0.046 0.990 1.000 
0.018 0.993 0.048 0.990 1.000 
0.007 0.999 0.065 0.983 1.000 
0.016 0.996 0.102 0.988 1.000 
0.024 0.996 0.061 0.985 1.000 
0.014 0.995 0.059 0.988 1.000 
0.010 0.996 0.052 0.988 1.000 
0.014 0.996 0.054 0.988 1.000 
0.019 0.994 0.051 0.990 1.000 
0.014 0.995 0.065 0.985 1.000 
0.020 0.995 0.060 0.985 1.000 
0.017 0.996 0.071 0.980 1.000 
0.014 0.995 0.076 0.985 1.000 
0.011 0.996 0.055 0.988 1.000 
0.036 0.992 0.068 0.988 1.000 
0.021 0.996 0.043 0.993 1.000 
0.009 0.998 0.076 0.988 1.000 
0.028 0.993 0.055 0.988 1.000 
0.015 0.995 0.041 0.990 1.000 
0.013 0.996 0.084 0.973 1.000 
0.022 0.994 0.059 0.983 1.000 
0.024 0.992 0.051 0.988 1.000 
0.021 0.996 0.079 0.970 1.000 
0.024 0.996 0.054 0.985 1.000 
0.010 0.995 0.052 0.988 1.000 
0.011 0.997 0.056 0.983 1.000 
0.020 0.994 0.046 0.990 1.000 
0.015 0.994 0.045 0.988 1.000 
0.015 0.995 0.061 0.990 1.000 
0.018 0.997 0.050 0.988 1.000 
0.014 0.995 0.057 0.988 1.000 
0.014 0.995 0.052 0.985 1.000 
0.013 0.994 0.070 0.983 1.000 
0.010 0.997 0.084 0.988 1.000 
0.023 0.993 0.052 0.988 1.000 
0.018 0.995 0.054 0.990 1.000 
0.022 0.995 0.090 0.978 1.000 
0.019 0.997 0.054 0.990 1.000 
0.016 0.995 0.063 0.983 1.000 
0.014 0.994 0.082 0.990 0.997 
0.027 0.992 0.042 0.988 1.000 
0.014 0.995 0.069 0.983 0.997 
0.015 0.996 0.055 0.990 1.000 
0.014 0.994 0.076 0.973 1.000 
0.024 0.996 0.046 0.993 1.000 
0.009 0.997 0.065 0.988 1.000 
0.020 0.994 0.049 0.990 1.000 
0.021 0.996 0.043 0.990 0.997 
0.013 0.996 0.051 0.990 1.000 
0.021 0.995 0.046 0.990 1.000 
0.019 0.994 0.077 0.973 1.000 
0.015 0.996 0.051 0.988 1.000 
0.022 0.995 0.047 0.988 1.000 
0.010 0.997 0.064 0.990 1.000 
0.013 0.996 0.062 0.988 1.000 
0.012 0.997 0.052 0.990 1.000 
0.011 0.997 0.050 0.988 1.000 
0.012 0.996 0.047 0.988 1.000 
0.016 0.995 0.056 0.988 1.000 
0.017 0.995 0.045 0.988 1.000 
0.012 0.996 0.056 0.985 1.000 
0.020 0.994 0.053 0.988 1.000 
0.013 0.995 0.045 0.990 0.997 
0.011 0.997 0.062 0.988 1.000 
0.012 0.996 0.053 0.990 0.994 
0.015 0.996 0.064 0.990 1.000 
0.023 0.995 0.055 0.983 0.990 
0.021 0.994 0.053 0.988 1.000 
0.008 0.997 0.057 0.988 1.000 
0.015 0.996 0.062 0.990 0.994 
0.023 0.993 0.070 0.978 1.000 
0.016 0.996 0.088 0.973 0.997 
0.021 0.994 0.069 0.978 1.000 
0.007 0.999 0.047 0.990 1.000 
0.010 0.997 0.075 0.978 1.000 
0.010 0.996 0.072 0.990 1.000 
0.020 0.994 0.043 0.993 1.000 
0.034 0.993 0.052 0.988 1.000 
0.013 0.995 0.110 0.988 0.987 
0.018 0.996 0.048 0.993 1.000 
0.011 0.997 0.083 0.990 1.000 
0.011 0.997 0.063 0.990 1.000 
0.008 0.996 0.105 0.988 0.997 
0.019 0.994 0.038 0.990 1.000 
0.012 0.997 0.044 0.990 1.000 
0.011 0.997 0.099 0.983 0.997 
0.009 0.998 0.126 0.985 0.997 
0.025 0.996 0.054 0.980 1.000 
0.030 0.994 0.052 0.988 1.000 
0.032 0.993 0.040 0.993 1.000 
0.021 0.994 0.083 0.968 1.000 
0.017 0.995 0.051 0.988 1.000 
0.016 0.995 0.049 0.990 1.000 
0.012 0.996 0.062 0.988 1.000 
0.012 0.996 0.057 0.988 1.000 
0.013 0.996 0.082 0.988 1.000 
0.010 0.996 0.070 0.990 1.000 
0.019 0.997 0.046 0.990 1.000 
0.020 0.993 0.091 0.968 1.000 
0.010 0.996 0.072 0.990 1.000 
0.015 0.996 0.043 0.990 1.000 
0.018 0.995 0.071 0.983 1.000 
0.012 0.996 0.048 0.990 1.000 
0.014 0.994 0.097 0.968 1.000 
0.011 0.995 0.095 0.970 1.000 
0.018 0.993 0.083 0.980 1.000 
0.019 0.997 0.049 0.988 1.000 
0.014 0.994 0.068 0.983 1.000 
0.015 0.994 0.054 0.988 0.997 
0.010 0.996 0.047 0.988 1.000 
0.010 0.998 0.045 0.990 1.000 
0.009 0.997 0.056 0.985 0.994 
0.013 0.996 0.074 0.990 0.997 
0.018 0.994 0.067 0.985 0.994 
0.023 0.994 0.060 0.983 1.000 
0.010 0.997 0.057 0.985 1.000 
0.006 0.998 0.060 0.985 1.000 
0.019 0.996 0.084 0.985 0.997 
0.018 0.995 0.047 0.990 0.997 
0.010 0.998 0.067 0.990 0.997 
0.021 0.995 0.052 0.985 1.000 
0.021 0.996 0.073 0.978 0.997 
0.015 0.997 0.050 0.988 1.000 
0.016 0.997 0.161 0.970 0.984 
0.028 0.994 0.050 0.988 1.000 
0.018 0.997 0.108 0.960 1.000 
0.011 0.996 0.065 0.985 0.997 
0.019 0.995 0.058 0.983 1.000 
0.017 0.994 0.056 0.985 1.000 
0.015 0.996 0.044 0.985 1.000 
0.010 0.997 0.100 0.983 1.000 
0.011 0.997 0.103 0.983 0.892 
0.020 0.995 0.050 0.988 0.997 
0.020 0.995 0.046 0.990 0.997 
0.014 0.996 0.079 0.975 0.997 
0.012 0.996 0.065 0.988 1.000 
0.008 0.997 0.117 0.980 0.990 
0.019 0.996 0.058 0.985 1.000 
0.009 0.997 0.062 0.985 1.000 
0.016 0.992 0.057 0.990 1.000 
0.014 0.995 0.054 0.988 1.000 
0.012 0.997 0.073 0.978 1.000 
0.012 0.996 0.081 0.983 0.994 
0.006 0.998 0.082 0.985 0.997 
0.014 0.995 0.075 0.980 1.000 
0.026 0.997 0.061 0.985 1.000 
0.016 0.996 0.082 0.978 0.997 
0.019 0.994 0.079 0.988 1.000 
0.011 0.997 0.116 0.980 1.000 
0.010 0.997 0.068 0.985 1.000 
0.023 0.994 0.149 0.948 0.971 
0.009 0.997 0.069 0.983 1.000 
0.022 0.995 0.053 0.988 1.000 
0.022 0.995 0.089 0.975 0.911 
0.020 0.993 0.123 0.950 0.962 
0.013 0.996 0.081 0.985 1.000 
0.016 0.997 0.073 0.980 1.000 
0.017 0.992 0.061 0.985 1.000 
0.012 0.994 0.054 0.983 1.000 
0.015 0.995 0.055 0.985 1.000 
0.005 0.999 0.082 0.988 1.000 
0.019 0.994 0.056 0.990 1.000 
0.012 0.996 0.132 0.985 0.997 
0.016 0.995 0.055 0.985 1.000 
0.017 0.995 0.073 0.983 0.997 
0.009 0.998 0.045 0.990 1.000 
0.009 0.996 0.083 0.988 0.997 
0.019 0.996 0.050 0.990 0.990 
0.013 0.996 0.068 0.990 1.000 
0.023 0.997 0.057 0.990 1.000 
0.009 0.997 0.073 0.988 1.000 
0.013 0.997 0.061 0.985 1.000 
0.020 0.994 0.103 0.968 0.994 
0.011 0.996 0.054 0.993 1.000 
0.022 0.994 0.094 0.985 1.000 
0.010 0.997 0.064 0.980 1.000 
0.024 0.995 0.060 0.988 1.000 
0.010 0.997 0.082 0.985 1.000 
0.009 0.997 0.089 0.985 0.997 
0.012 0.996 0.053 0.985 1.000 
0.021 0.994 0.065 0.985 1.000 
0.013 0.996 0.093 0.978 1.000 
0.008 0.997 0.071 0.988 1.000 
0.018 0.995 0.045 0.990 1.000 
0.010 0.996 0.075 0.988 1.000 
0.011 0.996 0.110 0.988 1.000 
0.018 0.996 0.064 0.978 1.000 
0.016 0.994 0.121 0.983 0.997 
0.018 0.996 0.058 0.988 1.000 
0.021 0.994 0.050 0.988 0.997 
0.017 0.995 0.105 0.965 1.000 
0.020 0.994 0.049 0.990 1.000 
0.011 0.996 0.113 0.988 1.000 
0.011 0.998 0.097 0.990 1.000 
0.023 0.995 0.089 0.988 1.000 
0.026 0.995 0.050 0.985 1.000 
0.023 0.993 0.088 0.968 0.990 
0.021 0.995 0.094 0.965 0.968 
0.010 0.997 0.053 0.988 1.000 
0.014 0.996 0.138 0.953 0.990 
0.017 0.996 0.065 0.980 1.000 
0.010 0.997 0.041 0.993 1.000 
0.018 0.995 0.083 0.988 1.000 
0.015 0.994 0.064 0.983 1.000 
0.010 0.996 0.057 0.988 1.000 
0.015 0.997 0.057 0.990 1.000 
0.023 0.997 0.051 0.985 0.990 
0.011 0.997 0.055 0.985 1.000 
0.013 0.997 0.042 0.990 1.000 
0.010 0.997 0.058 0.990 0.990 
0.016 0.995 0.054 0.985 1.000 
0.010 0.998 0.064 0.985 1.000 
0.015 0.997 0.088 0.983 0.994 
0.023 0.995 0.041 0.990 1.000 
0.008 0.999 0.060 0.988 0.997 
0.013 0.996 0.046 0.985 1.000 
0.011 0.997 0.090 0.978 0.994 
0.018 0.995 0.044 0.988 1.000 
0.016 0.996 0.054 0.988 0.997 
0.021 0.996 0.069 0.980 0.978 
0.013 0.995 0.075 0.985 0.997 
0.011 0.997 0.076 0.978 0.990 
0.014 0.996 0.058 0.988 1.000 
0.015 0.997 0.079 0.973 0.978 
0.019 0.995 0.068 0.988 1.000 
0.016 0.994 0.080 0.980 1.000 
0.019 0.995 0.050 0.990 0.997 
0.015 0.996 0.081 0.993 1.000 
0.012 0.997 0.100 0.985 0.990 
0.015 0.997 0.051 0.990 0.997 
0.012 0.996 0.044 0.993 0.997 
0.008 0.997 0.045 0.988 0.997 
0.013 0.997 0.044 0.988 0.994 
0.015 0.994 0.049 0.990 1.000 
0.030 0.994 0.051 0.988 0.997 
0.013 0.995 0.075 0.988 1.000 
0.014 0.995 0.059 0.988 0.997 
0.008 0.997 0.073 0.988 0.990 
0.014 0.997 0.059 0.988 0.997 
0.016 0.996 0.049 0.988 1.000 
0.017 0.997 0.145 0.985 1.000 
0.015 0.995 0.050 0.988 1.000 
0.003 0.998 0.097 0.990 1.000 
0.019 0.995 0.049 0.988 0.997 
0.016 0.996 0.069 0.985 1.000 
0.013 0.997 0.079 0.980 0.990 
0.013 0.997 0.090 0.988 1.000 
0.023 0.992 0.055 0.990 0.997 
0.008 0.996 0.042 0.990 0.997 
0.018 0.995 0.048 0.990 0.997 
0.025 0.992 0.057 0.988 0.997 
0.017 0.996 0.054 0.985 1.000 
0.024 0.993 0.042 0.990 1.000 
0.012 0.997 0.069 0.983 0.997 
0.011 0.998 0.044 0.990 0.987 
0.007 0.998 0.043 0.988 1.000 
0.010 0.997 0.081 0.985 0.997 
0.011 0.996 0.059 0.985 1.000 
0.016 0.995 0.045 0.990 1.000 
0.018 0.996 0.058 0.985 0.987 
0.011 0.996 0.068 0.990 0.994 
0.015 0.994 0.116 0.975 0.984 
0.011 0.996 0.082 0.985 0.994 
0.014 0.997 0.056 0.988 1.000 
0.014 0.996 0.064 0.978 1.000 
0.013 0.996 0.040 0.990 1.000 
0.016 0.995 0.058 0.985 1.000 
0.015 0.995 0.077 0.980 1.000 
0.018 0.995 0.057 0.983 0.997 
0.009 0.997 0.043 0.990 1.000 
0.007 0.998 0.061 0.985 1.000 
0.018 0.994 0.046 0.990 1.000 
0.013 0.996 0.074 0.988 0.997 
0.009 0.997 0.050 0.988 0.997 
0.010 0.995 0.090 0.983 0.997 
0.009 0.997 0.046 0.988 1.000 
0.020 0.995 0.074 0.983 0.997 
0.012 0.996 0.063 0.980 1.000 
0.012 0.996 0.083 0.985 0.997 
0.019 0.994 0.061 0.985 0.994 
0.009 0.997 0.074 0.985 0.997 
0.010 0.997 0.061 0.983 1.000 
0.011 0.997 0.074 0.980 1.000 
0.016 0.996 0.087 0.975 1.000 
0.022 0.992 0.072 0.985 0.997 
0.024 0.994 0.103 0.973 1.000 
0.018 0.996 0.043 0.990 1.000 
0.013 0.995 0.042 0.990 1.000 
0.016 0.995 0.053 0.988 1.000 
0.004 0.999 0.055 0.988 1.000 
0.017 0.996 0.040 0.990 1.000 
0.020 0.993 0.047 0.988 1.000 
0.008 0.997 0.054 0.990 1.000 
0.022 0.996 0.056 0.983 1.000 
0.014 0.995 0.066 0.975 1.000 
0.006 0.997 0.083 0.978 0.994 
0.015 0.995 0.088 0.985 0.990 
0.013 0.997 0.058 0.983 1.000 
0.024 0.995 0.055 0.983 1.000 
0.018 0.994 0.056 0.980 0.997 
0.016 0.996 0.042 0.990 1.000 
0.010 0.998 0.051 0.985 1.000 
0.018 0.995 0.069 0.980 1.000 
0.021 0.995 0.044 0.993 1.000 
0.011 0.996 0.051 0.990 1.000 
0.011 0.996 0.085 0.988 0.997 
0.011 0.996 0.059 0.990 1.000 
0.008 0.997 0.055 0.985 1.000 
0.015 0.996 0.065 0.983 1.000 
0.020 0.997 0.045 0.988 0.990 
0.014 0.995 0.042 0.990 1.000 
0.013 0.997 0.049 0.990 1.000 
0.016 0.995 0.042 0.990 0.990 
0.008 0.997 0.047 0.990 1.000 
0.014 0.996 0.042 0.990 1.000 
0.013 0.996 0.099 0.983 1.000 
0.021 0.995 0.051 0.988 1.000 
0.021 0.996 0.086 0.978 0.990 
0.009 0.998 0.078 0.988 1.000 
0.020 0.994 0.044 0.988 1.000 
0.016 0.995 0.043 0.990 1.000 
0.009 0.997 0.062 0.988 1.000 
0.018 0.995 0.067 0.988 0.997 
0.007 0.998 0.055 0.988 1.000 
0.012 0.997 0.056 0.988 1.000 
0.016 0.995 0.045 0.990 1.000 
0.033 0.992 0.050 0.993 0.997 
0.016 0.996 0.086 0.975 0.987 
0.010 0.996 0.054 0.990 0.997 
0.017 0.995 0.054 0.985 1.000 
0.021 0.995 0.080 0.973 1.000 
0.009 0.997 0.048 0.988 1.000 
0.008 0.998 0.056 0.990 1.000 
0.013 0.994 0.050 0.990 0.997 
0.014 0.996 0.062 0.985 0.997 
0.017 0.996 0.113 0.978 0.994 
0.034 0.990 0.076 0.990 0.997 
0.015 0.996 0.047 0.985 0.997 
0.038 0.996 0.702 0.973 0.997 
0.078 0.994 0.045 0.990 1.000 
0.009 0.997 0.082 0.983 0.997 
0.024 0.995 0.037 0.993 1.000 
0.011 0.996 0.055 0.990 1.000 
0.020 0.994 0.044 0.990 1.000 
0.010 0.997 0.107 0.980 0.994 
0.035 0.995 0.050 0.990 0.987 
0.013 0.996 0.042 0.990 1.000 
0.018 0.995 0.047 0.990 0.994 
0.013 0.996 0.105 0.968 0.987 
0.019 0.995 0.064 0.980 1.000 
0.007 0.998 0.079 0.988 0.997 
0.014 0.996 0.046 0.990 0.994 
0.011 0.996 0.042 0.993 1.000 
0.007 0.998 0.041 0.993 1.000 
0.027 0.993 0.061 0.980 1.000 
0.023 0.993 0.056 0.983 0.987 
0.016 0.997 0.085 0.973 1.000 
0.021 0.994 0.073 0.983 0.990 
0.007 0.999 0.063 0.985 0.994 
0.017 0.995 0.080 0.988 0.994 
0.019 0.996 0.063 0.975 1.000 
0.012 0.997 0.100 0.973 0.994 
0.020 0.994 0.039 0.993 1.000 
0.020 0.993 0.046 0.985 1.000 
0.005 0.998 0.046 0.990 1.000 
0.018 0.996 0.049 0.990 0.997 
0.023 0.994 0.043 0.990 0.990 
0.011 0.997 0.040 0.990 0.994 
0.011 0.997 0.034 0.990 1.000 
0.017 0.996 0.057 0.980 1.000 
0.013 0.996 0.049 0.988 1.000 
0.012 0.997 0.057 0.990 0.994 
0.017 0.995 0.093 0.970 1.000 
0.020 0.995 0.100 0.973 0.968 
0.017 0.994 0.044 0.990 1.000 
0.014 0.996 0.073 0.978 0.990 
0.011 0.996 0.076 0.988 0.994 
0.021 0.996 0.061 0.983 0.997 
0.010 0.998 0.054 0.990 0.990 
0.005 0.998 0.058 0.990 1.000 
0.015 0.996 0.053 0.990 1.000 
0.012 0.996 0.111 0.990 0.987 
0.023 0.995 0.045 0.990 1.000 
0.010 0.997 0.039 0.993 1.000 
0.016 0.997 0.069 0.993 1.000 
0.020 0.996 0.113 0.985 1.000 
0.009 0.997 0.083 0.990 1.000 
0.018 0.996 0.130 0.950 0.981 
0.014 0.996 0.064 0.985 0.997 
0.011 0.996 0.086 0.978 1.000 
0.026 0.996 0.059 0.983 1.000 
0.025 0.993 0.215 0.988 1.000 
0.014 0.996 0.088 0.985 1.000 
0.011 0.996 0.067 0.990 1.000 
0.010 0.996 0.113 0.985 1.000 
0.013 0.998 0.062 0.983 0.987 
0.009 0.996 0.080 0.990 0.997 
0.027 0.994 0.047 0.990 1.000 
0.006 0.997 0.048 0.988 1.000 
0.008 0.997 0.046 0.990 1.000 
0.016 0.995 0.107 0.970 0.997 
0.019 0.995 0.043 0.990 1.000 
0.009 0.997 0.066 0.985 1.000 
0.011 0.997 0.060 0.985 1.000 
0.019 0.993 0.168 0.983 1.000 
0.017 0.995 0.062 0.978 0.994 
0.019 0.994 0.063 0.985 0.962 
0.011 0.997 0.056 0.985 0.997 
0.015 0.996 0.047 0.988 1.000 
0.011 0.997 0.053 0.990 1.000 
0.013 0.997 0.042 0.990 1.000 
0.016 0.995 0.053 0.983 1.000 
0.006 0.998 0.047 0.993 0.997 
0.023 0.995 0.056 0.990 1.000 
0.009 0.997 0.053 0.990 1.000 
0.010 0.998 0.055 0.988 1.000 
0.018 0.996 0.049 0.983 1.000 
0.005 0.998 0.122 0.990 0.997 
0.017 0.995 0.067 0.980 1.000 
0.005 0.999 0.071 0.990 0.997 
0.019 0.994 0.052 0.990 1.000 
0.009 0.997 0.068 0.988 0.994 
0.023 0.994 0.047 0.988 1.000 
0.011 0.995 0.068 0.988 0.994 
0.019 0.994 0.074 0.980 0.990 
0.017 0.996 0.058 0.985 1.000 
0.015 0.997 0.077 0.980 0.997 
0.015 0.995 0.081 0.988 1.000 
0.029 0.993 0.046 0.988 0.997 
0.014 0.995 0.052 0.985 0.994 
0.011 0.997 0.057 0.988 1.000 
0.015 0.996 0.052 0.988 1.000 
0.005 0.999 0.058 0.988 1.000 
0.017 0.996 0.044 0.990 1.000 
0.013 0.996 0.072 0.978 1.000 
0.013 0.996 0.092 0.983 1.000 
0.009 0.996 0.111 0.988 0.997 
0.034 0.993 0.067 0.978 1.000 
0.014 0.995 0.045 0.990 1.000 
0.012 0.996 0.078 0.978 1.000 
0.005 0.998 0.114 0.983 1.000 
0.012 0.997 0.065 0.990 0.997 
0.030 0.996 0.087 0.983 0.981 
0.015 0.994 0.109 0.968 1.000 
0.018 0.994 0.055 0.988 0.997 
0.015 0.996 0.058 0.990 1.000 
0.018 0.996 0.078 0.985 0.997 
0.013 0.998 0.131 0.985 1.000 
0.019 0.996 0.099 0.988 0.994 
0.013 0.995 0.078 0.985 0.997 
0.012 0.996 0.124 0.988 0.997 
0.012 0.995 0.152 0.975 0.994 
0.032 0.996 0.071 0.983 0.997 
0.021 0.995 0.057 0.990 0.997 
0.013 0.996 0.066 0.985 1.000 
0.016 0.997 0.049 0.985 0.994 
0.009 0.998 0.063 0.980 0.997 
0.014 0.995 0.080 0.973 1.000 
0.032 0.991 0.081 0.983 0.981 
0.011 0.997 0.079 0.988 0.997 
0.005 0.998 0.123 0.978 0.997 
0.013 0.996 0.050 0.990 0.997 
0.011 0.996 0.061 0.990 1.000 
0.012 0.996 0.156 0.975 0.997 
0.011 0.997 0.093 0.980 1.000 
0.010 0.997 0.077 0.978 0.997 
0.009 0.997 0.093 0.975 1.000 
0.015 0.995 0.065 0.980 1.000 
0.015 0.996 0.074 0.975 1.000 
0.018 0.996 0.061 0.988 1.000 
0.017 0.995 0.067 0.983 0.997 
0.014 0.996 0.049 0.985 1.000 
0.013 0.997 0.073 0.980 1.000 
0.036 0.992 0.044 0.990 1.000 
0.015 0.996 0.065 0.988 0.997 
0.012 0.997 0.062 0.990 0.997 
0.050 0.995 0.062 0.980 0.997 
0.010 0.997 0.064 0.983 1.000 
0.009 0.998 0.075 0.980 0.997 
0.020 0.995 0.043 0.993 0.981 
0.004 0.999 0.051 0.993 0.975 
0.019 0.994 0.132 0.955 0.997 
0.017 0.996 0.048 0.990 0.994 
0.013 0.997 0.075 0.983 0.981 
0.015 0.995 0.065 0.983 1.000 
0.012 0.998 0.061 0.985 0.994 
0.024 0.994 0.049 0.985 1.000 
0.016 0.996 0.050 0.988 1.000 
0.009 0.998 0.084 0.983 1.000 
0.010 0.996 0.081 0.978 0.990 
0.011 0.997 0.093 0.975 0.997 
0.023 0.994 0.055 0.990 1.000 
0.013 0.996 0.082 0.990 1.000 
0.017 0.997 0.055 0.988 1.000 
0.017 0.996 0.058 0.988 1.000 
