0.454 0.806 0.217 0.963 0.534 
0.315 0.873 0.170 0.963 0.570 
0.288 0.891 0.151 0.963 0.352 
0.269 0.901 0.191 0.980 0.707 
0.246 0.905 0.145 0.965 0.549 
0.238 0.912 0.174 0.953 0.710 
0.218 0.917 0.128 0.975 0.740 
0.222 0.917 0.114 0.960 0.740 
0.205 0.928 0.116 0.953 0.609 
0.210 0.922 0.123 0.975 0.896 
0.204 0.929 0.119 0.978 0.839 
0.196 0.927 0.190 0.970 0.940 
0.185 0.933 0.193 0.968 0.934 
0.189 0.935 0.121 0.965 0.788 
0.182 0.932 0.145 0.980 0.872 
0.201 0.929 0.144 0.978 0.934 
0.176 0.939 0.114 0.985 0.767 
0.172 0.940 0.131 0.978 0.910 
0.163 0.937 0.124 0.973 0.854 
0.159 0.946 0.161 0.968 0.919 
0.168 0.939 0.114 0.963 0.863 
0.146 0.949 0.124 0.978 0.937 
0.161 0.941 0.092 0.980 0.890 
0.172 0.938 0.140 0.983 0.916 
0.148 0.951 0.127 0.985 0.934 
0.154 0.945 0.097 0.978 0.937 
0.164 0.936 0.097 0.978 0.881 
0.160 0.941 0.086 0.980 0.890 
0.147 0.947 0.128 0.973 0.931 
0.155 0.945 0.169 0.978 0.955 
0.158 0.946 0.146 0.980 0.910 
0.139 0.953 0.159 0.978 0.937 
0.134 0.947 0.064 0.980 0.839 
0.142 0.953 0.091 0.970 0.806 
0.117 0.954 0.123 0.970 0.943 
0.133 0.955 0.079 0.983 0.925 
0.114 0.957 0.142 0.968 0.964 
0.138 0.951 0.068 0.980 0.901 
0.136 0.957 0.108 0.980 0.934 
0.127 0.960 0.100 0.988 0.928 
0.136 0.952 0.097 0.978 0.940 
0.136 0.954 0.098 0.975 0.943 
0.127 0.947 0.090 0.985 0.928 
0.123 0.958 0.083 0.980 0.928 
0.118 0.962 0.109 0.980 0.961 
0.124 0.955 0.119 0.973 0.934 
0.122 0.964 0.118 0.980 0.961 
0.116 0.957 0.116 0.963 0.913 
0.105 0.965 0.106 0.963 0.869 
0.113 0.964 0.093 0.978 0.919 
0.113 0.958 0.187 0.955 0.964 
0.129 0.954 0.116 0.973 0.949 
0.120 0.958 0.132 0.970 0.937 
0.111 0.964 0.119 0.985 0.934 
0.116 0.961 0.107 0.975 0.925 
0.103 0.963 0.136 0.968 0.916 
0.106 0.958 0.075 0.978 0.901 
0.109 0.965 0.091 0.973 0.925 
0.111 0.960 0.165 0.963 0.973 
0.115 0.961 0.097 0.975 0.863 
0.115 0.959 0.110 0.983 0.937 
0.104 0.963 0.149 0.975 0.943 
0.110 0.963 0.146 0.968 0.973 
0.115 0.960 0.114 0.985 0.949 
0.109 0.965 0.115 0.970 0.839 
0.100 0.971 0.111 0.975 0.961 
0.112 0.961 0.111 0.965 0.854 
0.112 0.959 0.094 0.983 0.922 
0.098 0.968 0.188 0.945 0.976 
0.102 0.961 0.225 0.935 0.979 
0.105 0.965 0.088 0.980 0.910 
0.102 0.965 0.133 0.978 0.955 
0.105 0.961 0.144 0.973 0.967 
0.096 0.966 0.086 0.980 0.946 
0.097 0.965 0.100 0.980 0.922 
0.106 0.965 0.181 0.978 0.967 
0.100 0.966 0.090 0.978 0.896 
0.097 0.970 0.096 0.980 0.925 
0.097 0.967 0.077 0.985 0.928 
0.104 0.964 0.148 0.988 0.961 
0.098 0.965 0.074 0.983 0.910 
0.097 0.966 0.127 0.980 0.967 
0.093 0.970 0.134 0.980 0.958 
0.093 0.970 0.096 0.980 0.940 
0.088 0.973 0.108 0.988 0.946 
0.096 0.969 0.105 0.983 0.952 
0.087 0.969 0.086 0.988 0.931 
0.098 0.965 0.175 0.953 0.973 
0.094 0.969 0.104 0.988 0.955 
0.089 0.970 0.120 0.980 0.958 
0.082 0.976 0.253 0.922 0.973 
0.098 0.967 0.167 0.968 0.955 
0.098 0.966 0.142 0.980 0.961 
0.093 0.970 0.134 0.978 0.952 
0.098 0.969 0.127 0.985 0.913 
0.088 0.971 0.111 0.983 0.961 
0.089 0.972 0.087 0.983 0.949 
0.089 0.972 0.126 0.983 0.967 
0.091 0.968 0.144 0.968 0.970 
0.094 0.968 0.059 0.990 0.863 
0.081 0.970 0.081 0.990 0.940 
0.112 0.955 0.076 0.988 0.916 
0.092 0.969 0.090 0.988 0.928 
0.101 0.968 0.093 0.988 0.946 
0.091 0.976 0.106 0.988 0.964 
0.092 0.969 0.103 0.983 0.961 
0.088 0.972 0.180 0.938 0.979 
0.076 0.976 0.101 0.978 0.961 
0.101 0.970 0.146 0.978 0.964 
0.092 0.967 0.182 0.963 0.967 
0.090 0.968 0.126 0.983 0.958 
0.092 0.967 0.113 0.985 0.958 
0.087 0.972 0.098 0.983 0.952 
0.085 0.970 0.111 0.985 0.964 
0.089 0.970 0.088 0.988 0.958 
0.079 0.971 0.114 0.988 0.964 
0.078 0.974 0.117 0.988 0.958 
0.083 0.973 0.154 0.953 0.973 
0.078 0.974 0.156 0.973 0.961 
0.088 0.974 0.112 0.980 0.949 
0.101 0.973 0.080 0.985 0.937 
0.079 0.977 0.118 0.983 0.949 
0.071 0.976 0.090 0.985 0.952 
0.078 0.974 0.125 0.973 0.970 
0.093 0.967 0.077 0.990 0.943 
0.081 0.975 0.064 0.988 0.925 
0.072 0.979 0.143 0.980 0.967 
0.082 0.971 0.080 0.990 0.931 
0.086 0.975 0.142 0.988 0.952 
0.084 0.976 0.100 0.985 0.964 
0.072 0.977 0.081 0.990 0.958 
0.085 0.972 0.073 0.988 0.949 
0.098 0.968 0.087 0.988 0.940 
0.086 0.976 0.047 0.990 0.919 
0.074 0.977 0.078 0.993 0.928 
0.088 0.970 0.103 0.985 0.955 
0.088 0.970 0.100 0.988 0.940 
0.092 0.971 0.077 0.988 0.931 
0.068 0.979 0.171 0.955 0.979 
0.074 0.977 0.055 0.990 0.925 
0.072 0.974 0.114 0.985 0.958 
0.080 0.973 0.081 0.988 0.946 
0.072 0.978 0.057 0.990 0.910 
0.080 0.974 0.078 0.985 0.931 
0.073 0.975 0.076 0.990 0.928 
0.082 0.970 0.087 0.985 0.943 
0.080 0.970 0.070 0.985 0.881 
0.074 0.974 0.070 0.990 0.937 
0.075 0.977 0.141 0.973 0.955 
0.079 0.976 0.124 0.983 0.970 
0.080 0.971 0.069 0.990 0.937 
0.074 0.970 0.110 0.988 0.946 
0.081 0.972 0.140 0.978 0.982 
0.074 0.977 0.079 0.990 0.943 
0.075 0.974 0.105 0.988 0.964 
0.071 0.982 0.111 0.980 0.893 
0.077 0.971 0.064 0.988 0.925 
0.078 0.971 0.092 0.980 0.940 
0.073 0.977 0.134 0.985 0.955 
0.066 0.976 0.087 0.980 0.937 
0.087 0.971 0.106 0.988 0.958 
0.081 0.976 0.079 0.990 0.937 
0.086 0.966 0.071 0.990 0.940 
0.066 0.978 0.082 0.988 0.964 
0.074 0.979 0.135 0.980 0.964 
0.077 0.976 0.103 0.990 0.931 
0.068 0.977 0.181 0.965 0.970 
0.079 0.976 0.125 0.983 0.961 
0.078 0.973 0.186 0.948 0.973 
0.052 0.980 0.153 0.948 0.979 
0.076 0.974 0.106 0.980 0.967 
0.069 0.976 0.093 0.990 0.940 
0.056 0.981 0.108 0.988 0.952 
0.091 0.971 0.061 0.988 0.934 
0.063 0.979 0.078 0.985 0.922 
0.081 0.974 0.215 0.968 0.976 
0.079 0.974 0.094 0.983 0.910 
0.068 0.978 0.107 0.990 0.949 
0.063 0.978 0.111 0.983 0.964 
0.077 0.976 0.193 0.953 0.979 
0.074 0.974 0.082 0.990 0.949 
0.077 0.976 0.147 0.965 0.979 
0.087 0.973 0.124 0.983 0.964 
0.061 0.982 0.080 0.985 0.931 
0.081 0.972 0.114 0.980 0.967 
0.068 0.978 0.232 0.932 0.985 
0.065 0.979 0.116 0.985 0.967 
0.056 0.981 0.158 0.963 0.970 
0.065 0.980 0.115 0.983 0.964 
0.070 0.979 0.088 0.980 0.946 
0.062 0.978 0.226 0.970 0.979 
0.078 0.976 0.135 0.983 0.964 
0.077 0.981 0.098 0.990 0.946 
0.066 0.974 0.089 0.985 0.907 
0.079 0.974 0.183 0.968 0.979 
0.065 0.979 0.223 0.953 0.982 
0.063 0.979 0.215 0.955 0.979 
0.082 0.972 0.140 0.973 0.958 
0.068 0.979 0.074 0.990 0.937 
0.068 0.978 0.157 0.960 0.976 
0.074 0.975 0.128 0.988 0.943 
0.072 0.974 0.141 0.985 0.949 
0.077 0.976 0.130 0.980 0.964 
0.069 0.977 0.113 0.983 0.973 
0.063 0.980 0.071 0.988 0.949 
0.077 0.975 0.101 0.990 0.958 
0.072 0.978 0.088 0.988 0.925 
0.068 0.974 0.113 0.980 0.961 
0.061 0.977 0.102 0.985 0.949 
0.071 0.979 0.159 0.973 0.979 
0.074 0.976 0.149 0.975 0.973 
0.063 0.977 0.128 0.980 0.961 
0.065 0.978 0.180 0.965 0.967 
0.062 0.980 0.092 0.990 0.940 
0.088 0.971 0.083 0.985 0.946 
0.068 0.979 0.158 0.978 0.964 
0.064 0.978 0.151 0.983 0.955 
0.057 0.982 0.113 0.988 0.958 
0.068 0.978 0.116 0.985 0.949 
0.077 0.970 0.150 0.978 0.964 
0.065 0.978 0.118 0.985 0.946 
0.061 0.979 0.083 0.990 0.943 
0.057 0.978 0.107 0.985 0.955 
0.061 0.983 0.082 0.990 0.943 
0.063 0.980 0.134 0.990 0.934 
0.075 0.975 0.068 0.990 0.937 
0.068 0.979 0.099 0.983 0.946 
0.064 0.980 0.067 0.990 0.937 
0.067 0.980 0.073 0.988 0.925 
0.064 0.982 0.122 0.973 0.976 
0.079 0.974 0.082 0.985 0.943 
0.068 0.979 0.084 0.990 0.946 
0.054 0.983 0.103 0.985 0.961 
0.070 0.976 0.101 0.988 0.952 
0.065 0.980 0.092 0.990 0.904 
0.066 0.977 0.087 0.988 0.943 
0.067 0.977 0.112 0.983 0.961 
0.061 0.980 0.108 0.985 0.964 
0.057 0.982 0.097 0.983 0.952 
0.077 0.976 0.065 0.990 0.934 
0.070 0.978 0.060 0.993 0.931 
0.058 0.980 0.135 0.973 0.967 
0.051 0.982 0.094 0.980 0.949 
0.056 0.980 0.068 0.985 0.946 
0.055 0.980 0.100 0.988 0.958 
0.064 0.983 0.111 0.985 0.943 
0.059 0.984 0.161 0.970 0.976 
0.058 0.981 0.100 0.975 0.958 
0.070 0.976 0.121 0.978 0.961 
0.059 0.980 0.142 0.978 0.970 
0.053 0.982 0.089 0.990 0.943 
0.060 0.979 0.086 0.983 0.961 
0.063 0.978 0.135 0.975 0.970 
0.069 0.978 0.101 0.983 0.916 
0.065 0.977 0.109 0.980 0.946 
0.071 0.976 0.086 0.990 0.928 
0.062 0.979 0.173 0.973 0.961 
0.062 0.980 0.066 0.990 0.940 
0.052 0.986 0.070 0.988 0.922 
0.047 0.984 0.096 0.985 0.943 
0.065 0.979 0.121 0.983 0.964 
0.053 0.985 0.115 0.978 0.967 
0.073 0.977 0.100 0.988 0.946 
0.063 0.980 0.174 0.970 0.961 
0.069 0.979 0.145 0.975 0.967 
0.050 0.980 0.123 0.983 0.961 
0.059 0.982 0.106 0.975 0.961 
0.058 0.984 0.059 0.985 0.949 
0.062 0.976 0.093 0.975 0.967 
0.060 0.982 0.071 0.990 0.937 
0.053 0.983 0.105 0.985 0.958 
0.076 0.977 0.109 0.983 0.928 
0.054 0.979 0.078 0.988 0.958 
0.053 0.984 0.166 0.963 0.964 
0.057 0.980 0.113 0.978 0.961 
0.064 0.979 0.098 0.985 0.949 
0.066 0.974 0.097 0.983 0.931 
0.055 0.979 0.150 0.950 0.979 
0.050 0.985 0.230 0.932 0.976 
0.068 0.978 0.052 0.988 0.937 
0.063 0.975 0.178 0.965 0.973 
0.053 0.982 0.065 0.988 0.946 
0.064 0.981 0.088 0.985 0.946 
0.059 0.983 0.189 0.983 0.973 
0.071 0.979 0.196 0.978 0.964 
0.056 0.980 0.120 0.988 0.961 
0.057 0.982 0.134 0.980 0.958 
0.060 0.982 0.086 0.985 0.949 
0.063 0.978 0.188 0.968 0.973 
0.055 0.979 0.127 0.978 0.970 
0.064 0.973 0.087 0.988 0.958 
0.060 0.980 0.145 0.980 0.973 
0.050 0.984 0.106 0.983 0.955 
0.045 0.983 0.126 0.978 0.976 
0.064 0.984 0.124 0.970 0.970 
0.055 0.983 0.115 0.980 0.967 
0.061 0.980 0.089 0.985 0.958 
0.068 0.976 0.103 0.970 0.958 
0.054 0.982 0.095 0.978 0.961 
0.062 0.981 0.085 0.978 0.952 
0.059 0.981 0.140 0.980 0.958 
0.058 0.982 0.070 0.985 0.943 
0.054 0.983 0.125 0.965 0.964 
0.050 0.982 0.144 0.958 0.967 
0.050 0.980 0.110 0.985 0.952 
0.046 0.982 0.129 0.983 0.967 
0.066 0.977 0.086 0.988 0.946 
0.042 0.985 0.078 0.985 0.949 
0.053 0.982 0.061 0.990 0.943 
0.053 0.980 0.152 0.965 0.979 
0.054 0.982 0.096 0.985 0.961 
0.051 0.978 0.104 0.988 0.958 
0.052 0.984 0.096 0.983 0.964 
0.069 0.974 0.123 0.978 0.961 
0.053 0.983 0.103 0.985 0.958 
0.050 0.986 0.118 0.988 0.943 
0.053 0.982 0.100 0.983 0.961 
0.053 0.980 0.074 0.983 0.866 
0.051 0.986 0.096 0.990 0.958 
0.078 0.977 0.076 0.988 0.949 
0.049 0.984 0.081 0.988 0.955 
0.055 0.986 0.102 0.980 0.934 
0.060 0.980 0.107 0.988 0.955 
0.050 0.985 0.125 0.988 0.887 
0.045 0.985 0.110 0.975 0.955 
0.057 0.983 0.109 0.978 0.967 
0.058 0.980 0.060 0.990 0.946 
0.055 0.978 0.096 0.980 0.964 
0.049 0.980 0.108 0.968 0.967 
0.046 0.984 0.066 0.985 0.964 
0.050 0.983 0.041 0.990 0.937 
0.049 0.984 0.073 0.988 0.961 
0.048 0.985 0.138 0.973 0.976 
0.062 0.980 0.120 0.970 0.970 
0.046 0.985 0.098 0.970 0.961 
0.053 0.984 0.086 0.978 0.967 
0.050 0.985 0.094 0.983 0.970 
0.064 0.978 0.088 0.985 0.961 
0.048 0.983 0.053 0.990 0.946 
0.053 0.984 0.249 0.940 0.985 
0.045 0.988 0.089 0.980 0.961 
0.042 0.988 0.127 0.973 0.973 
0.048 0.985 0.080 0.983 0.964 
0.056 0.978 0.123 0.978 0.967 
0.052 0.982 0.219 0.978 0.970 
0.064 0.977 0.122 0.980 0.967 
0.046 0.984 0.123 0.978 0.949 
0.057 0.980 0.157 0.960 0.973 
0.055 0.983 0.056 0.990 0.943 
0.053 0.983 0.098 0.985 0.961 
0.057 0.982 0.141 0.980 0.958 
0.053 0.983 0.123 0.978 0.970 
0.055 0.979 0.074 0.988 0.958 
0.051 0.985 0.100 0.985 0.958 
0.062 0.977 0.120 0.985 0.949 
0.051 0.983 0.146 0.980 0.973 
0.055 0.982 0.096 0.988 0.958 
0.056 0.980 0.092 0.988 0.943 
0.045 0.984 0.157 0.980 0.961 
0.056 0.983 0.105 0.988 0.958 
0.060 0.979 0.117 0.988 0.955 
0.050 0.985 0.222 0.980 0.970 
0.046 0.982 0.083 0.985 0.943 
0.052 0.979 0.128 0.975 0.967 
0.041 0.987 0.107 0.980 0.961 
0.040 0.985 0.066 0.990 0.946 
0.055 0.980 0.062 0.985 0.952 
0.053 0.987 0.050 0.993 0.934 
0.038 0.986 0.071 0.985 0.964 
0.057 0.982 0.096 0.985 0.952 
0.054 0.981 0.119 0.985 0.955 
0.066 0.979 0.093 0.990 0.946 
0.056 0.980 0.102 0.990 0.952 
0.039 0.989 0.095 0.983 0.955 
0.056 0.979 0.053 0.990 0.937 
0.055 0.980 0.049 0.990 0.922 
0.047 0.986 0.224 0.980 0.976 
0.055 0.982 0.107 0.988 0.952 
0.058 0.982 0.071 0.988 0.922 
0.053 0.981 0.090 0.990 0.937 
0.065 0.977 0.142 0.990 0.940 
0.082 0.979 0.213 0.980 0.967 
0.058 0.984 0.192 0.983 0.964 
0.043 0.986 0.196 0.985 0.964 
0.062 0.982 0.165 0.985 0.967 
0.053 0.980 0.081 0.990 0.937 
0.046 0.985 0.084 0.990 0.937 
0.041 0.990 0.159 0.985 0.964 
0.037 0.989 0.357 0.927 0.982 
0.054 0.981 0.144 0.978 0.967 
0.047 0.984 0.049 0.990 0.931 
0.054 0.983 0.050 0.988 0.946 
0.047 0.982 0.115 0.985 0.955 
0.051 0.982 0.069 0.990 0.940 
0.037 0.986 0.162 0.955 0.973 
0.049 0.984 0.123 0.983 0.955 
0.063 0.980 0.084 0.985 0.949 
0.042 0.986 0.172 0.975 0.973 
0.057 0.986 0.298 0.973 0.970 
0.057 0.982 0.164 0.988 0.928 
0.049 0.987 0.266 0.963 0.979 
0.035 0.988 0.088 0.990 0.916 
0.050 0.986 0.184 0.975 0.970 
0.045 0.985 0.118 0.985 0.949 
0.049 0.981 0.128 0.985 0.961 
0.047 0.985 0.112 0.988 0.955 
0.051 0.985 0.108 0.983 0.940 
0.053 0.982 0.116 0.985 0.952 
0.051 0.985 0.135 0.973 0.961 
0.051 0.986 0.136 0.990 0.934 
0.045 0.983 0.121 0.985 0.949 
0.032 0.984 0.293 0.943 0.982 
0.042 0.988 0.165 0.975 0.964 
0.045 0.985 0.169 0.960 0.961 
0.046 0.988 0.183 0.978 0.964 
0.051 0.983 0.094 0.988 0.949 
0.055 0.981 0.141 0.975 0.955 
0.047 0.983 0.202 0.973 0.967 
0.048 0.984 0.274 0.968 0.976 
0.049 0.984 0.221 0.973 0.967 
0.044 0.983 0.126 0.988 0.943 
0.050 0.984 0.154 0.990 0.943 
0.054 0.979 0.105 0.990 0.943 
0.046 0.985 0.217 0.973 0.967 
0.065 0.978 0.123 0.983 0.958 
0.045 0.980 0.110 0.983 0.961 
0.053 0.984 0.131 0.988 0.961 
0.042 0.984 0.190 0.975 0.967 
0.061 0.978 0.130 0.988 0.967 
0.053 0.983 0.126 0.988 0.952 
0.048 0.983 0.173 0.978 0.976 
0.045 0.986 0.083 0.988 0.928 
0.046 0.985 0.149 0.980 0.970 
0.052 0.984 0.167 0.978 0.964 
0.049 0.986 0.125 0.980 0.967 
0.047 0.983 0.112 0.988 0.961 
0.057 0.984 0.122 0.975 0.967 
0.058 0.981 0.096 0.978 0.961 
0.051 0.985 0.255 0.940 0.955 
0.046 0.985 0.088 0.988 0.955 
0.039 0.988 0.098 0.983 0.958 
0.042 0.987 0.153 0.983 0.970 
0.049 0.985 0.079 0.990 0.937 
0.046 0.984 0.086 0.985 0.937 
0.056 0.982 0.080 0.988 0.946 
0.038 0.986 0.151 0.980 0.955 
0.045 0.984 0.111 0.985 0.928 
0.047 0.984 0.145 0.983 0.961 
0.070 0.976 0.074 0.983 0.955 
0.045 0.984 0.155 0.973 0.964 
0.042 0.984 0.146 0.980 0.958 
0.037 0.989 0.159 0.975 0.958 
0.051 0.981 0.081 0.985 0.940 
0.066 0.978 0.149 0.983 0.970 
0.052 0.983 0.151 0.968 0.970 
0.054 0.981 0.141 0.980 0.967 
0.046 0.986 0.132 0.985 0.949 
0.037 0.988 0.053 0.988 0.937 
0.053 0.984 0.094 0.988 0.949 
0.055 0.983 0.100 0.983 0.967 
0.053 0.980 0.139 0.973 0.970 
0.048 0.984 0.098 0.983 0.958 
0.055 0.982 0.055 0.990 0.910 
0.058 0.984 0.129 0.973 0.973 
0.050 0.984 0.072 0.985 0.949 
0.046 0.984 0.064 0.985 0.949 
0.054 0.986 0.088 0.988 0.940 
0.045 0.987 0.129 0.988 0.943 
0.048 0.985 0.104 0.985 0.949 
0.043 0.986 0.090 0.983 0.949 
0.050 0.984 0.156 0.970 0.970 
0.050 0.985 0.117 0.988 0.946 
0.075 0.980 0.096 0.970 0.851 
0.046 0.984 0.054 0.993 0.907 
0.041 0.987 0.053 0.988 0.881 
0.051 0.986 0.105 0.978 0.955 
0.043 0.985 0.090 0.990 0.937 
0.046 0.985 0.119 0.980 0.890 
0.046 0.984 0.143 0.983 0.961 
0.045 0.984 0.071 0.990 0.934 
0.047 0.981 0.119 0.985 0.931 
0.052 0.984 0.102 0.985 0.913 
0.045 0.986 0.162 0.978 0.964 
0.051 0.985 0.039 0.985 0.884 
0.047 0.985 0.060 0.988 0.946 
0.053 0.985 0.092 0.988 0.928 
0.042 0.985 0.186 0.973 0.946 
0.038 0.988 0.114 0.988 0.943 
0.050 0.983 0.089 0.973 0.958 
0.034 0.989 0.170 0.968 0.979 
0.050 0.987 0.087 0.990 0.943 
0.048 0.987 0.089 0.990 0.940 
0.056 0.980 0.066 0.988 0.940 
0.036 0.986 0.046 0.990 0.928 
0.049 0.982 0.061 0.988 0.931 
0.048 0.984 0.067 0.985 0.946 
0.042 0.986 0.075 0.988 0.940 
0.052 0.985 0.106 0.980 0.955 
0.047 0.983 0.046 0.983 0.937 
0.039 0.986 0.106 0.975 0.967 
0.050 0.985 0.102 0.980 0.896 
0.043 0.984 0.099 0.973 0.961 
0.038 0.988 0.087 0.975 0.958 
0.046 0.988 0.064 0.988 0.937 
0.047 0.987 0.107 0.978 0.949 
0.046 0.984 0.098 0.988 0.940 
0.038 0.987 0.216 0.975 0.967 
0.053 0.983 0.159 0.980 0.943 
0.046 0.985 0.176 0.975 0.964 
0.045 0.987 0.102 0.988 0.904 
0.057 0.979 0.222 0.963 0.976 
0.035 0.990 0.162 0.978 0.964 
0.034 0.989 0.160 0.985 0.955 
0.055 0.983 0.131 0.988 0.934 
0.044 0.985 0.191 0.963 0.973 
0.047 0.980 0.249 0.958 0.976 
0.050 0.984 0.123 0.978 0.952 
0.045 0.984 0.109 0.985 0.946 
0.045 0.984 0.215 0.973 0.976 
0.051 0.985 0.160 0.983 0.961 
0.055 0.984 0.129 0.980 0.964 
0.047 0.981 0.105 0.985 0.946 
0.037 0.985 0.168 0.985 0.955 
0.042 0.984 0.146 0.985 0.955 
0.031 0.990 0.150 0.985 0.958 
0.053 0.984 0.138 0.975 0.967 
0.042 0.986 0.183 0.975 0.967 
0.053 0.984 0.140 0.980 0.946 
0.045 0.984 0.176 0.968 0.976 
0.055 0.983 0.067 0.988 0.937 
0.041 0.985 0.087 0.988 0.943 
0.040 0.984 0.198 0.975 0.961 
0.057 0.983 0.111 0.975 0.955 
0.038 0.989 0.099 0.985 0.937 
0.044 0.986 0.063 0.988 0.931 
0.041 0.986 0.081 0.990 0.946 
0.046 0.988 0.125 0.988 0.952 
0.032 0.991 0.168 0.983 0.964 
0.054 0.988 0.134 0.988 0.937 
0.041 0.985 0.096 0.985 0.940 
0.050 0.984 0.130 0.990 0.952 
0.040 0.985 0.254 0.965 0.964 
0.051 0.986 0.248 0.960 0.979 
0.053 0.985 0.190 0.978 0.952 
0.051 0.984 0.143 0.983 0.952 
0.038 0.987 0.207 0.983 0.964 
0.050 0.984 0.196 0.983 0.955 
0.030 0.989 0.175 0.990 0.925 
0.044 0.982 0.182 0.985 0.949 
0.045 0.984 0.171 0.983 0.946 
0.042 0.985 0.187 0.988 0.934 
0.048 0.985 0.186 0.985 0.949 
0.042 0.986 0.127 0.990 0.943 
0.048 0.982 0.102 0.983 0.952 
0.043 0.988 0.152 0.980 0.964 
0.027 0.988 0.113 0.990 0.934 
0.060 0.984 0.085 0.983 0.952 
0.045 0.988 0.101 0.988 0.946 
0.040 0.987 0.094 0.990 0.949 
0.043 0.983 0.084 0.990 0.952 
0.051 0.983 0.069 0.988 0.949 
0.037 0.988 0.102 0.983 0.940 
0.043 0.983 0.121 0.990 0.955 
0.048 0.983 0.142 0.990 0.952 
0.044 0.986 0.101 0.988 0.940 
0.050 0.984 0.201 0.985 0.958 
0.042 0.985 0.123 0.985 0.952 
0.039 0.984 0.213 0.983 0.955 
0.031 0.991 0.209 0.985 0.952 
0.051 0.985 0.121 0.993 0.919 
0.049 0.984 0.226 0.980 0.958 
0.042 0.982 0.152 0.983 0.961 
0.050 0.986 0.123 0.985 0.946 
0.064 0.987 0.098 0.983 0.899 
0.052 0.980 0.093 0.988 0.919 
0.045 0.984 0.140 0.983 0.952 
0.032 0.989 0.104 0.985 0.937 
0.047 0.984 0.220 0.953 0.979 
0.049 0.988 0.142 0.970 0.958 
0.036 0.988 0.146 0.960 0.964 
0.050 0.988 0.088 0.988 0.943 
0.037 0.987 0.090 0.985 0.943 
0.044 0.987 0.086 0.985 0.946 
0.038 0.988 0.106 0.995 0.946 
0.058 0.986 0.127 0.988 0.949 
0.038 0.988 0.087 0.988 0.940 
0.040 0.988 0.055 0.988 0.919 
0.042 0.986 0.078 0.990 0.931 
0.036 0.990 0.105 0.983 0.946 
0.062 0.980 0.195 0.963 0.979 
0.048 0.986 0.104 0.978 0.961 
0.033 0.991 0.132 0.983 0.967 
0.044 0.983 0.078 0.990 0.922 
0.038 0.990 0.098 0.985 0.925 
0.055 0.980 0.100 0.983 0.949 
0.050 0.985 0.138 0.983 0.952 
0.044 0.988 0.069 0.990 0.928 
0.042 0.988 0.113 0.990 0.925 
0.055 0.980 0.083 0.990 0.919 
0.031 0.989 0.080 0.988 0.925 
0.046 0.987 0.098 0.985 0.946 
0.035 0.988 0.205 0.980 0.964 
0.045 0.986 0.129 0.988 0.943 
0.047 0.986 0.188 0.970 0.973 
0.043 0.986 0.097 0.990 0.940 
0.041 0.986 0.128 0.985 0.937 
0.047 0.984 0.085 0.990 0.943 
0.039 0.985 0.068 0.988 0.937 
0.036 0.988 0.103 0.985 0.958 
0.030 0.992 0.115 0.975 0.961 
0.036 0.989 0.140 0.968 0.964 
0.035 0.991 0.198 0.973 0.964 
0.045 0.982 0.116 0.985 0.955 
0.047 0.984 0.177 0.988 0.949 
0.045 0.989 0.243 0.988 0.946 
0.037 0.991 0.197 0.970 0.955 
0.042 0.984 0.164 0.980 0.946 
0.056 0.980 0.274 0.980 0.955 
0.037 0.988 0.263 0.985 0.952 
0.040 0.986 0.189 0.983 0.946 
0.036 0.988 0.319 0.978 0.970 
0.042 0.984 0.182 0.980 0.958 
0.046 0.984 0.089 0.985 0.943 
0.043 0.986 0.200 0.985 0.943 
0.031 0.989 0.133 0.983 0.946 
0.049 0.984 0.187 0.980 0.952 
0.040 0.986 0.217 0.968 0.967 
0.048 0.990 0.076 0.990 0.928 
0.033 0.989 0.150 0.983 0.946 
0.032 0.991 0.252 0.978 0.967 
0.036 0.989 0.161 0.973 0.961 
0.046 0.984 0.075 0.990 0.940 
0.047 0.983 0.104 0.983 0.943 
0.047 0.985 0.290 0.975 0.964 
0.048 0.986 0.191 0.978 0.952 
0.033 0.988 0.179 0.973 0.952 
0.049 0.981 0.174 0.975 0.964 
0.043 0.989 0.190 0.968 0.976 
0.030 0.991 0.197 0.985 0.955 
0.042 0.986 0.197 0.970 0.958 
0.045 0.987 0.118 0.983 0.925 
0.042 0.986 0.137 0.978 0.958 
0.042 0.989 0.211 0.975 0.970 
0.042 0.988 0.236 0.975 0.967 
0.048 0.984 0.189 0.975 0.967 
0.040 0.986 0.273 0.978 0.967 
0.057 0.982 0.234 0.980 0.961 
0.036 0.990 0.247 0.985 0.949 
0.039 0.990 0.170 0.988 0.937 
0.033 0.991 0.206 0.983 0.946 
0.031 0.990 0.266 0.975 0.958 
0.033 0.990 0.152 0.985 0.910 
0.048 0.983 0.168 0.978 0.937 
0.045 0.986 0.270 0.970 0.949 
0.034 0.989 0.322 0.983 0.952 
0.066 0.983 0.171 0.970 0.952 
0.034 0.989 0.109 0.983 0.943 
0.034 0.987 0.154 0.978 0.958 
0.035 0.987 0.184 0.978 0.961 
0.044 0.988 0.195 0.970 0.967 
0.050 0.982 0.201 0.975 0.952 
0.040 0.988 0.195 0.985 0.955 
0.043 0.987 0.237 0.958 0.973 
0.034 0.988 0.235 0.968 0.976 
0.042 0.984 0.268 0.970 0.967 
0.049 0.985 0.292 0.973 0.964 
0.031 0.991 0.194 0.988 0.940 
0.053 0.984 0.061 0.988 0.928 
0.049 0.984 0.137 0.990 0.928 
0.036 0.989 0.267 0.970 0.964 
0.036 0.990 0.227 0.983 0.931 
0.037 0.988 0.335 0.975 0.970 
0.040 0.986 0.269 0.970 0.958 
0.036 0.989 0.296 0.980 0.946 
0.039 0.989 0.153 0.985 0.928 
0.039 0.987 0.194 0.975 0.961 
0.037 0.989 0.264 0.963 0.961 
0.035 0.988 0.222 0.985 0.949 
0.033 0.989 0.208 0.970 0.952 
0.053 0.981 0.179 0.988 0.937 
0.039 0.983 0.097 0.990 0.940 
0.029 0.991 0.284 0.970 0.967 
0.038 0.989 0.187 0.968 0.970 
0.042 0.986 0.212 0.978 0.958 
0.036 0.987 0.118 0.978 0.949 
0.044 0.982 0.188 0.970 0.958 
0.053 0.983 0.085 0.978 0.952 
0.026 0.990 0.079 0.988 0.925 
0.035 0.988 0.172 0.983 0.946 
0.040 0.987 0.164 0.980 0.949 
0.045 0.984 0.177 0.973 0.955 
0.046 0.984 0.262 0.973 0.952 
0.043 0.988 0.236 0.980 0.952 
0.036 0.989 0.247 0.980 0.934 
0.043 0.987 0.116 0.983 0.940 
0.036 0.990 0.192 0.988 0.931 
0.055 0.981 0.226 0.978 0.949 
0.040 0.985 0.103 0.985 0.940 
0.033 0.990 0.287 0.983 0.952 
0.046 0.989 0.082 0.985 0.896 
0.052 0.983 0.224 0.975 0.964 
0.034 0.989 0.344 0.968 0.973 
0.045 0.985 0.143 0.983 0.949 
0.046 0.985 0.181 0.988 0.955 
0.045 0.985 0.165 0.985 0.943 
0.037 0.986 0.246 0.985 0.946 
0.039 0.985 0.244 0.980 0.958 
0.058 0.986 0.091 0.985 0.937 
0.038 0.988 0.064 0.988 0.937 
0.052 0.989 0.083 0.983 0.925 
0.050 0.986 0.151 0.978 0.946 
0.040 0.988 0.131 0.988 0.937 
0.036 0.987 0.203 0.988 0.952 
0.034 0.989 0.284 0.960 0.973 
0.044 0.987 0.111 0.988 0.955 
0.052 0.984 0.070 0.985 0.946 
0.044 0.989 0.083 0.983 0.958 
0.045 0.982 0.125 0.973 0.961 
0.032 0.986 0.244 0.963 0.979 
0.035 0.989 0.055 0.993 0.904 
0.035 0.988 0.204 0.978 0.952 
0.048 0.984 0.214 0.980 0.955 
0.037 0.988 0.185 0.978 0.964 
0.045 0.983 0.202 0.983 0.952 
0.044 0.988 0.226 0.980 0.964 
0.043 0.986 0.141 0.985 0.952 
0.025 0.990 0.140 0.988 0.934 
0.036 0.988 0.084 0.985 0.937 
0.040 0.988 0.123 0.985 0.943 
0.044 0.985 0.198 0.988 0.943 
0.054 0.982 0.065 0.983 0.934 
0.038 0.986 0.180 0.975 0.961 
0.033 0.990 0.125 0.990 0.940 
0.044 0.986 0.222 0.978 0.964 
0.044 0.985 0.240 0.985 0.952 
0.045 0.985 0.267 0.975 0.964 
0.035 0.988 0.275 0.975 0.961 
0.029 0.990 0.517 0.948 0.976 
0.048 0.987 0.244 0.973 0.955 
0.045 0.985 0.314 0.968 0.970 
0.039 0.989 0.225 0.988 0.949 
0.033 0.989 0.192 0.985 0.943 
0.039 0.991 0.268 0.973 0.958 
0.038 0.988 0.178 0.990 0.940 
0.029 0.989 0.172 0.985 0.946 
0.050 0.990 0.089 0.985 0.893 
0.037 0.988 0.264 0.978 0.955 
0.036 0.987 0.226 0.980 0.955 
0.053 0.982 0.160 0.985 0.949 
0.037 0.990 0.128 0.980 0.949 
0.034 0.990 0.088 0.980 0.940 
0.035 0.991 0.320 0.955 0.982 
0.040 0.986 0.103 0.990 0.940 
0.045 0.990 0.222 0.978 0.955 
0.042 0.987 0.212 0.975 0.958 
0.052 0.984 0.144 0.985 0.952 
0.045 0.985 0.101 0.988 0.934 
0.034 0.989 0.136 0.983 0.955 
0.040 0.988 0.141 0.983 0.952 
0.031 0.991 0.194 0.980 0.955 
0.036 0.988 0.142 0.978 0.955 
0.032 0.992 0.125 0.990 0.934 
0.041 0.985 0.159 0.980 0.964 
0.042 0.986 0.240 0.965 0.967 
0.036 0.986 0.179 0.980 0.955 
0.037 0.989 0.184 0.978 0.958 
0.032 0.988 0.339 0.973 0.973 
0.038 0.989 0.305 0.965 0.976 
0.042 0.986 0.160 0.988 0.961 
0.034 0.988 0.353 0.938 0.979 
0.035 0.986 0.098 0.980 0.943 
0.036 0.987 0.316 0.973 0.967 
0.042 0.988 0.173 0.975 0.961 
0.034 0.988 0.086 0.985 0.952 
0.035 0.989 0.124 0.983 0.958 
0.031 0.990 0.149 0.980 0.964 
0.057 0.979 0.137 0.978 0.961 
0.035 0.988 0.224 0.945 0.976 
0.044 0.988 0.096 0.980 0.955 
0.042 0.988 0.095 0.983 0.964 
0.038 0.986 0.339 0.930 0.985 
0.039 0.989 0.088 0.988 0.955 
0.044 0.985 0.103 0.978 0.958 
0.033 0.988 0.168 0.975 0.961 
0.034 0.990 0.407 0.965 0.979 
0.048 0.985 0.201 0.985 0.952 
0.030 0.991 0.146 0.985 0.946 
0.034 0.988 0.233 0.983 0.955 
0.047 0.984 0.095 0.985 0.940 
0.039 0.987 0.122 0.985 0.949 
0.052 0.982 0.129 0.985 0.952 
0.037 0.991 0.229 0.973 0.967 
0.038 0.986 0.166 0.980 0.967 
0.033 0.991 0.144 0.973 0.937 
0.042 0.987 0.102 0.980 0.940 
0.037 0.988 0.133 0.983 0.952 
0.033 0.985 0.183 0.978 0.958 
0.027 0.992 0.164 0.978 0.958 
0.030 0.991 0.187 0.983 0.955 
0.035 0.987 0.100 0.988 0.916 
0.050 0.983 0.072 0.985 0.934 
0.030 0.990 0.138 0.975 0.946 
0.041 0.986 0.099 0.978 0.940 
0.035 0.988 0.090 0.988 0.937 
0.039 0.985 0.202 0.975 0.958 
0.041 0.986 0.168 0.985 0.940 
0.031 0.991 0.117 0.988 0.934 
0.039 0.988 0.196 0.980 0.940 
0.031 0.989 0.174 0.980 0.952 
0.028 0.992 0.229 0.968 0.976 
0.033 0.984 0.412 0.990 0.925 
0.037 0.988 0.104 0.993 0.922 
0.031 0.990 0.076 0.988 0.925 
0.048 0.986 0.130 0.988 0.946 
0.037 0.988 0.176 0.973 0.961 
0.038 0.988 0.138 0.980 0.946 
0.032 0.990 0.086 0.990 0.931 
0.038 0.990 0.129 0.988 0.949 
0.033 0.986 0.379 0.965 0.976 
0.039 0.987 0.104 0.990 0.934 
0.031 0.990 0.270 0.953 0.973 
0.035 0.990 0.105 0.983 0.928 
0.050 0.986 0.103 0.985 0.919 
0.044 0.988 0.110 0.990 0.904 
0.029 0.992 0.111 0.993 0.925 
0.029 0.990 0.208 0.983 0.937 
0.035 0.990 0.162 0.975 0.934 
0.051 0.985 0.168 0.975 0.928 
0.049 0.988 0.137 0.975 0.949 
0.044 0.984 0.269 0.970 0.973 
0.033 0.990 0.197 0.980 0.952 
0.042 0.985 0.182 0.980 0.955 
0.041 0.985 0.168 0.973 0.958 
0.025 0.990 0.207 0.978 0.952 
0.033 0.988 0.460 0.927 0.979 
0.046 0.983 0.193 0.968 0.958 
0.051 0.989 0.221 0.975 0.967 
0.034 0.990 0.129 0.980 0.949 
0.029 0.992 0.091 0.983 0.928 
0.039 0.984 0.126 0.983 0.955 
0.040 0.989 0.128 0.985 0.934 
0.024 0.992 0.140 0.985 0.952 
0.036 0.989 0.169 0.980 0.955 
0.038 0.988 0.154 0.985 0.952 
0.043 0.988 0.141 0.978 0.946 
0.030 0.991 0.208 0.978 0.946 
0.046 0.986 0.132 0.990 0.943 
0.045 0.985 0.090 0.985 0.943 
0.030 0.989 0.206 0.980 0.955 
0.032 0.988 0.270 0.975 0.961 
0.046 0.988 0.189 0.980 0.949 
0.041 0.988 0.170 0.978 0.949 
0.031 0.990 0.143 0.988 0.946 
0.042 0.986 0.135 0.980 0.952 
0.043 0.987 0.105 0.988 0.940 
0.036 0.990 0.214 0.985 0.940 
0.044 0.985 0.104 0.985 0.940 
0.039 0.986 0.109 0.990 0.937 
0.030 0.990 0.140 0.970 0.958 
0.034 0.988 0.144 0.980 0.952 
0.044 0.988 0.077 0.983 0.940 
0.038 0.988 0.133 0.973 0.961 
0.038 0.987 0.182 0.980 0.955 
0.040 0.989 0.117 0.975 0.949 
0.030 0.990 0.308 0.930 0.988 
0.027 0.991 0.210 0.983 0.952 
0.035 0.990 0.167 0.983 0.955 
0.045 0.985 0.093 0.985 0.952 
0.035 0.987 0.157 0.983 0.955 
0.040 0.986 0.282 0.975 0.964 
0.020 0.992 0.151 0.988 0.937 
0.045 0.986 0.207 0.970 0.952 
0.035 0.988 0.189 0.980 0.961 
0.041 0.987 0.184 0.978 0.961 
0.038 0.988 0.130 0.983 0.952 
0.027 0.989 0.100 0.983 0.946 
0.027 0.988 0.129 0.988 0.937 
0.036 0.990 0.243 0.968 0.967 
0.029 0.989 0.242 0.980 0.952 
0.045 0.988 0.055 0.988 0.931 
0.043 0.985 0.082 0.983 0.940 
0.030 0.990 0.099 0.983 0.934 
0.034 0.988 0.170 0.975 0.967 
0.033 0.991 0.239 0.945 0.985 
0.045 0.988 0.163 0.963 0.973 
0.034 0.991 0.086 0.990 0.919 
0.033 0.989 0.145 0.975 0.955 
0.034 0.989 0.124 0.983 0.940 
0.029 0.989 0.162 0.980 0.937 
0.037 0.989 0.154 0.978 0.946 
0.052 0.983 0.134 0.988 0.931 
0.047 0.990 0.089 0.985 0.919 
0.054 0.980 0.174 0.985 0.949 
0.043 0.986 0.152 0.980 0.958 
0.028 0.991 0.108 0.983 0.940 
0.035 0.989 0.162 0.960 0.952 
0.031 0.989 0.099 0.985 0.943 
0.038 0.988 0.103 0.983 0.943 
0.029 0.992 0.197 0.983 0.949 
0.044 0.982 0.093 0.985 0.928 
0.029 0.990 0.110 0.985 0.940 
0.034 0.990 0.205 0.988 0.949 
0.058 0.987 0.137 0.980 0.946 
0.025 0.992 0.178 0.970 0.958 
0.035 0.988 0.126 0.980 0.955 
0.044 0.988 0.119 0.983 0.958 
0.036 0.987 0.213 0.978 0.961 
0.038 0.986 0.158 0.988 0.934 
0.033 0.986 0.256 0.978 0.970 
0.046 0.985 0.231 0.945 0.949 
0.032 0.989 0.190 0.980 0.964 
0.042 0.986 0.202 0.980 0.967 
0.039 0.988 0.158 0.983 0.940 
0.033 0.989 0.166 0.975 0.958 
0.042 0.985 0.252 0.960 0.949 
0.040 0.989 0.164 0.983 0.946 
0.030 0.990 0.094 0.985 0.925 
0.030 0.991 0.326 0.975 0.967 
0.040 0.988 0.112 0.985 0.946 
0.035 0.986 0.136 0.983 0.934 
0.031 0.991 0.148 0.980 0.934 
0.026 0.992 0.202 0.980 0.955 
0.044 0.989 0.141 0.975 0.937 
0.044 0.988 0.160 0.983 0.946 
0.042 0.989 0.129 0.980 0.955 
0.042 0.986 0.220 0.983 0.955 
0.034 0.988 0.233 0.973 0.961 
0.054 0.985 0.243 0.970 0.955 
0.033 0.990 0.137 0.983 0.946 
0.039 0.989 0.123 0.990 0.940 
0.035 0.985 0.122 0.988 0.943 
0.046 0.985 0.109 0.975 0.946 
0.033 0.987 0.148 0.983 0.946 
0.040 0.989 0.145 0.980 0.949 
0.030 0.992 0.112 0.978 0.949 
0.034 0.991 0.144 0.978 0.949 
0.046 0.986 0.215 0.975 0.961 
0.026 0.992 0.141 0.988 0.931 
0.048 0.990 0.119 0.983 0.940 
0.036 0.989 0.098 0.978 0.946 
0.047 0.985 0.084 0.983 0.937 
0.045 0.986 0.159 0.965 0.964 
0.046 0.987 0.137 0.978 0.952 
0.036 0.989 0.065 0.985 0.937 
0.043 0.984 0.135 0.975 0.964 
0.037 0.986 0.065 0.988 0.937 
0.065 0.981 0.170 0.973 0.946 
0.045 0.989 0.144 0.980 0.949 
0.030 0.992 0.144 0.985 0.943 
0.028 0.989 0.178 0.983 0.946 
0.030 0.990 0.254 0.975 0.964 
0.050 0.987 0.205 0.983 0.958 
0.036 0.988 0.173 0.985 0.952 
0.036 0.990 0.109 0.978 0.958 
0.031 0.988 0.197 0.978 0.967 
0.035 0.987 0.125 0.985 0.958 
0.040 0.986 0.124 0.980 0.949 
0.029 0.990 0.213 0.983 0.958 
0.031 0.990 0.174 0.983 0.946 
0.030 0.990 0.198 0.980 0.958 
0.037 0.986 0.156 0.973 0.961 
0.035 0.990 0.200 0.975 0.958 
0.036 0.987 0.251 0.975 0.961 
0.045 0.988 0.131 0.983 0.952 
0.034 0.989 0.118 0.983 0.946 
0.033 0.990 0.150 0.983 0.943 
0.045 0.989 0.199 0.965 0.970 
0.035 0.990 0.082 0.983 0.955 
0.041 0.985 0.121 0.973 0.949 
0.046 0.988 0.222 0.968 0.961 
0.036 0.988 0.232 0.973 0.964 
0.032 0.992 0.206 0.980 0.952 
0.025 0.991 0.177 0.978 0.958 
0.033 0.990 0.237 0.973 0.961 
0.042 0.987 0.185 0.980 0.955 
0.029 0.989 0.075 0.975 0.949 
0.028 0.991 0.166 0.970 0.961 
0.045 0.987 0.123 0.968 0.967 
0.043 0.989 0.188 0.978 0.943 
0.030 0.986 0.176 0.978 0.961 
0.037 0.989 0.214 0.965 0.976 
0.033 0.989 0.115 0.983 0.946 
0.045 0.986 0.177 0.958 0.967 
0.046 0.985 0.170 0.978 0.958 
0.043 0.988 0.078 0.985 0.937 
0.027 0.992 0.122 0.983 0.946 
0.026 0.991 0.127 0.983 0.949 
0.026 0.990 0.219 0.973 0.979 
0.035 0.990 0.109 0.983 0.949 
0.043 0.984 0.142 0.975 0.958 
0.039 0.987 0.084 0.980 0.952 
0.039 0.986 0.088 0.983 0.949 
0.037 0.988 0.122 0.980 0.955 
0.040 0.986 0.136 0.983 0.964 
0.032 0.990 0.125 0.980 0.949 
0.039 0.988 0.116 0.978 0.952 
0.035 0.990 0.129 0.980 0.955 
0.046 0.988 0.087 0.983 0.955 
0.040 0.987 0.096 0.980 0.940 
0.034 0.990 0.105 0.983 0.949 
