0.335 0.861 0.168 0.930 0.929 
0.230 0.912 0.146 0.953 0.994 
0.179 0.939 0.127 0.940 1.000 
0.170 0.938 0.130 0.973 0.994 
0.129 0.951 0.179 0.922 0.974 
0.138 0.957 0.131 0.940 0.974 
0.132 0.951 0.091 0.970 1.000 
0.119 0.960 0.098 0.958 0.994 
0.105 0.963 0.100 0.988 0.997 
0.102 0.964 0.090 0.965 0.997 
0.096 0.966 0.070 0.990 1.000 
0.104 0.966 0.076 0.993 1.000 
0.107 0.963 0.092 0.990 0.997 
0.101 0.968 0.082 0.985 0.978 
0.093 0.971 0.055 0.993 0.974 
0.097 0.966 0.073 0.988 1.000 
0.087 0.972 0.069 0.995 0.577 
0.082 0.972 0.071 0.995 0.772 
0.094 0.971 0.060 0.988 1.000 
0.068 0.980 0.073 0.985 1.000 
0.086 0.973 0.084 0.990 0.994 
0.082 0.975 0.085 0.968 0.679 
0.080 0.976 0.064 0.978 0.798 
0.074 0.978 0.045 0.985 0.423 
0.066 0.976 0.040 0.993 0.994 
0.087 0.975 0.049 0.993 1.000 
0.074 0.976 0.041 0.993 1.000 
0.071 0.978 0.061 0.993 1.000 
0.071 0.978 0.073 0.988 1.000 
0.065 0.980 0.045 0.995 0.997 
0.072 0.978 0.058 0.985 0.971 
0.057 0.980 0.068 0.963 0.763 
0.062 0.982 0.052 0.988 1.000 
0.057 0.985 0.063 0.990 1.000 
0.067 0.980 0.061 0.993 1.000 
0.050 0.982 0.053 0.993 0.865 
0.065 0.984 0.038 0.990 0.904 
0.065 0.980 0.040 0.993 0.157 
0.062 0.980 0.044 0.988 0.990 
0.045 0.985 0.044 0.995 0.968 
0.062 0.984 0.047 0.993 0.407 
0.051 0.984 0.039 0.993 1.000 
0.058 0.983 0.024 0.993 1.000 
0.065 0.982 0.046 0.995 0.997 
0.060 0.980 0.044 0.998 0.897 
0.046 0.989 0.028 0.995 1.000 
0.050 0.984 0.027 0.993 0.901 
0.052 0.983 0.036 0.993 1.000 
0.050 0.983 0.033 0.993 0.894 
0.057 0.983 0.037 0.990 0.875 
0.049 0.984 0.034 0.995 0.304 
0.061 0.985 0.047 0.993 0.910 
0.050 0.989 0.035 0.993 0.500 
0.044 0.987 0.054 0.995 0.955 
0.056 0.984 0.054 0.993 0.846 
0.061 0.979 0.029 0.993 0.240 
0.070 0.985 0.034 0.995 0.994 
0.047 0.985 0.038 0.990 0.997 
0.054 0.985 0.036 0.998 1.000 
0.043 0.986 0.035 0.995 1.000 
0.051 0.983 0.032 0.993 0.994 
0.062 0.984 0.026 0.995 0.426 
0.055 0.984 0.039 0.990 1.000 
0.051 0.986 0.029 0.993 0.843 
0.057 0.985 0.025 0.995 0.990 
0.046 0.988 0.036 0.993 0.958 
0.056 0.986 0.031 0.993 0.997 
0.053 0.984 0.029 0.995 0.734 
0.057 0.985 0.036 0.995 0.994 
0.059 0.979 0.035 0.993 1.000 
0.035 0.989 0.035 0.998 0.997 
0.042 0.985 0.027 0.995 0.997 
0.048 0.986 0.044 0.993 0.997 
0.050 0.989 0.036 0.993 0.699 
0.050 0.986 0.029 0.995 0.423 
0.045 0.992 0.032 0.995 0.997 
0.047 0.988 0.038 0.998 0.830 
0.045 0.988 0.022 0.995 0.978 
0.047 0.987 0.124 0.968 0.997 
0.043 0.988 0.031 0.990 0.997 
0.046 0.988 0.032 0.990 0.933 
0.047 0.988 0.047 0.995 0.074 
0.054 0.987 0.049 0.993 0.997 
0.058 0.985 0.041 0.993 1.000 
0.053 0.985 0.036 0.993 0.869 
0.038 0.989 0.047 0.990 0.987 
0.045 0.989 0.064 0.973 0.990 
0.040 0.988 0.026 0.998 0.962 
0.043 0.987 0.025 0.995 0.933 
0.035 0.987 0.023 0.998 0.888 
0.062 0.988 0.019 0.993 0.990 
0.041 0.989 0.024 0.993 0.830 
0.050 0.985 0.031 0.998 1.000 
0.042 0.989 0.022 0.995 1.000 
0.042 0.989 0.062 0.990 0.958 
0.039 0.989 0.038 0.995 0.933 
0.034 0.991 0.021 0.995 1.000 
0.042 0.986 0.012 0.998 0.721 
0.040 0.987 0.091 0.970 0.554 
0.042 0.990 0.038 0.995 0.990 
0.043 0.986 0.028 0.990 1.000 
0.033 0.993 0.054 0.998 0.994 
0.036 0.991 0.014 0.995 0.641 
0.040 0.990 0.022 0.993 0.994 
0.046 0.989 0.016 0.995 0.952 
0.045 0.988 0.034 0.993 0.929 
0.034 0.989 0.026 0.993 0.997 
0.044 0.990 0.043 0.995 0.955 
0.038 0.988 0.018 0.998 0.913 
0.050 0.987 0.043 0.988 1.000 
0.036 0.992 0.024 0.998 0.792 
0.040 0.991 0.195 0.917 1.000 
0.038 0.990 0.031 0.998 0.997 
0.040 0.991 0.015 0.995 1.000 
0.054 0.983 0.028 0.993 1.000 
0.037 0.991 0.019 0.998 0.997 
0.049 0.983 0.051 0.995 0.974 
0.038 0.990 0.044 0.995 1.000 
0.042 0.989 0.045 0.990 0.974 
0.046 0.986 0.023 0.995 0.990 
0.034 0.991 0.022 0.993 0.997 
0.048 0.985 0.021 0.993 0.994 
0.034 0.991 0.013 0.995 0.997 
0.035 0.989 0.042 0.990 1.000 
0.038 0.990 0.013 0.998 0.625 
0.034 0.992 0.055 0.993 1.000 
0.038 0.990 0.021 0.995 0.910 
0.029 0.991 0.023 0.995 0.131 
0.032 0.990 0.014 0.995 1.000 
0.042 0.989 0.027 0.988 0.683 
0.043 0.991 0.032 1.000 0.994 
0.044 0.986 0.031 0.998 0.067 
0.033 0.989 0.021 0.998 0.997 
0.029 0.991 0.026 0.995 1.000 
0.041 0.987 0.029 0.995 0.955 
0.041 0.990 0.051 0.993 1.000 
0.039 0.991 0.043 0.998 1.000 
0.030 0.991 0.032 0.995 1.000 
0.035 0.991 0.024 0.993 0.878 
0.029 0.993 0.061 0.980 0.990 
0.041 0.988 0.034 0.993 0.362 
0.041 0.990 0.045 0.988 1.000 
0.027 0.994 0.028 0.998 0.766 
0.036 0.991 0.030 0.995 0.990 
0.028 0.992 0.022 0.993 1.000 
0.036 0.991 0.025 0.995 0.846 
0.033 0.992 0.063 0.980 1.000 
0.031 0.992 0.027 0.998 0.994 
0.031 0.992 0.025 0.993 1.000 
0.044 0.987 0.101 0.978 1.000 
0.032 0.990 0.016 1.000 1.000 
0.028 0.992 0.053 0.983 1.000 
0.039 0.988 0.019 1.000 0.811 
0.032 0.992 0.031 0.998 1.000 
0.035 0.992 0.031 0.995 1.000 
0.029 0.991 0.028 0.995 0.859 
0.034 0.991 0.029 0.995 0.987 
0.036 0.990 0.027 0.995 0.997 
0.029 0.992 0.052 0.993 0.696 
0.030 0.995 0.024 0.990 0.929 
0.043 0.987 0.031 0.993 0.840 
0.045 0.990 0.022 0.998 0.994 
0.032 0.991 0.020 0.998 0.705 
0.043 0.987 0.030 0.998 0.997 
0.028 0.992 0.025 0.995 0.997 
0.032 0.992 0.032 0.995 0.997 
0.027 0.991 0.018 0.995 0.984 
0.038 0.989 0.025 0.995 1.000 
0.029 0.991 0.030 0.993 0.997 
0.041 0.990 0.023 0.995 0.997 
0.032 0.990 0.018 0.998 0.997 
0.041 0.990 0.016 0.995 0.997 
0.033 0.993 0.016 0.995 1.000 
0.039 0.989 0.032 0.998 0.692 
0.039 0.987 0.024 0.993 0.984 
0.033 0.990 0.024 0.993 0.981 
0.026 0.991 0.023 0.995 0.997 
0.028 0.990 0.036 1.000 0.994 
0.033 0.988 0.020 0.995 0.923 
0.029 0.993 0.035 1.000 1.000 
0.027 0.994 0.018 0.995 1.000 
0.028 0.993 0.018 0.995 1.000 
0.026 0.995 0.039 0.998 1.000 
0.028 0.987 0.025 0.998 1.000 
0.041 0.991 0.024 0.995 0.891 
0.029 0.990 0.015 0.995 1.000 
0.047 0.986 0.033 0.990 1.000 
0.033 0.990 0.013 0.995 1.000 
0.024 0.991 0.020 1.000 1.000 
0.021 0.994 0.024 0.998 0.997 
0.025 0.992 0.027 0.995 1.000 
0.035 0.989 0.016 0.995 1.000 
0.035 0.991 0.020 0.995 1.000 
0.025 0.993 0.029 0.995 0.965 
0.032 0.989 0.027 0.995 0.990 
0.030 0.992 0.020 0.998 0.997 
0.047 0.991 0.053 0.995 1.000 
0.023 0.993 0.019 0.995 0.968 
0.030 0.993 0.023 0.995 0.926 
0.024 0.993 0.015 0.995 1.000 
0.028 0.992 0.016 0.995 1.000 
0.031 0.988 0.022 0.998 0.994 
0.025 0.994 0.028 0.998 1.000 
0.034 0.993 0.018 0.998 0.994 
0.030 0.992 0.025 0.995 0.526 
0.019 0.994 0.011 0.995 0.221 
0.037 0.990 0.010 0.998 1.000 
0.040 0.988 0.010 0.998 0.994 
0.040 0.990 0.070 0.998 0.994 
0.040 0.990 0.033 1.000 1.000 
0.028 0.992 0.017 0.998 0.987 
0.030 0.994 0.020 0.998 0.997 
0.028 0.992 0.017 0.998 0.997 
0.052 0.990 0.014 0.998 0.795 
0.033 0.992 0.019 0.998 0.997 
0.029 0.992 0.021 0.995 0.987 
0.030 0.990 0.019 0.998 0.978 
0.031 0.991 0.019 0.995 0.955 
0.026 0.992 0.015 0.995 1.000 
0.032 0.991 0.025 0.995 0.997 
0.027 0.992 0.023 0.993 0.446 
0.037 0.990 0.007 0.998 0.994 
0.039 0.990 0.026 0.993 0.933 
0.026 0.994 0.019 0.995 1.000 
0.027 0.993 0.015 0.995 0.987 
0.038 0.992 0.023 0.995 0.968 
0.031 0.992 0.020 0.995 0.984 
0.039 0.989 0.024 0.998 0.990 
0.022 0.994 0.016 0.995 1.000 
0.030 0.992 0.024 0.995 1.000 
0.027 0.994 0.015 0.995 0.994 
0.029 0.992 0.028 0.998 0.994 
0.026 0.992 0.020 0.995 0.404 
0.034 0.990 0.029 0.995 0.718 
0.027 0.993 0.017 0.995 0.984 
0.033 0.989 0.018 0.995 0.987 
0.027 0.993 0.035 0.995 1.000 
0.037 0.989 0.024 0.995 0.997 
0.050 0.987 0.027 0.995 0.987 
0.023 0.992 0.018 0.998 0.997 
0.024 0.993 0.019 0.995 0.987 
0.032 0.991 0.036 0.988 0.997 
0.027 0.991 0.012 0.998 0.929 
0.021 0.994 0.013 0.998 0.997 
0.017 0.995 0.012 0.995 1.000 
0.044 0.988 0.020 0.998 0.997 
0.022 0.995 0.016 0.995 0.673 
0.044 0.992 0.021 0.995 0.997 
0.026 0.993 0.021 0.995 1.000 
0.025 0.992 0.024 0.995 1.000 
0.027 0.992 0.027 0.998 1.000 
0.026 0.990 0.010 0.998 0.981 
0.035 0.993 0.019 0.995 0.978 
0.027 0.991 0.028 1.000 0.997 
0.027 0.995 0.035 0.995 0.984 
0.023 0.992 0.017 0.998 0.997 
0.024 0.992 0.018 1.000 0.997 
0.026 0.992 0.032 0.995 1.000 
0.018 0.994 0.009 0.998 0.981 
0.031 0.992 0.030 0.995 0.997 
0.036 0.990 0.019 0.995 0.997 
0.023 0.993 0.017 0.998 0.894 
0.030 0.990 0.008 0.998 0.997 
0.035 0.992 0.028 0.995 1.000 
0.036 0.991 0.016 0.995 0.946 
0.035 0.988 0.016 0.993 0.974 
0.024 0.993 0.010 0.998 0.994 
0.033 0.988 0.018 0.995 1.000 
0.024 0.993 0.018 0.995 1.000 
0.033 0.992 0.015 0.995 1.000 
0.023 0.995 0.016 1.000 1.000 
0.024 0.992 0.014 0.998 0.997 
0.031 0.990 0.031 0.995 1.000 
0.025 0.992 0.018 0.995 1.000 
0.025 0.993 0.038 0.995 0.994 
0.025 0.991 0.016 0.995 0.981 
0.026 0.995 0.013 0.998 0.994 
0.026 0.991 0.027 0.998 0.990 
0.026 0.991 0.008 0.995 0.987 
0.021 0.993 0.018 0.995 0.997 
0.029 0.992 0.038 0.995 0.997 
0.023 0.994 0.022 0.995 0.968 
0.019 0.993 0.027 0.990 0.997 
0.023 0.993 0.015 0.995 0.994 
0.027 0.990 0.021 0.995 0.997 
0.018 0.992 0.018 0.995 0.997 
0.028 0.994 0.027 0.998 1.000 
0.025 0.991 0.035 0.993 1.000 
0.021 0.995 0.013 0.995 1.000 
0.022 0.994 0.020 0.995 1.000 
0.043 0.989 0.021 0.995 1.000 
0.031 0.989 0.021 0.998 1.000 
0.019 0.994 0.014 0.998 1.000 
0.041 0.990 0.038 0.995 1.000 
0.023 0.992 0.017 0.995 1.000 
0.036 0.991 0.015 0.995 0.994 
0.027 0.991 0.021 0.995 0.997 
0.030 0.991 0.031 0.990 0.965 
0.020 0.995 0.018 0.995 0.821 
0.024 0.992 0.020 0.995 1.000 
0.018 0.993 0.012 0.993 1.000 
0.032 0.992 0.007 1.000 1.000 
0.035 0.990 0.036 0.988 0.962 
0.021 0.994 0.009 0.995 1.000 
0.053 0.988 0.022 0.995 1.000 
0.027 0.992 0.032 0.995 1.000 
0.026 0.991 0.025 1.000 0.997 
0.030 0.990 0.018 0.995 0.997 
0.031 0.991 0.021 0.995 1.000 
0.014 0.995 0.009 0.995 1.000 
0.036 0.991 0.022 0.995 0.962 
0.033 0.989 0.033 0.995 1.000 
0.029 0.992 0.019 0.995 0.997 
0.015 0.995 0.017 0.995 1.000 
0.044 0.991 0.009 0.995 0.978 
0.030 0.991 0.020 0.995 0.558 
0.030 0.992 0.030 0.990 1.000 
0.026 0.992 0.073 0.970 1.000 
0.027 0.992 0.013 0.995 1.000 
0.022 0.993 0.018 0.995 0.997 
0.036 0.992 0.017 0.995 0.997 
0.030 0.991 0.026 0.995 0.994 
0.018 0.992 0.012 0.995 0.776 
0.028 0.991 0.023 0.995 1.000 
0.035 0.988 0.032 0.995 1.000 
0.027 0.991 0.017 0.995 1.000 
0.022 0.993 0.017 0.998 1.000 
0.029 0.991 0.013 0.998 1.000 
0.016 0.993 0.008 0.998 0.997 
0.026 0.990 0.018 0.998 0.997 
0.026 0.992 0.012 0.998 0.997 
0.020 0.996 0.009 0.998 0.987 
0.027 0.993 0.033 0.990 0.990 
0.021 0.993 0.018 0.998 0.997 
0.040 0.991 0.039 0.985 0.997 
0.030 0.993 0.025 0.995 0.990 
0.031 0.991 0.029 0.995 1.000 
0.019 0.994 0.017 0.993 1.000 
0.022 0.991 0.018 0.995 0.375 
0.025 0.992 0.016 0.995 0.901 
0.031 0.994 0.029 0.993 0.997 
0.027 0.992 0.021 0.995 0.990 
0.029 0.991 0.028 0.993 0.997 
0.038 0.992 0.010 0.998 0.994 
0.028 0.992 0.028 0.990 0.987 
0.021 0.993 0.020 0.993 1.000 
0.029 0.993 0.022 0.995 1.000 
0.026 0.992 0.019 0.995 0.997 
0.071 0.986 0.032 0.995 0.981 
0.028 0.993 0.022 0.995 0.997 
0.025 0.993 0.032 0.995 1.000 
0.021 0.992 0.020 0.993 0.962 
0.024 0.991 0.017 0.998 0.990 
0.016 0.996 0.020 0.995 0.994 
0.021 0.994 0.036 0.985 0.990 
0.023 0.992 0.041 0.985 0.994 
0.028 0.992 0.027 0.988 1.000 
0.028 0.992 0.016 0.995 1.000 
0.029 0.993 0.016 0.998 0.984 
0.023 0.994 0.023 0.995 0.997 
0.022 0.996 0.015 0.995 0.997 
0.033 0.990 0.018 0.993 1.000 
0.015 0.996 0.030 0.995 1.000 
0.023 0.994 0.017 0.995 1.000 
0.026 0.992 0.021 0.995 1.000 
0.025 0.995 0.013 0.995 0.997 
0.036 0.987 0.027 0.995 0.997 
0.023 0.992 0.028 0.998 1.000 
0.018 0.996 0.017 0.998 1.000 
0.018 0.991 0.018 0.998 0.997 
0.028 0.992 0.016 0.998 1.000 
0.019 0.995 0.010 0.998 0.994 
0.028 0.991 0.014 0.998 1.000 
0.022 0.994 0.016 0.998 1.000 
0.022 0.993 0.009 0.998 0.987 
0.030 0.992 0.011 0.995 0.997 
0.023 0.993 0.017 0.993 0.984 
0.019 0.993 0.018 0.995 1.000 
0.030 0.993 0.011 0.998 1.000 
0.025 0.993 0.026 0.993 1.000 
0.021 0.994 0.016 0.995 0.997 
0.021 0.992 0.016 0.995 1.000 
0.012 0.996 0.007 1.000 1.000 
0.028 0.992 0.019 0.995 0.997 
0.025 0.994 0.014 0.995 1.000 
0.021 0.995 0.010 0.995 1.000 
0.037 0.989 0.028 0.993 0.997 
0.022 0.993 0.013 1.000 1.000 
0.021 0.994 0.031 0.990 0.997 
0.025 0.992 0.020 0.995 1.000 
0.012 0.997 0.011 0.995 0.997 
0.030 0.992 0.019 0.995 1.000 
0.024 0.992 0.031 0.995 1.000 
0.018 0.996 0.019 0.993 1.000 
0.023 0.995 0.020 0.995 1.000 
0.032 0.992 0.013 0.995 0.994 
0.030 0.993 0.043 0.990 0.997 
0.026 0.993 0.009 0.995 0.994 
0.029 0.990 0.014 0.998 0.997 
0.028 0.989 0.012 0.998 0.997 
0.017 0.995 0.013 0.998 0.997 
0.021 0.994 0.024 0.995 0.997 
0.024 0.991 0.030 0.995 1.000 
0.031 0.991 0.015 0.995 1.000 
0.044 0.993 0.026 0.995 1.000 
0.016 0.993 0.020 0.995 0.997 
0.022 0.993 0.013 0.995 0.997 
0.025 0.993 0.015 1.000 1.000 
0.014 0.995 0.015 0.995 1.000 
0.017 0.995 0.008 1.000 1.000 
0.022 0.993 0.011 0.998 0.997 
0.020 0.993 0.024 0.993 0.997 
0.022 0.993 0.013 0.998 0.997 
0.018 0.993 0.010 0.998 1.000 
0.020 0.994 0.018 0.993 0.997 
0.019 0.994 0.011 0.995 0.997 
0.025 0.990 0.012 0.995 1.000 
0.026 0.993 0.010 0.995 1.000 
0.041 0.992 0.023 0.995 0.994 
0.017 0.995 0.008 0.998 0.994 
0.040 0.986 0.011 0.995 1.000 
0.022 0.994 0.016 0.995 1.000 
0.019 0.996 0.013 0.995 1.000 
0.016 0.995 0.011 0.995 1.000 
0.035 0.989 0.020 0.993 0.997 
0.021 0.993 0.011 0.995 1.000 
0.023 0.995 0.014 0.998 0.721 
0.021 0.995 0.008 1.000 1.000 
0.019 0.994 0.015 0.995 1.000 
0.028 0.992 0.008 1.000 1.000 
0.047 0.989 0.025 0.990 1.000 
0.027 0.991 0.010 0.995 1.000 
0.027 0.993 0.010 0.995 1.000 
0.016 0.997 0.032 0.990 1.000 
0.029 0.992 0.019 0.995 0.990 
0.017 0.996 0.024 0.998 1.000 
0.029 0.993 0.023 0.995 1.000 
0.018 0.993 0.013 0.993 1.000 
0.020 0.995 0.010 0.995 1.000 
0.021 0.995 0.014 1.000 1.000 
0.030 0.992 0.011 0.995 0.997 
0.020 0.995 0.023 0.995 0.994 
0.038 0.991 0.021 0.993 0.894 
0.015 0.996 0.015 0.993 0.994 
0.037 0.990 0.014 0.993 0.997 
0.016 0.996 0.013 0.995 1.000 
0.023 0.990 0.015 0.998 1.000 
0.026 0.993 0.022 0.998 1.000 
0.024 0.994 0.015 0.998 1.000 
0.016 0.995 0.010 0.998 1.000 
0.023 0.993 0.011 0.998 0.974 
0.024 0.993 0.024 0.995 0.997 
0.031 0.994 0.018 0.995 1.000 
0.022 0.995 0.010 0.998 1.000 
0.031 0.992 0.019 0.998 1.000 
0.012 0.996 0.012 0.995 1.000 
0.030 0.990 0.010 0.998 0.997 
0.028 0.990 0.036 0.993 0.942 
0.016 0.994 0.014 0.998 1.000 
0.038 0.991 0.021 0.998 1.000 
0.023 0.994 0.026 0.998 1.000 
0.023 0.993 0.020 0.995 1.000 
0.027 0.993 0.018 0.998 1.000 
0.019 0.993 0.006 1.000 1.000 
0.049 0.990 0.027 0.995 0.997 
0.026 0.994 0.017 0.995 1.000 
0.031 0.991 0.019 0.995 1.000 
0.013 0.996 0.017 0.993 1.000 
0.018 0.995 0.022 0.993 0.997 
0.022 0.993 0.026 0.993 1.000 
0.021 0.993 0.026 0.993 0.994 
0.026 0.994 0.017 0.993 0.971 
0.023 0.992 0.025 0.995 1.000 
0.025 0.994 0.019 0.995 0.978 
0.027 0.995 0.022 0.993 0.994 
0.028 0.994 0.023 0.993 0.987 
0.034 0.993 0.021 0.995 1.000 
0.021 0.993 0.024 1.000 1.000 
0.031 0.993 0.015 0.995 1.000 
0.024 0.993 0.021 0.998 1.000 
0.018 0.995 0.035 0.993 0.897 
0.023 0.992 0.035 0.995 1.000 
0.019 0.995 0.015 0.995 1.000 
0.013 0.997 0.008 0.998 1.000 
0.012 0.997 0.018 0.993 1.000 
0.032 0.992 0.022 0.995 1.000 
0.025 0.992 0.016 0.995 1.000 
0.017 0.994 0.012 0.998 0.974 
0.031 0.993 0.016 0.998 0.971 
0.020 0.992 0.013 0.995 0.994 
0.017 0.995 0.025 0.998 1.000 
0.016 0.996 0.014 0.995 0.994 
0.020 0.995 0.010 0.998 0.990 
0.021 0.993 0.012 0.995 0.984 
0.030 0.993 0.020 0.995 1.000 
0.024 0.991 0.017 0.998 0.994 
0.022 0.993 0.013 0.998 0.997 
0.026 0.992 0.015 0.995 0.997 
0.024 0.992 0.021 0.995 1.000 
0.024 0.993 0.020 0.995 1.000 
0.014 0.995 0.036 0.988 1.000 
0.020 0.995 0.023 0.993 0.997 
0.018 0.996 0.015 0.995 1.000 
0.024 0.992 0.020 0.993 1.000 
0.031 0.992 0.013 0.995 0.997 
0.018 0.993 0.007 1.000 1.000 
0.017 0.995 0.010 0.995 1.000 
0.023 0.993 0.015 0.995 1.000 
0.026 0.992 0.013 0.995 0.971 
0.022 0.995 0.029 0.995 1.000 
0.026 0.995 0.023 0.993 1.000 
0.025 0.992 0.015 0.995 0.997 
0.033 0.989 0.020 0.993 0.994 
0.021 0.995 0.017 0.995 0.962 
0.014 0.996 0.012 0.995 0.974 
0.019 0.993 0.010 0.998 0.994 
0.023 0.993 0.019 0.995 0.990 
0.019 0.995 0.012 0.995 0.994 
0.020 0.993 0.015 0.995 1.000 
0.025 0.994 0.023 0.995 1.000 
0.015 0.995 0.012 0.998 1.000 
0.026 0.993 0.015 0.998 0.997 
0.025 0.994 0.015 0.998 0.997 
0.028 0.993 0.046 0.990 0.997 
0.028 0.992 0.012 0.995 0.997 
0.024 0.993 0.017 0.995 0.978 
0.016 0.995 0.016 0.995 0.997 
0.016 0.995 0.009 0.998 0.997 
0.015 0.996 0.011 0.995 1.000 
0.024 0.992 0.016 0.995 1.000 
0.021 0.995 0.018 0.998 1.000 
0.032 0.992 0.037 0.993 1.000 
0.016 0.996 0.013 0.995 1.000 
0.031 0.993 0.018 0.995 1.000 
0.029 0.991 0.017 0.995 0.994 
0.016 0.995 0.020 0.998 1.000 
0.023 0.993 0.028 0.990 0.936 
0.022 0.995 0.008 0.998 0.997 
0.017 0.995 0.016 0.995 1.000 
0.038 0.990 0.050 0.988 1.000 
0.025 0.992 0.015 0.995 0.990 
0.029 0.992 0.013 0.998 1.000 
0.025 0.993 0.012 0.995 0.990 
0.029 0.993 0.025 0.995 0.990 
0.021 0.994 0.011 0.995 0.997 
0.020 0.997 0.015 0.995 0.997 
0.023 0.992 0.016 0.995 0.997 
0.013 0.995 0.014 0.995 0.978 
0.021 0.995 0.011 0.995 1.000 
0.017 0.995 0.020 0.995 1.000 
0.036 0.989 0.009 0.995 0.994 
0.021 0.995 0.008 0.995 0.997 
0.029 0.991 0.014 0.995 1.000 
0.026 0.995 0.018 0.995 0.994 
0.100 0.990 0.029 0.995 0.984 
0.036 0.991 0.012 0.995 0.997 
0.037 0.996 0.017 0.995 0.987 
0.051 0.992 0.015 0.995 0.997 
0.037 0.992 0.023 0.993 1.000 
0.019 0.996 0.014 0.995 0.994 
0.028 0.993 0.016 0.998 0.997 
0.014 0.996 0.010 0.995 0.994 
0.025 0.992 0.015 0.995 0.997 
0.019 0.992 0.015 0.995 0.997 
0.013 0.997 0.020 0.998 0.997 
0.021 0.994 0.013 0.995 1.000 
0.020 0.992 0.018 0.995 0.997 
0.009 0.998 0.011 0.995 0.997 
0.035 0.991 0.012 0.995 1.000 
0.015 0.996 0.014 0.995 1.000 
0.024 0.992 0.013 0.995 1.000 
0.025 0.993 0.030 0.990 1.000 
0.026 0.991 0.026 0.995 1.000 
0.015 0.995 0.014 0.995 1.000 
0.013 0.996 0.008 0.998 1.000 
0.040 0.990 0.027 0.995 0.997 
0.027 0.994 0.016 0.998 0.997 
0.029 0.993 0.013 0.995 0.923 
0.021 0.994 0.024 0.995 0.997 
0.038 0.992 0.020 0.998 1.000 
0.017 0.995 0.018 0.995 0.997 
0.019 0.995 0.014 0.995 1.000 
0.019 0.995 0.009 0.998 0.997 
0.018 0.994 0.015 0.995 0.990 
0.021 0.993 0.030 0.990 0.997 
0.012 0.996 0.012 0.998 1.000 
0.016 0.996 0.018 0.995 1.000 
0.028 0.993 0.023 0.995 1.000 
0.015 0.996 0.015 0.995 0.997 
0.020 0.996 0.018 0.995 0.997 
0.037 0.991 0.014 0.995 0.994 
0.011 0.997 0.009 0.995 0.997 
0.022 0.991 0.018 0.995 0.994 
0.022 0.993 0.023 0.995 0.994 
0.032 0.995 0.033 0.990 0.997 
0.028 0.995 0.013 0.998 0.997 
0.025 0.993 0.002 1.000 0.997 
0.014 0.996 0.012 0.995 0.997 
0.019 0.996 0.010 0.995 0.997 
0.022 0.996 0.015 0.995 0.997 
0.028 0.992 0.014 0.998 0.997 
0.015 0.996 0.010 0.998 0.984 
0.019 0.995 0.038 0.993 0.997 
0.023 0.991 0.008 0.998 0.974 
0.024 0.993 0.012 0.998 0.994 
0.015 0.995 0.008 0.998 0.974 
0.014 0.994 0.013 0.995 0.997 
0.014 0.996 0.013 1.000 0.997 
0.018 0.993 0.007 0.998 0.997 
0.032 0.991 0.015 0.998 0.994 
0.019 0.995 0.009 0.998 1.000 
0.018 0.995 0.018 0.995 0.994 
0.038 0.992 0.015 0.998 0.997 
0.020 0.992 0.014 0.995 1.000 
0.018 0.995 0.013 0.995 0.997 
0.024 0.992 0.015 0.995 0.990 
0.019 0.996 0.031 0.990 0.997 
0.019 0.993 0.012 0.995 0.990 
0.020 0.992 0.014 0.998 0.984 
0.047 0.991 0.009 0.995 0.997 
0.026 0.994 0.018 0.993 0.997 
0.028 0.991 0.014 0.995 0.997 
0.021 0.994 0.018 0.995 0.994 
0.021 0.995 0.014 0.995 0.997 
0.011 0.997 0.012 0.995 0.997 
0.018 0.994 0.014 0.995 0.997 
0.016 0.996 0.012 0.995 1.000 
0.018 0.993 0.012 0.995 0.994 
0.027 0.993 0.017 0.998 1.000 
0.023 0.996 0.014 0.998 0.997 
0.022 0.992 0.014 0.995 0.997 
0.010 0.996 0.010 0.998 0.990 
0.020 0.995 0.016 0.995 0.997 
0.024 0.993 0.019 0.995 0.997 
0.020 0.992 0.011 0.998 0.997 
0.017 0.995 0.013 0.998 0.994 
0.015 0.993 0.010 1.000 0.997 
0.031 0.993 0.126 0.970 1.000 
0.030 0.992 0.016 0.995 0.997 
0.020 0.994 0.012 0.998 1.000 
0.029 0.993 0.018 0.995 1.000 
0.020 0.993 0.034 0.985 1.000 
0.030 0.993 0.016 0.995 1.000 
0.016 0.993 0.010 0.998 1.000 
0.011 0.993 0.011 0.995 1.000 
0.023 0.993 0.020 0.995 0.997 
0.028 0.993 0.017 0.995 0.997 
0.022 0.992 0.020 0.993 1.000 
0.013 0.996 0.012 0.998 1.000 
0.034 0.992 0.026 0.993 0.981 
0.023 0.992 0.017 0.995 1.000 
0.020 0.995 0.011 0.998 1.000 
0.019 0.992 0.013 0.998 1.000 
0.031 0.994 0.035 0.990 0.984 
0.018 0.995 0.013 0.998 1.000 
0.009 0.998 0.014 0.995 0.997 
0.016 0.996 0.034 0.988 0.997 
0.017 0.994 0.018 1.000 0.997 
0.016 0.995 0.017 0.995 1.000 
0.030 0.989 0.017 0.990 0.997 
0.013 0.995 0.016 0.993 1.000 
0.020 0.994 0.011 0.998 1.000 
0.016 0.995 0.011 0.995 1.000 
0.020 0.995 0.009 0.998 1.000 
0.022 0.993 0.010 0.998 1.000 
0.017 0.994 0.006 0.998 1.000 
0.019 0.996 0.012 0.995 0.997 
0.016 0.996 0.016 0.995 1.000 
0.018 0.996 0.013 0.995 1.000 
0.015 0.995 0.012 0.995 1.000 
0.023 0.995 0.010 0.998 1.000 
0.028 0.991 0.010 0.998 0.990 
0.019 0.995 0.022 0.993 1.000 
0.015 0.997 0.008 0.998 1.000 
0.019 0.994 0.015 0.995 0.994 
0.017 0.994 0.012 0.995 0.997 
0.033 0.995 0.010 0.995 1.000 
0.026 0.993 0.009 0.998 0.997 
0.038 0.991 0.011 0.998 1.000 
0.022 0.993 0.010 0.995 1.000 
0.015 0.996 0.009 0.998 0.997 
0.014 0.996 0.017 0.995 0.994 
0.014 0.997 0.013 0.995 0.997 
0.020 0.996 0.010 0.998 1.000 
0.024 0.994 0.014 0.995 1.000 
0.023 0.993 0.012 0.995 0.974 
0.015 0.994 0.009 0.998 0.997 
0.023 0.996 0.016 1.000 0.981 
0.020 0.992 0.010 0.998 0.990 
0.014 0.996 0.014 0.995 0.990 
0.014 0.995 0.008 0.995 0.997 
0.019 0.996 0.008 0.998 0.978 
0.024 0.993 0.010 0.998 0.997 
0.020 0.994 0.007 0.998 0.994 
0.015 0.994 0.017 0.995 0.987 
0.015 0.995 0.017 0.998 0.981 
0.012 0.997 0.020 0.995 0.994 
0.041 0.992 0.018 0.995 0.984 
0.026 0.993 0.018 0.995 0.997 
0.020 0.995 0.013 0.998 0.987 
0.026 0.993 0.012 0.995 0.994 
0.021 0.994 0.011 0.998 0.997 
0.015 0.995 0.026 0.988 0.997 
0.019 0.996 0.025 0.993 0.994 
0.028 0.989 0.056 0.980 0.997 
0.025 0.991 0.012 0.998 0.997 
0.007 0.997 0.011 0.995 0.994 
0.026 0.993 0.011 0.998 0.997 
0.018 0.995 0.019 0.995 0.994 
0.025 0.991 0.008 0.998 0.984 
0.015 0.996 0.019 1.000 0.997 
0.014 0.996 0.011 0.998 0.997 
0.016 0.995 0.016 0.995 0.981 
0.021 0.991 0.018 0.993 0.994 
0.014 0.997 0.007 0.998 0.997 
0.016 0.996 0.011 0.998 0.981 
0.023 0.993 0.018 0.995 0.987 
0.038 0.992 0.022 0.995 0.997 
0.017 0.993 0.009 0.998 0.997 
0.013 0.995 0.007 0.995 0.997 
0.008 0.997 0.009 1.000 0.990 
0.023 0.994 0.010 0.995 0.994 
0.031 0.994 0.025 1.000 1.000 
0.022 0.992 0.030 0.990 0.997 
0.047 0.992 0.023 0.993 0.987 
0.016 0.995 0.011 0.998 0.990 
0.027 0.992 0.014 0.995 0.994 
0.017 0.995 0.015 0.995 0.997 
0.019 0.995 0.012 0.998 0.997 
0.012 0.996 0.019 0.993 0.997 
0.016 0.994 0.016 0.995 0.997 
0.028 0.993 0.015 0.995 0.981 
0.023 0.993 0.016 0.995 1.000 
0.011 0.997 0.008 0.995 0.997 
0.011 0.997 0.037 0.988 0.997 
0.011 0.997 0.028 0.993 0.994 
0.010 0.995 0.006 0.998 0.997 
0.027 0.993 0.014 0.995 0.987 
0.015 0.995 0.019 0.995 0.990 
0.023 0.993 0.012 0.998 0.987 
0.012 0.996 0.009 0.998 0.997 
0.016 0.995 0.012 0.995 0.997 
0.030 0.991 0.016 0.998 0.997 
0.025 0.995 0.013 0.995 0.997 
0.012 0.995 0.013 0.995 0.994 
0.010 0.997 0.010 0.995 1.000 
0.016 0.995 0.012 0.998 0.997 
0.018 0.995 0.015 0.995 0.984 
0.021 0.995 0.019 0.995 0.994 
0.026 0.995 0.012 0.995 0.997 
0.025 0.996 0.013 0.995 1.000 
0.015 0.993 0.006 1.000 0.994 
0.046 0.990 0.025 0.995 0.997 
0.014 0.996 0.010 0.995 0.987 
0.022 0.994 0.014 0.995 0.997 
0.015 0.995 0.010 0.998 1.000 
0.027 0.991 0.013 0.998 0.997 
0.018 0.995 0.010 0.995 0.984 
0.022 0.992 0.014 0.995 0.997 
0.026 0.992 0.011 0.998 0.997 
0.021 0.995 0.008 0.998 0.994 
0.028 0.992 0.017 0.998 1.000 
0.019 0.992 0.012 0.998 0.997 
0.015 0.996 0.016 0.995 0.987 
0.019 0.995 0.012 0.995 0.997 
0.013 0.996 0.008 0.998 0.968 
0.011 0.997 0.003 1.000 0.994 
0.018 0.995 0.010 0.998 0.994 
0.024 0.994 0.032 0.990 1.000 
0.016 0.996 0.013 0.998 1.000 
0.024 0.993 0.016 0.995 0.994 
0.019 0.994 0.012 0.995 1.000 
0.021 0.995 0.014 0.995 1.000 
0.018 0.997 0.015 0.995 0.997 
0.018 0.992 0.015 0.995 0.994 
0.024 0.995 0.011 0.995 0.990 
0.014 0.995 0.009 0.998 0.994 
0.015 0.995 0.015 0.995 0.997 
0.011 0.996 0.009 0.998 0.987 
0.010 0.996 0.008 0.998 0.994 
0.018 0.994 0.012 0.995 0.997 
0.015 0.995 0.010 0.995 0.987 
0.018 0.995 0.015 0.995 0.997 
0.033 0.991 0.013 0.995 1.000 
0.021 0.993 0.010 0.998 0.994 
0.016 0.996 0.013 0.995 0.997 
0.015 0.994 0.010 0.995 0.997 
0.019 0.994 0.008 0.998 1.000 
0.020 0.993 0.016 0.995 0.987 
0.021 0.993 0.013 0.998 0.978 
0.020 0.995 0.012 0.998 0.990 
0.024 0.993 0.017 0.995 0.994 
0.012 0.996 0.016 0.993 0.990 
0.019 0.993 0.008 0.998 0.997 
0.017 0.996 0.012 0.995 0.997 
0.012 0.996 0.010 0.995 0.987 
0.014 0.995 0.012 0.998 0.987 
0.025 0.993 0.011 0.995 0.987 
0.024 0.992 0.019 0.995 0.904 
0.014 0.995 0.011 0.995 0.984 
0.017 0.996 0.014 0.995 0.997 
0.021 0.995 0.021 0.995 0.994 
0.012 0.997 0.009 0.995 0.987 
0.016 0.995 0.014 0.995 0.997 
0.031 0.995 0.017 0.995 0.997 
0.013 0.996 0.010 0.998 0.971 
0.021 0.994 0.021 0.990 0.974 
0.017 0.992 0.006 0.998 0.997 
0.015 0.998 0.007 0.998 0.994 
0.016 0.997 0.008 0.998 0.978 
0.013 0.996 0.008 0.998 0.997 
0.011 0.996 0.006 0.998 0.987 
0.025 0.995 0.011 0.995 0.987 
0.024 0.993 0.022 0.995 0.997 
0.023 0.996 0.007 0.998 0.997 
0.010 0.995 0.007 0.995 0.997 
0.014 0.997 0.008 0.998 0.968 
0.026 0.993 0.011 0.995 0.994 
0.026 0.992 0.017 0.995 0.997 
0.016 0.995 0.011 0.995 0.997 
0.011 0.996 0.011 0.995 0.997 
0.017 0.993 0.008 0.998 0.981 
0.014 0.995 0.011 0.995 1.000 
0.009 0.998 0.016 0.995 0.990 
0.026 0.992 0.011 0.995 0.987 
0.013 0.994 0.012 0.995 0.997 
0.030 0.992 0.011 0.998 0.978 
0.022 0.994 0.009 0.998 0.997 
0.018 0.996 0.019 0.995 0.994 
0.018 0.995 0.011 0.998 1.000 
0.015 0.996 0.009 0.995 1.000 
0.020 0.994 0.014 0.995 0.990 
0.016 0.996 0.008 0.998 0.997 
0.017 0.995 0.012 0.995 1.000 
0.017 0.996 0.015 0.995 1.000 
0.024 0.995 0.017 0.995 1.000 
0.018 0.995 0.013 0.995 1.000 
0.007 0.998 0.016 0.993 0.968 
0.020 0.992 0.011 0.995 0.990 
0.014 0.998 0.008 0.998 1.000 
0.022 0.994 0.005 0.995 0.997 
0.012 0.996 0.012 0.995 0.994 
0.024 0.995 0.008 1.000 1.000 
0.016 0.995 0.012 0.995 1.000 
0.042 0.993 0.014 0.995 1.000 
0.017 0.995 0.033 0.990 1.000 
0.014 0.996 0.011 0.998 1.000 
0.014 0.996 0.019 0.995 1.000 
0.023 0.993 0.024 0.995 0.997 
0.012 0.995 0.014 0.998 1.000 
0.020 0.994 0.015 0.995 0.997 
0.016 0.995 0.014 0.995 1.000 
0.011 0.997 0.011 0.998 1.000 
0.017 0.995 0.010 0.995 0.997 
0.015 0.994 0.008 0.998 1.000 
0.021 0.995 0.011 0.998 0.994 
0.021 0.994 0.013 0.995 1.000 
0.011 0.995 0.010 0.995 0.994 
0.009 0.998 0.012 0.998 0.994 
0.024 0.992 0.014 0.998 0.987 
0.006 0.997 0.012 0.995 0.994 
0.014 0.996 0.010 0.998 1.000 
0.018 0.997 0.015 0.998 0.994 
0.015 0.995 0.009 0.998 0.990 
0.022 0.993 0.010 0.995 0.997 
0.011 0.996 0.013 0.995 0.994 
0.018 0.995 0.011 0.995 0.994 
0.019 0.993 0.015 0.993 0.987 
0.019 0.993 0.012 0.998 0.978 
0.014 0.996 0.015 0.995 0.984 
0.029 0.993 0.016 0.995 0.997 
0.016 0.996 0.024 0.993 0.994 
0.015 0.995 0.012 0.995 0.997 
0.015 0.996 0.022 0.993 0.990 
0.018 0.995 0.010 0.998 0.994 
0.009 0.997 0.033 0.988 1.000 
0.020 0.993 0.010 0.998 0.994 
0.014 0.996 0.014 0.995 0.984 
0.021 0.995 0.012 0.998 0.987 
0.022 0.995 0.010 0.998 1.000 
0.017 0.995 0.017 0.995 1.000 
0.010 0.997 0.013 0.995 0.984 
0.030 0.996 0.019 0.995 1.000 
0.017 0.994 0.012 0.998 1.000 
0.011 0.998 0.010 0.998 1.000 
0.019 0.994 0.011 0.998 0.987 
0.023 0.994 0.025 0.988 1.000 
0.012 0.994 0.010 0.998 1.000 
0.015 0.996 0.011 0.995 1.000 
0.031 0.992 0.019 0.995 1.000 
0.012 0.995 0.019 0.993 0.997 
0.018 0.994 0.007 0.998 1.000 
0.016 0.995 0.016 0.995 1.000 
0.032 0.991 0.024 0.993 0.968 
0.022 0.995 0.015 0.995 0.984 
0.017 0.995 0.012 0.995 0.994 
0.017 0.997 0.028 0.993 0.997 
0.013 0.995 0.018 0.993 0.994 
0.018 0.995 0.013 0.998 0.997 
0.020 0.995 0.009 0.998 0.994 
0.019 0.993 0.010 0.995 0.997 
0.024 0.991 0.012 0.998 1.000 
0.013 0.996 0.012 0.995 0.997 
0.015 0.996 0.013 0.995 1.000 
0.023 0.994 0.011 0.998 1.000 
0.018 0.995 0.011 0.998 0.997 
0.020 0.994 0.014 0.998 1.000 
0.011 0.997 0.008 0.998 0.997 
0.009 0.998 0.012 0.995 1.000 
0.013 0.996 0.009 0.998 0.997 
0.012 0.997 0.048 0.985 0.997 
0.015 0.997 0.017 0.990 1.000 
0.032 0.992 0.016 0.993 1.000 
0.016 0.995 0.011 0.995 1.000 
0.015 0.996 0.010 0.998 1.000 
0.017 0.996 0.013 0.998 1.000 
0.012 0.997 0.017 0.995 1.000 
0.021 0.995 0.014 0.998 0.997 
0.008 0.998 0.016 0.995 1.000 
0.027 0.991 0.019 0.995 0.997 
0.012 0.996 0.014 0.995 0.997 
0.013 0.997 0.009 0.998 1.000 
0.016 0.996 0.011 0.998 1.000 
0.024 0.997 0.007 1.000 1.000 
0.011 0.996 0.010 0.995 1.000 
0.021 0.995 0.078 0.963 0.994 
0.015 0.995 0.009 0.995 1.000 
0.013 0.995 0.016 0.995 1.000 
0.018 0.995 0.012 0.998 0.968 
0.014 0.997 0.008 0.998 1.000 
0.020 0.994 0.015 0.995 1.000 
0.011 0.997 0.011 0.998 1.000 
0.009 0.997 0.015 0.995 0.994 
0.012 0.997 0.014 0.995 0.994 
0.012 0.996 0.009 0.998 0.997 
0.015 0.997 0.015 0.998 0.994 
0.024 0.994 0.018 0.995 0.987 
0.011 0.997 0.011 0.995 0.997 
0.011 0.997 0.021 0.993 1.000 
0.025 0.991 0.025 0.993 0.997 
0.008 0.997 0.008 0.998 0.997 
0.014 0.996 0.023 0.990 1.000 
0.023 0.992 0.021 0.993 1.000 
0.018 0.995 0.024 0.993 1.000 
0.018 0.994 0.016 0.993 1.000 
0.008 0.998 0.013 0.998 0.997 
0.009 0.998 0.031 0.988 0.997 
0.025 0.994 0.063 0.973 0.997 
0.017 0.995 0.023 0.990 1.000 
0.015 0.996 0.008 0.998 0.997 
0.027 0.995 0.011 0.998 1.000 
0.016 0.996 0.022 0.995 1.000 
0.024 0.993 0.015 0.993 1.000 
0.022 0.995 0.030 0.990 0.997 
0.029 0.995 0.012 0.998 0.990 
0.023 0.994 0.010 0.995 0.997 
0.016 0.995 0.010 0.998 0.987 
0.015 0.997 0.010 0.998 0.984 
0.022 0.993 0.013 0.995 0.971 
0.018 0.994 0.010 0.995 0.974 
0.014 0.995 0.011 0.995 0.984 
0.012 0.997 0.015 0.995 0.997 
0.011 0.997 0.014 0.995 0.978 
0.010 0.995 0.021 0.995 1.000 
0.014 0.996 0.013 0.995 1.000 
0.016 0.996 0.011 0.995 1.000 
0.047 0.990 0.013 0.995 1.000 
0.024 0.993 0.014 0.998 0.984 
0.009 0.996 0.011 0.995 0.997 
0.020 0.995 0.015 0.995 0.990 
0.016 0.993 0.011 0.995 1.000 
0.006 0.997 0.006 0.998 1.000 
0.018 0.995 0.010 0.995 0.990 
0.025 0.993 0.013 0.995 0.990 
0.017 0.994 0.007 0.998 1.000 
0.015 0.996 0.009 0.998 0.994 
0.008 0.998 0.005 0.998 0.990 
0.014 0.997 0.024 0.993 0.990 
0.012 0.996 0.009 0.995 1.000 
0.019 0.994 0.017 0.995 0.994 
0.037 0.993 0.014 0.995 0.990 
0.025 0.993 0.018 0.995 1.000 
0.031 0.991 0.020 1.000 1.000 
0.016 0.996 0.026 0.988 0.990 
0.028 0.991 0.028 0.990 0.994 
0.015 0.995 0.023 0.990 0.990 
0.006 0.998 0.009 0.995 0.984 
0.011 0.996 0.011 0.998 0.994 
0.009 0.997 0.009 0.998 0.997 
0.022 0.993 0.015 0.995 0.997 
0.005 0.998 0.010 0.995 0.997 
0.033 0.995 0.008 0.995 0.990 
0.014 0.995 0.017 0.995 0.997 
0.020 0.993 0.013 0.995 1.000 
0.017 0.994 0.048 0.983 1.000 
0.023 0.994 0.019 0.995 1.000 
0.016 0.996 0.014 0.995 0.997 
0.020 0.995 0.027 0.995 1.000 
0.008 0.998 0.016 0.995 1.000 
0.017 0.994 0.009 0.998 0.997 
