0.268 0.901 0.148 0.958 1.000 
0.155 0.947 0.142 0.963 1.000 
0.141 0.952 0.130 0.973 1.000 
0.112 0.959 0.103 0.965 1.000 
0.097 0.967 0.116 0.973 1.000 
0.110 0.962 0.101 0.953 0.694 
0.090 0.970 0.096 0.965 1.000 
0.088 0.973 0.089 0.975 1.000 
0.084 0.976 0.088 0.975 1.000 
0.079 0.978 0.084 0.958 1.000 
0.071 0.977 0.087 0.955 0.897 
0.075 0.975 0.081 0.980 1.000 
0.065 0.982 0.093 0.978 1.000 
0.087 0.973 0.096 0.985 1.000 
0.072 0.980 0.095 0.980 1.000 
0.065 0.982 0.112 0.955 0.993 
0.075 0.979 0.089 0.965 0.989 
0.074 0.978 0.072 0.973 0.979 
0.062 0.983 0.076 0.975 1.000 
0.072 0.982 0.100 0.980 1.000 
0.071 0.978 0.079 0.983 1.000 
0.067 0.982 0.086 0.960 1.000 
0.057 0.984 0.079 0.973 1.000 
0.053 0.985 0.091 0.973 1.000 
0.060 0.984 0.084 0.975 1.000 
0.054 0.985 0.085 0.975 1.000 
0.046 0.989 0.072 0.978 1.000 
0.063 0.985 0.082 0.975 1.000 
0.064 0.979 0.080 0.970 1.000 
0.066 0.982 0.079 0.975 0.989 
0.062 0.982 0.101 0.958 1.000 
0.051 0.985 0.076 0.983 1.000 
0.052 0.985 0.112 0.955 1.000 
0.044 0.989 0.088 0.975 0.993 
0.057 0.986 0.090 0.973 1.000 
0.045 0.985 0.085 0.975 1.000 
0.048 0.988 0.084 0.968 1.000 
0.050 0.987 0.067 0.980 0.979 
0.033 0.991 0.061 0.983 0.423 
0.042 0.986 0.082 0.980 0.982 
0.048 0.986 0.077 0.975 1.000 
0.045 0.985 0.073 0.975 1.000 
0.051 0.985 0.084 0.973 0.060 
0.044 0.986 0.077 0.985 0.943 
0.053 0.985 0.083 0.963 1.000 
0.042 0.990 0.093 0.950 0.772 
0.042 0.988 0.081 0.973 0.238 
0.049 0.987 0.072 0.970 1.000 
0.051 0.989 0.059 0.983 0.993 
0.049 0.989 0.056 0.985 0.989 
0.057 0.984 0.102 0.953 0.996 
0.042 0.990 0.101 0.950 1.000 
0.040 0.990 0.076 0.978 0.950 
0.042 0.989 0.060 0.985 0.957 
0.037 0.989 0.061 0.983 0.996 
0.047 0.988 0.063 0.980 0.947 
0.039 0.989 0.060 0.985 0.441 
0.044 0.988 0.067 0.980 0.929 
0.045 0.989 0.069 0.978 0.413 
0.049 0.985 0.052 0.990 0.986 
0.057 0.985 0.086 0.988 0.594 
0.033 0.989 0.064 0.978 0.964 
0.050 0.988 0.182 0.930 0.626 
0.042 0.988 0.102 0.955 0.979 
0.031 0.994 0.056 0.990 1.000 
0.038 0.991 0.050 0.990 1.000 
0.048 0.986 0.044 0.990 0.765 
0.038 0.990 0.163 0.948 0.993 
0.055 0.985 0.063 0.968 0.936 
0.036 0.992 0.142 0.950 0.730 
0.047 0.991 0.067 0.983 0.801 
0.045 0.989 0.065 0.983 0.171 
0.036 0.990 0.063 0.988 0.018 
0.033 0.991 0.071 0.983 0.537 
0.040 0.988 0.064 0.980 0.907 
0.038 0.990 0.055 0.983 0.199 
0.039 0.989 0.065 0.985 0.975 
0.040 0.990 0.059 0.983 0.598 
0.040 0.988 0.072 0.975 0.851 
0.046 0.989 0.094 0.965 0.989 
0.030 0.993 0.070 0.980 0.544 
0.049 0.988 0.056 0.980 0.060 
0.036 0.990 0.078 0.978 0.961 
0.057 0.988 0.064 0.980 0.484 
0.038 0.991 0.089 0.958 0.018 
0.034 0.989 0.049 0.990 1.000 
0.037 0.991 0.071 0.973 0.779 
0.030 0.994 0.047 0.980 1.000 
0.041 0.989 0.060 0.973 0.117 
0.031 0.992 0.085 0.970 1.000 
0.040 0.991 0.050 0.980 0.950 
0.030 0.994 0.073 0.970 1.000 
0.040 0.991 0.084 0.968 0.993 
0.048 0.985 0.059 0.980 1.000 
0.033 0.992 0.047 0.985 1.000 
0.039 0.991 0.069 0.968 0.986 
0.039 0.988 0.056 0.980 0.669 
0.036 0.991 0.063 0.988 1.000 
0.041 0.990 0.111 0.953 0.993 
0.041 0.990 0.069 0.973 0.231 
0.038 0.991 0.053 0.985 0.651 
0.034 0.992 0.077 0.963 0.993 
0.023 0.995 0.059 0.980 0.993 
0.045 0.990 0.054 0.990 0.811 
0.031 0.992 0.073 0.990 0.961 
0.026 0.993 0.078 0.963 0.317 
0.034 0.992 0.058 0.973 0.911 
0.037 0.990 0.069 0.975 0.968 
0.037 0.990 0.053 0.988 0.993 
0.046 0.988 0.115 0.948 0.655 
0.044 0.987 0.074 0.973 0.993 
0.032 0.991 0.070 0.973 0.929 
0.034 0.993 0.063 0.975 0.274 
0.044 0.988 0.049 0.983 0.843 
0.036 0.991 0.112 0.950 0.925 
0.035 0.990 0.100 0.965 1.000 
0.031 0.993 0.056 0.983 0.972 
0.029 0.994 0.054 0.985 0.491 
0.028 0.994 0.111 0.955 0.989 
0.034 0.990 0.070 0.973 0.612 
0.036 0.989 0.081 0.970 0.544 
0.037 0.991 0.067 0.980 0.167 
0.030 0.992 0.055 0.985 0.043 
0.023 0.993 0.064 0.978 1.000 
0.034 0.992 0.098 0.955 0.989 
0.037 0.990 0.090 0.963 0.260 
0.031 0.992 0.075 0.973 0.690 
0.034 0.990 0.063 0.983 0.907 
0.031 0.994 0.074 0.973 0.278 
0.028 0.994 0.079 0.968 0.993 
0.032 0.991 0.177 0.930 0.032 
0.036 0.991 0.136 0.943 0.491 
0.037 0.990 0.064 0.963 0.377 
0.036 0.992 0.089 0.973 0.982 
0.034 0.993 0.061 0.975 0.993 
0.033 0.991 0.055 0.988 0.039 
0.038 0.991 0.058 0.978 0.616 
0.030 0.991 0.048 0.985 0.495 
0.028 0.993 0.057 0.980 0.975 
0.062 0.992 0.071 0.970 0.566 
0.040 0.989 0.067 0.973 0.505 
0.036 0.992 0.261 0.950 0.157 
0.031 0.990 0.098 0.973 0.943 
0.030 0.994 0.057 0.980 0.993 
0.029 0.994 0.058 0.985 0.819 
0.032 0.991 0.069 0.973 0.548 
0.028 0.991 0.063 0.973 0.979 
0.024 0.993 0.049 0.983 0.968 
0.030 0.993 0.073 0.970 0.964 
0.031 0.993 0.097 0.958 0.715 
0.034 0.991 0.047 0.988 0.801 
0.028 0.995 0.053 0.980 0.651 
0.027 0.994 0.131 0.927 0.772 
0.030 0.990 0.057 0.975 1.000 
0.026 0.995 0.052 0.975 0.993 
0.027 0.993 0.067 0.975 0.954 
0.028 0.993 0.050 0.985 0.740 
0.033 0.993 0.065 0.978 0.883 
0.029 0.991 0.125 0.955 0.199 
0.030 0.991 0.067 0.975 0.413 
0.022 0.996 0.053 0.978 0.619 
0.026 0.992 0.067 0.975 0.384 
0.037 0.990 0.059 0.978 0.028 
0.032 0.992 0.059 0.973 0.968 
0.035 0.991 0.088 0.960 0.961 
0.026 0.993 0.103 0.950 0.961 
0.028 0.990 0.069 0.975 0.285 
0.028 0.993 0.059 0.973 0.698 
0.032 0.992 0.070 0.973 0.986 
0.024 0.995 0.081 0.988 0.285 
0.031 0.993 0.059 0.980 0.890 
0.028 0.993 0.049 0.985 0.004 
0.024 0.993 0.065 0.983 0.783 
0.026 0.993 0.071 0.975 0.655 
0.020 0.994 0.061 0.980 0.573 
0.028 0.991 0.058 0.983 0.324 
0.033 0.991 0.056 0.978 0.690 
0.028 0.994 0.057 0.980 0.413 
0.028 0.991 0.084 0.958 0.004 
0.034 0.990 0.073 0.963 0.370 
0.034 0.991 0.068 0.978 0.313 
0.023 0.994 0.077 0.963 0.996 
0.025 0.994 0.065 0.965 0.922 
0.030 0.993 0.103 0.953 0.993 
0.027 0.994 0.081 0.960 0.776 
0.018 0.996 0.050 0.983 0.004 
0.027 0.991 0.055 0.985 0.996 
0.031 0.993 0.173 0.950 0.000 
0.030 0.994 0.059 0.975 0.996 
0.024 0.993 0.061 0.973 1.000 
0.029 0.991 0.058 0.985 1.000 
0.039 0.992 0.077 0.960 0.021 
0.027 0.995 0.075 0.958 0.246 
0.020 0.994 0.071 0.968 0.975 
0.029 0.993 0.095 0.955 0.192 
0.032 0.991 0.054 0.985 0.936 
0.023 0.994 0.072 0.965 0.986 
0.040 0.991 0.054 0.983 0.473 
0.043 0.991 0.053 0.985 0.626 
0.024 0.992 0.046 0.983 0.367 
0.023 0.994 0.073 0.963 0.989 
0.023 0.994 0.047 0.988 1.000 
0.028 0.994 0.067 0.968 1.000 
0.029 0.992 0.064 0.968 1.000 
0.029 0.991 0.112 0.945 0.313 
0.045 0.990 0.068 0.968 1.000 
0.031 0.991 0.097 0.948 1.000 
0.024 0.994 0.080 0.958 0.996 
0.028 0.993 0.078 0.965 0.954 
0.025 0.994 0.069 0.970 0.996 
0.029 0.991 0.053 0.985 1.000 
0.021 0.995 0.054 0.978 0.826 
0.027 0.994 0.074 0.965 0.904 
0.058 0.989 0.051 0.975 0.484 
0.027 0.994 0.060 0.975 0.922 
0.021 0.995 0.067 0.975 1.000 
0.025 0.992 0.057 0.980 0.996 
0.026 0.992 0.055 0.980 1.000 
0.030 0.992 0.087 0.975 0.050 
0.027 0.995 0.074 0.970 0.555 
0.030 0.990 0.073 0.968 0.811 
0.029 0.995 0.079 0.968 0.470 
0.025 0.991 0.054 0.980 0.605 
0.025 0.994 0.095 0.958 0.448 
0.026 0.993 0.046 0.983 0.534 
0.031 0.994 0.047 0.988 0.327 
0.039 0.989 0.049 0.990 0.096 
0.029 0.993 0.077 0.965 0.915 
0.020 0.996 0.083 0.960 0.918 
0.027 0.991 0.056 0.983 1.000 
0.019 0.995 0.047 0.985 0.993 
0.028 0.993 0.053 0.988 0.996 
0.027 0.992 0.090 0.955 0.972 
0.034 0.993 0.086 0.960 0.925 
0.025 0.993 0.069 0.970 0.940 
0.026 0.991 0.108 0.953 0.986 
0.018 0.995 0.050 0.985 0.996 
0.026 0.993 0.053 0.983 0.986 
0.030 0.990 0.060 0.975 0.993 
0.031 0.991 0.087 0.955 0.911 
0.026 0.993 0.049 0.988 0.964 
0.022 0.994 0.056 0.983 0.363 
0.023 0.994 0.054 0.978 0.434 
0.021 0.995 0.074 0.970 0.972 
0.028 0.991 0.103 0.950 0.954 
0.031 0.991 0.074 0.973 0.996 
0.023 0.995 0.064 0.980 0.968 
0.024 0.994 0.094 0.963 0.957 
0.030 0.993 0.136 0.943 0.409 
0.018 0.995 0.046 0.985 0.961 
0.020 0.996 0.051 0.985 0.979 
0.020 0.997 0.067 0.973 0.993 
0.023 0.994 0.077 0.965 1.000 
0.046 0.990 0.071 0.973 0.580 
0.028 0.993 0.070 0.968 0.993 
0.023 0.994 0.054 0.983 0.982 
0.029 0.991 0.066 0.988 0.993 
0.025 0.994 0.074 0.970 0.982 
0.024 0.994 0.088 0.955 0.669 
0.026 0.994 0.073 0.968 0.744 
0.021 0.996 0.065 0.975 0.181 
0.036 0.991 0.086 0.968 0.121 
0.017 0.995 0.052 0.985 0.534 
0.021 0.994 0.057 0.973 0.811 
0.026 0.994 0.059 0.978 0.986 
0.026 0.992 0.070 0.980 0.036 
0.023 0.990 0.078 0.970 0.459 
0.027 0.990 0.092 0.955 0.957 
0.034 0.989 0.053 0.985 0.886 
0.023 0.994 0.057 0.973 0.915 
0.027 0.994 0.077 0.973 0.900 
0.021 0.993 0.108 0.985 0.900 
0.033 0.991 0.079 0.970 0.036 
0.029 0.994 0.086 0.965 0.310 
0.018 0.994 0.065 0.975 0.203 
0.029 0.993 0.072 0.975 0.121 
0.020 0.996 0.080 0.963 0.591 
0.026 0.994 0.062 0.983 0.555 
0.022 0.995 0.079 0.978 0.644 
0.026 0.994 0.070 0.978 0.057 
0.025 0.993 0.067 0.975 0.306 
0.025 0.994 0.056 0.988 0.986 
0.031 0.991 0.061 0.988 0.370 
0.023 0.994 0.131 0.950 0.925 
0.029 0.994 0.116 0.955 1.000 
0.022 0.995 0.076 0.978 0.004 
0.022 0.993 0.052 0.985 0.961 
0.017 0.996 0.076 0.973 0.783 
0.026 0.994 0.102 0.955 0.772 
0.016 0.996 0.060 0.980 0.843 
0.024 0.994 0.066 0.975 0.217 
0.026 0.992 0.091 0.965 0.698 
0.014 0.996 0.095 0.955 0.598 
0.029 0.993 0.085 0.968 0.925 
0.021 0.994 0.134 0.938 0.858 
0.021 0.995 0.061 0.980 0.907 
0.027 0.993 0.089 0.963 0.829 
0.028 0.994 0.124 0.953 1.000 
0.026 0.993 0.066 0.980 0.975 
0.023 0.994 0.132 0.945 1.000 
0.021 0.995 0.077 0.980 0.050 
0.024 0.995 0.053 0.980 0.890 
0.020 0.995 0.072 0.975 0.164 
0.021 0.995 0.059 0.978 0.858 
0.031 0.991 0.068 0.980 0.498 
0.020 0.995 0.055 0.980 0.199 
0.027 0.993 0.107 0.955 0.452 
0.019 0.993 0.072 0.975 0.587 
0.025 0.994 0.059 0.985 0.064 
0.024 0.994 0.111 0.950 0.996 
0.018 0.995 0.057 0.978 0.989 
0.019 0.997 0.078 0.975 0.996 
0.027 0.993 0.054 0.988 0.509 
0.024 0.995 0.085 0.968 0.989 
0.037 0.991 0.082 0.963 0.160 
0.025 0.995 0.057 0.980 0.950 
0.017 0.994 0.076 0.965 0.996 
0.030 0.993 0.050 0.988 0.192 
0.028 0.991 0.173 0.953 0.665 
0.036 0.994 0.082 0.965 0.715 
0.022 0.996 0.065 0.973 0.886 
0.011 0.998 0.073 0.973 1.000 
0.025 0.991 0.067 0.975 0.993 
0.026 0.992 0.080 0.973 0.036 
0.020 0.994 0.061 0.978 0.160 
0.014 0.995 0.117 0.958 0.836 
0.020 0.995 0.054 0.983 0.164 
0.020 0.995 0.051 0.980 0.989 
0.019 0.996 0.082 0.973 0.683 
0.030 0.992 0.058 0.978 0.982 
0.023 0.992 0.051 0.983 0.986 
0.024 0.993 0.087 0.963 0.996 
0.023 0.995 0.058 0.978 0.121 
0.019 0.995 0.107 0.958 1.000 
0.031 0.991 0.088 0.973 1.000 
0.023 0.994 0.101 0.953 0.993 
0.024 0.993 0.079 0.970 0.982 
0.021 0.995 0.103 0.975 0.658 
0.025 0.994 0.108 0.948 0.964 
0.027 0.993 0.068 0.975 0.544 
0.032 0.991 0.073 0.970 0.993 
0.021 0.993 0.088 0.968 0.004 
0.020 0.995 0.172 0.953 0.274 
0.018 0.995 0.104 0.955 0.822 
0.019 0.995 0.054 0.985 0.737 
0.023 0.994 0.059 0.978 0.961 
0.019 0.995 0.064 0.975 0.228 
0.024 0.992 0.105 0.980 0.982 
0.031 0.993 0.083 0.968 0.982 
0.018 0.994 0.095 0.958 0.996 
0.026 0.993 0.091 0.960 0.918 
0.016 0.995 0.089 0.968 0.758 
0.020 0.994 0.082 0.978 0.900 
0.027 0.994 0.054 0.978 0.032 
0.026 0.993 0.087 0.953 0.900 
0.024 0.993 0.170 0.958 0.036 
0.027 0.994 0.064 0.978 1.000 
0.023 0.994 0.057 0.978 1.000 
0.015 0.996 0.075 0.975 1.000 
0.016 0.997 0.083 0.973 0.996 
0.024 0.994 0.089 0.960 0.712 
0.027 0.993 0.082 0.968 0.993 
0.019 0.995 0.059 0.978 0.228 
0.034 0.989 0.052 0.985 0.050 
0.024 0.993 0.092 0.963 0.993 
0.017 0.995 0.077 0.978 0.996 
0.026 0.992 0.081 0.970 1.000 
0.017 0.995 0.067 0.983 0.972 
0.014 0.995 0.063 0.978 0.996 
0.029 0.995 0.070 0.968 0.530 
0.018 0.995 0.073 0.985 0.110 
0.017 0.994 0.084 0.968 0.402 
0.022 0.995 0.101 0.965 0.982 
0.015 0.995 0.094 0.965 0.993 
0.024 0.995 0.076 0.970 0.406 
0.021 0.997 0.080 0.978 0.993 
0.052 0.993 0.120 0.955 0.996 
0.020 0.995 0.055 0.983 0.993 
0.036 0.991 0.077 0.985 0.989 
0.020 0.995 0.074 0.980 0.032 
0.016 0.997 0.115 0.955 0.904 
0.024 0.994 0.099 0.960 0.886 
0.018 0.994 0.055 0.988 0.811 
0.021 0.996 0.092 0.965 0.847 
0.009 0.998 0.077 0.980 0.512 
0.019 0.994 0.087 0.973 0.886 
0.022 0.995 0.058 0.973 0.520 
0.015 0.995 0.094 0.960 0.982 
0.027 0.991 0.092 0.963 0.014 
0.022 0.994 0.083 0.960 0.320 
0.028 0.994 0.061 0.978 0.039 
0.017 0.996 0.086 0.973 1.000 
0.023 0.994 0.065 0.978 0.224 
0.030 0.991 0.041 0.985 0.025 
0.022 0.995 0.043 0.985 0.000 
0.026 0.994 0.057 0.975 0.028 
0.026 0.995 0.175 0.948 0.972 
0.022 0.995 0.073 0.970 0.982 
0.023 0.994 0.067 0.973 0.591 
0.015 0.995 0.107 0.955 0.039 
0.039 0.995 0.107 0.953 0.979 
0.020 0.993 0.067 0.978 1.000 
0.026 0.993 0.089 0.963 0.178 
0.019 0.995 0.050 0.980 0.993 
0.019 0.996 0.104 0.953 0.032 
0.017 0.996 0.078 0.973 0.986 
0.021 0.993 0.082 0.970 0.537 
0.018 0.994 0.086 0.978 0.936 
0.022 0.995 0.094 0.973 0.302 
0.021 0.994 0.060 0.988 0.566 
0.023 0.995 0.057 0.983 0.004 
0.027 0.993 0.055 0.980 0.488 
0.025 0.994 0.093 0.968 0.242 
0.018 0.996 0.097 0.963 0.577 
0.022 0.994 0.065 0.980 0.512 
0.021 0.994 0.085 0.975 0.747 
0.020 0.993 0.077 0.978 0.972 
0.029 0.993 0.062 0.980 0.986 
0.021 0.994 0.129 0.950 0.993 
0.025 0.994 0.139 0.950 0.900 
0.015 0.995 0.073 0.973 0.993 
0.014 0.994 0.152 0.953 0.982 
0.025 0.993 0.141 0.948 1.000 
0.016 0.996 0.058 0.983 0.996 
0.020 0.994 0.072 0.978 1.000 
0.029 0.994 0.121 0.955 0.993 
0.028 0.991 0.080 0.965 0.972 
0.021 0.993 0.062 0.980 0.993 
0.021 0.995 0.059 0.985 0.801 
0.023 0.994 0.093 0.958 1.000 
0.013 0.995 0.095 0.960 0.993 
0.022 0.996 0.078 0.968 0.993 
0.017 0.997 0.095 0.968 1.000 
0.023 0.994 0.053 0.980 1.000 
0.024 0.995 0.074 0.983 1.000 
0.029 0.990 0.078 0.975 0.996 
0.020 0.994 0.069 0.975 0.591 
0.014 0.997 0.061 0.980 0.993 
0.025 0.994 0.085 0.965 1.000 
0.019 0.995 0.092 0.965 0.996 
0.011 0.995 0.053 0.988 0.954 
0.026 0.991 0.076 0.973 0.028 
0.023 0.991 0.067 0.975 0.082 
0.018 0.995 0.058 0.978 0.605 
0.030 0.995 0.054 0.980 0.388 
0.032 0.994 0.061 0.980 0.932 
0.021 0.994 0.093 0.968 0.879 
0.018 0.995 0.070 0.970 1.000 
0.019 0.995 0.107 0.955 0.954 
0.020 0.994 0.041 0.988 0.989 
0.015 0.995 0.051 0.983 1.000 
0.018 0.993 0.077 0.975 0.993 
0.026 0.993 0.056 0.980 0.989 
0.021 0.994 0.053 0.983 0.993 
0.014 0.995 0.085 0.970 0.409 
0.027 0.993 0.079 0.960 0.851 
0.023 0.993 0.062 0.978 0.993 
0.013 0.995 0.073 0.973 0.651 
0.023 0.996 0.048 0.985 0.808 
0.024 0.993 0.059 0.980 0.897 
0.013 0.997 0.080 0.973 0.986 
0.022 0.993 0.076 0.973 0.989 
0.023 0.993 0.072 0.973 0.982 
0.011 0.997 0.049 0.985 0.989 
0.017 0.996 0.098 0.963 0.979 
0.024 0.992 0.111 0.950 0.794 
0.020 0.993 0.061 0.980 0.612 
0.017 0.994 0.052 0.988 0.270 
0.019 0.995 0.068 0.975 0.989 
0.029 0.993 0.074 0.973 1.000 
0.010 0.997 0.054 0.983 0.196 
0.023 0.994 0.111 0.953 0.989 
0.019 0.994 0.046 0.988 0.996 
0.010 0.997 0.102 0.958 0.996 
0.022 0.995 0.084 0.970 0.986 
0.031 0.993 0.077 0.978 0.612 
0.020 0.997 0.100 0.963 0.676 
0.019 0.995 0.073 0.980 0.466 
0.020 0.996 0.059 0.980 0.694 
0.014 0.995 0.047 0.985 0.790 
0.021 0.994 0.062 0.978 0.747 
0.021 0.996 0.046 0.990 0.996 
0.027 0.992 0.048 0.985 0.922 
0.022 0.994 0.088 0.973 0.765 
0.021 0.995 0.057 0.980 0.968 
0.018 0.997 0.048 0.985 0.434 
0.022 0.993 0.060 0.978 0.979 
0.014 0.997 0.071 0.973 0.996 
0.019 0.995 0.046 0.985 0.890 
0.023 0.995 0.104 0.960 0.694 
0.021 0.995 0.044 0.990 1.000 
0.027 0.994 0.082 0.963 0.986 
0.017 0.995 0.066 0.975 0.594 
0.017 0.993 0.044 0.990 0.004 
0.018 0.994 0.079 0.973 0.641 
0.013 0.997 0.064 0.980 0.854 
0.029 0.996 0.073 0.973 0.858 
0.036 0.993 0.084 0.965 0.961 
0.021 0.993 0.090 0.973 0.505 
0.023 0.994 0.088 0.965 1.000 
0.024 0.994 0.047 0.985 1.000 
0.022 0.995 0.112 0.953 1.000 
0.030 0.993 0.097 0.968 1.000 
0.020 0.995 0.066 0.978 1.000 
0.019 0.995 0.054 0.985 1.000 
0.015 0.995 0.073 0.975 1.000 
0.021 0.993 0.082 0.980 0.996 
0.018 0.996 0.081 0.970 0.972 
0.023 0.993 0.048 0.990 0.986 
0.019 0.994 0.050 0.983 1.000 
0.022 0.997 0.126 0.948 0.996 
0.030 0.994 0.093 0.960 0.993 
0.017 0.997 0.052 0.988 1.000 
0.025 0.993 0.082 0.965 1.000 
0.017 0.995 0.078 0.965 0.996 
0.015 0.997 0.069 0.970 0.996 
0.035 0.993 0.112 0.970 1.000 
0.020 0.995 0.107 0.980 1.000 
0.024 0.993 0.055 0.988 0.907 
0.029 0.993 0.062 0.983 1.000 
0.020 0.995 0.045 0.990 0.712 
0.018 0.995 0.101 0.965 1.000 
0.024 0.994 0.042 0.990 0.117 
0.022 0.993 0.110 0.955 0.950 
0.024 0.993 0.115 0.950 0.996 
0.017 0.995 0.090 0.958 0.858 
0.020 0.994 0.051 0.990 1.000 
0.013 0.995 0.128 0.945 0.559 
0.020 0.993 0.060 0.980 0.996 
0.014 0.998 0.081 0.980 0.996 
0.019 0.994 0.049 0.985 0.552 
0.020 0.995 0.089 0.975 0.954 
0.026 0.995 0.152 0.950 0.801 
0.036 0.991 0.106 0.960 0.779 
0.015 0.997 0.048 0.985 0.370 
0.028 0.994 0.077 0.975 0.957 
0.025 0.994 0.062 0.980 0.925 
0.019 0.994 0.049 0.978 0.021 
0.017 0.996 0.049 0.988 0.907 
0.028 0.993 0.071 0.980 0.883 
0.017 0.994 0.065 0.978 0.986 
0.026 0.993 0.184 0.930 0.993 
0.019 0.995 0.129 0.950 0.986 
0.014 0.995 0.095 0.963 0.989 
0.020 0.994 0.100 0.963 1.000 
0.020 0.995 0.074 0.978 0.982 
0.027 0.995 0.072 0.985 1.000 
0.014 0.995 0.091 0.978 0.993 
0.015 0.997 0.079 0.985 0.989 
0.021 0.995 0.077 0.985 0.993 
0.013 0.995 0.126 0.968 0.975 
0.018 0.996 0.088 0.980 1.000 
0.025 0.993 0.073 0.980 1.000 
0.022 0.995 0.113 0.955 1.000 
0.035 0.995 0.061 0.980 0.989 
0.038 0.994 0.093 0.960 0.996 
0.020 0.994 0.123 0.955 0.979 
0.017 0.996 0.085 0.973 0.972 
0.015 0.995 0.058 0.983 0.964 
0.011 0.997 0.049 0.988 0.961 
0.026 0.993 0.147 0.945 1.000 
0.023 0.993 0.101 0.958 0.637 
0.031 0.996 0.063 0.980 0.488 
0.022 0.994 0.053 0.983 0.947 
0.016 0.997 0.102 0.955 0.847 
0.038 0.993 0.058 0.985 0.989 
0.021 0.995 0.080 0.975 0.993 
0.023 0.994 0.073 0.970 1.000 
0.020 0.997 0.083 0.980 1.000 
0.020 0.995 0.058 0.983 0.989 
0.013 0.997 0.062 0.980 0.993 
0.030 0.993 0.118 0.953 0.996 
0.021 0.994 0.050 0.988 1.000 
0.022 0.994 0.062 0.978 0.993 
0.015 0.995 0.054 0.978 0.972 
0.021 0.994 0.075 0.970 0.982 
0.017 0.995 0.082 0.970 0.961 
0.034 0.993 0.074 0.975 1.000 
0.022 0.992 0.067 0.978 0.979 
0.025 0.995 0.089 0.960 1.000 
0.020 0.995 0.068 0.978 0.929 
0.019 0.995 0.071 0.980 0.972 
0.029 0.994 0.060 0.975 0.932 
0.018 0.995 0.083 0.975 0.968 
0.016 0.995 0.045 0.985 0.979 
0.018 0.996 0.100 0.960 0.961 
0.016 0.995 0.080 0.970 0.609 
0.021 0.994 0.073 0.973 0.993 
0.019 0.995 0.105 0.948 0.996 
0.013 0.994 0.074 0.980 0.907 
0.018 0.994 0.104 0.965 0.505 
0.021 0.994 0.061 0.980 0.249 
0.014 0.995 0.063 0.975 0.996 
0.013 0.997 0.051 0.988 1.000 
0.034 0.992 0.068 0.973 0.996 
0.008 0.998 0.069 0.978 0.986 
0.026 0.994 0.089 0.968 1.000 
0.018 0.994 0.056 0.978 0.989 
0.015 0.996 0.081 0.975 0.996 
0.026 0.993 0.139 0.945 1.000 
0.024 0.994 0.114 0.958 1.000 
0.052 0.993 0.081 0.980 0.708 
0.016 0.997 0.053 0.980 0.996 
0.023 0.994 0.072 0.973 0.851 
0.019 0.994 0.047 0.983 1.000 
0.012 0.997 0.107 0.965 1.000 
0.013 0.998 0.058 0.978 1.000 
0.019 0.995 0.061 0.980 0.217 
0.021 0.994 0.038 0.990 0.199 
0.018 0.994 0.046 0.983 0.068 
0.042 0.992 0.142 0.940 1.000 
0.023 0.995 0.059 0.980 0.854 
0.015 0.994 0.067 0.975 0.690 
0.017 0.995 0.052 0.980 0.146 
0.016 0.994 0.046 0.983 0.776 
0.017 0.993 0.081 0.973 0.879 
0.014 0.996 0.052 0.985 0.246 
0.020 0.995 0.077 0.975 0.687 
0.018 0.995 0.079 0.970 0.957 
0.019 0.995 0.171 0.938 0.954 
0.020 0.994 0.064 0.973 0.957 
0.012 0.996 0.042 0.985 0.811 
0.020 0.997 0.084 0.973 0.954 
0.033 0.994 0.124 0.958 0.644 
0.038 0.994 0.143 0.948 0.861 
0.022 0.996 0.058 0.983 1.000 
0.018 0.995 0.064 0.978 0.897 
0.018 0.996 0.063 0.980 0.833 
0.022 0.994 0.063 0.975 0.552 
0.021 0.993 0.070 0.973 1.000 
0.021 0.994 0.063 0.978 0.975 
0.017 0.997 0.056 0.980 0.922 
0.022 0.994 0.086 0.970 0.744 
0.025 0.993 0.090 0.968 0.349 
0.017 0.994 0.090 0.965 0.270 
0.017 0.995 0.062 0.978 0.477 
0.019 0.993 0.094 0.968 0.423 
0.015 0.996 0.068 0.970 0.203 
0.019 0.994 0.068 0.973 0.698 
0.019 0.994 0.149 0.943 0.626 
0.016 0.994 0.055 0.980 0.641 
0.032 0.993 0.082 0.968 0.872 
0.018 0.994 0.073 0.973 0.698 
0.018 0.996 0.065 0.983 0.555 
0.016 0.995 0.102 0.968 0.665 
0.021 0.994 0.080 0.970 0.601 
0.023 0.994 0.119 0.953 0.893 
0.018 0.996 0.056 0.983 0.402 
0.017 0.997 0.063 0.980 0.968 
0.019 0.993 0.079 0.973 0.872 
0.011 0.997 0.139 0.955 0.128 
0.019 0.996 0.058 0.983 0.979 
0.018 0.995 0.105 0.958 0.616 
0.023 0.995 0.062 0.975 0.950 
0.018 0.997 0.118 0.958 1.000 
0.015 0.994 0.058 0.983 0.961 
0.023 0.992 0.064 0.980 0.633 
0.014 0.997 0.048 0.980 0.580 
0.018 0.994 0.053 0.980 0.929 
0.019 0.995 0.059 0.980 0.025 
0.021 0.997 0.053 0.983 0.434 
0.020 0.994 0.045 0.983 0.132 
0.024 0.995 0.065 0.983 0.235 
0.015 0.994 0.052 0.980 0.836 
0.009 0.998 0.067 0.978 0.975 
0.017 0.995 0.087 0.973 0.929 
0.026 0.994 0.055 0.980 0.794 
0.021 0.994 0.061 0.980 0.164 
0.028 0.994 0.155 0.940 0.957 
0.024 0.993 0.082 0.978 0.911 
0.020 0.992 0.103 0.960 0.947 
0.026 0.998 0.099 0.965 0.662 
0.012 0.997 0.124 0.958 0.957 
0.017 0.995 0.105 0.960 0.940 
0.016 0.996 0.101 0.960 0.673 
0.021 0.994 0.092 0.970 1.000 
0.012 0.995 0.068 0.978 1.000 
0.014 0.994 0.080 0.973 0.623 
0.023 0.994 0.079 0.975 0.996 
0.017 0.995 0.051 0.980 0.263 
0.022 0.993 0.045 0.985 0.811 
0.015 0.996 0.102 0.963 0.989 
0.017 0.995 0.104 0.958 0.979 
0.012 0.997 0.089 0.973 1.000 
0.020 0.995 0.158 0.945 1.000 
0.028 0.992 0.117 0.948 0.932 
0.023 0.995 0.214 0.927 0.982 
0.018 0.995 0.048 0.985 0.370 
0.015 0.996 0.055 0.978 0.811 
0.023 0.995 0.120 0.948 0.616 
0.019 0.993 0.065 0.978 0.669 
0.039 0.993 0.081 0.970 1.000 
0.020 0.994 0.050 0.978 0.996 
0.025 0.995 0.096 0.958 1.000 
0.017 0.996 0.053 0.985 0.957 
0.024 0.994 0.098 0.958 0.996 
0.020 0.994 0.057 0.980 0.982 
0.023 0.994 0.124 0.955 1.000 
0.014 0.995 0.098 0.960 0.993 
0.018 0.994 0.036 0.993 0.982 
0.023 0.993 0.064 0.978 1.000 
0.019 0.995 0.067 0.975 0.986 
0.030 0.991 0.071 0.970 1.000 
0.016 0.996 0.050 0.983 1.000 
0.012 0.997 0.120 0.950 0.996 
0.024 0.995 0.057 0.983 0.932 
0.017 0.995 0.149 0.943 1.000 
0.015 0.995 0.086 0.980 0.982 
0.030 0.992 0.091 0.965 0.982 
0.027 0.994 0.066 0.980 0.996 
0.010 0.995 0.069 0.983 0.954 
0.020 0.993 0.067 0.978 0.925 
0.014 0.998 0.066 0.978 0.996 
0.014 0.995 0.081 0.973 0.996 
0.018 0.995 0.061 0.983 0.641 
0.048 0.993 0.110 0.958 1.000 
0.014 0.998 0.054 0.988 1.000 
0.019 0.995 0.080 0.978 1.000 
0.018 0.996 0.052 0.985 0.915 
0.025 0.994 0.060 0.980 1.000 
0.021 0.994 0.108 0.975 0.057 
0.018 0.996 0.068 0.978 0.996 
0.018 0.995 0.062 0.975 0.900 
0.020 0.996 0.083 0.968 0.993 
0.011 0.996 0.097 0.968 0.996 
0.019 0.994 0.092 0.960 0.996 
0.018 0.994 0.071 0.968 0.993 
0.010 0.997 0.057 0.980 0.996 
0.019 0.995 0.124 0.965 1.000 
0.031 0.994 0.087 0.975 0.989 
0.014 0.997 0.056 0.983 0.986 
0.022 0.996 0.157 0.948 0.996 
0.022 0.996 0.067 0.980 0.989 
0.014 0.995 0.079 0.980 0.246 
0.017 0.995 0.076 0.980 0.947 
0.014 0.997 0.067 0.980 0.982 
0.015 0.995 0.063 0.980 0.996 
0.020 0.995 0.075 0.980 0.996 
0.046 0.991 0.060 0.985 0.993 
0.020 0.995 0.065 0.978 0.989 
0.020 0.994 0.062 0.980 0.993 
0.015 0.996 0.086 0.975 0.993 
0.014 0.995 0.094 0.968 1.000 
0.019 0.995 0.057 0.985 0.993 
0.019 0.993 0.082 0.978 1.000 
0.013 0.996 0.077 0.983 1.000 
0.030 0.993 0.054 0.978 0.993 
0.016 0.995 0.055 0.978 0.925 
0.016 0.995 0.105 0.963 0.915 
0.014 0.997 0.080 0.980 0.986 
0.023 0.993 0.060 0.980 0.993 
0.009 0.998 0.049 0.985 0.993 
0.028 0.992 0.063 0.978 0.996 
0.018 0.996 0.058 0.975 0.804 
0.034 0.994 0.090 0.973 1.000 
0.018 0.996 0.198 0.938 1.000 
0.016 0.996 0.062 0.983 0.989 
0.025 0.994 0.079 0.983 0.996 
0.016 0.996 0.075 0.975 0.993 
0.031 0.994 0.092 0.970 0.879 
0.022 0.994 0.098 0.973 0.993 
0.015 0.995 0.073 0.973 0.320 
0.012 0.997 0.071 0.980 0.989 
0.019 0.994 0.051 0.985 0.996 
0.021 0.994 0.167 0.940 0.989 
0.028 0.994 0.135 0.950 0.989 
0.025 0.995 0.104 0.965 0.968 
0.021 0.997 0.062 0.975 0.459 
0.013 0.997 0.071 0.978 0.708 
0.024 0.993 0.078 0.978 1.000 
0.018 0.997 0.083 0.978 0.972 
0.017 0.996 0.065 0.980 0.947 
0.018 0.995 0.086 0.978 0.986 
0.021 0.995 0.093 0.975 0.996 
0.019 0.994 0.095 0.975 0.975 
0.017 0.997 0.050 0.983 0.907 
0.018 0.996 0.084 0.975 0.057 
0.016 0.995 0.123 0.963 0.947 
0.016 0.994 0.070 0.978 0.694 
0.019 0.996 0.059 0.978 0.947 
0.014 0.996 0.091 0.975 0.879 
0.027 0.994 0.118 0.963 0.982 
0.018 0.996 0.095 0.963 0.972 
0.020 0.994 0.052 0.980 0.630 
0.017 0.995 0.100 0.965 0.986 
0.014 0.995 0.103 0.970 0.021 
0.020 0.994 0.065 0.978 0.950 
0.026 0.992 0.127 0.950 0.569 
0.017 0.996 0.102 0.968 0.740 
0.010 0.996 0.068 0.978 0.039 
0.010 0.997 0.094 0.975 0.772 
0.039 0.991 0.112 0.965 0.089 
0.019 0.995 0.103 0.975 0.352 
0.017 0.995 0.090 0.975 0.904 
0.017 0.993 0.099 0.968 0.000 
0.015 0.995 0.085 0.975 0.174 
0.008 0.997 0.080 0.978 0.075 
0.034 0.993 0.072 0.983 0.167 
0.029 0.993 0.058 0.983 0.039 
0.033 0.993 0.100 0.955 0.733 
0.015 0.995 0.111 0.955 0.715 
0.021 0.994 0.169 0.940 0.950 
0.020 0.996 0.082 0.975 0.975 
0.015 0.995 0.164 0.948 0.929 
0.016 0.996 0.056 0.985 0.918 
0.016 0.996 0.075 0.980 0.655 
0.019 0.995 0.131 0.955 0.986 
0.017 0.994 0.168 0.935 1.000 
0.015 0.995 0.067 0.980 0.883 
0.014 0.995 0.079 0.978 1.000 
0.014 0.996 0.059 0.983 1.000 
0.013 0.995 0.060 0.980 0.986 
0.016 0.994 0.105 0.965 0.737 
0.014 0.996 0.116 0.958 0.975 
0.021 0.996 0.075 0.980 0.947 
0.017 0.994 0.104 0.973 0.957 
0.018 0.994 0.064 0.975 0.968 
0.016 0.995 0.064 0.980 0.744 
0.024 0.994 0.173 0.938 0.719 
0.015 0.997 0.068 0.980 0.907 
0.024 0.994 0.097 0.963 0.317 
0.019 0.996 0.089 0.970 0.242 
0.010 0.997 0.076 0.975 0.950 
0.015 0.994 0.081 0.975 0.840 
0.010 0.997 0.123 0.955 0.701 
0.017 0.997 0.131 0.950 0.281 
0.008 0.997 0.116 0.963 0.843 
0.042 0.994 0.075 0.975 0.516 
0.038 0.993 0.066 0.980 0.121 
0.035 0.996 0.090 0.973 0.950 
0.019 0.995 0.099 0.973 0.847 
0.017 0.994 0.123 0.960 0.036 
0.020 0.993 0.069 0.978 0.690 
0.009 0.997 0.169 0.950 0.986 
0.023 0.996 0.101 0.970 0.609 
0.023 0.994 0.067 0.973 0.982 
0.015 0.995 0.088 0.975 0.651 
0.021 0.996 0.143 0.955 0.836 
0.017 0.994 0.080 0.975 0.260 
0.021 0.995 0.084 0.973 0.964 
0.016 0.995 0.123 0.960 1.000 
0.012 0.997 0.090 0.980 0.979 
0.026 0.994 0.098 0.963 0.940 
0.017 0.995 0.120 0.953 1.000 
0.020 0.995 0.060 0.980 0.779 
0.017 0.995 0.101 0.965 0.480 
0.014 0.995 0.114 0.963 0.438 
0.015 0.996 0.063 0.980 0.050 
0.033 0.995 0.203 0.935 1.000 
0.024 0.995 0.076 0.975 0.968 
0.017 0.994 0.096 0.970 0.751 
0.013 0.995 0.075 0.980 0.972 
0.014 0.995 0.147 0.953 0.961 
0.020 0.993 0.169 0.945 0.975 
0.011 0.998 0.130 0.960 0.342 
0.031 0.992 0.252 0.925 0.986 
0.020 0.994 0.075 0.978 0.705 
0.017 0.994 0.162 0.958 0.149 
0.018 0.994 0.049 0.980 0.968 
0.021 0.994 0.099 0.963 0.989 
0.017 0.997 0.091 0.973 0.964 
0.021 0.994 0.076 0.978 0.025 
0.015 0.995 0.112 0.970 0.217 
0.017 0.994 0.102 0.970 1.000 
0.021 0.994 0.114 0.960 0.854 
0.015 0.995 0.138 0.970 0.053 
0.027 0.991 0.096 0.973 0.609 
0.022 0.994 0.097 0.975 0.018 
0.022 0.994 0.127 0.968 1.000 
0.022 0.994 0.093 0.978 0.310 
0.014 0.996 0.067 0.980 0.214 
0.015 0.993 0.096 0.975 0.107 
0.019 0.995 0.096 0.963 0.021 
0.013 0.998 0.073 0.980 0.036 
0.018 0.995 0.075 0.978 0.018 
0.010 0.998 0.109 0.960 0.313 
0.029 0.995 0.090 0.978 0.423 
0.020 0.995 0.074 0.980 0.893 
0.012 0.997 0.056 0.978 0.979 
0.011 0.996 0.098 0.965 0.018 
0.013 0.995 0.078 0.978 0.021 
0.012 0.997 0.058 0.978 0.591 
0.009 0.997 0.068 0.975 0.616 
0.015 0.995 0.089 0.963 0.996 
0.035 0.994 0.187 0.975 0.046 
0.041 0.990 0.120 0.955 0.011 
0.015 0.995 0.108 0.958 0.007 
0.014 0.995 0.083 0.980 0.011 
0.021 0.995 0.081 0.978 0.000 
0.017 0.993 0.080 0.980 0.046 
0.011 0.997 0.121 0.958 0.011 
0.011 0.997 0.132 0.958 0.071 
0.020 0.995 0.075 0.980 0.669 
0.018 0.995 0.075 0.980 0.562 
0.121 0.991 0.093 0.970 0.000 
0.025 0.995 0.102 0.963 0.466 
0.008 0.998 0.079 0.978 0.093 
0.038 0.994 0.197 0.940 0.000 
0.011 0.998 0.098 0.975 0.146 
0.014 0.997 0.101 0.965 0.000 
0.022 0.995 0.146 0.948 0.000 
0.018 0.995 0.116 0.953 0.915 
0.021 0.995 0.182 0.938 0.199 
0.038 0.994 0.096 0.973 0.096 
0.026 0.992 0.120 0.960 0.854 
0.015 0.996 0.098 0.970 1.000 
0.022 0.995 0.078 0.978 0.082 
0.013 0.997 0.062 0.978 0.053 
0.016 0.996 0.094 0.963 0.121 
0.013 0.996 0.177 0.950 0.320 
0.009 0.998 0.226 0.940 0.295 
0.022 0.994 0.175 0.945 0.690 
0.015 0.997 0.123 0.948 0.498 
0.012 0.995 0.076 0.975 0.000 
0.021 0.996 0.128 0.953 0.018 
0.012 0.995 0.083 0.978 0.007 
0.028 0.993 0.090 0.970 0.000 
0.021 0.993 0.047 0.978 0.149 
0.017 0.996 0.091 0.963 0.028 
0.017 0.994 0.065 0.980 0.004 
0.018 0.994 0.110 0.958 0.071 
0.013 0.997 0.069 0.980 0.000 
0.021 0.993 0.077 0.983 0.000 
0.036 0.994 0.074 0.980 0.000 
0.034 0.995 0.081 0.978 0.000 
0.016 0.995 0.116 0.953 0.004 
0.018 0.994 0.089 0.955 0.000 
0.013 0.997 0.073 0.980 0.000 
0.019 0.994 0.079 0.973 0.004 
0.031 0.994 0.088 0.958 0.004 
0.015 0.998 0.071 0.980 0.000 
0.010 0.997 0.071 0.978 0.018 
0.015 0.996 0.119 0.950 0.004 
0.013 0.997 0.073 0.975 0.630 
0.026 0.994 0.073 0.985 0.904 
0.022 0.995 0.059 0.983 0.032 
0.028 0.994 0.083 0.980 0.007 
0.015 0.995 0.054 0.983 0.000 
0.014 0.997 0.112 0.970 0.968 
0.021 0.994 0.084 0.973 0.644 
0.018 0.995 0.054 0.983 0.278 
0.012 0.997 0.045 0.978 0.157 
0.023 0.994 0.087 0.968 0.544 
0.007 0.998 0.043 0.978 0.174 
0.026 0.994 0.086 0.970 0.744 
0.015 0.996 0.132 0.945 0.338 
0.033 0.994 0.084 0.970 0.004 
0.017 0.995 0.074 0.980 0.028 
0.012 0.997 0.104 0.958 0.473 
0.028 0.993 0.112 0.958 0.915 
0.016 0.995 0.138 0.953 0.972 
0.033 0.994 0.076 0.980 0.765 
0.013 0.996 0.150 0.943 0.587 
0.031 0.993 0.071 0.978 1.000 
0.011 0.994 0.060 0.988 0.071 
0.050 0.995 0.070 0.983 0.014 
0.014 0.997 0.153 0.950 0.996 
0.017 0.996 0.069 0.978 0.986 
0.010 0.997 0.045 0.983 0.883 
0.016 0.996 0.058 0.980 0.644 
0.010 0.998 0.110 0.960 0.989 
0.026 0.994 0.084 0.975 0.498 
0.019 0.992 0.075 0.978 0.993 
0.016 0.995 0.065 0.980 0.808 
0.011 0.995 0.086 0.973 0.651 
0.015 0.993 0.090 0.975 0.537 
0.018 0.994 0.062 0.980 0.747 
0.019 0.995 0.046 0.980 0.231 
0.016 0.996 0.074 0.978 0.762 
0.015 0.997 0.065 0.978 0.947 
0.014 0.995 0.082 0.973 0.694 
0.017 0.995 0.121 0.958 0.598 
0.031 0.991 0.068 0.983 1.000 
0.014 0.997 0.048 0.980 0.039 
0.024 0.993 0.114 0.963 0.982 
0.016 0.994 0.098 0.975 0.982 
0.020 0.995 0.056 0.980 0.701 
0.004 0.999 0.056 0.988 0.961 
0.017 0.994 0.050 0.980 0.014 
0.039 0.994 0.060 0.985 0.993 
0.017 0.994 0.081 0.975 1.000 
0.020 0.993 0.047 0.985 1.000 
0.018 0.995 0.130 0.955 1.000 
0.016 0.995 0.075 0.980 0.986 
0.015 0.997 0.080 0.975 0.932 
0.030 0.995 0.066 0.980 1.000 
0.020 0.995 0.075 0.980 0.996 
0.024 0.994 0.140 0.958 1.000 
0.020 0.994 0.067 0.983 0.996 
0.027 0.993 0.198 0.938 1.000 
0.030 0.993 0.171 0.945 0.537 
0.016 0.995 0.169 0.943 0.833 
0.016 0.994 0.054 0.980 0.836 
0.040 0.994 0.131 0.953 0.989 
0.018 0.995 0.175 0.948 0.996 
0.021 0.994 0.106 0.953 0.246 
0.010 0.997 0.103 0.958 0.925 
0.022 0.995 0.057 0.985 0.402 
0.018 0.995 0.186 0.943 0.381 
0.040 0.994 0.184 0.938 0.996 
