0.342 0.848 0.182 0.935 0.974 
0.250 0.909 0.199 0.902 0.980 
0.201 0.928 0.111 0.963 0.987 
0.169 0.943 0.134 0.975 0.993 
0.162 0.942 0.158 0.935 0.961 
0.144 0.950 0.101 0.963 0.964 
0.138 0.960 0.114 0.955 0.987 
0.111 0.964 0.117 0.985 1.000 
0.112 0.961 0.104 0.975 1.000 
0.096 0.965 0.061 0.978 1.000 
0.098 0.967 0.082 0.978 1.000 
0.086 0.972 0.095 0.975 0.993 
0.099 0.967 0.095 0.968 0.902 
0.088 0.974 0.067 0.985 1.000 
0.080 0.974 0.067 0.980 1.000 
0.090 0.973 0.147 0.927 0.925 
0.091 0.974 0.085 0.985 1.000 
0.095 0.975 0.070 0.985 0.765 
0.072 0.979 0.048 0.990 0.997 
0.098 0.967 0.065 0.983 1.000 
0.086 0.974 0.066 0.980 1.000 
0.069 0.980 0.056 0.980 1.000 
0.072 0.979 0.072 0.973 1.000 
0.064 0.982 0.048 0.988 1.000 
0.067 0.984 0.060 0.985 1.000 
0.075 0.979 0.077 0.980 0.909 
0.073 0.981 0.066 0.988 1.000 
0.080 0.972 0.107 0.960 1.000 
0.064 0.980 0.083 0.980 1.000 
0.066 0.984 0.065 0.983 1.000 
0.072 0.976 0.074 0.980 0.997 
0.064 0.980 0.055 0.983 0.990 
0.062 0.983 0.069 0.988 1.000 
0.059 0.983 0.052 0.985 1.000 
0.055 0.985 0.066 0.983 0.993 
0.062 0.983 0.064 0.983 0.993 
0.056 0.981 0.053 0.988 1.000 
0.060 0.983 0.050 0.988 0.925 
0.061 0.983 0.064 0.983 0.840 
0.055 0.983 0.054 0.990 0.176 
0.065 0.981 0.086 0.980 1.000 
0.058 0.983 0.071 0.975 1.000 
0.052 0.983 0.060 0.985 1.000 
0.057 0.982 0.049 0.985 1.000 
0.051 0.981 0.064 0.985 1.000 
0.059 0.983 0.072 0.985 0.997 
0.061 0.982 0.070 0.983 1.000 
0.038 0.992 0.063 0.985 1.000 
0.047 0.989 0.059 0.985 0.730 
0.044 0.990 0.064 0.983 1.000 
0.050 0.985 0.040 0.988 1.000 
0.058 0.982 0.045 0.985 1.000 
0.053 0.984 0.075 0.980 0.371 
0.038 0.990 0.054 0.980 0.974 
0.058 0.982 0.052 0.980 1.000 
0.051 0.986 0.062 0.980 1.000 
0.059 0.982 0.050 0.988 1.000 
0.060 0.979 0.069 0.980 0.997 
0.047 0.986 0.066 0.978 0.974 
0.046 0.991 0.064 0.983 0.971 
0.037 0.991 0.039 0.993 1.000 
0.046 0.985 0.060 0.988 1.000 
0.043 0.989 0.058 0.983 0.987 
0.034 0.990 0.028 0.993 1.000 
0.050 0.986 0.084 0.965 0.993 
0.041 0.989 0.058 0.990 0.997 
0.039 0.990 0.069 0.983 0.938 
0.053 0.985 0.112 0.975 0.922 
0.041 0.988 0.032 0.988 1.000 
0.050 0.987 0.054 0.983 1.000 
0.044 0.988 0.061 0.983 1.000 
0.042 0.986 0.049 0.993 1.000 
0.045 0.989 0.052 0.980 0.993 
0.044 0.988 0.055 0.983 0.990 
0.040 0.988 0.056 0.985 0.990 
0.044 0.987 0.057 0.980 0.993 
0.043 0.989 0.056 0.980 0.997 
0.046 0.987 0.060 0.980 1.000 
0.051 0.984 0.059 0.985 0.694 
0.032 0.989 0.057 0.980 1.000 
0.038 0.991 0.048 0.983 0.993 
0.038 0.991 0.036 0.995 1.000 
0.036 0.990 0.034 0.990 0.997 
0.041 0.988 0.053 0.980 0.997 
0.035 0.989 0.035 0.985 1.000 
0.040 0.990 0.053 0.983 1.000 
0.046 0.989 0.055 0.990 1.000 
0.042 0.986 0.042 0.985 1.000 
0.036 0.990 0.037 0.993 1.000 
0.040 0.990 0.055 0.985 0.997 
0.042 0.988 0.038 0.988 1.000 
0.034 0.990 0.062 0.988 1.000 
0.036 0.989 0.063 0.975 1.000 
0.039 0.989 0.058 0.990 0.919 
0.039 0.991 0.033 0.988 1.000 
0.037 0.989 0.046 0.983 0.997 
0.046 0.985 0.052 0.983 1.000 
0.051 0.985 0.041 0.988 1.000 
0.040 0.985 0.051 0.983 0.997 
0.045 0.989 0.051 0.993 0.997 
0.035 0.991 0.044 0.983 0.984 
0.046 0.986 0.094 0.963 1.000 
0.042 0.989 0.037 0.990 0.997 
0.044 0.985 0.054 0.983 1.000 
0.030 0.993 0.039 0.988 1.000 
0.043 0.991 0.074 0.978 0.997 
0.045 0.988 0.048 0.988 1.000 
0.034 0.990 0.061 0.980 0.997 
0.041 0.991 0.040 0.988 1.000 
0.036 0.991 0.074 0.978 0.990 
0.031 0.990 0.048 0.983 0.993 
0.049 0.985 0.044 0.985 0.997 
0.039 0.989 0.066 0.980 1.000 
0.036 0.988 0.033 0.990 0.997 
0.041 0.988 0.049 0.980 1.000 
0.025 0.995 0.046 0.995 0.977 
0.043 0.989 0.055 0.980 0.993 
0.029 0.994 0.060 0.985 0.997 
0.028 0.994 0.098 0.960 1.000 
0.033 0.988 0.042 0.988 1.000 
0.035 0.988 0.067 0.983 1.000 
0.034 0.990 0.067 0.983 1.000 
0.029 0.992 0.078 0.978 0.928 
0.038 0.986 0.053 0.983 0.997 
0.027 0.994 0.045 0.990 0.997 
0.030 0.991 0.065 0.980 0.997 
0.034 0.993 0.078 0.978 1.000 
0.036 0.990 0.048 0.985 0.997 
0.030 0.992 0.075 0.978 0.997 
0.039 0.989 0.048 0.983 0.997 
0.025 0.993 0.058 0.983 0.987 
0.040 0.990 0.069 0.983 0.990 
0.039 0.991 0.050 0.988 1.000 
0.038 0.989 0.037 0.990 1.000 
0.030 0.991 0.040 0.990 0.987 
0.049 0.990 0.055 0.985 0.997 
0.026 0.995 0.037 0.993 0.997 
0.029 0.991 0.070 0.985 0.997 
0.029 0.992 0.047 0.985 1.000 
0.033 0.991 0.102 0.958 1.000 
0.037 0.989 0.051 0.983 1.000 
0.034 0.989 0.058 0.985 0.997 
0.032 0.991 0.050 0.985 0.997 
0.038 0.990 0.036 0.995 0.997 
0.033 0.988 0.056 0.983 0.997 
0.043 0.989 0.036 0.990 0.997 
0.037 0.991 0.050 0.993 0.997 
0.030 0.993 0.034 0.990 1.000 
0.027 0.993 0.048 0.988 0.997 
0.025 0.993 0.065 0.983 0.954 
0.036 0.991 0.041 0.993 0.997 
0.023 0.993 0.054 0.983 0.997 
0.030 0.993 0.072 0.980 1.000 
0.031 0.992 0.063 0.978 1.000 
0.027 0.993 0.043 0.983 1.000 
0.026 0.991 0.038 0.988 0.997 
0.031 0.991 0.043 0.988 0.997 
0.026 0.994 0.040 0.993 1.000 
0.027 0.993 0.040 0.990 0.997 
0.027 0.992 0.061 0.980 0.977 
0.035 0.990 0.047 0.990 1.000 
0.034 0.990 0.047 0.985 0.997 
0.029 0.994 0.045 0.988 0.958 
0.026 0.993 0.055 0.990 1.000 
0.042 0.988 0.045 0.988 0.997 
0.035 0.990 0.042 0.988 0.997 
0.024 0.995 0.028 0.995 0.997 
0.024 0.993 0.058 0.983 0.997 
0.045 0.991 0.060 0.983 0.997 
0.028 0.993 0.050 0.988 0.997 
0.030 0.991 0.078 0.978 0.997 
0.038 0.989 0.053 0.993 0.997 
0.037 0.991 0.062 0.990 0.997 
0.036 0.988 0.053 0.985 0.997 
0.026 0.994 0.036 0.990 0.990 
0.030 0.992 0.058 0.988 0.997 
0.025 0.993 0.034 0.990 0.997 
0.036 0.988 0.048 0.983 0.997 
0.031 0.989 0.049 0.983 0.997 
0.030 0.990 0.043 0.985 0.990 
0.024 0.994 0.033 0.993 0.990 
0.038 0.991 0.040 0.990 0.997 
0.029 0.992 0.056 0.993 0.997 
0.034 0.991 0.045 0.990 0.997 
0.031 0.992 0.042 0.985 0.997 
0.030 0.991 0.059 0.985 1.000 
0.036 0.990 0.060 0.985 0.987 
0.032 0.991 0.051 0.980 0.997 
0.037 0.991 0.044 0.985 1.000 
0.027 0.989 0.062 0.990 0.997 
0.021 0.995 0.036 0.990 0.997 
0.033 0.990 0.036 0.988 0.997 
0.030 0.992 0.060 0.985 0.990 
0.036 0.992 0.045 0.985 1.000 
0.031 0.991 0.043 0.983 1.000 
0.025 0.992 0.038 0.988 1.000 
0.026 0.992 0.035 0.988 1.000 
0.040 0.990 0.043 0.990 0.997 
0.023 0.993 0.039 0.988 1.000 
0.030 0.989 0.043 0.985 1.000 
0.024 0.995 0.049 0.993 0.993 
0.032 0.994 0.052 0.983 0.990 
0.030 0.991 0.035 0.993 1.000 
0.022 0.996 0.040 0.993 1.000 
0.028 0.992 0.048 0.988 1.000 
0.041 0.990 0.048 0.988 1.000 
0.031 0.993 0.052 0.983 0.997 
0.033 0.992 0.043 0.988 1.000 
0.030 0.992 0.053 0.988 0.997 
0.028 0.992 0.071 0.975 0.964 
0.018 0.995 0.055 0.983 0.990 
0.025 0.994 0.038 0.990 0.997 
0.033 0.991 0.087 0.973 0.990 
0.023 0.994 0.055 0.985 0.987 
0.041 0.989 0.037 0.993 1.000 
0.030 0.992 0.032 0.993 0.997 
0.027 0.993 0.036 0.993 0.987 
0.032 0.992 0.041 0.988 1.000 
0.027 0.993 0.036 0.988 0.997 
0.024 0.992 0.040 0.988 0.997 
0.028 0.994 0.033 0.990 0.997 
0.032 0.991 0.058 0.975 1.000 
0.027 0.994 0.037 0.988 1.000 
0.028 0.992 0.043 0.988 0.990 
0.023 0.995 0.046 0.985 0.928 
0.023 0.989 0.036 0.985 0.997 
0.023 0.994 0.033 0.990 1.000 
0.025 0.992 0.029 0.993 0.997 
0.020 0.993 0.067 0.975 1.000 
0.025 0.995 0.036 0.993 0.980 
0.044 0.988 0.042 0.985 0.997 
0.049 0.989 0.039 0.985 0.997 
0.032 0.989 0.031 0.993 0.919 
0.030 0.992 0.034 0.990 0.993 
0.033 0.991 0.055 0.980 0.993 
0.025 0.993 0.046 0.985 0.990 
0.027 0.991 0.052 0.983 1.000 
0.021 0.995 0.034 0.990 0.990 
0.030 0.993 0.041 0.985 1.000 
0.032 0.992 0.034 0.990 0.997 
0.031 0.993 0.064 0.983 0.997 
0.023 0.993 0.040 0.985 1.000 
0.027 0.994 0.070 0.975 0.997 
0.023 0.994 0.046 0.993 1.000 
0.021 0.995 0.047 0.985 1.000 
0.022 0.994 0.036 0.985 1.000 
0.025 0.992 0.038 0.990 0.993 
0.024 0.993 0.037 0.988 0.993 
0.033 0.993 0.047 0.988 0.997 
0.030 0.991 0.035 0.988 1.000 
0.028 0.991 0.037 0.988 0.997 
0.033 0.990 0.028 0.990 0.993 
0.037 0.990 0.039 0.990 1.000 
0.030 0.993 0.050 0.980 1.000 
0.023 0.993 0.051 0.985 0.997 
0.018 0.994 0.048 0.988 0.984 
0.034 0.990 0.045 0.988 1.000 
0.029 0.992 0.076 0.973 0.997 
0.023 0.992 0.051 0.985 1.000 
0.037 0.991 0.047 0.985 1.000 
0.029 0.992 0.048 0.988 1.000 
0.029 0.991 0.035 0.990 0.993 
0.030 0.992 0.038 0.988 0.997 
0.037 0.990 0.050 0.983 1.000 
0.017 0.995 0.048 0.988 0.993 
0.022 0.995 0.042 0.985 0.987 
0.038 0.988 0.034 0.995 0.997 
0.022 0.994 0.041 0.985 1.000 
0.022 0.994 0.051 0.995 0.993 
0.020 0.994 0.039 0.985 0.997 
0.033 0.992 0.028 0.995 1.000 
0.034 0.994 0.044 0.990 0.997 
0.034 0.990 0.040 0.988 0.997 
0.031 0.991 0.030 0.998 1.000 
0.015 0.996 0.035 0.993 0.997 
0.027 0.993 0.035 0.988 0.990 
0.027 0.994 0.037 0.990 0.997 
0.027 0.993 0.044 0.983 0.997 
0.021 0.994 0.068 0.980 0.993 
0.021 0.994 0.018 0.993 0.990 
0.025 0.994 0.040 0.988 0.997 
0.021 0.994 0.060 0.980 0.997 
0.023 0.993 0.031 0.988 0.997 
0.027 0.993 0.033 0.990 0.987 
0.030 0.991 0.035 0.990 1.000 
0.022 0.993 0.032 0.990 0.997 
0.018 0.994 0.026 0.993 0.997 
0.018 0.995 0.029 0.998 0.997 
0.029 0.993 0.042 0.988 0.974 
0.039 0.991 0.039 0.983 0.997 
0.023 0.993 0.038 0.985 0.997 
0.026 0.994 0.043 0.985 0.997 
0.024 0.994 0.026 0.990 0.993 
0.022 0.994 0.051 0.980 0.990 
0.033 0.991 0.032 0.990 0.993 
0.022 0.995 0.028 0.998 1.000 
0.027 0.991 0.036 0.988 1.000 
0.033 0.989 0.031 0.993 0.997 
0.021 0.995 0.037 0.988 0.997 
0.018 0.994 0.028 0.995 1.000 
0.026 0.991 0.027 0.993 1.000 
0.022 0.994 0.046 0.988 1.000 
0.022 0.993 0.049 0.983 1.000 
0.019 0.995 0.044 0.985 1.000 
0.028 0.992 0.046 0.983 0.997 
0.032 0.992 0.046 0.985 1.000 
0.013 0.996 0.048 0.988 0.993 
0.050 0.990 0.050 0.980 0.993 
0.027 0.992 0.037 0.995 1.000 
0.015 0.994 0.034 0.993 1.000 
0.031 0.993 0.037 0.985 1.000 
0.026 0.994 0.050 0.988 0.993 
0.020 0.992 0.037 0.990 1.000 
0.023 0.995 0.037 0.995 1.000 
0.019 0.994 0.038 0.985 0.997 
0.023 0.994 0.060 0.978 1.000 
0.020 0.995 0.051 0.983 0.997 
0.011 0.995 0.047 0.985 1.000 
0.021 0.991 0.030 0.990 0.997 
0.024 0.992 0.035 0.988 1.000 
0.035 0.993 0.060 0.978 1.000 
0.039 0.992 0.025 0.995 0.997 
0.026 0.995 0.033 0.985 0.997 
0.018 0.994 0.053 0.983 0.993 
0.023 0.994 0.032 0.988 0.997 
0.028 0.990 0.039 0.995 1.000 
0.015 0.995 0.026 0.988 1.000 
0.024 0.995 0.032 0.988 1.000 
0.028 0.991 0.045 0.985 0.980 
0.014 0.995 0.033 0.990 0.993 
0.018 0.996 0.032 0.990 1.000 
0.027 0.991 0.054 0.985 1.000 
0.018 0.996 0.034 0.990 0.997 
0.017 0.993 0.041 0.985 0.997 
0.012 0.996 0.052 0.985 0.997 
0.022 0.993 0.043 0.983 1.000 
0.011 0.997 0.028 0.990 1.000 
0.016 0.994 0.024 0.995 1.000 
0.037 0.993 0.041 0.985 0.990 
0.030 0.991 0.039 0.985 1.000 
0.021 0.993 0.046 0.983 1.000 
0.025 0.993 0.034 0.985 0.997 
0.026 0.992 0.039 0.985 1.000 
0.023 0.995 0.034 0.988 0.990 
0.030 0.991 0.029 0.995 0.997 
0.038 0.994 0.089 0.978 1.000 
0.029 0.990 0.035 0.988 0.997 
0.017 0.994 0.034 0.985 0.987 
0.016 0.994 0.031 0.988 0.993 
0.025 0.994 0.025 0.995 0.997 
0.020 0.994 0.030 0.990 0.954 
0.027 0.993 0.052 0.985 0.990 
0.025 0.993 0.029 0.993 1.000 
0.024 0.993 0.037 0.988 0.997 
0.014 0.997 0.042 0.985 0.997 
0.024 0.993 0.046 0.988 0.987 
0.026 0.992 0.041 0.983 0.997 
0.025 0.992 0.035 0.993 0.997 
0.022 0.993 0.040 0.990 1.000 
0.022 0.993 0.044 0.985 1.000 
0.020 0.996 0.044 0.988 1.000 
0.035 0.992 0.036 0.988 0.997 
0.021 0.994 0.032 0.990 1.000 
0.024 0.993 0.041 0.985 1.000 
0.023 0.994 0.045 0.985 0.997 
0.029 0.993 0.041 0.988 0.997 
0.025 0.994 0.040 0.985 0.974 
0.024 0.992 0.084 0.970 0.967 
0.022 0.992 0.045 0.990 0.997 
0.029 0.993 0.077 0.968 0.997 
0.015 0.994 0.281 0.973 0.915 
0.056 0.992 0.047 0.985 1.000 
0.021 0.993 0.031 0.988 0.997 
0.019 0.995 0.034 0.988 1.000 
0.020 0.995 0.111 0.960 0.997 
0.030 0.992 0.034 0.988 0.984 
0.019 0.995 0.042 0.983 0.997 
0.009 0.997 0.052 0.980 0.997 
0.019 0.995 0.031 0.993 0.997 
0.024 0.993 0.051 0.978 0.997 
0.013 0.997 0.037 0.988 0.997 
0.017 0.997 0.041 0.985 0.993 
0.021 0.994 0.052 0.985 0.997 
0.019 0.992 0.032 0.993 1.000 
0.020 0.994 0.030 0.990 0.984 
0.015 0.996 0.040 0.995 0.997 
0.019 0.995 0.037 0.985 0.993 
0.019 0.995 0.056 0.983 0.997 
0.023 0.992 0.033 0.988 0.987 
0.014 0.995 0.093 0.985 0.993 
0.021 0.994 0.041 0.998 0.997 
0.023 0.993 0.034 0.995 0.997 
0.025 0.994 0.033 0.995 0.993 
0.018 0.994 0.021 0.998 0.993 
0.021 0.994 0.060 0.980 0.980 
0.020 0.993 0.036 0.985 1.000 
0.029 0.993 0.022 0.995 0.987 
0.024 0.993 0.031 0.988 0.997 
0.023 0.992 0.030 0.993 0.997 
0.020 0.993 0.041 0.988 0.997 
0.018 0.994 0.032 0.995 0.997 
0.023 0.993 0.040 0.993 0.997 
0.023 0.994 0.036 0.985 0.987 
0.041 0.992 0.034 0.988 0.997 
0.033 0.992 0.042 0.983 0.987 
0.031 0.993 0.032 0.990 0.993 
0.022 0.991 0.060 0.978 0.987 
0.018 0.994 0.032 0.985 0.997 
0.020 0.994 0.066 0.980 0.997 
0.019 0.994 0.045 0.985 1.000 
0.024 0.992 0.049 0.985 0.987 
0.013 0.996 0.057 0.983 0.977 
0.013 0.993 0.032 0.985 1.000 
0.022 0.992 0.031 0.990 0.993 
0.026 0.993 0.033 0.988 1.000 
0.018 0.995 0.046 0.985 0.990 
0.023 0.994 0.030 0.990 0.990 
0.015 0.996 0.036 0.983 0.997 
0.024 0.994 0.040 0.988 1.000 
0.026 0.993 0.059 0.978 0.997 
0.021 0.994 0.050 0.980 0.967 
0.017 0.995 0.023 0.998 0.997 
0.030 0.991 0.046 0.993 1.000 
0.035 0.993 0.034 0.990 1.000 
0.013 0.995 0.042 0.985 0.997 
0.018 0.995 0.048 0.988 1.000 
0.024 0.994 0.086 0.975 0.990 
0.030 0.993 0.037 0.988 1.000 
0.018 0.994 0.046 0.983 0.993 
0.031 0.992 0.040 0.985 1.000 
0.015 0.996 0.026 0.990 1.000 
0.054 0.986 0.019 0.993 0.997 
0.024 0.993 0.039 0.985 0.997 
0.021 0.994 0.043 0.983 0.997 
0.020 0.995 0.047 0.985 0.993 
0.026 0.993 0.033 0.993 1.000 
0.020 0.995 0.033 0.993 0.993 
0.023 0.994 0.026 0.993 1.000 
0.013 0.996 0.029 0.993 0.997 
0.028 0.993 0.037 0.985 0.993 
0.046 0.994 0.035 0.988 0.482 
0.018 0.993 0.024 0.995 0.997 
0.029 0.993 0.034 0.995 1.000 
0.025 0.993 0.034 0.985 0.993 
0.017 0.996 0.034 0.988 0.997 
0.012 0.995 0.045 0.983 0.990 
0.015 0.994 0.023 0.993 0.997 
0.022 0.994 0.030 0.995 0.997 
0.029 0.991 0.035 0.990 0.997 
0.026 0.994 0.050 0.988 0.997 
0.023 0.993 0.090 0.983 0.648 
0.029 0.990 0.031 0.993 0.993 
0.021 0.996 0.041 0.985 0.987 
0.026 0.990 0.026 0.988 0.997 
0.032 0.989 0.039 0.985 0.997 
0.019 0.995 0.044 0.983 0.948 
0.018 0.995 0.052 0.983 0.990 
0.021 0.994 0.033 0.988 0.990 
0.021 0.994 0.047 0.985 0.993 
0.032 0.992 0.048 0.990 0.993 
0.023 0.996 0.046 0.980 0.993 
0.024 0.993 0.047 0.985 0.945 
0.023 0.991 0.047 0.980 1.000 
0.019 0.995 0.026 0.993 0.990 
0.020 0.994 0.037 0.983 0.990 
0.023 0.992 0.032 0.993 0.984 
0.019 0.996 0.042 0.990 0.997 
0.016 0.996 0.062 0.983 1.000 
0.014 0.996 0.024 0.995 0.993 
0.020 0.992 0.062 0.980 0.993 
0.028 0.994 0.053 0.983 0.997 
0.013 0.996 0.055 0.980 0.987 
0.018 0.992 0.033 0.988 0.997 
0.014 0.993 0.045 0.985 0.993 
0.022 0.993 0.023 0.998 0.990 
0.016 0.996 0.036 0.985 0.993 
0.026 0.993 0.068 0.975 0.990 
0.019 0.994 0.033 0.995 1.000 
0.026 0.990 0.047 0.990 0.993 
0.024 0.995 0.065 0.978 0.993 
0.016 0.995 0.042 0.988 0.997 
0.022 0.992 0.062 0.978 0.990 
0.017 0.994 0.058 0.980 1.000 
0.019 0.993 0.071 0.973 0.990 
0.019 0.995 0.049 0.985 1.000 
0.035 0.990 0.047 0.983 0.993 
0.015 0.994 0.030 0.995 0.997 
0.018 0.995 0.035 0.988 0.997 
0.019 0.995 0.028 0.988 0.993 
0.037 0.993 0.056 0.978 0.997 
0.018 0.996 0.046 0.988 0.997 
0.015 0.994 0.046 0.983 0.987 
0.018 0.993 0.044 0.985 0.987 
0.024 0.995 0.082 0.973 0.941 
0.015 0.995 0.074 0.983 0.951 
0.019 0.993 0.053 0.985 0.993 
0.027 0.995 0.041 0.985 0.993 
0.018 0.995 0.026 0.990 0.997 
0.015 0.994 0.046 0.983 0.997 
0.018 0.994 0.027 0.995 0.997 
0.037 0.991 0.044 0.983 0.997 
0.010 0.997 0.037 0.995 0.993 
0.027 0.994 0.035 0.988 1.000 
0.013 0.996 0.030 0.990 0.997 
0.017 0.996 0.049 0.983 0.993 
0.019 0.994 0.077 0.973 1.000 
0.020 0.992 0.050 0.980 0.997 
0.008 0.998 0.026 0.990 0.997 
0.018 0.996 0.045 0.983 0.997 
0.019 0.994 0.062 0.978 0.997 
0.018 0.994 0.040 0.985 0.997 
0.018 0.994 0.035 0.995 1.000 
0.022 0.993 0.067 0.983 1.000 
0.060 0.990 0.015 0.998 1.000 
0.025 0.995 0.018 0.993 0.990 
0.020 0.993 0.031 0.988 0.997 
0.014 0.994 0.057 0.985 0.925 
0.025 0.994 0.035 0.985 0.997 
0.019 0.994 0.026 0.995 0.990 
0.017 0.995 0.023 0.990 0.997 
0.018 0.996 0.035 0.988 0.997 
0.020 0.993 0.030 0.990 0.987 
0.024 0.992 0.047 0.983 0.997 
0.013 0.997 0.037 0.988 0.997 
0.020 0.994 0.047 0.983 0.997 
0.028 0.992 0.063 0.983 0.990 
0.023 0.994 0.053 0.983 0.997 
0.020 0.995 0.027 0.993 0.990 
0.018 0.995 0.087 0.965 0.573 
0.022 0.993 0.039 0.985 0.997 
0.019 0.995 0.033 0.990 0.997 
0.017 0.994 0.041 0.985 0.987 
0.015 0.995 0.048 0.985 1.000 
0.019 0.993 0.028 0.993 0.997 
0.007 0.998 0.032 0.988 0.987 
0.012 0.997 0.037 0.990 0.990 
0.024 0.995 0.031 0.993 0.990 
0.028 0.993 0.030 0.990 1.000 
0.030 0.993 0.051 0.990 0.997 
0.024 0.993 0.030 0.985 0.997 
0.012 0.996 0.053 0.983 0.997 
0.019 0.994 0.033 0.988 0.997 
0.021 0.994 0.044 0.988 0.990 
0.015 0.994 0.046 0.988 0.997 
0.010 0.996 0.043 0.985 1.000 
0.015 0.995 0.037 0.995 1.000 
0.023 0.994 0.053 0.983 0.993 
0.019 0.994 0.043 0.985 0.997 
0.018 0.996 0.068 0.980 0.958 
0.017 0.994 0.056 0.983 0.993 
0.026 0.991 0.031 0.990 0.993 
0.017 0.995 0.049 0.993 1.000 
0.016 0.996 0.040 0.983 0.997 
0.027 0.994 0.041 0.985 0.997 
0.015 0.995 0.048 0.985 0.997 
0.020 0.992 0.031 0.993 0.997 
0.029 0.991 0.054 0.983 0.993 
0.012 0.997 0.046 0.985 0.993 
0.046 0.993 0.021 0.995 0.997 
0.018 0.996 0.024 0.990 0.997 
0.016 0.996 0.027 0.990 0.993 
0.028 0.993 0.033 0.993 0.997 
0.018 0.996 0.039 0.988 0.997 
0.018 0.995 0.029 0.988 0.990 
0.029 0.992 0.034 0.985 0.987 
0.022 0.994 0.044 0.985 0.987 
0.016 0.995 0.027 0.993 0.997 
0.021 0.993 0.047 0.993 1.000 
0.018 0.996 0.035 0.990 0.954 
0.021 0.994 0.028 0.995 0.980 
0.010 0.998 0.029 0.993 0.993 
0.017 0.995 0.054 0.980 0.993 
0.017 0.995 0.035 0.988 0.997 
0.022 0.992 0.041 0.985 1.000 
0.023 0.995 0.041 0.988 0.997 
0.023 0.994 0.032 0.995 0.997 
0.025 0.994 0.027 0.993 0.997 
0.019 0.994 0.030 0.990 1.000 
0.016 0.997 0.040 0.985 1.000 
0.021 0.994 0.023 0.995 0.997 
0.018 0.994 0.040 0.985 1.000 
0.025 0.992 0.049 0.980 1.000 
0.014 0.995 0.056 0.978 1.000 
0.016 0.996 0.035 0.985 1.000 
0.022 0.993 0.040 0.988 1.000 
0.024 0.992 0.045 0.985 0.990 
0.021 0.994 0.048 0.980 1.000 
0.019 0.994 0.036 0.993 0.993 
0.018 0.993 0.078 0.968 0.984 
0.015 0.996 0.029 0.990 0.997 
0.020 0.995 0.032 0.985 1.000 
0.011 0.997 0.059 0.985 0.925 
0.008 0.996 0.041 0.988 1.000 
0.015 0.995 0.034 0.988 0.990 
0.030 0.994 0.040 0.990 1.000 
0.014 0.996 0.063 0.990 1.000 
0.029 0.989 0.035 0.985 1.000 
0.008 0.997 0.017 0.995 1.000 
0.028 0.992 0.033 0.995 1.000 
0.021 0.993 0.042 0.985 1.000 
0.027 0.993 0.044 0.980 1.000 
0.021 0.995 0.039 0.985 1.000 
0.021 0.995 0.030 0.990 0.990 
0.019 0.993 0.037 0.988 0.997 
0.024 0.992 0.040 0.993 0.997 
0.025 0.994 0.023 0.993 0.993 
0.015 0.996 0.027 0.990 1.000 
0.017 0.995 0.039 0.988 0.997 
0.015 0.997 0.027 0.993 0.997 
0.016 0.996 0.044 0.993 0.990 
0.024 0.992 0.049 0.983 0.997 
0.016 0.995 0.035 0.988 0.997 
0.010 0.995 0.101 0.983 0.974 
0.031 0.993 0.019 0.993 0.997 
0.023 0.994 0.057 0.983 0.997 
0.009 0.997 0.067 0.978 0.993 
0.016 0.995 0.100 0.965 0.974 
0.026 0.993 0.045 0.983 0.990 
0.018 0.994 0.049 0.985 0.997 
0.015 0.995 0.037 0.990 0.997 
0.021 0.994 0.053 0.983 0.980 
0.019 0.995 0.050 0.980 0.997 
0.026 0.991 0.045 0.980 0.997 
0.017 0.993 0.042 0.988 0.997 
0.013 0.995 0.040 0.988 0.993 
0.042 0.995 0.051 0.985 0.997 
0.021 0.993 0.029 0.990 0.993 
0.012 0.996 0.030 0.990 0.997 
0.032 0.992 0.036 0.988 0.997 
0.018 0.996 0.023 0.995 0.997 
0.062 0.991 0.071 0.973 0.974 
0.018 0.995 0.059 0.983 0.990 
0.013 0.996 0.051 0.983 0.997 
0.023 0.994 0.041 0.985 1.000 
0.027 0.992 0.030 0.988 0.990 
0.021 0.995 0.026 0.993 0.993 
0.024 0.992 0.038 0.985 0.993 
0.016 0.995 0.025 0.990 0.997 
0.014 0.995 0.039 0.985 0.993 
0.026 0.994 0.034 0.988 0.993 
0.026 0.993 0.051 0.985 1.000 
0.023 0.994 0.066 0.978 0.993 
0.019 0.993 0.032 0.990 1.000 
0.017 0.994 0.133 0.985 0.997 
0.034 0.993 0.029 0.995 0.997 
0.012 0.996 0.025 0.995 0.993 
0.021 0.994 0.047 0.985 0.993 
0.012 0.998 0.043 0.993 0.997 
0.024 0.992 0.057 0.983 0.987 
0.021 0.995 0.036 0.985 0.993 
0.013 0.995 0.035 0.985 0.987 
0.014 0.996 0.025 0.990 0.997 
0.017 0.995 0.034 0.985 0.997 
0.012 0.997 0.038 0.985 0.997 
0.038 0.993 0.069 0.980 0.990 
0.024 0.992 0.041 0.990 0.997 
0.014 0.996 0.048 0.985 0.993 
0.020 0.996 0.039 0.983 1.000 
0.025 0.995 0.042 0.985 0.993 
0.017 0.994 0.044 0.985 1.000 
0.014 0.996 0.068 0.980 1.000 
0.012 0.997 0.049 0.983 0.997 
0.024 0.992 0.045 0.985 0.997 
0.018 0.993 0.028 0.990 0.993 
0.015 0.995 0.037 0.988 0.997 
0.064 0.992 0.059 0.980 0.958 
0.014 0.996 0.037 0.988 0.977 
0.018 0.994 0.050 0.983 0.993 
0.024 0.991 0.031 0.988 0.974 
0.026 0.996 0.059 0.983 0.993 
0.015 0.995 0.047 0.985 0.997 
0.022 0.992 0.064 0.973 0.993 
0.018 0.995 0.090 0.968 0.993 
0.046 0.993 0.046 0.985 0.997 
0.028 0.994 0.054 0.980 1.000 
0.022 0.994 0.044 0.985 0.993 
0.019 0.995 0.052 0.983 0.993 
0.019 0.995 0.029 0.995 0.997 
0.017 0.994 0.036 0.988 0.997 
0.018 0.994 0.033 0.993 1.000 
0.023 0.993 0.031 0.988 0.997 
0.018 0.995 0.028 0.995 0.997 
0.016 0.995 0.059 0.980 0.990 
0.023 0.995 0.041 0.990 0.997 
0.016 0.996 0.039 0.995 0.993 
0.035 0.994 0.033 0.993 1.000 
0.029 0.993 0.058 0.978 0.993 
0.023 0.993 0.033 0.995 0.993 
0.021 0.995 0.037 0.985 0.993 
0.017 0.995 0.024 0.995 0.993 
0.030 0.991 0.042 0.988 1.000 
0.022 0.994 0.072 0.980 0.993 
0.027 0.992 0.072 0.988 0.997 
0.020 0.995 0.036 0.988 0.997 
0.015 0.994 0.033 0.993 0.997 
0.013 0.994 0.058 0.985 1.000 
0.020 0.994 0.032 0.993 1.000 
0.021 0.995 0.049 0.985 0.990 
0.019 0.995 0.030 0.990 0.997 
0.025 0.995 0.059 0.978 0.997 
0.027 0.992 0.058 0.978 0.993 
0.015 0.996 0.063 0.980 0.997 
0.022 0.992 0.079 0.983 0.993 
0.025 0.992 0.043 0.985 1.000 
0.018 0.994 0.035 0.985 0.993 
0.018 0.994 0.028 0.995 1.000 
0.014 0.996 0.027 0.993 0.993 
0.010 0.997 0.048 0.985 0.997 
0.021 0.994 0.043 0.988 1.000 
0.019 0.995 0.067 0.990 0.997 
0.024 0.995 0.052 0.985 1.000 
0.014 0.996 0.071 0.983 0.997 
0.015 0.995 0.027 0.993 1.000 
0.017 0.996 0.035 0.990 0.997 
0.018 0.994 0.062 0.983 1.000 
0.026 0.993 0.063 0.975 0.993 
0.022 0.995 0.073 0.978 0.993 
0.023 0.994 0.043 0.985 0.990 
0.022 0.994 0.039 0.985 1.000 
0.024 0.992 0.067 0.975 0.984 
0.013 0.994 0.048 0.980 0.997 
0.018 0.994 0.040 0.985 0.993 
0.012 0.997 0.033 0.988 0.997 
0.036 0.992 0.046 0.983 0.993 
0.015 0.995 0.020 0.995 0.993 
0.011 0.997 0.025 0.993 0.997 
0.016 0.995 0.029 0.988 0.997 
0.014 0.996 0.042 0.993 0.997 
0.019 0.993 0.027 0.995 1.000 
0.019 0.994 0.088 0.968 0.984 
0.016 0.993 0.050 0.983 1.000 
0.022 0.994 0.037 0.985 0.997 
0.013 0.995 0.047 0.980 0.993 
0.014 0.996 0.033 0.990 0.997 
0.016 0.994 0.039 0.985 0.997 
0.019 0.994 0.039 0.985 0.997 
0.016 0.995 0.035 0.985 1.000 
0.021 0.994 0.075 0.983 1.000 
0.015 0.996 0.039 0.985 0.997 
0.019 0.994 0.071 0.980 0.993 
0.019 0.995 0.033 0.988 0.997 
0.026 0.992 0.039 0.990 0.997 
0.008 0.998 0.043 0.985 1.000 
0.027 0.995 0.045 0.988 0.987 
0.015 0.996 0.065 0.980 0.993 
0.014 0.996 0.063 0.985 1.000 
0.018 0.993 0.028 0.988 0.993 
0.019 0.994 0.030 0.993 0.997 
0.021 0.993 0.065 0.983 0.993 
0.012 0.997 0.041 0.985 0.993 
0.018 0.994 0.031 0.993 1.000 
0.018 0.993 0.038 0.983 1.000 
0.016 0.994 0.056 0.985 0.993 
0.011 0.996 0.053 0.983 0.951 
0.016 0.995 0.041 0.985 0.993 
0.028 0.995 0.091 0.973 0.993 
0.023 0.992 0.046 0.985 0.997 
0.017 0.994 0.032 0.985 1.000 
0.010 0.995 0.022 0.995 0.993 
0.015 0.995 0.063 0.980 0.990 
0.010 0.995 0.048 0.983 0.997 
0.023 0.993 0.040 0.985 0.997 
0.012 0.996 0.042 0.988 0.997 
0.024 0.993 0.038 0.985 0.993 
0.012 0.996 0.028 0.993 0.997 
0.022 0.994 0.027 0.993 0.997 
0.022 0.993 0.045 0.985 0.997 
0.023 0.994 0.074 0.978 0.993 
0.012 0.996 0.036 0.985 0.993 
0.018 0.995 0.038 0.988 0.993 
0.030 0.993 0.041 0.988 0.997 
0.021 0.992 0.023 0.990 0.997 
0.010 0.996 0.044 0.990 0.997 
0.020 0.996 0.030 0.990 0.997 
0.014 0.994 0.055 0.985 0.997 
0.016 0.996 0.036 0.985 0.993 
0.010 0.994 0.062 0.985 0.993 
0.012 0.996 0.067 0.985 0.997 
0.015 0.997 0.034 0.990 0.993 
0.016 0.993 0.034 0.988 0.974 
0.025 0.995 0.043 0.988 0.993 
0.013 0.996 0.037 0.988 0.993 
0.018 0.994 0.037 0.985 0.997 
0.014 0.996 0.070 0.985 0.990 
0.028 0.994 0.037 0.988 0.993 
0.031 0.993 0.054 0.983 1.000 
0.019 0.996 0.030 0.985 0.997 
0.019 0.996 0.026 0.993 1.000 
0.030 0.991 0.061 0.975 0.993 
0.017 0.995 0.038 0.988 0.997 
0.014 0.996 0.065 0.983 0.997 
0.010 0.995 0.022 0.990 0.997 
0.015 0.996 0.059 0.985 0.993 
0.011 0.997 0.072 0.985 0.997 
0.029 0.993 0.044 0.985 0.993 
0.023 0.992 0.048 0.983 0.993 
0.011 0.995 0.067 0.983 0.993 
0.032 0.991 0.033 0.985 0.997 
0.013 0.997 0.053 0.978 0.993 
0.020 0.993 0.058 0.980 0.997 
0.016 0.995 0.036 0.993 0.997 
0.012 0.997 0.040 0.985 0.997 
0.021 0.993 0.046 0.985 0.993 
0.018 0.994 0.041 0.985 0.997 
0.019 0.996 0.025 0.990 0.997 
0.024 0.995 0.052 0.980 0.997 
0.025 0.991 0.028 0.990 0.997 
0.011 0.996 0.037 0.983 0.993 
0.026 0.994 0.064 0.975 0.954 
0.017 0.993 0.029 0.988 0.997 
0.016 0.994 0.041 0.985 0.997 
0.013 0.998 0.032 0.988 0.997 
0.015 0.996 0.026 0.995 0.997 
0.011 0.996 0.023 0.993 0.997 
0.032 0.991 0.050 0.983 0.993 
0.018 0.994 0.027 0.988 0.997 
0.014 0.995 0.062 0.983 0.990 
0.012 0.996 0.034 0.988 0.997 
0.022 0.993 0.036 0.985 0.993 
0.009 0.994 0.066 0.983 0.993 
0.025 0.994 0.029 0.988 0.997 
0.013 0.995 0.036 0.985 0.987 
0.020 0.995 0.053 0.983 0.993 
0.016 0.995 0.051 0.980 0.993 
0.013 0.996 0.030 0.993 0.997 
0.014 0.996 0.057 0.985 0.993 
0.019 0.994 0.062 0.983 0.993 
0.018 0.994 0.037 0.988 0.997 
0.011 0.997 0.077 0.980 0.971 
0.017 0.995 0.049 0.985 0.997 
0.025 0.994 0.060 0.983 1.000 
0.012 0.998 0.048 0.985 1.000 
0.016 0.996 0.044 0.988 0.997 
0.021 0.994 0.038 0.988 0.993 
0.015 0.997 0.035 0.990 0.993 
0.021 0.994 0.039 0.988 1.000 
0.012 0.996 0.028 0.993 1.000 
0.016 0.994 0.055 0.985 0.997 
0.019 0.995 0.036 0.988 0.997 
0.015 0.994 0.025 0.990 1.000 
0.016 0.996 0.027 0.990 1.000 
0.013 0.996 0.028 0.993 1.000 
0.018 0.994 0.054 0.985 0.997 
0.007 0.999 0.023 0.993 1.000 
0.016 0.995 0.068 0.975 0.997 
0.011 0.995 0.028 0.990 1.000 
0.020 0.996 0.072 0.978 1.000 
0.024 0.993 0.030 0.990 0.997 
0.018 0.992 0.051 0.980 0.997 
0.014 0.996 0.033 0.990 0.997 
0.016 0.995 0.031 0.990 0.993 
0.013 0.997 0.046 0.985 0.997 
0.016 0.994 0.033 0.990 0.993 
0.016 0.995 0.038 0.990 0.993 
0.019 0.994 0.040 0.988 0.993 
0.050 0.995 0.033 0.993 1.000 
0.013 0.997 0.036 0.988 0.993 
0.015 0.995 0.047 0.983 0.993 
0.019 0.993 0.029 0.988 1.000 
0.013 0.996 0.052 0.985 0.993 
0.024 0.994 0.043 0.988 0.997 
0.012 0.995 0.039 0.985 0.993 
0.013 0.997 0.039 0.990 1.000 
0.013 0.995 0.031 0.988 0.993 
0.020 0.995 0.111 0.958 0.964 
0.014 0.996 0.036 0.988 0.993 
0.016 0.997 0.029 0.990 0.993 
0.022 0.994 0.039 0.988 0.997 
0.007 0.997 0.445 0.968 0.993 
0.020 0.996 0.056 0.983 0.997 
0.030 0.992 0.037 0.988 1.000 
0.015 0.996 0.050 0.985 1.000 
0.013 0.997 0.067 0.970 0.997 
0.014 0.997 0.051 0.983 0.993 
0.007 0.997 0.056 0.985 0.993 
0.031 0.993 0.049 0.985 0.993 
0.011 0.995 0.051 0.985 0.997 
0.011 0.997 0.035 0.985 0.997 
0.027 0.994 0.060 0.980 0.993 
0.022 0.992 0.087 0.970 0.993 
0.018 0.995 0.052 0.983 0.993 
0.013 0.994 0.059 0.985 0.993 
0.017 0.994 0.097 0.970 0.997 
0.015 0.996 0.105 0.965 0.990 
0.016 0.995 0.122 0.953 0.997 
0.011 0.996 0.041 0.985 0.997 
0.015 0.995 0.029 0.990 1.000 
0.033 0.990 0.076 0.975 0.997 
0.008 0.997 0.040 0.990 0.997 
0.023 0.995 0.055 0.985 0.993 
0.010 0.996 0.148 0.985 0.987 
0.037 0.992 0.036 0.985 0.993 
0.011 0.996 0.045 0.985 0.997 
0.020 0.995 0.049 0.985 0.993 
0.012 0.995 0.038 0.988 1.000 
0.025 0.993 0.032 0.988 1.000 
0.012 0.996 0.054 0.985 0.997 
0.021 0.995 0.028 0.993 0.997 
0.024 0.993 0.061 0.985 1.000 
0.025 0.992 0.090 0.955 0.997 
0.013 0.996 0.047 0.985 1.000 
0.016 0.996 0.041 0.993 1.000 
0.012 0.996 0.031 0.993 0.993 
0.016 0.995 0.036 0.985 1.000 
0.015 0.994 0.031 0.990 0.997 
0.011 0.997 0.033 0.990 0.997 
0.014 0.995 0.049 0.988 0.993 
0.031 0.993 0.039 0.990 0.997 
0.019 0.996 0.048 0.985 0.997 
0.013 0.997 0.032 0.988 0.993 
0.013 0.995 0.063 0.980 0.993 
0.018 0.993 0.031 0.988 0.997 
0.013 0.997 0.039 0.988 0.993 
0.040 0.992 0.053 0.980 0.993 
0.028 0.994 0.025 0.990 0.997 
0.009 0.996 0.045 0.985 0.997 
0.017 0.995 0.043 0.980 1.000 
0.014 0.996 0.027 0.993 0.997 
0.013 0.996 0.021 0.998 0.997 
0.013 0.997 0.024 0.993 0.993 
0.007 0.997 0.038 0.993 0.997 
0.018 0.995 0.027 0.988 0.997 
0.010 0.997 0.032 0.993 1.000 
0.022 0.992 0.033 0.988 0.993 
0.031 0.993 0.048 0.983 0.993 
0.016 0.994 0.031 0.985 0.993 
0.013 0.997 0.039 0.985 0.993 
0.016 0.996 0.031 0.993 0.993 
0.010 0.996 0.039 0.990 0.997 
0.014 0.996 0.037 0.988 0.997 
0.011 0.995 0.042 0.990 0.997 
0.019 0.993 0.035 0.988 0.993 
0.026 0.993 0.043 0.988 0.993 
0.007 0.998 0.067 0.985 0.997 
0.039 0.993 0.045 0.983 0.993 
0.010 0.997 0.024 0.993 0.997 
0.021 0.996 0.048 0.983 0.993 
0.017 0.996 0.045 0.983 0.993 
0.019 0.995 0.040 0.990 0.993 
0.014 0.996 0.037 0.988 1.000 
0.011 0.995 0.028 0.995 0.997 
0.009 0.996 0.041 0.988 0.993 
0.017 0.994 0.043 0.985 0.997 
0.009 0.997 0.046 0.990 0.997 
0.024 0.995 0.037 0.985 0.993 
0.017 0.996 0.039 0.988 1.000 
0.020 0.993 0.072 0.983 0.990 
0.011 0.997 0.033 0.990 0.876 
0.033 0.993 0.044 0.988 0.993 
0.016 0.995 0.023 0.995 0.993 
0.015 0.995 0.020 0.993 0.997 
0.016 0.996 0.046 0.985 0.997 
0.017 0.995 0.036 0.988 0.997 
0.016 0.995 0.036 0.988 0.993 
0.014 0.997 0.043 0.988 0.993 
0.011 0.997 0.035 0.988 0.997 
0.022 0.993 0.051 0.985 0.997 
0.017 0.995 0.036 0.995 0.997 
0.020 0.993 0.066 0.985 0.997 
0.010 0.998 0.059 0.980 1.000 
0.015 0.995 0.033 0.990 1.000 
0.015 0.995 0.032 0.993 0.997 
0.035 0.992 0.098 0.968 0.997 
0.018 0.995 0.030 0.990 1.000 
0.007 0.997 0.072 0.988 1.000 
0.023 0.996 0.045 0.990 1.000 
0.010 0.996 0.049 0.985 1.000 
0.033 0.991 0.021 0.998 1.000 
0.015 0.995 0.039 0.985 1.000 
0.018 0.995 0.053 0.983 0.997 
0.019 0.995 0.025 0.993 1.000 
0.016 0.996 0.059 0.983 0.993 
0.010 0.997 0.048 0.988 0.997 
0.015 0.997 0.030 0.988 0.997 
0.031 0.993 0.025 0.995 1.000 
0.013 0.995 0.039 0.988 0.997 
0.015 0.996 0.025 0.993 0.997 
0.015 0.995 0.030 0.995 1.000 
0.030 0.992 0.062 0.983 1.000 
0.020 0.996 0.038 0.988 1.000 
0.014 0.994 0.039 0.985 1.000 
0.016 0.993 0.026 0.993 0.997 
0.015 0.996 0.033 0.985 1.000 
0.013 0.995 0.032 0.988 1.000 
0.013 0.995 0.045 0.985 1.000 
0.018 0.995 0.033 0.993 1.000 
0.019 0.993 0.037 0.990 0.987 
0.019 0.992 0.063 0.980 0.993 
0.013 0.997 0.038 0.983 0.997 
0.012 0.996 0.041 0.985 1.000 
0.013 0.997 0.042 0.983 0.997 
0.006 0.997 0.067 0.983 0.997 
0.018 0.993 0.057 0.983 0.997 
0.012 0.995 0.034 0.985 0.997 
0.007 0.998 0.051 0.985 1.000 
0.018 0.994 0.031 0.990 0.997 
0.002 0.999 0.054 0.993 0.993 
0.033 0.995 0.033 0.985 0.993 
0.012 0.996 0.043 0.983 0.971 
0.008 0.997 0.035 0.990 0.997 
