0.284 0.894 0.158 0.960 1.000 
0.186 0.940 0.140 0.973 0.997 
0.169 0.941 0.104 0.965 1.000 
0.110 0.960 0.098 0.985 1.000 
0.134 0.957 0.109 0.960 0.997 
0.122 0.961 0.123 0.983 1.000 
0.097 0.973 0.087 0.973 1.000 
0.090 0.978 0.067 0.975 0.883 
0.084 0.972 0.092 0.970 0.997 
0.070 0.981 0.053 0.983 0.997 
0.085 0.972 0.062 0.983 1.000 
0.076 0.977 0.061 0.993 1.000 
0.087 0.978 0.111 0.983 1.000 
0.070 0.979 0.060 0.980 0.994 
0.069 0.977 0.063 0.978 0.997 
0.073 0.977 0.059 0.990 0.994 
0.060 0.981 0.078 0.973 0.918 
0.073 0.980 0.056 0.990 0.997 
0.067 0.981 0.065 0.993 1.000 
0.054 0.985 0.049 0.990 0.997 
0.057 0.983 0.047 0.988 0.991 
0.065 0.980 0.055 0.985 0.972 
0.070 0.978 0.030 0.993 0.997 
0.064 0.981 0.088 0.968 0.987 
0.058 0.984 0.052 0.990 0.931 
0.060 0.983 0.050 0.990 0.994 
0.078 0.978 0.054 0.990 1.000 
0.058 0.985 0.056 0.980 0.994 
0.057 0.984 0.064 0.980 1.000 
0.059 0.982 0.067 0.973 1.000 
0.059 0.980 0.054 0.983 1.000 
0.051 0.983 0.067 0.983 1.000 
0.043 0.986 0.035 0.990 1.000 
0.051 0.987 0.051 0.988 0.991 
0.050 0.982 0.101 0.960 0.981 
0.044 0.986 0.093 0.970 1.000 
0.061 0.982 0.061 0.993 1.000 
0.059 0.982 0.054 0.990 0.987 
0.046 0.986 0.042 0.990 1.000 
0.045 0.989 0.047 0.988 1.000 
0.049 0.985 0.058 0.990 1.000 
0.042 0.988 0.045 0.983 0.968 
0.046 0.990 0.042 0.993 0.997 
0.059 0.984 0.064 0.993 1.000 
0.055 0.987 0.070 0.980 0.921 
0.054 0.988 0.059 0.990 1.000 
0.046 0.984 0.112 0.968 1.000 
0.045 0.988 0.039 0.990 0.987 
0.066 0.985 0.072 0.990 0.391 
0.053 0.986 0.044 0.990 0.997 
0.041 0.990 0.035 0.993 0.956 
0.044 0.988 0.046 0.983 0.978 
0.042 0.989 0.037 0.993 0.943 
0.055 0.984 0.062 0.983 1.000 
0.041 0.991 0.081 0.970 0.672 
0.040 0.990 0.043 0.993 0.918 
0.033 0.993 0.056 0.978 0.300 
0.043 0.989 0.043 0.985 0.912 
0.046 0.987 0.058 0.988 0.110 
0.041 0.989 0.025 0.995 0.915 
0.036 0.990 0.056 0.978 0.666 
0.043 0.988 0.042 0.985 0.830 
0.038 0.990 0.050 0.980 0.864 
0.039 0.989 0.059 0.993 0.319 
0.046 0.988 0.037 0.993 0.703 
0.046 0.985 0.062 0.978 0.164 
0.037 0.989 0.104 0.960 0.467 
0.046 0.985 0.036 0.990 0.890 
0.041 0.988 0.041 0.983 0.842 
0.040 0.989 0.053 0.983 0.404 
0.040 0.991 0.053 0.985 0.839 
0.037 0.992 0.050 0.993 0.527 
0.038 0.990 0.036 0.990 0.931 
0.042 0.989 0.049 0.983 0.000 
0.031 0.990 0.104 0.963 0.927 
0.037 0.990 0.055 0.993 0.962 
0.048 0.988 0.041 0.983 0.953 
0.049 0.989 0.037 0.983 0.000 
0.051 0.987 0.068 0.978 0.943 
0.045 0.990 0.040 0.985 0.972 
0.043 0.988 0.035 0.993 0.965 
0.034 0.991 0.046 0.988 0.814 
0.040 0.992 0.054 0.983 1.000 
0.033 0.991 0.055 0.973 1.000 
0.038 0.990 0.043 0.980 0.691 
0.030 0.993 0.044 0.983 1.000 
0.037 0.991 0.045 0.983 0.997 
0.047 0.987 0.094 0.973 1.000 
0.043 0.989 0.079 0.973 1.000 
0.049 0.988 0.067 0.980 0.997 
0.035 0.990 0.067 0.980 1.000 
0.037 0.991 0.053 0.983 0.331 
0.038 0.990 0.053 0.983 0.994 
0.031 0.992 0.067 0.980 0.167 
0.042 0.991 0.093 0.973 0.981 
0.034 0.990 0.039 0.985 1.000 
0.034 0.990 0.061 0.975 1.000 
0.038 0.989 0.034 0.993 1.000 
0.027 0.990 0.024 0.993 1.000 
0.032 0.991 0.044 0.983 0.666 
0.042 0.988 0.063 0.980 0.650 
0.032 0.991 0.034 0.990 1.000 
0.029 0.990 0.056 0.980 0.962 
0.032 0.990 0.076 0.970 0.779 
0.043 0.991 0.044 0.980 0.139 
0.037 0.991 0.044 0.983 1.000 
0.043 0.989 0.061 0.978 0.987 
0.027 0.992 0.056 0.978 0.984 
0.031 0.990 0.032 0.993 0.356 
0.035 0.988 0.033 0.985 0.991 
0.030 0.992 0.027 0.993 0.625 
0.039 0.989 0.071 0.973 0.987 
0.030 0.992 0.034 0.993 1.000 
0.042 0.990 0.067 0.980 1.000 
0.033 0.989 0.055 0.980 0.104 
0.029 0.993 0.051 0.980 0.577 
0.032 0.990 0.044 0.980 1.000 
0.035 0.992 0.043 0.980 0.978 
0.036 0.990 0.045 0.980 1.000 
0.031 0.993 0.040 0.990 0.994 
0.033 0.991 0.028 0.993 0.994 
0.040 0.988 0.031 0.993 0.937 
0.041 0.990 0.039 0.993 0.972 
0.036 0.989 0.035 0.983 0.956 
0.044 0.985 0.043 0.980 1.000 
0.031 0.993 0.049 0.980 0.959 
0.034 0.991 0.083 0.973 0.852 
0.031 0.991 0.086 0.978 0.994 
0.033 0.990 0.029 0.993 0.968 
0.031 0.990 0.030 0.993 0.915 
0.034 0.991 0.042 0.980 0.394 
0.028 0.991 0.038 0.980 0.921 
0.030 0.989 0.036 0.993 1.000 
0.032 0.991 0.030 0.990 0.338 
0.031 0.989 0.037 0.990 0.978 
0.030 0.991 0.036 0.990 0.991 
0.036 0.990 0.029 0.993 0.697 
0.034 0.992 0.024 0.995 0.997 
0.029 0.992 0.025 0.995 1.000 
0.026 0.991 0.033 0.985 1.000 
0.023 0.996 0.029 0.993 1.000 
0.031 0.993 0.023 0.995 0.943 
0.039 0.990 0.033 0.995 0.013 
0.030 0.993 0.035 0.993 0.066 
0.030 0.993 0.048 0.980 0.953 
0.029 0.992 0.043 0.980 0.451 
0.027 0.993 0.038 0.993 0.987 
0.038 0.991 0.049 0.978 0.978 
0.028 0.990 0.033 0.993 1.000 
0.035 0.990 0.033 0.990 1.000 
0.024 0.993 0.031 0.988 1.000 
0.035 0.991 0.051 0.983 0.984 
0.035 0.988 0.048 0.980 0.987 
0.028 0.991 0.033 0.993 1.000 
0.027 0.991 0.037 0.993 0.994 
0.026 0.993 0.036 0.993 0.994 
0.029 0.992 0.057 0.975 0.997 
0.028 0.990 0.035 0.985 0.959 
0.042 0.989 0.035 0.993 0.902 
0.025 0.993 0.046 0.980 1.000 
0.030 0.991 0.054 0.978 0.893 
0.046 0.988 0.045 0.983 0.476 
0.031 0.991 0.042 0.990 0.997 
0.022 0.994 0.023 0.995 0.924 
0.027 0.994 0.023 0.995 0.978 
0.028 0.993 0.028 0.993 0.956 
0.030 0.992 0.031 0.993 0.823 
0.031 0.993 0.073 0.973 0.192 
0.023 0.994 0.031 0.985 0.931 
0.030 0.990 0.038 0.983 1.000 
0.032 0.992 0.051 0.980 0.997 
0.017 0.996 0.031 0.993 0.366 
0.028 0.993 0.035 0.983 0.953 
0.028 0.991 0.032 0.983 0.189 
0.033 0.991 0.045 0.990 0.959 
0.024 0.995 0.053 0.980 0.943 
0.033 0.989 0.045 0.990 1.000 
0.034 0.990 0.057 0.975 0.997 
0.027 0.992 0.033 0.983 1.000 
0.025 0.995 0.031 0.990 0.991 
0.033 0.992 0.043 0.980 1.000 
0.036 0.992 0.085 0.960 0.883 
0.027 0.994 0.040 0.980 0.981 
0.032 0.992 0.035 0.993 1.000 
0.033 0.991 0.084 0.973 1.000 
0.028 0.993 0.035 0.985 1.000 
0.031 0.991 0.040 0.993 0.997 
0.033 0.994 0.034 0.990 0.987 
0.028 0.991 0.057 0.978 0.028 
0.021 0.994 0.023 0.990 0.975 
0.024 0.993 0.030 0.993 1.000 
0.026 0.993 0.042 0.983 0.946 
0.025 0.991 0.040 0.995 0.997 
0.026 0.994 0.021 0.993 1.000 
0.040 0.991 0.049 0.975 0.423 
0.026 0.992 0.052 0.978 0.972 
0.020 0.994 0.073 0.973 1.000 
0.027 0.991 0.053 0.980 0.987 
0.033 0.989 0.026 0.995 0.748 
0.024 0.992 0.023 0.995 0.968 
0.024 0.991 0.041 0.980 0.987 
0.025 0.993 0.032 0.985 0.972 
0.022 0.993 0.038 0.985 0.539 
0.023 0.993 0.046 0.980 0.959 
0.023 0.995 0.055 0.980 1.000 
0.027 0.993 0.042 0.985 0.987 
0.022 0.994 0.043 0.985 0.186 
0.048 0.993 0.040 0.988 0.912 
0.033 0.991 0.038 0.985 1.000 
0.032 0.993 0.056 0.975 0.972 
0.027 0.993 0.045 0.980 0.473 
0.029 0.994 0.036 0.983 0.981 
0.020 0.995 0.052 0.990 0.404 
0.030 0.992 0.040 0.983 1.000 
0.033 0.989 0.065 0.973 0.871 
0.020 0.993 0.126 0.945 1.000 
0.026 0.993 0.062 0.975 0.997 
0.028 0.994 0.061 0.975 1.000 
0.029 0.993 0.093 0.965 0.943 
0.023 0.996 0.048 0.980 0.634 
0.030 0.991 0.025 0.995 0.009 
0.027 0.994 0.032 0.993 0.735 
0.023 0.993 0.063 0.978 1.000 
0.022 0.994 0.072 0.973 0.997 
0.019 0.997 0.051 0.980 0.959 
0.031 0.991 0.044 0.985 0.987 
0.025 0.994 0.060 0.975 0.943 
0.025 0.992 0.031 0.990 0.953 
0.025 0.995 0.028 0.993 0.968 
0.023 0.994 0.181 0.960 0.628 
0.034 0.993 0.043 0.980 0.410 
0.016 0.995 0.028 0.993 0.994 
0.021 0.994 0.055 0.975 0.997 
0.025 0.993 0.029 0.990 0.344 
0.031 0.990 0.048 0.983 0.013 
0.035 0.990 0.033 0.993 0.098 
0.018 0.995 0.020 0.993 0.975 
0.023 0.994 0.037 0.980 0.984 
0.025 0.994 0.068 0.978 0.145 
0.029 0.993 0.032 0.988 0.839 
0.025 0.992 0.141 0.943 1.000 
0.029 0.990 0.040 0.993 1.000 
0.034 0.993 0.049 0.978 1.000 
0.022 0.994 0.039 0.985 1.000 
0.032 0.993 0.050 0.980 0.637 
0.038 0.991 0.026 0.995 0.612 
0.025 0.993 0.041 0.980 0.826 
0.025 0.993 0.028 0.993 0.981 
0.026 0.992 0.032 0.993 0.984 
0.024 0.993 0.040 0.980 0.912 
0.022 0.994 0.097 0.955 0.987 
0.031 0.995 0.043 0.985 0.858 
0.028 0.993 0.047 0.985 0.981 
0.019 0.995 0.087 0.970 0.902 
0.020 0.991 0.039 0.985 0.994 
0.023 0.993 0.050 0.983 0.893 
0.024 0.993 0.032 0.993 0.997 
0.022 0.996 0.052 0.985 1.000 
0.032 0.991 0.029 0.993 0.489 
0.026 0.993 0.037 0.985 0.448 
0.021 0.994 0.060 0.980 0.956 
0.025 0.996 0.033 0.985 0.767 
0.022 0.994 0.040 0.980 0.972 
0.015 0.995 0.014 0.995 1.000 
0.018 0.994 0.016 0.993 1.000 
0.021 0.995 0.021 0.993 0.454 
0.022 0.995 0.066 0.973 0.997 
0.023 0.993 0.041 0.980 0.981 
0.034 0.989 0.049 0.978 0.997 
0.030 0.993 0.026 0.995 0.978 
0.023 0.991 0.103 0.953 0.965 
0.024 0.992 0.024 0.993 0.685 
0.022 0.994 0.022 0.993 0.946 
0.017 0.996 0.033 0.985 0.991 
0.023 0.994 0.027 0.988 0.782 
0.021 0.994 0.053 0.978 0.965 
0.020 0.993 0.061 0.978 0.795 
0.023 0.995 0.034 0.985 0.991 
0.021 0.993 0.022 0.993 0.987 
0.024 0.992 0.029 0.990 0.997 
0.021 0.992 0.025 0.993 0.984 
0.023 0.994 0.018 0.995 1.000 
0.022 0.995 0.034 0.995 0.927 
0.028 0.991 0.061 0.980 0.978 
0.023 0.993 0.046 0.983 0.344 
0.023 0.990 0.037 0.983 0.744 
0.022 0.994 0.076 0.970 0.091 
0.026 0.991 0.059 0.983 0.457 
0.033 0.989 0.026 0.995 0.905 
0.017 0.995 0.100 0.960 0.968 
0.018 0.994 0.043 0.985 0.066 
0.020 0.994 0.036 0.985 0.994 
0.019 0.995 0.115 0.963 0.997 
0.032 0.990 0.045 0.980 0.230 
0.014 0.997 0.029 0.988 0.640 
0.026 0.991 0.035 0.988 0.852 
0.026 0.993 0.039 0.983 0.991 
0.033 0.993 0.034 0.983 0.413 
0.027 0.992 0.053 0.983 0.110 
0.016 0.995 0.045 0.985 0.180 
0.026 0.995 0.059 0.975 0.994 
0.016 0.995 0.025 0.995 0.899 
0.022 0.996 0.028 0.993 0.883 
0.025 0.993 0.054 0.983 0.410 
0.021 0.994 0.058 0.983 0.978 
0.020 0.994 0.063 0.980 0.155 
0.031 0.992 0.036 0.985 0.057 
0.032 0.994 0.039 0.985 0.032 
0.023 0.992 0.043 0.985 0.694 
0.019 0.995 0.045 0.983 0.716 
0.016 0.995 0.030 0.985 0.804 
0.024 0.991 0.057 0.980 0.013 
0.025 0.994 0.027 0.995 0.918 
0.025 0.992 0.033 0.995 0.158 
0.024 0.993 0.032 0.995 0.830 
0.020 0.993 0.020 0.995 1.000 
0.022 0.993 0.053 0.978 0.987 
0.028 0.993 0.060 0.980 0.565 
0.021 0.997 0.025 0.995 1.000 
0.020 0.995 0.040 0.980 1.000 
0.023 0.993 0.069 0.978 0.997 
0.028 0.993 0.086 0.973 1.000 
0.025 0.991 0.034 0.990 0.981 
0.026 0.993 0.106 0.965 0.536 
0.019 0.994 0.050 0.978 1.000 
0.022 0.994 0.062 0.978 1.000 
0.019 0.995 0.093 0.963 1.000 
0.022 0.994 0.067 0.978 0.782 
0.021 0.995 0.051 0.980 0.953 
0.029 0.993 0.039 0.978 0.899 
0.023 0.994 0.073 0.968 0.987 
0.029 0.990 0.049 0.980 1.000 
0.013 0.997 0.040 0.983 0.997 
0.018 0.994 0.065 0.980 0.984 
0.015 0.996 0.103 0.963 0.984 
0.024 0.994 0.092 0.968 0.962 
0.017 0.994 0.022 0.993 0.991 
0.025 0.989 0.026 0.993 1.000 
0.024 0.993 0.040 0.980 0.710 
0.017 0.997 0.074 0.970 0.839 
0.021 0.994 0.059 0.978 0.921 
0.012 0.996 0.038 0.983 0.760 
0.028 0.994 0.033 0.993 0.943 
0.027 0.995 0.035 0.985 0.886 
0.024 0.994 0.037 0.983 0.625 
0.019 0.997 0.047 0.980 0.760 
0.012 0.997 0.023 0.995 0.886 
0.022 0.991 0.045 0.980 0.700 
0.024 0.993 0.095 0.963 0.763 
0.021 0.994 0.037 0.983 0.874 
0.024 0.994 0.067 0.970 0.946 
0.021 0.994 0.044 0.978 0.953 
0.019 0.995 0.057 0.975 0.505 
0.020 0.995 0.078 0.973 0.997 
0.017 0.994 0.048 0.983 0.060 
0.024 0.993 0.023 0.993 0.748 
0.013 0.994 0.052 0.978 0.940 
0.026 0.991 0.118 0.975 0.161 
0.019 0.995 0.052 0.983 0.754 
0.034 0.993 0.034 0.993 0.091 
0.017 0.996 0.056 0.975 0.716 
0.009 0.997 0.022 0.995 0.126 
0.020 0.994 0.025 0.995 0.946 
0.021 0.995 0.067 0.978 0.811 
0.023 0.994 0.110 0.965 0.782 
0.020 0.995 0.051 0.983 0.991 
0.012 0.997 0.023 0.995 0.410 
0.023 0.993 0.063 0.980 0.972 
0.028 0.993 0.134 0.950 0.978 
0.026 0.993 0.027 0.993 0.940 
0.022 0.996 0.062 0.978 0.931 
0.011 0.997 0.053 0.978 0.691 
0.013 0.996 0.021 0.995 0.315 
0.027 0.994 0.041 0.985 0.981 
0.021 0.994 0.015 0.998 1.000 
0.022 0.994 0.025 0.995 0.975 
0.019 0.997 0.034 0.985 0.751 
0.024 0.993 0.089 0.965 0.987 
0.014 0.995 0.032 0.988 0.994 
0.022 0.994 0.036 0.988 0.997 
0.015 0.994 0.035 0.985 1.000 
0.010 0.997 0.048 0.988 0.987 
0.037 0.991 0.048 0.980 0.647 
0.022 0.993 0.019 0.995 1.000 
0.022 0.993 0.033 0.985 0.997 
0.018 0.994 0.048 0.980 1.000 
0.016 0.997 0.064 0.975 0.994 
0.018 0.994 0.038 0.990 1.000 
0.022 0.995 0.044 0.980 0.997 
0.019 0.995 0.085 0.978 0.997 
0.029 0.991 0.058 0.983 1.000 
0.023 0.993 0.039 0.985 0.991 
0.023 0.993 0.032 0.993 0.984 
0.013 0.998 0.014 0.995 0.997 
0.021 0.994 0.052 0.980 0.987 
0.016 0.994 0.021 0.995 0.997 
0.020 0.995 0.033 0.993 0.946 
0.025 0.992 0.040 0.993 0.240 
0.025 0.993 0.048 0.978 0.987 
0.024 0.993 0.027 0.995 0.997 
0.016 0.995 0.083 0.970 0.991 
0.019 0.994 0.566 0.938 0.202 
0.031 0.994 0.036 0.980 0.710 
0.019 0.996 0.064 0.973 0.855 
0.024 0.994 0.054 0.978 0.924 
0.029 0.995 0.058 0.978 0.953 
0.023 0.994 0.036 0.988 0.713 
0.015 0.992 0.060 0.978 0.994 
0.024 0.993 0.061 0.978 0.744 
0.016 0.996 0.073 0.975 0.968 
0.011 0.995 0.065 0.980 1.000 
0.023 0.994 0.031 0.988 1.000 
0.011 0.995 0.066 0.978 0.987 
0.024 0.993 0.026 0.995 0.997 
0.019 0.996 0.055 0.978 0.994 
0.017 0.996 0.027 0.995 0.991 
0.026 0.992 0.022 0.995 0.934 
0.021 0.993 0.026 0.995 0.845 
0.017 0.994 0.043 0.980 0.868 
0.025 0.994 0.045 0.980 0.975 
0.019 0.994 0.066 0.973 0.937 
0.029 0.993 0.046 0.980 0.927 
0.026 0.993 0.038 0.983 0.921 
0.013 0.996 0.041 0.980 0.189 
0.020 0.995 0.047 0.980 0.880 
0.021 0.995 0.030 0.988 0.934 
0.024 0.994 0.066 0.980 0.965 
0.031 0.993 0.027 0.993 1.000 
0.019 0.993 0.067 0.978 0.972 
0.020 0.995 0.044 0.980 0.640 
0.019 0.994 0.049 0.980 0.558 
0.019 0.994 0.085 0.978 0.644 
0.020 0.994 0.068 0.978 0.991 
0.012 0.997 0.035 0.983 0.994 
0.018 0.995 0.145 0.940 0.975 
0.017 0.995 0.037 0.988 1.000 
0.019 0.995 0.039 0.990 0.987 
0.020 0.994 0.044 0.985 0.628 
0.020 0.994 0.068 0.978 0.726 
0.015 0.995 0.035 0.985 0.716 
0.013 0.996 0.035 0.985 0.959 
0.019 0.994 0.015 0.995 1.000 
0.019 0.992 0.026 0.995 0.997 
0.018 0.994 0.100 0.965 0.946 
0.016 0.994 0.047 0.980 0.927 
0.017 0.994 0.027 0.993 0.864 
0.030 0.993 0.055 0.978 1.000 
0.020 0.994 0.058 0.978 0.893 
0.021 0.993 0.044 0.988 0.994 
0.040 0.993 0.027 0.993 0.984 
0.027 0.992 0.053 0.975 0.994 
0.027 0.994 0.043 0.978 0.997 
0.014 0.994 0.060 0.973 1.000 
0.030 0.995 0.067 0.973 0.994 
0.062 0.991 0.077 0.975 0.637 
0.025 0.993 0.039 0.990 0.861 
0.015 0.997 0.063 0.975 0.795 
0.023 0.993 0.067 0.978 0.845 
0.021 0.995 0.096 0.973 0.751 
0.015 0.995 0.097 0.978 0.066 
0.025 0.995 0.047 0.978 0.085 
0.014 0.995 0.124 0.953 0.981 
0.013 0.995 0.071 0.978 0.868 
0.018 0.995 0.119 0.975 0.035 
0.022 0.995 0.075 0.975 0.994 
0.014 0.995 0.047 0.980 0.054 
0.020 0.995 0.044 0.980 0.729 
0.022 0.994 0.030 0.993 0.937 
0.020 0.993 0.074 0.973 0.574 
0.019 0.994 0.072 0.978 0.896 
0.011 0.994 0.118 0.975 0.587 
0.037 0.990 0.089 0.965 0.309 
0.021 0.995 0.078 0.973 0.246 
0.010 0.998 0.055 0.983 0.508 
0.022 0.993 0.042 0.990 0.543 
0.026 0.992 0.073 0.973 0.978 
0.024 0.994 0.062 0.975 0.170 
0.018 0.995 0.063 0.975 0.833 
0.012 0.996 0.113 0.958 0.959 
0.018 0.996 0.046 0.980 1.000 
0.018 0.994 0.111 0.960 0.981 
0.013 0.997 0.039 0.983 0.997 
0.019 0.995 0.034 0.985 0.868 
0.014 0.997 0.048 0.978 0.694 
0.023 0.994 0.052 0.978 0.940 
0.018 0.995 0.029 0.993 0.943 
0.028 0.994 0.088 0.973 0.363 
0.017 0.994 0.044 0.975 0.991 
0.008 0.998 0.020 0.995 0.984 
0.020 0.995 0.026 0.993 0.978 
0.021 0.994 0.037 0.990 0.662 
0.019 0.994 0.045 0.975 0.984 
0.013 0.996 0.034 0.985 0.997 
0.011 0.998 0.044 0.983 0.997 
0.027 0.990 0.016 0.995 1.000 
0.019 0.996 0.068 0.978 0.997 
0.021 0.993 0.059 0.975 1.000 
0.018 0.994 0.055 0.978 1.000 
0.011 0.997 0.079 0.978 0.924 
0.007 0.997 0.029 0.985 1.000 
0.016 0.995 0.060 0.978 0.997 
0.028 0.993 0.100 0.975 0.461 
0.020 0.995 0.134 0.958 0.991 
0.023 0.994 0.041 0.978 0.423 
0.015 0.994 0.043 0.978 0.874 
0.014 0.995 0.108 0.960 0.981 
0.022 0.995 0.077 0.978 0.981 
0.028 0.991 0.044 0.978 0.946 
0.018 0.994 0.019 0.995 0.987 
0.015 0.994 0.047 0.978 0.994 
0.017 0.994 0.069 0.978 1.000 
0.015 0.995 0.022 0.995 0.997 
0.018 0.995 0.015 0.995 0.991 
0.016 0.995 0.042 0.978 0.987 
0.022 0.993 0.041 0.988 0.981 
0.038 0.991 0.176 0.935 1.000 
0.016 0.997 0.021 0.995 0.997 
0.018 0.993 0.061 0.978 0.994 
0.022 0.995 0.035 0.985 0.997 
0.018 0.995 0.044 0.983 0.991 
0.023 0.994 0.077 0.965 0.997 
0.021 0.996 0.025 0.990 0.991 
0.020 0.993 0.026 0.995 0.997 
0.014 0.995 0.015 0.995 0.991 
0.018 0.994 0.157 0.955 0.328 
0.025 0.993 0.063 0.975 0.826 
0.021 0.994 0.032 0.983 0.953 
0.020 0.994 0.066 0.975 0.640 
0.015 0.996 0.034 0.983 0.905 
0.018 0.995 0.076 0.973 0.987 
0.019 0.993 0.089 0.970 0.533 
0.013 0.995 0.080 0.973 0.271 
0.018 0.994 0.023 0.993 0.751 
0.018 0.997 0.037 0.980 0.899 
0.019 0.994 0.022 0.995 0.991 
0.019 0.994 0.073 0.980 0.886 
0.031 0.992 0.055 0.975 0.972 
0.023 0.994 0.062 0.973 0.536 
0.014 0.995 0.028 0.993 0.868 
0.017 0.995 0.030 0.985 0.987 
0.022 0.995 0.056 0.975 0.953 
0.016 0.995 0.113 0.960 0.991 
0.017 0.996 0.040 0.978 0.991 
0.016 0.997 0.051 0.978 0.959 
0.020 0.994 0.054 0.980 0.984 
0.024 0.992 0.019 0.995 0.943 
0.029 0.992 0.110 0.955 0.924 
0.016 0.995 0.037 0.980 0.956 
0.019 0.995 0.046 0.978 0.902 
0.016 0.994 0.072 0.973 0.950 
0.016 0.995 0.035 0.985 0.631 
0.020 0.993 0.062 0.980 0.060 
0.019 0.993 0.049 0.980 0.319 
0.009 0.997 0.073 0.980 0.505 
0.025 0.993 0.040 0.983 0.776 
0.017 0.994 0.026 0.993 0.886 
0.013 0.997 0.028 0.985 0.953 
0.013 0.995 0.027 0.988 0.946 
0.026 0.992 0.075 0.978 0.858 
0.015 0.996 0.023 0.995 0.849 
0.023 0.996 0.063 0.983 0.981 
0.035 0.990 0.102 0.963 0.968 
0.016 0.997 0.057 0.980 0.905 
0.019 0.993 0.066 0.973 0.924 
0.013 0.996 0.042 0.980 0.962 
0.016 0.995 0.027 0.985 0.968 
0.009 0.996 0.054 0.980 0.984 
0.022 0.993 0.039 0.983 0.978 
0.009 0.996 0.057 0.978 0.997 
0.012 0.997 0.074 0.978 1.000 
0.011 0.996 0.040 0.983 1.000 
0.017 0.994 0.034 0.985 1.000 
0.014 0.995 0.035 0.983 0.987 
0.021 0.995 0.074 0.965 0.972 
0.017 0.995 0.016 0.995 0.997 
0.012 0.997 0.075 0.973 0.707 
0.014 0.995 0.013 0.998 0.997 
0.017 0.995 0.026 0.988 1.000 
0.016 0.997 0.035 0.983 0.994 
0.014 0.995 0.022 0.985 0.994 
0.021 0.994 0.061 0.973 0.984 
0.016 0.997 0.023 0.995 0.997 
0.014 0.996 0.078 0.973 0.975 
0.028 0.994 0.029 0.988 1.000 
0.017 0.993 0.044 0.978 1.000 
0.019 0.994 0.075 0.978 0.997 
0.012 0.996 0.031 0.985 1.000 
0.011 0.995 0.027 0.988 0.997 
0.032 0.993 0.040 0.985 1.000 
0.016 0.995 0.058 0.980 1.000 
0.021 0.994 0.045 0.985 1.000 
0.013 0.995 0.084 0.975 0.994 
0.014 0.995 0.088 0.968 0.972 
0.029 0.995 0.141 0.958 0.953 
0.023 0.991 0.056 0.983 0.978 
0.011 0.998 0.023 0.993 0.997 
0.018 0.995 0.024 0.990 0.991 
0.008 0.997 0.038 0.983 0.994 
0.059 0.993 0.050 0.978 0.994 
0.022 0.994 0.045 0.980 1.000 
0.037 0.993 0.057 0.978 0.997 
0.024 0.994 0.060 0.975 0.997 
0.014 0.997 0.038 0.988 0.997 
0.015 0.994 0.097 0.975 0.991 
0.013 0.996 0.061 0.990 0.142 
0.038 0.993 0.120 0.955 0.792 
0.019 0.995 0.070 0.968 0.987 
0.017 0.994 0.027 0.993 0.603 
0.012 0.995 0.045 0.975 0.757 
0.018 0.995 0.027 0.993 0.984 
0.007 0.999 0.054 0.978 0.997 
0.008 0.997 0.055 0.980 1.000 
0.027 0.991 0.039 0.980 1.000 
0.016 0.996 0.023 0.993 0.950 
0.018 0.994 0.025 0.988 0.994 
0.015 0.996 0.064 0.980 0.981 
0.019 0.993 0.024 0.993 0.994 
0.014 0.997 0.035 0.983 0.994 
0.043 0.993 0.025 0.995 1.000 
0.012 0.996 0.070 0.975 0.962 
0.019 0.994 0.059 0.980 0.994 
0.010 0.998 0.071 0.975 0.997 
0.019 0.994 0.035 0.985 1.000 
0.009 0.996 0.146 0.960 0.991 
0.015 0.997 0.028 0.993 1.000 
0.018 0.995 0.069 0.988 0.994 
0.026 0.994 0.031 0.990 1.000 
0.012 0.997 0.029 0.995 0.997 
0.029 0.992 0.034 0.983 1.000 
0.013 0.995 0.015 0.995 0.994 
0.004 0.998 0.057 0.993 0.962 
0.028 0.993 0.055 0.975 1.000 
0.029 0.994 0.049 0.983 1.000 
0.013 0.996 0.129 0.958 0.997 
0.017 0.995 0.084 0.973 1.000 
0.024 0.993 0.214 0.950 0.975 
0.019 0.995 0.041 0.980 0.997 
0.030 0.993 0.048 0.978 1.000 
0.017 0.995 0.053 0.978 1.000 
0.022 0.993 0.029 0.990 1.000 
0.019 0.993 0.026 0.993 1.000 
0.031 0.992 0.024 0.993 1.000 
0.013 0.997 0.055 0.975 0.997 
0.014 0.997 0.057 0.975 0.997 
0.014 0.996 0.051 0.978 1.000 
0.050 0.996 0.065 0.975 0.994 
0.055 0.994 0.079 0.973 0.991 
0.022 0.993 0.099 0.965 0.984 
0.016 0.994 0.140 0.948 1.000 
0.016 0.995 0.083 0.973 0.981 
0.014 0.994 0.079 0.970 1.000 
0.019 0.994 0.052 0.975 0.997 
0.011 0.996 0.048 0.978 1.000 
0.021 0.994 0.052 0.978 0.997 
0.007 0.998 0.031 0.993 0.994 
0.015 0.994 0.023 0.995 1.000 
0.013 0.995 0.036 0.990 1.000 
0.008 0.997 0.058 0.978 1.000 
0.020 0.994 0.068 0.980 1.000 
0.036 0.991 0.024 0.995 1.000 
0.014 0.995 0.041 0.985 0.997 
0.023 0.993 0.083 0.973 0.991 
0.016 0.995 0.024 0.995 1.000 
0.019 0.994 0.022 0.995 1.000 
0.013 0.997 0.027 0.993 1.000 
0.018 0.995 0.133 0.958 1.000 
0.010 0.998 0.088 0.970 0.994 
0.010 0.997 0.038 0.983 0.994 
0.017 0.995 0.032 0.990 0.997 
0.015 0.994 0.044 0.978 0.994 
0.012 0.996 0.089 0.978 0.972 
0.097 0.991 0.064 0.990 0.994 
0.033 0.990 0.046 0.983 1.000 
0.043 0.998 0.030 0.993 1.000 
0.018 0.995 0.042 0.980 0.997 
0.022 0.996 0.037 0.983 1.000 
0.024 0.994 0.070 0.975 0.994 
0.019 0.993 0.044 0.980 0.994 
0.013 0.996 0.036 0.988 0.994 
0.034 0.994 0.040 0.988 1.000 
0.020 0.994 0.086 0.968 0.997 
0.011 0.996 0.039 0.980 0.997 
0.014 0.996 0.100 0.963 0.991 
0.012 0.996 0.049 0.983 0.991 
0.014 0.995 0.112 0.975 0.987 
0.021 0.995 0.040 0.978 0.984 
0.023 0.993 0.021 0.995 0.987 
0.017 0.995 0.041 0.983 0.965 
0.027 0.993 0.039 0.988 0.984 
0.029 0.994 0.046 0.980 1.000 
0.015 0.995 0.058 0.980 0.681 
0.014 0.996 0.054 0.980 0.972 
0.014 0.994 0.023 0.993 0.968 
0.023 0.994 0.047 0.980 0.965 
0.067 0.991 0.042 0.980 0.956 
0.013 0.997 0.100 0.970 0.972 
0.013 0.996 0.064 0.978 0.946 
0.013 0.997 0.028 0.993 0.975 
0.017 0.995 0.078 0.975 0.905 
0.015 0.995 0.025 0.995 0.776 
0.019 0.996 0.060 0.980 0.454 
0.014 0.993 0.030 0.988 0.785 
0.018 0.997 0.052 0.978 0.978 
0.015 0.995 0.028 0.995 0.987 
0.022 0.994 0.030 0.993 0.994 
0.020 0.995 0.028 0.990 0.950 
0.018 0.994 0.035 0.980 0.975 
0.019 0.994 0.068 0.973 0.202 
0.013 0.997 0.040 0.980 0.943 
0.017 0.997 0.056 0.978 0.991 
0.009 0.997 0.033 0.985 0.984 
0.016 0.997 0.054 0.980 0.808 
0.018 0.993 0.043 0.978 0.830 
0.010 0.995 0.021 0.995 0.265 
0.014 0.996 0.048 0.978 0.953 
0.018 0.995 0.018 0.995 0.994 
0.012 0.997 0.039 0.983 0.984 
0.010 0.997 0.048 0.978 0.975 
0.022 0.995 0.031 0.993 0.991 
0.019 0.995 0.022 0.995 0.994 
0.019 0.998 0.059 0.978 0.997 
0.022 0.994 0.059 0.978 0.991 
0.026 0.993 0.035 0.988 1.000 
0.017 0.996 0.056 0.978 1.000 
0.013 0.994 0.030 0.993 1.000 
0.012 0.997 0.037 0.983 1.000 
0.015 0.995 0.055 0.980 1.000 
0.022 0.994 0.088 0.975 0.994 
0.016 0.997 0.052 0.980 0.994 
0.015 0.997 0.076 0.970 0.994 
0.015 0.995 0.033 0.993 0.994 
0.017 0.995 0.051 0.993 0.997 
0.015 0.996 0.030 0.985 0.994 
0.017 0.996 0.057 0.978 0.987 
0.013 0.997 0.051 0.980 0.997 
0.015 0.998 0.052 0.980 1.000 
0.015 0.995 0.044 0.980 0.940 
0.019 0.995 0.049 0.978 0.987 
0.018 0.996 0.038 0.990 0.959 
0.015 0.995 0.072 0.975 0.968 
0.025 0.996 0.069 0.978 0.871 
0.026 0.993 0.027 0.995 0.994 
0.018 0.996 0.028 0.993 0.997 
0.014 0.995 0.031 0.990 0.997 
0.017 0.994 0.060 0.975 0.953 
0.023 0.994 0.115 0.960 0.994 
0.052 0.993 0.052 0.980 0.994 
0.020 0.993 0.045 0.980 0.994 
0.021 0.997 0.062 0.980 0.991 
0.011 0.997 0.031 0.995 0.997 
0.021 0.995 0.095 0.975 0.994 
0.009 0.998 0.084 0.970 0.997 
0.026 0.992 0.067 0.970 0.997 
0.011 0.994 0.035 0.983 1.000 
0.008 0.998 0.071 0.978 0.991 
0.016 0.996 0.048 0.980 0.994 
0.017 0.996 0.042 0.983 1.000 
0.011 0.995 0.050 0.978 0.994 
0.014 0.994 0.077 0.973 0.931 
0.025 0.994 0.032 0.990 0.997 
0.013 0.995 0.034 0.983 0.991 
0.020 0.995 0.044 0.980 0.997 
0.008 0.998 0.034 0.995 0.987 
0.011 0.997 0.084 0.980 0.987 
0.014 0.996 0.040 0.983 0.997 
0.040 0.991 0.042 0.983 0.994 
0.017 0.994 0.054 0.980 0.994 
0.023 0.995 0.040 0.985 0.994 
0.018 0.993 0.099 0.975 0.937 
0.021 0.995 0.038 0.985 0.997 
0.019 0.994 0.078 0.975 0.981 
0.011 0.996 0.112 0.970 0.991 
0.011 0.997 0.055 0.980 0.997 
0.020 0.992 0.040 0.988 0.994 
0.011 0.998 0.014 0.995 0.994 
0.019 0.994 0.035 0.983 0.994 
0.015 0.996 0.061 0.973 0.994 
0.013 0.998 0.019 0.995 1.000 
0.016 0.997 0.039 0.985 1.000 
0.011 0.997 0.032 0.993 0.997 
0.012 0.995 0.020 0.995 0.984 
0.012 0.995 0.075 0.978 0.981 
0.011 0.996 0.100 0.978 0.978 
0.017 0.996 0.061 0.985 0.830 
0.023 0.993 0.030 0.990 0.962 
0.013 0.997 0.042 0.980 0.965 
0.016 0.994 0.052 0.990 0.981 
0.030 0.994 0.023 0.995 0.987 
0.025 0.991 0.086 0.970 0.997 
0.021 0.995 0.018 0.993 0.997 
0.014 0.995 0.018 0.995 0.975 
0.020 0.995 0.043 0.985 0.991 
0.022 0.996 0.021 0.993 0.991 
0.013 0.995 0.082 0.978 0.965 
0.015 0.995 0.045 0.978 0.997 
0.012 0.997 0.034 0.983 0.981 
0.010 0.997 0.054 0.980 0.987 
0.014 0.995 0.035 0.990 0.886 
0.020 0.994 0.023 0.995 0.975 
0.010 0.997 0.029 0.993 0.927 
0.015 0.996 0.039 0.985 0.994 
0.012 0.996 0.017 0.995 0.994 
0.013 0.997 0.019 0.995 0.991 
0.055 0.995 0.018 0.993 0.959 
0.021 0.997 0.042 0.988 0.981 
0.018 0.995 0.028 0.993 0.975 
0.010 0.998 0.020 0.995 0.987 
0.011 0.997 0.031 0.993 0.959 
0.008 0.997 0.096 0.975 0.981 
0.015 0.996 0.016 0.995 0.965 
0.024 0.994 0.050 0.985 0.997 
0.016 0.995 0.030 0.995 0.994 
0.021 0.996 0.019 0.995 0.994 
0.018 0.995 0.057 0.993 0.833 
0.018 0.993 0.060 0.978 0.987 
0.015 0.995 0.033 0.990 0.984 
0.006 0.998 0.027 0.993 0.991 
0.014 0.996 0.167 0.948 0.981 
0.014 0.995 0.069 0.978 0.962 
0.016 0.994 0.023 0.995 0.972 
0.019 0.998 0.050 0.975 0.981 
0.013 0.995 0.023 0.995 0.618 
0.011 0.996 0.021 0.995 0.972 
0.015 0.994 0.049 0.978 0.915 
0.019 0.994 0.020 0.995 0.946 
0.019 0.993 0.040 0.990 0.950 
0.017 0.995 0.032 0.990 0.991 
0.008 0.998 0.030 0.993 0.981 
0.064 0.994 0.056 0.975 0.921 
0.024 0.993 0.031 0.988 1.000 
0.013 0.997 0.019 0.995 0.994 
0.010 0.998 0.024 0.995 0.994 
0.028 0.993 0.036 0.988 0.987 
0.012 0.995 0.058 0.975 0.981 
0.021 0.994 0.025 0.995 0.987 
0.016 0.994 0.026 0.995 0.991 
0.023 0.993 0.055 0.978 0.994 
0.015 0.997 0.046 0.978 0.991 
0.011 0.998 0.022 0.995 0.994 
0.011 0.996 0.029 0.988 0.994 
0.015 0.995 0.038 0.988 0.984 
0.028 0.991 0.037 0.983 0.991 
0.010 0.995 0.032 0.985 0.972 
0.027 0.994 0.065 0.978 1.000 
0.022 0.993 0.056 0.980 1.000 
0.012 0.995 0.031 0.993 0.997 
0.013 0.995 0.070 0.975 0.946 
0.019 0.996 0.029 0.990 0.984 
0.018 0.994 0.047 0.983 0.987 
0.014 0.996 0.066 0.978 0.994 
0.020 0.996 0.068 0.978 1.000 
0.014 0.995 0.047 0.980 0.994 
0.011 0.997 0.026 0.993 0.997 
0.012 0.997 0.037 0.983 1.000 
0.020 0.993 0.067 0.978 1.000 
0.018 0.994 0.051 0.983 1.000 
0.025 0.993 0.065 0.978 1.000 
0.014 0.996 0.034 0.990 1.000 
0.011 0.997 0.065 0.980 0.994 
0.010 0.996 0.077 0.978 0.987 
0.014 0.995 0.084 0.978 0.968 
0.031 0.995 0.033 0.993 0.994 
0.011 0.996 0.046 0.980 0.997 
0.031 0.995 0.041 0.988 0.997 
0.011 0.997 0.024 0.995 0.991 
0.021 0.993 0.016 0.995 0.943 
0.012 0.995 0.030 0.993 1.000 
0.010 0.997 0.018 0.995 1.000 
0.015 0.995 0.066 0.975 0.984 
0.015 0.996 0.037 0.990 0.991 
0.020 0.994 0.060 0.978 0.991 
0.013 0.995 0.078 0.970 0.987 
0.016 0.996 0.023 0.993 0.991 
0.007 0.998 0.076 0.983 0.991 
0.011 0.998 0.066 0.970 0.984 
0.023 0.994 0.056 0.975 0.984 
0.026 0.995 0.057 0.975 0.997 
0.021 0.994 0.025 0.993 0.997 
0.011 0.998 0.041 0.983 0.984 
0.014 0.995 0.075 0.978 0.918 
0.009 0.997 0.046 0.980 0.975 
0.046 0.994 0.060 0.975 0.956 
0.015 0.996 0.035 0.985 0.912 
0.029 0.992 0.049 0.978 0.987 
0.021 0.993 0.111 0.960 0.984 
0.015 0.996 0.081 0.970 0.984 
0.018 0.997 0.053 0.978 0.991 
0.010 0.995 0.057 0.978 0.987 
0.004 0.999 0.027 0.995 0.981 
0.011 0.997 0.095 0.965 0.994 
0.026 0.991 0.187 0.970 0.909 
0.011 0.996 0.042 0.983 0.972 
0.044 0.994 0.020 0.995 0.997 
0.011 0.996 0.070 0.978 0.994 
0.018 0.995 0.058 0.980 0.975 
0.015 0.997 0.032 0.988 0.984 
0.008 0.998 0.107 0.975 0.956 
0.017 0.995 0.058 0.980 0.975 
0.025 0.993 0.053 0.985 0.956 
0.013 0.996 0.090 0.975 0.981 
0.015 0.995 0.049 0.983 0.896 
0.009 0.998 0.029 0.993 0.943 
0.009 0.997 0.075 0.975 0.972 
0.024 0.994 0.087 0.973 0.981 
0.030 0.992 0.246 0.975 0.946 
0.019 0.999 0.071 0.975 0.994 
0.014 0.995 0.071 0.978 0.987 
0.017 0.997 0.030 0.993 0.997 
0.015 0.994 0.057 0.978 0.991 
0.021 0.993 0.029 0.995 0.975 
0.013 0.995 0.139 0.965 0.991 
0.007 0.997 0.091 0.978 0.978 
0.033 0.993 0.033 0.993 0.984 
0.015 0.994 0.025 0.995 0.965 
0.011 0.997 0.047 0.978 0.987 
0.012 0.995 0.055 0.978 0.991 
0.019 0.994 0.049 0.978 0.994 
0.027 0.993 0.026 0.993 0.984 
0.009 0.995 0.052 0.988 0.972 
0.018 0.995 0.048 0.983 0.968 
0.024 0.993 0.036 0.990 0.987 
0.012 0.996 0.146 0.970 0.899 
0.011 0.997 0.144 0.965 0.978 
0.012 0.997 0.067 0.978 0.987 
0.008 0.997 0.021 0.995 0.987 
0.018 0.995 0.115 0.965 0.994 
0.013 0.996 0.090 0.973 0.984 
0.008 0.997 0.238 0.975 0.956 
0.028 0.994 0.043 0.988 0.984 
0.013 0.994 0.081 0.975 0.965 
0.014 0.995 0.029 0.985 0.981 
0.019 0.995 0.062 0.978 0.984 
0.016 0.995 0.023 0.995 0.984 
0.033 0.996 0.079 0.975 0.997 
0.033 0.991 0.079 0.970 1.000 
0.016 0.995 0.041 0.985 0.991 
0.022 0.994 0.040 0.983 0.994 
0.015 0.995 0.054 0.978 0.991 
0.010 0.998 0.055 0.980 0.943 
0.019 0.994 0.059 0.978 0.931 
0.011 0.997 0.060 0.978 0.981 
0.013 0.997 0.045 0.980 0.987 
0.018 0.995 0.032 0.985 0.984 
0.010 0.997 0.015 0.995 0.987 
0.020 0.995 0.074 0.970 0.984 
0.006 0.999 0.043 0.980 0.984 
0.020 0.994 0.092 0.968 0.991 
0.017 0.996 0.105 0.973 0.893 
0.015 0.995 0.080 0.978 0.959 
0.014 0.995 0.069 0.978 0.981 
0.016 0.997 0.024 0.995 0.912 
0.013 0.996 0.086 0.978 0.956 
0.024 0.995 0.034 0.993 0.975 
0.014 0.997 0.033 0.990 0.691 
0.024 0.993 0.022 0.995 0.921 
0.013 0.995 0.097 0.968 0.981 
0.019 0.995 0.029 0.993 0.880 
0.013 0.997 0.043 0.978 0.644 
0.019 0.995 0.024 0.995 0.871 
0.016 0.995 0.046 0.978 0.751 
0.014 0.996 0.030 0.993 0.300 
0.014 0.995 0.059 0.980 0.962 
0.021 0.993 0.015 0.995 0.927 
0.015 0.994 0.015 0.995 0.978 
0.016 0.995 0.049 0.978 0.981 
0.019 0.994 0.060 0.978 0.953 
0.018 0.997 0.085 0.975 0.997 
0.021 0.994 0.034 0.990 0.975 
0.037 0.993 0.034 0.990 0.814 
0.013 0.996 0.017 0.995 0.959 
0.032 0.991 0.031 0.990 1.000 
0.015 0.997 0.051 0.983 0.991 
0.012 0.995 0.034 0.988 0.880 
0.014 0.995 0.026 0.995 0.890 
0.012 0.996 0.052 0.980 0.934 
0.020 0.992 0.099 0.973 0.978 
0.013 0.996 0.018 0.995 0.994 
0.026 0.995 0.023 0.998 0.968 
0.015 0.997 0.034 0.985 0.978 
0.016 0.994 0.032 0.983 0.975 
0.017 0.997 0.032 0.985 0.962 
0.011 0.997 0.056 0.983 0.871 
0.033 0.994 0.047 0.985 0.278 
0.014 0.995 0.038 0.985 0.946 
0.014 0.996 0.020 0.995 0.991 
0.014 0.995 0.049 0.980 0.909 
0.012 0.995 0.022 0.993 0.808 
0.017 0.994 0.038 0.995 0.852 
0.016 0.995 0.048 0.980 0.864 
0.021 0.994 0.068 0.975 0.397 
0.008 0.997 0.036 0.985 0.659 
0.014 0.998 0.169 0.930 0.685 
0.016 0.994 0.034 0.990 0.839 
0.023 0.993 0.040 0.990 0.874 
0.012 0.997 0.028 0.993 0.767 
0.020 0.994 0.073 0.978 0.984 
0.008 0.997 0.036 0.993 0.899 
0.015 0.995 0.036 0.988 0.987 
0.032 0.994 0.073 0.975 0.994 
0.009 0.997 0.054 0.978 0.984 
