0.279 0.892 0.130 0.960 0.959 
0.166 0.948 0.096 0.970 1.000 
0.133 0.959 0.083 0.968 0.997 
0.117 0.960 0.117 0.950 1.000 
0.111 0.963 0.083 0.973 0.994 
0.093 0.969 0.076 0.995 1.000 
0.104 0.969 0.063 0.995 1.000 
0.106 0.965 0.104 0.988 1.000 
0.085 0.975 0.081 0.998 0.997 
0.078 0.979 0.078 0.965 0.988 
0.087 0.975 0.064 0.968 0.950 
0.079 0.977 0.052 0.980 1.000 
0.078 0.974 0.070 0.975 1.000 
0.073 0.973 0.088 0.965 1.000 
0.076 0.974 0.074 0.975 1.000 
0.062 0.985 0.060 0.973 1.000 
0.091 0.970 0.048 0.995 1.000 
0.065 0.982 0.059 0.983 1.000 
0.067 0.981 0.063 0.995 1.000 
0.072 0.974 0.063 0.995 1.000 
0.058 0.982 0.043 0.998 1.000 
0.071 0.981 0.055 0.995 1.000 
0.059 0.983 0.044 0.998 1.000 
0.061 0.982 0.044 0.998 1.000 
0.053 0.985 0.047 0.995 1.000 
0.059 0.982 0.080 0.988 1.000 
0.053 0.987 0.063 0.998 1.000 
0.056 0.985 0.058 0.998 1.000 
0.057 0.982 0.033 0.998 0.959 
0.052 0.987 0.039 0.990 0.956 
0.055 0.983 0.037 0.998 0.994 
0.048 0.987 0.040 0.998 0.997 
0.060 0.984 0.061 0.980 1.000 
0.051 0.985 0.055 0.983 0.984 
0.045 0.987 0.037 0.995 0.994 
0.047 0.986 0.117 0.948 1.000 
0.055 0.983 0.038 0.995 1.000 
0.064 0.982 0.039 0.998 1.000 
0.048 0.985 0.057 0.988 1.000 
0.045 0.988 0.041 0.998 1.000 
0.043 0.985 0.036 0.988 1.000 
0.060 0.983 0.035 0.998 0.988 
0.052 0.985 0.041 0.995 0.312 
0.049 0.985 0.087 0.963 0.997 
0.031 0.991 0.045 0.990 0.997 
0.051 0.986 0.090 0.983 1.000 
0.043 0.989 0.046 0.988 1.000 
0.045 0.987 0.051 0.985 0.925 
0.050 0.983 0.045 0.983 1.000 
0.045 0.988 0.038 0.998 1.000 
0.042 0.986 0.079 0.970 0.997 
0.047 0.988 0.044 0.985 0.997 
0.042 0.986 0.045 0.988 0.984 
0.038 0.989 0.037 0.990 0.997 
0.038 0.990 0.071 0.973 1.000 
0.041 0.988 0.065 0.975 1.000 
0.044 0.989 0.090 0.965 1.000 
0.046 0.986 0.065 0.990 1.000 
0.034 0.989 0.030 0.995 1.000 
0.041 0.987 0.055 0.988 1.000 
0.040 0.991 0.053 0.980 1.000 
0.046 0.986 0.037 0.998 1.000 
0.046 0.988 0.071 0.978 0.997 
0.043 0.989 0.062 0.980 1.000 
0.032 0.989 0.043 0.988 1.000 
0.040 0.988 0.055 0.983 1.000 
0.031 0.993 0.043 0.990 0.997 
0.048 0.987 0.040 0.998 0.947 
0.039 0.989 0.035 0.988 1.000 
0.057 0.982 0.023 0.998 1.000 
0.035 0.990 0.043 0.988 0.994 
0.034 0.991 0.064 0.978 0.997 
0.043 0.983 0.048 0.985 1.000 
0.047 0.989 0.041 0.998 1.000 
0.034 0.989 0.038 0.990 0.434 
0.029 0.993 0.032 0.988 1.000 
0.030 0.989 0.061 0.988 1.000 
0.037 0.988 0.058 0.983 0.950 
0.054 0.986 0.081 0.985 1.000 
0.034 0.992 0.038 0.985 1.000 
0.040 0.985 0.048 0.988 1.000 
0.029 0.993 0.040 0.988 1.000 
0.039 0.988 0.036 0.988 1.000 
0.029 0.992 0.080 0.970 0.988 
0.041 0.990 0.025 0.998 1.000 
0.043 0.986 0.034 0.998 1.000 
0.038 0.989 0.038 0.988 1.000 
0.037 0.991 0.032 0.998 0.981 
0.034 0.992 0.055 0.985 0.931 
0.035 0.993 0.072 0.973 0.988 
0.034 0.989 0.106 0.953 0.981 
0.030 0.992 0.061 0.975 0.181 
0.028 0.992 0.045 0.983 0.009 
0.046 0.988 0.040 0.988 1.000 
0.028 0.994 0.059 0.978 0.978 
0.030 0.993 0.094 0.960 0.988 
0.031 0.990 0.030 0.998 0.544 
0.041 0.990 0.050 0.988 0.200 
0.030 0.992 0.049 0.985 1.000 
0.038 0.991 0.042 0.988 0.578 
0.043 0.988 0.048 0.988 0.997 
0.032 0.992 0.049 0.980 1.000 
0.030 0.988 0.027 0.998 0.412 
0.041 0.987 0.077 0.970 0.988 
0.033 0.992 0.042 0.993 0.994 
0.035 0.990 0.032 0.990 1.000 
0.033 0.993 0.032 0.998 0.688 
0.036 0.992 0.055 0.980 0.988 
0.031 0.993 0.031 0.995 1.000 
0.030 0.990 0.029 0.998 1.000 
0.033 0.992 0.063 0.983 0.991 
0.032 0.992 0.029 0.995 0.997 
0.037 0.989 0.072 0.968 0.988 
0.034 0.992 0.025 0.998 0.997 
0.030 0.993 0.058 0.988 0.119 
0.032 0.989 0.033 0.990 0.212 
0.025 0.992 0.056 0.980 0.938 
0.032 0.989 0.034 0.990 0.991 
0.027 0.993 0.059 0.980 0.172 
0.033 0.992 0.035 0.990 0.944 
0.024 0.994 0.065 0.978 1.000 
0.025 0.992 0.046 0.985 0.575 
0.039 0.990 0.123 0.965 0.191 
0.031 0.992 0.029 0.998 0.928 
0.032 0.992 0.035 0.990 0.941 
0.028 0.993 0.040 0.988 0.559 
0.026 0.992 0.062 0.980 0.866 
0.029 0.992 0.046 0.988 0.384 
0.029 0.990 0.030 0.995 0.956 
0.038 0.988 0.035 0.988 0.691 
0.031 0.993 0.026 0.998 0.947 
0.034 0.991 0.053 0.983 0.922 
0.035 0.989 0.074 0.968 0.263 
0.032 0.990 0.029 0.995 0.975 
0.026 0.992 0.036 0.988 0.887 
0.031 0.990 0.032 0.990 0.250 
0.028 0.995 0.032 0.998 0.591 
0.036 0.990 0.060 0.978 0.463 
0.031 0.990 0.058 0.975 0.719 
0.029 0.989 0.040 0.988 0.425 
0.029 0.992 0.082 0.965 0.944 
0.020 0.995 0.019 0.998 0.275 
0.023 0.994 0.051 0.978 0.769 
0.042 0.989 0.046 0.990 0.019 
0.025 0.993 0.025 0.998 0.872 
0.026 0.991 0.069 0.975 0.744 
0.027 0.994 0.041 0.990 0.947 
0.029 0.992 0.058 0.975 0.591 
0.020 0.995 0.035 0.995 0.900 
0.029 0.990 0.051 0.983 0.966 
0.033 0.992 0.037 0.993 1.000 
0.030 0.992 0.042 0.988 0.922 
0.023 0.994 0.055 0.985 0.897 
0.032 0.992 0.059 0.980 0.863 
0.022 0.993 0.048 0.983 0.997 
0.037 0.989 0.091 0.955 1.000 
0.028 0.993 0.072 0.968 1.000 
0.029 0.993 0.041 0.988 0.988 
0.026 0.994 0.032 0.990 0.744 
0.026 0.993 0.066 0.978 0.672 
0.028 0.993 0.037 0.995 0.356 
0.026 0.994 0.028 0.988 0.072 
0.040 0.990 0.036 0.988 1.000 
0.026 0.993 0.030 0.988 0.938 
0.024 0.993 0.027 0.998 0.906 
0.023 0.993 0.027 0.990 0.994 
0.023 0.992 0.032 0.990 0.503 
0.021 0.996 0.045 0.988 0.978 
0.029 0.990 0.062 0.975 1.000 
0.028 0.990 0.040 0.985 0.975 
0.030 0.991 0.049 0.983 0.894 
0.027 0.992 0.036 0.990 0.362 
0.027 0.993 0.059 0.978 1.000 
0.024 0.995 0.040 0.990 0.928 
0.023 0.992 0.068 0.980 0.978 
0.023 0.992 0.028 0.998 0.572 
0.025 0.991 0.083 0.973 0.900 
0.027 0.990 0.063 0.975 0.972 
0.026 0.991 0.073 0.973 1.000 
0.028 0.993 0.030 0.990 0.816 
0.026 0.994 0.049 0.988 0.878 
0.023 0.995 0.059 0.988 0.766 
0.029 0.992 0.057 0.983 0.972 
0.026 0.993 0.050 0.985 0.053 
0.031 0.989 0.085 0.960 0.984 
0.014 0.994 0.024 0.998 0.997 
0.031 0.990 0.035 0.988 0.028 
0.019 0.995 0.066 0.975 0.997 
0.024 0.993 0.025 0.990 0.997 
0.029 0.990 0.086 0.980 1.000 
0.031 0.993 0.036 0.990 1.000 
0.019 0.996 0.026 0.988 0.972 
0.027 0.992 0.049 0.985 0.059 
0.022 0.992 0.030 0.995 0.881 
0.020 0.995 0.042 0.983 0.119 
0.020 0.995 0.137 0.958 0.750 
0.034 0.990 0.060 0.975 0.316 
0.015 0.995 0.051 0.988 0.959 
0.024 0.994 0.024 0.998 0.003 
0.016 0.995 0.040 0.990 0.084 
0.027 0.993 0.046 0.983 0.125 
0.032 0.990 0.062 0.975 0.412 
0.024 0.994 0.036 0.988 0.369 
0.022 0.996 0.020 0.998 0.119 
0.024 0.994 0.041 0.985 0.441 
0.026 0.993 0.028 0.998 0.972 
0.022 0.993 0.028 0.990 0.466 
0.019 0.995 0.040 0.990 0.375 
0.025 0.994 0.057 0.980 0.491 
0.020 0.993 0.043 0.990 0.053 
0.036 0.993 0.066 0.978 0.003 
0.026 0.993 0.026 0.998 0.416 
0.018 0.995 0.025 0.998 0.081 
0.016 0.995 0.016 0.998 0.003 
0.019 0.993 0.026 0.998 0.003 
0.021 0.994 0.027 0.998 0.122 
0.026 0.992 0.028 0.998 0.372 
0.021 0.995 0.019 0.998 0.019 
0.028 0.993 0.019 0.998 0.719 
0.023 0.995 0.016 0.998 0.044 
0.027 0.992 0.035 0.988 0.384 
0.042 0.992 0.052 0.983 0.309 
0.012 0.999 0.025 0.998 0.397 
0.021 0.995 0.043 0.983 0.691 
0.029 0.992 0.054 0.980 0.019 
0.021 0.993 0.024 0.998 0.003 
0.023 0.995 0.033 0.998 0.003 
0.025 0.994 0.030 0.990 0.347 
0.033 0.991 0.052 0.983 0.003 
0.016 0.995 0.018 0.998 0.528 
0.019 0.994 0.035 0.988 0.138 
0.022 0.993 0.078 0.968 0.972 
0.019 0.996 0.023 0.998 0.013 
0.015 0.995 0.052 0.988 0.003 
0.039 0.990 0.035 0.988 0.050 
0.024 0.993 0.034 0.988 0.003 
0.022 0.993 0.022 0.998 0.041 
0.014 0.998 0.031 0.990 0.044 
0.034 0.990 0.022 0.990 0.253 
0.023 0.995 0.025 0.995 0.006 
0.017 0.997 0.060 0.983 0.003 
0.026 0.992 0.028 0.998 0.025 
0.016 0.995 0.023 0.998 0.003 
0.022 0.994 0.023 0.998 0.128 
0.018 0.995 0.043 0.983 0.406 
0.028 0.991 0.039 0.985 0.100 
0.020 0.993 0.039 0.988 0.197 
0.025 0.994 0.025 0.998 0.925 
0.031 0.993 0.036 0.998 0.991 
0.022 0.994 0.020 0.998 0.066 
0.024 0.991 0.060 0.978 0.000 
0.024 0.995 0.022 0.998 0.003 
0.019 0.996 0.022 0.990 0.047 
0.014 0.996 0.096 0.973 0.997 
0.022 0.993 0.023 0.998 0.566 
0.020 0.993 0.024 0.998 0.084 
0.023 0.995 0.019 0.998 0.031 
0.024 0.992 0.018 0.998 0.922 
0.025 0.993 0.019 0.998 0.984 
0.021 0.993 0.032 0.990 0.997 
0.024 0.992 0.029 0.990 0.516 
0.015 0.994 0.040 0.990 0.006 
0.026 0.993 0.025 0.998 0.700 
0.023 0.990 0.028 0.998 0.988 
0.018 0.995 0.020 0.998 0.434 
0.023 0.993 0.028 0.995 0.222 
0.018 0.993 0.030 0.990 1.000 
0.020 0.995 0.022 0.998 0.963 
0.015 0.995 0.060 0.983 0.003 
0.015 0.997 0.056 0.980 0.956 
0.022 0.991 0.019 0.998 0.069 
0.016 0.993 0.037 0.988 0.303 
0.020 0.994 0.047 0.988 0.984 
0.023 0.992 0.021 0.998 0.994 
0.020 0.992 0.026 0.990 0.028 
0.039 0.989 0.050 0.983 0.934 
0.015 0.998 0.024 0.995 0.078 
0.023 0.993 0.026 0.998 0.016 
0.018 0.995 0.043 0.988 0.591 
0.017 0.996 0.018 0.998 0.316 
0.018 0.995 0.058 0.975 0.809 
0.022 0.993 0.035 0.988 0.909 
0.015 0.996 0.036 0.988 0.975 
0.023 0.994 0.026 0.990 0.209 
0.026 0.995 0.042 0.988 0.622 
0.018 0.996 0.025 0.990 0.828 
0.026 0.993 0.069 0.975 0.034 
0.036 0.992 0.043 0.985 0.219 
0.018 0.995 0.022 0.998 0.000 
0.020 0.993 0.036 0.990 0.847 
0.020 0.993 0.051 0.983 0.997 
0.023 0.992 0.068 0.975 0.275 
0.016 0.995 0.040 0.990 0.259 
0.024 0.992 0.030 0.998 0.444 
0.023 0.995 0.027 0.998 0.944 
0.020 0.995 0.030 0.990 0.475 
0.019 0.996 0.023 0.998 0.212 
0.042 0.992 0.035 0.998 0.709 
0.027 0.993 0.021 0.998 0.338 
0.014 0.996 0.041 0.988 0.725 
0.012 0.996 0.017 0.998 0.753 
0.015 0.995 0.038 0.990 0.931 
0.020 0.993 0.023 0.998 0.150 
0.017 0.994 0.019 0.998 0.353 
0.030 0.990 0.024 0.998 0.700 
0.018 0.997 0.017 0.998 0.134 
0.012 0.995 0.039 0.985 0.778 
0.025 0.996 0.021 0.998 0.222 
0.015 0.995 0.017 0.998 0.316 
0.022 0.995 0.019 0.998 0.463 
0.019 0.995 0.038 0.983 0.050 
0.018 0.992 0.024 0.998 0.025 
0.028 0.993 0.026 0.990 0.031 
0.020 0.993 0.024 0.998 0.013 
0.013 0.996 0.022 0.998 0.078 
0.015 0.996 0.020 0.998 0.003 
0.014 0.996 0.018 0.998 0.025 
0.019 0.993 0.023 0.998 0.194 
0.023 0.994 0.024 0.998 0.403 
0.020 0.995 0.032 0.990 0.878 
0.028 0.993 0.024 0.998 0.016 
0.017 0.995 0.032 0.990 0.003 
0.015 0.996 0.038 0.990 0.000 
0.027 0.995 0.044 0.983 0.000 
0.022 0.993 0.027 0.998 0.022 
0.019 0.994 0.036 0.998 0.003 
0.041 0.992 0.020 0.998 0.072 
0.017 0.995 0.025 0.995 0.194 
0.017 0.993 0.041 0.980 0.028 
0.020 0.992 0.041 0.983 0.091 
0.008 0.997 0.023 0.998 0.741 
0.020 0.995 0.020 0.998 0.031 
0.014 0.996 0.128 0.968 0.794 
0.021 0.993 0.024 0.998 0.000 
0.021 0.991 0.020 0.998 0.956 
0.020 0.995 0.020 0.998 0.241 
0.020 0.993 0.078 0.973 0.787 
0.010 0.998 0.030 0.990 0.909 
0.016 0.995 0.034 0.990 0.000 
0.017 0.995 0.020 0.998 0.025 
0.015 0.995 0.034 0.983 1.000 
0.024 0.991 0.025 0.998 0.378 
0.018 0.995 0.046 0.980 0.569 
0.014 0.996 0.033 0.988 0.003 
0.022 0.994 0.138 0.938 0.103 
0.020 0.995 0.022 0.998 0.000 
0.014 0.993 0.034 0.998 0.422 
0.030 0.992 0.037 0.988 0.506 
0.020 0.993 0.022 0.998 1.000 
0.027 0.992 0.030 0.990 0.603 
0.016 0.993 0.025 0.998 0.175 
0.013 0.997 0.056 0.988 0.406 
0.007 0.997 0.070 0.990 0.000 
0.022 0.995 0.029 0.998 0.978 
0.029 0.996 0.025 0.998 0.000 
0.023 0.994 0.030 0.990 0.747 
0.021 0.996 0.034 0.988 0.000 
0.014 0.995 0.029 0.998 0.041 
0.013 0.995 0.025 0.990 0.097 
0.018 0.994 0.025 0.998 0.022 
0.009 0.998 0.032 0.998 0.322 
0.020 0.994 0.042 0.985 0.078 
0.017 0.993 0.021 0.998 0.303 
0.022 0.996 0.108 0.958 0.194 
0.021 0.993 0.019 0.998 0.269 
0.012 0.995 0.044 0.983 0.897 
0.014 0.996 0.033 0.990 0.787 
0.019 0.994 0.030 0.998 0.009 
0.016 0.995 0.042 0.988 0.178 
0.026 0.994 0.027 0.990 0.000 
0.019 0.994 0.076 0.965 0.600 
0.012 0.996 0.024 0.990 0.159 
0.022 0.993 0.031 0.990 0.247 
0.015 0.995 0.044 0.988 0.066 
0.018 0.997 0.022 0.998 0.169 
0.014 0.996 0.019 0.998 0.041 
0.026 0.993 0.023 0.998 0.484 
0.039 0.992 0.052 0.978 0.828 
0.021 0.994 0.045 0.983 0.688 
0.021 0.995 0.022 0.995 0.006 
0.010 0.996 0.016 0.998 0.366 
0.016 0.998 0.016 0.998 1.000 
0.018 0.994 0.043 0.983 0.294 
0.015 0.994 0.026 0.995 0.609 
0.009 0.996 0.048 0.983 0.013 
0.013 0.995 0.026 0.998 0.022 
0.019 0.995 0.014 0.998 0.750 
0.021 0.992 0.014 0.998 0.209 
0.018 0.994 0.038 0.985 0.009 
0.015 0.996 0.028 0.988 0.006 
0.016 0.996 0.017 0.998 0.091 
0.026 0.995 0.053 0.985 0.000 
0.013 0.996 0.020 0.998 0.006 
0.021 0.993 0.015 0.998 0.003 
0.022 0.995 0.025 0.990 0.009 
0.013 0.998 0.021 0.995 0.003 
0.025 0.991 0.017 0.998 0.006 
0.015 0.995 0.028 0.988 0.541 
0.027 0.993 0.092 0.965 0.881 
0.019 0.993 0.026 0.990 0.009 
0.016 0.994 0.050 0.978 0.287 
0.010 0.997 0.024 0.998 0.009 
0.012 0.996 0.033 0.998 0.003 
0.033 0.993 0.025 0.990 0.003 
0.006 0.998 0.019 0.998 0.000 
0.019 0.994 0.015 0.998 0.003 
0.025 0.995 0.069 0.978 0.041 
0.025 0.993 0.015 0.998 0.003 
0.027 0.993 0.034 0.988 0.006 
0.024 0.994 0.120 0.953 0.866 
0.019 0.992 0.017 0.998 0.009 
0.013 0.996 0.017 0.998 0.144 
0.022 0.993 0.021 0.998 0.000 
0.018 0.996 0.018 0.998 0.984 
0.020 0.993 0.018 0.998 0.400 
0.019 0.996 0.048 0.980 0.200 
0.022 0.993 0.019 0.998 0.003 
0.016 0.995 0.021 0.990 0.044 
0.016 0.994 0.020 0.998 0.019 
0.033 0.990 0.038 0.985 0.244 
0.013 0.996 0.018 0.998 0.847 
0.018 0.996 0.017 0.998 0.006 
0.014 0.996 0.018 0.998 0.013 
0.014 0.996 0.017 0.998 0.003 
0.033 0.989 0.020 0.998 0.113 
0.028 0.992 0.019 0.998 0.003 
0.017 0.995 0.027 0.990 0.138 
0.015 0.995 0.026 0.998 0.037 
0.037 0.992 0.026 0.990 0.003 
0.032 0.993 0.051 0.980 0.388 
0.020 0.993 0.021 0.998 0.019 
0.009 0.997 0.025 0.998 0.113 
0.024 0.993 0.025 0.998 0.103 
0.014 0.996 0.024 0.990 0.059 
0.013 0.998 0.016 0.998 0.037 
0.013 0.999 0.019 0.998 0.028 
0.017 0.995 0.016 0.998 0.016 
0.024 0.994 0.016 0.998 0.006 
0.019 0.995 0.021 0.998 0.822 
0.017 0.995 0.033 0.990 0.003 
0.026 0.992 0.020 0.998 0.087 
0.012 0.996 0.019 0.998 0.009 
0.025 0.994 0.060 0.970 0.237 
0.014 0.997 0.022 0.998 0.000 
0.020 0.993 0.026 0.990 0.272 
0.017 0.995 0.018 0.998 0.131 
0.014 0.995 0.079 0.965 0.294 
0.018 0.995 0.022 0.998 0.825 
0.018 0.993 0.023 0.998 0.000 
0.024 0.993 0.017 0.998 0.000 
0.017 0.996 0.018 0.998 0.100 
0.016 0.995 0.043 0.985 0.000 
0.021 0.993 0.020 0.998 0.013 
0.009 0.997 0.016 0.998 0.172 
0.013 0.996 0.099 0.965 0.241 
0.017 0.997 0.032 0.988 0.019 
0.018 0.994 0.064 0.975 0.084 
0.023 0.992 0.029 0.990 0.078 
0.023 0.993 0.042 0.985 0.003 
0.019 0.994 0.059 0.973 0.703 
0.036 0.994 0.018 0.998 0.025 
0.012 0.996 0.016 0.998 0.000 
0.012 0.994 0.013 0.998 0.000 
0.022 0.995 0.016 0.998 0.000 
0.012 0.997 0.022 0.990 0.188 
0.006 0.998 0.017 0.998 0.019 
0.015 0.995 0.033 0.990 0.984 
0.028 0.992 0.029 0.990 0.228 
0.020 0.993 0.047 0.988 0.066 
0.011 0.996 0.023 0.990 0.388 
0.016 0.995 0.023 0.990 0.156 
0.013 0.998 0.016 0.998 0.341 
0.009 0.996 0.028 0.993 0.244 
0.009 0.996 0.020 0.998 0.984 
0.020 0.994 0.017 0.998 1.000 
0.021 0.995 0.016 0.998 0.016 
0.015 0.996 0.028 0.990 0.531 
0.021 0.993 0.025 0.990 0.512 
0.018 0.995 0.024 0.998 0.503 
0.015 0.997 0.019 0.998 0.019 
0.023 0.992 0.016 0.998 0.991 
0.022 0.995 0.053 0.980 0.353 
0.029 0.994 0.018 0.998 0.125 
0.023 0.996 0.017 0.998 0.003 
0.011 0.996 0.031 0.985 0.056 
0.007 0.997 0.020 0.998 0.000 
0.021 0.996 0.046 0.983 0.037 
0.038 0.994 0.031 0.990 0.963 
0.019 0.996 0.057 0.978 0.237 
0.016 0.997 0.017 0.998 0.481 
0.015 0.995 0.015 0.998 0.631 
0.016 0.995 0.023 0.990 0.744 
0.019 0.995 0.029 0.990 0.062 
0.023 0.993 0.067 0.980 0.512 
0.022 0.992 0.053 0.983 0.109 
0.009 0.996 0.035 0.983 1.000 
0.011 0.996 0.039 0.988 0.122 
0.025 0.992 0.023 0.998 0.119 
0.030 0.992 0.031 0.990 0.291 
0.015 0.995 0.023 0.990 0.247 
0.018 0.995 0.021 0.998 0.003 
0.018 0.995 0.020 0.998 0.969 
0.019 0.994 0.027 0.990 0.922 
0.015 0.994 0.030 0.990 0.919 
0.014 0.996 0.027 0.988 0.900 
0.016 0.996 0.033 0.988 0.109 
0.013 0.995 0.063 0.975 0.884 
0.013 0.996 0.055 0.975 0.772 
0.012 0.996 0.018 0.998 0.400 
0.013 0.998 0.022 0.995 0.000 
0.011 0.996 0.016 0.998 0.050 
0.012 0.997 0.018 0.998 0.000 
0.014 0.995 0.024 0.990 0.756 
0.019 0.995 0.062 0.980 0.469 
0.024 0.993 0.024 0.990 0.047 
0.034 0.993 0.021 0.998 0.134 
0.022 0.993 0.049 0.983 0.006 
0.022 0.992 0.042 0.983 0.922 
0.014 0.996 0.018 0.998 0.250 
0.022 0.995 0.049 0.980 0.984 
0.016 0.997 0.024 0.998 0.797 
0.015 0.995 0.029 0.995 0.006 
0.021 0.994 0.016 0.998 0.031 
0.023 0.996 0.025 0.990 0.016 
0.013 0.996 0.018 0.998 0.381 
0.025 0.994 0.032 0.990 0.109 
0.012 0.996 0.016 0.998 0.000 
0.012 0.996 0.023 0.990 0.163 
0.006 0.998 0.042 0.990 0.022 
0.017 0.996 0.042 0.985 0.003 
0.024 0.993 0.054 0.975 0.003 
0.018 0.996 0.038 0.985 0.478 
0.011 0.996 0.043 0.993 0.003 
0.017 0.996 0.043 0.975 0.000 
0.021 0.995 0.029 0.988 0.000 
0.012 0.997 0.019 0.998 0.037 
0.017 0.996 0.041 0.985 0.247 
0.029 0.993 0.019 0.998 0.034 
0.010 0.998 0.021 0.998 0.222 
0.021 0.993 0.084 0.968 0.322 
0.017 0.995 0.017 0.998 0.037 
0.011 0.996 0.030 0.998 0.050 
0.024 0.994 0.036 0.988 0.491 
0.010 0.997 0.041 0.990 0.394 
0.009 0.997 0.031 0.998 0.013 
0.015 0.998 0.040 0.988 0.406 
0.012 0.995 0.039 0.985 0.412 
0.021 0.995 0.035 0.990 0.550 
0.014 0.996 0.038 0.985 0.625 
0.015 0.995 0.030 0.998 0.453 
0.023 0.996 0.088 0.968 0.972 
0.013 0.998 0.019 0.998 0.028 
0.013 0.996 0.027 0.995 0.422 
0.013 0.996 0.026 0.995 0.069 
0.010 0.998 0.017 0.998 0.822 
0.025 0.994 0.022 0.995 0.184 
0.017 0.995 0.027 0.990 0.528 
0.019 0.994 0.091 0.970 0.512 
0.014 0.995 0.016 0.998 0.397 
0.005 0.998 0.024 0.998 0.000 
0.024 0.994 0.038 0.988 0.019 
0.032 0.993 0.030 0.990 0.150 
0.020 0.994 0.049 0.980 0.228 
0.019 0.996 0.041 0.985 0.006 
0.013 0.996 0.049 0.990 0.319 
0.012 0.997 0.020 0.998 0.053 
0.011 0.997 0.025 0.998 0.003 
0.020 0.995 0.020 0.998 0.316 
0.013 0.997 0.024 0.990 0.825 
0.017 0.993 0.021 0.998 0.034 
0.014 0.997 0.023 0.998 0.197 
0.011 0.996 0.014 0.998 0.784 
0.020 0.996 0.023 0.990 0.138 
0.009 0.998 0.020 0.998 0.591 
0.011 0.996 0.034 0.985 0.994 
0.015 0.995 0.036 0.988 0.147 
0.019 0.996 0.023 0.995 0.053 
0.012 0.996 0.022 0.998 0.184 
0.016 0.997 0.015 0.998 0.003 
0.022 0.993 0.032 0.995 0.016 
0.018 0.993 0.026 0.990 0.044 
0.009 0.998 0.015 0.998 0.000 
0.018 0.993 0.052 0.975 0.103 
0.014 0.995 0.047 0.988 0.003 
0.009 0.996 0.026 0.998 0.003 
0.018 0.996 0.025 0.990 0.966 
0.016 0.995 0.025 0.990 0.713 
0.013 0.998 0.033 0.990 0.000 
0.014 0.994 0.016 0.998 0.472 
0.021 0.992 0.019 0.998 1.000 
0.022 0.993 0.034 0.995 0.000 
0.023 0.991 0.024 0.998 0.275 
0.029 0.993 0.022 0.995 0.994 
0.015 0.995 0.064 0.978 0.575 
0.010 0.996 0.048 0.985 0.925 
0.022 0.995 0.064 0.970 0.912 
0.007 0.998 0.025 0.995 0.606 
0.020 0.993 0.018 0.998 0.994 
0.012 0.996 0.017 0.998 0.056 
0.024 0.993 0.033 0.988 0.022 
0.014 0.996 0.017 0.998 0.672 
0.014 0.996 0.030 0.990 0.013 
0.019 0.995 0.015 0.998 0.956 
0.018 0.994 0.021 0.995 1.000 
0.012 0.995 0.029 0.988 0.994 
0.014 0.995 0.017 0.998 0.062 
0.014 0.997 0.039 0.985 0.703 
0.020 0.996 0.081 0.965 1.000 
0.009 0.995 0.039 0.985 0.887 
0.016 0.995 0.021 0.998 0.991 
0.008 0.997 0.018 0.998 0.644 
0.018 0.995 0.032 0.990 0.097 
0.022 0.994 0.016 0.998 0.259 
0.022 0.993 0.062 0.975 0.906 
0.011 0.997 0.020 0.998 0.000 
0.015 0.998 0.028 0.998 0.000 
0.013 0.996 0.029 0.990 0.003 
0.016 0.995 0.016 0.998 0.872 
0.012 0.995 0.028 0.998 0.019 
0.016 0.995 0.016 0.998 0.984 
0.014 0.996 0.018 0.998 0.441 
0.019 0.995 0.016 0.998 0.916 
0.014 0.996 0.022 0.998 0.981 
0.023 0.993 0.059 0.998 0.103 
0.020 0.995 0.079 0.968 0.806 
0.011 0.995 0.019 0.998 0.963 
0.014 0.995 0.015 0.998 1.000 
0.016 0.994 0.100 0.980 0.169 
0.016 0.996 0.024 0.990 1.000 
0.025 0.993 0.021 0.998 0.181 
0.013 0.996 0.020 0.998 0.828 
0.023 0.995 0.018 0.998 0.003 
0.009 0.996 0.048 0.985 0.441 
0.021 0.995 0.013 0.998 0.606 
0.005 0.999 0.019 0.998 0.991 
0.010 0.998 0.037 0.988 0.909 
0.019 0.995 0.024 0.998 0.812 
0.012 0.996 0.026 0.990 0.559 
0.014 0.995 0.031 0.985 0.944 
0.016 0.995 0.017 0.998 1.000 
0.018 0.995 0.017 0.998 0.000 
0.012 0.995 0.023 0.998 0.006 
0.018 0.993 0.052 0.978 0.984 
0.041 0.995 0.042 0.988 1.000 
0.017 0.995 0.021 0.998 1.000 
0.009 0.998 0.026 0.998 0.978 
0.007 0.997 0.022 0.998 0.869 
0.010 0.995 0.021 0.998 0.912 
0.019 0.993 0.055 0.998 0.372 
0.017 0.995 0.039 0.983 0.956 
0.010 0.996 0.062 0.985 0.016 
0.026 0.992 0.033 0.998 0.003 
0.012 0.996 0.037 0.998 0.634 
0.002 0.999 0.047 0.998 0.597 
0.022 0.996 0.035 0.998 0.256 
0.006 0.999 0.084 0.978 0.022 
0.013 0.995 0.069 0.980 0.953 
0.011 0.995 0.038 0.983 0.131 
0.016 0.995 0.033 0.995 0.903 
0.011 0.996 0.035 0.998 0.078 
0.011 0.995 0.032 0.998 0.631 
0.008 0.996 0.038 0.998 0.206 
0.020 0.992 0.018 0.998 0.081 
0.011 0.998 0.037 0.990 0.828 
0.030 0.993 0.020 0.998 0.766 
0.026 0.998 0.031 0.998 0.113 
0.008 0.998 0.020 0.998 0.000 
0.015 0.996 0.025 0.998 0.006 
0.012 0.996 0.071 0.970 0.697 
0.016 0.995 0.031 0.990 0.284 
0.023 0.995 0.053 0.978 0.747 
0.021 0.995 0.020 0.998 0.200 
0.012 0.996 0.022 0.998 0.697 
0.013 0.996 0.023 0.998 0.000 
0.007 0.996 0.014 0.998 0.003 
0.009 0.998 0.014 0.998 0.025 
0.013 0.995 0.017 0.998 0.300 
0.031 0.993 0.016 0.998 0.000 
0.027 0.996 0.015 0.998 0.009 
0.010 0.997 0.023 0.990 0.138 
0.013 0.996 0.076 0.968 0.113 
0.016 0.994 0.022 0.998 0.078 
0.015 0.997 0.041 0.983 0.716 
0.008 0.998 0.082 0.973 0.069 
0.013 0.997 0.014 0.998 0.009 
0.015 0.996 0.031 0.990 0.509 
0.016 0.997 0.049 0.980 0.703 
0.013 0.996 0.019 0.998 0.022 
0.012 0.998 0.056 0.990 0.234 
0.016 0.995 0.053 0.980 0.431 
0.017 0.994 0.022 0.998 0.000 
0.010 0.997 0.020 0.998 0.034 
0.006 0.998 0.023 0.998 0.000 
0.017 0.997 0.019 0.998 0.016 
0.046 0.990 0.033 0.988 0.250 
0.034 0.993 0.032 0.995 0.000 
0.015 0.996 0.021 0.995 0.000 
0.008 0.997 0.028 0.995 0.006 
0.006 0.998 0.014 0.998 0.016 
0.009 0.998 0.019 0.998 0.003 
0.021 0.995 0.017 0.998 0.147 
0.020 0.994 0.067 0.963 0.741 
0.021 0.994 0.022 0.998 0.163 
0.014 0.998 0.023 0.998 0.200 
0.017 0.995 0.037 0.985 0.209 
0.007 0.998 0.037 0.998 0.000 
0.015 0.996 0.040 0.990 0.003 
0.013 0.995 0.023 0.990 0.506 
0.012 0.998 0.034 0.988 0.916 
0.020 0.996 0.047 0.983 0.388 
0.016 0.994 0.027 0.990 0.000 
0.013 0.995 0.028 0.988 0.228 
0.018 0.995 0.040 0.988 0.097 
0.012 0.997 0.022 0.998 0.025 
0.021 0.996 0.015 0.998 0.531 
0.022 0.995 0.016 0.998 0.006 
0.025 0.995 0.041 0.985 0.022 
0.007 0.997 0.018 0.998 0.009 
0.012 0.997 0.021 0.998 0.000 
0.013 0.995 0.087 0.970 0.128 
0.034 0.992 0.024 0.990 0.022 
0.019 0.995 0.042 0.985 0.069 
0.007 0.997 0.056 0.990 0.003 
0.023 0.993 0.019 0.998 0.519 
0.014 0.995 0.025 0.998 0.000 
0.018 0.995 0.084 0.975 0.350 
0.023 0.995 0.016 0.998 0.859 
0.009 0.996 0.040 0.985 0.887 
0.014 0.995 0.015 0.998 0.191 
0.016 0.998 0.014 0.998 0.031 
0.012 0.996 0.014 0.998 0.031 
0.019 0.994 0.017 0.998 0.037 
0.007 0.998 0.032 0.998 0.500 
0.031 0.994 0.026 0.998 0.062 
0.028 0.992 0.020 0.995 0.844 
0.012 0.996 0.020 0.995 0.984 
0.028 0.997 0.089 0.965 0.947 
0.020 0.994 0.015 0.998 0.794 
0.012 0.996 0.104 0.955 0.984 
0.026 0.995 0.022 0.995 0.072 
0.015 0.995 0.047 0.978 0.356 
0.011 0.996 0.042 0.980 0.919 
0.012 0.994 0.022 0.998 0.019 
0.021 0.992 0.016 0.998 0.731 
0.015 0.994 0.016 0.998 0.734 
0.026 0.993 0.081 0.963 0.100 
0.031 0.992 0.033 0.988 0.234 
0.013 0.996 0.018 0.998 0.822 
0.012 0.996 0.027 0.995 0.622 
0.018 0.994 0.041 0.983 0.975 
0.010 0.995 0.022 0.998 0.244 
0.022 0.993 0.040 0.983 0.188 
0.013 0.994 0.025 0.995 0.900 
0.010 0.996 0.051 0.998 0.059 
0.022 0.995 0.014 0.998 0.547 
0.016 0.998 0.034 0.998 0.091 
0.012 0.996 0.107 0.990 0.231 
0.035 0.995 0.022 0.995 0.900 
0.012 0.998 0.046 0.995 0.450 
0.015 0.995 0.037 0.998 0.281 
0.021 0.995 0.015 0.998 0.884 
0.012 0.996 0.061 0.973 0.356 
0.028 0.992 0.036 0.990 0.706 
0.019 0.995 0.052 0.998 0.153 
0.013 0.996 0.059 0.990 0.031 
0.016 0.995 0.046 0.990 0.109 
0.011 0.995 0.023 0.998 0.975 
0.011 0.996 0.035 0.990 0.037 
0.015 0.996 0.085 0.988 0.000 
0.016 0.997 0.033 0.983 0.353 
0.013 0.996 0.222 0.932 0.459 
0.011 0.996 0.044 0.993 0.812 
0.017 0.997 0.026 0.995 0.000 
0.013 0.997 0.016 0.998 0.600 
0.019 0.995 0.033 0.998 0.003 
0.017 0.995 0.026 0.998 0.866 
0.013 0.995 0.016 0.998 0.000 
0.018 0.995 0.015 0.998 0.947 
0.012 0.996 0.018 0.998 0.925 
0.020 0.995 0.033 0.985 0.109 
0.013 0.995 0.065 0.978 0.622 
0.010 0.997 0.033 0.995 0.953 
0.019 0.998 0.035 0.985 0.456 
0.010 0.998 0.037 0.990 0.000 
0.016 0.992 0.096 0.970 0.309 
0.019 0.995 0.058 0.980 0.000 
0.005 0.999 0.023 0.998 0.000 
0.033 0.996 0.024 0.990 0.897 
0.009 0.999 0.019 0.998 0.688 
0.019 0.993 0.017 0.998 0.006 
0.016 0.996 0.035 0.990 0.097 
0.011 0.996 0.016 0.998 0.013 
0.011 0.996 0.233 0.945 0.516 
0.034 0.995 0.174 0.965 0.062 
0.042 0.996 0.061 0.983 0.113 
0.010 0.997 0.105 0.985 0.484 
0.015 0.993 0.135 0.980 0.900 
0.037 0.990 0.124 0.950 0.825 
0.013 0.995 0.050 0.983 0.978 
0.013 0.996 0.131 0.975 0.978 
0.013 0.995 0.096 0.998 0.984 
0.014 0.996 0.090 0.998 0.000 
0.057 0.992 0.020 0.998 0.825 
0.015 0.996 0.044 0.980 0.894 
0.010 0.998 0.035 0.988 0.653 
0.046 0.990 0.033 0.998 0.991 
0.007 0.998 0.081 0.998 0.903 
0.014 0.995 0.073 0.998 0.894 
0.026 0.993 0.047 0.983 0.838 
0.019 0.994 0.015 0.998 1.000 
0.007 0.996 0.019 0.998 0.459 
0.010 0.996 0.060 0.990 0.509 
0.012 0.995 0.088 0.990 0.700 
0.018 0.996 0.065 0.975 0.784 
0.008 0.998 0.057 0.980 0.963 
0.079 0.995 0.025 0.990 0.000 
0.017 0.996 0.017 0.998 0.362 
0.013 0.998 0.017 0.998 0.666 
0.018 0.995 0.021 0.998 0.169 
0.013 0.997 0.016 0.998 0.622 
0.025 0.995 0.047 0.998 0.031 
0.019 0.995 0.036 0.998 0.975 
0.014 0.996 0.036 0.998 0.997 
0.012 0.997 0.028 0.998 0.972 
0.018 0.996 0.103 0.990 0.316 
0.014 0.997 0.083 0.980 0.562 
0.006 0.998 0.048 0.998 0.894 
0.025 0.995 0.040 0.998 0.637 
0.022 0.993 0.054 0.998 0.959 
0.015 0.995 0.042 0.995 1.000 
0.008 0.998 0.077 0.980 0.991 
0.014 0.994 0.049 0.980 0.994 
0.026 0.994 0.026 0.998 0.984 
0.013 0.996 0.015 0.998 0.700 
0.008 0.997 0.083 0.998 0.850 
0.024 0.995 0.020 0.998 0.631 
0.009 0.998 0.031 0.998 0.884 
0.018 0.995 0.015 0.998 0.991 
0.011 0.997 0.067 0.973 0.959 
0.019 0.996 0.036 0.988 0.138 
0.022 0.992 0.045 0.998 0.522 
0.017 0.994 0.038 0.983 0.138 
0.013 0.995 0.044 0.995 0.550 
0.010 0.995 0.028 0.998 0.988 
0.015 0.996 0.031 0.990 0.597 
0.011 0.996 0.042 0.995 0.734 
0.011 0.998 0.037 0.998 0.934 
0.025 0.994 0.044 0.990 0.928 
0.011 0.996 0.045 0.985 0.256 
0.016 0.995 0.015 0.998 0.875 
0.012 0.996 0.022 0.998 0.844 
0.017 0.996 0.019 0.998 0.084 
0.038 0.996 0.035 0.985 0.728 
0.018 0.996 0.074 0.965 0.147 
0.018 0.995 0.033 0.985 0.203 
0.017 0.996 0.037 0.980 0.906 
0.026 0.994 0.039 0.988 0.350 
0.014 0.999 0.017 0.998 0.869 
0.012 0.996 0.021 0.998 0.613 
0.014 0.994 0.050 0.995 0.106 
0.010 0.997 0.094 0.968 0.031 
0.017 0.996 0.022 0.995 0.787 
0.017 0.994 0.049 0.985 0.822 
0.023 0.996 0.030 0.988 0.353 
0.052 0.990 0.087 0.988 1.000 
0.024 0.998 0.105 0.955 0.900 
0.017 0.996 0.032 0.988 0.994 
0.012 0.996 0.042 0.988 0.975 
0.016 0.996 0.081 0.978 0.984 
0.017 0.995 0.097 0.998 0.978 
0.006 0.998 0.100 0.988 0.994 
0.014 0.996 0.064 0.975 0.981 
0.010 0.996 0.077 0.998 0.988 
0.007 0.998 0.093 0.988 0.963 
0.041 0.996 0.070 0.978 1.000 
0.013 0.995 0.014 0.998 0.884 
0.026 0.995 0.026 0.998 0.903 
0.015 0.996 0.016 0.998 0.891 
0.015 0.998 0.024 0.998 0.891 
0.010 0.998 0.014 0.998 0.978 
0.018 0.996 0.025 0.990 0.728 
0.023 0.995 0.060 0.998 0.844 
0.012 0.996 0.122 0.980 0.978 
0.006 0.998 0.105 0.995 0.878 
0.054 0.996 0.039 0.985 0.959 
0.013 0.996 0.015 0.998 0.997 
0.016 0.995 0.016 0.998 0.853 
0.009 0.997 0.034 0.998 0.859 
0.017 0.995 0.029 0.990 0.988 
0.015 0.995 0.036 0.998 0.966 
0.012 0.996 0.117 0.998 0.972 
0.045 0.995 0.110 0.963 0.959 
0.016 0.995 0.031 0.990 0.866 
0.014 0.996 0.018 0.998 0.891 
0.013 0.995 0.021 0.998 0.809 
0.008 0.998 0.019 0.998 0.969 
0.010 0.997 0.016 0.998 0.966 
0.012 0.996 0.021 0.998 0.925 
0.024 0.992 0.045 0.983 0.931 
0.016 0.995 0.020 0.995 0.978 
0.018 0.995 0.032 0.998 0.994 
0.007 0.997 0.040 0.995 0.972 
0.017 0.995 0.022 0.995 1.000 
0.019 0.996 0.041 0.998 0.997 
0.015 0.996 0.142 0.998 1.000 
0.024 0.996 0.052 0.978 1.000 
0.007 0.999 0.031 0.995 1.000 
0.021 0.993 0.039 0.983 1.000 
0.014 0.995 0.048 0.988 1.000 
0.011 0.996 0.114 0.983 1.000 
0.028 0.993 0.032 0.985 0.978 
0.013 0.996 0.037 0.995 0.984 
0.013 0.996 0.064 0.998 0.906 
0.007 0.998 0.076 0.995 0.975 
0.004 0.999 0.063 0.978 0.994 
0.006 0.998 0.066 0.993 0.994 
0.022 0.995 0.040 0.998 0.978 
0.016 0.997 0.049 0.988 0.984 
0.028 0.995 0.028 0.998 1.000 
0.011 0.998 0.048 0.988 0.991 
0.017 0.993 0.052 0.980 0.941 
0.010 0.997 0.069 0.983 0.978 
0.014 0.996 0.049 0.993 1.000 
0.024 0.993 0.066 0.998 0.981 
0.011 0.998 0.038 0.998 0.984 
0.006 0.998 0.128 0.990 0.838 
0.039 0.993 0.026 0.993 1.000 
0.016 0.995 0.025 0.995 0.988 
0.005 0.999 0.021 0.995 0.981 
0.008 0.996 0.017 0.998 0.531 
0.009 0.998 0.038 0.998 0.891 
0.010 0.996 0.026 0.988 0.912 
0.016 0.995 0.052 0.983 0.984 
0.008 0.998 0.054 0.988 0.622 
0.009 0.998 0.022 0.995 1.000 
0.012 0.998 0.042 0.998 1.000 
0.009 0.998 0.021 0.998 0.834 
0.012 0.996 0.028 0.998 0.528 
0.017 0.995 0.082 0.983 1.000 
0.026 0.992 0.054 0.983 1.000 
0.012 0.996 0.035 0.990 0.966 
0.009 0.998 0.027 0.998 1.000 
0.016 0.996 0.025 0.998 0.978 
0.007 0.998 0.025 0.998 1.000 
0.012 0.995 0.027 0.990 1.000 
0.007 0.997 0.028 0.995 0.969 
0.017 0.996 0.016 0.998 1.000 
0.011 0.996 0.069 0.980 1.000 
0.012 0.998 0.029 0.990 1.000 
0.011 0.996 0.070 0.980 1.000 
0.022 0.996 0.022 0.998 1.000 
0.026 0.995 0.028 0.998 0.978 
0.012 0.998 0.018 0.998 0.966 
0.019 0.996 0.036 0.990 1.000 
0.022 0.993 0.059 0.975 0.959 
0.007 0.998 0.032 0.993 0.988 
0.018 0.995 0.022 0.998 0.956 
0.009 0.998 0.060 0.980 0.972 
0.015 0.996 0.029 0.990 1.000 
0.012 0.996 0.020 0.998 1.000 
0.014 0.996 0.134 0.950 0.859 
0.030 0.994 0.018 0.998 1.000 
0.013 0.996 0.016 0.998 1.000 
0.014 0.996 0.038 0.980 0.853 
0.011 0.997 0.014 0.998 1.000 
0.016 0.995 0.015 0.998 0.988 
0.008 0.997 0.015 0.998 0.362 
0.010 0.996 0.047 0.975 0.447 
0.020 0.993 0.022 0.998 1.000 
0.016 0.996 0.016 0.998 1.000 
0.009 0.997 0.016 0.998 1.000 
0.009 0.998 0.050 0.998 1.000 
0.017 0.996 0.017 0.998 1.000 
0.018 0.995 0.022 0.998 0.566 
0.025 0.994 0.031 0.998 0.188 
0.006 0.998 0.035 0.988 0.309 
0.016 0.996 0.035 0.990 0.641 
0.016 0.996 0.020 0.998 1.000 
0.057 0.993 0.021 0.993 0.997 
0.019 0.995 0.034 0.993 1.000 
0.011 0.997 0.027 0.998 1.000 
0.013 0.995 0.024 0.995 1.000 
0.011 0.996 0.026 0.998 1.000 
0.012 0.998 0.027 0.998 1.000 
0.011 0.995 0.031 0.995 1.000 
0.012 0.996 0.117 0.945 0.925 
0.010 0.998 0.017 0.998 1.000 
0.014 0.996 0.030 0.990 1.000 
0.016 0.996 0.024 0.995 1.000 
0.022 0.993 0.100 0.973 1.000 
0.015 0.997 0.049 0.998 1.000 
0.014 0.995 0.025 0.998 1.000 
0.021 0.996 0.126 0.958 0.994 
0.023 0.997 0.029 0.990 1.000 
0.011 0.997 0.026 0.993 1.000 
0.008 0.998 0.016 0.998 1.000 
0.018 0.995 0.017 0.998 0.981 
0.010 0.997 0.040 0.983 0.975 
0.014 0.996 0.016 0.998 0.991 
0.014 0.997 0.022 0.995 0.988 
