0.317 0.859 0.203 0.935 0.850 
0.217 0.918 0.140 0.948 0.920 
0.175 0.936 0.147 0.945 0.761 
0.155 0.950 0.137 0.953 0.997 
0.129 0.949 0.075 0.983 1.000 
0.129 0.960 0.126 0.948 0.987 
0.104 0.965 0.084 0.978 0.994 
0.118 0.959 0.088 0.980 1.000 
0.119 0.965 0.098 0.960 0.952 
0.094 0.970 0.074 0.978 0.997 
0.098 0.970 0.090 0.980 0.997 
0.093 0.973 0.112 0.980 0.924 
0.107 0.969 0.093 0.965 0.952 
0.106 0.971 0.076 0.980 0.997 
0.081 0.976 0.084 0.978 0.917 
0.080 0.976 0.096 0.980 0.975 
0.080 0.975 0.093 0.980 0.873 
0.083 0.974 0.073 0.980 0.994 
0.076 0.976 0.075 0.985 0.955 
0.086 0.970 0.072 0.983 0.978 
0.066 0.978 0.071 0.980 1.000 
0.065 0.980 0.089 0.970 0.994 
0.060 0.984 0.069 0.988 0.975 
0.065 0.978 0.057 0.983 1.000 
0.063 0.984 0.078 0.973 0.968 
0.064 0.979 0.099 0.960 0.997 
0.065 0.980 0.082 0.980 0.949 
0.060 0.982 0.078 0.983 0.901 
0.064 0.980 0.077 0.983 0.997 
0.069 0.979 0.079 0.975 1.000 
0.068 0.980 0.072 0.983 1.000 
0.048 0.984 0.062 0.983 1.000 
0.066 0.984 0.081 0.988 1.000 
0.057 0.982 0.066 0.983 0.984 
0.054 0.985 0.066 0.985 1.000 
0.061 0.983 0.077 0.980 1.000 
0.069 0.979 0.080 0.985 0.984 
0.056 0.986 0.055 0.985 0.990 
0.066 0.984 0.076 0.978 1.000 
0.064 0.981 0.076 0.975 0.971 
0.052 0.984 0.059 0.985 0.761 
0.054 0.985 0.075 0.978 0.545 
0.055 0.985 0.078 0.980 0.710 
0.075 0.979 0.069 0.990 0.895 
0.055 0.983 0.071 0.980 0.309 
0.047 0.988 0.065 0.985 1.000 
0.041 0.991 0.073 0.985 0.583 
0.038 0.989 0.158 0.963 1.000 
0.056 0.981 0.055 0.985 0.997 
0.047 0.986 0.059 0.983 0.917 
0.057 0.986 0.062 0.988 0.997 
0.058 0.986 0.065 0.978 1.000 
0.056 0.985 0.081 0.988 0.997 
0.067 0.982 0.064 0.985 0.876 
0.054 0.983 0.057 0.983 0.920 
0.043 0.986 0.059 0.983 1.000 
0.048 0.986 0.098 0.970 0.994 
0.044 0.985 0.062 0.983 0.682 
0.041 0.989 0.054 0.988 1.000 
0.041 0.990 0.060 0.983 1.000 
0.046 0.985 0.047 0.990 1.000 
0.041 0.988 0.059 0.983 1.000 
0.044 0.988 0.052 0.988 1.000 
0.040 0.988 0.067 0.985 1.000 
0.054 0.984 0.061 0.983 0.994 
0.039 0.988 0.060 0.983 1.000 
0.045 0.989 0.058 0.983 0.990 
0.054 0.985 0.071 0.990 0.994 
0.046 0.985 0.063 0.983 1.000 
0.051 0.988 0.060 0.983 0.987 
0.034 0.990 0.057 0.990 0.834 
0.045 0.985 0.052 0.985 0.981 
0.045 0.989 0.047 0.988 1.000 
0.050 0.985 0.059 0.988 1.000 
0.039 0.991 0.051 0.988 1.000 
0.053 0.987 0.065 0.988 1.000 
0.039 0.988 0.051 0.990 0.299 
0.043 0.989 0.053 0.988 0.997 
0.038 0.991 0.055 0.988 0.955 
0.031 0.992 0.057 0.985 0.987 
0.046 0.984 0.051 0.985 0.962 
0.045 0.988 0.050 0.988 0.876 
0.038 0.990 0.040 0.990 0.981 
0.035 0.991 0.066 0.983 0.965 
0.038 0.988 0.048 0.988 0.939 
0.052 0.986 0.060 0.980 1.000 
0.041 0.988 0.061 0.983 1.000 
0.045 0.987 0.052 0.985 0.997 
0.034 0.991 0.052 0.980 1.000 
0.041 0.986 0.047 0.990 0.955 
0.043 0.988 0.054 0.983 1.000 
0.034 0.992 0.067 0.983 0.994 
0.036 0.991 0.055 0.980 0.975 
0.047 0.985 0.055 0.988 0.599 
0.029 0.989 0.038 0.990 0.854 
0.044 0.989 0.054 0.985 1.000 
0.034 0.992 0.095 0.975 1.000 
0.037 0.991 0.050 0.990 0.863 
0.050 0.988 0.044 0.985 0.997 
0.028 0.992 0.056 0.988 0.981 
0.035 0.992 0.046 0.988 0.863 
0.031 0.992 0.061 0.988 1.000 
0.032 0.992 0.033 0.993 0.863 
0.034 0.991 0.038 0.988 0.981 
0.038 0.988 0.057 0.983 0.990 
0.049 0.988 0.053 0.983 0.955 
0.036 0.988 0.044 0.988 0.825 
0.035 0.988 0.051 0.985 0.987 
0.031 0.991 0.051 0.985 1.000 
0.041 0.987 0.045 0.993 0.975 
0.031 0.992 0.049 0.988 0.994 
0.046 0.986 0.062 0.990 1.000 
0.033 0.989 0.043 0.985 1.000 
0.039 0.991 0.043 0.988 1.000 
0.039 0.988 0.047 0.985 1.000 
0.041 0.988 0.050 0.990 0.959 
0.023 0.994 0.036 0.988 0.790 
0.050 0.989 0.044 0.990 0.978 
0.039 0.989 0.037 0.993 0.984 
0.036 0.991 0.027 0.993 0.975 
0.037 0.990 0.041 0.990 0.939 
0.036 0.990 0.040 0.990 0.971 
0.041 0.988 0.046 0.990 0.812 
0.040 0.988 0.038 0.990 0.981 
0.032 0.992 0.046 0.990 0.955 
0.039 0.991 0.041 0.993 0.975 
0.040 0.991 0.058 0.978 0.997 
0.033 0.992 0.042 0.990 0.994 
0.039 0.990 0.046 0.988 0.949 
0.033 0.992 0.040 0.990 0.978 
0.039 0.988 0.092 0.955 1.000 
0.036 0.990 0.046 0.985 0.959 
0.025 0.995 0.040 0.988 1.000 
0.040 0.987 0.031 0.990 0.933 
0.034 0.990 0.039 0.993 0.990 
0.029 0.991 0.034 0.990 0.911 
0.043 0.989 0.041 0.990 0.978 
0.035 0.990 0.054 0.990 1.000 
0.043 0.989 0.045 0.990 0.277 
0.035 0.990 0.056 0.985 0.990 
0.036 0.990 0.045 0.988 0.987 
0.033 0.990 0.053 0.983 1.000 
0.033 0.989 0.051 0.983 0.338 
0.027 0.992 0.049 0.988 0.984 
0.031 0.992 0.046 0.988 1.000 
0.040 0.989 0.039 0.990 0.847 
0.031 0.991 0.032 0.993 0.927 
0.034 0.989 0.038 0.990 0.987 
0.030 0.992 0.044 0.985 0.994 
0.029 0.993 0.078 0.975 0.994 
0.028 0.992 0.042 0.990 0.978 
0.020 0.996 0.035 0.990 1.000 
0.029 0.992 0.037 0.993 0.971 
0.033 0.992 0.034 0.993 0.984 
0.046 0.986 0.040 0.985 0.997 
0.040 0.989 0.046 0.990 0.990 
0.029 0.992 0.054 0.983 0.863 
0.025 0.995 0.042 0.995 0.978 
0.041 0.989 0.030 0.993 0.990 
0.032 0.991 0.032 0.993 0.981 
0.037 0.990 0.034 0.990 1.000 
0.030 0.991 0.049 0.983 0.990 
0.037 0.990 0.064 0.985 0.745 
0.029 0.993 0.044 0.990 0.997 
0.032 0.990 0.039 0.990 0.987 
0.036 0.990 0.047 0.990 0.924 
0.026 0.991 0.043 0.993 0.997 
0.037 0.991 0.047 0.983 0.997 
0.033 0.991 0.050 0.985 0.978 
0.043 0.991 0.062 0.993 0.898 
0.031 0.989 0.034 0.983 1.000 
0.029 0.992 0.047 0.983 0.978 
0.031 0.992 0.030 0.993 0.997 
0.037 0.989 0.037 0.993 0.541 
0.043 0.991 0.048 0.985 1.000 
0.040 0.989 0.038 0.985 1.000 
0.021 0.996 0.040 0.985 0.847 
0.043 0.988 0.043 0.988 1.000 
0.036 0.992 0.071 0.970 0.984 
0.025 0.995 0.030 0.993 0.003 
0.026 0.992 0.045 0.988 1.000 
0.028 0.993 0.036 0.990 0.997 
0.027 0.993 0.039 0.990 0.981 
0.021 0.995 0.033 0.993 0.911 
0.033 0.992 0.040 0.993 0.990 
0.028 0.995 0.040 0.990 0.997 
0.027 0.992 0.044 0.990 1.000 
0.024 0.993 0.039 0.993 1.000 
0.031 0.991 0.056 0.983 1.000 
0.030 0.990 0.050 0.990 0.997 
0.025 0.992 0.040 0.990 1.000 
0.031 0.990 0.036 0.993 1.000 
0.038 0.989 0.034 0.993 0.997 
0.029 0.993 0.030 0.993 0.997 
0.027 0.992 0.016 0.995 0.812 
0.031 0.993 0.036 0.993 0.987 
0.029 0.993 0.035 0.993 0.994 
0.024 0.995 0.040 0.990 0.997 
0.030 0.992 0.030 0.993 0.968 
0.033 0.993 0.058 0.983 0.990 
0.028 0.992 0.043 0.985 1.000 
0.033 0.990 0.029 0.993 0.978 
0.026 0.995 0.043 0.988 0.990 
0.028 0.992 0.020 0.995 0.831 
0.024 0.992 0.026 0.993 0.990 
0.032 0.992 0.053 0.993 0.987 
0.022 0.993 0.039 0.990 0.959 
0.027 0.991 0.040 0.990 0.978 
0.028 0.991 0.040 0.990 0.939 
0.032 0.991 0.055 0.980 0.959 
0.040 0.991 0.039 0.983 0.975 
0.024 0.993 0.029 0.993 1.000 
0.025 0.994 0.024 0.995 0.994 
0.029 0.992 0.028 0.993 0.990 
0.032 0.992 0.037 0.993 0.984 
0.030 0.991 0.037 0.990 0.981 
0.029 0.990 0.045 0.988 1.000 
0.028 0.992 0.030 0.990 0.990 
0.022 0.996 0.045 0.985 0.987 
0.028 0.993 0.042 0.988 0.975 
0.027 0.993 0.051 0.988 1.000 
0.035 0.992 0.039 0.990 1.000 
0.029 0.992 0.031 0.993 1.000 
0.026 0.993 0.057 0.985 0.981 
0.031 0.990 0.056 0.983 0.990 
0.043 0.988 0.042 0.990 1.000 
0.030 0.993 0.031 0.990 1.000 
0.028 0.992 0.044 0.990 0.984 
0.027 0.993 0.034 0.993 1.000 
0.021 0.993 0.034 0.990 1.000 
0.030 0.992 0.044 0.990 1.000 
0.027 0.992 0.028 0.995 1.000 
0.034 0.990 0.052 0.990 1.000 
0.034 0.992 0.031 0.993 0.997 
0.024 0.995 0.032 0.993 0.962 
0.028 0.993 0.034 0.990 0.978 
0.028 0.992 0.030 0.993 1.000 
0.021 0.995 0.035 0.990 0.987 
0.034 0.991 0.032 0.988 0.975 
0.029 0.991 0.071 0.993 0.815 
0.037 0.993 0.043 0.988 1.000 
0.020 0.994 0.038 0.990 1.000 
0.030 0.991 0.038 0.988 1.000 
0.030 0.991 0.033 0.988 1.000 
0.033 0.993 0.044 0.993 1.000 
0.025 0.991 0.037 0.988 1.000 
0.022 0.995 0.022 0.990 1.000 
0.034 0.991 0.041 0.990 0.994 
0.019 0.995 0.038 0.988 1.000 
0.022 0.993 0.030 0.995 1.000 
0.029 0.993 0.034 0.988 0.994 
0.022 0.993 0.030 0.993 1.000 
0.025 0.994 0.069 0.973 1.000 
0.029 0.993 0.029 0.993 1.000 
0.025 0.995 0.028 0.990 1.000 
0.025 0.992 0.041 0.990 0.968 
0.026 0.992 0.045 0.988 1.000 
0.020 0.993 0.047 0.985 0.994 
0.033 0.992 0.030 0.993 1.000 
0.017 0.996 0.031 0.990 0.997 
0.028 0.992 0.029 0.993 0.987 
0.027 0.991 0.046 0.985 1.000 
0.023 0.993 0.040 0.990 0.994 
0.021 0.995 0.044 0.988 1.000 
0.024 0.994 0.034 0.990 1.000 
0.025 0.993 0.037 0.993 1.000 
0.023 0.993 0.053 0.988 1.000 
0.025 0.991 0.034 0.990 1.000 
0.030 0.990 0.032 0.988 0.994 
0.027 0.990 0.032 0.990 1.000 
0.026 0.994 0.039 0.985 1.000 
0.025 0.991 0.034 0.993 0.997 
0.029 0.993 0.043 0.988 0.978 
0.022 0.995 0.039 0.990 0.933 
0.026 0.995 0.043 0.990 0.997 
0.029 0.992 0.035 0.990 1.000 
0.027 0.993 0.039 0.990 0.987 
0.019 0.993 0.031 0.990 0.984 
0.019 0.995 0.036 0.988 0.971 
0.025 0.992 0.037 0.990 0.994 
0.040 0.991 0.037 0.990 0.978 
0.030 0.994 0.035 0.988 0.994 
0.020 0.996 0.025 0.993 0.990 
0.016 0.992 0.039 0.988 0.990 
0.038 0.990 0.040 0.985 0.920 
0.018 0.994 0.039 0.988 0.994 
0.019 0.995 0.034 0.990 0.994 
0.020 0.992 0.033 0.993 0.990 
0.023 0.992 0.030 0.993 1.000 
0.038 0.993 0.057 0.980 0.994 
0.035 0.993 0.050 0.988 0.997 
0.024 0.994 0.038 0.988 1.000 
0.020 0.993 0.035 0.990 1.000 
0.020 0.996 0.035 0.990 1.000 
0.021 0.996 0.058 0.983 1.000 
0.025 0.992 0.023 0.993 1.000 
0.019 0.992 0.035 0.990 1.000 
0.032 0.991 0.045 0.990 1.000 
0.026 0.992 0.032 0.990 1.000 
0.021 0.994 0.031 0.990 1.000 
0.019 0.995 0.035 0.990 1.000 
0.019 0.993 0.032 0.990 1.000 
0.014 0.996 0.029 0.993 1.000 
0.020 0.993 0.036 0.990 1.000 
0.015 0.996 0.036 0.995 1.000 
0.026 0.991 0.021 0.998 1.000 
0.025 0.992 0.045 0.990 0.997 
0.020 0.994 0.028 0.990 1.000 
0.025 0.993 0.038 0.988 1.000 
0.016 0.997 0.031 0.990 1.000 
0.025 0.994 0.039 0.990 1.000 
0.022 0.993 0.029 0.993 0.997 
0.015 0.996 0.025 0.990 0.994 
0.024 0.992 0.028 0.990 1.000 
0.028 0.993 0.027 0.995 0.997 
0.029 0.991 0.042 0.993 1.000 
0.021 0.994 0.036 0.990 1.000 
0.024 0.993 0.064 0.993 1.000 
0.036 0.990 0.028 0.990 1.000 
0.016 0.996 0.030 0.990 1.000 
0.020 0.992 0.022 0.990 1.000 
0.020 0.995 0.040 0.988 1.000 
0.023 0.990 0.031 0.990 1.000 
0.017 0.992 0.028 0.993 1.000 
0.019 0.993 0.029 0.988 1.000 
0.020 0.996 0.035 0.993 0.971 
0.030 0.994 0.055 0.988 0.987 
0.028 0.991 0.050 0.990 0.984 
0.020 0.992 0.032 0.988 1.000 
0.023 0.995 0.034 0.990 1.000 
0.033 0.992 0.054 0.985 0.994 
0.019 0.995 0.045 0.988 1.000 
0.014 0.996 0.043 0.985 1.000 
0.022 0.996 0.032 0.993 0.997 
0.017 0.993 0.020 0.993 0.990 
0.015 0.995 0.025 0.990 0.962 
0.013 0.996 0.049 0.990 1.000 
0.017 0.995 0.028 0.990 1.000 
0.017 0.995 0.033 0.985 1.000 
0.025 0.992 0.036 0.988 0.994 
0.025 0.992 0.082 0.963 0.997 
0.018 0.993 0.031 0.990 1.000 
0.022 0.993 0.035 0.990 0.984 
0.018 0.995 0.033 0.990 0.987 
0.023 0.995 0.034 0.988 0.984 
0.030 0.992 0.068 0.973 0.997 
0.022 0.995 0.020 0.995 1.000 
0.042 0.991 0.039 0.988 1.000 
0.023 0.995 0.038 0.988 0.987 
0.012 0.996 0.028 0.990 1.000 
0.020 0.992 0.039 0.988 0.997 
0.017 0.995 0.029 0.990 1.000 
0.019 0.995 0.022 0.993 0.997 
0.025 0.991 0.029 0.993 0.997 
0.031 0.993 0.067 0.975 0.987 
0.016 0.996 0.037 0.988 1.000 
0.017 0.994 0.030 0.988 0.997 
0.029 0.989 0.029 0.993 1.000 
0.017 0.995 0.031 0.990 0.994 
0.027 0.995 0.028 0.993 0.984 
0.024 0.995 0.028 0.990 1.000 
0.015 0.995 0.027 0.993 0.984 
0.024 0.993 0.040 0.985 1.000 
0.017 0.995 0.029 0.990 0.997 
0.023 0.997 0.034 0.993 0.981 
0.025 0.992 0.029 0.990 0.994 
0.024 0.991 0.030 0.988 0.997 
0.023 0.994 0.034 0.988 0.990 
0.016 0.993 0.028 0.988 1.000 
0.023 0.993 0.022 0.993 1.000 
0.024 0.995 0.036 0.990 1.000 
0.023 0.993 0.037 0.988 1.000 
0.023 0.995 0.025 0.993 0.997 
0.015 0.996 0.023 0.993 1.000 
0.020 0.995 0.025 0.993 1.000 
0.018 0.995 0.066 0.983 0.981 
0.040 0.990 0.037 0.993 1.000 
0.041 0.990 0.040 0.985 1.000 
0.026 0.993 0.050 0.988 1.000 
0.036 0.994 0.037 0.988 1.000 
0.024 0.992 0.038 0.988 1.000 
0.016 0.996 0.032 0.988 1.000 
0.017 0.996 0.034 0.988 1.000 
0.014 0.995 0.029 0.988 1.000 
0.034 0.990 0.051 0.983 0.994 
0.022 0.995 0.035 0.990 1.000 
0.012 0.995 0.025 0.993 0.978 
0.024 0.993 0.037 0.985 0.997 
0.016 0.996 0.033 0.988 1.000 
0.020 0.994 0.031 0.988 0.978 
0.019 0.992 0.043 0.985 0.997 
0.017 0.995 0.041 0.985 1.000 
0.014 0.996 0.032 0.990 1.000 
0.024 0.993 0.040 0.985 1.000 
0.030 0.990 0.031 0.990 1.000 
0.020 0.995 0.042 0.985 1.000 
0.033 0.992 0.044 0.990 1.000 
0.028 0.992 0.022 0.993 0.994 
0.019 0.993 0.034 0.990 1.000 
0.024 0.993 0.033 0.990 1.000 
0.019 0.995 0.034 0.990 1.000 
0.019 0.995 0.045 0.988 1.000 
0.024 0.993 0.030 0.990 0.997 
0.024 0.992 0.038 0.988 1.000 
0.032 0.992 0.022 0.990 1.000 
0.018 0.995 0.043 0.993 1.000 
0.023 0.995 0.049 0.985 0.994 
0.019 0.993 0.036 0.988 1.000 
0.015 0.995 0.031 0.990 0.978 
0.022 0.992 0.028 0.988 1.000 
0.014 0.996 0.045 0.988 0.990 
0.021 0.995 0.020 0.993 1.000 
0.025 0.993 0.035 0.988 0.987 
0.024 0.995 0.029 0.988 1.000 
0.023 0.993 0.042 0.985 0.981 
0.023 0.989 0.030 0.990 1.000 
0.020 0.994 0.029 0.993 1.000 
0.014 0.995 0.033 0.990 1.000 
0.018 0.993 0.024 0.995 1.000 
0.024 0.995 0.034 0.988 0.971 
0.016 0.996 0.037 0.988 1.000 
0.018 0.994 0.017 0.993 0.981 
0.018 0.994 0.030 0.988 0.994 
0.018 0.995 0.029 0.990 1.000 
0.025 0.996 0.023 0.993 0.997 
0.017 0.994 0.021 0.993 0.984 
0.010 0.997 0.045 0.993 0.984 
0.015 0.995 0.021 0.993 0.981 
0.026 0.993 0.023 0.993 0.987 
0.023 0.993 0.021 0.993 0.994 
0.025 0.992 0.024 0.993 0.987 
0.022 0.995 0.021 0.993 0.987 
0.025 0.994 0.031 0.988 0.971 
0.018 0.996 0.034 0.985 0.981 
0.018 0.994 0.034 0.988 0.978 
0.027 0.991 0.026 0.993 1.000 
0.020 0.995 0.019 0.995 0.987 
0.020 0.992 0.038 0.985 1.000 
0.019 0.993 0.029 0.993 1.000 
0.031 0.994 0.020 0.993 1.000 
0.011 0.995 0.031 0.988 1.000 
0.024 0.994 0.033 0.988 1.000 
0.019 0.995 0.034 0.990 0.997 
0.023 0.993 0.023 0.995 1.000 
0.021 0.995 0.032 0.988 1.000 
0.022 0.994 0.029 0.988 0.978 
0.011 0.996 0.022 0.993 1.000 
0.025 0.991 0.026 0.988 1.000 
0.015 0.994 0.128 0.948 0.997 
0.021 0.992 0.024 0.990 0.997 
0.017 0.996 0.024 0.993 1.000 
0.015 0.996 0.037 0.988 0.984 
0.014 0.995 0.025 0.990 1.000 
0.019 0.995 0.022 0.995 1.000 
0.019 0.995 0.018 0.995 0.971 
0.018 0.995 0.025 0.993 1.000 
0.019 0.993 0.017 0.998 1.000 
0.023 0.993 0.023 0.995 0.997 
0.015 0.996 0.026 0.990 1.000 
0.016 0.995 0.026 0.988 1.000 
0.035 0.987 0.027 0.993 1.000 
0.022 0.995 0.027 0.993 1.000 
0.022 0.995 0.060 0.975 1.000 
0.017 0.995 0.039 0.983 1.000 
0.034 0.993 0.028 0.990 1.000 
0.022 0.995 0.033 0.988 1.000 
0.026 0.995 0.032 0.995 1.000 
0.019 0.994 0.056 0.980 0.984 
0.023 0.991 0.020 0.995 0.834 
0.019 0.995 0.027 0.993 0.990 
0.014 0.995 0.018 0.993 1.000 
0.025 0.995 0.034 0.985 0.997 
0.021 0.994 0.045 0.985 1.000 
0.024 0.992 0.042 0.985 1.000 
0.029 0.993 0.035 0.985 1.000 
0.025 0.994 0.043 0.985 1.000 
0.015 0.996 0.034 0.985 1.000 
0.027 0.994 0.047 0.983 1.000 
0.023 0.993 0.028 0.995 1.000 
0.024 0.993 0.035 0.985 1.000 
0.020 0.993 0.049 0.983 1.000 
0.016 0.995 0.035 0.985 1.000 
0.020 0.995 0.043 0.983 1.000 
0.016 0.996 0.090 0.963 0.981 
0.013 0.996 0.021 0.995 1.000 
0.020 0.993 0.036 0.988 0.997 
0.020 0.996 0.016 0.998 1.000 
0.025 0.993 0.031 0.990 1.000 
0.034 0.989 0.030 0.988 0.997 
0.016 0.995 0.026 0.990 1.000 
0.017 0.995 0.027 0.990 0.994 
0.021 0.992 0.027 0.988 0.994 
0.023 0.993 0.043 0.985 0.997 
0.022 0.996 0.028 0.990 0.981 
0.019 0.995 0.044 0.988 0.981 
0.019 0.995 0.030 0.988 0.987 
0.020 0.994 0.021 0.993 0.997 
0.016 0.996 0.024 0.990 0.978 
0.013 0.996 0.026 0.993 0.978 
0.014 0.997 0.026 0.990 0.978 
0.015 0.996 0.026 0.993 0.975 
0.019 0.993 0.037 0.990 0.978 
0.029 0.993 0.038 0.988 0.984 
0.014 0.997 0.051 0.983 0.975 
0.012 0.997 0.021 0.993 0.981 
0.030 0.994 0.034 0.990 0.987 
0.023 0.993 0.027 0.993 0.971 
0.010 0.997 0.025 0.993 0.997 
0.017 0.993 0.046 0.988 1.000 
0.030 0.991 0.033 0.990 1.000 
0.028 0.995 0.036 0.988 0.997 
0.022 0.993 0.040 0.990 0.984 
0.024 0.993 0.046 0.985 0.994 
0.025 0.992 0.026 0.995 0.994 
0.013 0.996 0.022 0.993 0.997 
0.023 0.992 0.049 0.983 0.997 
0.014 0.996 0.030 0.993 0.981 
0.033 0.994 0.046 0.983 0.975 
0.011 0.997 0.017 0.995 1.000 
0.023 0.993 0.022 0.995 1.000 
0.027 0.993 0.028 0.988 1.000 
0.020 0.992 0.029 0.993 0.994 
0.021 0.995 0.025 0.993 1.000 
0.020 0.993 0.022 0.993 1.000 
0.032 0.995 0.036 0.985 0.987 
0.017 0.993 0.032 0.988 0.959 
0.022 0.993 0.034 0.990 0.978 
0.011 0.996 0.029 0.990 0.981 
0.012 0.996 0.030 0.990 0.990 
0.015 0.995 0.039 0.988 0.997 
0.017 0.995 0.026 0.990 0.997 
0.024 0.994 0.021 0.995 0.984 
0.011 0.996 0.021 0.995 1.000 
0.020 0.993 0.027 0.990 0.978 
0.022 0.995 0.044 0.983 0.971 
0.032 0.995 0.023 0.995 0.990 
0.015 0.996 0.033 0.988 1.000 
0.019 0.992 0.024 0.995 1.000 
0.019 0.994 0.031 0.990 1.000 
0.017 0.995 0.023 0.993 1.000 
0.020 0.993 0.022 0.990 0.984 
0.018 0.994 0.027 0.990 1.000 
0.014 0.998 0.031 0.990 1.000 
0.019 0.995 0.037 0.988 1.000 
0.021 0.992 0.032 0.990 1.000 
0.017 0.995 0.034 0.988 1.000 
0.014 0.996 0.028 0.995 1.000 
0.014 0.995 0.032 0.985 1.000 
0.016 0.995 0.024 0.990 1.000 
0.016 0.996 0.020 0.990 1.000 
0.017 0.995 0.030 0.988 1.000 
0.012 0.997 0.024 0.988 1.000 
0.029 0.995 0.026 0.990 0.997 
0.009 0.996 0.029 0.990 0.997 
0.012 0.997 0.046 0.988 0.990 
0.014 0.995 0.022 0.993 1.000 
0.022 0.993 0.030 0.990 1.000 
0.023 0.993 0.022 0.995 0.987 
0.014 0.996 0.031 0.990 0.994 
0.024 0.995 0.028 0.988 0.978 
0.025 0.994 0.071 0.973 0.990 
0.014 0.996 0.031 0.988 0.990 
0.014 0.997 0.033 0.990 0.981 
0.020 0.995 0.034 0.985 1.000 
0.016 0.993 0.032 0.988 1.000 
0.024 0.992 0.027 0.990 0.997 
0.015 0.995 0.033 0.990 0.990 
0.025 0.991 0.034 0.985 0.994 
0.021 0.995 0.038 0.985 0.997 
0.019 0.995 0.055 0.985 1.000 
0.018 0.995 0.035 0.990 1.000 
0.014 0.995 0.022 0.990 0.994 
0.016 0.996 0.026 0.990 1.000 
0.014 0.995 0.023 0.998 1.000 
0.010 0.998 0.022 0.993 1.000 
0.016 0.995 0.025 0.990 1.000 
0.018 0.996 0.045 0.985 0.981 
0.022 0.994 0.036 0.985 1.000 
0.016 0.994 0.026 0.993 0.981 
0.059 0.996 0.053 0.985 1.000 
0.010 0.998 0.043 0.990 1.000 
0.017 0.993 0.025 0.993 1.000 
0.008 0.997 0.039 0.988 1.000 
0.013 0.996 0.071 0.983 1.000 
0.027 0.993 0.031 0.988 0.997 
0.017 0.995 0.019 0.998 1.000 
0.015 0.997 0.018 0.998 1.000 
0.016 0.996 0.022 0.995 1.000 
0.026 0.995 0.049 0.985 1.000 
0.015 0.993 0.027 0.993 1.000 
0.015 0.995 0.034 0.988 1.000 
0.021 0.990 0.022 0.990 0.997 
0.022 0.991 0.024 0.990 0.997 
0.021 0.992 0.047 0.985 0.968 
0.020 0.996 0.029 0.990 0.978 
0.018 0.995 0.020 0.993 0.975 
0.023 0.994 0.045 0.983 0.990 
0.020 0.993 0.037 0.988 0.987 
0.016 0.997 0.037 0.988 0.984 
0.031 0.993 0.040 0.990 0.987 
0.007 0.999 0.025 0.993 0.978 
0.014 0.995 0.025 0.993 0.978 
0.019 0.994 0.029 0.990 1.000 
0.016 0.994 0.041 0.988 1.000 
0.018 0.996 0.035 0.990 0.978 
0.017 0.996 0.017 0.998 1.000 
0.020 0.993 0.031 0.990 0.997 
0.022 0.993 0.018 0.998 0.997 
0.020 0.995 0.039 0.985 0.955 
0.020 0.995 0.025 0.990 1.000 
0.015 0.995 0.025 0.988 0.975 
0.023 0.993 0.027 0.990 0.997 
0.022 0.994 0.030 0.988 0.997 
0.012 0.996 0.023 0.990 0.994 
0.007 0.997 0.018 0.995 0.990 
0.013 0.997 0.036 0.988 0.981 
0.026 0.993 0.051 0.985 0.978 
0.024 0.990 0.021 0.993 1.000 
0.014 0.995 0.042 0.983 0.994 
0.011 0.998 0.037 0.988 1.000 
0.016 0.995 0.021 0.993 0.997 
0.029 0.992 0.027 0.990 0.971 
0.017 0.997 0.030 0.988 1.000 
0.013 0.996 0.025 0.993 0.971 
0.017 0.996 0.024 0.990 1.000 
0.019 0.995 0.021 0.995 0.978 
0.011 0.997 0.023 0.993 0.997 
0.019 0.994 0.025 0.990 1.000 
0.023 0.995 0.040 0.988 0.984 
0.012 0.997 0.023 0.990 1.000 
0.011 0.996 0.045 0.988 0.997 
0.024 0.992 0.077 0.980 0.978 
0.021 0.992 0.036 0.988 1.000 
0.019 0.993 0.024 0.993 0.997 
0.015 0.996 0.026 0.993 1.000 
0.012 0.996 0.019 0.993 0.994 
0.014 0.995 0.022 0.993 0.990 
0.021 0.993 0.025 0.993 0.994 
0.011 0.996 0.019 0.995 0.997 
0.015 0.995 0.027 0.990 1.000 
0.015 0.993 0.023 0.993 0.984 
0.012 0.996 0.019 0.995 0.987 
0.013 0.995 0.021 0.993 0.990 
0.022 0.993 0.021 0.993 0.997 
0.014 0.992 0.042 0.990 0.952 
0.010 0.997 0.022 0.993 0.978 
0.016 0.997 0.032 0.990 0.971 
0.028 0.992 0.025 0.993 0.981 
0.028 0.997 0.026 0.993 0.997 
0.037 0.995 0.026 0.993 0.994 
0.014 0.997 0.035 0.993 0.994 
0.011 0.996 0.063 0.985 0.994 
0.021 0.992 0.037 0.988 0.997 
0.024 0.991 0.032 0.988 0.994 
0.014 0.995 0.027 0.990 0.978 
0.012 0.996 0.018 0.990 0.978 
0.024 0.993 0.022 0.993 0.994 
0.008 0.998 0.020 0.995 0.981 
0.020 0.996 0.034 0.990 0.978 
0.018 0.993 0.037 0.988 0.997 
0.014 0.995 0.018 0.990 0.997 
0.009 0.997 0.023 0.993 0.984 
0.022 0.992 0.029 0.990 0.990 
0.013 0.996 0.045 0.988 0.984 
0.021 0.996 0.055 0.983 0.955 
0.035 0.992 0.023 0.988 0.997 
0.020 0.992 0.062 0.978 1.000 
0.015 0.994 0.017 0.993 0.994 
0.019 0.995 0.017 0.993 0.997 
0.013 0.997 0.017 0.995 0.997 
0.019 0.993 0.025 0.990 0.997 
0.012 0.996 0.024 0.993 0.990 
0.011 0.997 0.027 0.990 0.994 
0.020 0.993 0.062 0.983 0.981 
0.013 0.996 0.037 0.985 0.990 
0.009 0.996 0.034 0.990 0.990 
0.017 0.995 0.017 0.995 0.987 
0.015 0.995 0.054 0.985 0.994 
0.028 0.993 0.034 0.990 0.987 
0.020 0.996 0.016 0.995 0.994 
0.026 0.992 0.091 0.988 0.975 
0.026 0.994 0.043 0.988 0.981 
0.012 0.997 0.023 0.990 0.981 
0.043 0.992 0.025 0.993 0.997 
0.036 0.989 0.026 0.993 0.987 
0.017 0.994 0.036 0.988 0.984 
0.010 0.995 0.021 0.995 0.978 
0.024 0.994 0.037 0.988 0.981 
0.020 0.994 0.040 0.985 0.978 
0.008 0.998 0.027 0.990 0.978 
0.035 0.991 0.021 0.993 0.997 
0.017 0.994 0.070 0.978 0.946 
0.018 0.995 0.037 0.995 0.994 
0.013 0.995 0.028 0.990 0.959 
0.020 0.993 0.051 0.990 0.978 
0.045 0.990 0.068 0.970 1.000 
0.021 0.992 0.025 0.995 0.997 
0.010 0.998 0.058 0.985 0.978 
0.013 0.995 0.034 0.993 0.978 
0.029 0.994 0.048 0.988 0.971 
0.016 0.993 0.030 0.993 1.000 
0.009 0.995 0.038 0.993 0.981 
0.018 0.997 0.030 0.995 0.990 
0.019 0.993 0.036 0.988 1.000 
0.016 0.996 0.037 0.988 1.000 
0.018 0.994 0.019 0.995 1.000 
0.018 0.993 0.036 0.990 0.949 
0.019 0.995 0.026 0.993 0.978 
0.007 0.996 0.032 0.993 0.978 
0.015 0.995 0.044 0.988 0.975 
0.018 0.995 0.024 0.993 0.994 
0.013 0.996 0.022 0.995 0.997 
0.010 0.997 0.030 0.993 1.000 
0.009 0.997 0.023 0.993 1.000 
0.016 0.995 0.031 0.988 0.997 
0.017 0.995 0.023 0.995 0.984 
0.021 0.995 0.047 0.988 0.997 
0.022 0.993 0.111 0.958 0.981 
0.016 0.995 0.026 0.990 0.990 
0.013 0.997 0.033 0.988 1.000 
0.018 0.995 0.037 0.988 0.997 
0.017 0.995 0.033 0.990 1.000 
0.014 0.996 0.032 0.990 1.000 
0.005 0.999 0.068 0.980 1.000 
0.014 0.996 0.032 0.995 0.997 
0.019 0.993 0.024 0.993 0.994 
0.010 0.997 0.024 0.995 0.997 
0.015 0.996 0.032 0.993 0.997 
0.016 0.995 0.030 0.990 0.997 
0.015 0.996 0.036 0.988 0.892 
0.012 0.997 0.020 0.995 1.000 
0.008 0.998 0.018 0.995 1.000 
0.018 0.993 0.022 0.990 0.994 
0.020 0.993 0.022 0.993 0.984 
0.015 0.996 0.033 0.988 0.981 
0.022 0.993 0.034 0.990 0.994 
0.019 0.993 0.024 0.993 0.994 
0.026 0.992 0.026 0.990 0.978 
0.022 0.996 0.024 0.990 0.981 
0.018 0.995 0.030 0.985 0.936 
0.017 0.994 0.021 0.995 0.978 
0.020 0.993 0.031 0.990 0.981 
0.013 0.995 0.029 0.990 0.959 
0.013 0.997 0.020 0.993 0.981 
0.022 0.993 0.033 0.988 0.978 
0.020 0.994 0.047 0.985 0.952 
0.015 0.996 0.024 0.993 0.981 
0.012 0.996 0.030 0.990 0.981 
0.010 0.997 0.027 0.990 0.978 
0.021 0.995 0.048 0.988 0.978 
0.028 0.991 0.036 0.988 0.994 
0.015 0.994 0.031 0.990 1.000 
0.013 0.997 0.047 0.985 0.994 
0.017 0.995 0.028 0.990 0.994 
0.015 0.994 0.029 0.988 0.997 
0.015 0.996 0.022 0.990 0.994 
0.009 0.996 0.018 0.993 1.000 
0.024 0.994 0.031 0.993 0.987 
0.016 0.997 0.032 0.990 1.000 
0.011 0.996 0.032 0.990 0.997 
0.021 0.992 0.022 0.990 0.994 
0.019 0.996 0.026 0.990 0.994 
0.009 0.996 0.020 0.995 0.987 
0.008 0.998 0.044 0.990 0.997 
0.020 0.996 0.023 0.993 0.994 
0.022 0.995 0.040 0.983 0.990 
0.032 0.993 0.041 0.988 0.994 
0.014 0.995 0.026 0.998 0.984 
0.021 0.993 0.020 0.993 0.997 
0.011 0.995 0.038 0.990 1.000 
0.017 0.995 0.023 0.993 1.000 
0.013 0.995 0.032 0.988 0.984 
0.011 0.998 0.020 0.993 0.997 
0.011 0.997 0.018 0.995 0.990 
0.010 0.995 0.029 0.995 1.000 
0.028 0.996 0.041 0.985 0.994 
0.009 0.997 0.019 0.993 0.990 
0.018 0.995 0.040 0.985 0.981 
0.018 0.996 0.018 0.998 0.981 
0.021 0.997 0.034 0.985 0.990 
0.018 0.997 0.031 0.988 0.990 
0.016 0.995 0.049 0.983 0.994 
0.015 0.997 0.020 0.993 0.997 
0.015 0.995 0.027 0.988 0.997 
0.009 0.997 0.045 0.988 0.978 
0.020 0.993 0.053 0.985 0.933 
0.027 0.993 0.035 0.988 0.997 
0.012 0.996 0.019 0.993 0.997 
0.010 0.997 0.026 0.993 0.981 
0.015 0.995 0.018 0.995 0.997 
0.015 0.994 0.038 0.990 0.933 
0.012 0.996 0.018 0.993 0.975 
0.008 0.998 0.030 0.993 0.968 
0.021 0.993 0.024 0.993 0.990 
0.034 0.990 0.024 0.993 0.997 
0.014 0.997 0.035 0.985 1.000 
0.010 0.997 0.020 0.995 0.997 
0.013 0.996 0.020 0.995 0.997 
0.019 0.993 0.040 0.990 0.997 
0.015 0.996 0.035 0.993 0.965 
0.019 0.994 0.020 0.998 0.997 
0.011 0.997 0.036 0.993 0.994 
0.018 0.994 0.038 0.988 0.997 
0.013 0.996 0.020 0.993 0.997 
0.019 0.994 0.031 0.993 0.975 
0.018 0.995 0.023 0.993 0.975 
0.005 0.999 0.027 0.993 0.914 
0.006 0.999 0.039 0.993 0.965 
0.011 0.997 0.024 0.995 0.990 
0.011 0.996 0.030 0.993 0.962 
0.017 0.995 0.023 0.995 0.662 
0.008 0.998 0.024 0.993 0.990 
0.016 0.995 0.025 0.990 0.962 
0.013 0.996 0.015 0.995 0.994 
0.012 0.996 0.034 0.990 0.981 
0.020 0.994 0.033 0.990 0.987 
0.017 0.996 0.021 0.995 0.984 
0.012 0.997 0.022 0.995 0.981 
0.022 0.996 0.023 0.993 0.981 
0.012 0.996 0.030 0.993 0.952 
0.030 0.993 0.050 0.990 0.908 
0.036 0.991 0.024 0.993 0.952 
0.017 0.995 0.020 0.995 0.987 
0.020 0.993 0.036 0.993 0.876 
0.007 0.998 0.031 0.990 0.997 
0.021 0.995 0.046 0.988 0.997 
0.019 0.993 0.036 0.993 0.959 
0.017 0.995 0.017 0.995 0.994 
0.017 0.993 0.023 0.990 0.984 
0.012 0.996 0.016 0.995 0.981 
0.014 0.995 0.027 0.990 0.978 
0.021 0.993 0.022 0.995 0.959 
0.009 0.997 0.019 0.993 0.908 
0.029 0.995 0.024 0.993 0.997 
0.012 0.997 0.023 0.993 0.997 
0.020 0.993 0.022 0.993 0.994 
0.012 0.996 0.027 0.990 0.987 
0.017 0.992 0.017 0.995 0.997 
0.007 0.997 0.050 0.988 0.994 
0.016 0.996 0.023 0.995 0.984 
0.016 0.995 0.027 0.993 0.990 
0.013 0.996 0.035 0.985 0.997 
0.013 0.996 0.024 0.993 0.981 
0.028 0.993 0.016 0.998 0.997 
0.025 0.995 0.031 0.990 0.761 
0.017 0.995 0.027 0.995 0.943 
0.023 0.994 0.018 0.995 0.997 
0.013 0.996 0.039 0.988 0.994 
0.018 0.993 0.024 0.993 0.994 
0.017 0.997 0.026 0.990 0.994 
0.023 0.993 0.027 0.993 0.981 
0.021 0.992 0.036 0.985 0.994 
0.021 0.995 0.025 0.993 0.994 
0.013 0.996 0.031 0.990 0.987 
0.026 0.993 0.017 0.998 0.971 
0.018 0.993 0.019 0.993 0.971 
0.021 0.995 0.019 0.995 0.981 
0.016 0.994 0.039 0.988 0.987 
0.010 0.996 0.033 0.990 0.984 
0.032 0.993 0.023 0.995 0.981 
0.014 0.996 0.041 0.988 0.990 
0.012 0.997 0.032 0.988 1.000 
0.022 0.995 0.040 0.988 0.968 
0.020 0.994 0.039 0.988 1.000 
0.012 0.996 0.045 0.988 0.987 
0.010 0.997 0.027 0.993 0.987 
0.012 0.996 0.024 0.993 0.997 
0.019 0.996 0.028 0.990 0.981 
0.017 0.995 0.028 0.990 0.949 
0.014 0.997 0.027 0.990 1.000 
0.014 0.995 0.025 0.990 0.984 
0.012 0.996 0.033 0.990 0.981 
0.021 0.995 0.028 0.990 0.987 
0.009 0.997 0.021 0.998 0.997 
0.037 0.993 0.033 0.995 0.987 
0.022 0.996 0.019 0.995 0.994 
0.009 0.997 0.026 0.988 0.987 
0.008 0.998 0.016 0.998 0.978 
0.021 0.994 0.027 0.988 0.997 
0.012 0.997 0.033 0.988 1.000 
0.013 0.996 0.021 0.995 1.000 
0.018 0.992 0.041 0.985 1.000 
0.021 0.996 0.020 0.995 1.000 
0.014 0.993 0.022 0.993 0.994 
0.028 0.992 0.052 0.985 0.990 
0.007 0.997 0.053 0.983 0.994 
0.013 0.995 0.025 0.990 1.000 
0.014 0.997 0.038 0.988 0.994 
0.021 0.995 0.033 0.990 0.981 
0.018 0.995 0.025 0.990 0.955 
0.015 0.992 0.024 0.993 0.997 
0.007 0.998 0.029 0.993 0.978 
0.016 0.996 0.021 0.993 0.990 
0.012 0.996 0.042 0.985 0.971 
0.018 0.995 0.027 0.988 0.939 
0.015 0.996 0.020 0.993 0.981 
0.016 0.997 0.014 0.998 0.994 
0.013 0.994 0.027 0.990 0.943 
0.010 0.997 0.036 0.990 1.000 
0.022 0.996 0.026 0.990 0.994 
0.013 0.997 0.053 0.988 1.000 
0.021 0.995 0.020 0.995 1.000 
0.020 0.995 0.018 0.993 0.975 
0.015 0.995 0.025 0.993 0.959 
0.009 0.997 0.028 0.993 0.971 
0.009 0.997 0.060 0.978 0.997 
0.023 0.995 0.035 0.995 0.997 
0.020 0.994 0.077 0.968 0.990 
0.011 0.998 0.026 0.990 0.990 
0.008 0.996 0.049 0.988 0.968 
0.006 0.998 0.063 0.993 0.959 
0.020 0.993 0.021 0.993 0.994 
0.012 0.998 0.043 0.990 0.978 
0.020 0.996 0.032 0.990 0.990 
0.019 0.995 0.019 0.998 0.997 
0.011 0.996 0.021 0.995 0.994 
0.014 0.995 0.028 0.988 0.987 
0.016 0.994 0.036 0.988 0.994 
0.025 0.992 0.017 0.998 0.981 
0.028 0.991 0.032 0.990 0.997 
0.014 0.996 0.036 0.985 0.994 
0.013 0.995 0.036 0.985 0.981 
0.024 0.993 0.020 0.998 0.997 
0.020 0.996 0.022 0.995 0.997 
0.013 0.996 0.038 0.988 0.955 
0.012 0.996 0.021 0.998 0.984 
0.018 0.995 0.039 0.988 0.997 
0.016 0.995 0.026 0.990 0.984 
0.017 0.995 0.034 0.988 0.955 
0.011 0.996 0.083 0.990 0.981 
0.022 0.995 0.019 0.993 0.981 
0.020 0.993 0.037 0.985 0.990 
0.018 0.995 0.023 0.993 0.987 
0.015 0.993 0.037 0.993 0.984 
0.011 0.997 0.034 0.990 0.936 
0.017 0.995 0.032 0.993 0.981 
0.014 0.996 0.021 0.993 0.997 
0.016 0.995 0.036 0.990 0.994 
0.010 0.995 0.033 0.988 0.981 
0.014 0.996 0.023 0.995 0.984 
0.013 0.998 0.026 0.990 0.987 
0.010 0.998 0.062 0.988 0.990 
0.010 0.997 0.038 0.990 0.987 
0.020 0.995 0.039 0.988 0.997 
0.014 0.997 0.040 0.988 0.994 
0.025 0.994 0.028 0.990 0.997 
0.017 0.996 0.062 0.978 0.997 
0.015 0.995 0.044 0.990 0.994 
0.023 0.994 0.032 0.990 0.997 
0.009 0.997 0.048 0.988 1.000 
0.030 0.995 0.040 0.988 1.000 
0.013 0.997 0.049 0.990 1.000 
0.033 0.993 0.044 0.983 0.997 
0.008 0.998 0.073 0.988 0.994 
0.020 0.994 0.054 0.988 0.994 
0.032 0.993 0.025 0.993 0.990 
0.026 0.993 0.030 0.990 0.987 
0.006 0.999 0.057 0.988 0.981 
0.010 0.997 0.032 0.990 0.987 
0.012 0.996 0.037 0.995 0.990 
0.036 0.995 0.032 0.988 0.994 
0.018 0.995 0.023 0.993 0.997 
0.016 0.996 0.016 0.998 1.000 
0.024 0.994 0.038 0.988 1.000 
0.014 0.996 0.050 0.985 0.997 
0.010 0.997 0.027 0.993 0.994 
0.008 0.998 0.046 0.993 0.997 
0.021 0.995 0.027 0.995 1.000 
0.016 0.993 0.048 0.993 0.984 
0.035 0.993 0.045 0.993 0.997 
0.009 0.998 0.021 0.998 1.000 
0.020 0.994 0.030 0.995 0.990 
0.017 0.996 0.040 0.988 1.000 
0.013 0.997 0.017 0.998 0.997 
0.010 0.997 0.032 0.993 1.000 
0.011 0.997 0.017 0.998 0.990 
0.014 0.997 0.023 0.995 0.994 
0.012 0.997 0.049 0.988 0.981 
0.010 0.997 0.017 0.998 0.994 
0.012 0.997 0.028 0.990 0.994 
0.015 0.996 0.028 0.993 0.984 
0.017 0.995 0.081 0.978 0.962 
0.024 0.993 0.033 0.988 0.952 
0.010 0.997 0.027 0.993 0.984 
0.005 0.998 0.037 0.993 0.978 
0.017 0.995 0.031 0.995 0.968 
0.018 0.995 0.021 0.998 0.997 
0.023 0.993 0.045 0.983 0.987 
0.015 0.996 0.049 0.993 0.987 
0.017 0.995 0.032 0.990 0.984 
0.016 0.995 0.020 0.995 0.994 
0.023 0.996 0.019 0.993 0.987 
0.016 0.995 0.036 0.988 0.981 
0.019 0.996 0.019 0.998 0.990 
0.020 0.996 0.028 0.990 0.990 
0.017 0.995 0.030 0.990 0.975 
0.008 0.997 0.026 0.998 0.981 
0.010 0.996 0.040 0.988 0.971 
0.024 0.991 0.040 0.983 0.987 
0.014 0.995 0.018 0.995 0.984 
