0.268 0.897 0.176 0.945 1.000 
0.153 0.944 0.210 0.917 1.000 
0.176 0.938 0.126 0.960 1.000 
0.149 0.951 0.141 0.945 1.000 
0.114 0.964 0.094 0.968 1.000 
0.102 0.967 0.114 0.955 1.000 
0.120 0.962 0.094 0.980 1.000 
0.083 0.974 0.104 0.973 1.000 
0.104 0.967 0.110 0.950 1.000 
0.116 0.967 0.072 0.983 1.000 
0.110 0.969 0.100 0.960 1.000 
0.078 0.975 0.084 0.983 0.996 
0.084 0.977 0.093 0.983 1.000 
0.073 0.977 0.087 0.973 1.000 
0.087 0.977 0.086 0.983 1.000 
0.087 0.980 0.107 0.958 1.000 
0.059 0.986 0.061 0.988 1.000 
0.091 0.975 0.090 0.968 1.000 
0.078 0.979 0.118 0.955 1.000 
0.056 0.985 0.082 0.968 1.000 
0.055 0.982 0.074 0.980 1.000 
0.066 0.978 0.106 0.958 1.000 
0.065 0.983 0.062 0.983 1.000 
0.062 0.978 0.064 0.980 1.000 
0.058 0.985 0.078 0.973 1.000 
0.066 0.982 0.076 0.980 1.000 
0.063 0.983 0.136 0.953 1.000 
0.056 0.984 0.056 0.983 1.000 
0.048 0.989 0.071 0.980 1.000 
0.046 0.989 0.063 0.985 1.000 
0.059 0.985 0.145 0.948 1.000 
0.055 0.984 0.072 0.983 1.000 
0.055 0.985 0.058 0.980 1.000 
0.057 0.985 0.052 0.990 1.000 
0.048 0.985 0.062 0.988 1.000 
0.051 0.985 0.085 0.970 1.000 
0.045 0.989 0.122 0.953 1.000 
0.050 0.988 0.121 0.950 1.000 
0.050 0.985 0.068 0.978 1.000 
0.042 0.990 0.057 0.985 1.000 
0.050 0.986 0.066 0.980 1.000 
0.043 0.989 0.074 0.975 1.000 
0.044 0.989 0.060 0.985 1.000 
0.045 0.988 0.050 0.985 1.000 
0.060 0.982 0.086 0.980 1.000 
0.055 0.986 0.093 0.983 1.000 
0.052 0.986 0.064 0.978 1.000 
0.052 0.983 0.093 0.963 1.000 
0.052 0.986 0.070 0.980 1.000 
0.049 0.986 0.066 0.988 1.000 
0.039 0.988 0.069 0.978 0.568 
0.049 0.985 0.077 0.980 0.757 
0.039 0.989 0.073 0.978 0.793 
0.047 0.986 0.056 0.985 0.943 
0.041 0.990 0.060 0.980 1.000 
0.043 0.989 0.071 0.975 0.993 
0.046 0.988 0.063 0.980 1.000 
0.035 0.991 0.065 0.983 0.921 
0.047 0.988 0.068 0.978 0.993 
0.037 0.991 0.076 0.973 0.986 
0.038 0.990 0.068 0.978 1.000 
0.040 0.987 0.120 0.948 0.989 
0.037 0.989 0.094 0.965 1.000 
0.039 0.989 0.071 0.973 1.000 
0.033 0.991 0.059 0.983 1.000 
0.037 0.991 0.079 0.973 1.000 
0.039 0.990 0.080 0.970 1.000 
0.050 0.983 0.075 0.973 1.000 
0.040 0.989 0.083 0.968 1.000 
0.041 0.989 0.076 0.975 1.000 
0.040 0.990 0.092 0.965 1.000 
0.040 0.986 0.123 0.953 1.000 
0.043 0.987 0.070 0.973 1.000 
0.042 0.990 0.099 0.963 1.000 
0.042 0.990 0.061 0.983 0.996 
0.037 0.991 0.081 0.968 1.000 
0.044 0.990 0.087 0.963 1.000 
0.043 0.988 0.058 0.985 0.996 
0.043 0.987 0.072 0.970 1.000 
0.032 0.992 0.121 0.953 0.986 
0.039 0.990 0.061 0.983 0.964 
0.029 0.993 0.066 0.983 0.996 
0.029 0.990 0.093 0.973 1.000 
0.038 0.991 0.045 0.988 0.996 
0.047 0.988 0.044 0.988 1.000 
0.033 0.992 0.069 0.978 1.000 
0.035 0.994 0.088 0.970 1.000 
0.039 0.991 0.069 0.988 1.000 
0.037 0.990 0.084 0.965 1.000 
0.039 0.991 0.067 0.980 1.000 
0.036 0.990 0.118 0.958 1.000 
0.037 0.988 0.114 0.960 1.000 
0.033 0.991 0.080 0.975 0.971 
0.045 0.988 0.131 0.938 1.000 
0.029 0.992 0.094 0.960 1.000 
0.036 0.990 0.105 0.963 1.000 
0.032 0.992 0.057 0.985 1.000 
0.033 0.992 0.085 0.968 0.982 
0.029 0.993 0.095 0.965 1.000 
0.037 0.991 0.058 0.980 1.000 
0.032 0.991 0.074 0.975 0.968 
0.030 0.990 0.070 0.970 1.000 
0.033 0.994 0.058 0.985 1.000 
0.039 0.989 0.075 0.973 0.996 
0.028 0.993 0.052 0.983 1.000 
0.034 0.992 0.078 0.975 1.000 
0.032 0.993 0.060 0.985 0.989 
0.029 0.991 0.070 0.978 0.100 
0.035 0.990 0.143 0.950 0.986 
0.031 0.993 0.099 0.958 0.993 
0.043 0.988 0.052 0.980 0.996 
0.032 0.992 0.122 0.950 1.000 
0.029 0.993 0.068 0.975 0.996 
0.037 0.990 0.062 0.978 0.982 
0.029 0.993 0.070 0.978 0.996 
0.038 0.991 0.097 0.973 0.982 
0.035 0.990 0.077 0.970 0.996 
0.032 0.993 0.052 0.978 1.000 
0.035 0.991 0.045 0.990 0.968 
0.032 0.990 0.112 0.960 0.875 
0.034 0.992 0.057 0.978 0.986 
0.037 0.989 0.065 0.978 0.557 
0.032 0.991 0.107 0.960 1.000 
0.030 0.994 0.113 0.965 1.000 
0.027 0.992 0.056 0.985 0.771 
0.029 0.993 0.085 0.973 0.993 
0.034 0.990 0.071 0.980 0.986 
0.029 0.991 0.062 0.983 0.996 
0.032 0.990 0.082 0.970 0.982 
0.033 0.991 0.076 0.970 0.996 
0.033 0.992 0.064 0.978 0.957 
0.026 0.993 0.086 0.963 0.993 
0.034 0.992 0.055 0.983 1.000 
0.037 0.989 0.170 0.950 0.843 
0.032 0.990 0.046 0.983 1.000 
0.028 0.993 0.068 0.978 0.996 
0.033 0.991 0.061 0.980 1.000 
0.033 0.991 0.071 0.978 0.989 
0.026 0.993 0.092 0.975 0.836 
0.041 0.988 0.108 0.960 0.996 
0.029 0.994 0.062 0.978 0.982 
0.029 0.991 0.092 0.970 0.511 
0.040 0.992 0.079 0.968 0.961 
0.031 0.991 0.050 0.990 0.068 
0.030 0.991 0.106 0.965 0.982 
0.036 0.992 0.070 0.983 1.000 
0.029 0.993 0.073 0.973 0.986 
0.034 0.991 0.079 0.965 0.975 
0.028 0.994 0.048 0.988 0.596 
0.035 0.990 0.053 0.983 0.979 
0.033 0.991 0.069 0.973 1.000 
0.029 0.992 0.085 0.973 1.000 
0.036 0.989 0.075 0.978 0.861 
0.026 0.995 0.118 0.955 1.000 
0.033 0.992 0.132 0.955 0.996 
0.027 0.992 0.067 0.980 1.000 
0.025 0.994 0.087 0.965 0.982 
0.034 0.992 0.064 0.983 0.971 
0.029 0.994 0.047 0.985 0.989 
0.028 0.992 0.121 0.958 0.996 
0.021 0.996 0.084 0.970 0.989 
0.030 0.994 0.070 0.975 0.975 
0.034 0.991 0.066 0.978 0.993 
0.041 0.990 0.063 0.985 0.864 
0.031 0.992 0.072 0.975 0.961 
0.030 0.991 0.098 0.963 0.982 
0.027 0.994 0.088 0.970 0.943 
0.031 0.993 0.136 0.948 0.354 
0.026 0.992 0.040 0.988 0.925 
0.032 0.993 0.131 0.955 0.975 
0.028 0.992 0.071 0.975 1.000 
0.026 0.993 0.123 0.963 0.996 
0.030 0.993 0.076 0.970 0.921 
0.028 0.993 0.061 0.975 0.993 
0.024 0.994 0.125 0.958 1.000 
0.025 0.993 0.091 0.965 1.000 
0.020 0.995 0.056 0.988 0.846 
0.031 0.992 0.069 0.975 1.000 
0.023 0.995 0.061 0.980 0.993 
0.048 0.991 0.089 0.960 0.996 
0.026 0.995 0.052 0.988 0.996 
0.031 0.991 0.098 0.963 1.000 
0.032 0.991 0.058 0.980 0.889 
0.024 0.995 0.083 0.970 1.000 
0.032 0.993 0.074 0.973 1.000 
0.026 0.993 0.066 0.983 0.993 
0.035 0.992 0.107 0.955 0.989 
0.023 0.994 0.172 0.938 1.000 
0.024 0.994 0.123 0.963 0.996 
0.029 0.994 0.076 0.970 0.993 
0.028 0.994 0.098 0.963 0.996 
0.031 0.992 0.078 0.970 1.000 
0.026 0.993 0.098 0.968 1.000 
0.023 0.995 0.040 0.988 1.000 
0.027 0.990 0.083 0.975 1.000 
0.021 0.995 0.161 0.950 0.996 
0.029 0.992 0.123 0.963 1.000 
0.025 0.994 0.103 0.963 1.000 
0.025 0.992 0.076 0.978 1.000 
0.021 0.993 0.131 0.953 0.996 
0.028 0.991 0.057 0.980 0.996 
0.025 0.993 0.118 0.963 0.996 
0.033 0.995 0.132 0.955 0.893 
0.022 0.993 0.215 0.965 0.793 
0.036 0.989 0.140 0.953 1.000 
0.023 0.993 0.079 0.973 0.993 
0.034 0.990 0.072 0.973 0.975 
0.027 0.993 0.073 0.973 0.996 
0.027 0.994 0.127 0.958 1.000 
0.027 0.995 0.089 0.963 1.000 
0.025 0.994 0.126 0.960 1.000 
0.025 0.992 0.071 0.970 0.989 
0.024 0.995 0.065 0.975 0.993 
0.028 0.994 0.062 0.978 0.079 
0.026 0.995 0.112 0.963 1.000 
0.036 0.991 0.081 0.968 0.954 
0.025 0.995 0.096 0.963 0.996 
0.024 0.994 0.059 0.980 0.961 
0.030 0.993 0.098 0.963 0.800 
0.035 0.991 0.082 0.965 0.996 
0.022 0.993 0.094 0.973 0.339 
0.023 0.993 0.108 0.965 0.975 
0.032 0.993 0.210 0.927 0.946 
0.024 0.995 0.061 0.975 0.996 
0.026 0.993 0.060 0.975 1.000 
0.020 0.993 0.048 0.990 1.000 
0.027 0.991 0.053 0.978 0.986 
0.026 0.994 0.092 0.965 1.000 
0.027 0.995 0.056 0.983 1.000 
0.028 0.992 0.114 0.958 1.000 
0.025 0.995 0.078 0.968 0.986 
0.032 0.989 0.061 0.973 1.000 
0.028 0.993 0.066 0.968 0.943 
0.033 0.990 0.095 0.953 0.996 
0.026 0.989 0.072 0.968 0.968 
0.024 0.989 0.097 0.960 0.979 
0.030 0.992 0.066 0.973 1.000 
0.023 0.995 0.058 0.980 0.996 
0.022 0.994 0.049 0.983 1.000 
0.025 0.994 0.165 0.938 0.971 
0.019 0.996 0.191 0.932 0.996 
0.024 0.995 0.085 0.970 0.986 
0.024 0.992 0.107 0.960 1.000 
0.023 0.993 0.096 0.973 1.000 
0.024 0.995 0.086 0.980 1.000 
0.032 0.991 0.145 0.932 1.000 
0.020 0.994 0.070 0.970 1.000 
0.026 0.993 0.149 0.940 1.000 
0.024 0.991 0.074 0.968 1.000 
0.018 0.995 0.066 0.978 1.000 
0.022 0.993 0.139 0.953 1.000 
0.017 0.995 0.058 0.980 1.000 
0.027 0.994 0.128 0.943 1.000 
0.025 0.995 0.049 0.983 1.000 
0.021 0.994 0.076 0.975 1.000 
0.024 0.995 0.098 0.963 1.000 
0.023 0.992 0.059 0.973 1.000 
0.018 0.996 0.060 0.978 1.000 
0.016 0.996 0.079 0.968 1.000 
0.028 0.993 0.086 0.970 1.000 
0.035 0.990 0.105 0.963 1.000 
0.020 0.997 0.172 0.950 0.993 
0.017 0.997 0.081 0.973 1.000 
0.021 0.994 0.076 0.978 1.000 
0.022 0.992 0.072 0.978 1.000 
0.025 0.993 0.171 0.950 1.000 
0.028 0.995 0.113 0.965 1.000 
0.029 0.993 0.145 0.948 0.982 
0.021 0.995 0.113 0.960 1.000 
0.020 0.995 0.057 0.983 0.979 
0.036 0.992 0.078 0.970 1.000 
0.024 0.993 0.114 0.963 1.000 
0.026 0.992 0.052 0.980 1.000 
0.029 0.993 0.097 0.965 0.996 
0.025 0.993 0.156 0.950 1.000 
0.019 0.994 0.106 0.958 1.000 
0.023 0.993 0.131 0.955 1.000 
0.026 0.992 0.073 0.965 1.000 
0.030 0.992 0.080 0.963 1.000 
0.028 0.992 0.069 0.968 0.989 
0.020 0.995 0.098 0.960 0.986 
0.032 0.992 0.097 0.965 0.993 
0.022 0.993 0.147 0.955 0.993 
0.023 0.993 0.107 0.965 0.989 
0.021 0.995 0.075 0.970 0.989 
0.022 0.994 0.099 0.963 1.000 
0.022 0.994 0.108 0.960 1.000 
0.021 0.995 0.102 0.963 0.996 
0.024 0.993 0.089 0.963 0.996 
0.017 0.996 0.072 0.970 1.000 
0.026 0.994 0.058 0.975 0.964 
0.022 0.994 0.065 0.963 1.000 
0.028 0.992 0.117 0.965 0.996 
0.024 0.993 0.130 0.945 1.000 
0.028 0.993 0.063 0.975 1.000 
0.026 0.992 0.084 0.963 1.000 
0.030 0.992 0.045 0.978 1.000 
0.022 0.995 0.068 0.973 1.000 
0.017 0.995 0.082 0.965 1.000 
0.020 0.995 0.073 0.965 1.000 
0.046 0.993 0.158 0.932 1.000 
0.019 0.995 0.079 0.968 1.000 
0.024 0.994 0.056 0.975 1.000 
0.020 0.995 0.073 0.970 0.996 
0.023 0.994 0.069 0.973 1.000 
0.030 0.992 0.065 0.973 1.000 
0.029 0.993 0.065 0.975 0.996 
0.016 0.995 0.257 0.958 0.982 
0.028 0.996 0.091 0.968 1.000 
0.022 0.996 0.070 0.973 1.000 
0.028 0.991 0.054 0.975 1.000 
0.020 0.994 0.102 0.963 0.993 
0.024 0.993 0.035 0.985 0.989 
0.039 0.993 0.104 0.963 1.000 
0.025 0.994 0.099 0.963 1.000 
0.018 0.995 0.065 0.980 0.586 
0.021 0.992 0.120 0.950 1.000 
0.025 0.995 0.097 0.960 0.993 
0.021 0.993 0.128 0.948 0.996 
0.025 0.993 0.075 0.970 0.996 
0.032 0.991 0.087 0.980 0.804 
0.021 0.996 0.049 0.980 0.971 
0.022 0.994 0.096 0.963 0.446 
0.019 0.994 0.134 0.953 1.000 
0.018 0.994 0.074 0.968 1.000 
0.020 0.995 0.105 0.958 0.954 
0.016 0.997 0.096 0.963 1.000 
0.019 0.995 0.105 0.968 0.050 
0.031 0.992 0.093 0.965 0.986 
0.021 0.993 0.181 0.950 0.625 
0.030 0.991 0.053 0.980 1.000 
0.030 0.995 0.091 0.965 1.000 
0.026 0.995 0.070 0.975 0.996 
0.025 0.995 0.084 0.965 0.936 
0.023 0.993 0.114 0.968 0.986 
0.022 0.992 0.088 0.963 0.357 
0.021 0.994 0.065 0.975 0.786 
0.026 0.996 0.108 0.965 0.871 
0.020 0.996 0.093 0.970 1.000 
0.019 0.996 0.065 0.980 1.000 
0.021 0.995 0.075 0.970 1.000 
0.028 0.991 0.049 0.980 0.996 
0.024 0.992 0.100 0.970 0.993 
0.021 0.993 0.095 0.965 1.000 
0.022 0.993 0.050 0.983 1.000 
0.020 0.995 0.076 0.973 1.000 
0.020 0.995 0.102 0.968 1.000 
0.023 0.994 0.073 0.975 1.000 
0.030 0.992 0.043 0.985 1.000 
0.028 0.993 0.103 0.963 1.000 
0.019 0.996 0.059 0.980 1.000 
0.016 0.996 0.085 0.970 0.996 
0.032 0.992 0.064 0.975 1.000 
0.022 0.995 0.078 0.968 1.000 
0.034 0.995 0.136 0.963 0.996 
0.025 0.993 0.086 0.965 1.000 
0.023 0.991 0.078 0.968 0.964 
0.020 0.994 0.140 0.955 1.000 
0.037 0.992 0.057 0.975 1.000 
0.022 0.994 0.096 0.960 1.000 
0.021 0.995 0.091 0.963 1.000 
0.025 0.993 0.088 0.965 1.000 
0.018 0.995 0.052 0.980 1.000 
0.025 0.995 0.059 0.975 1.000 
0.013 0.995 0.069 0.980 1.000 
0.023 0.994 0.087 0.963 1.000 
0.021 0.994 0.107 0.960 1.000 
0.021 0.995 0.034 0.985 1.000 
0.020 0.995 0.085 0.968 1.000 
0.018 0.995 0.116 0.960 0.996 
0.023 0.994 0.101 0.960 1.000 
0.028 0.993 0.061 0.970 1.000 
0.028 0.994 0.065 0.973 1.000 
0.018 0.995 0.087 0.963 1.000 
0.015 0.995 0.051 0.980 1.000 
0.016 0.997 0.044 0.983 1.000 
0.018 0.997 0.074 0.968 1.000 
0.027 0.991 0.065 0.975 1.000 
0.017 0.995 0.051 0.978 0.982 
0.035 0.992 0.101 0.958 0.771 
0.020 0.993 0.074 0.968 1.000 
0.015 0.996 0.058 0.978 1.000 
0.036 0.993 0.086 0.965 1.000 
0.020 0.994 0.086 0.965 0.950 
0.025 0.995 0.088 0.963 1.000 
0.015 0.996 0.103 0.963 0.993 
0.019 0.994 0.086 0.965 1.000 
0.025 0.996 0.056 0.978 0.964 
0.021 0.995 0.086 0.965 1.000 
0.021 0.995 0.058 0.980 0.979 
0.020 0.994 0.098 0.968 1.000 
0.019 0.995 0.101 0.975 0.893 
0.016 0.995 0.082 0.968 0.796 
0.021 0.994 0.127 0.953 0.993 
0.021 0.996 0.054 0.980 0.989 
0.026 0.994 0.058 0.978 0.989 
0.015 0.997 0.068 0.983 0.696 
0.028 0.993 0.100 0.958 1.000 
0.023 0.994 0.049 0.983 1.000 
0.022 0.993 0.105 0.963 1.000 
0.021 0.995 0.063 0.978 1.000 
0.018 0.996 0.148 0.960 1.000 
0.022 0.994 0.103 0.965 1.000 
0.016 0.996 0.090 0.963 1.000 
0.018 0.997 0.070 0.975 0.807 
0.021 0.993 0.091 0.965 0.968 
0.017 0.995 0.067 0.973 0.993 
0.017 0.995 0.107 0.963 1.000 
0.010 0.997 0.023 0.993 0.986 
0.019 0.996 0.172 0.950 1.000 
0.017 0.995 0.117 0.963 1.000 
0.022 0.993 0.052 0.988 1.000 
0.027 0.992 0.071 0.978 1.000 
0.020 0.995 0.131 0.958 0.996 
0.020 0.995 0.059 0.980 0.989 
0.020 0.995 0.094 0.965 0.996 
0.018 0.995 0.052 0.988 0.989 
0.007 0.999 0.048 0.988 1.000 
0.009 0.998 0.160 0.958 1.000 
0.032 0.991 0.265 0.943 0.600 
0.023 0.995 0.093 0.965 1.000 
0.015 0.996 0.106 0.965 0.996 
0.016 0.995 0.076 0.970 0.993 
0.017 0.996 0.060 0.978 0.825 
0.033 0.994 0.103 0.963 0.621 
0.039 0.991 0.087 0.965 1.000 
0.018 0.995 0.137 0.958 0.996 
0.021 0.996 0.186 0.940 1.000 
0.014 0.996 0.094 0.968 0.232 
0.019 0.997 0.076 0.973 1.000 
0.012 0.996 0.138 0.953 1.000 
0.016 0.996 0.136 0.963 1.000 
0.028 0.994 0.102 0.963 0.993 
0.022 0.993 0.089 0.970 1.000 
0.024 0.996 0.148 0.955 1.000 
0.016 0.996 0.071 0.978 1.000 
0.022 0.993 0.074 0.978 1.000 
0.016 0.996 0.052 0.978 1.000 
0.029 0.993 0.112 0.960 0.996 
0.034 0.994 0.098 0.975 1.000 
0.012 0.996 0.095 0.978 1.000 
0.018 0.994 0.068 0.978 1.000 
0.027 0.995 0.126 0.955 1.000 
0.016 0.995 0.117 0.968 1.000 
0.016 0.994 0.088 0.963 1.000 
0.021 0.993 0.091 0.973 1.000 
0.019 0.994 0.098 0.965 1.000 
0.016 0.997 0.099 0.970 1.000 
0.019 0.993 0.084 0.968 1.000 
0.016 0.996 0.056 0.983 1.000 
0.019 0.994 0.066 0.973 1.000 
0.025 0.996 0.120 0.955 1.000 
0.032 0.991 0.121 0.955 1.000 
0.019 0.993 0.099 0.963 1.000 
0.024 0.995 0.129 0.960 1.000 
0.012 0.997 0.120 0.960 1.000 
0.017 0.995 0.099 0.975 1.000 
0.020 0.995 0.104 0.968 1.000 
0.016 0.995 0.130 0.960 1.000 
0.025 0.993 0.085 0.968 1.000 
0.016 0.996 0.053 0.983 1.000 
0.016 0.996 0.049 0.985 1.000 
0.038 0.995 0.104 0.963 1.000 
0.022 0.994 0.062 0.978 0.996 
0.017 0.996 0.154 0.948 1.000 
0.018 0.993 0.165 0.955 1.000 
0.031 0.995 0.071 0.975 1.000 
0.024 0.993 0.168 0.940 1.000 
0.017 0.996 0.080 0.968 1.000 
0.018 0.996 0.103 0.965 1.000 
0.019 0.996 0.093 0.963 1.000 
0.020 0.995 0.079 0.968 1.000 
0.014 0.994 0.081 0.968 1.000 
0.019 0.996 0.034 0.985 1.000 
0.021 0.995 0.045 0.983 1.000 
0.022 0.995 0.124 0.960 1.000 
0.013 0.995 0.151 0.955 1.000 
0.012 0.995 0.123 0.958 1.000 
0.018 0.996 0.067 0.968 1.000 
0.017 0.995 0.078 0.970 1.000 
0.018 0.995 0.236 0.927 1.000 
0.017 0.996 0.105 0.960 1.000 
0.015 0.996 0.095 0.970 0.996 
0.012 0.997 0.234 0.932 0.996 
0.015 0.995 0.144 0.960 1.000 
0.024 0.993 0.074 0.975 1.000 
0.015 0.996 0.095 0.965 1.000 
0.014 0.996 0.123 0.955 1.000 
0.019 0.994 0.124 0.953 1.000 
0.015 0.996 0.107 0.960 1.000 
0.016 0.996 0.053 0.978 0.989 
0.018 0.994 0.184 0.943 1.000 
0.028 0.993 0.112 0.958 0.989 
0.020 0.993 0.120 0.953 0.961 
0.015 0.997 0.096 0.960 0.996 
0.021 0.995 0.101 0.963 1.000 
0.017 0.996 0.121 0.960 1.000 
0.020 0.994 0.211 0.938 0.996 
0.018 0.995 0.095 0.963 1.000 
0.021 0.994 0.163 0.943 1.000 
0.012 0.996 0.050 0.983 1.000 
0.021 0.995 0.080 0.973 0.939 
0.018 0.997 0.147 0.948 1.000 
0.033 0.993 0.068 0.973 0.968 
0.022 0.996 0.130 0.950 0.961 
0.016 0.993 0.117 0.963 1.000 
0.023 0.993 0.133 0.958 1.000 
0.013 0.996 0.142 0.960 1.000 
0.016 0.994 0.212 0.945 1.000 
0.018 0.996 0.126 0.953 1.000 
0.013 0.994 0.175 0.948 1.000 
0.021 0.996 0.178 0.938 1.000 
0.006 0.999 0.253 0.960 1.000 
0.023 0.992 0.094 0.978 1.000 
0.020 0.995 0.117 0.958 1.000 
0.017 0.996 0.097 0.970 1.000 
0.016 0.995 0.161 0.950 0.996 
0.019 0.996 0.085 0.973 1.000 
0.041 0.990 0.098 0.968 1.000 
0.024 0.993 0.229 0.940 1.000 
0.022 0.993 0.149 0.950 1.000 
0.041 0.995 0.108 0.963 1.000 
0.017 0.995 0.089 0.970 1.000 
0.015 0.995 0.154 0.943 1.000 
0.019 0.996 0.078 0.970 1.000 
0.021 0.994 0.112 0.953 1.000 
0.022 0.995 0.180 0.943 1.000 
0.020 0.996 0.055 0.980 1.000 
0.015 0.996 0.245 0.940 1.000 
0.020 0.996 0.086 0.973 1.000 
0.021 0.995 0.045 0.980 1.000 
0.015 0.996 0.131 0.955 1.000 
0.023 0.995 0.044 0.980 1.000 
0.019 0.996 0.096 0.965 1.000 
0.056 0.991 0.048 0.990 1.000 
0.023 0.995 0.073 0.973 1.000 
0.020 0.993 0.099 0.963 1.000 
0.015 0.996 0.186 0.943 1.000 
0.013 0.997 0.076 0.978 1.000 
0.015 0.996 0.084 0.968 1.000 
0.016 0.996 0.080 0.978 1.000 
0.030 0.991 0.088 0.963 1.000 
0.017 0.995 0.121 0.960 1.000 
0.012 0.997 0.069 0.978 1.000 
0.017 0.997 0.103 0.963 1.000 
0.021 0.995 0.084 0.970 0.968 
0.018 0.994 0.115 0.963 1.000 
0.019 0.994 0.089 0.965 0.996 
0.015 0.996 0.226 0.943 0.996 
0.018 0.997 0.067 0.975 1.000 
0.014 0.996 0.269 0.938 1.000 
0.017 0.995 0.136 0.950 1.000 
0.014 0.995 0.133 0.963 1.000 
0.022 0.994 0.071 0.973 1.000 
0.018 0.994 0.146 0.963 1.000 
0.020 0.995 0.137 0.950 0.996 
0.025 0.995 0.092 0.965 0.996 
0.014 0.996 0.090 0.975 1.000 
0.028 0.993 0.141 0.963 1.000 
0.017 0.997 0.086 0.965 1.000 
0.019 0.995 0.115 0.968 1.000 
0.015 0.996 0.182 0.953 1.000 
0.028 0.992 0.099 0.958 0.996 
0.015 0.996 0.113 0.963 1.000 
0.013 0.996 0.067 0.965 0.996 
0.013 0.997 0.073 0.983 1.000 
0.018 0.996 0.154 0.948 1.000 
0.012 0.998 0.140 0.978 1.000 
0.020 0.992 0.146 0.958 1.000 
0.015 0.997 0.107 0.960 1.000 
0.012 0.997 0.151 0.960 1.000 
0.020 0.995 0.083 0.973 1.000 
0.041 0.992 0.121 0.960 1.000 
0.022 0.994 0.156 0.958 1.000 
0.044 0.995 0.087 0.965 1.000 
0.010 0.998 0.171 0.960 1.000 
0.025 0.995 0.077 0.968 1.000 
0.018 0.993 0.087 0.965 1.000 
0.018 0.997 0.166 0.955 1.000 
0.020 0.995 0.150 0.943 1.000 
0.017 0.995 0.144 0.958 1.000 
0.023 0.993 0.118 0.955 1.000 
0.014 0.994 0.173 0.943 1.000 
0.023 0.993 0.146 0.945 1.000 
0.026 0.992 0.067 0.973 1.000 
0.017 0.996 0.060 0.980 1.000 
0.021 0.995 0.189 0.935 0.996 
0.019 0.996 0.076 0.968 1.000 
0.017 0.996 0.101 0.963 1.000 
0.023 0.995 0.113 0.963 1.000 
0.012 0.996 0.047 0.983 1.000 
0.009 0.997 0.069 0.975 1.000 
0.015 0.996 0.082 0.965 1.000 
0.023 0.994 0.077 0.970 1.000 
0.016 0.993 0.128 0.953 1.000 
0.014 0.996 0.080 0.968 1.000 
0.021 0.993 0.112 0.953 1.000 
0.031 0.995 0.124 0.960 1.000 
0.024 0.996 0.141 0.958 1.000 
0.013 0.996 0.149 0.955 1.000 
0.019 0.995 0.069 0.970 1.000 
0.011 0.995 0.120 0.965 1.000 
0.011 0.996 0.107 0.963 1.000 
0.031 0.993 0.060 0.973 1.000 
0.016 0.995 0.089 0.963 1.000 
0.015 0.995 0.090 0.965 0.989 
0.016 0.996 0.157 0.953 1.000 
0.024 0.994 0.139 0.963 1.000 
0.024 0.992 0.099 0.965 1.000 
0.024 0.994 0.062 0.978 1.000 
0.015 0.996 0.205 0.950 1.000 
0.014 0.995 0.118 0.963 1.000 
0.017 0.996 0.113 0.963 1.000 
0.017 0.994 0.149 0.955 1.000 
0.015 0.996 0.137 0.960 1.000 
0.015 0.995 0.096 0.963 1.000 
0.021 0.994 0.084 0.988 1.000 
0.019 0.996 0.109 0.978 1.000 
0.018 0.995 0.202 0.940 1.000 
0.015 0.993 0.128 0.963 1.000 
0.020 0.996 0.105 0.960 1.000 
0.024 0.994 0.121 0.958 1.000 
0.015 0.996 0.109 0.963 1.000 
0.018 0.994 0.077 0.970 1.000 
0.010 0.996 0.197 0.978 1.000 
0.032 0.993 0.135 0.960 1.000 
0.014 0.997 0.193 0.960 1.000 
0.023 0.994 0.126 0.963 1.000 
0.011 0.996 0.143 0.958 1.000 
0.023 0.991 0.111 0.963 1.000 
0.024 0.992 0.108 0.970 0.996 
0.013 0.996 0.087 0.968 1.000 
0.020 0.993 0.134 0.963 0.961 
0.018 0.997 0.073 0.973 1.000 
0.011 0.995 0.080 0.983 1.000 
0.021 0.995 0.113 0.963 1.000 
0.013 0.996 0.160 0.955 1.000 
0.016 0.995 0.107 0.965 1.000 
0.013 0.995 0.134 0.965 1.000 
0.019 0.994 0.071 0.970 0.996 
0.017 0.995 0.115 0.960 0.993 
0.012 0.996 0.082 0.965 1.000 
0.015 0.996 0.073 0.973 1.000 
0.019 0.995 0.116 0.963 1.000 
0.015 0.996 0.103 0.980 1.000 
0.022 0.996 0.219 0.968 1.000 
0.047 0.993 0.118 0.960 1.000 
0.025 0.995 0.132 0.955 1.000 
0.012 0.995 0.065 0.975 1.000 
0.015 0.995 0.117 0.958 1.000 
0.013 0.996 0.095 0.968 1.000 
0.022 0.994 0.123 0.963 1.000 
0.015 0.996 0.075 0.975 1.000 
0.018 0.994 0.180 0.938 1.000 
0.015 0.996 0.067 0.978 1.000 
0.028 0.996 0.065 0.975 1.000 
0.016 0.996 0.049 0.990 1.000 
0.023 0.994 0.042 0.990 1.000 
0.014 0.996 0.173 0.940 1.000 
0.007 0.997 0.034 0.990 1.000 
0.028 0.993 0.103 0.968 1.000 
0.015 0.997 0.048 0.990 1.000 
0.022 0.995 0.058 0.978 0.996 
0.011 0.996 0.105 0.963 0.996 
0.020 0.994 0.050 0.988 0.986 
0.033 0.993 0.139 0.955 1.000 
0.012 0.996 0.095 0.965 1.000 
0.015 0.996 0.142 0.950 0.996 
0.016 0.996 0.100 0.960 1.000 
0.011 0.996 0.110 0.965 0.996 
0.013 0.997 0.205 0.943 0.996 
0.025 0.995 0.243 0.948 1.000 
0.019 0.993 0.140 0.963 1.000 
0.009 0.998 0.122 0.968 1.000 
0.017 0.994 0.195 0.953 0.982 
0.018 0.993 0.094 0.973 1.000 
0.021 0.993 0.126 0.965 0.996 
0.023 0.992 0.151 0.963 0.982 
0.021 0.995 0.134 0.963 0.996 
0.014 0.996 0.119 0.965 0.968 
0.015 0.997 0.105 0.965 0.979 
0.010 0.998 0.131 0.960 0.989 
0.035 0.993 0.237 0.945 0.482 
0.020 0.994 0.092 0.965 0.904 
0.015 0.996 0.059 0.975 0.964 
0.025 0.995 0.077 0.970 1.000 
0.017 0.997 0.050 0.985 0.971 
0.020 0.995 0.162 0.953 0.996 
0.037 0.996 0.156 0.943 1.000 
0.016 0.996 0.099 0.970 1.000 
0.011 0.997 0.125 0.965 1.000 
0.010 0.998 0.069 0.975 1.000 
0.017 0.996 0.139 0.958 1.000 
0.018 0.996 0.059 0.988 1.000 
0.022 0.996 0.105 0.965 1.000 
0.014 0.996 0.089 0.965 0.996 
0.011 0.997 0.098 0.973 1.000 
0.017 0.997 0.128 0.965 1.000 
0.024 0.996 0.113 0.968 1.000 
0.012 0.996 0.118 0.965 1.000 
0.017 0.996 0.106 0.965 1.000 
0.012 0.997 0.077 0.975 1.000 
0.019 0.995 0.057 0.983 0.932 
0.019 0.996 0.158 0.953 1.000 
0.031 0.993 0.160 0.940 0.996 
0.010 0.998 0.103 0.963 1.000 
0.010 0.997 0.130 0.963 1.000 
0.037 0.994 0.120 0.958 0.993 
0.024 0.996 0.106 0.963 1.000 
0.013 0.996 0.121 0.960 1.000 
0.016 0.996 0.099 0.960 1.000 
0.012 0.997 0.148 0.950 1.000 
0.022 0.994 0.058 0.983 1.000 
0.017 0.993 0.131 0.963 1.000 
0.009 0.996 0.150 0.970 1.000 
0.024 0.996 0.073 0.983 0.996 
0.021 0.995 0.068 0.988 0.982 
0.018 0.996 0.176 0.955 1.000 
0.046 0.993 0.076 0.975 1.000 
0.012 0.996 0.066 0.978 1.000 
0.014 0.996 0.058 0.983 1.000 
0.016 0.995 0.270 0.932 1.000 
0.021 0.995 0.140 0.948 1.000 
0.015 0.996 0.078 0.973 1.000 
0.028 0.996 0.061 0.983 1.000 
0.028 0.992 0.131 0.953 1.000 
0.012 0.997 0.090 0.968 1.000 
0.019 0.995 0.077 0.968 1.000 
0.017 0.995 0.164 0.945 1.000 
0.011 0.997 0.083 0.963 1.000 
0.012 0.996 0.060 0.980 1.000 
0.019 0.995 0.164 0.945 0.989 
0.015 0.997 0.106 0.955 1.000 
0.019 0.993 0.027 0.985 1.000 
0.018 0.994 0.090 0.973 1.000 
0.013 0.995 0.127 0.955 1.000 
0.006 0.998 0.039 0.988 0.993 
0.023 0.994 0.120 0.958 0.993 
0.019 0.995 0.146 0.963 1.000 
0.062 0.992 0.119 0.978 1.000 
0.025 0.993 0.145 0.963 1.000 
0.029 0.993 0.114 0.955 0.986 
0.020 0.997 0.091 0.968 0.982 
0.019 0.993 0.193 0.950 1.000 
0.020 0.993 0.094 0.965 1.000 
0.018 0.995 0.068 0.973 0.996 
0.020 0.995 0.100 0.965 1.000 
0.012 0.996 0.048 0.980 0.989 
0.022 0.995 0.060 0.975 0.986 
0.016 0.995 0.110 0.968 1.000 
0.020 0.996 0.240 0.953 1.000 
0.029 0.995 0.082 0.978 1.000 
0.012 0.995 0.061 0.978 1.000 
0.010 0.997 0.065 0.983 1.000 
0.036 0.993 0.192 0.935 1.000 
0.010 0.997 0.094 0.985 1.000 
0.037 0.993 0.102 0.965 1.000 
0.014 0.996 0.099 0.968 0.996 
0.020 0.995 0.064 0.978 1.000 
0.029 0.992 0.054 0.975 0.996 
0.012 0.998 0.206 0.940 0.996 
0.012 0.996 0.044 0.983 0.964 
0.010 0.995 0.096 0.965 0.996 
0.020 0.995 0.065 0.973 0.993 
0.019 0.996 0.062 0.980 0.971 
0.011 0.997 0.060 0.980 0.989 
0.016 0.995 0.129 0.963 1.000 
0.017 0.995 0.133 0.958 0.996 
0.025 0.994 0.103 0.970 1.000 
0.025 0.992 0.103 0.968 1.000 
0.009 0.997 0.379 0.935 0.996 
0.048 0.992 0.153 0.950 1.000 
0.019 0.996 0.105 0.963 1.000 
0.013 0.995 0.118 0.963 1.000 
0.018 0.996 0.065 0.975 1.000 
0.011 0.996 0.073 0.973 1.000 
0.014 0.996 0.041 0.988 0.996 
0.029 0.992 0.081 0.975 1.000 
0.009 0.996 0.059 0.973 1.000 
0.014 0.995 0.119 0.963 0.993 
0.014 0.997 0.044 0.983 1.000 
0.015 0.997 0.048 0.983 1.000 
0.011 0.998 0.065 0.978 1.000 
0.040 0.995 0.067 0.980 1.000 
0.017 0.996 0.197 0.968 1.000 
0.022 0.995 0.069 0.975 1.000 
0.026 0.993 0.107 0.970 0.986 
0.012 0.997 0.061 0.978 1.000 
0.015 0.995 0.083 0.970 0.996 
0.006 0.996 0.059 0.975 1.000 
0.014 0.997 0.091 0.963 0.996 
0.017 0.995 0.088 0.970 1.000 
0.014 0.996 0.140 0.955 1.000 
0.021 0.996 0.106 0.970 1.000 
0.025 0.993 0.079 0.973 1.000 
0.017 0.997 0.098 0.968 0.989 
0.007 0.997 0.078 0.980 1.000 
0.033 0.995 0.115 0.963 1.000 
0.017 0.994 0.119 0.960 1.000 
0.013 0.997 0.131 0.963 1.000 
0.020 0.994 0.099 0.965 1.000 
0.013 0.996 0.079 0.973 1.000 
0.024 0.995 0.113 0.970 1.000 
0.015 0.996 0.135 0.963 1.000 
0.020 0.997 0.139 0.955 1.000 
0.024 0.993 0.158 0.955 1.000 
0.013 0.996 0.075 0.970 1.000 
0.012 0.998 0.085 0.970 0.989 
0.030 0.993 0.100 0.963 1.000 
0.016 0.996 0.104 0.970 1.000 
0.012 0.995 0.112 0.968 1.000 
0.020 0.993 0.114 0.958 0.996 
0.017 0.995 0.149 0.955 1.000 
0.014 0.995 0.109 0.965 0.996 
0.014 0.996 0.085 0.970 1.000 
0.009 0.997 0.089 0.973 1.000 
0.035 0.996 0.047 0.980 1.000 
0.018 0.994 0.165 0.943 1.000 
0.020 0.995 0.106 0.970 1.000 
0.015 0.996 0.163 0.953 1.000 
0.016 0.994 0.049 0.980 1.000 
0.018 0.994 0.104 0.965 1.000 
0.027 0.994 0.153 0.943 1.000 
0.011 0.997 0.182 0.945 1.000 
0.012 0.997 0.137 0.963 1.000 
0.020 0.993 0.126 0.965 1.000 
0.012 0.996 0.076 0.973 1.000 
0.019 0.996 0.108 0.970 1.000 
0.017 0.995 0.093 0.968 1.000 
0.039 0.993 0.094 0.963 1.000 
0.016 0.995 0.095 0.978 1.000 
0.011 0.996 0.112 0.968 1.000 
0.015 0.995 0.096 0.968 1.000 
0.020 0.995 0.120 0.963 1.000 
0.018 0.994 0.142 0.983 0.914 
0.016 0.996 0.096 0.968 1.000 
0.018 0.992 0.122 0.955 0.989 
0.020 0.993 0.152 0.960 1.000 
0.015 0.995 0.210 0.955 1.000 
0.020 0.997 0.103 0.978 1.000 
0.023 0.994 0.187 0.945 1.000 
0.017 0.995 0.088 0.978 0.996 
0.011 0.997 0.133 0.958 1.000 
0.012 0.997 0.120 0.955 1.000 
0.019 0.993 0.085 0.980 1.000 
0.022 0.995 0.187 0.978 0.993 
0.026 0.995 0.111 0.963 0.996 
0.019 0.996 0.076 0.978 1.000 
0.020 0.995 0.071 0.975 1.000 
0.012 0.996 0.097 0.965 1.000 
0.015 0.996 0.056 0.980 0.996 
0.016 0.996 0.059 0.975 0.704 
0.019 0.995 0.112 0.968 0.989 
0.009 0.997 0.164 0.958 0.818 
0.011 0.997 0.061 0.978 1.000 
0.019 0.995 0.084 0.975 0.993 
0.010 0.995 0.109 0.968 1.000 
0.020 0.996 0.208 0.948 1.000 
0.008 0.998 0.076 0.983 1.000 
0.005 0.998 0.032 0.993 1.000 
0.015 0.997 0.201 0.945 1.000 
0.016 0.996 0.203 0.948 1.000 
0.021 0.996 0.224 0.938 1.000 
0.019 0.995 0.118 0.960 1.000 
0.022 0.993 0.121 0.958 1.000 
0.020 0.993 0.084 0.975 1.000 
0.018 0.995 0.096 0.970 1.000 
0.015 0.997 0.115 0.965 1.000 
0.014 0.998 0.113 0.968 1.000 
0.023 0.993 0.211 0.940 0.996 
0.008 0.998 0.125 0.953 0.996 
0.015 0.998 0.109 0.968 0.996 
0.022 0.996 0.125 0.970 1.000 
0.012 0.997 0.137 0.958 1.000 
0.014 0.994 0.112 0.965 1.000 
0.014 0.998 0.098 0.963 1.000 
0.014 0.996 0.115 0.973 0.986 
0.012 0.997 0.171 0.965 0.986 
0.015 0.998 0.085 0.973 0.986 
0.013 0.997 0.205 0.950 1.000 
0.010 0.997 0.171 0.950 0.996 
0.021 0.993 0.171 0.948 1.000 
0.013 0.996 0.105 0.968 1.000 
0.020 0.996 0.066 0.975 1.000 
0.015 0.996 0.098 0.965 0.982 
0.013 0.996 0.067 0.973 1.000 
0.010 0.997 0.092 0.970 1.000 
0.010 0.997 0.038 0.985 1.000 
0.016 0.996 0.088 0.968 1.000 
0.012 0.996 0.131 0.960 1.000 
0.010 0.997 0.191 0.943 1.000 
0.015 0.997 0.163 0.958 1.000 
0.014 0.997 0.095 0.970 1.000 
0.018 0.993 0.108 0.980 0.979 
0.020 0.997 0.122 0.963 1.000 
0.013 0.997 0.113 0.960 0.989 
0.024 0.993 0.126 0.958 0.989 
0.013 0.995 0.135 0.965 0.989 
0.012 0.996 0.125 0.958 0.996 
0.021 0.993 0.106 0.968 0.996 
0.022 0.997 0.219 0.958 0.946 
0.009 0.997 0.171 0.958 1.000 
0.018 0.994 0.214 0.955 0.971 
0.024 0.992 0.144 0.950 1.000 
0.058 0.991 0.221 0.943 1.000 
0.024 0.993 0.138 0.945 1.000 
0.014 0.996 0.102 0.965 1.000 
0.019 0.996 0.118 0.953 1.000 
0.013 0.996 0.103 0.965 1.000 
0.006 0.999 0.103 0.975 0.982 
0.015 0.996 0.082 0.970 1.000 
0.022 0.997 0.213 0.950 1.000 
0.059 0.992 0.125 0.965 0.982 
0.015 0.996 0.083 0.973 1.000 
0.006 0.998 0.083 0.973 0.989 
0.026 0.994 0.160 0.955 0.996 
0.022 0.996 0.088 0.973 1.000 
0.023 0.995 0.171 0.963 0.968 
0.020 0.993 0.294 0.945 1.000 
0.015 0.997 0.173 0.958 1.000 
0.023 0.993 0.181 0.945 1.000 
0.010 0.998 0.109 0.963 1.000 
0.013 0.996 0.078 0.970 1.000 
0.014 0.996 0.152 0.963 1.000 
0.021 0.993 0.115 0.960 0.996 
0.021 0.995 0.142 0.958 0.989 
0.011 0.997 0.121 0.968 0.964 
0.013 0.996 0.180 0.965 0.989 
0.013 0.998 0.069 0.970 0.996 
0.009 0.998 0.062 0.978 1.000 
0.015 0.995 0.214 0.932 1.000 
0.016 0.996 0.138 0.958 1.000 
0.010 0.997 0.151 0.960 1.000 
0.017 0.996 0.171 0.965 1.000 
0.022 0.996 0.114 0.965 1.000 
0.017 0.996 0.205 0.945 0.996 
0.011 0.997 0.099 0.968 1.000 
0.028 0.995 0.220 0.948 1.000 
0.013 0.997 0.099 0.968 1.000 
0.012 0.997 0.121 0.965 1.000 
0.018 0.995 0.152 0.955 1.000 
0.010 0.995 0.067 0.973 1.000 
0.010 0.997 0.071 0.973 1.000 
0.015 0.996 0.109 0.968 1.000 
0.019 0.995 0.076 0.970 1.000 
0.021 0.993 0.096 0.968 1.000 
0.016 0.994 0.123 0.965 1.000 
0.012 0.996 0.213 0.943 1.000 
0.024 0.993 0.071 0.973 1.000 
0.018 0.994 0.071 0.975 0.986 
0.014 0.996 0.104 0.970 1.000 
0.015 0.995 0.208 0.963 1.000 
0.039 0.993 0.187 0.943 0.993 
0.047 0.991 0.148 0.963 1.000 
0.014 0.995 0.143 0.955 0.989 
0.034 0.992 0.089 0.968 0.996 
0.012 0.996 0.099 0.970 1.000 
0.006 0.998 0.161 0.950 1.000 
0.017 0.993 0.136 0.955 0.996 
0.011 0.998 0.228 0.940 0.993 
0.020 0.995 0.087 0.970 0.957 
0.006 0.998 0.097 0.973 0.996 
0.018 0.995 0.108 0.968 0.989 
0.010 0.997 0.089 0.970 1.000 
0.025 0.995 0.288 0.930 0.971 
0.025 0.995 0.298 0.938 0.996 
0.017 0.996 0.228 0.948 1.000 
0.016 0.994 0.106 0.968 1.000 
0.015 0.996 0.086 0.970 0.975 
0.009 0.998 0.135 0.963 1.000 
0.019 0.993 0.184 0.950 1.000 
0.017 0.996 0.147 0.968 0.989 
0.023 0.997 0.142 0.953 1.000 
0.019 0.995 0.171 0.955 1.000 
0.016 0.997 0.114 0.965 1.000 
0.023 0.995 0.153 0.965 1.000 
0.008 0.997 0.057 0.985 1.000 
0.028 0.992 0.086 0.970 1.000 
0.009 0.997 0.089 0.970 0.971 
0.009 0.996 0.213 0.940 0.996 
0.020 0.993 0.103 0.968 1.000 
0.024 0.993 0.080 0.975 1.000 
0.020 0.997 0.093 0.970 1.000 
0.017 0.995 0.067 0.988 1.000 
0.011 0.996 0.113 0.963 1.000 
0.009 0.997 0.108 0.968 1.000 
0.013 0.996 0.176 0.950 1.000 
0.015 0.996 0.139 0.960 1.000 
0.019 0.995 0.131 0.973 1.000 
0.018 0.995 0.099 0.975 1.000 
0.020 0.993 0.057 0.985 1.000 
0.025 0.993 0.039 0.990 0.986 
0.009 0.997 0.070 0.980 1.000 
0.017 0.997 0.115 0.968 1.000 
0.016 0.996 0.048 0.985 1.000 
0.023 0.993 0.155 0.963 1.000 
0.012 0.998 0.092 0.978 1.000 
0.013 0.997 0.089 0.983 0.993 
0.008 0.997 0.141 0.978 0.982 
0.014 0.996 0.067 0.983 0.982 
