0.436 0.799 0.174 0.968 0.514 
0.333 0.859 0.161 0.968 0.633 
0.317 0.877 0.187 0.950 0.734 
0.292 0.883 0.174 0.970 0.818 
0.260 0.901 0.133 0.935 0.796 
0.243 0.902 0.122 0.963 0.661 
0.256 0.901 0.159 0.955 0.730 
0.245 0.903 0.142 0.953 0.755 
0.233 0.911 0.141 0.963 0.837 
0.216 0.919 0.131 0.960 0.749 
0.229 0.917 0.142 0.950 0.680 
0.209 0.923 0.157 0.968 0.809 
0.228 0.922 0.118 0.975 0.762 
0.212 0.919 0.138 0.960 0.734 
0.212 0.924 0.121 0.975 0.752 
0.175 0.933 0.143 0.935 0.803 
0.193 0.926 0.113 0.983 0.843 
0.196 0.931 0.116 0.973 0.859 
0.171 0.942 0.073 0.973 0.815 
0.191 0.928 0.108 0.970 0.815 
0.197 0.927 0.158 0.973 0.853 
0.172 0.939 0.129 0.940 0.828 
0.191 0.933 0.103 0.985 0.865 
0.171 0.941 0.108 0.960 0.868 
0.158 0.937 0.110 0.978 0.784 
0.183 0.932 0.081 0.973 0.890 
0.176 0.937 0.083 0.975 0.897 
0.163 0.939 0.115 0.973 0.922 
0.161 0.938 0.172 0.953 0.947 
0.167 0.940 0.090 0.988 0.897 
0.145 0.949 0.092 0.983 0.897 
0.145 0.949 0.090 0.975 0.903 
0.170 0.942 0.134 0.953 0.853 
0.156 0.947 0.133 0.973 0.928 
0.151 0.947 0.095 0.980 0.884 
0.159 0.950 0.125 0.978 0.912 
0.160 0.945 0.091 0.975 0.925 
0.160 0.943 0.123 0.963 0.903 
0.149 0.951 0.075 0.980 0.909 
0.154 0.952 0.136 0.973 0.934 
0.144 0.947 0.098 0.975 0.931 
0.133 0.954 0.145 0.965 0.937 
0.148 0.947 0.058 0.988 0.853 
0.146 0.949 0.102 0.983 0.893 
0.143 0.947 0.121 0.963 0.940 
0.131 0.956 0.073 0.978 0.915 
0.127 0.958 0.131 0.958 0.940 
0.133 0.953 0.111 0.975 0.893 
0.134 0.957 0.079 0.983 0.884 
0.136 0.952 0.080 0.985 0.881 
0.138 0.954 0.079 0.978 0.906 
0.131 0.954 0.082 0.973 0.925 
0.118 0.957 0.065 0.980 0.887 
0.137 0.947 0.109 0.968 0.909 
0.133 0.954 0.067 0.985 0.884 
0.123 0.956 0.124 0.958 0.944 
0.128 0.955 0.140 0.960 0.950 
0.126 0.956 0.081 0.983 0.884 
0.115 0.961 0.085 0.975 0.940 
0.121 0.965 0.092 0.978 0.918 
0.127 0.949 0.089 0.973 0.947 
0.105 0.966 0.118 0.968 0.944 
0.131 0.948 0.133 0.958 0.969 
0.131 0.954 0.101 0.973 0.925 
0.118 0.961 0.074 0.983 0.925 
0.128 0.958 0.078 0.988 0.915 
0.134 0.957 0.078 0.975 0.928 
0.144 0.952 0.126 0.960 0.962 
0.115 0.965 0.068 0.990 0.897 
0.113 0.961 0.089 0.975 0.937 
0.137 0.955 0.107 0.963 0.956 
0.117 0.963 0.098 0.975 0.931 
0.118 0.956 0.131 0.965 0.944 
0.107 0.964 0.080 0.978 0.918 
0.131 0.947 0.105 0.965 0.950 
0.121 0.962 0.135 0.953 0.966 
0.111 0.958 0.124 0.955 0.966 
0.106 0.960 0.138 0.970 0.893 
0.116 0.960 0.096 0.970 0.950 
0.123 0.961 0.083 0.975 0.944 
0.116 0.961 0.104 0.958 0.956 
0.111 0.965 0.094 0.970 0.944 
0.107 0.965 0.138 0.935 0.975 
0.125 0.960 0.128 0.968 0.956 
0.101 0.960 0.078 0.985 0.947 
0.093 0.963 0.121 0.958 0.972 
0.112 0.961 0.108 0.973 0.966 
0.104 0.966 0.046 0.983 0.931 
0.108 0.964 0.082 0.973 0.944 
0.118 0.962 0.117 0.968 0.956 
0.121 0.960 0.097 0.960 0.956 
0.103 0.967 0.094 0.965 0.950 
0.103 0.965 0.124 0.948 0.966 
0.096 0.963 0.166 0.932 0.975 
0.102 0.965 0.164 0.925 0.975 
0.095 0.967 0.062 0.980 0.937 
0.118 0.961 0.124 0.965 0.969 
0.101 0.965 0.122 0.950 0.972 
0.102 0.964 0.093 0.970 0.940 
0.101 0.970 0.114 0.963 0.956 
0.103 0.965 0.083 0.985 0.937 
0.108 0.960 0.105 0.960 0.940 
0.106 0.963 0.066 0.988 0.947 
0.089 0.966 0.086 0.980 0.956 
0.105 0.964 0.092 0.978 0.944 
0.093 0.966 0.084 0.975 0.944 
0.117 0.961 0.065 0.980 0.940 
0.108 0.964 0.092 0.975 0.944 
0.097 0.966 0.071 0.980 0.944 
0.096 0.968 0.087 0.978 0.947 
0.092 0.971 0.081 0.978 0.944 
0.101 0.965 0.165 0.927 0.978 
0.120 0.963 0.099 0.980 0.947 
0.100 0.967 0.116 0.965 0.969 
0.093 0.964 0.119 0.963 0.962 
0.103 0.968 0.103 0.975 0.950 
0.099 0.964 0.123 0.948 0.966 
0.097 0.967 0.101 0.965 0.909 
0.080 0.973 0.179 0.940 0.975 
0.090 0.966 0.110 0.948 0.962 
0.091 0.969 0.064 0.978 0.928 
0.103 0.964 0.112 0.973 0.950 
0.091 0.967 0.101 0.970 0.940 
0.086 0.968 0.059 0.978 0.925 
0.095 0.970 0.065 0.980 0.931 
0.099 0.965 0.083 0.970 0.944 
0.100 0.964 0.095 0.965 0.956 
0.081 0.974 0.137 0.945 0.975 
0.090 0.969 0.125 0.960 0.962 
0.099 0.969 0.167 0.938 0.978 
0.089 0.969 0.095 0.973 0.959 
0.080 0.969 0.079 0.975 0.947 
0.090 0.965 0.108 0.965 0.972 
0.086 0.970 0.059 0.980 0.934 
0.086 0.971 0.071 0.978 0.937 
0.088 0.971 0.112 0.963 0.966 
0.088 0.968 0.077 0.978 0.950 
0.079 0.973 0.065 0.975 0.944 
0.081 0.974 0.092 0.960 0.962 
0.086 0.970 0.073 0.973 0.950 
0.091 0.968 0.102 0.950 0.972 
0.092 0.971 0.070 0.975 0.953 
0.089 0.972 0.086 0.965 0.969 
0.092 0.963 0.114 0.965 0.962 
0.080 0.972 0.073 0.980 0.953 
0.089 0.969 0.048 0.980 0.928 
0.074 0.976 0.045 0.983 0.934 
0.082 0.977 0.087 0.975 0.962 
0.091 0.966 0.111 0.958 0.966 
0.112 0.967 0.065 0.988 0.937 
0.092 0.968 0.111 0.960 0.969 
0.081 0.972 0.048 0.985 0.931 
0.097 0.970 0.092 0.980 0.950 
0.085 0.967 0.102 0.965 0.959 
0.080 0.972 0.089 0.965 0.962 
0.073 0.973 0.069 0.970 0.962 
0.089 0.970 0.077 0.980 0.922 
0.080 0.968 0.104 0.963 0.962 
0.084 0.971 0.071 0.978 0.931 
0.087 0.967 0.088 0.978 0.953 
0.085 0.971 0.086 0.970 0.962 
0.079 0.970 0.151 0.935 0.975 
0.081 0.969 0.065 0.978 0.944 
0.087 0.969 0.074 0.975 0.940 
0.088 0.967 0.061 0.980 0.947 
0.081 0.968 0.100 0.970 0.969 
0.087 0.971 0.165 0.930 0.975 
0.089 0.969 0.093 0.983 0.918 
0.077 0.970 0.059 0.980 0.956 
0.083 0.971 0.050 0.985 0.947 
0.083 0.969 0.075 0.975 0.956 
0.076 0.971 0.049 0.983 0.922 
0.087 0.967 0.053 0.983 0.947 
0.075 0.972 0.121 0.943 0.972 
0.088 0.968 0.108 0.960 0.950 
0.067 0.974 0.090 0.973 0.966 
0.090 0.969 0.082 0.975 0.944 
0.078 0.971 0.131 0.950 0.962 
0.086 0.969 0.097 0.968 0.953 
0.093 0.966 0.087 0.970 0.950 
0.079 0.973 0.124 0.963 0.975 
0.078 0.973 0.072 0.985 0.934 
0.072 0.979 0.125 0.945 0.975 
0.077 0.972 0.063 0.978 0.950 
0.068 0.975 0.060 0.975 0.956 
0.073 0.976 0.055 0.988 0.937 
0.075 0.976 0.103 0.960 0.966 
0.082 0.976 0.079 0.980 0.956 
0.079 0.972 0.105 0.960 0.962 
0.081 0.976 0.079 0.973 0.950 
0.083 0.973 0.085 0.968 0.959 
0.077 0.974 0.078 0.970 0.959 
0.081 0.969 0.065 0.973 0.937 
0.080 0.974 0.076 0.975 0.953 
0.082 0.972 0.141 0.935 0.969 
0.071 0.977 0.079 0.970 0.953 
0.069 0.981 0.245 0.925 0.981 
0.084 0.969 0.035 0.985 0.934 
0.079 0.974 0.108 0.960 0.950 
0.070 0.971 0.118 0.950 0.953 
0.078 0.968 0.089 0.970 0.953 
0.066 0.976 0.058 0.983 0.934 
0.086 0.964 0.062 0.980 0.937 
0.076 0.976 0.109 0.950 0.975 
0.057 0.982 0.108 0.963 0.962 
0.088 0.969 0.116 0.955 0.962 
0.082 0.976 0.062 0.993 0.922 
0.075 0.971 0.124 0.965 0.956 
0.063 0.976 0.137 0.945 0.969 
0.065 0.978 0.066 0.975 0.944 
0.082 0.973 0.164 0.938 0.969 
0.077 0.969 0.088 0.985 0.950 
0.081 0.974 0.131 0.958 0.972 
0.078 0.975 0.040 0.988 0.931 
0.082 0.973 0.064 0.975 0.950 
0.077 0.973 0.072 0.985 0.953 
0.077 0.969 0.206 0.932 0.972 
0.073 0.973 0.043 0.980 0.947 
0.073 0.978 0.046 0.985 0.950 
0.063 0.981 0.064 0.980 0.947 
0.066 0.974 0.150 0.935 0.978 
0.063 0.975 0.097 0.975 0.950 
0.068 0.974 0.065 0.983 0.953 
0.076 0.970 0.141 0.953 0.972 
0.073 0.974 0.093 0.965 0.953 
0.064 0.977 0.090 0.960 0.962 
0.059 0.980 0.035 0.990 0.934 
0.073 0.979 0.189 0.938 0.978 
0.078 0.968 0.128 0.950 0.966 
0.065 0.976 0.076 0.973 0.953 
0.067 0.980 0.058 0.983 0.947 
0.067 0.980 0.113 0.955 0.966 
0.103 0.967 0.095 0.978 0.944 
0.077 0.974 0.074 0.983 0.934 
0.065 0.978 0.104 0.965 0.962 
0.080 0.972 0.110 0.970 0.937 
0.082 0.970 0.087 0.980 0.937 
0.075 0.977 0.091 0.975 0.962 
0.074 0.973 0.099 0.978 0.956 
0.064 0.977 0.084 0.978 0.953 
0.064 0.979 0.093 0.983 0.950 
0.060 0.979 0.116 0.960 0.966 
0.077 0.971 0.085 0.973 0.950 
0.076 0.973 0.098 0.968 0.966 
0.064 0.979 0.078 0.970 0.966 
0.072 0.977 0.097 0.963 0.966 
0.068 0.974 0.052 0.980 0.940 
0.071 0.979 0.097 0.975 0.962 
0.053 0.981 0.187 0.943 0.975 
0.065 0.980 0.067 0.975 0.959 
0.071 0.974 0.071 0.978 0.947 
0.075 0.971 0.141 0.968 0.969 
0.071 0.976 0.093 0.975 0.953 
0.074 0.973 0.063 0.978 0.940 
0.086 0.974 0.111 0.955 0.966 
0.062 0.979 0.096 0.973 0.962 
0.066 0.974 0.104 0.968 0.969 
0.073 0.970 0.118 0.953 0.978 
0.090 0.972 0.115 0.958 0.969 
0.075 0.973 0.087 0.968 0.959 
0.058 0.980 0.040 0.980 0.918 
0.055 0.976 0.089 0.970 0.966 
0.064 0.977 0.049 0.980 0.940 
0.073 0.978 0.079 0.968 0.966 
0.068 0.971 0.106 0.968 0.962 
0.075 0.975 0.069 0.980 0.931 
0.073 0.972 0.073 0.985 0.959 
0.056 0.977 0.082 0.965 0.962 
0.062 0.979 0.079 0.978 0.959 
0.074 0.973 0.105 0.968 0.947 
0.072 0.978 0.070 0.980 0.931 
0.069 0.972 0.105 0.953 0.972 
0.070 0.978 0.060 0.975 0.959 
0.057 0.982 0.064 0.978 0.969 
0.070 0.978 0.092 0.968 0.956 
0.080 0.979 0.094 0.955 0.959 
0.055 0.978 0.072 0.978 0.962 
0.061 0.981 0.048 0.980 0.944 
0.070 0.973 0.050 0.978 0.931 
0.065 0.980 0.097 0.973 0.959 
0.067 0.976 0.079 0.973 0.956 
0.071 0.976 0.088 0.965 0.950 
0.061 0.975 0.068 0.975 0.950 
0.067 0.974 0.061 0.980 0.944 
0.060 0.977 0.055 0.975 0.953 
0.068 0.980 0.057 0.975 0.950 
0.076 0.973 0.086 0.970 0.956 
0.050 0.981 0.075 0.973 0.959 
0.074 0.980 0.097 0.968 0.959 
0.076 0.975 0.054 0.980 0.944 
0.076 0.977 0.083 0.973 0.947 
0.057 0.981 0.156 0.950 0.966 
0.069 0.978 0.063 0.965 0.940 
0.065 0.979 0.121 0.950 0.978 
0.071 0.973 0.080 0.965 0.962 
0.072 0.971 0.082 0.965 0.962 
0.068 0.978 0.073 0.980 0.950 
0.064 0.976 0.043 0.988 0.922 
0.071 0.977 0.058 0.985 0.944 
0.055 0.978 0.059 0.970 0.950 
0.066 0.978 0.094 0.963 0.966 
0.062 0.980 0.042 0.985 0.937 
0.065 0.977 0.077 0.975 0.953 
0.073 0.981 0.061 0.985 0.940 
0.051 0.982 0.058 0.980 0.940 
0.071 0.976 0.084 0.973 0.956 
0.068 0.977 0.081 0.970 0.962 
0.068 0.977 0.092 0.968 0.966 
0.064 0.978 0.070 0.983 0.950 
0.063 0.976 0.071 0.980 0.953 
0.071 0.978 0.078 0.980 0.962 
0.054 0.983 0.088 0.970 0.962 
0.051 0.983 0.065 0.973 0.944 
0.083 0.971 0.073 0.980 0.953 
0.071 0.977 0.127 0.958 0.978 
0.075 0.974 0.065 0.975 0.959 
0.058 0.980 0.047 0.978 0.937 
0.064 0.982 0.087 0.968 0.962 
0.081 0.974 0.066 0.978 0.956 
0.055 0.982 0.052 0.978 0.953 
0.071 0.979 0.065 0.978 0.953 
0.059 0.979 0.047 0.975 0.937 
0.064 0.978 0.118 0.960 0.959 
0.062 0.981 0.064 0.973 0.959 
0.060 0.981 0.046 0.985 0.944 
0.062 0.983 0.075 0.975 0.950 
0.060 0.980 0.115 0.965 0.969 
0.049 0.980 0.086 0.970 0.966 
0.077 0.971 0.084 0.965 0.959 
0.052 0.981 0.108 0.960 0.975 
0.055 0.980 0.044 0.988 0.953 
0.070 0.971 0.088 0.965 0.966 
0.068 0.981 0.062 0.978 0.966 
0.057 0.980 0.043 0.978 0.940 
0.064 0.982 0.066 0.983 0.937 
0.055 0.984 0.083 0.973 0.972 
0.074 0.975 0.062 0.983 0.962 
0.058 0.978 0.051 0.980 0.953 
0.070 0.979 0.086 0.970 0.956 
0.067 0.975 0.047 0.980 0.950 
0.062 0.981 0.063 0.968 0.953 
0.063 0.979 0.064 0.973 0.950 
0.056 0.979 0.085 0.970 0.962 
0.060 0.976 0.057 0.985 0.953 
0.062 0.978 0.061 0.965 0.953 
0.066 0.978 0.115 0.963 0.962 
0.051 0.983 0.062 0.988 0.859 
0.060 0.977 0.059 0.980 0.953 
0.063 0.980 0.090 0.975 0.966 
0.062 0.977 0.162 0.950 0.975 
0.060 0.981 0.054 0.980 0.953 
0.058 0.979 0.081 0.968 0.966 
0.065 0.978 0.122 0.958 0.969 
0.067 0.982 0.058 0.983 0.947 
0.053 0.982 0.052 0.980 0.940 
0.060 0.980 0.053 0.983 0.944 
0.072 0.973 0.054 0.985 0.950 
0.063 0.980 0.066 0.970 0.953 
0.054 0.979 0.048 0.978 0.950 
0.056 0.979 0.056 0.983 0.953 
0.057 0.981 0.080 0.970 0.953 
0.063 0.978 0.088 0.980 0.956 
0.050 0.984 0.102 0.955 0.962 
0.058 0.980 0.132 0.953 0.966 
0.057 0.980 0.080 0.968 0.966 
0.076 0.975 0.140 0.940 0.975 
0.054 0.980 0.077 0.965 0.962 
0.050 0.980 0.090 0.960 0.969 
0.056 0.980 0.122 0.940 0.966 
0.061 0.977 0.136 0.950 0.969 
0.053 0.982 0.091 0.965 0.953 
0.062 0.977 0.076 0.980 0.947 
0.063 0.980 0.072 0.978 0.959 
0.052 0.985 0.122 0.953 0.969 
0.069 0.978 0.122 0.968 0.969 
0.050 0.980 0.065 0.978 0.966 
0.057 0.982 0.113 0.963 0.972 
0.051 0.982 0.088 0.965 0.972 
0.055 0.980 0.060 0.983 0.944 
0.082 0.973 0.110 0.975 0.953 
0.054 0.983 0.058 0.978 0.956 
0.046 0.985 0.047 0.975 0.940 
0.077 0.973 0.119 0.950 0.969 
0.052 0.980 0.136 0.943 0.975 
0.060 0.983 0.070 0.978 0.966 
0.060 0.977 0.154 0.940 0.966 
0.054 0.982 0.066 0.980 0.953 
0.056 0.980 0.045 0.980 0.928 
0.056 0.979 0.069 0.978 0.950 
0.054 0.982 0.047 0.983 0.909 
0.061 0.973 0.066 0.970 0.940 
0.060 0.979 0.079 0.968 0.969 
0.050 0.980 0.091 0.978 0.959 
0.071 0.978 0.082 0.973 0.962 
0.052 0.980 0.066 0.975 0.966 
0.063 0.982 0.143 0.943 0.975 
0.055 0.980 0.057 0.983 0.956 
0.054 0.979 0.054 0.978 0.953 
0.055 0.980 0.060 0.978 0.944 
0.062 0.980 0.035 0.985 0.944 
0.053 0.981 0.064 0.978 0.947 
0.053 0.980 0.042 0.983 0.947 
0.055 0.981 0.070 0.983 0.966 
0.049 0.981 0.126 0.960 0.972 
0.050 0.982 0.045 0.988 0.950 
0.065 0.975 0.153 0.958 0.972 
0.061 0.978 0.053 0.985 0.953 
0.049 0.982 0.070 0.963 0.959 
0.069 0.976 0.052 0.983 0.947 
0.058 0.975 0.061 0.973 0.956 
0.062 0.983 0.095 0.960 0.966 
0.058 0.978 0.125 0.968 0.969 
0.057 0.983 0.084 0.963 0.969 
0.056 0.978 0.034 0.990 0.922 
0.056 0.978 0.047 0.985 0.956 
0.063 0.983 0.059 0.975 0.966 
0.066 0.977 0.079 0.983 0.956 
0.065 0.978 0.059 0.988 0.947 
0.057 0.978 0.081 0.975 0.962 
0.036 0.988 0.050 0.975 0.959 
0.060 0.980 0.110 0.965 0.962 
0.064 0.979 0.059 0.973 0.966 
0.057 0.979 0.079 0.965 0.966 
0.035 0.988 0.079 0.963 0.972 
0.051 0.979 0.031 0.993 0.918 
0.050 0.984 0.141 0.953 0.972 
0.058 0.981 0.075 0.975 0.962 
0.066 0.976 0.100 0.965 0.972 
0.045 0.983 0.126 0.955 0.975 
0.056 0.980 0.047 0.985 0.940 
0.069 0.982 0.076 0.978 0.956 
0.059 0.982 0.141 0.945 0.966 
0.058 0.980 0.058 0.978 0.962 
0.060 0.981 0.088 0.978 0.956 
0.045 0.984 0.069 0.975 0.956 
0.051 0.983 0.094 0.978 0.969 
0.044 0.985 0.056 0.978 0.944 
0.037 0.985 0.085 0.965 0.953 
0.065 0.977 0.086 0.985 0.944 
0.039 0.986 0.167 0.943 0.975 
0.053 0.980 0.115 0.960 0.966 
0.046 0.982 0.136 0.955 0.972 
0.042 0.988 0.079 0.975 0.940 
0.059 0.979 0.104 0.975 0.969 
0.058 0.979 0.062 0.975 0.944 
0.066 0.977 0.042 0.990 0.903 
0.054 0.980 0.088 0.975 0.966 
0.052 0.978 0.105 0.975 0.959 
0.061 0.978 0.043 0.985 0.947 
0.062 0.982 0.048 0.985 0.944 
0.054 0.981 0.084 0.970 0.956 
0.060 0.980 0.066 0.985 0.925 
0.061 0.981 0.057 0.983 0.956 
0.062 0.979 0.066 0.975 0.950 
0.053 0.983 0.053 0.975 0.953 
0.061 0.982 0.070 0.983 0.931 
0.053 0.981 0.104 0.960 0.966 
0.051 0.981 0.075 0.975 0.953 
0.051 0.983 0.064 0.983 0.944 
0.061 0.977 0.096 0.960 0.950 
0.051 0.984 0.065 0.980 0.944 
0.063 0.979 0.081 0.978 0.956 
0.049 0.983 0.101 0.965 0.956 
0.059 0.980 0.079 0.978 0.944 
0.057 0.979 0.083 0.968 0.953 
0.050 0.982 0.032 0.990 0.906 
0.046 0.985 0.131 0.953 0.975 
0.067 0.974 0.090 0.968 0.966 
0.049 0.986 0.060 0.975 0.950 
0.055 0.980 0.070 0.968 0.947 
0.059 0.981 0.137 0.945 0.975 
0.054 0.984 0.087 0.968 0.966 
0.047 0.985 0.067 0.978 0.950 
0.059 0.976 0.087 0.973 0.953 
0.062 0.978 0.053 0.983 0.953 
0.054 0.983 0.044 0.985 0.940 
0.057 0.984 0.071 0.988 0.934 
0.053 0.982 0.143 0.955 0.972 
0.053 0.983 0.037 0.985 0.940 
0.062 0.982 0.084 0.965 0.947 
0.051 0.986 0.139 0.955 0.966 
0.051 0.982 0.097 0.955 0.959 
0.055 0.980 0.089 0.973 0.956 
0.042 0.985 0.149 0.958 0.966 
0.057 0.977 0.140 0.945 0.975 
0.071 0.977 0.254 0.922 0.969 
0.055 0.980 0.053 0.975 0.944 
0.045 0.983 0.069 0.978 0.937 
0.054 0.981 0.040 0.993 0.937 
0.055 0.981 0.046 0.985 0.928 
0.050 0.990 0.077 0.970 0.956 
0.051 0.981 0.088 0.975 0.956 
0.065 0.982 0.073 0.965 0.956 
0.053 0.981 0.224 0.930 0.984 
0.056 0.982 0.120 0.950 0.969 
0.052 0.981 0.137 0.953 0.966 
0.068 0.977 0.145 0.948 0.969 
0.048 0.985 0.081 0.968 0.953 
0.042 0.989 0.087 0.963 0.944 
0.038 0.985 0.123 0.958 0.962 
0.055 0.981 0.106 0.960 0.966 
0.039 0.986 0.185 0.943 0.972 
0.053 0.981 0.104 0.968 0.959 
0.078 0.978 0.257 0.932 0.981 
0.059 0.979 0.038 0.983 0.925 
0.059 0.983 0.175 0.948 0.975 
0.059 0.979 0.119 0.960 0.962 
0.055 0.982 0.069 0.970 0.962 
0.054 0.979 0.119 0.955 0.966 
0.055 0.981 0.098 0.955 0.962 
0.054 0.984 0.184 0.958 0.972 
0.076 0.978 0.106 0.983 0.903 
0.049 0.984 0.112 0.963 0.962 
0.073 0.976 0.154 0.945 0.972 
0.062 0.980 0.084 0.968 0.962 
0.057 0.980 0.077 0.970 0.956 
0.045 0.982 0.061 0.978 0.947 
0.040 0.986 0.079 0.970 0.962 
0.041 0.985 0.169 0.945 0.972 
0.047 0.981 0.089 0.960 0.962 
0.062 0.980 0.108 0.965 0.962 
0.050 0.982 0.187 0.935 0.975 
0.056 0.984 0.083 0.985 0.903 
0.057 0.977 0.067 0.965 0.937 
0.039 0.986 0.109 0.953 0.959 
0.052 0.984 0.087 0.963 0.969 
0.048 0.982 0.050 0.975 0.959 
0.048 0.982 0.042 0.988 0.947 
0.055 0.980 0.103 0.953 0.956 
0.057 0.982 0.114 0.953 0.969 
0.040 0.986 0.083 0.968 0.956 
0.052 0.986 0.074 0.968 0.959 
0.038 0.986 0.096 0.958 0.966 
0.049 0.987 0.063 0.993 0.918 
0.050 0.981 0.187 0.927 0.981 
0.062 0.977 0.092 0.960 0.959 
0.053 0.984 0.059 0.978 0.944 
0.055 0.983 0.080 0.973 0.953 
0.050 0.984 0.111 0.955 0.969 
0.051 0.984 0.105 0.953 0.959 
0.051 0.984 0.072 0.978 0.962 
0.049 0.982 0.070 0.970 0.956 
0.047 0.983 0.071 0.973 0.959 
0.042 0.985 0.085 0.973 0.966 
0.054 0.981 0.077 0.975 0.969 
0.056 0.982 0.046 0.990 0.950 
0.060 0.978 0.069 0.980 0.950 
0.068 0.981 0.078 0.973 0.937 
0.048 0.988 0.066 0.973 0.956 
0.058 0.981 0.068 0.965 0.950 
0.049 0.984 0.152 0.943 0.972 
0.054 0.981 0.107 0.953 0.959 
0.052 0.982 0.075 0.960 0.940 
0.060 0.979 0.052 0.978 0.956 
0.031 0.985 0.157 0.945 0.969 
0.054 0.987 0.062 0.973 0.962 
0.054 0.982 0.045 0.985 0.934 
0.055 0.977 0.076 0.965 0.959 
0.041 0.985 0.065 0.973 0.962 
0.049 0.983 0.055 0.975 0.947 
0.045 0.980 0.098 0.968 0.966 
0.051 0.983 0.096 0.960 0.950 
0.052 0.982 0.085 0.978 0.959 
0.056 0.983 0.092 0.968 0.953 
0.040 0.986 0.081 0.973 0.972 
0.069 0.979 0.168 0.945 0.975 
0.048 0.984 0.038 0.983 0.947 
0.050 0.983 0.060 0.973 0.934 
0.052 0.978 0.075 0.970 0.950 
0.047 0.985 0.043 0.970 0.944 
0.058 0.983 0.064 0.975 0.950 
0.041 0.983 0.077 0.968 0.956 
0.044 0.982 0.055 0.975 0.953 
0.061 0.979 0.081 0.978 0.953 
0.050 0.981 0.127 0.955 0.969 
0.042 0.986 0.076 0.968 0.953 
0.041 0.983 0.052 0.978 0.940 
0.046 0.985 0.051 0.983 0.953 
0.048 0.984 0.140 0.948 0.975 
0.050 0.981 0.090 0.970 0.966 
0.044 0.988 0.075 0.970 0.944 
0.051 0.981 0.047 0.988 0.887 
0.048 0.983 0.134 0.958 0.972 
0.050 0.986 0.075 0.968 0.959 
0.044 0.988 0.047 0.988 0.931 
0.064 0.976 0.125 0.958 0.975 
0.044 0.986 0.044 0.983 0.934 
0.043 0.986 0.108 0.953 0.962 
0.047 0.982 0.060 0.975 0.953 
0.050 0.985 0.058 0.970 0.944 
0.047 0.984 0.049 0.978 0.937 
0.048 0.986 0.047 0.980 0.944 
0.060 0.982 0.194 0.953 0.969 
0.057 0.980 0.084 0.970 0.959 
0.046 0.982 0.166 0.945 0.972 
0.046 0.986 0.046 0.983 0.928 
0.065 0.978 0.062 0.980 0.915 
0.049 0.982 0.053 0.978 0.931 
0.047 0.982 0.056 0.980 0.947 
0.043 0.988 0.068 0.975 0.953 
0.052 0.978 0.063 0.978 0.950 
0.050 0.983 0.058 0.970 0.947 
0.055 0.981 0.107 0.955 0.959 
0.047 0.988 0.047 0.985 0.931 
0.050 0.984 0.118 0.958 0.969 
0.039 0.986 0.051 0.988 0.922 
0.042 0.985 0.091 0.963 0.969 
0.047 0.983 0.078 0.968 0.959 
0.048 0.984 0.064 0.970 0.966 
0.053 0.981 0.086 0.968 0.962 
0.059 0.979 0.048 0.983 0.931 
0.044 0.984 0.073 0.970 0.956 
0.045 0.984 0.056 0.978 0.947 
0.045 0.989 0.101 0.963 0.972 
0.066 0.979 0.123 0.950 0.966 
0.045 0.985 0.106 0.960 0.972 
0.056 0.981 0.053 0.983 0.937 
0.052 0.984 0.103 0.950 0.969 
0.050 0.978 0.075 0.970 0.956 
0.056 0.981 0.129 0.965 0.981 
0.037 0.985 0.038 0.988 0.931 
0.046 0.984 0.056 0.975 0.947 
0.047 0.981 0.056 0.973 0.944 
0.054 0.978 0.047 0.985 0.940 
0.061 0.976 0.078 0.970 0.972 
0.033 0.989 0.132 0.958 0.972 
0.045 0.983 0.045 0.985 0.947 
0.045 0.984 0.057 0.975 0.959 
0.048 0.986 0.042 0.985 0.928 
0.049 0.984 0.069 0.973 0.969 
0.043 0.988 0.069 0.978 0.950 
0.044 0.983 0.076 0.975 0.959 
0.052 0.982 0.113 0.940 0.969 
0.045 0.985 0.092 0.960 0.962 
0.047 0.983 0.058 0.978 0.934 
0.047 0.980 0.079 0.970 0.959 
0.051 0.984 0.120 0.955 0.966 
0.040 0.984 0.053 0.973 0.947 
0.036 0.986 0.067 0.970 0.953 
0.044 0.988 0.192 0.953 0.969 
0.041 0.987 0.091 0.978 0.950 
0.044 0.984 0.143 0.980 0.953 
0.054 0.983 0.138 0.968 0.953 
0.061 0.981 0.036 0.988 0.915 
0.044 0.987 0.056 0.978 0.950 
0.054 0.983 0.050 0.978 0.953 
0.045 0.985 0.125 0.960 0.972 
0.057 0.983 0.098 0.965 0.972 
0.041 0.986 0.108 0.958 0.972 
0.050 0.984 0.058 0.973 0.953 
0.048 0.985 0.134 0.960 0.972 
0.043 0.983 0.046 0.990 0.950 
0.044 0.983 0.072 0.973 0.953 
0.044 0.984 0.048 0.980 0.959 
0.046 0.984 0.087 0.968 0.962 
0.041 0.988 0.099 0.965 0.966 
0.041 0.989 0.109 0.968 0.972 
0.068 0.981 0.072 0.980 0.947 
0.049 0.982 0.147 0.958 0.978 
0.045 0.986 0.071 0.975 0.950 
0.053 0.984 0.060 0.983 0.947 
0.046 0.985 0.068 0.980 0.962 
0.043 0.986 0.107 0.963 0.975 
0.046 0.981 0.052 0.975 0.953 
0.052 0.983 0.079 0.975 0.969 
0.044 0.984 0.045 0.980 0.934 
0.043 0.985 0.060 0.980 0.944 
0.061 0.984 0.078 0.973 0.950 
0.042 0.984 0.065 0.968 0.953 
0.041 0.986 0.061 0.970 0.950 
0.065 0.980 0.079 0.968 0.966 
0.050 0.987 0.098 0.970 0.959 
0.044 0.981 0.065 0.973 0.959 
0.047 0.983 0.059 0.978 0.956 
0.033 0.989 0.106 0.963 0.972 
0.039 0.986 0.048 0.980 0.931 
0.035 0.986 0.112 0.960 0.962 
0.044 0.984 0.109 0.963 0.969 
0.028 0.990 0.077 0.965 0.972 
0.043 0.983 0.031 0.990 0.918 
0.050 0.984 0.060 0.983 0.940 
0.038 0.987 0.119 0.965 0.969 
0.050 0.984 0.094 0.973 0.969 
0.041 0.981 0.171 0.948 0.978 
0.050 0.981 0.176 0.950 0.978 
0.044 0.982 0.133 0.958 0.969 
0.046 0.984 0.082 0.975 0.962 
0.037 0.990 0.181 0.950 0.975 
0.037 0.987 0.084 0.973 0.953 
0.046 0.986 0.041 0.985 0.934 
0.036 0.989 0.056 0.980 0.931 
0.044 0.985 0.049 0.990 0.937 
0.043 0.984 0.160 0.955 0.972 
0.032 0.991 0.080 0.978 0.959 
0.042 0.981 0.114 0.978 0.966 
0.055 0.979 0.391 0.912 0.984 
0.051 0.982 0.068 0.978 0.950 
0.041 0.988 0.101 0.968 0.969 
0.033 0.983 0.034 0.988 0.940 
0.039 0.988 0.167 0.943 0.975 
0.046 0.985 0.083 0.978 0.944 
0.051 0.986 0.084 0.973 0.962 
0.041 0.986 0.040 0.983 0.937 
0.042 0.989 0.037 0.990 0.937 
0.051 0.981 0.105 0.973 0.956 
0.049 0.983 0.076 0.983 0.956 
0.076 0.979 0.109 0.970 0.959 
0.052 0.980 0.077 0.970 0.956 
0.043 0.983 0.125 0.965 0.962 
0.044 0.988 0.063 0.978 0.953 
0.048 0.980 0.051 0.980 0.944 
0.047 0.985 0.215 0.945 0.969 
0.055 0.985 0.078 0.968 0.969 
0.044 0.982 0.073 0.970 0.962 
0.040 0.987 0.031 0.985 0.950 
0.042 0.985 0.035 0.988 0.944 
0.047 0.986 0.066 0.973 0.950 
0.039 0.988 0.043 0.980 0.940 
0.048 0.982 0.048 0.973 0.953 
0.041 0.985 0.091 0.960 0.972 
0.044 0.984 0.065 0.973 0.972 
0.030 0.990 0.072 0.983 0.928 
0.043 0.984 0.144 0.960 0.972 
0.042 0.986 0.060 0.985 0.956 
0.044 0.986 0.102 0.963 0.966 
0.040 0.985 0.083 0.978 0.969 
0.040 0.991 0.051 0.978 0.953 
0.040 0.987 0.057 0.975 0.947 
0.037 0.989 0.082 0.973 0.972 
0.044 0.981 0.059 0.975 0.962 
0.047 0.986 0.159 0.945 0.978 
0.062 0.979 0.168 0.950 0.975 
0.042 0.988 0.062 0.975 0.966 
0.041 0.988 0.090 0.973 0.966 
0.040 0.986 0.043 0.978 0.944 
0.035 0.989 0.060 0.975 0.962 
0.050 0.987 0.051 0.988 0.940 
0.036 0.986 0.061 0.983 0.959 
0.046 0.985 0.078 0.965 0.962 
0.047 0.985 0.063 0.973 0.956 
0.043 0.984 0.102 0.958 0.962 
0.044 0.983 0.047 0.988 0.918 
0.044 0.986 0.094 0.970 0.966 
0.040 0.988 0.122 0.955 0.953 
0.052 0.984 0.061 0.978 0.937 
0.042 0.986 0.045 0.980 0.947 
0.041 0.984 0.093 0.955 0.962 
0.032 0.988 0.062 0.973 0.959 
0.053 0.981 0.041 0.983 0.931 
0.042 0.986 0.091 0.965 0.953 
0.040 0.990 0.164 0.965 0.962 
0.050 0.983 0.099 0.973 0.950 
0.035 0.987 0.099 0.970 0.956 
0.036 0.987 0.140 0.965 0.962 
0.044 0.983 0.095 0.958 0.962 
0.046 0.981 0.109 0.950 0.969 
0.042 0.987 0.082 0.970 0.956 
0.051 0.983 0.177 0.945 0.966 
0.055 0.982 0.102 0.948 0.959 
0.043 0.985 0.040 0.988 0.934 
0.050 0.986 0.073 0.970 0.962 
0.046 0.986 0.090 0.965 0.962 
0.060 0.984 0.151 0.950 0.972 
0.053 0.980 0.069 0.975 0.947 
0.045 0.986 0.052 0.978 0.947 
0.035 0.983 0.128 0.950 0.962 
0.044 0.986 0.097 0.953 0.956 
0.040 0.987 0.073 0.973 0.953 
0.045 0.989 0.074 0.980 0.950 
0.049 0.984 0.144 0.945 0.962 
0.039 0.984 0.087 0.970 0.953 
0.044 0.983 0.092 0.968 0.962 
0.042 0.984 0.080 0.965 0.947 
0.043 0.988 0.047 0.985 0.940 
0.048 0.985 0.050 0.978 0.922 
0.050 0.983 0.099 0.963 0.956 
0.040 0.986 0.068 0.975 0.944 
0.051 0.984 0.143 0.948 0.966 
0.039 0.986 0.123 0.960 0.972 
0.043 0.986 0.136 0.958 0.972 
0.039 0.985 0.045 0.983 0.947 
0.050 0.986 0.109 0.968 0.969 
0.046 0.986 0.046 0.980 0.947 
0.037 0.986 0.112 0.958 0.953 
0.033 0.987 0.101 0.970 0.966 
0.057 0.984 0.068 0.973 0.944 
0.035 0.988 0.072 0.975 0.947 
0.044 0.986 0.043 0.983 0.944 
0.058 0.981 0.075 0.970 0.969 
0.034 0.987 0.061 0.970 0.956 
0.043 0.983 0.073 0.970 0.950 
0.045 0.984 0.058 0.970 0.937 
0.049 0.982 0.061 0.980 0.953 
0.039 0.988 0.063 0.973 0.959 
0.039 0.988 0.127 0.965 0.956 
0.050 0.985 0.117 0.958 0.969 
0.030 0.986 0.108 0.975 0.953 
0.050 0.980 0.026 0.988 0.922 
0.040 0.985 0.040 0.983 0.944 
0.048 0.986 0.112 0.958 0.966 
0.038 0.985 0.058 0.983 0.953 
0.036 0.990 0.093 0.970 0.950 
0.059 0.985 0.040 0.988 0.944 
0.042 0.989 0.048 0.983 0.937 
0.040 0.988 0.041 0.985 0.940 
0.059 0.981 0.151 0.953 0.966 
0.052 0.981 0.140 0.958 0.969 
0.027 0.991 0.070 0.970 0.959 
0.033 0.988 0.057 0.968 0.953 
0.044 0.985 0.084 0.970 0.956 
0.043 0.987 0.041 0.983 0.931 
0.043 0.986 0.045 0.980 0.953 
0.027 0.989 0.042 0.980 0.940 
0.038 0.988 0.094 0.963 0.944 
0.056 0.981 0.045 0.975 0.940 
0.043 0.986 0.115 0.963 0.959 
0.040 0.987 0.071 0.980 0.956 
0.056 0.979 0.077 0.973 0.959 
0.037 0.988 0.052 0.988 0.950 
0.050 0.983 0.066 0.983 0.950 
0.034 0.992 0.068 0.973 0.947 
0.060 0.982 0.055 0.983 0.947 
0.045 0.983 0.078 0.970 0.956 
0.030 0.989 0.062 0.983 0.950 
0.052 0.981 0.158 0.953 0.978 
0.040 0.986 0.039 0.980 0.937 
0.031 0.988 0.068 0.975 0.966 
0.044 0.985 0.129 0.965 0.975 
0.052 0.988 0.076 0.973 0.956 
0.044 0.986 0.057 0.980 0.925 
0.033 0.986 0.046 0.980 0.940 
0.037 0.986 0.146 0.958 0.972 
0.038 0.989 0.110 0.968 0.966 
0.040 0.984 0.090 0.960 0.953 
0.049 0.985 0.076 0.965 0.962 
0.040 0.985 0.042 0.985 0.915 
0.053 0.982 0.115 0.955 0.959 
0.048 0.984 0.076 0.968 0.959 
0.039 0.988 0.085 0.968 0.959 
0.046 0.985 0.096 0.973 0.953 
0.052 0.984 0.056 0.990 0.931 
0.043 0.984 0.051 0.983 0.944 
0.029 0.991 0.155 0.960 0.966 
0.040 0.987 0.105 0.975 0.959 
0.056 0.977 0.075 0.985 0.944 
0.040 0.986 0.058 0.975 0.953 
0.047 0.983 0.039 0.985 0.940 
0.049 0.983 0.065 0.970 0.953 
0.056 0.981 0.038 0.985 0.934 
0.036 0.988 0.094 0.978 0.959 
0.029 0.988 0.055 0.983 0.959 
0.046 0.983 0.069 0.975 0.972 
0.034 0.988 0.078 0.970 0.962 
0.038 0.986 0.063 0.970 0.950 
0.037 0.989 0.047 0.978 0.931 
0.033 0.990 0.098 0.965 0.969 
0.039 0.984 0.105 0.970 0.975 
0.042 0.982 0.056 0.980 0.937 
0.058 0.986 0.071 0.975 0.959 
0.046 0.983 0.139 0.958 0.978 
0.049 0.979 0.043 0.988 0.928 
0.031 0.990 0.081 0.958 0.947 
0.055 0.982 0.036 0.983 0.947 
0.050 0.983 0.038 0.988 0.928 
0.049 0.984 0.036 0.988 0.931 
0.041 0.989 0.042 0.990 0.900 
0.041 0.988 0.047 0.983 0.934 
0.033 0.985 0.049 0.978 0.944 
0.037 0.989 0.036 0.983 0.928 
0.044 0.984 0.090 0.963 0.969 
0.038 0.984 0.050 0.983 0.928 
0.047 0.982 0.149 0.958 0.953 
0.060 0.985 0.075 0.975 0.969 
0.058 0.984 0.046 0.978 0.947 
0.025 0.994 0.072 0.970 0.950 
0.042 0.989 0.137 0.963 0.962 
0.034 0.986 0.043 0.973 0.944 
0.032 0.990 0.091 0.970 0.962 
0.051 0.984 0.073 0.968 0.947 
0.036 0.990 0.057 0.973 0.940 
0.037 0.985 0.069 0.980 0.953 
0.036 0.989 0.044 0.983 0.947 
0.046 0.984 0.050 0.983 0.947 
0.058 0.984 0.027 0.990 0.925 
0.038 0.990 0.076 0.973 0.962 
0.032 0.988 0.107 0.963 0.975 
0.040 0.988 0.059 0.978 0.962 
0.048 0.984 0.070 0.975 0.950 
0.037 0.988 0.047 0.978 0.947 
0.038 0.986 0.039 0.983 0.934 
0.033 0.987 0.044 0.975 0.956 
0.056 0.980 0.028 0.990 0.915 
0.044 0.985 0.077 0.975 0.959 
0.049 0.988 0.085 0.968 0.966 
0.033 0.990 0.174 0.963 0.969 
0.048 0.985 0.049 0.980 0.959 
0.039 0.985 0.084 0.980 0.972 
0.035 0.988 0.249 0.955 0.972 
0.043 0.984 0.124 0.965 0.975 
0.043 0.988 0.055 0.980 0.944 
0.045 0.982 0.041 0.983 0.940 
0.038 0.989 0.044 0.975 0.953 
0.035 0.987 0.029 0.985 0.944 
0.033 0.986 0.078 0.965 0.966 
0.033 0.989 0.084 0.960 0.972 
0.044 0.986 0.100 0.960 0.966 
0.062 0.985 0.034 0.988 0.934 
0.045 0.984 0.036 0.978 0.944 
0.055 0.984 0.051 0.985 0.956 
0.032 0.990 0.096 0.978 0.975 
0.045 0.985 0.035 0.985 0.931 
0.032 0.987 0.030 0.993 0.928 
0.040 0.987 0.079 0.968 0.962 
0.043 0.986 0.122 0.955 0.947 
0.062 0.979 0.095 0.963 0.966 
0.026 0.990 0.043 0.985 0.959 
0.031 0.991 0.041 0.985 0.925 
0.035 0.989 0.031 0.988 0.928 
0.031 0.989 0.036 0.980 0.937 
0.044 0.986 0.034 0.983 0.937 
0.053 0.981 0.091 0.965 0.966 
0.040 0.986 0.083 0.975 0.962 
0.084 0.984 0.078 0.980 0.953 
0.064 0.984 0.037 0.985 0.947 
0.045 0.986 0.041 0.983 0.950 
0.047 0.983 0.047 0.978 0.959 
0.042 0.987 0.045 0.983 0.959 
0.046 0.984 0.036 0.985 0.931 
0.033 0.986 0.027 0.988 0.931 
0.037 0.988 0.059 0.970 0.950 
0.032 0.989 0.059 0.980 0.953 
0.044 0.984 0.027 0.990 0.884 
0.039 0.987 0.076 0.973 0.959 
0.042 0.987 0.072 0.975 0.950 
0.059 0.982 0.042 0.988 0.934 
0.040 0.986 0.074 0.973 0.950 
0.039 0.989 0.050 0.980 0.937 
0.023 0.988 0.032 0.990 0.944 
0.036 0.990 0.024 0.993 0.931 
0.041 0.986 0.099 0.968 0.969 
0.036 0.989 0.166 0.955 0.975 
0.037 0.990 0.214 0.955 0.978 
0.043 0.985 0.069 0.970 0.959 
0.047 0.984 0.065 0.968 0.959 
0.042 0.988 0.109 0.968 0.975 
0.048 0.983 0.041 0.980 0.956 
0.043 0.986 0.054 0.980 0.953 
0.040 0.989 0.043 0.985 0.934 
0.040 0.990 0.076 0.980 0.959 
0.035 0.990 0.114 0.968 0.972 
0.040 0.986 0.061 0.975 0.966 
0.046 0.985 0.080 0.975 0.950 
0.038 0.986 0.028 0.990 0.918 
0.042 0.988 0.142 0.958 0.972 
0.047 0.986 0.034 0.985 0.937 
0.055 0.984 0.072 0.978 0.959 
0.047 0.986 0.112 0.960 0.959 
0.029 0.992 0.149 0.953 0.962 
0.042 0.984 0.070 0.980 0.944 
0.032 0.989 0.128 0.968 0.972 
0.052 0.985 0.079 0.970 0.962 
0.045 0.983 0.064 0.970 0.953 
0.039 0.985 0.090 0.965 0.972 
0.040 0.986 0.065 0.970 0.959 
0.030 0.992 0.071 0.965 0.972 
0.043 0.982 0.093 0.968 0.966 
0.045 0.987 0.027 0.990 0.944 
0.036 0.988 0.037 0.985 0.947 
0.031 0.988 0.025 0.985 0.934 
0.037 0.988 0.031 0.985 0.931 
0.045 0.985 0.038 0.983 0.937 
0.041 0.985 0.083 0.965 0.972 
0.045 0.985 0.034 0.988 0.944 
0.049 0.986 0.126 0.960 0.978 
0.029 0.991 0.051 0.985 0.944 
0.042 0.986 0.075 0.978 0.953 
0.031 0.990 0.173 0.963 0.972 
0.043 0.989 0.089 0.968 0.966 
0.033 0.991 0.128 0.963 0.975 
0.043 0.988 0.104 0.968 0.972 
0.042 0.986 0.135 0.973 0.978 
0.025 0.991 0.113 0.965 0.962 
0.048 0.986 0.046 0.988 0.947 
0.046 0.984 0.053 0.983 0.956 
0.026 0.992 0.051 0.975 0.959 
0.051 0.988 0.067 0.988 0.953 
0.040 0.990 0.023 0.993 0.940 
0.056 0.982 0.033 0.993 0.953 
0.039 0.988 0.048 0.978 0.962 
0.044 0.985 0.053 0.985 0.950 
0.038 0.990 0.057 0.975 0.959 
0.046 0.981 0.038 0.990 0.944 
0.041 0.987 0.190 0.960 0.975 
0.037 0.989 0.114 0.978 0.944 
0.045 0.988 0.142 0.963 0.972 
0.038 0.987 0.036 0.990 0.884 
0.036 0.987 0.043 0.983 0.928 
0.040 0.983 0.031 0.993 0.925 
0.043 0.985 0.050 0.973 0.953 
0.041 0.983 0.022 0.988 0.922 
