0.391 0.834 0.181 0.970 0.306 
0.309 0.881 0.169 0.953 0.363 
0.257 0.899 0.144 0.945 0.465 
0.231 0.909 0.138 0.948 0.522 
0.227 0.911 0.198 0.955 0.599 
0.214 0.923 0.198 0.970 0.662 
0.221 0.917 0.128 0.955 0.516 
0.199 0.929 0.135 0.955 0.710 
0.188 0.935 0.156 0.970 0.847 
0.166 0.942 0.197 0.948 0.825 
0.189 0.934 0.103 0.975 0.669 
0.198 0.932 0.119 0.980 0.806 
0.166 0.938 0.110 0.965 0.608 
0.164 0.943 0.171 0.960 0.838 
0.166 0.945 0.131 0.978 0.742 
0.142 0.947 0.153 0.970 0.866 
0.158 0.951 0.165 0.963 0.812 
0.156 0.945 0.169 0.965 0.806 
0.145 0.952 0.118 0.980 0.844 
0.150 0.944 0.160 0.965 0.873 
0.144 0.949 0.123 0.963 0.787 
0.143 0.951 0.126 0.973 0.847 
0.150 0.952 0.118 0.965 0.752 
0.144 0.952 0.095 0.980 0.777 
0.159 0.947 0.099 0.980 0.834 
0.144 0.951 0.165 0.953 0.920 
0.125 0.956 0.136 0.955 0.825 
0.137 0.954 0.104 0.978 0.860 
0.142 0.952 0.132 0.970 0.892 
0.142 0.954 0.093 0.980 0.790 
0.131 0.959 0.129 0.970 0.876 
0.117 0.955 0.146 0.970 0.924 
0.116 0.958 0.138 0.973 0.920 
0.116 0.963 0.098 0.980 0.866 
0.116 0.963 0.122 0.980 0.860 
0.136 0.957 0.096 0.983 0.825 
0.129 0.958 0.121 0.978 0.882 
0.120 0.956 0.139 0.963 0.943 
0.122 0.957 0.113 0.978 0.901 
0.117 0.958 0.092 0.980 0.854 
0.119 0.960 0.090 0.970 0.812 
0.119 0.957 0.122 0.965 0.869 
0.110 0.966 0.134 0.970 0.917 
0.121 0.959 0.085 0.980 0.863 
0.124 0.964 0.113 0.968 0.885 
0.104 0.963 0.160 0.968 0.936 
0.113 0.960 0.111 0.968 0.860 
0.124 0.963 0.163 0.968 0.920 
0.113 0.964 0.117 0.978 0.898 
0.114 0.961 0.202 0.965 0.946 
0.108 0.964 0.126 0.978 0.930 
0.101 0.966 0.141 0.965 0.949 
0.108 0.959 0.101 0.978 0.892 
0.110 0.959 0.081 0.980 0.841 
0.101 0.963 0.143 0.965 0.952 
0.099 0.966 0.092 0.975 0.844 
0.089 0.968 0.129 0.975 0.933 
0.094 0.972 0.097 0.985 0.857 
0.107 0.967 0.125 0.980 0.898 
0.098 0.965 0.110 0.970 0.933 
0.106 0.961 0.152 0.973 0.933 
0.101 0.970 0.091 0.978 0.904 
0.106 0.964 0.121 0.973 0.943 
0.099 0.968 0.118 0.970 0.898 
0.083 0.969 0.088 0.975 0.914 
0.090 0.970 0.090 0.980 0.882 
0.082 0.970 0.125 0.970 0.955 
0.093 0.965 0.109 0.978 0.917 
0.087 0.970 0.121 0.973 0.936 
0.090 0.968 0.109 0.975 0.930 
0.086 0.967 0.089 0.975 0.879 
0.109 0.968 0.129 0.973 0.933 
0.100 0.968 0.098 0.973 0.876 
0.097 0.968 0.105 0.980 0.898 
0.089 0.971 0.102 0.973 0.889 
0.098 0.966 0.105 0.975 0.901 
0.083 0.973 0.125 0.970 0.917 
0.084 0.973 0.105 0.970 0.930 
0.072 0.976 0.194 0.960 0.962 
0.079 0.975 0.103 0.975 0.895 
0.085 0.970 0.079 0.980 0.869 
0.072 0.980 0.146 0.965 0.959 
0.091 0.969 0.113 0.970 0.936 
0.089 0.972 0.098 0.973 0.917 
0.081 0.977 0.143 0.963 0.943 
0.087 0.969 0.137 0.973 0.930 
0.095 0.970 0.103 0.978 0.914 
0.082 0.970 0.105 0.975 0.873 
0.095 0.971 0.106 0.970 0.914 
0.078 0.973 0.126 0.970 0.924 
0.080 0.972 0.081 0.975 0.908 
0.085 0.971 0.084 0.975 0.869 
0.082 0.974 0.192 0.950 0.968 
0.080 0.974 0.117 0.975 0.914 
0.082 0.970 0.140 0.955 0.936 
0.088 0.974 0.138 0.960 0.939 
0.073 0.975 0.101 0.970 0.904 
0.086 0.970 0.142 0.973 0.952 
0.091 0.970 0.109 0.973 0.924 
0.072 0.974 0.094 0.978 0.889 
0.077 0.972 0.098 0.973 0.933 
0.085 0.972 0.080 0.980 0.904 
0.081 0.967 0.108 0.973 0.936 
0.072 0.977 0.117 0.975 0.933 
0.082 0.972 0.077 0.980 0.889 
0.069 0.976 0.133 0.955 0.955 
0.072 0.973 0.102 0.973 0.927 
0.070 0.980 0.200 0.960 0.968 
0.083 0.966 0.107 0.975 0.898 
0.061 0.981 0.092 0.983 0.873 
0.083 0.972 0.110 0.973 0.920 
0.056 0.981 0.101 0.975 0.930 
0.070 0.980 0.077 0.983 0.885 
0.089 0.965 0.134 0.968 0.936 
0.072 0.976 0.121 0.970 0.924 
0.063 0.978 0.133 0.973 0.927 
0.073 0.974 0.136 0.970 0.939 
0.102 0.968 0.146 0.970 0.949 
0.085 0.972 0.127 0.973 0.936 
0.071 0.978 0.111 0.970 0.866 
0.072 0.973 0.121 0.973 0.924 
0.066 0.977 0.108 0.973 0.946 
0.075 0.976 0.112 0.973 0.936 
0.065 0.978 0.131 0.970 0.946 
0.070 0.977 0.111 0.973 0.911 
0.067 0.978 0.115 0.973 0.939 
0.076 0.974 0.081 0.978 0.914 
0.074 0.978 0.128 0.973 0.949 
0.058 0.981 0.084 0.983 0.879 
0.077 0.977 0.132 0.965 0.946 
0.066 0.976 0.085 0.978 0.908 
0.075 0.974 0.119 0.973 0.936 
0.079 0.972 0.109 0.975 0.924 
0.060 0.976 0.138 0.970 0.955 
0.074 0.976 0.095 0.975 0.930 
0.051 0.983 0.154 0.963 0.955 
0.082 0.976 0.148 0.970 0.952 
0.076 0.973 0.107 0.975 0.904 
0.063 0.980 0.100 0.978 0.914 
0.063 0.980 0.134 0.970 0.936 
0.076 0.977 0.094 0.975 0.927 
0.062 0.980 0.079 0.975 0.904 
0.065 0.980 0.086 0.975 0.895 
0.072 0.977 0.083 0.980 0.908 
0.070 0.977 0.123 0.975 0.911 
0.071 0.973 0.115 0.978 0.908 
0.062 0.977 0.137 0.973 0.946 
0.061 0.981 0.135 0.970 0.930 
0.079 0.977 0.085 0.978 0.939 
0.070 0.979 0.101 0.975 0.939 
0.059 0.980 0.147 0.968 0.952 
0.070 0.980 0.110 0.973 0.927 
0.061 0.977 0.121 0.975 0.946 
0.067 0.984 0.106 0.970 0.930 
0.067 0.980 0.102 0.975 0.917 
0.070 0.976 0.103 0.973 0.946 
0.071 0.979 0.112 0.970 0.943 
0.071 0.978 0.199 0.953 0.965 
0.064 0.977 0.123 0.973 0.936 
0.066 0.976 0.113 0.973 0.927 
0.071 0.972 0.170 0.965 0.946 
0.055 0.982 0.104 0.980 0.898 
0.069 0.978 0.194 0.963 0.952 
0.055 0.981 0.176 0.973 0.955 
0.076 0.973 0.094 0.980 0.920 
0.065 0.979 0.092 0.978 0.914 
0.080 0.973 0.106 0.973 0.920 
0.054 0.981 0.109 0.978 0.914 
0.047 0.986 0.213 0.970 0.949 
0.053 0.979 0.176 0.978 0.917 
0.061 0.980 0.122 0.975 0.924 
0.053 0.984 0.188 0.950 0.952 
0.048 0.984 0.140 0.970 0.946 
0.057 0.979 0.131 0.978 0.943 
0.048 0.984 0.159 0.970 0.933 
0.049 0.986 0.140 0.968 0.914 
0.060 0.982 0.163 0.968 0.949 
0.054 0.978 0.165 0.958 0.933 
0.049 0.986 0.263 0.958 0.959 
0.074 0.976 0.097 0.985 0.892 
0.063 0.977 0.156 0.975 0.952 
0.050 0.982 0.121 0.975 0.933 
0.051 0.980 0.132 0.970 0.952 
0.066 0.978 0.160 0.973 0.952 
0.057 0.977 0.186 0.968 0.962 
0.052 0.981 0.130 0.980 0.920 
0.069 0.980 0.193 0.968 0.946 
0.044 0.985 0.143 0.973 0.920 
0.057 0.979 0.108 0.975 0.927 
0.070 0.980 0.117 0.975 0.939 
0.052 0.981 0.107 0.975 0.924 
0.067 0.979 0.180 0.968 0.965 
0.063 0.981 0.090 0.980 0.908 
0.064 0.974 0.246 0.912 0.971 
0.057 0.980 0.106 0.975 0.927 
0.047 0.982 0.143 0.980 0.904 
0.056 0.984 0.153 0.968 0.924 
0.052 0.982 0.193 0.968 0.943 
0.071 0.977 0.137 0.975 0.939 
0.062 0.983 0.150 0.968 0.955 
0.053 0.982 0.137 0.968 0.952 
0.055 0.981 0.108 0.978 0.901 
0.042 0.984 0.144 0.970 0.943 
0.058 0.980 0.144 0.965 0.949 
0.056 0.982 0.119 0.973 0.911 
0.055 0.980 0.165 0.973 0.939 
0.066 0.981 0.103 0.975 0.898 
0.060 0.981 0.171 0.968 0.943 
0.060 0.984 0.167 0.970 0.933 
0.051 0.982 0.146 0.983 0.908 
0.072 0.977 0.171 0.970 0.946 
0.057 0.981 0.195 0.960 0.959 
0.054 0.980 0.222 0.970 0.930 
0.051 0.981 0.204 0.958 0.911 
0.054 0.980 0.130 0.978 0.904 
0.062 0.981 0.153 0.975 0.930 
0.060 0.983 0.112 0.975 0.892 
0.055 0.983 0.175 0.975 0.914 
0.055 0.983 0.143 0.975 0.939 
0.056 0.981 0.251 0.968 0.952 
0.047 0.983 0.228 0.975 0.917 
0.057 0.980 0.185 0.973 0.920 
0.048 0.984 0.146 0.963 0.895 
0.049 0.984 0.113 0.978 0.879 
0.055 0.981 0.132 0.973 0.879 
0.052 0.984 0.246 0.965 0.933 
0.058 0.982 0.233 0.965 0.939 
0.058 0.981 0.105 0.980 0.850 
0.051 0.982 0.188 0.970 0.943 
0.049 0.984 0.210 0.965 0.943 
0.042 0.985 0.123 0.975 0.904 
0.051 0.981 0.168 0.968 0.917 
0.062 0.981 0.100 0.975 0.933 
0.054 0.984 0.255 0.948 0.952 
0.059 0.980 0.185 0.960 0.933 
0.052 0.980 0.129 0.968 0.933 
0.042 0.986 0.097 0.978 0.904 
0.055 0.979 0.121 0.973 0.920 
0.059 0.980 0.127 0.963 0.946 
0.050 0.982 0.108 0.973 0.930 
0.044 0.981 0.240 0.958 0.962 
0.067 0.980 0.142 0.965 0.946 
0.055 0.985 0.227 0.963 0.965 
0.047 0.988 0.100 0.980 0.876 
0.040 0.985 0.227 0.968 0.930 
0.058 0.982 0.091 0.973 0.885 
0.043 0.984 0.152 0.968 0.927 
0.038 0.987 0.173 0.968 0.882 
0.052 0.981 0.221 0.970 0.933 
0.040 0.984 0.201 0.973 0.939 
0.062 0.981 0.250 0.965 0.955 
0.043 0.987 0.203 0.970 0.933 
0.043 0.985 0.182 0.970 0.936 
0.050 0.981 0.116 0.965 0.914 
0.057 0.976 0.103 0.970 0.889 
0.050 0.984 0.139 0.975 0.920 
0.058 0.981 0.170 0.965 0.949 
0.048 0.983 0.148 0.975 0.936 
0.046 0.986 0.189 0.960 0.946 
0.051 0.980 0.128 0.968 0.927 
0.049 0.984 0.138 0.973 0.930 
0.050 0.985 0.186 0.965 0.949 
0.042 0.985 0.239 0.960 0.946 
0.046 0.985 0.277 0.958 0.946 
0.055 0.980 0.310 0.955 0.949 
0.051 0.982 0.175 0.975 0.946 
0.041 0.988 0.267 0.955 0.952 
0.069 0.982 0.127 0.978 0.930 
0.053 0.985 0.100 0.978 0.895 
0.061 0.977 0.160 0.973 0.933 
0.045 0.985 0.134 0.975 0.904 
0.044 0.988 0.322 0.940 0.962 
0.041 0.988 0.131 0.970 0.933 
0.058 0.984 0.143 0.970 0.943 
0.052 0.983 0.247 0.970 0.949 
0.050 0.983 0.122 0.968 0.908 
0.042 0.984 0.180 0.970 0.930 
0.031 0.987 0.174 0.965 0.911 
0.045 0.984 0.254 0.948 0.955 
0.046 0.984 0.322 0.958 0.933 
0.046 0.982 0.234 0.970 0.936 
0.051 0.982 0.139 0.978 0.917 
0.045 0.989 0.340 0.968 0.930 
0.044 0.988 0.385 0.963 0.952 
0.044 0.984 0.169 0.970 0.889 
0.047 0.988 0.171 0.975 0.914 
0.042 0.985 0.200 0.968 0.936 
0.045 0.985 0.225 0.968 0.949 
0.039 0.987 0.159 0.975 0.901 
0.064 0.980 0.196 0.968 0.933 
0.044 0.986 0.216 0.970 0.943 
0.047 0.984 0.219 0.975 0.933 
0.049 0.984 0.136 0.968 0.920 
0.042 0.986 0.172 0.960 0.952 
0.049 0.983 0.272 0.965 0.955 
0.056 0.983 0.164 0.968 0.943 
0.048 0.983 0.114 0.978 0.924 
0.054 0.984 0.151 0.970 0.946 
0.049 0.985 0.106 0.968 0.908 
0.054 0.981 0.100 0.968 0.904 
0.043 0.985 0.185 0.970 0.939 
0.042 0.985 0.231 0.965 0.952 
0.048 0.987 0.168 0.968 0.927 
0.045 0.983 0.192 0.973 0.946 
0.048 0.984 0.125 0.973 0.917 
0.046 0.985 0.153 0.975 0.936 
0.039 0.987 0.156 0.963 0.917 
0.042 0.987 0.242 0.965 0.946 
0.054 0.982 0.107 0.970 0.924 
0.036 0.989 0.223 0.965 0.946 
0.047 0.985 0.221 0.965 0.936 
0.051 0.984 0.180 0.965 0.949 
0.051 0.982 0.183 0.965 0.962 
0.041 0.988 0.260 0.948 0.965 
0.036 0.987 0.218 0.963 0.959 
0.054 0.984 0.163 0.965 0.924 
0.050 0.984 0.134 0.973 0.920 
0.047 0.986 0.321 0.970 0.952 
0.043 0.984 0.206 0.968 0.946 
0.037 0.990 0.347 0.965 0.965 
0.038 0.986 0.256 0.958 0.955 
0.047 0.985 0.132 0.975 0.904 
0.048 0.984 0.210 0.968 0.949 
0.047 0.985 0.146 0.975 0.930 
0.043 0.985 0.158 0.968 0.939 
0.047 0.985 0.238 0.968 0.939 
0.041 0.986 0.212 0.973 0.936 
0.049 0.986 0.173 0.968 0.943 
0.037 0.988 0.232 0.965 0.936 
0.058 0.976 0.163 0.973 0.908 
0.044 0.985 0.199 0.973 0.914 
0.042 0.987 0.276 0.960 0.962 
0.044 0.982 0.278 0.968 0.959 
0.050 0.983 0.267 0.968 0.962 
0.032 0.990 0.206 0.968 0.924 
0.044 0.984 0.277 0.960 0.959 
0.044 0.984 0.170 0.970 0.946 
0.047 0.982 0.259 0.958 0.959 
0.045 0.984 0.361 0.958 0.968 
0.049 0.984 0.125 0.983 0.904 
0.041 0.986 0.142 0.975 0.930 
0.039 0.988 0.211 0.965 0.955 
0.047 0.984 0.158 0.983 0.914 
0.053 0.983 0.316 0.968 0.949 
0.027 0.993 0.164 0.970 0.936 
0.045 0.984 0.175 0.965 0.930 
0.058 0.981 0.115 0.973 0.914 
0.058 0.982 0.145 0.973 0.933 
0.052 0.982 0.149 0.978 0.911 
0.030 0.992 0.161 0.975 0.949 
0.049 0.984 0.163 0.975 0.920 
0.050 0.982 0.257 0.968 0.955 
0.045 0.986 0.137 0.978 0.946 
0.035 0.991 0.112 0.975 0.936 
0.047 0.983 0.131 0.970 0.933 
0.045 0.983 0.148 0.973 0.936 
0.035 0.985 0.120 0.968 0.920 
0.038 0.988 0.248 0.958 0.959 
0.048 0.983 0.209 0.963 0.965 
0.038 0.988 0.164 0.970 0.952 
0.050 0.984 0.122 0.975 0.914 
0.037 0.990 0.319 0.960 0.965 
0.047 0.985 0.108 0.970 0.898 
0.041 0.987 0.165 0.975 0.904 
0.030 0.990 0.262 0.963 0.959 
0.039 0.990 0.100 0.978 0.892 
0.037 0.988 0.128 0.975 0.936 
0.038 0.988 0.213 0.958 0.955 
0.043 0.988 0.335 0.955 0.968 
0.043 0.988 0.148 0.970 0.936 
0.037 0.986 0.269 0.973 0.949 
0.046 0.986 0.122 0.978 0.943 
0.048 0.986 0.115 0.980 0.895 
0.040 0.985 0.142 0.973 0.939 
0.038 0.989 0.143 0.970 0.943 
0.050 0.983 0.135 0.970 0.949 
0.041 0.985 0.090 0.975 0.911 
0.032 0.989 0.115 0.975 0.949 
0.048 0.983 0.174 0.963 0.959 
0.046 0.982 0.148 0.970 0.949 
0.032 0.988 0.140 0.975 0.930 
0.046 0.988 0.098 0.970 0.917 
0.040 0.989 0.254 0.963 0.962 
0.047 0.985 0.155 0.968 0.943 
0.038 0.988 0.142 0.973 0.936 
0.045 0.986 0.231 0.953 0.959 
0.048 0.989 0.152 0.975 0.936 
0.051 0.986 0.222 0.965 0.955 
0.042 0.986 0.169 0.970 0.943 
0.032 0.988 0.205 0.968 0.946 
0.037 0.988 0.223 0.968 0.959 
0.036 0.990 0.260 0.955 0.949 
0.047 0.984 0.195 0.970 0.927 
0.033 0.988 0.194 0.975 0.936 
0.047 0.982 0.218 0.975 0.933 
0.038 0.987 0.355 0.965 0.955 
0.033 0.991 0.145 0.970 0.904 
0.044 0.984 0.100 0.975 0.895 
0.046 0.988 0.157 0.973 0.939 
0.031 0.988 0.162 0.968 0.946 
0.040 0.989 0.164 0.973 0.920 
0.038 0.986 0.114 0.968 0.908 
0.037 0.988 0.147 0.968 0.927 
0.046 0.982 0.102 0.970 0.914 
0.040 0.989 0.195 0.963 0.965 
0.048 0.983 0.153 0.968 0.933 
0.051 0.981 0.169 0.965 0.949 
0.045 0.986 0.125 0.968 0.924 
0.033 0.990 0.124 0.968 0.927 
0.034 0.988 0.197 0.968 0.936 
0.043 0.988 0.141 0.970 0.930 
0.045 0.983 0.258 0.945 0.962 
0.046 0.984 0.096 0.973 0.920 
0.032 0.989 0.131 0.970 0.946 
0.041 0.986 0.188 0.968 0.936 
0.046 0.985 0.151 0.963 0.943 
0.043 0.985 0.117 0.970 0.914 
0.037 0.988 0.153 0.963 0.943 
0.051 0.982 0.178 0.965 0.946 
0.049 0.986 0.200 0.965 0.949 
0.030 0.994 0.180 0.963 0.949 
0.039 0.986 0.216 0.965 0.895 
0.041 0.987 0.248 0.963 0.959 
0.030 0.989 0.260 0.968 0.946 
0.034 0.990 0.219 0.968 0.943 
0.039 0.982 0.342 0.965 0.939 
0.041 0.984 0.294 0.963 0.949 
0.049 0.987 0.115 0.970 0.914 
0.042 0.988 0.147 0.973 0.936 
0.033 0.988 0.202 0.970 0.936 
0.047 0.984 0.210 0.963 0.943 
0.035 0.985 0.206 0.968 0.939 
0.033 0.989 0.313 0.963 0.968 
0.040 0.989 0.187 0.965 0.946 
0.038 0.988 0.216 0.965 0.946 
0.034 0.989 0.187 0.970 0.930 
0.038 0.985 0.329 0.960 0.962 
0.041 0.990 0.336 0.963 0.952 
0.042 0.986 0.146 0.970 0.936 
0.054 0.986 0.108 0.968 0.927 
0.047 0.986 0.138 0.970 0.936 
0.030 0.991 0.198 0.970 0.946 
0.037 0.987 0.243 0.970 0.927 
0.040 0.988 0.261 0.965 0.952 
0.050 0.986 0.240 0.968 0.952 
0.046 0.982 0.135 0.965 0.927 
0.044 0.985 0.186 0.973 0.924 
0.037 0.984 0.160 0.965 0.936 
0.030 0.990 0.311 0.963 0.962 
0.040 0.987 0.221 0.965 0.946 
0.036 0.987 0.295 0.963 0.962 
0.047 0.989 0.144 0.975 0.917 
0.040 0.988 0.109 0.975 0.930 
0.036 0.987 0.200 0.963 0.939 
0.037 0.984 0.199 0.970 0.936 
0.042 0.989 0.142 0.965 0.946 
0.030 0.993 0.146 0.973 0.895 
0.036 0.991 0.110 0.968 0.924 
0.041 0.985 0.108 0.970 0.911 
0.039 0.988 0.159 0.968 0.939 
0.028 0.989 0.117 0.970 0.930 
0.040 0.989 0.127 0.973 0.904 
0.029 0.991 0.142 0.968 0.924 
0.048 0.984 0.121 0.973 0.939 
0.032 0.987 0.114 0.973 0.924 
0.042 0.985 0.126 0.970 0.936 
0.041 0.988 0.117 0.978 0.882 
0.029 0.991 0.141 0.970 0.946 
0.034 0.989 0.118 0.968 0.917 
0.044 0.984 0.147 0.965 0.946 
0.030 0.990 0.153 0.968 0.946 
0.038 0.986 0.170 0.965 0.952 
0.038 0.986 0.200 0.963 0.952 
0.040 0.990 0.170 0.970 0.949 
0.042 0.988 0.191 0.970 0.949 
0.039 0.986 0.140 0.968 0.946 
0.043 0.987 0.148 0.973 0.939 
0.055 0.981 0.108 0.978 0.898 
0.037 0.991 0.239 0.968 0.943 
0.041 0.985 0.202 0.965 0.952 
0.025 0.990 0.201 0.965 0.949 
0.047 0.985 0.126 0.973 0.939 
0.035 0.985 0.143 0.970 0.933 
0.058 0.980 0.171 0.965 0.943 
0.025 0.993 0.170 0.970 0.946 
0.036 0.988 0.169 0.968 0.939 
0.034 0.990 0.193 0.965 0.936 
0.036 0.988 0.233 0.965 0.959 
0.042 0.988 0.150 0.965 0.939 
0.037 0.988 0.133 0.973 0.924 
0.033 0.990 0.158 0.970 0.936 
0.035 0.986 0.118 0.975 0.901 
0.041 0.985 0.169 0.970 0.949 
0.034 0.986 0.225 0.963 0.955 
0.038 0.990 0.112 0.975 0.914 
0.043 0.986 0.163 0.963 0.936 
0.042 0.988 0.169 0.963 0.943 
0.030 0.991 0.186 0.973 0.946 
0.040 0.987 0.120 0.975 0.914 
0.050 0.985 0.137 0.968 0.936 
0.034 0.988 0.222 0.968 0.946 
0.039 0.986 0.194 0.970 0.946 
0.036 0.990 0.156 0.973 0.952 
0.047 0.984 0.154 0.968 0.952 
0.035 0.986 0.162 0.963 0.939 
0.042 0.985 0.095 0.975 0.914 
0.047 0.984 0.151 0.968 0.939 
0.031 0.988 0.174 0.968 0.955 
0.043 0.985 0.180 0.958 0.959 
0.028 0.990 0.157 0.965 0.936 
0.057 0.981 0.113 0.973 0.908 
0.036 0.990 0.204 0.958 0.962 
0.029 0.989 0.216 0.965 0.946 
0.051 0.986 0.193 0.968 0.936 
0.025 0.991 0.336 0.960 0.952 
0.041 0.982 0.234 0.965 0.955 
0.023 0.990 0.269 0.965 0.936 
0.048 0.986 0.168 0.965 0.933 
0.039 0.991 0.227 0.955 0.952 
0.034 0.989 0.178 0.963 0.939 
0.041 0.988 0.251 0.965 0.952 
0.043 0.988 0.251 0.965 0.962 
0.034 0.990 0.219 0.963 0.959 
0.037 0.986 0.151 0.978 0.936 
0.029 0.988 0.147 0.973 0.917 
0.037 0.987 0.080 0.985 0.850 
0.038 0.988 0.198 0.968 0.949 
0.044 0.990 0.140 0.970 0.914 
0.038 0.990 0.218 0.963 0.949 
0.039 0.989 0.104 0.980 0.904 
0.031 0.991 0.185 0.965 0.952 
0.038 0.988 0.142 0.965 0.943 
0.031 0.990 0.081 0.978 0.882 
0.022 0.992 0.125 0.970 0.930 
0.031 0.990 0.139 0.970 0.914 
0.024 0.991 0.167 0.970 0.939 
0.027 0.990 0.198 0.973 0.930 
0.036 0.989 0.161 0.963 0.943 
0.045 0.984 0.217 0.958 0.955 
0.037 0.986 0.225 0.963 0.955 
0.033 0.990 0.154 0.983 0.898 
0.027 0.992 0.130 0.975 0.930 
0.036 0.990 0.225 0.968 0.939 
0.030 0.988 0.190 0.973 0.943 
0.034 0.987 0.186 0.965 0.924 
0.041 0.985 0.186 0.965 0.936 
0.029 0.992 0.205 0.965 0.946 
0.032 0.989 0.161 0.970 0.946 
0.029 0.989 0.257 0.963 0.952 
0.026 0.990 0.219 0.970 0.927 
0.049 0.986 0.147 0.975 0.908 
0.036 0.988 0.192 0.968 0.930 
0.034 0.990 0.291 0.968 0.943 
0.028 0.990 0.229 0.965 0.943 
0.027 0.991 0.217 0.970 0.946 
0.039 0.985 0.266 0.965 0.939 
0.043 0.985 0.334 0.968 0.955 
0.035 0.988 0.319 0.965 0.955 
0.026 0.990 0.231 0.975 0.933 
0.036 0.990 0.310 0.978 0.939 
0.037 0.991 0.271 0.970 0.943 
0.031 0.989 0.199 0.975 0.911 
0.044 0.986 0.237 0.978 0.920 
0.034 0.989 0.265 0.968 0.946 
0.028 0.986 0.220 0.970 0.927 
0.024 0.990 0.304 0.968 0.952 
0.026 0.994 0.500 0.955 0.949 
0.031 0.988 0.296 0.968 0.939 
0.034 0.990 0.179 0.970 0.920 
0.037 0.986 0.280 0.958 0.952 
0.030 0.990 0.216 0.970 0.943 
0.028 0.991 0.412 0.973 0.949 
0.039 0.991 0.187 0.968 0.939 
0.029 0.992 0.211 0.973 0.920 
0.033 0.991 0.392 0.970 0.952 
0.034 0.989 0.226 0.978 0.939 
0.035 0.987 0.172 0.973 0.920 
0.036 0.984 0.208 0.973 0.939 
0.040 0.988 0.279 0.970 0.924 
0.037 0.984 0.250 0.968 0.936 
0.031 0.991 0.298 0.970 0.946 
0.042 0.988 0.237 0.973 0.914 
0.029 0.988 0.183 0.963 0.933 
0.027 0.991 0.247 0.963 0.955 
0.029 0.990 0.200 0.973 0.927 
0.020 0.994 0.225 0.970 0.914 
0.035 0.989 0.407 0.960 0.955 
0.050 0.984 0.142 0.965 0.939 
0.035 0.988 0.168 0.975 0.911 
0.036 0.989 0.155 0.978 0.901 
0.035 0.989 0.182 0.970 0.946 
0.027 0.993 0.435 0.943 0.965 
0.028 0.993 0.321 0.970 0.949 
0.049 0.986 0.179 0.968 0.930 
0.041 0.991 0.126 0.970 0.933 
0.033 0.987 0.182 0.960 0.952 
0.025 0.991 0.166 0.968 0.914 
0.035 0.989 0.074 0.973 0.885 
0.046 0.988 0.158 0.965 0.949 
0.030 0.991 0.115 0.973 0.920 
0.033 0.990 0.206 0.960 0.939 
0.023 0.990 0.325 0.950 0.952 
0.052 0.986 0.224 0.963 0.946 
0.030 0.990 0.249 0.958 0.936 
0.015 0.995 0.231 0.963 0.939 
0.028 0.992 0.260 0.960 0.924 
0.041 0.991 0.092 0.973 0.889 
0.036 0.988 0.146 0.968 0.927 
0.028 0.991 0.224 0.960 0.952 
0.039 0.986 0.124 0.973 0.917 
0.041 0.989 0.094 0.973 0.904 
0.020 0.993 0.161 0.965 0.924 
0.027 0.992 0.271 0.948 0.946 
0.029 0.990 0.159 0.970 0.930 
0.028 0.989 0.166 0.965 0.930 
0.028 0.990 0.193 0.963 0.959 
0.028 0.991 0.235 0.968 0.924 
0.045 0.985 0.179 0.973 0.911 
0.049 0.988 0.187 0.970 0.914 
0.026 0.992 0.170 0.973 0.908 
0.031 0.991 0.246 0.965 0.943 
0.041 0.985 0.191 0.968 0.914 
0.027 0.986 0.168 0.965 0.885 
0.044 0.987 0.128 0.970 0.895 
0.031 0.991 0.139 0.965 0.924 
0.027 0.993 0.248 0.958 0.962 
0.026 0.990 0.281 0.973 0.936 
0.048 0.988 0.193 0.975 0.933 
0.030 0.989 0.215 0.968 0.949 
0.031 0.989 0.175 0.970 0.908 
0.025 0.993 0.264 0.960 0.943 
0.047 0.988 0.271 0.963 0.955 
0.030 0.990 0.199 0.973 0.936 
0.043 0.987 0.133 0.970 0.917 
0.033 0.987 0.172 0.960 0.955 
0.028 0.991 0.156 0.963 0.949 
0.026 0.994 0.145 0.968 0.946 
0.032 0.991 0.243 0.958 0.968 
0.044 0.986 0.166 0.965 0.959 
0.035 0.988 0.260 0.968 0.943 
0.046 0.988 0.124 0.975 0.917 
0.036 0.988 0.132 0.973 0.930 
0.042 0.984 0.125 0.975 0.930 
0.038 0.986 0.133 0.973 0.927 
0.038 0.988 0.186 0.968 0.930 
0.033 0.990 0.167 0.973 0.917 
0.033 0.989 0.218 0.965 0.955 
0.031 0.989 0.138 0.970 0.943 
0.030 0.989 0.213 0.963 0.955 
0.031 0.993 0.132 0.973 0.920 
0.035 0.990 0.149 0.965 0.949 
0.034 0.989 0.204 0.960 0.949 
0.039 0.986 0.148 0.970 0.930 
0.031 0.992 0.220 0.963 0.946 
0.034 0.986 0.200 0.975 0.927 
0.042 0.988 0.250 0.970 0.930 
0.030 0.989 0.261 0.968 0.949 
0.035 0.990 0.164 0.985 0.863 
0.031 0.989 0.297 0.960 0.927 
0.021 0.991 0.268 0.973 0.927 
0.055 0.985 0.430 0.973 0.930 
0.032 0.989 0.260 0.975 0.917 
0.035 0.991 0.269 0.975 0.930 
0.029 0.990 0.211 0.975 0.911 
0.045 0.986 0.244 0.970 0.933 
0.037 0.986 0.310 0.968 0.936 
0.027 0.989 0.258 0.968 0.930 
0.028 0.989 0.345 0.960 0.955 
0.039 0.987 0.224 0.965 0.946 
0.025 0.991 0.373 0.958 0.959 
0.027 0.989 0.195 0.975 0.908 
0.037 0.988 0.320 0.958 0.959 
0.031 0.991 0.204 0.975 0.927 
0.025 0.990 0.184 0.973 0.911 
0.028 0.990 0.273 0.973 0.939 
0.047 0.989 0.274 0.965 0.946 
0.049 0.984 0.184 0.970 0.914 
0.030 0.989 0.251 0.975 0.917 
0.026 0.992 0.444 0.970 0.952 
0.030 0.989 0.298 0.965 0.943 
0.034 0.988 0.291 0.960 0.949 
0.037 0.988 0.186 0.970 0.917 
0.038 0.986 0.378 0.943 0.968 
0.039 0.992 0.193 0.968 0.943 
0.032 0.990 0.263 0.975 0.908 
0.050 0.985 0.364 0.958 0.962 
0.028 0.991 0.185 0.975 0.914 
0.039 0.986 0.234 0.970 0.939 
0.031 0.992 0.277 0.975 0.943 
0.025 0.990 0.290 0.958 0.952 
0.034 0.987 0.317 0.960 0.933 
0.060 0.986 0.228 0.958 0.943 
0.033 0.990 0.270 0.960 0.939 
0.036 0.988 0.203 0.970 0.911 
0.027 0.991 0.252 0.965 0.943 
0.035 0.989 0.143 0.975 0.920 
0.042 0.989 0.295 0.960 0.955 
0.028 0.990 0.234 0.960 0.952 
0.040 0.988 0.270 0.963 0.952 
0.032 0.989 0.174 0.975 0.904 
0.038 0.989 0.133 0.978 0.898 
0.025 0.991 0.273 0.973 0.920 
0.047 0.985 0.078 0.980 0.869 
0.036 0.991 0.227 0.968 0.939 
0.025 0.993 0.184 0.975 0.901 
0.032 0.987 0.160 0.970 0.936 
0.027 0.991 0.267 0.960 0.952 
0.017 0.993 0.164 0.963 0.946 
0.048 0.982 0.264 0.965 0.952 
0.033 0.988 0.406 0.955 0.965 
0.027 0.993 0.389 0.963 0.955 
0.041 0.991 0.249 0.975 0.946 
0.028 0.990 0.108 0.975 0.892 
0.019 0.994 0.121 0.978 0.908 
0.041 0.987 0.201 0.970 0.939 
0.034 0.989 0.159 0.978 0.895 
0.040 0.988 0.191 0.970 0.936 
0.019 0.994 0.152 0.973 0.924 
0.045 0.986 0.159 0.970 0.930 
0.026 0.991 0.282 0.970 0.930 
0.053 0.984 0.141 0.970 0.924 
0.036 0.984 0.366 0.963 0.924 
0.040 0.986 0.156 0.970 0.927 
0.033 0.991 0.220 0.968 0.943 
0.035 0.990 0.250 0.965 0.949 
0.037 0.988 0.195 0.975 0.924 
0.051 0.986 0.189 0.973 0.946 
0.029 0.991 0.177 0.973 0.920 
0.025 0.990 0.158 0.975 0.914 
0.029 0.989 0.119 0.983 0.850 
0.028 0.990 0.192 0.968 0.962 
0.030 0.991 0.158 0.975 0.901 
0.021 0.990 0.265 0.965 0.955 
0.032 0.989 0.164 0.975 0.924 
0.035 0.989 0.395 0.965 0.939 
0.040 0.989 0.462 0.945 0.968 
0.027 0.990 0.287 0.970 0.930 
0.033 0.990 0.317 0.970 0.955 
0.033 0.991 0.297 0.973 0.946 
0.032 0.989 0.199 0.970 0.927 
0.041 0.982 0.266 0.975 0.939 
0.024 0.993 0.257 0.975 0.917 
0.028 0.991 0.271 0.970 0.936 
0.043 0.988 0.284 0.955 0.962 
0.023 0.990 0.264 0.975 0.917 
0.026 0.992 0.290 0.970 0.939 
0.028 0.992 0.355 0.965 0.952 
0.023 0.993 0.196 0.978 0.889 
0.031 0.988 0.360 0.968 0.949 
0.027 0.991 0.294 0.968 0.943 
0.024 0.993 0.417 0.963 0.943 
0.030 0.989 0.173 0.973 0.904 
0.029 0.988 0.184 0.978 0.911 
0.028 0.991 0.294 0.960 0.962 
0.029 0.992 0.279 0.963 0.952 
0.023 0.993 0.189 0.968 0.936 
0.042 0.986 0.282 0.968 0.952 
0.028 0.991 0.159 0.978 0.927 
0.036 0.991 0.113 0.970 0.892 
0.031 0.989 0.234 0.965 0.955 
0.028 0.991 0.260 0.960 0.955 
0.047 0.986 0.113 0.975 0.892 
0.036 0.990 0.237 0.970 0.936 
0.037 0.989 0.318 0.960 0.952 
0.034 0.989 0.199 0.973 0.936 
0.027 0.991 0.227 0.968 0.949 
0.027 0.992 0.557 0.950 0.962 
0.031 0.991 0.231 0.960 0.949 
0.025 0.993 0.311 0.975 0.946 
0.031 0.993 0.245 0.965 0.946 
0.020 0.993 0.308 0.973 0.939 
0.025 0.993 0.475 0.950 0.952 
0.048 0.984 0.171 0.973 0.898 
0.019 0.995 0.521 0.965 0.962 
0.046 0.984 0.383 0.963 0.949 
0.024 0.991 0.211 0.965 0.936 
0.037 0.987 0.198 0.968 0.936 
0.033 0.990 0.391 0.960 0.962 
0.033 0.991 0.149 0.968 0.920 
0.036 0.989 0.178 0.975 0.917 
0.032 0.990 0.419 0.960 0.962 
0.033 0.993 0.280 0.963 0.952 
0.029 0.990 0.421 0.958 0.965 
0.027 0.992 0.247 0.968 0.946 
0.023 0.991 0.275 0.973 0.924 
0.046 0.988 0.228 0.960 0.965 
0.034 0.988 0.170 0.970 0.917 
0.045 0.984 0.207 0.965 0.959 
0.043 0.988 0.188 0.973 0.920 
0.022 0.993 0.393 0.965 0.927 
0.023 0.992 0.306 0.958 0.936 
0.035 0.989 0.261 0.965 0.939 
0.025 0.993 0.360 0.960 0.959 
0.031 0.990 0.173 0.968 0.949 
0.045 0.988 0.210 0.968 0.943 
0.033 0.986 0.234 0.958 0.955 
0.027 0.993 0.213 0.970 0.943 
0.019 0.995 0.250 0.975 0.927 
0.019 0.995 0.270 0.963 0.946 
0.033 0.993 0.142 0.970 0.930 
0.035 0.988 0.260 0.953 0.952 
0.037 0.989 0.228 0.978 0.949 
0.040 0.990 0.114 0.973 0.917 
0.024 0.992 0.283 0.970 0.939 
0.032 0.990 0.154 0.965 0.952 
0.035 0.990 0.169 0.973 0.952 
0.032 0.990 0.199 0.968 0.946 
0.031 0.991 0.160 0.973 0.936 
0.030 0.991 0.123 0.965 0.920 
0.030 0.990 0.180 0.968 0.946 
0.030 0.990 0.253 0.958 0.946 
0.018 0.994 0.105 0.975 0.889 
0.028 0.992 0.209 0.968 0.949 
0.031 0.990 0.203 0.973 0.946 
0.022 0.994 0.240 0.960 0.962 
0.025 0.991 0.191 0.970 0.943 
0.047 0.986 0.143 0.970 0.939 
0.042 0.988 0.264 0.973 0.943 
0.034 0.988 0.262 0.970 0.946 
0.022 0.990 0.207 0.970 0.943 
0.028 0.990 0.201 0.973 0.936 
0.026 0.993 0.104 0.983 0.869 
0.027 0.991 0.336 0.953 0.962 
0.033 0.989 0.169 0.965 0.936 
0.027 0.991 0.297 0.955 0.936 
0.035 0.991 0.148 0.973 0.936 
0.031 0.990 0.192 0.965 0.936 
0.027 0.991 0.256 0.958 0.949 
0.050 0.990 0.408 0.950 0.949 
0.032 0.993 0.137 0.970 0.927 
0.026 0.993 0.155 0.965 0.943 
0.027 0.991 0.173 0.970 0.933 
0.024 0.993 0.220 0.965 0.943 
0.036 0.991 0.156 0.968 0.917 
0.028 0.991 0.217 0.968 0.939 
0.030 0.991 0.277 0.963 0.943 
0.041 0.988 0.267 0.960 0.959 
0.029 0.989 0.292 0.958 0.949 
0.018 0.994 0.347 0.963 0.962 
0.032 0.989 0.181 0.965 0.952 
0.036 0.985 0.228 0.958 0.962 
0.024 0.994 0.273 0.958 0.959 
0.021 0.990 0.243 0.965 0.949 
0.039 0.988 0.192 0.955 0.962 
0.030 0.990 0.195 0.965 0.936 
0.033 0.986 0.163 0.968 0.943 
0.037 0.989 0.216 0.968 0.927 
0.029 0.989 0.174 0.973 0.939 
0.028 0.989 0.289 0.965 0.955 
0.036 0.991 0.102 0.973 0.908 
0.043 0.988 0.208 0.963 0.949 
0.027 0.991 0.178 0.968 0.939 
0.032 0.991 0.231 0.960 0.949 
0.017 0.994 0.252 0.960 0.965 
0.031 0.993 0.246 0.955 0.959 
0.038 0.989 0.197 0.968 0.939 
0.040 0.986 0.253 0.963 0.959 
0.028 0.989 0.230 0.968 0.924 
0.030 0.990 0.215 0.968 0.946 
0.027 0.993 0.214 0.963 0.959 
0.032 0.988 0.181 0.973 0.936 
0.022 0.994 0.227 0.965 0.943 
0.022 0.993 0.302 0.968 0.955 
0.032 0.988 0.473 0.953 0.968 
0.048 0.984 0.108 0.970 0.939 
0.035 0.988 0.367 0.960 0.962 
0.043 0.991 0.425 0.965 0.908 
0.037 0.989 0.331 0.965 0.955 
0.039 0.989 0.299 0.968 0.955 
0.032 0.988 0.224 0.963 0.946 
0.026 0.992 0.309 0.960 0.962 
0.024 0.991 0.247 0.973 0.924 
0.030 0.993 0.219 0.975 0.885 
0.044 0.989 0.206 0.963 0.946 
0.033 0.990 0.294 0.958 0.959 
0.022 0.991 0.201 0.970 0.939 
0.027 0.990 0.349 0.955 0.955 
0.027 0.990 0.159 0.970 0.933 
0.026 0.990 0.297 0.965 0.936 
0.021 0.994 0.454 0.945 0.978 
0.037 0.989 0.211 0.960 0.939 
0.037 0.993 0.294 0.968 0.952 
0.031 0.991 0.217 0.965 0.946 
0.034 0.991 0.186 0.973 0.930 
0.034 0.991 0.169 0.960 0.949 
0.019 0.995 0.252 0.965 0.959 
0.028 0.989 0.219 0.963 0.952 
0.026 0.990 0.169 0.975 0.911 
0.032 0.990 0.220 0.970 0.949 
0.020 0.991 0.260 0.970 0.930 
0.035 0.991 0.246 0.963 0.943 
0.030 0.991 0.163 0.968 0.927 
0.032 0.991 0.239 0.968 0.939 
0.031 0.988 0.421 0.968 0.955 
0.030 0.990 0.290 0.968 0.946 
0.020 0.993 0.350 0.970 0.946 
0.045 0.989 0.178 0.968 0.949 
0.023 0.995 0.281 0.953 0.959 
0.024 0.991 0.209 0.965 0.939 
0.016 0.994 0.325 0.963 0.962 
0.032 0.990 0.218 0.968 0.955 
0.016 0.993 0.271 0.968 0.946 
0.027 0.992 0.271 0.960 0.959 
0.045 0.987 0.143 0.973 0.943 
0.035 0.988 0.158 0.963 0.952 
0.033 0.990 0.195 0.963 0.949 
0.029 0.993 0.163 0.970 0.943 
0.032 0.991 0.237 0.963 0.955 
0.019 0.993 0.369 0.948 0.965 
0.033 0.989 0.167 0.970 0.949 
0.034 0.990 0.389 0.960 0.962 
0.031 0.990 0.262 0.968 0.949 
0.031 0.989 0.207 0.973 0.933 
0.025 0.991 0.356 0.963 0.955 
0.034 0.991 0.242 0.965 0.959 
0.037 0.989 0.217 0.955 0.965 
0.013 0.997 0.296 0.960 0.952 
0.030 0.989 0.249 0.960 0.959 
0.023 0.990 0.204 0.965 0.952 
0.028 0.990 0.281 0.968 0.949 
0.033 0.992 0.151 0.975 0.930 
0.030 0.989 0.306 0.963 0.955 
0.027 0.990 0.265 0.968 0.952 
0.029 0.989 0.286 0.963 0.959 
0.030 0.991 0.381 0.960 0.962 
0.032 0.990 0.174 0.968 0.946 
0.040 0.989 0.182 0.965 0.949 
0.038 0.988 0.275 0.963 0.955 
0.054 0.984 0.218 0.963 0.965 
0.027 0.990 0.142 0.978 0.917 
0.026 0.990 0.199 0.968 0.952 
0.030 0.991 0.151 0.963 0.936 
0.025 0.991 0.219 0.965 0.955 
0.029 0.992 0.225 0.953 0.962 
0.024 0.991 0.172 0.973 0.939 
0.023 0.993 0.192 0.960 0.955 
0.026 0.993 0.203 0.968 0.946 
0.040 0.989 0.142 0.965 0.939 
0.025 0.990 0.183 0.960 0.959 
0.027 0.992 0.147 0.960 0.949 
0.028 0.993 0.241 0.955 0.962 
0.036 0.992 0.177 0.963 0.952 
0.026 0.990 0.191 0.963 0.927 
0.030 0.988 0.283 0.963 0.952 
0.024 0.990 0.197 0.968 0.949 
0.020 0.993 0.129 0.973 0.927 
0.024 0.993 0.536 0.948 0.968 
0.038 0.988 0.362 0.948 0.971 
0.027 0.988 0.300 0.960 0.965 
0.039 0.986 0.185 0.965 0.955 
0.025 0.991 0.230 0.968 0.955 
0.047 0.986 0.120 0.968 0.946 
0.027 0.990 0.280 0.958 0.962 
0.030 0.991 0.329 0.963 0.962 
0.029 0.991 0.195 0.975 0.920 
0.037 0.990 0.149 0.970 0.898 
0.037 0.994 0.161 0.968 0.955 
0.034 0.990 0.156 0.968 0.946 
0.031 0.991 0.196 0.958 0.955 
0.019 0.994 0.252 0.965 0.955 
0.026 0.992 0.163 0.973 0.924 
0.036 0.989 0.192 0.960 0.955 
0.037 0.987 0.238 0.960 0.952 
0.035 0.990 0.159 0.968 0.936 
0.032 0.991 0.294 0.953 0.968 
0.018 0.994 0.207 0.955 0.939 
0.016 0.994 0.146 0.963 0.936 
0.031 0.988 0.216 0.960 0.949 
0.040 0.989 0.219 0.948 0.971 
0.034 0.990 0.218 0.968 0.952 
0.026 0.993 0.167 0.968 0.946 
0.027 0.991 0.138 0.968 0.952 
0.030 0.990 0.297 0.953 0.955 
0.018 0.992 0.175 0.970 0.933 
0.022 0.991 0.480 0.958 0.965 
0.052 0.988 0.320 0.965 0.936 
0.052 0.984 0.202 0.970 0.930 
0.033 0.991 0.312 0.963 0.959 
0.030 0.992 0.335 0.973 0.936 
0.020 0.991 0.442 0.973 0.952 
0.017 0.993 0.401 0.963 0.949 
0.043 0.990 0.248 0.975 0.943 
0.027 0.991 0.291 0.970 0.939 
0.027 0.990 0.308 0.965 0.955 
0.036 0.990 0.191 0.970 0.943 
0.031 0.991 0.160 0.973 0.924 
0.021 0.991 0.257 0.975 0.924 
0.026 0.991 0.388 0.973 0.946 
0.033 0.992 0.500 0.968 0.946 
0.032 0.991 0.205 0.973 0.939 
0.025 0.993 0.146 0.980 0.873 
0.024 0.991 0.195 0.973 0.933 
0.042 0.989 0.441 0.968 0.952 
0.023 0.990 0.181 0.983 0.920 
0.029 0.991 0.253 0.973 0.946 
0.032 0.988 0.187 0.978 0.920 
0.026 0.991 0.435 0.970 0.952 
0.031 0.994 0.227 0.970 0.952 
0.033 0.993 0.087 0.983 0.863 
0.036 0.990 0.122 0.973 0.930 
