0.293 0.879 0.141 0.958 0.910 
0.176 0.940 0.152 0.953 0.816 
0.149 0.947 0.179 0.932 0.844 
0.118 0.964 0.126 0.960 0.960 
0.116 0.959 0.098 0.975 0.997 
0.112 0.964 0.100 0.965 0.956 
0.100 0.967 0.110 0.958 0.997 
0.081 0.976 0.107 0.973 0.997 
0.091 0.965 0.122 0.958 0.972 
0.095 0.969 0.089 0.983 1.000 
0.096 0.966 0.114 0.963 0.988 
0.067 0.980 0.192 0.948 0.981 
0.074 0.977 0.083 0.983 0.994 
0.083 0.970 0.093 0.980 1.000 
0.090 0.969 0.104 0.958 0.969 
0.076 0.976 0.097 0.965 0.969 
0.063 0.980 0.082 0.983 1.000 
0.062 0.980 0.092 0.983 1.000 
0.059 0.985 0.079 0.983 1.000 
0.065 0.981 0.112 0.953 0.975 
0.063 0.981 0.081 0.980 1.000 
0.068 0.980 0.078 0.985 1.000 
0.082 0.977 0.075 0.985 1.000 
0.066 0.979 0.086 0.983 0.984 
0.064 0.976 0.099 0.970 0.997 
0.059 0.984 0.074 0.985 1.000 
0.071 0.973 0.086 0.985 1.000 
0.057 0.977 0.084 0.983 1.000 
0.061 0.981 0.092 0.968 0.997 
0.054 0.985 0.127 0.963 1.000 
0.048 0.986 0.097 0.965 0.997 
0.051 0.985 0.098 0.973 1.000 
0.053 0.985 0.092 0.970 1.000 
0.047 0.986 0.072 0.985 1.000 
0.052 0.983 0.096 0.968 1.000 
0.062 0.980 0.091 0.978 1.000 
0.044 0.987 0.094 0.973 1.000 
0.041 0.988 0.094 0.973 1.000 
0.047 0.986 0.083 0.978 1.000 
0.045 0.986 0.101 0.980 1.000 
0.050 0.987 0.078 0.983 1.000 
0.040 0.988 0.081 0.980 0.897 
0.038 0.985 0.094 0.965 1.000 
0.050 0.986 0.082 0.983 1.000 
0.038 0.989 0.083 0.983 0.997 
0.040 0.989 0.119 0.950 0.966 
0.038 0.989 0.092 0.968 0.994 
0.036 0.990 0.087 0.978 1.000 
0.061 0.982 0.091 0.980 0.907 
0.041 0.987 0.109 0.955 0.941 
0.043 0.986 0.067 0.980 0.994 
0.036 0.989 0.072 0.973 1.000 
0.036 0.990 0.103 0.968 1.000 
0.046 0.988 0.081 0.980 1.000 
0.037 0.990 0.101 0.970 0.969 
0.043 0.990 0.088 0.973 1.000 
0.041 0.986 0.081 0.975 1.000 
0.031 0.990 0.095 0.975 1.000 
0.032 0.993 0.079 0.978 1.000 
0.030 0.990 0.130 0.973 0.975 
0.037 0.989 0.087 0.968 1.000 
0.036 0.989 0.083 0.973 1.000 
0.029 0.992 0.086 0.980 0.523 
0.031 0.993 0.080 0.970 1.000 
0.036 0.988 0.076 0.983 0.966 
0.034 0.991 0.073 0.983 1.000 
0.040 0.987 0.071 0.983 0.984 
0.038 0.988 0.075 0.983 1.000 
0.040 0.989 0.079 0.983 1.000 
0.038 0.989 0.093 0.973 1.000 
0.038 0.990 0.099 0.975 0.140 
0.040 0.985 0.087 0.973 0.991 
0.036 0.988 0.067 0.985 1.000 
0.034 0.992 0.067 0.980 1.000 
0.042 0.988 0.148 0.948 0.994 
0.026 0.993 0.069 0.983 1.000 
0.032 0.988 0.088 0.970 0.969 
0.036 0.988 0.081 0.985 0.944 
0.031 0.990 0.064 0.983 1.000 
0.034 0.989 0.077 0.975 1.000 
0.034 0.992 0.079 0.973 0.975 
0.028 0.993 0.090 0.973 0.978 
0.027 0.993 0.063 0.983 1.000 
0.035 0.990 0.066 0.983 0.533 
0.026 0.993 0.085 0.973 0.991 
0.040 0.986 0.079 0.973 0.988 
0.020 0.993 0.064 0.983 0.997 
0.025 0.994 0.070 0.980 0.994 
0.044 0.986 0.096 0.970 0.997 
0.034 0.989 0.073 0.983 0.997 
0.030 0.989 0.074 0.980 1.000 
0.025 0.992 0.070 0.983 0.978 
0.031 0.989 0.072 0.983 0.994 
0.020 0.995 0.071 0.983 0.997 
0.018 0.996 0.095 0.988 0.910 
0.039 0.989 0.065 0.985 0.997 
0.039 0.990 0.075 0.983 0.994 
0.026 0.993 0.072 0.985 1.000 
0.028 0.991 0.079 0.978 0.984 
0.025 0.995 0.077 0.980 0.854 
0.021 0.993 0.069 0.980 1.000 
0.027 0.993 0.071 0.983 0.863 
0.028 0.993 0.073 0.985 0.903 
0.023 0.993 0.083 0.985 0.910 
0.037 0.989 0.098 0.970 1.000 
0.038 0.989 0.068 0.983 0.246 
0.030 0.990 0.068 0.978 0.452 
0.027 0.993 0.066 0.980 0.994 
0.018 0.993 0.067 0.980 1.000 
0.022 0.995 0.070 0.983 0.956 
0.024 0.992 0.069 0.978 0.963 
0.024 0.993 0.060 0.983 1.000 
0.032 0.992 0.079 0.978 1.000 
0.048 0.989 0.087 0.973 0.981 
0.026 0.995 0.059 0.985 1.000 
0.023 0.994 0.073 0.980 0.984 
0.032 0.992 0.091 0.980 1.000 
0.026 0.993 0.083 0.975 1.000 
0.028 0.992 0.077 0.983 1.000 
0.026 0.990 0.080 0.978 0.648 
0.026 0.995 0.069 0.985 0.978 
0.023 0.994 0.073 0.983 0.517 
0.028 0.991 0.070 0.985 0.835 
0.016 0.996 0.078 0.985 0.963 
0.025 0.991 0.089 0.978 0.984 
0.037 0.986 0.073 0.983 0.922 
0.031 0.993 0.062 0.985 0.997 
0.030 0.990 0.066 0.985 0.997 
0.020 0.993 0.074 0.983 0.972 
0.018 0.996 0.069 0.983 1.000 
0.031 0.990 0.089 0.978 0.178 
0.020 0.993 0.073 0.975 0.988 
0.019 0.995 0.079 0.985 0.408 
0.026 0.989 0.061 0.988 0.997 
0.023 0.995 0.069 0.975 0.969 
0.031 0.992 0.077 0.983 0.875 
0.021 0.996 0.063 0.985 1.000 
0.024 0.993 0.067 0.983 0.991 
0.015 0.995 0.058 0.983 0.928 
0.030 0.993 0.062 0.985 0.960 
0.019 0.996 0.078 0.983 0.732 
0.026 0.989 0.114 0.980 0.720 
0.017 0.996 0.073 0.980 1.000 
0.031 0.991 0.067 0.980 0.972 
0.019 0.993 0.083 0.980 0.981 
0.020 0.994 0.080 0.983 0.891 
0.018 0.992 0.076 0.985 0.648 
0.033 0.990 0.074 0.978 0.729 
0.046 0.990 0.072 0.985 0.978 
0.022 0.996 0.122 0.985 0.991 
0.046 0.990 0.096 0.985 0.277 
0.025 0.994 0.073 0.983 1.000 
0.021 0.992 0.089 0.978 1.000 
0.028 0.995 0.059 0.988 0.994 
0.013 0.997 0.097 0.985 0.548 
0.030 0.991 0.065 0.983 0.782 
0.025 0.992 0.056 0.985 0.913 
0.023 0.994 0.074 0.988 0.885 
0.017 0.994 0.066 0.988 1.000 
0.014 0.994 0.089 0.985 0.879 
0.025 0.992 0.071 0.988 0.991 
0.025 0.993 0.066 0.985 0.994 
0.023 0.993 0.066 0.985 0.763 
0.026 0.992 0.077 0.985 0.103 
0.018 0.994 0.081 0.983 0.994 
0.046 0.991 0.066 0.983 0.826 
0.024 0.994 0.058 0.985 0.972 
0.031 0.990 0.062 0.985 0.997 
0.023 0.995 0.062 0.985 0.950 
0.021 0.993 0.058 0.983 1.000 
0.026 0.994 0.094 0.968 0.981 
0.032 0.993 0.056 0.988 0.988 
0.022 0.996 0.057 0.988 0.966 
0.018 0.995 0.058 0.985 0.994 
0.023 0.992 0.068 0.985 0.981 
0.020 0.996 0.062 0.985 0.994 
0.024 0.993 0.058 0.988 0.997 
0.022 0.991 0.061 0.990 0.991 
0.027 0.992 0.057 0.985 0.997 
0.021 0.993 0.059 0.988 0.984 
0.021 0.995 0.053 0.988 0.994 
0.024 0.993 0.066 0.985 0.938 
0.019 0.993 0.058 0.985 0.969 
0.022 0.992 0.054 0.985 0.869 
0.024 0.993 0.075 0.983 1.000 
0.035 0.994 0.066 0.985 0.950 
0.017 0.994 0.081 0.983 1.000 
0.047 0.990 0.062 0.985 0.109 
0.028 0.991 0.058 0.985 1.000 
0.016 0.995 0.071 0.980 1.000 
0.022 0.993 0.070 0.990 1.000 
0.020 0.992 0.060 0.988 1.000 
0.023 0.994 0.068 0.990 1.000 
0.020 0.993 0.080 0.985 0.729 
0.017 0.997 0.066 0.983 1.000 
0.027 0.992 0.070 0.983 1.000 
0.014 0.997 0.061 0.985 0.944 
0.023 0.994 0.071 0.985 0.439 
0.023 0.995 0.065 0.983 0.386 
0.023 0.994 0.057 0.988 0.956 
0.017 0.995 0.067 0.985 0.548 
0.017 0.995 0.059 0.985 0.991 
0.029 0.995 0.060 0.988 0.283 
0.022 0.995 0.055 0.990 0.991 
0.024 0.994 0.067 0.985 0.181 
0.020 0.993 0.064 0.983 1.000 
0.012 0.998 0.086 0.988 0.997 
0.021 0.993 0.069 0.983 0.944 
0.025 0.990 0.077 0.985 0.402 
0.021 0.994 0.062 0.988 0.984 
0.027 0.993 0.069 0.988 0.720 
0.020 0.994 0.088 0.985 0.963 
0.014 0.995 0.130 0.988 0.991 
0.019 0.995 0.081 0.985 0.950 
0.011 0.996 0.110 0.988 0.826 
0.016 0.995 0.069 0.988 0.991 
0.025 0.989 0.100 0.988 0.913 
0.018 0.994 0.082 0.983 0.654 
0.018 0.995 0.072 0.983 0.832 
0.016 0.994 0.079 0.985 0.991 
0.021 0.995 0.085 0.985 0.776 
0.023 0.995 0.062 0.985 0.879 
0.039 0.993 0.080 0.975 0.956 
0.024 0.992 0.077 0.985 0.978 
0.015 0.998 0.113 0.983 1.000 
0.021 0.998 0.085 0.985 0.966 
0.019 0.995 0.054 0.988 0.975 
0.011 0.997 0.064 0.990 0.997 
0.030 0.992 0.062 0.983 0.994 
0.015 0.995 0.095 0.985 0.956 
0.017 0.996 0.064 0.988 0.997 
0.019 0.995 0.079 0.988 0.732 
0.028 0.993 0.073 0.985 0.950 
0.023 0.993 0.094 0.980 0.885 
0.023 0.993 0.088 0.990 0.988 
0.016 0.996 0.072 0.985 0.340 
0.020 0.995 0.090 0.973 0.741 
0.018 0.996 0.064 0.985 0.657 
0.017 0.993 0.063 0.988 0.567 
0.018 0.994 0.124 0.980 0.196 
0.012 0.998 0.062 0.983 0.972 
0.020 0.994 0.071 0.985 1.000 
0.023 0.995 0.059 0.983 0.972 
0.015 0.996 0.070 0.985 1.000 
0.028 0.991 0.060 0.985 0.972 
0.019 0.995 0.057 0.985 0.994 
0.013 0.996 0.083 0.983 0.966 
0.020 0.996 0.060 0.985 0.794 
0.020 0.994 0.056 0.985 0.988 
0.023 0.995 0.110 0.963 0.056 
0.022 0.995 0.058 0.985 0.975 
0.014 0.995 0.088 0.983 0.997 
0.023 0.993 0.063 0.985 0.944 
0.019 0.993 0.059 0.988 0.966 
0.026 0.995 0.052 0.988 0.997 
0.020 0.993 0.073 0.985 0.798 
0.018 0.995 0.102 0.985 0.966 
0.015 0.995 0.087 0.985 0.414 
0.018 0.992 0.062 0.988 0.966 
0.021 0.993 0.056 0.983 1.000 
0.020 0.995 0.052 0.988 0.991 
0.016 0.998 0.064 0.988 0.981 
0.019 0.994 0.082 0.985 0.994 
0.024 0.996 0.056 0.988 0.919 
0.012 0.996 0.053 0.988 0.988 
0.015 0.995 0.051 0.988 0.991 
0.016 0.994 0.072 0.988 0.872 
0.016 0.996 0.057 0.988 0.981 
0.019 0.995 0.081 0.985 0.143 
0.018 0.996 0.062 0.980 0.732 
0.017 0.993 0.071 0.985 0.960 
0.024 0.995 0.079 0.985 0.118 
0.016 0.998 0.058 0.988 0.984 
0.020 0.994 0.077 0.983 0.798 
0.015 0.995 0.094 0.980 0.741 
0.014 0.998 0.072 0.985 0.754 
0.021 0.996 0.053 0.985 0.330 
0.016 0.996 0.095 0.983 0.231 
0.014 0.996 0.082 0.985 0.919 
0.017 0.994 0.070 0.990 0.891 
0.020 0.995 0.058 0.985 1.000 
0.032 0.993 0.079 0.985 0.997 
0.019 0.996 0.059 0.988 0.997 
0.019 0.994 0.057 0.988 0.956 
0.017 0.993 0.082 0.990 0.748 
0.057 0.996 0.079 0.975 0.679 
0.025 0.992 0.064 0.983 1.000 
0.037 0.989 0.058 0.983 1.000 
0.011 0.995 0.081 0.985 0.969 
0.019 0.995 0.063 0.985 1.000 
0.015 0.995 0.064 0.983 0.991 
0.012 0.997 0.059 0.983 0.997 
0.010 0.997 0.053 0.988 0.648 
0.021 0.995 0.056 0.988 0.997 
0.022 0.995 0.066 0.983 0.925 
0.020 0.995 0.054 0.983 1.000 
0.019 0.993 0.065 0.983 0.960 
0.016 0.996 0.082 0.985 0.882 
0.016 0.996 0.061 0.983 1.000 
0.018 0.995 0.062 0.988 0.910 
0.012 0.998 0.067 0.990 1.000 
0.015 0.995 0.084 0.975 0.972 
0.024 0.991 0.069 0.985 0.766 
0.014 0.995 0.057 0.985 1.000 
0.021 0.995 0.064 0.985 0.997 
0.007 0.995 0.059 0.985 0.994 
0.031 0.994 0.073 0.978 0.900 
0.019 0.993 0.058 0.985 0.975 
0.020 0.995 0.067 0.985 1.000 
0.019 0.995 0.074 0.983 0.399 
0.020 0.995 0.072 0.988 0.950 
0.018 0.995 0.056 0.985 0.984 
0.010 0.996 0.067 0.983 1.000 
0.011 0.996 0.066 0.988 0.994 
0.022 0.992 0.062 0.985 1.000 
0.020 0.996 0.050 0.985 1.000 
0.021 0.995 0.061 0.985 0.994 
0.015 0.994 0.063 0.985 0.963 
0.010 0.998 0.061 0.988 1.000 
0.047 0.992 0.052 0.988 0.994 
0.016 0.995 0.054 0.990 1.000 
0.013 0.996 0.065 0.985 1.000 
0.020 0.997 0.064 0.988 0.657 
0.023 0.992 0.052 0.988 0.991 
0.008 0.997 0.052 0.988 0.997 
0.017 0.995 0.102 0.983 0.994 
0.025 0.993 0.092 0.970 1.000 
0.021 0.994 0.056 0.985 1.000 
0.010 0.998 0.055 0.988 1.000 
0.021 0.993 0.068 0.988 0.978 
0.011 0.998 0.059 0.988 0.956 
0.015 0.996 0.072 0.985 0.620 
0.010 0.997 0.075 0.978 1.000 
0.020 0.995 0.059 0.983 1.000 
0.013 0.997 0.075 0.985 1.000 
0.013 0.995 0.054 0.988 1.000 
0.015 0.995 0.075 0.985 0.994 
0.019 0.993 0.090 0.988 1.000 
0.013 0.996 0.071 0.983 1.000 
0.018 0.995 0.083 0.988 1.000 
0.013 0.996 0.060 0.983 0.997 
0.026 0.991 0.122 0.983 1.000 
0.028 0.992 0.066 0.988 1.000 
0.013 0.997 0.088 0.985 1.000 
0.019 0.997 0.085 0.985 0.994 
0.023 0.993 0.062 0.985 0.916 
0.012 0.996 0.082 0.985 1.000 
0.011 0.997 0.080 0.985 0.975 
0.016 0.994 0.099 0.985 0.997 
0.044 0.992 0.064 0.985 1.000 
0.015 0.995 0.063 0.985 1.000 
0.013 0.997 0.060 0.988 0.963 
0.011 0.997 0.081 0.985 0.997 
0.015 0.995 0.081 0.985 0.984 
0.013 0.996 0.072 0.980 0.988 
0.015 0.997 0.050 0.988 0.991 
0.008 0.998 0.108 0.985 0.981 
0.010 0.995 0.053 0.988 1.000 
0.027 0.995 0.060 0.985 0.869 
0.014 0.995 0.079 0.988 0.984 
0.030 0.993 0.062 0.985 0.916 
0.011 0.997 0.058 0.983 1.000 
0.017 0.997 0.057 0.985 0.997 
0.015 0.995 0.060 0.988 0.972 
0.014 0.996 0.064 0.985 0.950 
0.017 0.996 0.094 0.973 0.925 
0.026 0.993 0.052 0.988 1.000 
0.013 0.998 0.060 0.988 0.994 
0.013 0.998 0.056 0.990 0.991 
0.019 0.993 0.063 0.988 0.997 
0.014 0.995 0.101 0.970 0.994 
0.018 0.995 0.071 0.985 0.994 
0.024 0.995 0.058 0.985 1.000 
0.020 0.995 0.048 0.988 1.000 
0.012 0.995 0.163 0.988 1.000 
0.016 0.997 0.091 0.985 1.000 
0.020 0.996 0.057 0.988 0.994 
0.017 0.996 0.055 0.990 1.000 
0.017 0.994 0.057 0.988 1.000 
0.021 0.994 0.092 0.985 1.000 
0.015 0.995 0.060 0.990 1.000 
0.020 0.995 0.059 0.988 1.000 
0.011 0.999 0.056 0.988 1.000 
0.018 0.995 0.053 0.985 1.000 
0.013 0.996 0.096 0.983 0.364 
0.017 0.996 0.059 0.988 0.997 
0.016 0.995 0.069 0.990 1.000 
0.022 0.994 0.064 0.983 1.000 
0.017 0.995 0.056 0.985 1.000 
0.028 0.995 0.056 0.985 1.000 
0.011 0.997 0.068 0.985 1.000 
0.013 0.996 0.066 0.985 1.000 
0.020 0.996 0.051 0.985 1.000 
0.026 0.994 0.069 0.985 0.960 
0.017 0.996 0.046 0.988 1.000 
0.029 0.993 0.054 0.988 1.000 
0.015 0.996 0.056 0.983 1.000 
0.024 0.993 0.072 0.988 0.981 
0.007 0.998 0.081 0.985 1.000 
0.024 0.997 0.069 0.988 1.000 
0.015 0.995 0.048 0.988 1.000 
0.007 0.998 0.084 0.988 1.000 
0.016 0.994 0.057 0.985 0.997 
0.011 0.997 0.086 0.988 0.698 
0.010 0.998 0.063 0.985 0.997 
0.029 0.991 0.065 0.983 1.000 
0.023 0.993 0.064 0.988 0.966 
0.018 0.996 0.078 0.988 0.972 
0.017 0.995 0.088 0.983 1.000 
0.021 0.996 0.052 0.988 0.997 
0.015 0.997 0.111 0.990 0.991 
0.023 0.994 0.083 0.970 0.994 
0.012 0.996 0.052 0.983 1.000 
0.011 0.996 0.059 0.988 1.000 
0.020 0.996 0.058 0.985 1.000 
0.024 0.996 0.064 0.985 1.000 
0.007 0.998 0.066 0.985 1.000 
0.014 0.996 0.056 0.988 0.997 
0.016 0.996 0.057 0.983 1.000 
0.022 0.995 0.062 0.985 1.000 
0.017 0.993 0.079 0.983 1.000 
0.016 0.996 0.057 0.985 1.000 
0.013 0.996 0.071 0.988 0.997 
0.021 0.996 0.086 0.988 1.000 
0.014 0.998 0.066 0.985 0.994 
0.018 0.996 0.055 0.988 1.000 
0.032 0.993 0.061 0.985 0.776 
0.018 0.995 0.051 0.990 0.978 
0.015 0.995 0.048 0.988 0.950 
0.013 0.997 0.063 0.985 0.969 
0.015 0.996 0.060 0.990 0.969 
0.015 0.997 0.049 0.990 0.960 
0.016 0.995 0.047 0.990 0.997 
0.020 0.995 0.065 0.988 0.997 
0.022 0.992 0.066 0.988 0.941 
0.011 0.997 0.110 0.988 0.988 
0.019 0.995 0.062 0.985 0.988 
0.027 0.995 0.061 0.988 0.835 
0.025 0.993 0.068 0.985 0.938 
0.018 0.995 0.067 0.985 0.988 
0.015 0.994 0.065 0.988 0.903 
0.016 0.996 0.067 0.985 1.000 
0.026 0.995 0.048 0.988 0.941 
0.043 0.990 0.055 0.985 0.978 
0.010 0.998 0.058 0.988 0.919 
0.008 0.998 0.060 0.985 0.994 
0.010 0.996 0.161 0.980 0.972 
0.011 0.995 0.122 0.985 0.869 
0.042 0.994 0.054 0.985 0.984 
0.011 0.998 0.073 0.985 0.991 
0.027 0.992 0.083 0.965 0.944 
0.018 0.995 0.095 0.983 0.804 
0.012 0.997 0.052 0.988 0.984 
0.019 0.994 0.066 0.985 0.810 
0.011 0.997 0.052 0.988 0.994 
0.012 0.996 0.089 0.988 0.994 
0.042 0.993 0.061 0.988 0.928 
0.012 0.996 0.059 0.983 1.000 
0.011 0.998 0.075 0.985 0.994 
0.008 0.998 0.074 0.988 0.978 
0.017 0.998 0.083 0.988 0.991 
0.022 0.993 0.054 0.985 1.000 
0.014 0.996 0.074 0.988 1.000 
0.017 0.993 0.063 0.985 0.991 
0.011 0.998 0.050 0.988 1.000 
0.011 0.999 0.068 0.990 0.994 
0.013 0.996 0.091 0.985 0.994 
0.016 0.996 0.071 0.988 0.994 
0.026 0.993 0.063 0.983 1.000 
0.013 0.996 0.051 0.985 1.000 
0.013 0.997 0.082 0.980 0.997 
0.012 0.997 0.091 0.988 0.931 
0.012 0.996 0.062 0.988 0.991 
0.013 0.996 0.116 0.990 0.935 
0.015 0.998 0.055 0.988 0.991 
0.015 0.996 0.060 0.988 0.991 
0.020 0.995 0.062 0.988 0.860 
0.015 0.997 0.050 0.990 0.988 
0.024 0.994 0.057 0.988 0.991 
0.012 0.997 0.071 0.988 0.941 
0.012 0.997 0.057 0.988 0.994 
0.015 0.997 0.055 0.988 0.997 
0.023 0.993 0.048 0.990 1.000 
0.008 0.998 0.098 0.980 0.956 
0.015 0.996 0.062 0.988 1.000 
0.016 0.995 0.068 0.985 0.984 
0.014 0.995 0.086 0.985 0.984 
0.015 0.996 0.060 0.983 1.000 
0.012 0.998 0.060 0.985 0.997 
0.021 0.997 0.093 0.988 0.997 
0.025 0.996 0.076 0.983 0.997 
0.010 0.998 0.112 0.985 0.991 
0.034 0.992 0.064 0.990 0.978 
0.020 0.994 0.065 0.978 1.000 
0.008 0.998 0.088 0.988 0.994 
0.008 0.996 0.061 0.990 0.984 
0.023 0.994 0.057 0.988 0.766 
0.009 0.998 0.070 0.985 0.583 
0.008 0.999 0.083 0.985 0.364 
0.036 0.994 0.052 0.990 0.966 
0.010 0.997 0.048 0.988 0.866 
0.013 0.996 0.122 0.988 0.729 
0.011 0.998 0.056 0.985 1.000 
0.012 0.995 0.079 0.988 0.981 
0.010 0.998 0.077 0.985 0.997 
0.018 0.996 0.087 0.985 0.994 
0.029 0.999 0.051 0.990 0.997 
0.020 0.995 0.071 0.983 0.953 
0.022 0.994 0.075 0.985 0.978 
0.021 0.993 0.049 0.985 1.000 
0.011 0.996 0.072 0.988 0.991 
0.019 0.995 0.074 0.990 0.981 
0.010 0.997 0.054 0.990 0.972 
0.016 0.994 0.058 0.990 0.972 
0.013 0.997 0.096 0.983 0.988 
0.009 0.996 0.109 0.988 0.981 
0.008 0.996 0.090 0.985 0.994 
0.011 0.997 0.109 0.988 0.997 
0.004 0.999 0.286 0.973 0.994 
0.031 0.994 0.054 0.988 0.972 
0.014 0.997 0.055 0.988 1.000 
0.009 0.998 0.058 0.985 0.997 
0.013 0.996 0.105 0.988 1.000 
0.019 0.995 0.069 0.985 1.000 
0.019 0.993 0.124 0.980 1.000 
0.012 0.998 0.057 0.988 0.981 
0.009 0.997 0.112 0.988 0.984 
0.023 0.996 0.053 0.988 0.997 
0.010 0.997 0.066 0.988 0.997 
0.018 0.996 0.080 0.988 0.988 
0.012 0.997 0.061 0.985 0.997 
0.009 0.998 0.065 0.988 0.991 
0.013 0.996 0.058 0.990 1.000 
0.015 0.996 0.057 0.988 0.997 
0.026 0.993 0.063 0.988 0.984 
0.019 0.994 0.072 0.985 0.997 
0.021 0.995 0.055 0.985 1.000 
0.004 0.999 0.072 0.990 0.997 
0.026 0.993 0.131 0.985 0.994 
0.015 0.996 0.090 0.985 1.000 
0.016 0.994 0.061 0.985 1.000 
0.015 0.997 0.077 0.988 0.994 
0.037 0.992 0.057 0.980 1.000 
0.009 0.998 0.059 0.988 1.000 
0.008 0.997 0.079 0.988 0.994 
0.010 0.998 0.071 0.988 0.997 
0.009 0.996 0.062 0.990 0.997 
0.018 0.996 0.097 0.975 0.991 
0.023 0.992 0.066 0.980 0.984 
0.004 0.999 0.070 0.988 1.000 
0.015 0.998 0.059 0.983 1.000 
0.007 0.998 0.074 0.988 0.931 
0.016 0.995 0.063 0.990 0.991 
0.011 0.998 0.061 0.985 1.000 
0.011 0.995 0.075 0.980 0.972 
0.021 0.996 0.098 0.975 0.922 
0.022 0.994 0.086 0.985 1.000 
0.012 0.995 0.085 0.983 0.991 
0.015 0.997 0.071 0.990 0.991 
0.008 0.998 0.084 0.978 0.782 
0.014 0.996 0.049 0.985 1.000 
0.013 0.996 0.072 0.975 0.988 
0.017 0.993 0.094 0.975 0.972 
0.013 0.995 0.064 0.988 0.991 
0.010 0.997 0.054 0.988 0.981 
0.014 0.995 0.054 0.988 0.956 
0.010 0.998 0.070 0.988 0.978 
0.019 0.994 0.072 0.988 0.931 
0.010 0.996 0.053 0.990 0.991 
0.017 0.995 0.056 0.985 0.991 
0.003 0.999 0.083 0.983 0.991 
0.018 0.996 0.061 0.988 0.978 
0.013 0.998 0.075 0.988 0.956 
0.026 0.994 0.058 0.985 0.657 
0.016 0.995 0.068 0.985 0.813 
0.021 0.993 0.051 0.990 0.910 
0.008 0.998 0.051 0.988 1.000 
0.017 0.995 0.080 0.970 0.956 
0.018 0.996 0.049 0.988 0.931 
0.013 0.996 0.052 0.990 0.997 
0.014 0.998 0.053 0.985 0.925 
0.013 0.996 0.075 0.978 0.997 
0.011 0.998 0.059 0.985 0.978 
0.014 0.996 0.046 0.988 0.956 
0.014 0.997 0.049 0.990 0.963 
0.032 0.990 0.050 0.985 0.991 
0.008 0.998 0.075 0.983 1.000 
0.015 0.996 0.055 0.985 1.000 
0.004 0.998 0.061 0.990 0.972 
0.008 0.999 0.055 0.988 0.981 
0.010 0.996 0.071 0.988 0.953 
0.009 0.996 0.087 0.988 0.913 
0.013 0.995 0.083 0.983 1.000 
0.010 0.997 0.084 0.990 0.956 
0.005 0.998 0.067 0.985 0.997 
0.020 0.993 0.077 0.985 0.984 
0.010 0.996 0.069 0.988 0.997 
0.039 0.992 0.056 0.990 0.988 
0.014 0.996 0.073 0.988 0.956 
0.008 0.997 0.073 0.985 0.988 
0.011 0.996 0.050 0.990 0.966 
0.011 0.995 0.066 0.988 0.997 
0.017 0.996 0.051 0.990 0.969 
0.006 0.998 0.069 0.988 0.997 
0.010 0.996 0.108 0.985 0.956 
0.013 0.995 0.098 0.988 0.829 
0.017 0.995 0.061 0.985 0.969 
0.011 0.997 0.065 0.985 0.966 
0.018 0.993 0.060 0.985 0.984 
0.003 0.998 0.096 0.985 0.997 
0.014 0.995 0.079 0.985 0.773 
0.011 0.996 0.083 0.983 0.994 
0.014 0.995 0.076 0.985 0.838 
0.025 0.996 0.076 0.985 0.981 
0.018 0.993 0.059 0.988 0.850 
0.005 0.998 0.063 0.990 0.991 
0.009 0.997 0.061 0.990 0.994 
0.012 0.997 0.090 0.983 0.994 
0.013 0.996 0.108 0.985 0.963 
0.008 0.999 0.052 0.988 0.994 
0.011 0.995 0.078 0.983 0.944 
0.019 0.995 0.060 0.990 0.975 
0.013 0.998 0.052 0.985 0.994 
0.010 0.997 0.097 0.990 0.984 
0.007 0.996 0.064 0.990 0.978 
0.020 0.993 0.049 0.988 0.978 
0.011 0.997 0.067 0.988 0.966 
0.015 0.995 0.054 0.990 0.991 
0.011 0.995 0.093 0.985 0.997 
0.021 0.996 0.053 0.985 0.997 
0.010 0.998 0.067 0.988 1.000 
0.020 0.995 0.073 0.988 0.981 
0.013 0.997 0.053 0.988 1.000 
0.010 0.998 0.052 0.988 1.000 
0.018 0.993 0.083 0.988 0.835 
0.008 0.998 0.080 0.985 0.988 
0.023 0.995 0.055 0.990 0.972 
0.021 0.994 0.057 0.985 0.997 
0.007 0.998 0.073 0.988 0.988 
0.009 0.997 0.057 0.988 0.997 
0.013 0.996 0.061 0.988 0.997 
0.008 0.998 0.068 0.990 0.981 
0.009 0.997 0.068 0.988 0.984 
0.013 0.995 0.061 0.988 0.984 
0.029 0.992 0.057 0.988 0.991 
0.009 0.998 0.066 0.985 0.981 
0.014 0.996 0.063 0.990 0.981 
0.014 0.996 0.072 0.985 0.991 
0.024 0.996 0.067 0.988 0.991 
0.028 0.993 0.057 0.988 1.000 
0.009 0.997 0.063 0.985 0.997 
0.018 0.995 0.070 0.985 0.972 
0.010 0.998 0.064 0.985 1.000 
0.010 0.996 0.094 0.985 0.969 
0.018 0.996 0.091 0.988 0.994 
0.015 0.996 0.068 0.990 0.972 
0.012 0.997 0.055 0.988 0.991 
0.014 0.996 0.062 0.985 0.972 
0.012 0.996 0.064 0.988 0.891 
0.013 0.995 0.092 0.985 0.941 
0.017 0.996 0.079 0.985 0.969 
0.015 0.995 0.072 0.985 0.978 
0.010 0.996 0.118 0.988 0.997 
0.012 0.997 0.136 0.970 0.991 
0.021 0.996 0.100 0.945 0.882 
0.018 0.994 0.051 0.990 0.975 
0.006 0.999 0.089 0.990 0.888 
0.017 0.995 0.100 0.985 0.941 
0.009 0.997 0.050 0.988 0.991 
0.007 0.997 0.053 0.985 0.997 
0.021 0.995 0.060 0.990 0.966 
0.019 0.996 0.054 0.990 0.913 
0.016 0.993 0.084 0.990 0.956 
0.024 0.994 0.058 0.988 1.000 
0.009 0.998 0.092 0.985 0.919 
0.009 0.996 0.055 0.988 0.966 
0.011 0.997 0.067 0.985 0.975 
0.008 0.997 0.066 0.985 0.984 
0.008 0.998 0.091 0.988 0.776 
0.011 0.996 0.059 0.988 0.994 
0.012 0.998 0.076 0.988 0.953 
0.017 0.998 0.063 0.985 0.972 
0.030 0.995 0.056 0.988 1.000 
0.019 0.995 0.058 0.990 0.963 
0.011 0.998 0.132 0.963 0.935 
0.010 0.998 0.102 0.988 0.910 
0.010 0.997 0.090 0.988 0.639 
0.018 0.997 0.054 0.988 0.963 
0.008 0.996 0.074 0.985 0.960 
0.023 0.995 0.064 0.985 0.966 
0.011 0.996 0.075 0.983 0.078 
0.019 0.995 0.057 0.985 0.978 
0.011 0.998 0.058 0.988 0.997 
0.017 0.996 0.066 0.988 0.944 
0.028 0.996 0.065 0.985 0.994 
0.007 0.998 0.058 0.985 0.978 
0.010 0.997 0.072 0.990 1.000 
0.019 0.995 0.067 0.988 0.396 
0.013 0.996 0.082 0.985 0.997 
0.010 0.998 0.057 0.988 0.997 
0.017 0.994 0.054 0.985 0.991 
0.014 0.995 0.073 0.988 1.000 
0.008 0.997 0.101 0.985 0.988 
0.025 0.996 0.085 0.988 1.000 
0.025 0.991 0.057 0.988 0.994 
0.004 0.999 0.077 0.988 0.897 
0.024 0.993 0.055 0.985 0.997 
0.011 0.998 0.070 0.988 0.455 
0.032 0.994 0.052 0.988 0.047 
0.009 0.997 0.126 0.983 1.000 
0.008 0.998 0.085 0.985 1.000 
0.021 0.996 0.062 0.985 0.988 
0.024 0.993 0.063 0.983 1.000 
0.010 0.997 0.103 0.978 1.000 
0.013 0.996 0.131 0.985 1.000 
0.037 0.992 0.096 0.965 0.234 
0.012 0.995 0.096 0.985 0.003 
0.003 0.999 0.095 0.985 0.583 
0.009 0.998 0.092 0.983 0.844 
0.012 0.997 0.089 0.983 0.645 
0.024 0.995 0.059 0.983 1.000 
0.012 0.996 0.074 0.985 0.981 
0.014 0.995 0.065 0.988 0.994 
0.018 0.995 0.056 0.990 0.994 
0.013 0.995 0.055 0.985 1.000 
0.018 0.995 0.062 0.988 0.997 
0.012 0.996 0.106 0.985 0.698 
0.016 0.993 0.059 0.990 0.997 
0.011 0.996 0.107 0.988 0.981 
0.011 0.995 0.064 0.988 0.997 
0.005 0.999 0.075 0.985 1.000 
0.010 0.997 0.092 0.988 0.981 
0.017 0.995 0.108 0.975 0.966 
0.019 0.995 0.097 0.988 0.910 
0.010 0.995 0.108 0.985 0.910 
0.013 0.996 0.061 0.985 0.994 
0.008 0.998 0.121 0.988 0.931 
0.006 0.999 0.086 0.988 0.928 
0.012 0.997 0.068 0.988 0.994 
0.014 0.996 0.059 0.988 0.975 
0.013 0.997 0.059 0.985 0.988 
0.009 0.998 0.066 0.985 0.994 
0.015 0.995 0.061 0.985 0.997 
0.013 0.998 0.132 0.985 0.938 
0.005 0.999 0.119 0.990 1.000 
0.012 0.995 0.068 0.988 0.639 
0.013 0.997 0.125 0.988 0.692 
0.016 0.994 0.142 0.988 0.885 
0.025 0.996 0.063 0.985 0.184 
0.011 0.997 0.063 0.985 0.654 
0.013 0.995 0.069 0.988 0.776 
0.011 0.996 0.080 0.985 0.629 
0.008 0.999 0.094 0.990 0.763 
0.004 0.998 0.089 0.988 0.751 
0.013 0.997 0.071 0.985 1.000 
0.017 0.995 0.072 0.985 0.819 
0.013 0.996 0.067 0.988 0.673 
0.018 0.995 0.051 0.988 1.000 
0.017 0.996 0.199 0.988 0.972 
0.012 0.997 0.078 0.988 0.963 
0.010 0.997 0.114 0.988 0.047 
0.015 0.996 0.071 0.983 0.907 
0.011 0.996 0.053 0.985 1.000 
0.018 0.993 0.063 0.985 0.972 
0.007 0.999 0.056 0.990 0.953 
0.014 0.994 0.087 0.980 0.947 
0.013 0.998 0.058 0.988 0.972 
0.008 0.997 0.100 0.988 0.100 
0.008 0.997 0.105 0.988 0.648 
0.013 0.996 0.080 0.985 0.315 
0.016 0.995 0.076 0.985 0.336 
0.091 0.998 0.063 0.983 0.978 
0.011 0.998 0.059 0.988 0.551 
0.014 0.996 0.062 0.988 0.885 
0.015 0.996 0.062 0.988 0.875 
0.010 0.998 0.090 0.988 0.860 
0.008 0.998 0.076 0.990 1.000 
0.006 0.996 0.088 0.988 1.000 
0.011 0.999 0.066 0.985 0.988 
0.007 0.996 0.069 0.985 1.000 
0.010 0.999 0.061 0.988 0.972 
0.028 0.993 0.066 0.985 0.056 
0.037 0.996 0.095 0.970 0.988 
0.019 0.994 0.062 0.985 0.000 
0.012 0.997 0.077 0.983 0.542 
0.011 0.997 0.063 0.988 0.174 
0.015 0.995 0.075 0.983 0.053 
0.018 0.997 0.060 0.988 0.975 
0.007 0.998 0.066 0.985 0.807 
0.022 0.995 0.060 0.988 0.988 
0.010 0.997 0.060 0.988 0.984 
0.008 0.998 0.075 0.990 0.975 
0.012 0.995 0.064 0.983 0.389 
0.034 0.995 0.185 0.980 1.000 
0.019 0.995 0.129 0.988 1.000 
0.028 0.993 0.064 0.985 0.981 
0.019 0.995 0.092 0.978 0.819 
0.005 0.998 0.065 0.988 0.984 
0.011 0.996 0.067 0.988 0.654 
0.006 0.998 0.077 0.988 0.981 
0.011 0.998 0.095 0.985 0.991 
0.022 0.996 0.079 0.985 0.131 
0.007 0.998 0.070 0.988 0.988 
0.018 0.995 0.064 0.988 0.975 
0.023 0.996 0.056 0.990 1.000 
0.009 0.996 0.061 0.990 1.000 
0.031 0.995 0.066 0.988 0.984 
0.011 0.996 0.063 0.988 1.000 
0.009 0.998 0.078 0.985 0.997 
0.020 0.995 0.059 0.988 0.645 
0.018 0.994 0.075 0.988 0.903 
0.014 0.995 0.075 0.983 0.991 
0.017 0.996 0.066 0.985 0.888 
0.012 0.997 0.088 0.985 0.470 
0.022 0.996 0.055 0.985 1.000 
0.024 0.997 0.078 0.985 0.994 
0.016 0.995 0.088 0.985 0.860 
0.010 0.996 0.078 0.988 0.816 
0.013 0.995 0.152 0.985 0.427 
0.020 0.997 0.053 0.988 0.916 
0.011 0.997 0.073 0.980 0.994 
0.008 0.996 0.081 0.985 0.218 
0.012 0.996 0.143 0.958 0.327 
0.011 0.995 0.097 0.983 0.374 
0.022 0.994 0.057 0.985 0.963 
0.009 0.995 0.071 0.983 1.000 
0.013 0.995 0.089 0.988 0.984 
0.000 1.000 0.099 0.988 0.838 
0.007 0.997 0.073 0.985 0.972 
0.008 0.998 0.112 0.988 0.125 
0.021 0.995 0.073 0.990 0.994 
0.013 0.995 0.126 0.985 0.997 
0.008 0.997 0.101 0.990 1.000 
0.012 0.996 0.062 0.985 1.000 
0.011 0.996 0.105 0.988 0.969 
0.035 0.995 0.066 0.985 0.910 
0.017 0.998 0.099 0.973 0.994 
0.017 0.995 0.098 0.975 0.966 
0.012 0.996 0.083 0.983 0.975 
0.015 0.996 0.060 0.990 0.991 
0.021 0.992 0.103 0.988 0.997 
0.012 0.996 0.089 0.978 0.991 
0.018 0.995 0.106 0.978 0.978 
0.013 0.997 0.070 0.988 0.997 
0.010 0.997 0.118 0.985 0.231 
0.011 0.997 0.080 0.985 1.000 
0.018 0.996 0.089 0.975 0.919 
0.010 0.997 0.068 0.985 0.969 
0.014 0.995 0.072 0.988 0.953 
0.010 0.997 0.089 0.988 0.738 
0.010 0.998 0.079 0.985 0.991 
0.007 0.998 0.107 0.988 0.997 
0.014 0.995 0.114 0.988 0.863 
0.012 0.995 0.103 0.985 0.988 
0.015 0.996 0.144 0.980 0.988 
0.017 0.993 0.063 0.983 1.000 
0.007 0.998 0.125 0.988 0.931 
0.023 0.992 0.054 0.990 0.997 
0.011 0.999 0.064 0.985 0.975 
0.020 0.993 0.107 0.958 0.991 
0.011 0.996 0.059 0.988 0.994 
0.017 0.996 0.083 0.988 0.988 
0.011 0.997 0.070 0.985 0.988 
0.007 0.998 0.066 0.985 0.997 
0.019 0.996 0.067 0.985 0.988 
0.017 0.997 0.268 0.988 0.165 
0.021 0.996 0.062 0.985 0.984 
0.008 0.999 0.059 0.985 1.000 
0.019 0.995 0.145 0.963 0.984 
0.016 0.996 0.108 0.983 1.000 
0.012 0.997 0.124 0.985 0.978 
0.016 0.997 0.062 0.988 0.994 
0.009 0.998 0.093 0.985 0.935 
0.021 0.995 0.159 0.983 0.894 
0.024 0.995 0.143 0.985 1.000 
0.017 0.996 0.081 0.988 1.000 
0.015 0.995 0.102 0.985 1.000 
0.008 0.999 0.131 0.988 0.975 
0.017 0.996 0.118 0.983 0.988 
0.011 0.996 0.121 0.980 0.872 
0.027 0.993 0.082 0.983 0.963 
0.007 0.998 0.101 0.988 0.844 
0.014 0.997 0.071 0.985 0.913 
0.011 0.996 0.085 0.988 0.984 
0.006 0.998 0.125 0.988 0.617 
0.010 0.996 0.079 0.985 0.414 
0.010 0.996 0.082 0.988 1.000 
0.013 0.995 0.149 0.988 0.776 
0.015 0.996 0.088 0.988 0.900 
0.021 0.995 0.079 0.983 0.879 
0.016 0.996 0.068 0.985 0.816 
0.020 0.995 0.074 0.985 0.981 
0.010 0.998 0.076 0.988 0.978 
0.011 0.997 0.081 0.980 0.981 
0.012 0.995 0.085 0.985 0.991 
0.008 0.997 0.078 0.988 0.966 
0.006 0.998 0.095 0.988 0.869 
0.020 0.995 0.081 0.983 0.988 
0.019 0.996 0.070 0.985 0.997 
0.005 0.998 0.258 0.985 0.947 
0.021 0.995 0.121 0.985 0.819 
0.013 0.997 0.163 0.988 0.907 
0.011 0.998 0.136 0.985 0.978 
0.014 0.996 0.070 0.988 0.972 
0.008 0.998 0.079 0.985 0.984 
0.008 0.998 0.211 0.985 0.960 
0.025 0.994 0.070 0.985 1.000 
0.013 0.996 0.134 0.985 0.907 
0.010 0.997 0.141 0.985 0.492 
0.017 0.996 0.100 0.988 0.047 
0.008 0.997 0.098 0.988 0.903 
0.016 0.997 0.111 0.985 0.981 
0.025 0.997 0.181 0.988 1.000 
0.017 0.996 0.067 0.985 0.885 
0.007 0.998 0.087 0.985 0.981 
0.013 0.996 0.116 0.985 0.988 
0.009 0.998 0.160 0.988 0.991 
0.019 0.998 0.096 0.988 0.984 
0.012 0.995 0.078 0.985 0.950 
0.006 0.999 0.064 0.988 1.000 
0.011 0.996 0.091 0.983 1.000 
0.006 0.998 0.087 0.983 1.000 
0.013 0.996 0.077 0.983 1.000 
0.011 0.996 0.126 0.985 0.984 
0.009 0.996 0.080 0.985 0.872 
0.019 0.994 0.090 0.985 0.988 
0.022 0.996 0.055 0.988 0.991 
0.007 0.998 0.059 0.985 0.994 
0.018 0.995 0.061 0.988 0.822 
0.021 0.994 0.052 0.988 0.526 
0.010 0.996 0.057 0.985 0.701 
0.014 0.997 0.064 0.985 0.489 
0.022 0.995 0.061 0.983 0.947 
0.012 0.999 0.080 0.988 0.692 
0.022 0.994 0.072 0.985 0.994 
0.021 0.996 0.053 0.990 0.907 
0.013 0.998 0.083 0.973 0.950 
0.015 0.995 0.156 0.945 0.894 
0.016 0.995 0.058 0.988 0.925 
0.019 0.996 0.067 0.983 0.087 
0.013 0.998 0.083 0.980 0.296 
0.010 0.997 0.061 0.988 0.931 
0.013 0.996 0.068 0.980 0.953 
0.017 0.995 0.086 0.980 0.941 
0.018 0.995 0.078 0.985 0.947 
0.011 0.998 0.054 0.988 0.997 
0.022 0.997 0.077 0.985 0.854 
0.021 0.993 0.095 0.970 0.794 
0.009 0.995 0.058 0.988 0.997 
0.006 0.998 0.098 0.985 0.670 
0.020 0.994 0.060 0.988 1.000 
0.009 0.996 0.098 0.988 1.000 
0.033 0.996 0.072 0.988 0.981 
0.007 0.998 0.103 0.985 0.978 
0.057 0.989 0.054 0.988 1.000 
0.006 0.999 0.065 0.988 0.922 
0.014 0.997 0.096 0.975 0.713 
0.005 0.998 0.073 0.988 1.000 
0.011 0.998 0.064 0.988 0.991 
0.017 0.997 0.071 0.980 0.850 
0.034 0.993 0.068 0.988 0.997 
0.018 0.994 0.055 0.990 0.991 
0.014 0.995 0.061 0.988 0.953 
0.022 0.992 0.060 0.985 0.841 
0.009 0.997 0.060 0.990 0.704 
0.017 0.993 0.073 0.985 0.614 
0.001 1.000 0.097 0.988 0.249 
0.012 0.995 0.067 0.988 0.720 
0.016 0.996 0.171 0.980 0.984 
0.011 0.998 0.101 0.988 0.779 
0.013 0.998 0.058 0.988 0.252 
0.020 0.994 0.065 0.988 0.903 
0.007 0.998 0.074 0.988 0.956 
0.020 0.995 0.058 0.990 0.991 
0.010 0.998 0.057 0.990 1.000 
0.004 0.999 0.059 0.988 1.000 
0.014 0.995 0.097 0.988 0.944 
0.004 0.999 0.084 0.990 1.000 
0.017 0.996 0.059 0.988 1.000 
0.018 0.995 0.091 0.988 0.981 
0.003 0.999 0.092 0.988 0.981 
0.001 1.000 0.070 0.985 1.000 
0.017 0.996 0.051 0.990 0.991 
0.027 0.994 0.053 0.990 0.969 
0.017 0.998 0.084 0.983 0.928 
0.011 0.997 0.097 0.985 0.994 
0.012 0.997 0.094 0.988 0.969 
0.009 0.998 0.110 0.985 0.935 
0.020 0.995 0.061 0.990 0.984 
0.010 0.996 0.076 0.985 0.988 
0.021 0.993 0.060 0.988 0.891 
0.011 0.997 0.055 0.990 0.975 
0.012 0.999 0.059 0.983 1.000 
0.008 0.998 0.069 0.985 0.916 
0.011 0.996 0.063 0.990 0.997 
0.007 0.998 0.101 0.988 0.997 
0.095 0.990 0.064 0.985 1.000 
0.007 0.998 0.100 0.988 0.988 
0.012 0.996 0.081 0.988 1.000 
0.024 0.995 0.057 0.988 1.000 
