0.296 0.880 0.215 0.935 1.000 
0.154 0.943 0.169 0.922 1.000 
0.151 0.946 0.108 0.968 1.000 
0.129 0.958 0.143 0.945 1.000 
0.116 0.959 0.092 0.965 1.000 
0.103 0.967 0.119 0.953 1.000 
0.109 0.969 0.073 0.978 1.000 
0.110 0.970 0.103 0.968 1.000 
0.088 0.972 0.101 0.970 1.000 
0.076 0.975 0.111 0.960 0.997 
0.076 0.978 0.098 0.968 1.000 
0.074 0.977 0.122 0.945 0.911 
0.087 0.979 0.103 0.965 1.000 
0.099 0.966 0.105 0.965 1.000 
0.070 0.976 0.138 0.943 1.000 
0.071 0.981 0.207 0.922 1.000 
0.051 0.985 0.117 0.960 1.000 
0.067 0.979 0.073 0.983 0.993 
0.083 0.976 0.104 0.963 1.000 
0.077 0.976 0.101 0.960 0.997 
0.058 0.984 0.129 0.953 0.957 
0.066 0.978 0.087 0.973 0.993 
0.051 0.986 0.076 0.973 0.983 
0.059 0.982 0.088 0.970 1.000 
0.058 0.983 0.139 0.950 1.000 
0.058 0.982 0.082 0.973 0.930 
0.048 0.987 0.134 0.943 0.881 
0.066 0.984 0.099 0.968 1.000 
0.053 0.983 0.082 0.975 0.977 
0.058 0.983 0.062 0.978 1.000 
0.056 0.984 0.066 0.978 0.659 
0.058 0.983 0.081 0.963 0.815 
0.045 0.989 0.079 0.973 0.798 
0.056 0.983 0.092 0.960 0.937 
0.041 0.991 0.069 0.978 0.990 
0.067 0.983 0.102 0.953 0.977 
0.060 0.983 0.080 0.973 1.000 
0.052 0.986 0.099 0.960 0.930 
0.045 0.986 0.071 0.978 1.000 
0.064 0.980 0.079 0.978 0.990 
0.044 0.986 0.083 0.963 1.000 
0.043 0.986 0.116 0.955 0.983 
0.042 0.986 0.072 0.970 1.000 
0.048 0.987 0.064 0.988 1.000 
0.051 0.989 0.089 0.968 1.000 
0.050 0.988 0.072 0.970 1.000 
0.038 0.989 0.115 0.958 0.997 
0.051 0.988 0.131 0.953 0.977 
0.045 0.989 0.079 0.975 1.000 
0.049 0.988 0.062 0.980 0.927 
0.050 0.985 0.061 0.980 0.050 
0.037 0.991 0.138 0.955 0.983 
0.035 0.991 0.063 0.978 1.000 
0.053 0.984 0.074 0.980 0.212 
0.037 0.990 0.109 0.958 1.000 
0.042 0.990 0.096 0.960 0.997 
0.032 0.992 0.069 0.978 0.997 
0.056 0.986 0.087 0.973 0.993 
0.042 0.988 0.074 0.980 0.987 
0.039 0.989 0.059 0.980 0.841 
0.032 0.992 0.075 0.975 0.785 
0.046 0.988 0.070 0.985 0.954 
0.035 0.987 0.081 0.975 0.533 
0.034 0.991 0.077 0.978 0.722 
0.039 0.987 0.085 0.965 0.997 
0.036 0.989 0.090 0.963 0.957 
0.041 0.989 0.102 0.958 0.990 
0.034 0.990 0.087 0.960 0.871 
0.040 0.991 0.107 0.960 0.987 
0.033 0.991 0.060 0.980 0.841 
0.032 0.990 0.051 0.983 1.000 
0.034 0.989 0.093 0.968 0.983 
0.039 0.990 0.082 0.968 0.993 
0.032 0.991 0.069 0.978 0.089 
0.047 0.987 0.075 0.975 0.834 
0.038 0.989 0.075 0.975 0.990 
0.047 0.988 0.062 0.985 0.844 
0.038 0.993 0.073 0.978 0.950 
0.031 0.992 0.168 0.940 0.411 
0.039 0.991 0.073 0.975 0.950 
0.036 0.990 0.055 0.978 0.977 
0.038 0.992 0.147 0.948 0.060 
0.042 0.988 0.059 0.978 1.000 
0.030 0.993 0.061 0.973 0.636 
0.036 0.991 0.072 0.970 0.964 
0.031 0.992 0.074 0.978 0.983 
0.039 0.990 0.086 0.970 0.970 
0.037 0.991 0.066 0.978 0.613 
0.030 0.992 0.078 0.980 0.983 
0.030 0.991 0.075 0.975 0.983 
0.042 0.988 0.079 0.968 0.007 
0.029 0.990 0.112 0.960 0.652 
0.029 0.993 0.059 0.980 0.520 
0.049 0.988 0.074 0.980 1.000 
0.027 0.995 0.081 0.980 0.997 
0.023 0.996 0.075 0.978 0.997 
0.031 0.991 0.055 0.980 0.146 
0.026 0.993 0.073 0.980 0.960 
0.043 0.989 0.114 0.963 0.149 
0.028 0.993 0.089 0.965 0.967 
0.020 0.995 0.096 0.975 0.175 
0.048 0.987 0.109 0.960 0.798 
0.024 0.995 0.073 0.978 0.156 
0.033 0.992 0.086 0.968 0.775 
0.031 0.992 0.070 0.975 0.781 
0.032 0.991 0.083 0.968 0.470 
0.032 0.990 0.102 0.960 0.483 
0.026 0.991 0.039 0.990 0.990 
0.031 0.991 0.064 0.983 0.255 
0.034 0.991 0.068 0.980 0.977 
0.040 0.987 0.123 0.950 0.983 
0.029 0.993 0.105 0.958 0.954 
0.035 0.990 0.095 0.965 0.083 
0.033 0.991 0.110 0.960 0.295 
0.031 0.990 0.106 0.958 0.864 
0.025 0.993 0.056 0.983 0.242 
0.032 0.992 0.054 0.983 0.791 
0.036 0.991 0.087 0.970 0.149 
0.031 0.992 0.056 0.980 0.983 
0.034 0.992 0.092 0.963 0.997 
0.024 0.995 0.110 0.965 0.540 
0.030 0.993 0.112 0.955 0.944 
0.036 0.990 0.084 0.970 0.997 
0.029 0.991 0.135 0.945 1.000 
0.028 0.993 0.085 0.968 0.967 
0.027 0.992 0.062 0.978 0.745 
0.027 0.993 0.060 0.978 0.960 
0.025 0.992 0.076 0.980 0.967 
0.026 0.993 0.046 0.983 0.586 
0.028 0.990 0.091 0.960 0.427 
0.033 0.991 0.041 0.990 0.454 
0.033 0.991 0.078 0.968 0.977 
0.036 0.990 0.059 0.983 0.997 
0.029 0.994 0.056 0.980 0.974 
0.026 0.993 0.112 0.965 0.940 
0.035 0.992 0.105 0.960 0.990 
0.025 0.992 0.070 0.975 0.086 
0.036 0.991 0.112 0.945 0.579 
0.030 0.991 0.074 0.970 0.583 
0.038 0.988 0.054 0.983 0.987 
0.025 0.993 0.088 0.978 0.990 
0.024 0.995 0.069 0.978 0.510 
0.026 0.993 0.104 0.968 0.983 
0.032 0.992 0.098 0.973 0.242 
0.031 0.990 0.095 0.963 0.987 
0.038 0.990 0.069 0.978 0.301 
0.029 0.991 0.055 0.980 0.980 
0.026 0.991 0.089 0.970 0.662 
0.026 0.995 0.068 0.978 1.000 
0.027 0.990 0.073 0.980 0.904 
0.029 0.993 0.137 0.953 0.997 
0.029 0.991 0.066 0.978 0.997 
0.024 0.996 0.138 0.955 0.275 
0.024 0.995 0.089 0.960 0.993 
0.020 0.995 0.071 0.968 0.974 
0.031 0.992 0.115 0.958 0.791 
0.025 0.993 0.068 0.980 0.990 
0.024 0.993 0.065 0.980 0.811 
0.026 0.993 0.101 0.960 0.772 
0.031 0.991 0.088 0.968 0.990 
0.030 0.988 0.119 0.958 0.983 
0.028 0.993 0.159 0.943 0.997 
0.021 0.995 0.097 0.960 1.000 
0.013 0.997 0.099 0.978 0.997 
0.022 0.995 0.054 0.990 1.000 
0.022 0.994 0.150 0.943 0.616 
0.022 0.993 0.105 0.958 0.954 
0.022 0.994 0.080 0.975 0.957 
0.022 0.993 0.136 0.955 1.000 
0.027 0.992 0.075 0.968 0.901 
0.022 0.996 0.128 0.975 1.000 
0.044 0.989 0.106 0.953 0.947 
0.030 0.991 0.101 0.958 1.000 
0.025 0.994 0.111 0.953 0.560 
0.025 0.991 0.066 0.970 0.934 
0.019 0.994 0.090 0.960 0.616 
0.020 0.995 0.102 0.965 0.166 
0.029 0.993 0.082 0.968 0.940 
0.026 0.992 0.050 0.985 0.967 
0.028 0.992 0.084 0.963 0.904 
0.021 0.995 0.086 0.985 0.940 
0.032 0.993 0.113 0.958 0.967 
0.023 0.995 0.134 0.958 0.940 
0.027 0.993 0.100 0.960 0.924 
0.019 0.995 0.058 0.980 1.000 
0.036 0.989 0.141 0.943 0.980 
0.025 0.993 0.092 0.960 0.993 
0.027 0.992 0.098 0.963 0.993 
0.028 0.993 0.117 0.960 0.808 
0.030 0.992 0.136 0.958 0.877 
0.026 0.993 0.057 0.983 0.997 
0.020 0.995 0.065 0.980 0.894 
0.014 0.997 0.172 0.938 0.613 
0.018 0.993 0.215 0.910 0.997 
0.027 0.993 0.090 0.960 0.997 
0.025 0.996 0.193 0.935 0.983 
0.030 0.992 0.127 0.955 0.990 
0.019 0.995 0.110 0.965 0.970 
0.025 0.993 0.088 0.980 0.997 
0.021 0.993 0.140 0.953 0.762 
0.027 0.993 0.123 0.953 0.305 
0.032 0.991 0.114 0.953 0.990 
0.017 0.995 0.040 0.990 1.000 
0.021 0.993 0.089 0.965 0.838 
0.021 0.992 0.143 0.950 0.467 
0.020 0.996 0.064 0.978 0.990 
0.024 0.996 0.097 0.963 0.934 
0.028 0.992 0.088 0.963 0.993 
0.022 0.994 0.074 0.980 0.974 
0.032 0.990 0.063 0.983 0.997 
0.023 0.994 0.078 0.978 0.997 
0.027 0.992 0.091 0.958 0.897 
0.036 0.992 0.128 0.945 0.993 
0.027 0.992 0.081 0.970 0.652 
0.024 0.995 0.163 0.935 0.944 
0.018 0.996 0.200 0.925 0.997 
0.026 0.996 0.089 0.978 1.000 
0.026 0.991 0.079 0.980 0.974 
0.021 0.996 0.108 0.960 0.980 
0.017 0.996 0.185 0.920 0.997 
0.024 0.992 0.087 0.970 1.000 
0.026 0.992 0.144 0.935 0.980 
0.021 0.995 0.105 0.965 0.997 
0.018 0.995 0.083 0.968 0.987 
0.020 0.996 0.064 0.980 0.997 
0.023 0.995 0.081 0.968 0.950 
0.035 0.996 0.077 0.973 0.954 
0.037 0.991 0.069 0.973 0.937 
0.017 0.997 0.068 0.973 0.990 
0.027 0.992 0.145 0.965 0.997 
0.037 0.993 0.076 0.978 0.997 
0.026 0.994 0.053 0.980 0.993 
0.021 0.995 0.155 0.950 0.997 
0.026 0.992 0.117 0.963 0.993 
0.025 0.992 0.057 0.983 0.997 
0.020 0.995 0.096 0.970 0.997 
0.020 0.995 0.069 0.980 0.997 
0.022 0.995 0.108 0.965 0.371 
0.024 0.996 0.084 0.970 0.974 
0.014 0.997 0.063 0.983 0.990 
0.034 0.991 0.084 0.978 1.000 
0.023 0.996 0.065 0.983 0.993 
0.028 0.993 0.067 0.983 0.997 
0.025 0.991 0.095 0.963 1.000 
0.027 0.993 0.101 0.963 1.000 
0.016 0.996 0.125 0.955 0.993 
0.022 0.993 0.088 0.968 0.993 
0.013 0.996 0.094 0.970 0.997 
0.018 0.996 0.077 0.973 0.993 
0.023 0.993 0.074 0.975 1.000 
0.019 0.996 0.070 0.980 1.000 
0.021 0.991 0.048 0.980 0.997 
0.016 0.996 0.060 0.983 0.997 
0.027 0.991 0.084 0.965 0.997 
0.024 0.993 0.075 0.973 0.997 
0.031 0.992 0.066 0.978 0.990 
0.022 0.992 0.063 0.975 0.997 
0.021 0.995 0.087 0.970 0.977 
0.022 0.995 0.143 0.945 0.997 
0.019 0.995 0.070 0.980 0.977 
0.013 0.997 0.093 0.978 1.000 
0.018 0.996 0.073 0.980 0.093 
0.019 0.994 0.069 0.980 0.990 
0.023 0.993 0.088 0.980 0.954 
0.018 0.993 0.046 0.988 1.000 
0.025 0.993 0.043 0.983 0.993 
0.023 0.993 0.094 0.963 0.993 
0.020 0.996 0.080 0.980 0.993 
0.019 0.995 0.077 0.980 0.987 
0.021 0.994 0.084 0.978 0.891 
0.026 0.995 0.065 0.980 0.957 
0.025 0.994 0.054 0.980 1.000 
0.016 0.996 0.057 0.980 0.993 
0.019 0.996 0.085 0.973 0.881 
0.022 0.994 0.061 0.980 1.000 
0.017 0.996 0.074 0.980 0.960 
0.024 0.993 0.061 0.980 1.000 
0.023 0.994 0.112 0.958 1.000 
0.020 0.993 0.074 0.980 1.000 
0.027 0.992 0.078 0.980 0.997 
0.021 0.994 0.118 0.968 0.997 
0.021 0.996 0.044 0.985 1.000 
0.025 0.994 0.055 0.983 1.000 
0.039 0.991 0.107 0.973 0.997 
0.018 0.997 0.083 0.973 1.000 
0.021 0.993 0.100 0.970 0.993 
0.017 0.997 0.055 0.983 0.993 
0.017 0.996 0.093 0.978 0.868 
0.024 0.991 0.107 0.965 0.993 
0.014 0.996 0.150 0.963 0.993 
0.020 0.995 0.044 0.983 1.000 
0.020 0.995 0.051 0.985 0.997 
0.016 0.993 0.115 0.973 0.997 
0.029 0.992 0.093 0.965 0.997 
0.020 0.994 0.111 0.963 0.990 
0.015 0.995 0.052 0.983 0.997 
0.021 0.995 0.109 0.983 0.877 
0.016 0.995 0.130 0.960 0.993 
0.022 0.993 0.079 0.975 0.987 
0.023 0.995 0.075 0.973 0.934 
0.030 0.992 0.081 0.973 0.983 
0.021 0.995 0.093 0.975 0.599 
0.021 0.991 0.057 0.983 0.983 
0.019 0.996 0.209 0.922 0.987 
0.020 0.995 0.078 0.973 0.997 
0.015 0.996 0.086 0.975 0.987 
0.029 0.992 0.079 0.973 0.997 
0.014 0.997 0.095 0.973 1.000 
0.017 0.996 0.159 0.953 0.997 
0.029 0.989 0.090 0.968 1.000 
0.022 0.995 0.064 0.983 0.997 
0.013 0.995 0.067 0.983 1.000 
0.026 0.992 0.094 0.960 0.997 
0.018 0.994 0.125 0.958 0.977 
0.017 0.996 0.219 0.922 0.997 
0.032 0.990 0.107 0.960 0.993 
0.019 0.996 0.087 0.975 0.997 
0.020 0.995 0.066 0.980 1.000 
0.015 0.996 0.048 0.983 1.000 
0.012 0.996 0.139 0.958 0.997 
0.027 0.992 0.062 0.980 1.000 
0.023 0.995 0.076 0.983 0.997 
0.018 0.993 0.060 0.980 0.997 
0.015 0.994 0.087 0.980 1.000 
0.016 0.997 0.077 0.980 0.997 
0.016 0.997 0.102 0.980 0.997 
0.021 0.993 0.103 0.973 0.775 
0.012 0.998 0.042 0.990 0.877 
0.024 0.995 0.064 0.980 0.967 
0.023 0.996 0.058 0.980 0.927 
0.023 0.995 0.120 0.955 0.765 
0.025 0.993 0.092 0.963 0.891 
0.011 0.997 0.052 0.983 0.841 
0.013 0.996 0.056 0.983 1.000 
0.019 0.996 0.127 0.950 0.997 
0.017 0.996 0.110 0.955 0.997 
0.015 0.996 0.077 0.973 0.997 
0.022 0.993 0.090 0.975 0.990 
0.020 0.995 0.074 0.980 0.993 
0.018 0.995 0.059 0.980 0.997 
0.019 0.995 0.095 0.980 0.947 
0.019 0.995 0.085 0.978 0.990 
0.009 0.998 0.118 0.978 0.970 
0.022 0.992 0.086 0.980 0.993 
0.019 0.995 0.101 0.975 0.977 
0.020 0.995 0.056 0.983 0.877 
0.025 0.994 0.046 0.985 1.000 
0.013 0.997 0.076 0.983 0.954 
0.042 0.991 0.042 0.990 1.000 
0.024 0.995 0.080 0.968 0.990 
0.017 0.995 0.110 0.965 0.997 
0.019 0.996 0.139 0.943 0.993 
0.018 0.996 0.151 0.945 0.997 
0.037 0.992 0.101 0.955 0.993 
0.017 0.996 0.084 0.965 0.993 
0.021 0.995 0.136 0.938 0.987 
0.026 0.993 0.120 0.950 0.997 
0.019 0.996 0.088 0.973 1.000 
0.013 0.996 0.094 0.968 0.997 
0.036 0.993 0.137 0.948 0.997 
0.022 0.993 0.114 0.950 0.997 
0.015 0.995 0.088 0.973 1.000 
0.016 0.997 0.077 0.968 0.990 
0.022 0.993 0.122 0.958 0.974 
0.015 0.996 0.190 0.927 0.894 
0.017 0.996 0.118 0.965 0.947 
0.014 0.995 0.225 0.922 0.983 
0.016 0.994 0.188 0.930 0.997 
0.018 0.995 0.148 0.943 0.974 
0.014 0.996 0.080 0.965 0.983 
0.021 0.996 0.097 0.960 0.659 
0.016 0.995 0.083 0.980 0.858 
0.016 0.996 0.062 0.980 0.967 
0.011 0.998 0.057 0.983 0.997 
0.027 0.996 0.082 0.973 0.993 
0.018 0.995 0.135 0.963 0.993 
0.021 0.995 0.078 0.980 0.990 
0.027 0.992 0.068 0.985 1.000 
0.014 0.996 0.107 0.963 0.997 
0.013 0.994 0.095 0.973 0.980 
0.029 0.993 0.106 0.963 0.877 
0.015 0.995 0.150 0.950 0.798 
0.020 0.995 0.039 0.990 0.977 
0.016 0.996 0.084 0.970 0.907 
0.020 0.996 0.102 0.980 0.993 
0.037 0.995 0.097 0.963 0.990 
0.017 0.995 0.098 0.980 0.993 
0.014 0.996 0.101 0.978 0.954 
0.018 0.995 0.083 0.973 0.997 
0.023 0.991 0.195 0.925 0.983 
0.018 0.996 0.093 0.970 0.990 
0.016 0.993 0.121 0.963 0.997 
0.018 0.993 0.076 0.980 0.997 
0.014 0.997 0.085 0.970 0.997 
0.016 0.997 0.141 0.955 0.993 
0.016 0.996 0.175 0.943 0.990 
0.023 0.993 0.097 0.970 0.997 
0.016 0.996 0.085 0.980 0.993 
0.017 0.995 0.171 0.948 0.983 
0.032 0.995 0.137 0.968 0.987 
0.019 0.992 0.138 0.975 0.993 
0.027 0.997 0.083 0.975 0.974 
0.022 0.995 0.104 0.965 0.997 
0.020 0.996 0.070 0.980 0.993 
0.017 0.995 0.080 0.978 0.964 
0.017 0.996 0.068 0.983 0.990 
0.012 0.997 0.083 0.980 0.993 
0.013 0.997 0.072 0.980 0.897 
0.017 0.995 0.155 0.950 0.960 
0.025 0.993 0.113 0.958 0.659 
0.019 0.995 0.070 0.980 0.768 
0.018 0.995 0.163 0.943 0.990 
0.019 0.994 0.067 0.975 0.993 
0.012 0.997 0.065 0.983 0.997 
0.026 0.994 0.055 0.983 0.997 
0.015 0.995 0.070 0.980 0.997 
0.016 0.996 0.053 0.983 0.997 
0.016 0.995 0.068 0.980 0.993 
0.024 0.993 0.051 0.983 0.993 
0.012 0.996 0.085 0.973 0.997 
0.020 0.995 0.056 0.983 0.997 
0.019 0.993 0.058 0.983 0.997 
0.022 0.995 0.096 0.970 0.997 
0.014 0.995 0.105 0.963 0.993 
0.014 0.996 0.059 0.983 1.000 
0.023 0.995 0.100 0.965 0.997 
0.013 0.997 0.117 0.963 0.990 
0.016 0.997 0.114 0.965 0.987 
0.016 0.996 0.179 0.938 0.993 
0.018 0.996 0.077 0.983 0.990 
0.011 0.996 0.107 0.955 0.983 
0.027 0.995 0.122 0.965 0.997 
0.015 0.995 0.142 0.948 0.997 
0.018 0.997 0.122 0.953 0.997 
0.019 0.994 0.054 0.983 0.997 
0.019 0.996 0.058 0.983 1.000 
0.020 0.993 0.152 0.925 0.990 
0.019 0.994 0.095 0.965 0.993 
0.016 0.993 0.123 0.953 0.990 
0.022 0.993 0.073 0.978 0.990 
0.015 0.996 0.076 0.980 0.997 
0.011 0.998 0.057 0.983 0.990 
0.011 0.995 0.058 0.983 0.993 
0.019 0.995 0.068 0.980 0.997 
0.013 0.996 0.113 0.965 0.990 
0.013 0.997 0.119 0.963 0.868 
0.014 0.994 0.176 0.938 0.993 
0.016 0.994 0.101 0.970 0.871 
0.024 0.993 0.095 0.980 0.957 
0.013 0.995 0.039 0.985 0.993 
0.024 0.993 0.091 0.963 0.987 
0.019 0.993 0.076 0.968 0.977 
0.016 0.994 0.088 0.973 0.944 
0.016 0.996 0.061 0.983 0.980 
0.018 0.995 0.070 0.980 0.993 
0.015 0.995 0.135 0.960 0.960 
0.019 0.995 0.064 0.980 0.987 
0.028 0.995 0.071 0.980 0.964 
0.017 0.995 0.133 0.950 0.967 
0.024 0.995 0.173 0.920 0.911 
0.016 0.995 0.062 0.980 0.921 
0.024 0.994 0.080 0.970 0.589 
0.037 0.996 0.083 0.973 0.967 
0.019 0.997 0.077 0.980 0.997 
0.020 0.995 0.089 0.973 0.997 
0.019 0.995 0.079 0.968 0.987 
0.014 0.996 0.052 0.983 0.921 
0.018 0.995 0.064 0.980 0.993 
0.011 0.997 0.087 0.970 0.368 
0.017 0.996 0.177 0.932 0.997 
0.016 0.993 0.046 0.983 0.964 
0.019 0.995 0.089 0.970 0.139 
0.036 0.993 0.070 0.980 0.960 
0.017 0.997 0.111 0.960 0.987 
0.015 0.995 0.102 0.970 0.990 
0.010 0.996 0.127 0.963 0.974 
0.009 0.996 0.075 0.983 0.523 
0.014 0.996 0.061 0.983 0.775 
0.019 0.994 0.061 0.980 0.477 
0.022 0.993 0.076 0.968 0.990 
0.032 0.992 0.133 0.965 0.980 
0.023 0.994 0.072 0.983 0.960 
0.019 0.996 0.059 0.983 0.967 
0.012 0.997 0.063 0.980 0.964 
0.015 0.996 0.065 0.983 0.937 
0.026 0.993 0.105 0.960 0.970 
0.021 0.991 0.051 0.983 1.000 
0.013 0.996 0.060 0.985 0.997 
0.018 0.995 0.121 0.970 0.990 
0.020 0.995 0.142 0.940 0.987 
0.011 0.997 0.149 0.945 0.990 
0.015 0.996 0.097 0.965 0.917 
0.016 0.998 0.070 0.983 0.897 
0.019 0.996 0.047 0.980 0.944 
0.012 0.997 0.044 0.985 0.990 
0.024 0.992 0.163 0.953 0.904 
0.024 0.995 0.102 0.975 0.997 
0.014 0.996 0.159 0.948 0.987 
0.014 0.996 0.049 0.985 0.993 
0.020 0.993 0.084 0.975 0.874 
0.007 0.998 0.110 0.978 0.758 
0.018 0.993 0.092 0.978 0.911 
0.019 0.995 0.068 0.983 0.755 
0.015 0.997 0.133 0.950 0.722 
0.025 0.995 0.151 0.945 0.997 
0.023 0.995 0.071 0.980 1.000 
0.019 0.997 0.199 0.973 0.993 
0.035 0.993 0.276 0.910 0.967 
0.015 0.997 0.114 0.970 0.967 
0.015 0.996 0.094 0.973 0.997 
0.012 0.995 0.079 0.983 0.983 
0.013 0.998 0.083 0.973 1.000 
0.015 0.996 0.095 0.980 0.983 
0.013 0.996 0.059 0.983 0.987 
0.014 0.995 0.091 0.980 0.930 
0.014 0.996 0.079 0.983 0.987 
0.011 0.997 0.143 0.975 0.937 
0.016 0.996 0.084 0.978 0.990 
0.012 0.998 0.083 0.978 0.980 
0.017 0.993 0.089 0.973 0.957 
0.014 0.995 0.070 0.980 0.407 
0.023 0.995 0.147 0.963 0.851 
0.016 0.997 0.061 0.980 0.944 
0.024 0.992 0.069 0.980 0.838 
0.014 0.996 0.106 0.970 0.983 
0.012 0.997 0.083 0.980 0.993 
0.011 0.997 0.127 0.965 0.917 
0.013 0.996 0.078 0.983 0.990 
0.015 0.995 0.072 0.980 0.983 
0.018 0.997 0.094 0.973 0.993 
0.017 0.996 0.252 0.915 0.990 
0.015 0.996 0.052 0.983 0.983 
0.027 0.994 0.089 0.965 0.947 
0.025 0.994 0.120 0.975 0.722 
0.029 0.995 0.120 0.963 0.937 
0.016 0.995 0.173 0.963 0.927 
0.018 0.996 0.045 0.983 0.964 
0.021 0.994 0.081 0.980 0.974 
0.013 0.997 0.117 0.968 0.987 
0.005 0.998 0.190 0.953 0.983 
0.021 0.993 0.159 0.955 0.987 
0.031 0.995 0.081 0.970 0.983 
0.010 0.998 0.055 0.983 0.990 
0.010 0.997 0.056 0.980 0.997 
0.017 0.994 0.112 0.975 0.904 
0.022 0.993 0.077 0.978 0.851 
0.017 0.993 0.130 0.963 0.983 
0.016 0.996 0.165 0.948 0.848 
0.016 0.996 0.060 0.983 0.990 
0.009 0.998 0.124 0.965 0.993 
0.019 0.996 0.138 0.953 0.983 
0.020 0.997 0.118 0.953 0.990 
0.022 0.992 0.058 0.985 0.997 
0.021 0.993 0.094 0.968 0.993 
0.022 0.996 0.089 0.973 0.636 
0.022 0.995 0.083 0.975 0.997 
0.024 0.993 0.066 0.980 0.997 
0.017 0.996 0.189 0.940 0.983 
0.014 0.995 0.060 0.983 0.987 
0.012 0.997 0.051 0.985 0.993 
0.017 0.996 0.100 0.975 0.990 
0.016 0.996 0.120 0.953 0.987 
0.016 0.995 0.071 0.980 0.977 
0.014 0.995 0.177 0.940 0.993 
0.013 0.995 0.092 0.975 0.997 
0.019 0.996 0.071 0.980 0.997 
0.013 0.997 0.134 0.978 0.672 
0.013 0.997 0.155 0.932 0.974 
0.023 0.993 0.087 0.973 0.725 
0.011 0.995 0.081 0.980 0.983 
0.014 0.995 0.099 0.983 0.762 
0.013 0.997 0.050 0.985 0.990 
0.011 0.996 0.121 0.968 0.967 
0.013 0.996 0.086 0.968 0.712 
0.012 0.996 0.078 0.980 0.983 
0.019 0.995 0.044 0.985 0.993 
0.023 0.993 0.117 0.958 0.947 
0.012 0.996 0.033 0.990 0.987 
0.014 0.998 0.048 0.988 0.990 
0.014 0.995 0.074 0.983 0.834 
0.020 0.996 0.098 0.980 0.993 
0.019 0.993 0.145 0.945 0.672 
0.015 0.997 0.141 0.940 0.838 
0.012 0.996 0.070 0.980 0.970 
0.023 0.994 0.186 0.943 0.384 
0.017 0.995 0.091 0.973 0.921 
0.020 0.995 0.070 0.980 0.974 
0.023 0.994 0.050 0.983 0.990 
0.015 0.997 0.129 0.965 0.970 
0.010 0.996 0.109 0.975 0.235 
0.014 0.996 0.068 0.985 0.957 
0.011 0.996 0.082 0.983 0.291 
0.023 0.995 0.142 0.943 0.801 
0.016 0.996 0.154 0.943 0.950 
0.013 0.997 0.073 0.983 0.632 
0.014 0.995 0.108 0.978 0.719 
0.016 0.995 0.063 0.983 0.993 
0.014 0.996 0.114 0.980 0.815 
0.018 0.993 0.076 0.983 0.993 
0.017 0.998 0.059 0.983 0.997 
0.030 0.995 0.092 0.973 0.997 
0.019 0.995 0.106 0.983 0.805 
0.019 0.997 0.095 0.983 0.695 
0.021 0.993 0.140 0.963 0.967 
0.023 0.994 0.089 0.973 0.993 
0.018 0.996 0.113 0.955 0.993 
0.012 0.997 0.194 0.932 0.997 
0.016 0.996 0.101 0.965 0.990 
0.017 0.996 0.062 0.983 0.871 
0.018 0.996 0.079 0.973 0.954 
0.018 0.996 0.118 0.965 0.921 
0.020 0.993 0.077 0.973 0.997 
0.014 0.996 0.109 0.970 0.937 
0.018 0.995 0.082 0.980 0.947 
0.011 0.997 0.089 0.980 0.990 
0.022 0.997 0.095 0.970 0.950 
0.020 0.996 0.124 0.978 0.983 
0.031 0.994 0.098 0.975 0.983 
0.012 0.996 0.101 0.975 0.990 
0.021 0.996 0.117 0.965 0.987 
0.012 0.996 0.114 0.973 0.967 
0.014 0.996 0.074 0.975 0.990 
0.019 0.996 0.226 0.915 0.967 
0.030 0.995 0.105 0.965 0.993 
0.009 0.998 0.128 0.963 0.970 
0.010 0.996 0.094 0.973 0.834 
0.015 0.996 0.075 0.978 0.987 
0.024 0.997 0.052 0.980 1.000 
0.013 0.996 0.156 0.958 0.993 
0.016 0.994 0.262 0.925 0.990 
0.006 0.998 0.102 0.980 1.000 
0.023 0.993 0.169 0.950 0.993 
0.009 0.998 0.096 0.980 0.997 
0.017 0.994 0.053 0.980 1.000 
0.012 0.997 0.077 0.980 0.993 
0.030 0.992 0.118 0.948 0.964 
0.015 0.995 0.155 0.950 0.990 
0.014 0.996 0.076 0.980 0.997 
0.010 0.996 0.072 0.980 1.000 
0.016 0.995 0.075 0.980 1.000 
0.015 0.995 0.078 0.978 0.997 
0.011 0.997 0.045 0.983 1.000 
0.014 0.997 0.158 0.953 0.954 
0.017 0.997 0.127 0.963 0.997 
0.020 0.992 0.122 0.955 0.990 
0.009 0.998 0.115 0.983 0.930 
0.017 0.996 0.076 0.980 0.997 
0.015 0.996 0.162 0.958 0.983 
0.008 0.997 0.150 0.973 0.987 
0.011 0.996 0.055 0.983 0.993 
0.010 0.998 0.082 0.980 0.993 
0.019 0.995 0.175 0.968 0.944 
0.015 0.996 0.154 0.950 0.990 
0.022 0.993 0.069 0.980 0.987 
0.016 0.996 0.132 0.955 0.970 
0.011 0.997 0.206 0.935 0.997 
0.011 0.996 0.106 0.973 0.990 
0.013 0.995 0.141 0.958 0.897 
0.020 0.994 0.098 0.983 0.993 
0.012 0.995 0.119 0.950 0.993 
0.016 0.995 0.134 0.950 0.993 
0.024 0.994 0.142 0.960 0.997 
0.013 0.997 0.084 0.980 0.997 
0.011 0.997 0.068 0.983 0.997 
0.026 0.995 0.142 0.950 1.000 
0.010 0.997 0.121 0.963 0.997 
0.015 0.997 0.056 0.980 1.000 
0.016 0.996 0.212 0.925 0.993 
0.009 0.996 0.133 0.970 0.997 
0.029 0.992 0.116 0.968 0.997 
0.017 0.997 0.085 0.975 0.997 
0.018 0.994 0.059 0.983 0.997 
0.017 0.995 0.191 0.935 0.997 
0.011 0.998 0.095 0.978 1.000 
0.016 0.996 0.112 0.960 0.997 
0.016 0.996 0.079 0.978 0.997 
0.013 0.995 0.080 0.978 0.997 
0.010 0.996 0.071 0.983 1.000 
0.012 0.997 0.099 0.973 1.000 
0.016 0.996 0.113 0.970 1.000 
0.018 0.994 0.129 0.950 0.993 
0.019 0.996 0.120 0.960 0.997 
0.014 0.995 0.144 0.978 0.997 
0.032 0.992 0.063 0.983 0.993 
0.011 0.997 0.085 0.980 0.993 
0.018 0.995 0.044 0.983 1.000 
0.016 0.998 0.054 0.983 0.964 
0.019 0.995 0.053 0.985 0.993 
0.030 0.993 0.077 0.980 1.000 
0.013 0.995 0.145 0.950 0.990 
0.011 0.997 0.182 0.932 0.990 
0.017 0.995 0.147 0.945 0.997 
0.011 0.998 0.072 0.983 1.000 
0.025 0.993 0.101 0.960 0.950 
0.012 0.996 0.122 0.953 0.974 
0.021 0.995 0.090 0.968 0.821 
0.012 0.996 0.058 0.983 0.702 
0.009 0.998 0.141 0.948 0.987 
0.012 0.996 0.051 0.980 0.997 
0.011 0.997 0.125 0.955 0.983 
0.017 0.995 0.093 0.978 0.957 
0.018 0.997 0.135 0.983 0.778 
0.035 0.993 0.051 0.985 0.815 
0.020 0.996 0.071 0.978 0.974 
0.016 0.996 0.104 0.968 0.983 
0.009 0.997 0.161 0.978 0.987 
0.017 0.995 0.087 0.970 0.937 
0.011 0.996 0.065 0.983 0.825 
0.018 0.995 0.083 0.978 0.983 
0.025 0.996 0.104 0.983 0.997 
0.015 0.996 0.106 0.983 0.997 
0.010 0.998 0.096 0.965 0.993 
0.021 0.996 0.042 0.983 1.000 
0.023 0.996 0.150 0.980 0.944 
0.030 0.992 0.084 0.975 0.997 
0.010 0.996 0.112 0.960 0.997 
0.023 0.994 0.087 0.970 0.993 
0.015 0.997 0.192 0.938 0.997 
0.041 0.991 0.134 0.953 0.993 
0.012 0.997 0.056 0.985 1.000 
0.012 0.996 0.105 0.970 0.977 
0.019 0.996 0.093 0.970 0.990 
0.017 0.994 0.075 0.980 0.997 
0.014 0.997 0.075 0.980 0.997 
0.018 0.992 0.073 0.980 0.990 
0.015 0.995 0.180 0.965 0.964 
0.030 0.995 0.068 0.985 0.977 
0.019 0.996 0.055 0.985 0.921 
0.013 0.996 0.127 0.948 0.960 
0.023 0.996 0.063 0.983 0.983 
0.008 0.998 0.151 0.940 0.990 
0.019 0.995 0.090 0.973 0.977 
0.020 0.993 0.087 0.980 0.997 
0.009 0.997 0.124 0.968 0.993 
0.017 0.997 0.064 0.980 0.997 
0.016 0.995 0.081 0.980 0.950 
0.015 0.996 0.245 0.960 0.997 
0.033 0.996 0.146 0.963 0.993 
0.006 0.998 0.126 0.980 0.997 
0.013 0.996 0.192 0.932 0.993 
0.010 0.997 0.211 0.932 0.993 
0.018 0.995 0.122 0.965 0.977 
0.015 0.997 0.060 0.983 0.997 
0.017 0.995 0.188 0.935 0.993 
0.018 0.995 0.086 0.978 0.993 
0.009 0.997 0.156 0.963 0.993 
0.027 0.996 0.069 0.985 0.934 
0.016 0.997 0.130 0.963 0.980 
0.012 0.997 0.090 0.975 0.997 
0.021 0.997 0.120 0.968 0.838 
0.011 0.996 0.127 0.953 0.990 
0.014 0.996 0.216 0.940 0.927 
0.008 0.998 0.103 0.980 0.964 
0.017 0.997 0.156 0.935 0.993 
0.013 0.996 0.110 0.960 0.990 
0.017 0.993 0.077 0.973 0.987 
0.022 0.993 0.223 0.973 0.533 
0.037 0.992 0.122 0.963 0.715 
0.010 0.996 0.062 0.980 0.983 
0.008 0.997 0.301 0.917 0.964 
0.015 0.996 0.070 0.980 0.990 
0.012 0.996 0.082 0.978 0.993 
0.013 0.995 0.102 0.960 0.993 
0.010 0.998 0.225 0.935 0.967 
0.014 0.997 0.058 0.983 0.967 
0.030 0.991 0.057 0.983 0.997 
0.016 0.996 0.069 0.980 0.997 
0.013 0.997 0.087 0.980 0.947 
0.022 0.994 0.054 0.983 0.974 
0.013 0.997 0.065 0.983 0.967 
0.009 0.997 0.169 0.955 0.970 
0.021 0.996 0.281 0.910 0.983 
0.017 0.996 0.054 0.983 0.993 
0.010 0.996 0.090 0.983 0.990 
0.023 0.996 0.063 0.983 0.997 
0.015 0.996 0.075 0.983 0.983 
0.019 0.993 0.059 0.983 0.993 
0.014 0.996 0.090 0.973 0.987 
0.011 0.997 0.126 0.983 0.987 
0.017 0.996 0.054 0.980 0.990 
0.024 0.993 0.213 0.948 0.927 
0.012 0.996 0.167 0.983 0.960 
0.026 0.993 0.127 0.958 0.970 
0.025 0.992 0.075 0.980 0.993 
0.021 0.995 0.089 0.973 0.987 
0.012 0.997 0.134 0.968 0.983 
0.027 0.996 0.069 0.980 0.997 
0.014 0.996 0.089 0.980 0.987 
0.007 0.998 0.061 0.983 0.993 
0.012 0.997 0.214 0.935 0.957 
0.013 0.996 0.150 0.953 0.957 
0.018 0.997 0.063 0.980 0.990 
0.020 0.993 0.092 0.965 0.997 
0.021 0.995 0.083 0.970 0.983 
0.016 0.996 0.119 0.958 0.987 
0.006 0.998 0.068 0.985 0.987 
0.013 0.996 0.143 0.970 0.977 
0.004 0.998 0.129 0.983 0.983 
0.024 0.994 0.126 0.980 0.927 
0.024 0.997 0.217 0.910 0.877 
0.011 0.997 0.074 0.975 0.997 
0.010 0.996 0.046 0.988 0.987 
0.012 0.996 0.078 0.983 0.997 
0.012 0.997 0.061 0.983 0.990 
0.013 0.997 0.082 0.978 0.983 
0.027 0.995 0.102 0.960 1.000 
0.015 0.995 0.153 0.963 0.980 
0.008 0.998 0.066 0.980 0.983 
0.016 0.995 0.074 0.980 0.983 
0.011 0.997 0.117 0.970 0.993 
0.021 0.994 0.142 0.953 0.884 
0.026 0.992 0.108 0.958 0.974 
0.006 0.997 0.076 0.980 0.983 
0.018 0.993 0.061 0.985 0.997 
0.011 0.997 0.064 0.985 0.993 
0.019 0.992 0.055 0.985 0.983 
0.095 0.993 0.192 0.938 0.950 
0.016 0.995 0.095 0.963 0.993 
0.013 0.996 0.090 0.970 0.997 
0.021 0.993 0.105 0.960 0.993 
0.004 0.999 0.099 0.978 0.997 
0.011 0.996 0.170 0.940 0.887 
0.017 0.996 0.063 0.983 0.997 
0.015 0.995 0.084 0.983 0.993 
0.015 0.995 0.123 0.983 0.954 
0.023 0.994 0.062 0.980 0.997 
0.018 0.996 0.126 0.958 0.987 
0.011 0.997 0.106 0.973 0.993 
0.017 0.996 0.106 0.965 0.997 
0.013 0.996 0.072 0.983 1.000 
0.013 0.997 0.126 0.960 0.993 
0.020 0.995 0.053 0.983 1.000 
0.018 0.996 0.167 0.943 0.993 
0.020 0.996 0.059 0.983 1.000 
0.011 0.998 0.056 0.985 0.993 
0.012 0.996 0.090 0.978 0.980 
0.017 0.996 0.052 0.980 0.993 
0.007 0.998 0.091 0.978 0.993 
0.011 0.997 0.201 0.930 0.990 
0.013 0.997 0.071 0.980 0.993 
0.011 0.996 0.152 0.960 0.993 
0.008 0.997 0.124 0.970 1.000 
0.018 0.994 0.112 0.973 0.997 
0.007 0.997 0.077 0.980 0.997 
0.025 0.992 0.335 0.910 0.993 
0.017 0.993 0.119 0.963 0.993 
0.006 0.998 0.113 0.983 1.000 
0.017 0.996 0.090 0.970 0.990 
0.024 0.996 0.052 0.988 1.000 
0.014 0.996 0.053 0.980 1.000 
0.015 0.996 0.060 0.983 1.000 
0.016 0.995 0.041 0.988 0.987 
0.029 0.995 0.088 0.973 1.000 
0.013 0.996 0.085 0.983 0.970 
0.020 0.996 0.112 0.963 0.977 
0.011 0.997 0.041 0.988 0.993 
0.012 0.997 0.082 0.983 0.924 
0.009 0.998 0.046 0.988 0.993 
0.011 0.997 0.090 0.980 0.983 
0.014 0.997 0.112 0.958 0.990 
0.019 0.995 0.075 0.980 0.993 
0.025 0.995 0.088 0.968 0.993 
0.015 0.996 0.047 0.985 1.000 
0.013 0.997 0.168 0.973 0.997 
0.019 0.995 0.178 0.938 0.993 
0.008 0.997 0.137 0.965 0.997 
0.013 0.997 0.079 0.975 0.997 
0.005 0.998 0.081 0.973 0.997 
0.016 0.995 0.081 0.975 0.997 
0.008 0.997 0.034 0.988 1.000 
0.010 0.997 0.072 0.983 0.997 
0.010 0.997 0.150 0.955 0.811 
0.013 0.997 0.058 0.983 1.000 
0.039 0.995 0.094 0.960 1.000 
0.013 0.995 0.081 0.968 0.997 
0.020 0.997 0.057 0.985 0.997 
0.018 0.997 0.062 0.983 1.000 
0.016 0.996 0.061 0.983 0.980 
0.020 0.996 0.132 0.955 0.934 
0.012 0.997 0.128 0.950 0.990 
0.015 0.996 0.085 0.973 0.987 
0.012 0.997 0.066 0.975 0.993 
0.006 0.997 0.095 0.980 0.990 
0.012 0.998 0.083 0.975 0.960 
0.015 0.996 0.113 0.983 0.993 
0.011 0.996 0.154 0.948 0.990 
0.009 0.998 0.143 0.980 0.990 
0.015 0.997 0.152 0.960 0.980 
0.016 0.997 0.063 0.983 0.977 
0.013 0.996 0.059 0.985 0.993 
0.007 0.997 0.173 0.955 0.990 
0.009 0.995 0.102 0.983 0.987 
0.014 0.995 0.090 0.983 0.997 
0.020 0.995 0.180 0.958 0.983 
0.011 0.997 0.102 0.983 0.993 
0.049 0.991 0.083 0.980 1.000 
0.009 0.997 0.176 0.983 0.997 
0.007 0.997 0.205 0.980 0.993 
0.030 0.993 0.273 0.915 0.990 
0.014 0.995 0.139 0.955 0.990 
0.022 0.997 0.068 0.983 0.997 
0.017 0.996 0.069 0.983 0.974 
0.013 0.996 0.126 0.965 0.927 
0.009 0.998 0.086 0.980 0.980 
0.010 0.997 0.111 0.970 0.970 
0.012 0.996 0.124 0.980 0.970 
0.007 0.998 0.153 0.983 0.974 
0.021 0.993 0.095 0.980 1.000 
0.017 0.996 0.137 0.975 0.993 
0.076 0.992 0.104 0.975 0.997 
0.010 0.997 0.197 0.935 0.997 
0.017 0.998 0.102 0.973 0.993 
0.011 0.996 0.104 0.980 0.990 
0.011 0.997 0.136 0.978 0.950 
0.016 0.996 0.113 0.963 0.990 
0.017 0.994 0.174 0.938 0.987 
0.012 0.997 0.122 0.980 0.974 
0.011 0.998 0.133 0.980 0.997 
0.017 0.997 0.079 0.983 1.000 
0.013 0.997 0.147 0.953 0.997 
0.014 0.997 0.292 0.920 0.993 
0.018 0.995 0.076 0.980 0.990 
0.007 0.999 0.310 0.915 0.990 
0.021 0.995 0.145 0.958 0.997 
0.014 0.996 0.086 0.980 0.993 
0.025 0.994 0.067 0.983 0.997 
0.013 0.998 0.062 0.983 0.997 
0.014 0.997 0.069 0.983 1.000 
0.020 0.994 0.126 0.960 0.997 
0.016 0.995 0.062 0.983 0.997 
0.008 0.998 0.094 0.983 0.993 
0.019 0.995 0.096 0.983 0.983 
0.012 0.996 0.105 0.980 0.997 
0.011 0.997 0.134 0.983 0.990 
0.041 0.993 0.134 0.980 0.990 
0.012 0.996 0.182 0.935 0.987 
0.010 0.996 0.113 0.980 0.990 
0.030 0.995 0.093 0.980 1.000 
0.007 0.997 0.122 0.975 1.000 
0.021 0.991 0.074 0.985 1.000 
0.012 0.997 0.133 0.965 0.983 
0.012 0.996 0.207 0.983 0.854 
0.017 0.994 0.060 0.983 0.987 
0.013 0.996 0.260 0.910 0.649 
0.006 0.998 0.072 0.983 1.000 
0.017 0.996 0.067 0.983 0.997 
0.015 0.997 0.088 0.970 0.993 
0.015 0.995 0.119 0.965 1.000 
0.010 0.997 0.073 0.983 0.974 
0.012 0.996 0.080 0.983 0.987 
0.004 0.999 0.092 0.983 0.987 
0.020 0.996 0.075 0.983 0.983 
0.013 0.996 0.086 0.983 0.980 
0.015 0.995 0.114 0.978 0.993 
0.025 0.995 0.083 0.985 0.950 
0.019 0.994 0.126 0.960 0.983 
0.014 0.995 0.125 0.980 0.967 
0.028 0.993 0.089 0.975 0.954 
0.012 0.996 0.119 0.963 0.974 
0.006 0.997 0.099 0.983 0.934 
0.025 0.996 0.107 0.973 0.934 
0.008 0.998 0.133 0.973 0.914 
0.028 0.994 0.057 0.985 0.993 
0.014 0.997 0.264 0.917 0.685 
0.012 0.996 0.075 0.983 0.887 
0.008 0.997 0.063 0.980 0.990 
0.013 0.996 0.067 0.983 0.993 
0.020 0.994 0.088 0.980 0.993 
0.008 0.997 0.080 0.983 0.993 
0.018 0.994 0.067 0.983 0.997 
0.012 0.996 0.162 0.948 0.987 
0.014 0.996 0.116 0.960 1.000 
0.009 0.996 0.122 0.983 0.997 
0.009 0.995 0.138 0.973 0.977 
0.015 0.995 0.069 0.983 0.983 
0.017 0.995 0.073 0.983 0.987 
0.011 0.998 0.097 0.968 0.990 
0.019 0.994 0.154 0.963 0.974 
0.026 0.994 0.143 0.963 0.970 
0.005 0.998 0.100 0.983 0.997 
0.016 0.997 0.101 0.978 0.997 
0.016 0.995 0.107 0.970 1.000 
0.022 0.996 0.094 0.973 0.987 
0.039 0.993 0.254 0.920 0.993 
0.014 0.997 0.204 0.940 0.987 
0.009 0.998 0.140 0.978 1.000 
0.008 0.996 0.168 0.983 1.000 
0.016 0.996 0.078 0.983 1.000 
0.009 0.996 0.073 0.983 0.990 
0.016 0.996 0.103 0.965 0.974 
0.031 0.991 0.113 0.968 1.000 
0.013 0.995 0.088 0.970 1.000 
0.012 0.996 0.133 0.963 0.997 
0.007 0.997 0.112 0.975 1.000 
0.008 0.996 0.161 0.970 0.993 
0.006 0.998 0.244 0.927 0.993 
0.007 0.997 0.181 0.958 0.993 
0.013 0.996 0.126 0.970 1.000 
0.015 0.995 0.070 0.983 1.000 
0.009 0.998 0.297 0.983 0.937 
