0.363 0.860 0.289 0.925 0.083 
0.245 0.915 0.155 0.963 0.225 
0.211 0.924 0.186 0.953 0.127 
0.197 0.936 0.135 0.963 0.108 
0.196 0.930 0.176 0.938 0.108 
0.179 0.936 0.134 0.978 0.590 
0.167 0.945 0.204 0.953 0.632 
0.160 0.946 0.157 0.980 0.673 
0.160 0.947 0.169 0.965 0.806 
0.155 0.952 0.118 0.975 0.676 
0.156 0.943 0.156 0.968 0.765 
0.151 0.950 0.154 0.970 0.371 
0.146 0.953 0.102 0.978 0.765 
0.139 0.954 0.124 0.953 0.692 
0.137 0.963 0.137 0.958 0.670 
0.135 0.954 0.111 0.975 0.752 
0.132 0.954 0.134 0.965 0.886 
0.129 0.958 0.130 0.970 0.676 
0.140 0.950 0.127 0.968 0.559 
0.118 0.965 0.201 0.970 0.794 
0.136 0.960 0.114 0.975 0.749 
0.110 0.963 0.108 0.968 0.730 
0.107 0.971 0.189 0.948 0.790 
0.118 0.969 0.117 0.973 0.832 
0.118 0.963 0.126 0.970 0.873 
0.108 0.965 0.116 0.978 0.768 
0.142 0.958 0.141 0.980 0.819 
0.107 0.964 0.110 0.975 0.819 
0.112 0.963 0.175 0.973 0.886 
0.117 0.959 0.131 0.975 0.883 
0.117 0.963 0.115 0.970 0.813 
0.103 0.968 0.126 0.970 0.879 
0.104 0.965 0.105 0.970 0.797 
0.110 0.966 0.157 0.968 0.832 
0.106 0.970 0.126 0.970 0.673 
0.090 0.974 0.146 0.973 0.870 
0.115 0.961 0.154 0.945 0.683 
0.102 0.964 0.123 0.970 0.889 
0.104 0.964 0.114 0.973 0.778 
0.106 0.971 0.160 0.970 0.879 
0.102 0.967 0.117 0.968 0.835 
0.107 0.970 0.131 0.953 0.762 
0.095 0.971 0.115 0.973 0.829 
0.088 0.976 0.104 0.975 0.860 
0.110 0.964 0.133 0.975 0.883 
0.103 0.964 0.125 0.970 0.838 
0.085 0.970 0.121 0.975 0.854 
0.102 0.969 0.134 0.968 0.816 
0.097 0.970 0.187 0.960 0.924 
0.100 0.968 0.112 0.975 0.835 
0.088 0.970 0.133 0.975 0.927 
0.098 0.970 0.137 0.963 0.724 
0.082 0.975 0.146 0.975 0.876 
0.088 0.972 0.142 0.975 0.879 
0.079 0.979 0.138 0.978 0.879 
0.086 0.976 0.254 0.970 0.930 
0.100 0.970 0.147 0.973 0.825 
0.087 0.974 0.158 0.978 0.905 
0.097 0.967 0.151 0.980 0.835 
0.096 0.970 0.172 0.975 0.854 
0.090 0.972 0.206 0.970 0.943 
0.074 0.973 0.171 0.973 0.892 
0.087 0.974 0.151 0.973 0.867 
0.091 0.971 0.137 0.973 0.876 
0.085 0.977 0.149 0.978 0.924 
0.077 0.978 0.157 0.973 0.908 
0.090 0.974 0.124 0.973 0.876 
0.089 0.973 0.157 0.973 0.867 
0.085 0.974 0.147 0.978 0.844 
0.081 0.971 0.175 0.973 0.917 
0.093 0.971 0.159 0.975 0.898 
0.086 0.968 0.156 0.963 0.654 
0.072 0.979 0.138 0.970 0.844 
0.074 0.979 0.187 0.975 0.908 
0.083 0.976 0.236 0.963 0.946 
0.073 0.981 0.130 0.958 0.765 
0.079 0.971 0.145 0.978 0.813 
0.088 0.973 0.205 0.973 0.917 
0.081 0.973 0.253 0.970 0.924 
0.084 0.970 0.236 0.973 0.895 
0.067 0.982 0.189 0.975 0.898 
0.092 0.972 0.197 0.973 0.895 
0.082 0.977 0.229 0.973 0.927 
0.074 0.976 0.177 0.973 0.898 
0.073 0.978 0.150 0.975 0.848 
0.069 0.980 0.224 0.973 0.908 
0.079 0.974 0.168 0.973 0.825 
0.091 0.970 0.147 0.963 0.873 
0.077 0.975 0.249 0.970 0.952 
0.068 0.974 0.120 0.978 0.790 
0.076 0.980 0.144 0.975 0.860 
0.069 0.975 0.165 0.973 0.940 
0.084 0.971 0.151 0.973 0.876 
0.072 0.979 0.228 0.973 0.933 
0.072 0.979 0.215 0.968 0.930 
0.070 0.975 0.169 0.945 0.806 
0.076 0.976 0.118 0.970 0.832 
0.072 0.973 0.131 0.978 0.838 
0.071 0.979 0.133 0.975 0.848 
0.076 0.979 0.152 0.970 0.905 
0.086 0.976 0.157 0.973 0.873 
0.067 0.980 0.145 0.970 0.879 
0.080 0.976 0.166 0.975 0.902 
0.066 0.977 0.123 0.978 0.759 
0.075 0.979 0.132 0.973 0.832 
0.069 0.975 0.210 0.973 0.895 
0.079 0.977 0.172 0.965 0.905 
0.064 0.976 0.169 0.975 0.921 
0.069 0.978 0.099 0.978 0.854 
0.076 0.977 0.109 0.975 0.816 
0.068 0.976 0.138 0.975 0.908 
0.071 0.977 0.126 0.973 0.908 
0.069 0.975 0.105 0.973 0.765 
0.080 0.976 0.161 0.973 0.902 
0.064 0.978 0.143 0.978 0.863 
0.066 0.980 0.155 0.975 0.870 
0.067 0.980 0.140 0.975 0.863 
0.072 0.975 0.161 0.973 0.905 
0.068 0.976 0.150 0.973 0.930 
0.071 0.977 0.147 0.975 0.902 
0.064 0.980 0.140 0.973 0.851 
0.064 0.979 0.208 0.970 0.917 
0.049 0.981 0.149 0.950 0.683 
0.068 0.980 0.116 0.973 0.835 
0.079 0.981 0.142 0.973 0.879 
0.057 0.982 0.213 0.970 0.921 
0.066 0.980 0.125 0.975 0.876 
0.054 0.984 0.140 0.975 0.876 
0.072 0.977 0.179 0.973 0.924 
0.057 0.985 0.138 0.975 0.822 
0.057 0.985 0.294 0.970 0.924 
0.073 0.974 0.170 0.975 0.898 
0.062 0.979 0.168 0.975 0.933 
0.057 0.980 0.172 0.965 0.873 
0.060 0.980 0.102 0.978 0.702 
0.060 0.982 0.198 0.970 0.911 
0.058 0.980 0.172 0.975 0.898 
0.073 0.976 0.133 0.973 0.803 
0.063 0.983 0.132 0.970 0.781 
0.065 0.979 0.141 0.975 0.857 
0.065 0.979 0.143 0.963 0.883 
0.058 0.986 0.150 0.973 0.883 
0.058 0.981 0.207 0.973 0.921 
0.061 0.983 0.199 0.973 0.917 
0.066 0.980 0.164 0.980 0.921 
0.067 0.984 0.133 0.978 0.889 
0.064 0.979 0.160 0.940 0.870 
0.060 0.979 0.147 0.978 0.898 
0.045 0.991 0.114 0.973 0.879 
0.072 0.980 0.096 0.973 0.810 
0.064 0.974 0.092 0.978 0.797 
0.067 0.980 0.187 0.975 0.943 
0.063 0.979 0.192 0.968 0.949 
0.052 0.981 0.081 0.975 0.651 
0.070 0.980 0.102 0.975 0.902 
0.062 0.982 0.209 0.970 0.933 
0.068 0.979 0.126 0.980 0.908 
0.051 0.983 0.108 0.975 0.876 
0.052 0.983 0.168 0.978 0.921 
0.057 0.982 0.124 0.970 0.889 
0.056 0.982 0.238 0.963 0.956 
0.063 0.980 0.184 0.958 0.927 
0.063 0.979 0.116 0.970 0.883 
0.050 0.985 0.137 0.973 0.879 
0.059 0.982 0.129 0.975 0.883 
0.055 0.983 0.138 0.975 0.924 
0.054 0.981 0.155 0.978 0.898 
0.058 0.982 0.099 0.980 0.800 
0.054 0.982 0.100 0.978 0.848 
0.054 0.983 0.097 0.980 0.867 
0.061 0.978 0.143 0.975 0.924 
0.049 0.986 0.132 0.978 0.905 
0.060 0.983 0.139 0.970 0.924 
0.059 0.984 0.119 0.978 0.876 
0.052 0.983 0.174 0.973 0.924 
0.060 0.980 0.235 0.965 0.968 
0.057 0.982 0.122 0.970 0.886 
0.053 0.982 0.139 0.975 0.905 
0.056 0.983 0.098 0.978 0.867 
0.056 0.985 0.260 0.965 0.933 
0.051 0.982 0.132 0.975 0.914 
0.065 0.979 0.316 0.970 0.959 
0.056 0.980 0.224 0.973 0.946 
0.056 0.984 0.129 0.968 0.825 
0.060 0.982 0.128 0.975 0.848 
0.046 0.986 0.155 0.978 0.879 
0.051 0.983 0.113 0.975 0.803 
0.051 0.983 0.148 0.968 0.829 
0.060 0.982 0.187 0.975 0.921 
0.059 0.982 0.100 0.975 0.822 
0.056 0.983 0.091 0.978 0.790 
0.069 0.975 0.133 0.978 0.873 
0.062 0.981 0.159 0.978 0.911 
0.059 0.980 0.193 0.975 0.946 
0.049 0.983 0.099 0.978 0.790 
0.058 0.983 0.149 0.978 0.930 
0.060 0.981 0.160 0.973 0.930 
0.045 0.989 0.179 0.970 0.962 
0.072 0.976 0.128 0.975 0.937 
0.051 0.982 0.120 0.975 0.886 
0.055 0.979 0.156 0.973 0.921 
0.053 0.983 0.132 0.978 0.848 
0.049 0.985 0.218 0.978 0.924 
0.055 0.982 0.200 0.968 0.908 
0.060 0.983 0.152 0.973 0.949 
0.052 0.983 0.132 0.975 0.917 
0.057 0.979 0.142 0.973 0.883 
0.041 0.990 0.169 0.973 0.911 
0.039 0.986 0.167 0.970 0.886 
0.056 0.983 0.112 0.980 0.857 
0.060 0.979 0.142 0.978 0.898 
0.055 0.980 0.159 0.975 0.886 
0.059 0.980 0.131 0.978 0.889 
0.053 0.982 0.128 0.978 0.886 
0.057 0.980 0.121 0.978 0.841 
0.051 0.984 0.125 0.970 0.797 
0.057 0.983 0.141 0.978 0.895 
0.068 0.977 0.126 0.978 0.857 
0.056 0.983 0.123 0.980 0.898 
0.051 0.984 0.208 0.973 0.940 
0.048 0.984 0.095 0.978 0.822 
0.050 0.983 0.162 0.978 0.924 
0.050 0.983 0.227 0.978 0.914 
0.058 0.984 0.183 0.975 0.895 
0.056 0.984 0.144 0.973 0.857 
0.048 0.985 0.157 0.975 0.857 
0.053 0.984 0.144 0.978 0.806 
0.051 0.985 0.202 0.980 0.908 
0.056 0.977 0.155 0.963 0.860 
0.053 0.983 0.112 0.978 0.771 
0.061 0.979 0.224 0.970 0.911 
0.042 0.987 0.231 0.973 0.930 
0.044 0.989 0.129 0.978 0.914 
0.071 0.980 0.084 0.980 0.838 
0.060 0.983 0.107 0.978 0.892 
0.052 0.983 0.133 0.978 0.914 
0.047 0.988 0.156 0.973 0.917 
0.052 0.979 0.127 0.980 0.863 
0.045 0.986 0.167 0.973 0.911 
0.064 0.976 0.143 0.975 0.908 
0.043 0.986 0.097 0.973 0.841 
0.045 0.984 0.159 0.970 0.914 
0.058 0.982 0.110 0.970 0.898 
0.040 0.986 0.160 0.975 0.905 
0.053 0.985 0.175 0.973 0.921 
0.039 0.990 0.176 0.975 0.917 
0.043 0.989 0.143 0.978 0.895 
0.040 0.986 0.201 0.973 0.933 
0.045 0.988 0.191 0.970 0.889 
0.045 0.988 0.142 0.978 0.873 
0.056 0.980 0.180 0.973 0.933 
0.034 0.988 0.165 0.980 0.905 
0.063 0.979 0.118 0.978 0.889 
0.046 0.986 0.181 0.975 0.905 
0.057 0.985 0.183 0.978 0.937 
0.061 0.982 0.132 0.980 0.867 
0.047 0.984 0.157 0.978 0.892 
0.053 0.981 0.159 0.970 0.895 
0.042 0.983 0.275 0.973 0.946 
0.040 0.985 0.144 0.955 0.695 
0.053 0.983 0.114 0.975 0.803 
0.037 0.990 0.170 0.980 0.911 
0.047 0.986 0.216 0.980 0.908 
0.055 0.979 0.146 0.978 0.889 
0.037 0.987 0.130 0.978 0.867 
0.045 0.983 0.107 0.965 0.721 
0.050 0.982 0.155 0.978 0.873 
0.042 0.986 0.167 0.983 0.924 
0.048 0.985 0.162 0.980 0.892 
0.048 0.985 0.169 0.975 0.895 
0.056 0.983 0.174 0.978 0.895 
0.051 0.984 0.133 0.965 0.863 
0.042 0.985 0.122 0.970 0.844 
0.045 0.983 0.126 0.978 0.886 
0.050 0.981 0.203 0.963 0.889 
0.056 0.984 0.106 0.978 0.867 
0.055 0.983 0.114 0.978 0.819 
0.048 0.986 0.166 0.978 0.886 
0.042 0.986 0.202 0.978 0.924 
0.041 0.985 0.203 0.978 0.924 
0.042 0.985 0.183 0.980 0.908 
0.048 0.985 0.139 0.980 0.863 
0.049 0.986 0.192 0.978 0.854 
0.055 0.983 0.150 0.983 0.838 
0.054 0.985 0.233 0.975 0.930 
0.044 0.985 0.181 0.978 0.876 
0.036 0.990 0.202 0.980 0.876 
0.047 0.985 0.246 0.983 0.892 
0.055 0.986 0.284 0.978 0.927 
0.048 0.984 0.328 0.973 0.933 
0.046 0.985 0.214 0.975 0.898 
0.035 0.989 0.210 0.978 0.883 
0.044 0.987 0.280 0.975 0.921 
0.045 0.986 0.367 0.968 0.921 
0.029 0.992 0.560 0.968 0.937 
0.050 0.983 0.285 0.970 0.924 
0.048 0.983 0.216 0.978 0.908 
0.047 0.986 0.196 0.983 0.867 
0.040 0.989 0.155 0.978 0.810 
0.039 0.988 0.174 0.975 0.832 
0.049 0.985 0.255 0.973 0.841 
0.039 0.986 0.366 0.978 0.921 
0.044 0.986 0.486 0.970 0.943 
0.045 0.988 0.296 0.978 0.898 
0.036 0.988 0.281 0.978 0.870 
0.045 0.990 0.285 0.978 0.930 
0.051 0.984 0.326 0.973 0.924 
0.050 0.985 0.288 0.978 0.933 
0.044 0.989 0.202 0.980 0.911 
0.037 0.990 0.202 0.983 0.902 
0.043 0.985 0.176 0.978 0.870 
0.044 0.986 0.153 0.975 0.829 
0.053 0.985 0.241 0.973 0.933 
0.037 0.988 0.130 0.978 0.857 
0.043 0.986 0.228 0.978 0.902 
0.040 0.986 0.214 0.975 0.905 
0.038 0.986 0.155 0.980 0.851 
0.031 0.990 0.173 0.980 0.854 
0.055 0.984 0.243 0.978 0.876 
0.047 0.985 0.405 0.975 0.952 
0.044 0.986 0.242 0.975 0.883 
0.040 0.986 0.236 0.970 0.886 
0.039 0.990 0.437 0.975 0.927 
0.033 0.990 0.428 0.978 0.911 
0.053 0.985 0.137 0.968 0.695 
0.044 0.989 0.330 0.975 0.933 
0.043 0.986 0.217 0.980 0.883 
0.056 0.987 0.369 0.970 0.968 
0.039 0.989 0.269 0.975 0.889 
0.054 0.986 0.290 0.973 0.914 
0.044 0.988 0.216 0.975 0.892 
0.033 0.989 0.342 0.973 0.917 
0.044 0.985 0.090 0.978 0.790 
0.047 0.985 0.145 0.978 0.819 
0.040 0.986 0.205 0.978 0.905 
0.042 0.986 0.153 0.973 0.778 
0.054 0.982 0.233 0.973 0.914 
0.034 0.989 0.336 0.973 0.914 
0.031 0.990 0.318 0.970 0.898 
0.045 0.985 0.198 0.965 0.810 
0.043 0.988 0.343 0.975 0.933 
0.040 0.988 0.339 0.978 0.937 
0.037 0.987 0.354 0.975 0.949 
0.032 0.990 0.325 0.978 0.937 
0.039 0.990 0.246 0.980 0.892 
0.044 0.985 0.137 0.978 0.822 
0.050 0.983 0.293 0.978 0.889 
0.043 0.987 0.300 0.980 0.889 
0.038 0.987 0.421 0.975 0.917 
0.037 0.987 0.349 0.978 0.905 
0.040 0.986 0.398 0.970 0.895 
0.048 0.988 0.273 0.980 0.883 
0.047 0.988 0.450 0.975 0.937 
0.042 0.987 0.395 0.978 0.940 
0.044 0.986 0.358 0.973 0.895 
0.043 0.986 0.427 0.975 0.924 
0.025 0.990 0.381 0.973 0.902 
0.050 0.984 0.473 0.975 0.959 
0.039 0.986 0.367 0.975 0.908 
0.040 0.987 0.332 0.980 0.911 
0.037 0.988 0.422 0.980 0.911 
0.044 0.985 0.329 0.978 0.943 
0.040 0.988 0.236 0.975 0.898 
0.037 0.986 0.197 0.970 0.841 
0.031 0.989 0.393 0.973 0.971 
0.032 0.991 0.351 0.983 0.933 
0.035 0.991 0.318 0.965 0.908 
0.043 0.985 0.361 0.973 0.937 
0.048 0.983 0.173 0.978 0.883 
0.038 0.989 0.183 0.970 0.902 
0.038 0.989 0.256 0.973 0.917 
0.041 0.988 0.248 0.975 0.937 
0.048 0.986 0.284 0.975 0.949 
0.035 0.989 0.313 0.978 0.940 
0.032 0.989 0.397 0.970 0.962 
0.047 0.988 0.230 0.973 0.959 
0.049 0.982 0.214 0.978 0.933 
0.030 0.990 0.212 0.980 0.905 
0.033 0.988 0.177 0.978 0.898 
0.055 0.982 0.213 0.983 0.905 
0.041 0.986 0.294 0.973 0.924 
0.040 0.986 0.290 0.975 0.933 
0.041 0.988 0.136 0.975 0.841 
0.034 0.987 0.439 0.948 0.959 
0.044 0.986 0.179 0.975 0.867 
0.046 0.988 0.282 0.973 0.930 
0.029 0.991 0.153 0.983 0.898 
0.042 0.986 0.188 0.978 0.905 
0.041 0.989 0.168 0.983 0.889 
0.030 0.990 0.276 0.978 0.921 
0.045 0.982 0.258 0.980 0.927 
0.038 0.986 0.475 0.970 0.949 
0.030 0.989 0.464 0.975 0.956 
0.035 0.990 0.479 0.975 0.917 
0.051 0.984 0.270 0.973 0.930 
0.037 0.988 0.182 0.978 0.917 
0.045 0.985 0.395 0.975 0.937 
0.054 0.985 0.318 0.955 0.933 
0.040 0.986 0.281 0.965 0.924 
0.037 0.986 0.355 0.978 0.933 
0.049 0.983 0.367 0.965 0.940 
0.039 0.986 0.357 0.973 0.933 
0.041 0.989 0.450 0.970 0.930 
0.038 0.989 0.468 0.975 0.930 
0.045 0.986 0.106 0.980 0.752 
0.037 0.989 0.274 0.975 0.854 
0.048 0.985 0.368 0.970 0.898 
0.042 0.989 0.321 0.973 0.937 
0.043 0.988 0.351 0.975 0.930 
0.043 0.985 0.208 0.978 0.879 
0.038 0.989 0.310 0.958 0.927 
0.042 0.989 0.411 0.968 0.971 
0.032 0.988 0.488 0.978 0.940 
0.039 0.990 0.217 0.980 0.851 
0.039 0.988 0.418 0.968 0.924 
0.029 0.988 0.387 0.978 0.940 
0.032 0.990 0.489 0.975 0.924 
0.037 0.987 0.367 0.973 0.937 
0.032 0.993 0.244 0.975 0.876 
0.034 0.989 0.451 0.975 0.933 
0.050 0.984 0.524 0.968 0.962 
0.036 0.990 0.210 0.975 0.921 
0.030 0.991 0.303 0.973 0.930 
0.036 0.988 0.272 0.975 0.917 
0.045 0.985 0.415 0.975 0.943 
0.030 0.989 0.334 0.975 0.937 
0.041 0.988 0.440 0.973 0.943 
0.035 0.987 0.200 0.978 0.854 
0.027 0.989 0.358 0.973 0.924 
0.056 0.985 0.198 0.973 0.924 
0.033 0.988 0.330 0.973 0.917 
0.046 0.985 0.183 0.980 0.860 
0.035 0.990 0.392 0.970 0.937 
0.033 0.990 0.488 0.970 0.940 
0.046 0.983 0.255 0.975 0.876 
0.034 0.988 0.465 0.975 0.908 
0.041 0.986 0.193 0.978 0.895 
0.038 0.985 0.387 0.975 0.930 
0.032 0.989 0.486 0.978 0.927 
0.049 0.986 0.393 0.978 0.943 
0.040 0.986 0.419 0.973 0.940 
0.040 0.985 0.352 0.975 0.946 
0.038 0.987 0.215 0.975 0.911 
0.038 0.988 0.182 0.980 0.879 
0.033 0.988 0.493 0.973 0.952 
0.047 0.985 0.190 0.973 0.921 
0.039 0.987 0.401 0.968 0.962 
0.037 0.986 0.405 0.975 0.927 
0.037 0.991 0.343 0.963 0.933 
0.027 0.993 0.512 0.963 0.946 
0.046 0.988 0.396 0.975 0.946 
0.044 0.985 0.354 0.978 0.917 
0.029 0.991 0.372 0.975 0.943 
0.053 0.984 0.278 0.973 0.933 
0.037 0.986 0.580 0.968 0.949 
0.038 0.988 0.362 0.970 0.892 
0.041 0.989 0.613 0.973 0.946 
0.042 0.986 0.314 0.968 0.917 
0.031 0.989 0.781 0.970 0.971 
0.039 0.988 0.234 0.980 0.873 
0.029 0.990 0.142 0.983 0.838 
0.035 0.989 0.439 0.968 0.933 
0.035 0.986 0.582 0.970 0.965 
0.041 0.987 0.420 0.973 0.943 
0.027 0.990 0.402 0.975 0.930 
0.039 0.986 0.504 0.975 0.914 
0.039 0.989 1.274 0.965 0.968 
0.040 0.987 0.324 0.973 0.937 
0.038 0.988 0.660 0.968 0.962 
0.050 0.986 0.417 0.955 0.940 
0.041 0.986 0.329 0.968 0.914 
0.042 0.989 0.418 0.965 0.930 
0.039 0.987 0.482 0.975 0.940 
0.044 0.985 0.205 0.980 0.879 
0.034 0.988 0.444 0.975 0.921 
0.032 0.992 0.869 0.968 0.956 
0.028 0.991 0.360 0.978 0.914 
0.040 0.989 0.377 0.975 0.930 
0.034 0.988 0.169 0.983 0.892 
0.039 0.988 0.379 0.970 0.933 
0.043 0.988 0.544 0.973 0.937 
0.039 0.988 0.763 0.953 0.971 
0.043 0.985 0.658 0.973 0.959 
0.044 0.986 0.344 0.970 0.952 
0.042 0.986 0.098 0.978 0.854 
0.036 0.989 0.246 0.978 0.886 
0.032 0.989 0.956 0.970 0.981 
0.035 0.992 0.706 0.975 0.949 
0.030 0.992 0.525 0.975 0.933 
0.040 0.985 0.825 0.970 0.968 
0.033 0.990 0.162 0.978 0.889 
0.044 0.984 0.271 0.980 0.927 
0.023 0.990 0.304 0.975 0.917 
0.040 0.986 0.940 0.978 0.962 
0.043 0.985 0.206 0.975 0.876 
0.039 0.985 0.612 0.975 0.949 
0.041 0.987 0.443 0.978 0.917 
0.036 0.987 0.306 0.965 0.924 
0.043 0.986 1.850 0.973 0.968 
0.030 0.989 1.214 0.973 0.959 
0.032 0.992 0.818 0.978 0.937 
0.044 0.984 0.353 0.980 0.917 
0.052 0.985 0.769 0.975 0.949 
0.033 0.987 0.429 0.975 0.908 
0.033 0.987 1.090 0.975 0.943 
0.042 0.986 0.254 0.973 0.838 
0.038 0.989 0.288 0.965 0.867 
0.044 0.986 0.342 0.973 0.924 
0.043 0.988 0.333 0.978 0.924 
0.038 0.988 0.680 0.973 0.924 
0.034 0.988 0.540 0.978 0.930 
0.036 0.988 0.630 0.973 0.908 
0.036 0.986 1.188 0.970 0.943 
0.038 0.988 0.538 0.973 0.921 
0.033 0.988 0.766 0.973 0.914 
0.041 0.985 0.933 0.968 0.949 
0.029 0.991 0.664 0.963 0.949 
0.045 0.984 0.431 0.983 0.902 
0.027 0.990 1.267 0.973 0.956 
0.031 0.989 0.342 0.980 0.911 
0.037 0.985 0.609 0.970 0.930 
0.041 0.987 1.003 0.970 0.956 
0.041 0.988 1.573 0.973 0.975 
0.028 0.992 0.782 0.978 0.908 
0.043 0.987 0.993 0.973 0.952 
0.044 0.985 0.836 0.970 0.927 
0.020 0.991 1.447 0.970 0.949 
0.046 0.985 0.972 0.973 0.949 
0.035 0.990 1.365 0.973 0.946 
0.038 0.988 1.416 0.968 0.978 
0.032 0.990 0.407 0.960 0.879 
0.030 0.989 0.424 0.965 0.835 
0.049 0.985 0.988 0.973 0.937 
0.025 0.991 0.967 0.975 0.943 
0.025 0.994 0.822 0.978 0.914 
0.043 0.987 1.088 0.973 0.927 
0.035 0.989 0.920 0.973 0.927 
0.048 0.986 0.655 0.978 0.924 
0.034 0.988 0.913 0.980 0.937 
0.038 0.989 0.585 0.978 0.886 
0.031 0.993 1.688 0.975 0.952 
0.033 0.990 1.017 0.978 0.917 
0.038 0.988 0.737 0.975 0.937 
0.031 0.991 1.230 0.975 0.930 
0.029 0.990 0.604 0.980 0.917 
0.035 0.988 0.894 0.975 0.927 
0.032 0.990 1.062 0.978 0.952 
0.034 0.987 0.523 0.975 0.889 
0.029 0.989 0.634 0.980 0.927 
0.041 0.990 0.632 0.978 0.949 
0.034 0.988 0.604 0.978 0.933 
0.027 0.990 0.710 0.973 0.930 
0.026 0.992 0.733 0.978 0.940 
0.032 0.988 0.537 0.975 0.927 
0.037 0.990 1.059 0.970 0.949 
0.026 0.992 1.343 0.970 0.968 
0.046 0.985 1.397 0.978 0.946 
0.027 0.995 0.653 0.970 0.930 
0.041 0.986 0.560 0.978 0.921 
0.035 0.988 0.712 0.980 0.924 
0.040 0.986 0.922 0.970 0.956 
0.029 0.990 0.847 0.978 0.959 
0.032 0.988 1.063 0.970 0.952 
0.037 0.987 0.456 0.983 0.870 
0.030 0.994 0.764 0.983 0.905 
0.037 0.989 0.648 0.975 0.937 
0.029 0.989 0.805 0.978 0.924 
0.032 0.992 1.043 0.968 0.930 
0.045 0.986 0.538 0.978 0.914 
0.029 0.990 0.562 0.975 0.914 
0.025 0.994 1.058 0.975 0.930 
0.030 0.990 1.578 0.975 0.946 
0.038 0.988 2.256 0.975 0.968 
0.027 0.992 1.195 0.975 0.933 
0.045 0.987 0.888 0.973 0.933 
0.032 0.988 0.289 0.978 0.832 
0.043 0.987 0.604 0.975 0.933 
0.025 0.992 0.935 0.975 0.940 
0.029 0.992 0.426 0.983 0.848 
0.046 0.987 1.198 0.975 0.937 
0.043 0.991 0.671 0.975 0.952 
0.035 0.987 1.234 0.973 0.937 
0.041 0.988 0.648 0.978 0.870 
0.027 0.990 1.779 0.973 0.959 
0.019 0.994 1.086 0.978 0.902 
0.027 0.992 1.543 0.978 0.930 
0.029 0.991 0.739 0.978 0.902 
0.033 0.989 2.069 0.973 0.949 
0.026 0.992 1.866 0.973 0.962 
0.039 0.985 0.597 0.973 0.914 
0.041 0.989 0.729 0.975 0.902 
0.025 0.992 1.560 0.975 0.956 
0.033 0.988 1.148 0.978 0.930 
0.027 0.993 1.835 0.978 0.946 
0.038 0.990 1.050 0.975 0.940 
0.043 0.988 1.279 0.975 0.943 
0.030 0.989 2.181 0.973 0.965 
0.025 0.992 1.726 0.973 0.956 
0.034 0.992 0.689 0.978 0.911 
0.036 0.988 1.102 0.983 0.927 
0.039 0.987 1.048 0.978 0.949 
0.031 0.989 1.600 0.973 0.940 
0.026 0.992 1.023 0.983 0.924 
0.038 0.990 2.320 0.975 0.949 
0.046 0.989 1.092 0.970 0.940 
0.035 0.989 0.789 0.980 0.895 
0.030 0.990 1.035 0.978 0.908 
0.039 0.991 1.431 0.975 0.943 
0.030 0.990 1.118 0.975 0.895 
0.041 0.990 0.791 0.978 0.911 
0.033 0.989 0.598 0.975 0.886 
0.043 0.985 1.710 0.973 0.949 
0.036 0.989 1.512 0.975 0.956 
0.046 0.987 1.379 0.975 0.949 
0.031 0.990 1.238 0.975 0.930 
0.028 0.992 1.048 0.978 0.940 
0.039 0.986 0.543 0.915 0.749 
0.047 0.988 0.572 0.950 0.905 
0.042 0.984 0.544 0.975 0.908 
0.030 0.991 0.954 0.978 0.902 
0.038 0.990 0.796 0.978 0.924 
0.040 0.990 1.877 0.980 0.965 
0.039 0.990 1.141 0.978 0.924 
0.028 0.995 0.847 0.978 0.917 
0.029 0.990 0.784 0.975 0.908 
0.024 0.992 1.567 0.975 0.965 
0.040 0.990 0.947 0.970 0.946 
0.026 0.992 1.357 0.978 0.924 
0.032 0.989 0.752 0.978 0.898 
0.031 0.990 1.221 0.978 0.937 
0.057 0.984 0.948 0.973 0.952 
0.020 0.993 0.922 0.973 0.933 
0.052 0.982 1.203 0.978 0.946 
0.039 0.987 1.074 0.975 0.937 
0.029 0.991 0.747 0.970 0.914 
0.032 0.992 0.866 0.978 0.883 
0.028 0.991 1.890 0.980 0.962 
0.039 0.988 1.183 0.978 0.914 
0.031 0.989 1.947 0.978 0.952 
0.045 0.984 0.909 0.978 0.930 
0.027 0.991 1.149 0.980 0.949 
0.031 0.989 1.741 0.978 0.959 
0.036 0.985 1.573 0.978 0.971 
0.031 0.990 1.837 0.978 0.962 
0.023 0.994 1.033 0.980 0.917 
0.033 0.989 1.640 0.973 0.956 
0.031 0.992 1.341 0.973 0.952 
0.024 0.993 1.280 0.980 0.902 
0.033 0.989 0.498 0.978 0.892 
0.034 0.988 1.727 0.973 0.952 
0.029 0.992 2.035 0.975 0.949 
0.045 0.989 0.768 0.978 0.911 
0.037 0.989 0.706 0.980 0.908 
0.033 0.992 1.121 0.975 0.933 
0.031 0.988 2.221 0.975 0.962 
0.033 0.990 1.071 0.975 0.952 
0.030 0.989 1.760 0.968 0.968 
0.024 0.993 1.128 0.980 0.952 
0.024 0.992 0.685 0.970 0.943 
0.028 0.992 1.434 0.978 0.946 
0.035 0.989 0.345 0.980 0.819 
0.040 0.989 0.538 0.973 0.927 
0.038 0.990 1.847 0.973 0.965 
0.025 0.992 0.904 0.978 0.908 
0.031 0.987 1.167 0.975 0.927 
0.030 0.992 0.859 0.978 0.905 
0.029 0.989 1.536 0.980 0.940 
0.034 0.988 0.981 0.978 0.914 
0.041 0.985 0.843 0.975 0.927 
0.032 0.988 0.923 0.973 0.927 
0.037 0.990 1.698 0.970 0.946 
0.030 0.990 1.266 0.975 0.940 
0.029 0.990 1.498 0.975 0.956 
0.037 0.990 0.749 0.980 0.924 
0.036 0.990 1.125 0.978 0.930 
0.031 0.992 1.219 0.973 0.965 
0.026 0.991 1.317 0.975 0.956 
0.029 0.991 1.787 0.975 0.956 
0.030 0.988 0.713 0.978 0.921 
0.037 0.989 1.679 0.978 0.946 
0.032 0.988 1.160 0.978 0.933 
0.020 0.995 1.404 0.978 0.943 
0.021 0.992 2.033 0.975 0.959 
0.028 0.990 2.097 0.970 0.959 
0.045 0.986 0.674 0.955 0.946 
0.033 0.990 0.906 0.983 0.917 
0.036 0.990 1.366 0.975 0.952 
0.046 0.985 0.505 0.980 0.883 
0.034 0.989 0.347 0.980 0.879 
0.049 0.986 0.916 0.975 0.943 
0.027 0.990 0.627 0.978 0.905 
0.028 0.990 1.101 0.978 0.921 
0.034 0.991 1.213 0.975 0.937 
0.029 0.989 0.652 0.980 0.911 
0.055 0.986 1.031 0.980 0.952 
0.029 0.991 1.360 0.980 0.956 
0.030 0.990 1.087 0.978 0.933 
0.040 0.986 0.728 0.983 0.886 
0.031 0.993 0.917 0.978 0.902 
0.027 0.992 1.543 0.973 0.937 
0.035 0.988 0.680 0.975 0.889 
0.037 0.987 1.325 0.973 0.952 
0.036 0.989 0.910 0.980 0.927 
0.062 0.983 0.126 0.975 0.733 
0.039 0.988 0.219 0.983 0.863 
0.038 0.988 0.260 0.983 0.825 
0.029 0.992 1.262 0.980 0.962 
0.028 0.992 0.467 0.970 0.924 
0.028 0.992 0.537 0.980 0.927 
0.028 0.992 0.913 0.980 0.959 
0.033 0.991 0.291 0.980 0.860 
0.031 0.990 0.686 0.975 0.930 
0.026 0.995 0.623 0.975 0.933 
0.031 0.989 1.039 0.975 0.959 
0.022 0.992 0.421 0.978 0.921 
0.038 0.986 0.593 0.980 0.937 
0.028 0.993 0.243 0.980 0.914 
0.037 0.989 0.550 0.975 0.943 
0.025 0.989 0.933 0.978 0.952 
0.039 0.985 0.760 0.975 0.949 
0.022 0.994 1.269 0.975 0.962 
0.025 0.992 0.607 0.980 0.933 
0.021 0.992 1.133 0.973 0.952 
0.035 0.989 0.961 0.978 0.933 
0.035 0.992 0.656 0.978 0.933 
0.024 0.992 0.753 0.970 0.937 
0.041 0.988 1.136 0.980 0.927 
0.033 0.987 0.472 0.980 0.921 
0.028 0.992 0.692 0.983 0.927 
0.040 0.986 0.605 0.978 0.940 
0.031 0.988 0.740 0.978 0.924 
0.024 0.992 1.094 0.975 0.937 
0.021 0.995 0.468 0.973 0.898 
0.022 0.993 0.191 0.978 0.832 
0.026 0.992 0.687 0.983 0.917 
0.030 0.990 0.797 0.978 0.937 
0.039 0.989 0.286 0.983 0.870 
0.027 0.991 0.693 0.978 0.937 
0.030 0.990 0.629 0.980 0.943 
0.036 0.986 0.953 0.978 0.933 
0.025 0.991 0.584 0.978 0.927 
0.031 0.990 0.485 0.980 0.924 
0.037 0.992 0.885 0.970 0.933 
0.036 0.987 1.265 0.980 0.930 
0.017 0.995 1.928 0.978 0.965 
0.032 0.989 0.900 0.978 0.921 
0.030 0.992 1.369 0.980 0.952 
0.029 0.990 1.449 0.980 0.949 
0.032 0.990 0.764 0.978 0.933 
0.046 0.989 1.314 0.973 0.968 
0.039 0.989 0.642 0.978 0.895 
0.036 0.986 0.862 0.975 0.914 
0.032 0.992 0.808 0.978 0.917 
0.031 0.990 1.024 0.978 0.940 
0.025 0.993 0.967 0.980 0.933 
0.021 0.992 0.810 0.983 0.930 
0.038 0.987 0.298 0.978 0.759 
0.034 0.989 1.353 0.978 0.949 
0.034 0.986 1.199 0.983 0.930 
0.021 0.992 0.934 0.975 0.943 
0.020 0.994 0.736 0.978 0.933 
0.026 0.995 0.786 0.970 0.933 
0.030 0.991 0.685 0.973 0.921 
0.040 0.987 0.443 0.978 0.886 
0.024 0.992 0.764 0.975 0.930 
0.025 0.992 0.941 0.975 0.940 
0.025 0.991 0.971 0.975 0.940 
0.019 0.995 1.049 0.975 0.959 
0.030 0.990 0.835 0.973 0.937 
0.036 0.988 1.152 0.975 0.962 
0.032 0.990 0.757 0.980 0.930 
0.018 0.994 1.447 0.973 0.968 
0.034 0.990 0.852 0.975 0.927 
0.083 0.985 0.244 0.985 0.914 
0.031 0.990 0.599 0.975 0.940 
0.036 0.990 0.295 0.985 0.902 
0.033 0.988 0.400 0.978 0.930 
0.033 0.991 0.903 0.975 0.952 
0.032 0.989 0.185 0.980 0.838 
0.033 0.989 0.516 0.975 0.933 
0.032 0.989 0.458 0.973 0.943 
0.028 0.992 0.522 0.980 0.908 
0.031 0.990 0.388 0.980 0.883 
0.035 0.988 0.440 0.980 0.892 
0.043 0.988 0.218 0.975 0.895 
0.027 0.991 0.385 0.978 0.917 
0.030 0.989 0.484 0.978 0.921 
0.030 0.988 1.309 0.975 0.962 
0.024 0.992 1.229 0.973 0.940 
0.031 0.985 0.919 0.970 0.940 
0.019 0.993 0.692 0.975 0.933 
0.026 0.993 1.114 0.980 0.943 
0.032 0.992 1.048 0.975 0.921 
0.018 0.993 2.299 0.975 0.949 
0.046 0.989 0.733 0.978 0.898 
0.032 0.990 0.893 0.970 0.933 
0.036 0.992 0.164 0.980 0.771 
0.028 0.990 0.836 0.973 0.905 
0.038 0.990 1.021 0.975 0.940 
0.024 0.995 0.756 0.973 0.930 
0.032 0.988 0.753 0.973 0.943 
0.031 0.991 0.703 0.978 0.914 
0.020 0.994 0.405 0.980 0.848 
0.043 0.987 1.173 0.978 0.927 
0.023 0.995 1.689 0.973 0.971 
0.033 0.990 0.594 0.973 0.930 
0.040 0.988 1.208 0.978 0.940 
0.040 0.991 0.988 0.975 0.952 
0.032 0.990 1.421 0.978 0.949 
0.033 0.991 1.133 0.975 0.962 
0.035 0.989 0.875 0.978 0.940 
0.039 0.990 0.734 0.978 0.937 
0.032 0.989 0.739 0.968 0.946 
0.036 0.988 0.665 0.970 0.946 
0.010 0.998 0.628 0.980 0.930 
0.026 0.991 0.476 0.980 0.914 
0.029 0.992 0.788 0.970 0.952 
0.038 0.989 0.326 0.983 0.930 
0.026 0.995 0.117 0.983 0.810 
0.012 0.996 0.526 0.980 0.930 
0.029 0.991 0.177 0.983 0.848 
0.032 0.986 0.929 0.968 0.930 
0.038 0.988 0.342 0.978 0.937 
0.043 0.985 0.485 0.975 0.930 
0.030 0.989 0.825 0.968 0.968 
0.035 0.990 0.996 0.975 0.946 
0.030 0.988 0.452 0.980 0.908 
0.026 0.988 0.178 0.978 0.895 
0.025 0.991 0.166 0.978 0.797 
0.027 0.991 1.136 0.965 0.962 
0.029 0.990 0.201 0.980 0.829 
0.034 0.988 0.721 0.973 0.911 
0.038 0.989 0.669 0.973 0.924 
0.018 0.994 0.216 0.978 0.825 
0.034 0.989 0.760 0.973 0.930 
0.031 0.989 0.328 0.975 0.889 
0.021 0.993 0.934 0.970 0.940 
0.026 0.992 0.945 0.973 0.933 
0.023 0.992 0.515 0.973 0.892 
0.031 0.992 0.950 0.973 0.927 
0.040 0.989 1.178 0.963 0.946 
0.030 0.991 0.486 0.968 0.917 
0.034 0.989 0.718 0.973 0.943 
0.017 0.993 1.003 0.975 0.937 
0.032 0.991 0.895 0.973 0.949 
0.031 0.990 0.977 0.978 0.937 
0.035 0.989 0.377 0.970 0.892 
0.029 0.990 0.693 0.978 0.930 
0.026 0.990 0.641 0.975 0.905 
0.031 0.989 1.067 0.960 0.965 
0.041 0.990 0.507 0.978 0.911 
0.029 0.991 1.787 0.980 0.962 
0.030 0.989 0.455 0.980 0.908 
0.039 0.990 0.275 0.978 0.895 
0.030 0.990 0.241 0.970 0.863 
0.038 0.985 0.362 0.978 0.911 
0.023 0.992 0.502 0.968 0.917 
0.032 0.992 1.089 0.968 0.946 
0.029 0.992 0.475 0.970 0.921 
0.037 0.989 1.800 0.973 0.968 
0.037 0.989 1.020 0.970 0.933 
0.032 0.987 0.798 0.973 0.914 
0.044 0.986 0.446 0.980 0.914 
0.025 0.993 0.358 0.983 0.863 
0.027 0.992 1.019 0.980 0.933 
0.032 0.990 0.344 0.978 0.892 
0.017 0.994 1.033 0.975 0.940 
0.035 0.991 0.418 0.978 0.911 
0.035 0.992 0.901 0.973 0.937 
0.025 0.991 0.369 0.980 0.860 
0.031 0.990 0.803 0.975 0.940 
0.026 0.990 1.024 0.970 0.940 
0.023 0.992 1.679 0.978 0.949 
0.026 0.992 1.054 0.983 0.946 
0.033 0.991 1.034 0.975 0.946 
0.019 0.993 2.036 0.975 0.959 
0.039 0.987 0.892 0.975 0.911 
0.028 0.990 1.875 0.968 0.971 
0.037 0.991 1.215 0.973 0.943 
0.032 0.990 0.739 0.980 0.933 
0.030 0.989 1.051 0.970 0.956 
0.034 0.987 1.182 0.975 0.962 
0.024 0.991 1.042 0.973 0.959 
0.022 0.992 1.535 0.980 0.943 
0.026 0.993 2.008 0.973 0.949 
0.026 0.991 0.542 0.975 0.937 
0.033 0.989 1.224 0.975 0.968 
0.032 0.992 0.737 0.975 0.927 
0.026 0.992 0.689 0.980 0.917 
0.027 0.993 0.466 0.980 0.870 
0.029 0.991 1.011 0.973 0.952 
0.025 0.993 1.387 0.970 0.949 
0.031 0.990 1.049 0.978 0.940 
0.029 0.992 0.701 0.973 0.933 
0.035 0.989 0.949 0.975 0.952 
0.029 0.992 1.718 0.968 0.971 
0.032 0.989 1.228 0.978 0.946 
0.021 0.993 0.296 0.978 0.813 
0.033 0.992 1.127 0.973 0.968 
0.024 0.990 1.308 0.968 0.975 
0.024 0.993 1.678 0.973 0.965 
0.022 0.993 1.904 0.973 0.968 
0.026 0.992 1.427 0.978 0.949 
0.040 0.989 0.742 0.973 0.933 
0.026 0.990 1.612 0.973 0.965 
0.033 0.990 0.532 0.978 0.940 
0.039 0.989 1.149 0.975 0.956 
0.052 0.986 1.285 0.975 0.892 
0.035 0.990 0.781 0.978 0.975 
0.029 0.993 1.408 0.970 0.975 
0.033 0.990 1.459 0.970 0.962 
0.031 0.992 0.764 0.980 0.933 
0.025 0.992 0.664 0.963 0.965 
0.035 0.990 0.913 0.975 0.956 
0.019 0.993 0.339 0.975 0.908 
0.029 0.989 1.139 0.963 0.965 
0.029 0.989 1.423 0.975 0.968 
0.014 0.996 0.829 0.975 0.898 
0.043 0.992 1.760 0.970 0.959 
0.030 0.991 0.761 0.980 0.883 
0.038 0.986 0.604 0.968 0.946 
0.039 0.989 0.863 0.973 0.959 
0.046 0.986 1.478 0.978 0.952 
0.015 0.996 1.021 0.975 0.914 
0.025 0.990 1.016 0.973 0.933 
0.031 0.991 0.621 0.975 0.892 
0.041 0.988 0.244 0.975 0.898 
0.030 0.989 1.092 0.975 0.956 
0.028 0.991 0.559 0.978 0.908 
0.033 0.990 1.410 0.975 0.962 
0.032 0.991 1.017 0.973 0.952 
0.029 0.993 0.307 0.978 0.819 
0.043 0.988 0.230 0.980 0.810 
0.029 0.993 1.080 0.968 0.949 
0.038 0.990 1.178 0.975 0.927 
0.030 0.992 1.050 0.975 0.927 
0.043 0.991 1.173 0.975 0.956 
0.034 0.986 0.697 0.978 0.933 
0.011 0.995 1.207 0.970 0.946 
0.022 0.992 1.345 0.970 0.952 
0.032 0.990 1.024 0.975 0.895 
0.035 0.989 1.481 0.970 0.956 
0.010 0.996 1.012 0.978 0.921 
0.026 0.990 0.859 0.975 0.946 
0.036 0.989 0.479 0.983 0.914 
0.040 0.985 0.799 0.968 0.959 
0.026 0.990 1.385 0.975 0.956 
0.028 0.987 1.139 0.980 0.949 
0.027 0.992 1.780 0.975 0.971 
0.032 0.986 1.120 0.978 0.937 
0.048 0.990 0.256 0.973 0.927 
0.042 0.988 0.592 0.978 0.956 
0.029 0.990 0.743 0.980 0.949 
0.036 0.989 0.617 0.973 0.952 
0.021 0.994 0.218 0.978 0.806 
0.028 0.992 2.288 0.965 0.984 
0.026 0.992 0.788 0.965 0.962 
0.029 0.993 1.458 0.975 0.949 
0.037 0.990 0.952 0.980 0.956 
0.019 0.994 0.613 0.960 0.949 
0.022 0.994 1.178 0.975 0.968 
0.014 0.995 1.072 0.978 0.949 
0.032 0.989 1.061 0.965 0.968 
0.030 0.989 1.117 0.978 0.946 
0.027 0.992 1.052 0.978 0.940 
0.020 0.992 1.083 0.973 0.965 
0.022 0.995 0.879 0.960 0.952 
0.041 0.988 1.353 0.970 0.962 
0.028 0.991 0.952 0.975 0.946 
0.028 0.995 0.787 0.978 0.937 
0.020 0.995 0.865 0.980 0.917 
0.030 0.991 0.834 0.980 0.921 
0.029 0.990 1.165 0.978 0.962 
0.026 0.992 1.191 0.975 0.927 
0.031 0.991 0.279 0.975 0.867 
0.025 0.990 0.622 0.973 0.917 
0.024 0.993 0.975 0.975 0.917 
0.023 0.993 1.035 0.975 0.965 
0.035 0.990 0.268 0.973 0.940 
0.030 0.988 0.427 0.978 0.927 
0.027 0.995 0.359 0.968 0.883 
0.036 0.989 0.487 0.975 0.902 
0.026 0.993 0.527 0.975 0.879 
0.023 0.992 1.143 0.980 0.946 
0.032 0.992 0.375 0.978 0.914 
0.023 0.992 0.340 0.978 0.854 
0.033 0.993 0.857 0.965 0.968 
0.024 0.992 0.540 0.980 0.908 
0.024 0.991 0.514 0.978 0.927 
0.032 0.988 0.427 0.980 0.895 
0.036 0.988 0.698 0.975 0.921 
0.038 0.991 0.463 0.975 0.914 
0.027 0.991 0.677 0.975 0.930 
0.023 0.993 0.425 0.970 0.930 
0.027 0.992 1.093 0.973 0.956 
0.040 0.990 0.580 0.965 0.962 
0.027 0.992 0.452 0.973 0.930 
0.029 0.990 0.389 0.970 0.946 
0.035 0.991 0.260 0.980 0.911 
0.027 0.993 0.483 0.978 0.952 
