0.355 0.862 0.230 0.940 1.000 
0.179 0.935 0.262 0.915 0.997 
0.168 0.943 0.149 0.985 1.000 
0.134 0.957 0.205 0.948 1.000 
0.123 0.960 0.091 0.980 1.000 
0.116 0.960 0.086 0.983 1.000 
0.096 0.972 0.129 0.958 0.997 
0.091 0.971 0.102 0.965 1.000 
0.087 0.974 0.119 0.965 1.000 
0.089 0.972 0.106 0.968 0.987 
0.072 0.983 0.130 0.955 1.000 
0.076 0.974 0.119 0.963 1.000 
0.089 0.972 0.110 0.968 1.000 
0.073 0.977 0.101 0.965 0.944 
0.069 0.981 0.114 0.955 0.990 
0.072 0.979 0.093 0.980 1.000 
0.056 0.983 0.094 0.973 1.000 
0.052 0.984 0.144 0.945 1.000 
0.075 0.974 0.106 0.968 1.000 
0.071 0.978 0.095 0.975 1.000 
0.059 0.980 0.095 0.968 1.000 
0.064 0.980 0.108 0.955 0.990 
0.068 0.975 0.113 0.958 1.000 
0.059 0.979 0.097 0.975 1.000 
0.050 0.982 0.099 0.965 0.964 
0.061 0.978 0.135 0.953 0.934 
0.063 0.978 0.091 0.970 0.997 
0.046 0.986 0.088 0.980 1.000 
0.053 0.985 0.084 0.978 1.000 
0.043 0.986 0.103 0.978 1.000 
0.054 0.981 0.081 0.983 1.000 
0.051 0.986 0.086 0.980 1.000 
0.046 0.984 0.091 0.973 1.000 
0.048 0.986 0.080 0.973 0.967 
0.042 0.989 0.073 0.980 1.000 
0.050 0.985 0.130 0.955 1.000 
0.046 0.987 0.070 0.988 1.000 
0.047 0.985 0.066 0.985 1.000 
0.044 0.985 0.072 0.978 0.997 
0.040 0.987 0.084 0.970 0.987 
0.058 0.984 0.099 0.968 1.000 
0.043 0.988 0.090 0.973 1.000 
0.042 0.988 0.123 0.938 0.789 
0.039 0.989 0.080 0.988 1.000 
0.039 0.988 0.096 0.975 1.000 
0.040 0.986 0.081 0.978 1.000 
0.040 0.986 0.131 0.953 0.901 
0.037 0.986 0.125 0.955 1.000 
0.034 0.990 0.219 0.943 1.000 
0.042 0.990 0.077 0.980 1.000 
0.040 0.986 0.136 0.955 1.000 
0.050 0.984 0.094 0.968 1.000 
0.036 0.990 0.074 0.983 1.000 
0.044 0.988 0.084 0.980 0.895 
0.038 0.988 0.098 0.978 1.000 
0.041 0.988 0.094 0.968 1.000 
0.034 0.986 0.095 0.970 0.882 
0.041 0.988 0.097 0.963 0.977 
0.042 0.987 0.117 0.963 0.289 
0.030 0.991 0.073 0.980 0.720 
0.033 0.991 0.073 0.980 0.253 
0.035 0.989 0.101 0.960 1.000 
0.037 0.992 0.074 0.980 0.388 
0.034 0.992 0.107 0.970 1.000 
0.043 0.989 0.080 0.980 0.997 
0.030 0.991 0.052 0.988 1.000 
0.044 0.987 0.121 0.953 0.809 
0.030 0.991 0.096 0.965 0.931 
0.035 0.990 0.067 0.985 1.000 
0.029 0.991 0.083 0.983 1.000 
0.035 0.990 0.099 0.973 0.661 
0.030 0.990 0.082 0.980 1.000 
0.029 0.993 0.064 0.980 0.970 
0.033 0.990 0.098 0.968 0.957 
0.038 0.990 0.092 0.970 1.000 
0.029 0.992 0.098 0.973 0.984 
0.030 0.991 0.085 0.978 1.000 
0.034 0.988 0.065 0.983 1.000 
0.029 0.993 0.150 0.950 0.365 
0.033 0.988 0.075 0.983 0.918 
0.028 0.991 0.082 0.973 0.997 
0.029 0.991 0.162 0.948 0.987 
0.026 0.991 0.106 0.968 1.000 
0.026 0.993 0.066 0.985 1.000 
0.028 0.991 0.066 0.983 0.980 
0.022 0.993 0.094 0.970 0.865 
0.029 0.992 0.093 0.980 1.000 
0.028 0.992 0.074 0.983 1.000 
0.029 0.989 0.121 0.975 1.000 
0.029 0.992 0.070 0.983 1.000 
0.031 0.989 0.079 0.973 1.000 
0.027 0.991 0.058 0.988 1.000 
0.038 0.990 0.090 0.975 1.000 
0.024 0.994 0.114 0.973 0.911 
0.037 0.988 0.084 0.973 0.997 
0.036 0.991 0.087 0.978 1.000 
0.024 0.991 0.115 0.958 1.000 
0.023 0.994 0.137 0.953 0.961 
0.026 0.993 0.241 0.948 0.997 
0.036 0.990 0.072 0.983 1.000 
0.026 0.995 0.086 0.970 1.000 
0.029 0.993 0.087 0.970 0.961 
0.035 0.990 0.085 0.970 1.000 
0.026 0.993 0.077 0.975 0.990 
0.021 0.993 0.105 0.960 1.000 
0.027 0.991 0.157 0.953 1.000 
0.030 0.992 0.097 0.975 0.954 
0.018 0.996 0.064 0.985 1.000 
0.029 0.990 0.080 0.980 1.000 
0.025 0.991 0.070 0.980 0.970 
0.026 0.993 0.095 0.970 0.993 
0.040 0.987 0.065 0.985 1.000 
0.030 0.991 0.061 0.990 1.000 
0.036 0.991 0.094 0.975 0.967 
0.027 0.993 0.096 0.960 0.987 
0.036 0.990 0.068 0.985 1.000 
0.023 0.992 0.078 0.983 0.997 
0.028 0.993 0.068 0.988 1.000 
0.022 0.994 0.073 0.985 1.000 
0.028 0.991 0.063 0.988 1.000 
0.032 0.991 0.065 0.985 0.977 
0.028 0.993 0.076 0.975 0.993 
0.026 0.990 0.080 0.970 1.000 
0.033 0.992 0.095 0.965 0.987 
0.023 0.995 0.079 0.975 0.951 
0.027 0.993 0.084 0.973 1.000 
0.031 0.991 0.067 0.988 0.993 
0.018 0.993 0.106 0.970 1.000 
0.022 0.994 0.088 0.980 1.000 
0.030 0.992 0.139 0.958 1.000 
0.022 0.992 0.069 0.988 1.000 
0.017 0.995 0.083 0.973 1.000 
0.023 0.993 0.102 0.985 1.000 
0.024 0.992 0.084 0.978 1.000 
0.021 0.993 0.147 0.953 1.000 
0.029 0.991 0.094 0.970 1.000 
0.020 0.994 0.086 0.985 1.000 
0.022 0.992 0.120 0.970 1.000 
0.022 0.992 0.108 0.978 1.000 
0.027 0.993 0.080 0.975 1.000 
0.028 0.989 0.103 0.975 1.000 
0.018 0.996 0.086 0.983 0.743 
0.021 0.994 0.096 0.988 1.000 
0.025 0.993 0.081 0.988 1.000 
0.021 0.994 0.072 0.988 1.000 
0.028 0.994 0.104 0.978 1.000 
0.034 0.991 0.079 0.983 1.000 
0.022 0.993 0.084 0.975 1.000 
0.018 0.993 0.105 0.975 1.000 
0.029 0.992 0.074 0.980 0.944 
0.027 0.991 0.101 0.968 1.000 
0.024 0.992 0.093 0.968 0.970 
0.020 0.992 0.061 0.990 0.760 
0.039 0.991 0.088 0.970 0.957 
0.022 0.993 0.068 0.985 1.000 
0.020 0.995 0.074 0.980 0.964 
0.022 0.992 0.088 0.968 1.000 
0.017 0.994 0.125 0.960 1.000 
0.016 0.994 0.104 0.963 1.000 
0.026 0.993 0.117 0.955 0.990 
0.025 0.994 0.108 0.970 1.000 
0.024 0.993 0.102 0.975 1.000 
0.024 0.995 0.083 0.978 1.000 
0.023 0.993 0.076 0.985 1.000 
0.018 0.993 0.108 0.973 1.000 
0.021 0.995 0.076 0.985 1.000 
0.018 0.994 0.064 0.990 1.000 
0.031 0.993 0.064 0.985 1.000 
0.027 0.994 0.067 0.988 0.997 
0.026 0.994 0.103 0.968 0.993 
0.027 0.993 0.089 0.973 1.000 
0.022 0.993 0.109 0.955 1.000 
0.033 0.991 0.166 0.945 1.000 
0.031 0.992 0.075 0.980 0.951 
0.026 0.994 0.077 0.975 0.993 
0.017 0.996 0.079 0.978 0.783 
0.020 0.994 0.196 0.940 0.957 
0.031 0.993 0.060 0.990 1.000 
0.024 0.992 0.059 0.990 0.984 
0.024 0.993 0.079 0.975 0.997 
0.021 0.993 0.103 0.968 0.974 
0.017 0.995 0.115 0.968 0.997 
0.019 0.993 0.072 0.978 0.977 
0.015 0.996 0.082 0.973 0.990 
0.023 0.995 0.080 0.973 1.000 
0.015 0.995 0.066 0.988 1.000 
0.020 0.995 0.071 0.988 0.914 
0.027 0.994 0.093 0.975 0.977 
0.022 0.994 0.129 0.975 0.974 
0.029 0.992 0.067 0.978 0.984 
0.020 0.994 0.071 0.980 0.977 
0.015 0.995 0.087 0.978 0.997 
0.018 0.996 0.075 0.983 0.993 
0.016 0.995 0.066 0.983 0.970 
0.023 0.995 0.055 0.988 1.000 
0.018 0.995 0.073 0.978 0.885 
0.021 0.994 0.057 0.988 1.000 
0.019 0.993 0.066 0.988 0.974 
0.022 0.992 0.112 0.963 0.957 
0.018 0.994 0.068 0.988 0.993 
0.015 0.995 0.078 0.983 0.997 
0.021 0.995 0.089 0.973 0.977 
0.022 0.994 0.066 0.980 0.993 
0.021 0.995 0.087 0.975 1.000 
0.017 0.996 0.119 0.965 0.987 
0.018 0.994 0.074 0.980 0.967 
0.022 0.993 0.120 0.960 1.000 
0.021 0.994 0.092 0.973 0.984 
0.020 0.995 0.112 0.968 0.997 
0.022 0.996 0.162 0.943 0.970 
0.024 0.992 0.130 0.965 0.974 
0.018 0.997 0.064 0.988 0.993 
0.020 0.995 0.087 0.973 0.984 
0.028 0.992 0.064 0.988 1.000 
0.015 0.995 0.059 0.988 1.000 
0.019 0.995 0.079 0.985 0.997 
0.015 0.996 0.099 0.970 0.997 
0.018 0.995 0.114 0.970 1.000 
0.024 0.991 0.099 0.963 1.000 
0.028 0.992 0.106 0.965 1.000 
0.014 0.995 0.093 0.980 0.957 
0.017 0.995 0.090 0.970 1.000 
0.021 0.994 0.099 0.965 1.000 
0.024 0.995 0.077 0.980 1.000 
0.019 0.995 0.062 0.980 0.954 
0.019 0.995 0.104 0.978 1.000 
0.024 0.993 0.067 0.983 1.000 
0.023 0.995 0.057 0.988 1.000 
0.022 0.993 0.063 0.988 1.000 
0.020 0.993 0.075 0.978 0.891 
0.017 0.996 0.063 0.988 1.000 
0.028 0.990 0.070 0.985 1.000 
0.014 0.997 0.076 0.985 1.000 
0.017 0.995 0.075 0.988 1.000 
0.020 0.994 0.092 0.978 1.000 
0.021 0.995 0.061 0.983 0.997 
0.026 0.993 0.079 0.980 1.000 
0.024 0.992 0.056 0.990 1.000 
0.019 0.994 0.087 0.975 1.000 
0.016 0.996 0.071 0.988 1.000 
0.022 0.995 0.056 0.988 1.000 
0.016 0.996 0.099 0.970 1.000 
0.022 0.992 0.065 0.988 1.000 
0.016 0.996 0.074 0.988 0.993 
0.019 0.994 0.149 0.970 0.974 
0.025 0.994 0.059 0.988 1.000 
0.025 0.993 0.115 0.955 1.000 
0.016 0.995 0.065 0.988 1.000 
0.021 0.994 0.102 0.980 1.000 
0.017 0.994 0.070 0.978 1.000 
0.019 0.992 0.149 0.968 0.970 
0.025 0.994 0.068 0.988 0.970 
0.022 0.995 0.085 0.970 0.954 
0.021 0.994 0.067 0.988 0.957 
0.019 0.996 0.084 0.978 0.993 
0.015 0.997 0.076 0.985 0.997 
0.020 0.995 0.096 0.978 1.000 
0.018 0.995 0.088 0.973 0.997 
0.012 0.996 0.080 0.980 1.000 
0.021 0.993 0.111 0.975 0.974 
0.023 0.993 0.081 0.988 1.000 
0.014 0.996 0.080 0.975 1.000 
0.017 0.994 0.101 0.970 1.000 
0.022 0.992 0.117 0.963 1.000 
0.023 0.995 0.089 0.975 1.000 
0.021 0.992 0.070 0.975 1.000 
0.022 0.994 0.061 0.988 1.000 
0.019 0.994 0.055 0.990 1.000 
0.022 0.994 0.159 0.970 0.997 
0.022 0.994 0.142 0.960 0.997 
0.014 0.997 0.092 0.973 0.997 
0.019 0.995 0.069 0.980 1.000 
0.013 0.996 0.106 0.970 0.997 
0.014 0.994 0.123 0.968 1.000 
0.019 0.995 0.065 0.988 1.000 
0.026 0.994 0.058 0.988 0.997 
0.017 0.995 0.074 0.988 1.000 
0.015 0.995 0.063 0.988 1.000 
0.013 0.995 0.071 0.988 0.977 
0.024 0.992 0.101 0.968 0.984 
0.013 0.995 0.095 0.988 0.997 
0.032 0.991 0.088 0.980 1.000 
0.014 0.996 0.092 0.973 1.000 
0.014 0.995 0.117 0.988 1.000 
0.024 0.994 0.086 0.978 1.000 
0.018 0.993 0.113 0.968 0.997 
0.015 0.994 0.149 0.950 1.000 
0.027 0.991 0.120 0.970 0.997 
0.016 0.995 0.119 0.973 1.000 
0.018 0.996 0.091 0.973 1.000 
0.017 0.996 0.073 0.980 1.000 
0.015 0.995 0.066 0.988 1.000 
0.025 0.992 0.095 0.973 0.997 
0.012 0.996 0.109 0.975 1.000 
0.014 0.996 0.125 0.968 0.997 
0.019 0.994 0.069 0.980 1.000 
0.012 0.996 0.098 0.973 0.997 
0.013 0.995 0.121 0.980 1.000 
0.035 0.991 0.169 0.965 0.957 
0.018 0.995 0.089 0.975 1.000 
0.020 0.994 0.168 0.965 0.997 
0.010 0.995 0.160 0.973 1.000 
0.018 0.997 0.134 0.975 1.000 
0.008 0.998 0.121 0.983 1.000 
0.011 0.996 0.160 0.963 0.997 
0.020 0.996 0.090 0.973 1.000 
0.019 0.996 0.122 0.968 0.997 
0.016 0.995 0.089 0.975 1.000 
0.012 0.996 0.093 0.988 1.000 
0.014 0.995 0.087 0.978 0.997 
0.022 0.993 0.084 0.978 0.990 
0.019 0.994 0.081 0.978 1.000 
0.016 0.995 0.070 0.988 1.000 
0.019 0.994 0.090 0.975 1.000 
0.021 0.994 0.114 0.970 1.000 
0.021 0.993 0.153 0.965 0.970 
0.016 0.995 0.097 0.975 1.000 
0.010 0.996 0.112 0.980 1.000 
0.020 0.995 0.118 0.970 1.000 
0.020 0.994 0.083 0.978 1.000 
0.014 0.995 0.121 0.963 1.000 
0.014 0.996 0.111 0.975 1.000 
0.018 0.994 0.108 0.963 1.000 
0.010 0.997 0.116 0.975 1.000 
0.018 0.995 0.100 0.985 1.000 
0.021 0.995 0.103 0.975 0.993 
0.018 0.995 0.137 0.950 0.997 
0.021 0.996 0.088 0.983 1.000 
0.017 0.994 0.065 0.988 1.000 
0.015 0.996 0.075 0.988 1.000 
0.015 0.997 0.082 0.983 1.000 
0.012 0.995 0.103 0.975 1.000 
0.022 0.993 0.096 0.970 0.997 
0.014 0.996 0.154 0.963 0.997 
0.024 0.994 0.078 0.988 1.000 
0.007 0.997 0.080 0.988 1.000 
0.011 0.997 0.061 0.990 1.000 
0.016 0.994 0.098 0.978 1.000 
0.025 0.991 0.082 0.978 1.000 
0.009 0.997 0.127 0.973 1.000 
0.021 0.993 0.091 0.978 0.993 
0.021 0.993 0.138 0.975 1.000 
0.016 0.996 0.106 0.985 1.000 
0.021 0.994 0.109 0.988 1.000 
0.015 0.995 0.110 0.983 1.000 
0.017 0.994 0.140 0.970 1.000 
0.018 0.993 0.104 0.973 1.000 
0.013 0.996 0.102 0.975 1.000 
0.005 0.998 0.148 0.970 1.000 
0.011 0.996 0.139 0.970 1.000 
0.015 0.995 0.091 0.973 1.000 
0.021 0.993 0.126 0.968 1.000 
0.028 0.991 0.076 0.985 1.000 
0.020 0.994 0.104 0.973 0.997 
0.015 0.995 0.101 0.985 1.000 
0.009 0.997 0.094 0.988 0.997 
0.016 0.996 0.110 0.983 0.997 
0.024 0.993 0.112 0.970 1.000 
0.016 0.995 0.185 0.983 0.997 
0.021 0.994 0.130 0.988 1.000 
0.030 0.994 0.111 0.988 0.993 
0.012 0.997 0.103 0.988 1.000 
0.006 0.997 0.246 0.958 0.997 
0.015 0.997 0.144 0.990 1.000 
0.023 0.995 0.156 0.970 0.997 
0.016 0.997 0.183 0.973 0.997 
0.032 0.992 0.114 0.970 0.997 
0.014 0.994 0.110 0.980 1.000 
0.010 0.997 0.199 0.965 0.993 
0.023 0.995 0.110 0.978 0.993 
0.010 0.996 0.141 0.973 0.964 
0.009 0.996 0.206 0.955 0.997 
0.017 0.994 0.127 0.983 1.000 
0.016 0.995 0.120 0.985 1.000 
0.015 0.995 0.265 0.973 1.000 
0.021 0.993 0.128 0.985 1.000 
0.024 0.994 0.113 0.985 1.000 
0.022 0.996 0.111 0.965 1.000 
0.013 0.996 0.091 0.988 1.000 
0.019 0.994 0.078 0.988 1.000 
0.015 0.995 0.116 0.983 1.000 
0.017 0.994 0.069 0.988 1.000 
0.025 0.994 0.109 0.975 0.977 
0.023 0.993 0.096 0.973 0.997 
0.006 0.998 0.155 0.988 0.872 
0.011 0.996 0.119 0.988 1.000 
0.016 0.995 0.155 0.968 0.993 
0.016 0.995 0.085 0.988 1.000 
0.018 0.994 0.085 0.983 1.000 
0.022 0.994 0.105 0.973 0.984 
0.016 0.996 0.091 0.988 1.000 
0.019 0.995 0.091 0.985 1.000 
0.007 0.997 0.144 0.978 0.997 
0.020 0.995 0.073 0.988 0.947 
0.026 0.994 0.101 0.973 0.957 
0.015 0.994 0.112 0.973 0.941 
0.022 0.994 0.096 0.978 0.990 
0.014 0.996 0.064 0.988 1.000 
0.012 0.996 0.118 0.965 0.967 
0.014 0.995 0.112 0.978 0.997 
0.007 0.998 0.090 0.990 0.997 
0.021 0.996 0.088 0.975 0.997 
0.016 0.994 0.100 0.988 0.984 
0.009 0.997 0.116 0.978 0.803 
0.018 0.995 0.098 0.975 1.000 
0.016 0.994 0.090 0.988 1.000 
0.014 0.996 0.107 0.973 1.000 
0.009 0.997 0.104 0.988 0.980 
0.010 0.996 0.123 0.985 0.914 
0.009 0.996 0.185 0.960 0.980 
0.024 0.995 0.109 0.985 1.000 
0.018 0.996 0.147 0.965 1.000 
0.017 0.996 0.143 0.988 1.000 
0.030 0.994 0.159 0.978 0.990 
0.011 0.996 0.131 0.988 1.000 
0.013 0.996 0.120 0.988 0.987 
0.022 0.995 0.127 0.975 1.000 
0.011 0.995 0.141 0.980 1.000 
0.019 0.994 0.108 0.988 1.000 
0.014 0.996 0.116 0.988 1.000 
0.009 0.997 0.095 0.988 1.000 
0.018 0.994 0.108 0.988 0.984 
0.019 0.995 0.138 0.985 0.878 
0.033 0.995 0.116 0.993 0.918 
0.009 0.996 0.151 0.978 0.934 
0.022 0.996 0.122 0.968 1.000 
0.013 0.996 0.107 0.988 1.000 
0.017 0.997 0.070 0.985 1.000 
0.015 0.994 0.086 0.980 0.993 
0.013 0.995 0.068 0.988 0.997 
0.019 0.996 0.061 0.988 1.000 
0.015 0.994 0.115 0.988 0.980 
0.016 0.995 0.075 0.990 1.000 
0.017 0.995 0.093 0.975 1.000 
0.008 0.997 0.142 0.975 0.993 
0.021 0.995 0.109 0.973 1.000 
0.021 0.994 0.155 0.953 0.997 
0.011 0.997 0.086 0.980 1.000 
0.014 0.995 0.094 0.988 1.000 
0.012 0.995 0.072 0.988 1.000 
0.018 0.995 0.134 0.988 1.000 
0.014 0.995 0.130 0.968 1.000 
0.010 0.996 0.107 0.978 1.000 
0.021 0.992 0.109 0.983 1.000 
0.018 0.995 0.135 0.975 1.000 
0.012 0.997 0.110 0.988 1.000 
0.016 0.996 0.169 0.985 0.967 
0.040 0.992 0.098 0.983 0.967 
0.013 0.997 0.072 0.988 1.000 
0.009 0.997 0.105 0.988 0.993 
0.017 0.996 0.106 0.975 1.000 
0.015 0.996 0.140 0.975 1.000 
0.014 0.994 0.110 0.988 0.908 
0.044 0.993 0.119 0.968 0.990 
0.018 0.995 0.098 0.983 0.928 
0.014 0.996 0.115 0.980 0.799 
0.014 0.996 0.113 0.975 0.980 
0.013 0.995 0.098 0.985 1.000 
0.010 0.997 0.126 0.973 1.000 
0.011 0.996 0.123 0.988 0.961 
0.016 0.993 0.195 0.950 0.993 
0.012 0.997 0.115 0.988 1.000 
0.013 0.995 0.121 0.978 1.000 
0.017 0.995 0.141 0.973 1.000 
0.024 0.992 0.156 0.978 1.000 
0.013 0.995 0.197 0.960 1.000 
0.013 0.996 0.181 0.965 0.990 
0.020 0.994 0.221 0.948 0.997 
0.014 0.995 0.134 0.980 1.000 
0.016 0.996 0.136 0.985 1.000 
0.016 0.994 0.163 0.975 1.000 
0.030 0.995 0.152 0.943 1.000 
0.016 0.995 0.119 0.978 1.000 
0.019 0.994 0.136 0.978 0.997 
0.009 0.998 0.142 0.963 1.000 
0.014 0.995 0.182 0.953 0.964 
0.016 0.993 0.124 0.970 1.000 
0.015 0.996 0.187 0.948 1.000 
0.017 0.996 0.158 0.968 1.000 
0.013 0.996 0.133 0.975 0.997 
0.014 0.995 0.126 0.985 1.000 
0.012 0.997 0.162 0.968 1.000 
0.011 0.997 0.111 0.988 1.000 
0.017 0.996 0.125 0.988 0.997 
0.021 0.993 0.185 0.965 0.974 
0.011 0.996 0.107 0.988 1.000 
0.014 0.996 0.112 0.983 0.987 
0.018 0.995 0.113 0.988 0.984 
0.016 0.995 0.142 0.978 0.997 
0.014 0.997 0.155 0.983 1.000 
0.033 0.994 0.123 0.988 0.990 
0.013 0.997 0.123 0.988 1.000 
0.005 0.999 0.126 0.988 1.000 
0.011 0.997 0.137 0.985 1.000 
0.012 0.997 0.133 0.988 1.000 
0.019 0.996 0.113 0.988 1.000 
0.022 0.994 0.105 0.983 1.000 
0.016 0.994 0.141 0.983 1.000 
0.015 0.995 0.203 0.983 0.951 
0.015 0.997 0.199 0.978 0.997 
0.032 0.992 0.115 0.990 1.000 
0.013 0.996 0.124 0.988 1.000 
0.012 0.996 0.166 0.985 0.990 
0.014 0.994 0.148 0.988 0.964 
0.006 0.998 0.182 0.978 0.997 
0.019 0.995 0.154 0.973 1.000 
0.022 0.995 0.192 0.963 1.000 
0.013 0.996 0.266 0.965 1.000 
0.016 0.995 0.197 0.980 1.000 
0.031 0.991 0.201 0.973 1.000 
0.014 0.998 0.145 0.973 1.000 
0.014 0.995 0.137 0.983 0.977 
0.012 0.997 0.165 0.985 0.993 
0.019 0.995 0.166 0.988 1.000 
0.011 0.997 0.188 0.975 0.997 
0.015 0.994 0.156 0.988 1.000 
0.012 0.996 0.207 0.988 1.000 
0.018 0.996 0.189 0.940 1.000 
0.017 0.995 0.210 0.973 1.000 
0.016 0.994 0.181 0.980 0.997 
0.011 0.996 0.203 0.965 0.997 
0.013 0.994 0.218 0.983 1.000 
0.010 0.997 0.157 0.990 1.000 
0.012 0.995 0.227 0.988 1.000 
0.018 0.994 0.205 0.978 0.957 
0.027 0.995 0.180 0.990 0.993 
0.036 0.996 0.118 0.990 1.000 
0.015 0.996 0.219 0.955 0.997 
0.014 0.995 0.213 0.978 0.957 
0.013 0.996 0.178 0.988 0.977 
0.013 0.995 0.162 0.988 1.000 
0.019 0.993 0.196 0.978 0.990 
0.023 0.995 0.163 0.990 1.000 
0.010 0.997 0.215 0.980 1.000 
0.010 0.997 0.247 0.980 1.000 
0.017 0.994 0.260 0.965 0.993 
0.016 0.994 0.186 0.988 1.000 
0.019 0.995 0.143 0.988 0.997 
0.015 0.996 0.193 0.968 0.997 
0.013 0.996 0.210 0.975 0.997 
0.019 0.996 0.171 0.985 1.000 
0.016 0.996 0.202 0.980 0.918 
0.017 0.996 0.163 0.973 0.984 
0.011 0.997 0.172 0.988 1.000 
0.010 0.996 0.204 0.973 1.000 
0.018 0.995 0.181 0.975 1.000 
0.015 0.996 0.161 0.988 1.000 
0.009 0.997 0.232 0.985 1.000 
0.017 0.995 0.215 0.973 1.000 
0.011 0.997 0.240 0.988 1.000 
0.025 0.994 0.156 0.988 1.000 
0.019 0.995 0.207 0.973 1.000 
0.017 0.997 0.144 0.963 0.997 
0.013 0.995 0.187 0.970 1.000 
0.010 0.997 0.218 0.988 0.980 
0.017 0.994 0.194 0.988 0.974 
0.009 0.998 0.223 0.988 0.997 
0.012 0.998 0.280 0.988 0.997 
0.009 0.997 0.246 0.990 0.997 
0.013 0.995 0.319 0.980 0.984 
0.014 0.997 0.206 0.988 0.776 
0.016 0.994 0.177 0.980 0.957 
0.017 0.996 0.172 0.975 0.908 
0.007 0.998 0.223 0.988 0.974 
0.007 0.997 0.183 0.980 0.911 
0.009 0.996 0.147 0.993 0.855 
0.025 0.996 0.162 0.988 0.997 
0.013 0.997 0.163 0.988 0.990 
0.011 0.996 0.205 0.980 0.908 
0.006 0.998 0.260 0.988 0.928 
0.028 0.995 0.173 0.970 0.990 
0.016 0.995 0.163 0.973 1.000 
0.011 0.997 0.156 0.988 1.000 
0.011 0.995 0.196 0.988 0.984 
0.010 0.996 0.206 0.988 1.000 
0.014 0.997 0.215 0.985 1.000 
0.018 0.996 0.156 0.983 1.000 
0.011 0.997 0.203 0.965 1.000 
0.009 0.998 0.164 0.978 1.000 
0.011 0.997 0.203 0.988 0.993 
0.012 0.997 0.135 0.993 1.000 
0.014 0.996 0.167 0.988 1.000 
0.016 0.995 0.158 0.988 1.000 
0.009 0.998 0.168 0.988 1.000 
0.018 0.995 0.214 0.973 0.980 
0.017 0.996 0.195 0.970 1.000 
0.012 0.996 0.158 0.988 1.000 
0.017 0.994 0.195 0.988 1.000 
0.018 0.995 0.175 0.973 0.990 
0.012 0.997 0.235 0.950 0.990 
0.016 0.995 0.189 0.985 1.000 
0.012 0.995 0.166 0.975 0.997 
0.011 0.995 0.258 0.985 1.000 
0.011 0.997 0.184 0.990 1.000 
0.020 0.995 0.208 0.980 1.000 
0.007 0.997 0.264 0.988 0.997 
0.019 0.996 0.304 0.940 0.954 
0.033 0.995 0.161 0.980 1.000 
0.009 0.997 0.223 0.973 0.980 
0.014 0.998 0.173 0.975 0.974 
0.013 0.996 0.154 0.988 0.997 
0.014 0.996 0.192 0.983 0.997 
0.017 0.998 0.139 0.973 0.997 
0.010 0.998 0.188 0.978 1.000 
0.013 0.996 0.169 0.975 0.997 
0.015 0.997 0.186 0.988 1.000 
0.010 0.997 0.231 0.938 0.987 
0.013 0.995 0.140 0.990 0.987 
0.012 0.995 0.165 0.988 1.000 
0.014 0.996 0.146 0.988 1.000 
0.006 0.999 0.175 0.980 0.997 
0.011 0.996 0.165 0.988 0.993 
0.021 0.995 0.226 0.980 0.990 
0.008 0.998 0.232 0.983 0.987 
0.018 0.993 0.216 0.968 1.000 
0.015 0.997 0.162 0.978 1.000 
0.012 0.995 0.182 0.990 1.000 
0.011 0.995 0.228 0.983 1.000 
0.031 0.994 0.232 0.990 1.000 
0.008 0.995 0.243 0.988 0.997 
0.008 0.997 0.336 0.968 0.993 
0.020 0.994 0.331 0.990 1.000 
0.025 0.991 0.320 0.955 1.000 
0.024 0.996 0.212 0.988 1.000 
0.025 0.994 0.222 0.970 1.000 
0.008 0.997 0.231 0.985 1.000 
0.013 0.995 0.165 0.973 1.000 
0.014 0.997 0.173 0.988 1.000 
0.015 0.994 0.174 0.970 0.997 
0.012 0.997 0.237 0.970 0.997 
0.008 0.998 0.373 0.988 1.000 
0.026 0.995 0.207 0.970 0.997 
0.011 0.996 0.177 0.985 0.997 
0.007 0.998 0.245 0.988 0.997 
0.023 0.995 0.233 0.965 1.000 
0.016 0.996 0.316 0.978 1.000 
0.008 0.996 0.296 0.990 1.000 
0.032 0.993 0.215 0.973 1.000 
0.015 0.996 0.327 0.950 0.997 
0.024 0.994 0.263 0.955 1.000 
0.017 0.994 0.330 0.973 1.000 
0.004 0.998 0.310 0.978 1.000 
0.012 0.996 0.155 0.990 1.000 
0.010 0.996 0.171 0.990 1.000 
0.015 0.996 0.282 0.988 1.000 
0.024 0.994 0.217 0.978 1.000 
0.011 0.996 0.252 0.988 1.000 
0.019 0.995 0.187 0.988 1.000 
0.015 0.995 0.293 0.958 0.997 
0.012 0.997 0.269 0.978 1.000 
0.009 0.996 0.312 0.978 1.000 
0.013 0.996 0.301 0.988 1.000 
0.012 0.996 0.206 0.955 0.997 
0.017 0.996 0.152 0.983 1.000 
0.015 0.997 0.221 0.988 1.000 
0.013 0.996 0.270 0.955 1.000 
0.015 0.994 0.276 0.973 1.000 
0.018 0.995 0.351 0.960 0.993 
0.007 0.998 0.216 0.988 1.000 
0.026 0.997 0.180 0.988 1.000 
0.008 0.998 0.243 0.990 1.000 
0.022 0.995 0.208 0.970 1.000 
0.014 0.996 0.148 0.988 1.000 
0.009 0.996 0.229 0.980 1.000 
0.014 0.994 0.280 0.973 1.000 
0.019 0.994 0.189 0.973 1.000 
0.008 0.998 0.185 0.980 1.000 
0.012 0.996 0.207 0.988 1.000 
0.016 0.994 0.194 0.973 1.000 
0.012 0.997 0.174 0.980 1.000 
0.009 0.996 0.211 0.988 1.000 
0.013 0.996 0.173 0.988 1.000 
0.037 0.997 0.303 0.973 0.997 
0.021 0.994 0.212 0.948 1.000 
0.016 0.996 0.247 0.983 1.000 
0.024 0.993 0.218 0.940 1.000 
0.013 0.996 0.205 0.970 1.000 
0.007 0.997 0.220 0.978 1.000 
0.016 0.994 0.224 0.973 1.000 
0.024 0.994 0.103 0.988 1.000 
0.008 0.995 0.230 0.970 1.000 
0.015 0.996 0.220 0.960 1.000 
0.011 0.997 0.222 0.970 1.000 
0.013 0.995 0.265 0.988 1.000 
0.021 0.995 0.173 0.988 1.000 
0.021 0.996 0.171 0.973 0.997 
0.013 0.995 0.158 0.988 1.000 
0.018 0.997 0.220 0.988 1.000 
0.013 0.998 0.136 0.988 1.000 
0.028 0.991 0.196 0.963 1.000 
0.011 0.997 0.170 0.975 1.000 
0.014 0.995 0.166 0.983 1.000 
0.010 0.997 0.156 0.988 1.000 
0.014 0.996 0.154 0.990 1.000 
0.017 0.996 0.127 0.988 1.000 
0.008 0.996 0.217 0.973 1.000 
0.008 0.997 0.214 0.990 1.000 
0.014 0.996 0.206 0.968 1.000 
0.009 0.998 0.162 0.980 0.997 
0.009 0.997 0.171 0.973 1.000 
0.019 0.994 0.197 0.932 0.997 
0.011 0.996 0.145 0.973 0.997 
0.008 0.998 0.214 0.988 1.000 
0.008 0.998 0.155 0.970 1.000 
0.013 0.996 0.196 0.980 1.000 
0.011 0.996 0.265 0.978 1.000 
0.022 0.996 0.096 0.988 1.000 
0.013 0.997 0.144 0.988 1.000 
0.015 0.994 0.143 0.983 1.000 
0.009 0.997 0.170 0.975 0.997 
0.019 0.994 0.208 0.973 0.997 
0.010 0.996 0.154 0.985 1.000 
0.014 0.995 0.136 0.988 0.997 
0.010 0.996 0.172 0.988 0.987 
0.009 0.997 0.233 0.975 1.000 
0.014 0.996 0.100 0.978 1.000 
0.017 0.994 0.095 0.988 0.997 
0.011 0.996 0.138 0.988 1.000 
0.007 0.998 0.128 0.988 1.000 
0.014 0.995 0.120 0.988 1.000 
0.013 0.995 0.130 0.988 1.000 
0.011 0.996 0.134 0.978 1.000 
0.015 0.995 0.093 0.988 0.997 
0.007 0.998 0.095 0.988 0.997 
0.020 0.998 0.108 0.980 1.000 
0.008 0.997 0.209 0.958 0.980 
0.014 0.996 0.191 0.948 0.967 
0.016 0.996 0.095 0.983 0.990 
0.016 0.996 0.110 0.973 0.993 
0.006 0.998 0.147 0.970 0.990 
0.013 0.995 0.101 0.988 1.000 
0.016 0.994 0.166 0.978 0.997 
0.015 0.996 0.179 0.955 0.997 
0.009 0.997 0.137 0.993 1.000 
0.015 0.997 0.132 0.985 1.000 
0.016 0.995 0.105 0.990 1.000 
0.015 0.998 0.090 0.988 1.000 
0.015 0.995 0.078 0.993 1.000 
0.014 0.996 0.098 0.988 1.000 
0.011 0.997 0.123 0.990 1.000 
0.016 0.993 0.149 0.975 0.974 
0.011 0.995 0.183 0.973 1.000 
0.028 0.994 0.055 0.990 1.000 
0.015 0.996 0.164 0.968 1.000 
0.007 0.997 0.156 0.980 1.000 
0.005 0.998 0.214 0.990 1.000 
0.013 0.997 0.125 0.973 0.984 
0.017 0.995 0.137 0.980 1.000 
0.021 0.992 0.172 0.945 0.993 
0.012 0.997 0.166 0.955 1.000 
0.003 0.999 0.128 0.988 1.000 
0.016 0.994 0.111 0.988 1.000 
0.011 0.995 0.121 0.985 1.000 
0.012 0.995 0.088 0.990 1.000 
0.007 0.999 0.111 0.990 1.000 
0.015 0.997 0.074 0.993 1.000 
0.012 0.995 0.098 0.985 1.000 
0.013 0.996 0.135 0.970 0.997 
0.009 0.996 0.120 0.980 1.000 
0.011 0.996 0.118 0.988 1.000 
0.017 0.996 0.104 0.973 1.000 
0.015 0.997 0.103 0.975 0.997 
0.007 0.996 0.148 0.973 0.954 
0.011 0.997 0.066 0.988 0.984 
0.012 0.996 0.098 0.988 0.990 
0.013 0.995 0.104 0.983 0.997 
0.017 0.995 0.133 0.990 0.997 
0.011 0.997 0.101 0.988 0.997 
0.012 0.996 0.160 0.983 0.997 
0.022 0.996 0.081 0.988 1.000 
0.008 0.996 0.096 0.993 1.000 
0.012 0.997 0.102 0.985 0.898 
0.016 0.995 0.107 0.988 0.984 
0.013 0.997 0.154 0.958 0.931 
0.012 0.997 0.120 0.988 1.000 
0.012 0.997 0.095 0.990 1.000 
0.017 0.994 0.110 0.983 0.997 
0.016 0.995 0.104 0.993 0.993 
0.009 0.997 0.135 0.983 1.000 
0.012 0.996 0.200 0.965 0.951 
0.015 0.996 0.127 0.990 1.000 
0.010 0.998 0.129 0.990 0.997 
0.008 0.995 0.183 0.983 0.987 
0.016 0.993 0.180 0.983 1.000 
0.013 0.997 0.134 0.993 1.000 
0.020 0.995 0.122 0.988 1.000 
0.006 0.998 0.125 0.985 1.000 
0.003 0.998 0.156 0.988 1.000 
0.014 0.997 0.134 0.980 1.000 
0.012 0.996 0.105 0.993 1.000 
0.014 0.996 0.146 0.980 1.000 
0.009 0.998 0.134 0.990 1.000 
0.006 0.998 0.161 0.983 1.000 
0.009 0.997 0.237 0.960 1.000 
0.010 0.997 0.244 0.978 1.000 
0.024 0.994 0.168 0.973 1.000 
0.006 0.998 0.204 0.988 1.000 
0.015 0.995 0.227 0.970 1.000 
0.012 0.996 0.188 0.970 1.000 
0.012 0.996 0.183 0.988 0.993 
0.016 0.995 0.185 0.980 1.000 
0.012 0.997 0.296 0.960 1.000 
0.021 0.995 0.206 0.978 0.997 
0.010 0.997 0.195 0.980 0.993 
0.019 0.995 0.138 0.980 1.000 
0.013 0.997 0.094 0.988 0.984 
0.011 0.996 0.164 0.988 1.000 
0.019 0.996 0.188 0.965 0.977 
0.010 0.997 0.181 0.973 1.000 
0.012 0.994 0.169 0.985 1.000 
0.012 0.996 0.182 0.970 1.000 
0.014 0.995 0.225 0.950 0.993 
0.011 0.998 0.187 0.988 1.000 
0.014 0.997 0.083 0.988 0.997 
0.012 0.996 0.147 0.983 1.000 
0.015 0.994 0.104 0.988 1.000 
0.015 0.997 0.115 0.970 1.000 
0.008 0.997 0.097 0.990 1.000 
0.010 0.996 0.106 0.988 1.000 
0.012 0.994 0.093 0.993 1.000 
0.023 0.996 0.163 0.940 1.000 
0.009 0.997 0.100 0.988 1.000 
0.012 0.996 0.126 0.985 1.000 
0.009 0.997 0.152 0.965 1.000 
0.013 0.995 0.152 0.973 0.954 
0.011 0.996 0.129 0.973 0.997 
0.017 0.995 0.132 0.973 1.000 
0.012 0.996 0.159 0.965 1.000 
0.008 0.998 0.149 0.988 1.000 
0.014 0.997 0.168 0.973 1.000 
0.027 0.996 0.279 0.988 1.000 
0.020 0.996 0.262 0.988 1.000 
0.005 0.997 0.279 0.973 1.000 
0.010 0.998 0.212 0.988 1.000 
0.004 0.998 0.249 0.973 1.000 
0.012 0.996 0.347 0.953 1.000 
0.007 0.996 0.294 0.978 1.000 
0.014 0.998 0.153 0.988 1.000 
0.008 0.997 0.260 0.970 1.000 
0.014 0.994 0.174 0.988 1.000 
0.017 0.995 0.193 0.980 1.000 
0.006 0.997 0.179 0.985 1.000 
0.011 0.995 0.367 0.980 0.987 
0.011 0.997 0.232 0.973 1.000 
0.007 0.998 0.178 0.990 1.000 
0.027 0.995 0.149 0.985 1.000 
0.015 0.997 0.262 0.980 1.000 
0.021 0.996 0.182 0.978 1.000 
0.005 0.998 0.174 0.980 1.000 
0.012 0.996 0.140 0.988 1.000 
0.012 0.998 0.136 0.988 1.000 
0.011 0.997 0.155 0.980 1.000 
0.018 0.996 0.139 0.985 1.000 
0.007 0.998 0.110 0.988 1.000 
0.009 0.998 0.162 0.988 1.000 
0.011 0.996 0.108 0.985 1.000 
0.017 0.994 0.128 0.985 1.000 
0.008 0.998 0.177 0.978 1.000 
0.016 0.996 0.123 0.978 1.000 
0.006 0.998 0.163 0.970 1.000 
0.008 0.997 0.172 0.988 0.997 
0.014 0.994 0.152 0.988 0.974 
0.014 0.995 0.132 0.988 0.987 
0.015 0.996 0.218 0.965 1.000 
0.014 0.995 0.173 0.988 1.000 
0.011 0.995 0.173 0.968 1.000 
0.014 0.996 0.155 0.970 1.000 
0.013 0.996 0.198 0.988 0.993 
0.016 0.997 0.210 0.978 0.970 
0.010 0.997 0.242 0.978 0.993 
0.016 0.998 0.201 0.980 1.000 
0.009 0.997 0.201 0.970 1.000 
0.019 0.996 0.131 0.970 0.993 
0.008 0.997 0.144 0.978 0.993 
0.013 0.997 0.147 0.973 1.000 
0.010 0.997 0.296 0.980 0.990 
0.018 0.994 0.145 0.988 1.000 
0.009 0.997 0.156 0.978 1.000 
0.004 0.998 0.155 0.983 1.000 
0.028 0.994 0.125 0.985 1.000 
0.007 0.997 0.145 0.970 1.000 
0.013 0.997 0.137 0.988 1.000 
0.005 0.998 0.216 0.980 1.000 
0.014 0.996 0.232 0.978 1.000 
0.012 0.997 0.169 0.980 1.000 
0.010 0.997 0.180 0.988 1.000 
0.002 0.999 0.212 0.983 1.000 
0.014 0.996 0.220 0.970 1.000 
0.013 0.996 0.208 0.975 1.000 
0.016 0.996 0.149 0.988 1.000 
0.012 0.997 0.186 0.968 1.000 
0.007 0.998 0.237 0.978 1.000 
0.006 0.998 0.291 0.978 1.000 
0.020 0.993 0.194 0.970 1.000 
0.011 0.996 0.144 0.993 1.000 
0.013 0.996 0.205 0.983 1.000 
0.007 0.997 0.205 0.975 1.000 
0.009 0.996 0.229 0.980 1.000 
0.006 0.998 0.228 0.980 1.000 
0.013 0.997 0.187 0.978 1.000 
0.017 0.997 0.155 0.988 1.000 
0.018 0.996 0.256 0.993 0.997 
0.012 0.996 0.316 0.983 1.000 
0.031 0.993 0.245 0.970 1.000 
0.017 0.997 0.270 0.945 0.951 
0.006 0.998 0.251 0.968 1.000 
0.012 0.995 0.333 0.980 1.000 
0.006 0.998 0.272 0.980 1.000 
0.016 0.997 0.254 0.975 1.000 
0.013 0.997 0.273 0.978 1.000 
0.009 0.997 0.264 0.978 1.000 
0.015 0.996 0.265 0.978 1.000 
0.018 0.997 0.149 0.975 1.000 
0.016 0.995 0.203 0.980 1.000 
0.015 0.995 0.291 0.955 0.993 
0.032 0.993 0.161 0.983 0.997 
0.004 0.999 0.147 0.973 1.000 
0.019 0.993 0.121 0.978 1.000 
0.019 0.993 0.220 0.983 0.980 
0.009 0.998 0.148 0.990 1.000 
0.016 0.995 0.182 0.975 0.993 
0.008 0.998 0.179 0.983 0.997 
0.002 1.000 0.235 0.975 0.997 
0.028 0.996 0.177 0.988 1.000 
0.010 0.997 0.224 0.980 0.993 
0.012 0.996 0.219 0.988 1.000 
0.015 0.998 0.191 0.980 1.000 
0.006 0.999 0.222 0.978 1.000 
0.036 0.994 0.190 0.973 0.984 
0.011 0.996 0.164 0.990 1.000 
0.015 0.995 0.203 0.978 0.997 
0.011 0.996 0.171 0.980 0.987 
0.012 0.994 0.190 0.988 0.997 
0.014 0.995 0.194 0.973 0.997 
0.010 0.997 0.227 0.988 0.961 
0.010 0.997 0.187 0.975 0.990 
0.008 0.997 0.237 0.980 0.990 
0.014 0.997 0.269 0.978 0.993 
0.033 0.997 0.126 0.978 0.974 
0.005 0.999 0.153 0.980 0.997 
0.014 0.996 0.138 0.988 0.931 
0.011 0.997 0.137 0.973 1.000 
0.007 0.998 0.147 0.973 1.000 
0.011 0.996 0.158 0.988 0.984 
0.006 0.997 0.171 0.965 1.000 
0.009 0.997 0.174 0.988 0.997 
0.009 0.997 0.141 0.988 0.961 
0.011 0.996 0.161 0.975 0.984 
0.005 0.999 0.176 0.990 1.000 
0.008 0.998 0.138 0.988 1.000 
0.012 0.996 0.116 0.993 1.000 
0.011 0.997 0.125 0.985 1.000 
0.010 0.997 0.216 0.973 1.000 
0.013 0.996 0.139 0.980 1.000 
0.014 0.994 0.179 0.980 0.997 
0.006 0.998 0.260 0.978 0.997 
0.011 0.996 0.180 0.983 1.000 
0.012 0.995 0.185 0.983 1.000 
0.008 0.997 0.309 0.970 0.997 
0.011 0.998 0.170 0.975 1.000 
0.017 0.994 0.168 0.973 1.000 
0.011 0.996 0.218 0.988 0.997 
0.010 0.997 0.186 0.978 1.000 
0.008 0.996 0.262 0.988 1.000 
0.012 0.995 0.188 0.985 1.000 
0.014 0.994 0.412 0.990 0.875 
0.028 0.995 0.231 0.968 0.938 
0.010 0.996 0.196 0.980 0.997 
0.013 0.997 0.259 0.988 0.977 
0.009 0.997 0.286 0.953 0.984 
0.011 0.996 0.264 0.988 0.901 
0.007 0.997 0.406 0.988 0.987 
0.010 0.996 0.239 0.988 0.947 
0.008 0.997 0.285 0.950 0.990 
0.016 0.994 0.181 0.985 0.859 
0.004 0.999 0.193 0.985 0.938 
0.011 0.996 0.228 0.993 0.984 
0.007 0.997 0.210 0.950 1.000 
0.020 0.994 0.160 0.993 1.000 
0.008 0.998 0.157 0.990 0.997 
0.017 0.994 0.231 0.980 1.000 
0.010 0.998 0.238 0.978 0.990 
0.017 0.995 0.243 0.970 1.000 
0.017 0.995 0.331 0.988 0.944 
0.018 0.994 0.231 0.968 1.000 
0.010 0.998 0.225 0.980 1.000 
0.014 0.997 0.250 0.980 1.000 
0.009 0.996 0.222 0.973 0.997 
0.011 0.996 0.282 0.968 0.987 
0.008 0.998 0.270 0.988 1.000 
0.012 0.996 0.223 0.985 0.993 
0.012 0.996 0.295 0.943 1.000 
0.025 0.994 0.116 0.988 1.000 
0.010 0.997 0.194 0.988 1.000 
0.014 0.997 0.148 0.988 1.000 
0.007 0.998 0.170 0.990 1.000 
0.007 0.999 0.186 0.988 1.000 
0.008 0.998 0.217 0.990 1.000 
0.007 0.997 0.222 0.988 1.000 
0.013 0.996 0.237 0.980 1.000 
