0.327 0.874 0.153 0.938 0.966 
0.195 0.928 0.110 0.978 0.994 
0.163 0.944 0.144 0.943 0.935 
0.155 0.941 0.154 0.935 0.994 
0.161 0.944 0.116 0.960 0.832 
0.120 0.966 0.109 0.988 0.994 
0.124 0.959 0.114 0.948 0.994 
0.106 0.971 0.150 0.980 0.997 
0.105 0.965 0.122 0.948 0.972 
0.122 0.957 0.129 0.932 0.994 
0.107 0.965 0.107 0.975 0.997 
0.094 0.969 0.058 0.978 0.988 
0.089 0.970 0.059 0.985 1.000 
0.097 0.969 0.064 0.985 1.000 
0.079 0.974 0.059 0.988 1.000 
0.094 0.975 0.047 0.993 1.000 
0.085 0.967 0.100 0.965 0.997 
0.080 0.977 0.066 0.983 0.991 
0.076 0.978 0.046 0.990 1.000 
0.072 0.978 0.053 0.988 1.000 
0.078 0.979 0.051 0.985 0.988 
0.080 0.976 0.130 0.945 0.997 
0.070 0.977 0.088 0.985 0.972 
0.064 0.978 0.059 0.985 1.000 
0.075 0.977 0.134 0.940 0.975 
0.063 0.982 0.071 0.970 0.950 
0.078 0.972 0.102 0.953 0.991 
0.067 0.981 0.098 0.955 1.000 
0.070 0.973 0.071 0.985 0.994 
0.068 0.981 0.052 0.993 1.000 
0.087 0.974 0.059 0.988 0.988 
0.066 0.979 0.069 0.990 0.997 
0.070 0.980 0.064 0.990 1.000 
0.059 0.980 0.044 0.988 1.000 
0.059 0.983 0.059 0.978 1.000 
0.054 0.983 0.046 0.990 0.997 
0.053 0.988 0.069 0.975 0.739 
0.060 0.984 0.051 0.990 1.000 
0.072 0.975 0.071 0.973 1.000 
0.047 0.989 0.053 0.988 1.000 
0.048 0.986 0.041 0.993 1.000 
0.044 0.986 0.101 0.978 1.000 
0.063 0.981 0.087 0.965 0.789 
0.057 0.985 0.045 0.988 1.000 
0.058 0.982 0.068 0.978 1.000 
0.052 0.987 0.041 0.988 1.000 
0.041 0.990 0.078 0.983 0.960 
0.058 0.982 0.042 0.990 0.960 
0.056 0.983 0.046 0.993 1.000 
0.059 0.982 0.061 0.990 0.997 
0.050 0.985 0.040 0.993 0.929 
0.050 0.989 0.046 0.993 1.000 
0.057 0.983 0.066 0.990 0.879 
0.055 0.985 0.063 0.985 1.000 
0.057 0.986 0.038 0.993 0.925 
0.042 0.990 0.040 0.993 1.000 
0.048 0.987 0.041 0.993 1.000 
0.058 0.984 0.037 0.993 1.000 
0.045 0.989 0.044 0.993 1.000 
0.069 0.981 0.047 0.978 1.000 
0.054 0.983 0.060 0.975 1.000 
0.040 0.990 0.050 0.990 1.000 
0.059 0.987 0.060 0.975 1.000 
0.051 0.989 0.055 0.980 1.000 
0.054 0.986 0.038 0.993 0.997 
0.048 0.988 0.052 0.988 1.000 
0.061 0.983 0.046 0.990 1.000 
0.055 0.988 0.047 0.993 1.000 
0.063 0.985 0.059 0.985 1.000 
0.053 0.985 0.041 0.993 0.224 
0.040 0.990 0.045 0.988 1.000 
0.044 0.988 0.045 0.993 0.994 
0.037 0.990 0.069 0.973 0.469 
0.037 0.991 0.092 0.975 0.988 
0.053 0.983 0.066 0.983 1.000 
0.051 0.985 0.071 0.980 1.000 
0.045 0.988 0.062 0.973 1.000 
0.037 0.989 0.037 0.990 1.000 
0.047 0.986 0.058 0.985 1.000 
0.053 0.986 0.036 0.993 0.981 
0.038 0.991 0.048 0.993 0.935 
0.052 0.985 0.065 0.983 1.000 
0.039 0.990 0.049 0.990 0.994 
0.042 0.987 0.048 0.988 1.000 
0.047 0.986 0.057 0.980 0.494 
0.042 0.988 0.080 0.968 1.000 
0.036 0.989 0.049 0.988 1.000 
0.047 0.987 0.051 0.988 1.000 
0.056 0.985 0.050 0.978 0.975 
0.050 0.985 0.043 0.993 0.177 
0.037 0.993 0.038 0.993 1.000 
0.042 0.986 0.045 0.980 0.901 
0.040 0.989 0.037 0.993 1.000 
0.039 0.991 0.053 0.990 0.988 
0.049 0.985 0.080 0.970 0.981 
0.037 0.991 0.035 0.993 0.997 
0.042 0.988 0.037 0.990 1.000 
0.048 0.988 0.030 0.993 0.997 
0.050 0.989 0.047 0.988 1.000 
0.037 0.991 0.043 0.980 0.674 
0.036 0.989 0.045 0.990 1.000 
0.031 0.992 0.033 0.990 1.000 
0.033 0.991 0.031 0.990 1.000 
0.041 0.990 0.025 0.993 1.000 
0.026 0.994 0.036 0.990 1.000 
0.032 0.992 0.041 0.990 1.000 
0.033 0.992 0.036 0.990 1.000 
0.042 0.988 0.044 0.990 0.969 
0.045 0.986 0.055 0.973 1.000 
0.041 0.991 0.045 0.990 0.991 
0.035 0.992 0.065 0.973 1.000 
0.041 0.988 0.074 0.968 0.941 
0.042 0.990 0.027 0.993 1.000 
0.038 0.989 0.060 0.973 1.000 
0.034 0.993 0.049 0.988 1.000 
0.050 0.986 0.063 0.968 1.000 
0.038 0.990 0.038 0.980 0.606 
0.045 0.986 0.049 0.990 1.000 
0.041 0.988 0.050 0.973 1.000 
0.037 0.990 0.085 0.965 0.994 
0.039 0.991 0.077 0.968 1.000 
0.032 0.992 0.044 0.988 1.000 
0.040 0.989 0.069 0.978 1.000 
0.036 0.986 0.062 0.973 1.000 
0.033 0.991 0.063 0.973 0.901 
0.035 0.991 0.055 0.983 0.994 
0.041 0.990 0.046 0.983 1.000 
0.029 0.991 0.084 0.960 1.000 
0.047 0.989 0.058 0.988 1.000 
0.028 0.992 0.055 0.988 1.000 
0.036 0.990 0.071 0.965 1.000 
0.028 0.992 0.056 0.970 1.000 
0.035 0.990 0.099 0.963 1.000 
0.030 0.991 0.072 0.968 1.000 
0.035 0.990 0.050 0.985 1.000 
0.030 0.991 0.014 0.998 1.000 
0.035 0.992 0.034 0.990 1.000 
0.035 0.991 0.043 0.990 0.994 
0.038 0.989 0.099 0.963 1.000 
0.025 0.993 0.041 0.988 0.652 
0.031 0.990 0.036 0.993 1.000 
0.037 0.989 0.056 0.975 1.000 
0.041 0.988 0.051 0.980 0.997 
0.034 0.992 0.052 0.978 0.991 
0.037 0.989 0.056 0.973 0.972 
0.036 0.990 0.023 0.993 1.000 
0.038 0.991 0.032 0.993 1.000 
0.034 0.989 0.042 0.993 1.000 
0.030 0.992 0.075 0.970 1.000 
0.031 0.993 0.047 0.978 0.714 
0.032 0.990 0.023 0.993 0.997 
0.046 0.989 0.031 0.993 0.925 
0.033 0.990 0.030 0.993 1.000 
0.035 0.990 0.032 0.993 0.935 
0.032 0.991 0.041 0.990 1.000 
0.035 0.991 0.040 0.993 1.000 
0.033 0.992 0.032 0.993 1.000 
0.029 0.993 0.058 0.975 0.910 
0.033 0.990 0.051 0.973 1.000 
0.033 0.990 0.058 0.983 1.000 
0.027 0.994 0.051 0.985 1.000 
0.041 0.988 0.040 0.993 1.000 
0.036 0.991 0.041 0.990 0.991 
0.046 0.988 0.031 0.995 1.000 
0.037 0.992 0.061 0.973 1.000 
0.035 0.992 0.068 0.973 1.000 
0.039 0.988 0.056 0.973 0.978 
0.042 0.987 0.079 0.960 1.000 
0.037 0.990 0.028 0.993 1.000 
0.032 0.991 0.078 0.970 1.000 
0.039 0.989 0.045 0.990 0.994 
0.031 0.991 0.069 0.968 1.000 
0.029 0.993 0.044 0.993 1.000 
0.037 0.989 0.046 0.993 1.000 
0.038 0.989 0.050 0.978 0.997 
0.031 0.991 0.046 0.993 0.997 
0.030 0.992 0.050 0.978 1.000 
0.028 0.991 0.032 0.993 1.000 
0.033 0.990 0.071 0.973 1.000 
0.034 0.991 0.033 0.993 1.000 
0.033 0.994 0.041 0.993 0.994 
0.037 0.989 0.099 0.955 1.000 
0.035 0.990 0.064 0.973 0.997 
0.024 0.996 0.091 0.968 1.000 
0.039 0.994 0.039 0.993 1.000 
0.017 0.994 0.047 0.990 1.000 
0.030 0.992 0.067 0.973 1.000 
0.031 0.991 0.032 0.993 1.000 
0.042 0.990 0.047 0.993 0.894 
0.027 0.993 0.039 0.993 0.994 
0.034 0.989 0.060 0.978 0.947 
0.038 0.991 0.063 0.973 0.953 
0.035 0.988 0.037 0.980 1.000 
0.036 0.990 0.036 0.980 0.997 
0.024 0.994 0.053 0.980 0.953 
0.026 0.993 0.037 0.993 0.963 
0.037 0.990 0.077 0.975 0.705 
0.033 0.990 0.040 0.980 0.988 
0.025 0.994 0.054 0.980 0.894 
0.038 0.989 0.041 0.993 1.000 
0.036 0.989 0.066 0.978 0.950 
0.054 0.987 0.057 0.975 0.910 
0.030 0.990 0.065 0.975 0.736 
0.029 0.991 0.055 0.973 0.947 
0.027 0.993 0.022 0.993 0.997 
0.040 0.989 0.042 0.975 0.960 
0.023 0.994 0.052 0.978 0.037 
0.025 0.991 0.032 0.990 1.000 
0.037 0.992 0.049 0.975 1.000 
0.037 0.991 0.038 0.993 0.994 
0.037 0.991 0.044 0.993 0.978 
0.028 0.991 0.050 0.973 0.739 
0.026 0.992 0.057 0.988 0.978 
0.035 0.990 0.059 0.988 1.000 
0.029 0.993 0.043 0.978 0.975 
0.041 0.986 0.034 0.990 1.000 
0.030 0.991 0.044 0.975 0.922 
0.023 0.993 0.036 0.990 1.000 
0.035 0.991 0.054 0.975 0.904 
0.034 0.990 0.056 0.975 1.000 
0.026 0.991 0.057 0.975 0.994 
0.031 0.991 0.041 0.990 0.947 
0.040 0.990 0.040 0.978 0.745 
0.032 0.990 0.058 0.970 0.761 
0.024 0.995 0.069 0.968 1.000 
0.027 0.993 0.045 0.990 1.000 
0.030 0.993 0.073 0.970 0.863 
0.025 0.993 0.063 0.973 1.000 
0.032 0.990 0.036 0.990 0.994 
0.027 0.993 0.047 0.988 1.000 
0.024 0.993 0.029 0.993 1.000 
0.023 0.994 0.029 0.993 0.997 
0.034 0.991 0.027 0.993 1.000 
0.041 0.992 0.065 0.973 0.969 
0.037 0.988 0.039 0.990 1.000 
0.021 0.994 0.051 0.975 1.000 
0.027 0.993 0.043 0.988 1.000 
0.027 0.994 0.047 0.975 0.950 
0.026 0.991 0.017 0.995 1.000 
0.051 0.990 0.043 0.993 1.000 
0.029 0.992 0.036 0.990 1.000 
0.030 0.990 0.042 0.993 1.000 
0.018 0.995 0.039 0.990 1.000 
0.029 0.993 0.029 0.993 1.000 
0.027 0.992 0.033 0.993 1.000 
0.036 0.991 0.060 0.973 0.991 
0.021 0.993 0.047 0.988 1.000 
0.025 0.991 0.033 0.990 1.000 
0.028 0.993 0.045 0.978 0.919 
0.034 0.990 0.045 0.993 0.807 
0.029 0.994 0.053 0.993 0.845 
0.028 0.994 0.036 0.993 1.000 
0.021 0.994 0.050 0.978 0.932 
0.031 0.991 0.044 0.988 0.997 
0.025 0.991 0.024 0.993 1.000 
0.044 0.992 0.044 0.993 0.950 
0.021 0.995 0.038 0.998 1.000 
0.029 0.992 0.039 0.993 0.997 
0.027 0.993 0.034 0.990 1.000 
0.030 0.993 0.045 0.980 1.000 
0.026 0.993 0.052 0.978 0.994 
0.024 0.993 0.070 0.973 0.991 
0.018 0.994 0.083 0.968 0.941 
0.028 0.990 0.047 0.988 0.981 
0.025 0.993 0.031 0.993 0.888 
0.034 0.993 0.033 0.993 0.960 
0.035 0.990 0.043 0.988 0.988 
0.027 0.995 0.046 0.993 0.988 
0.031 0.992 0.035 0.993 0.988 
0.027 0.994 0.041 0.988 0.997 
0.024 0.993 0.041 0.993 0.994 
0.026 0.993 0.032 0.993 0.991 
0.021 0.993 0.071 0.973 0.888 
0.024 0.991 0.042 0.985 0.997 
0.047 0.989 0.034 0.993 1.000 
0.027 0.994 0.034 0.988 1.000 
0.018 0.993 0.035 0.993 0.997 
0.031 0.990 0.018 0.998 1.000 
0.032 0.991 0.038 0.990 0.988 
0.028 0.993 0.032 0.993 1.000 
0.023 0.993 0.019 0.998 1.000 
0.028 0.992 0.107 0.958 0.823 
0.028 0.993 0.102 0.970 0.078 
0.024 0.993 0.030 0.993 0.963 
0.030 0.990 0.041 0.990 1.000 
0.021 0.995 0.047 0.985 1.000 
0.027 0.994 0.124 0.970 0.565 
0.029 0.994 0.076 0.970 1.000 
0.024 0.993 0.053 0.978 1.000 
0.022 0.993 0.072 0.970 0.988 
0.028 0.993 0.033 0.993 1.000 
0.028 0.991 0.037 0.990 0.994 
0.042 0.990 0.044 0.990 1.000 
0.024 0.995 0.024 0.993 0.997 
0.025 0.992 0.026 0.993 0.997 
0.026 0.994 0.040 0.993 0.988 
0.022 0.993 0.052 0.985 1.000 
0.030 0.992 0.039 0.993 1.000 
0.036 0.991 0.048 0.985 0.925 
0.027 0.992 0.030 0.993 1.000 
0.026 0.994 0.065 0.973 0.323 
0.035 0.991 0.061 0.985 0.984 
0.025 0.993 0.032 0.993 0.994 
0.020 0.996 0.026 0.993 0.997 
0.028 0.991 0.025 0.993 1.000 
0.016 0.996 0.029 0.990 1.000 
0.018 0.996 0.027 0.993 1.000 
0.027 0.993 0.042 0.993 0.975 
0.030 0.992 0.038 0.993 0.975 
0.035 0.993 0.044 0.993 1.000 
0.029 0.991 0.107 0.960 0.193 
0.037 0.989 0.030 0.993 0.842 
0.020 0.996 0.040 0.980 0.935 
0.028 0.992 0.042 0.993 0.947 
0.029 0.991 0.036 0.990 1.000 
0.025 0.995 0.057 0.970 0.988 
0.022 0.993 0.020 0.995 0.994 
0.031 0.989 0.039 0.990 0.997 
0.019 0.994 0.017 0.993 1.000 
0.021 0.993 0.039 0.993 0.894 
0.021 0.994 0.030 0.993 0.994 
0.019 0.995 0.046 0.978 0.929 
0.017 0.995 0.040 0.990 0.963 
0.027 0.993 0.028 0.990 0.997 
0.025 0.994 0.041 0.993 0.174 
0.021 0.995 0.037 0.990 0.988 
0.029 0.990 0.049 0.990 0.944 
0.020 0.993 0.030 0.990 0.984 
0.026 0.994 0.026 0.993 1.000 
0.029 0.991 0.065 0.973 0.957 
0.024 0.994 0.029 0.993 1.000 
0.031 0.993 0.064 0.973 0.745 
0.030 0.991 0.042 0.990 0.755 
0.027 0.992 0.043 0.988 1.000 
0.027 0.992 0.061 0.970 0.907 
0.026 0.991 0.041 0.990 0.149 
0.023 0.993 0.026 0.993 0.997 
0.028 0.992 0.089 0.958 0.981 
0.027 0.993 0.065 0.970 0.966 
0.020 0.991 0.034 0.990 0.997 
0.018 0.994 0.045 0.993 0.997 
0.026 0.994 0.068 0.968 0.991 
0.019 0.995 0.054 0.973 0.991 
0.026 0.991 0.060 0.980 0.984 
0.026 0.993 0.027 0.993 0.863 
0.025 0.993 0.043 0.988 0.870 
0.051 0.992 0.029 0.990 0.994 
0.030 0.992 0.072 0.978 0.972 
0.039 0.993 0.040 0.993 1.000 
0.036 0.992 0.119 0.950 0.994 
0.025 0.991 0.038 0.990 1.000 
0.021 0.994 0.037 0.993 1.000 
0.020 0.993 0.029 0.993 0.991 
0.032 0.990 0.027 0.993 0.991 
0.016 0.995 0.057 0.978 0.416 
0.024 0.993 0.042 0.993 0.323 
0.029 0.990 0.029 0.993 1.000 
0.042 0.991 0.032 0.993 0.984 
0.021 0.996 0.033 0.993 0.969 
0.035 0.993 0.031 0.993 0.991 
0.022 0.994 0.028 0.993 0.991 
0.022 0.993 0.040 0.988 1.000 
0.027 0.991 0.048 0.978 0.994 
0.028 0.989 0.035 0.990 0.984 
0.016 0.995 0.056 0.978 0.994 
0.025 0.995 0.076 0.988 0.848 
0.032 0.993 0.024 0.993 1.000 
0.033 0.991 0.039 0.988 0.997 
0.025 0.994 0.064 0.970 0.994 
0.021 0.993 0.047 0.988 0.876 
0.030 0.991 0.058 0.970 0.997 
0.025 0.993 0.033 0.990 0.997 
0.019 0.994 0.030 0.993 1.000 
0.030 0.995 0.025 0.995 1.000 
0.019 0.993 0.020 0.993 1.000 
0.041 0.988 0.095 0.965 0.997 
0.018 0.994 0.129 0.970 1.000 
0.048 0.989 0.081 0.968 1.000 
0.025 0.993 0.043 0.978 1.000 
0.018 0.995 0.029 0.993 1.000 
0.018 0.994 0.053 0.988 0.994 
0.031 0.995 0.028 0.993 1.000 
0.031 0.993 0.066 0.980 0.997 
0.029 0.991 0.066 0.970 0.997 
0.023 0.995 0.048 0.988 0.984 
0.019 0.993 0.027 0.993 1.000 
0.020 0.993 0.045 0.988 0.994 
0.021 0.994 0.032 0.993 1.000 
0.019 0.995 0.069 0.965 0.972 
0.025 0.992 0.037 0.993 1.000 
0.025 0.993 0.076 0.973 0.311 
0.022 0.991 0.039 0.990 0.984 
0.025 0.993 0.027 0.995 0.919 
0.028 0.992 0.057 0.973 1.000 
0.016 0.994 0.032 0.993 0.997 
0.052 0.991 0.043 0.993 0.876 
0.027 0.991 0.037 0.993 0.994 
0.024 0.994 0.054 0.973 1.000 
0.022 0.995 0.051 0.990 0.969 
0.025 0.992 0.035 0.993 1.000 
0.027 0.990 0.049 0.993 0.981 
0.041 0.987 0.085 0.970 0.984 
0.034 0.991 0.118 0.950 0.988 
0.021 0.993 0.072 0.973 0.764 
0.014 0.994 0.031 0.993 1.000 
0.020 0.995 0.032 0.993 1.000 
0.027 0.992 0.081 0.963 1.000 
0.030 0.993 0.081 0.968 0.997 
0.019 0.995 0.066 0.980 0.997 
0.018 0.993 0.072 0.968 1.000 
0.018 0.995 0.064 0.970 0.997 
0.025 0.991 0.032 0.993 1.000 
0.038 0.990 0.041 0.993 1.000 
0.021 0.994 0.026 0.993 1.000 
0.030 0.991 0.074 0.965 0.984 
0.033 0.992 0.037 0.993 1.000 
0.023 0.994 0.034 0.993 0.994 
0.015 0.995 0.029 0.993 1.000 
0.017 0.995 0.025 0.993 1.000 
0.027 0.991 0.099 0.963 1.000 
0.062 0.988 0.033 0.993 1.000 
0.023 0.993 0.045 0.973 1.000 
0.019 0.992 0.017 0.993 1.000 
0.027 0.992 0.034 0.993 0.984 
0.016 0.994 0.053 0.970 0.994 
0.019 0.994 0.040 0.988 1.000 
0.027 0.994 0.037 0.993 0.994 
0.024 0.997 0.029 0.993 1.000 
0.023 0.992 0.038 0.988 0.994 
0.020 0.995 0.032 0.993 0.997 
0.023 0.993 0.031 0.993 0.981 
0.023 0.994 0.032 0.993 0.994 
0.021 0.995 0.028 0.993 1.000 
0.021 0.995 0.030 0.993 1.000 
0.030 0.991 0.025 0.993 1.000 
0.021 0.993 0.036 0.993 1.000 
0.019 0.994 0.026 0.993 1.000 
0.023 0.994 0.058 0.983 0.994 
0.011 0.995 0.088 0.980 0.978 
0.025 0.991 0.033 0.993 1.000 
0.030 0.993 0.032 0.993 1.000 
0.021 0.993 0.029 0.993 1.000 
0.035 0.991 0.039 0.990 1.000 
0.020 0.995 0.033 0.993 0.994 
0.026 0.990 0.053 0.988 1.000 
0.014 0.995 0.045 0.990 0.997 
0.021 0.994 0.033 0.988 0.997 
0.020 0.995 0.047 0.985 1.000 
0.020 0.994 0.030 0.993 1.000 
0.027 0.995 0.048 0.990 1.000 
0.018 0.997 0.046 0.988 1.000 
0.023 0.993 0.081 0.970 0.994 
0.015 0.997 0.049 0.990 0.997 
0.024 0.995 0.021 0.993 0.997 
0.020 0.994 0.051 0.985 0.994 
0.021 0.994 0.044 0.990 0.988 
0.022 0.993 0.057 0.988 0.693 
0.024 0.992 0.037 0.990 1.000 
0.025 0.990 0.029 0.993 0.963 
0.021 0.995 0.045 0.988 0.994 
0.032 0.993 0.034 0.993 0.991 
0.024 0.993 0.046 0.990 0.981 
0.012 0.996 0.048 0.993 0.984 
0.016 0.994 0.052 0.988 0.991 
0.015 0.997 0.028 0.993 0.978 
0.018 0.995 0.031 0.993 1.000 
0.024 0.991 0.047 0.985 0.991 
0.022 0.993 0.075 0.978 0.876 
0.047 0.993 0.031 0.993 0.938 
0.027 0.993 0.025 0.993 1.000 
0.020 0.995 0.041 0.988 0.994 
0.042 0.991 0.081 0.963 0.947 
0.014 0.998 0.057 0.973 0.988 
0.023 0.995 0.044 0.990 0.910 
0.028 0.993 0.053 0.990 0.975 
0.026 0.995 0.032 0.993 1.000 
0.028 0.994 0.031 0.993 1.000 
0.027 0.993 0.167 0.930 0.975 
0.022 0.992 0.038 0.990 0.997 
0.041 0.994 0.040 0.993 0.972 
0.022 0.993 0.049 0.985 0.994 
0.014 0.995 0.031 0.993 1.000 
0.034 0.989 0.068 0.968 0.264 
0.025 0.990 0.025 0.993 1.000 
0.031 0.990 0.063 0.968 0.997 
0.023 0.993 0.064 0.975 0.988 
0.022 0.995 0.054 0.988 0.994 
0.022 0.995 0.033 0.993 0.991 
0.022 0.994 0.060 0.985 0.991 
0.023 0.990 0.051 0.990 0.966 
0.017 0.996 0.096 0.963 1.000 
0.020 0.994 0.063 0.973 0.988 
0.027 0.993 0.135 0.968 0.994 
0.025 0.993 0.041 0.993 0.994 
0.017 0.997 0.040 0.993 0.988 
0.029 0.993 0.075 0.978 0.994 
0.021 0.992 0.071 0.973 0.991 
0.016 0.995 0.050 0.980 0.994 
0.027 0.992 0.041 0.993 1.000 
0.023 0.993 0.044 0.990 1.000 
0.024 0.993 0.050 0.978 0.991 
0.016 0.995 0.037 0.993 0.991 
0.026 0.993 0.066 0.975 0.935 
0.022 0.995 0.041 0.993 0.994 
0.024 0.994 0.024 0.993 0.997 
0.017 0.994 0.045 0.980 0.997 
0.025 0.993 0.027 0.993 0.994 
0.017 0.993 0.025 0.993 0.991 
0.019 0.995 0.055 0.990 0.963 
0.024 0.993 0.031 0.993 0.941 
0.024 0.993 0.068 0.978 0.994 
0.020 0.995 0.063 0.980 0.910 
0.019 0.995 0.034 0.990 1.000 
0.027 0.993 0.078 0.960 1.000 
0.021 0.994 0.031 0.993 0.997 
0.018 0.995 0.029 0.993 1.000 
0.022 0.994 0.054 0.978 0.997 
0.036 0.990 0.042 0.990 0.978 
0.025 0.991 0.025 0.990 1.000 
0.017 0.996 0.042 0.988 1.000 
0.035 0.991 0.034 0.990 0.994 
0.017 0.995 0.033 0.993 1.000 
0.036 0.992 0.052 0.988 0.978 
0.020 0.994 0.098 0.988 0.798 
0.044 0.990 0.158 0.945 0.960 
0.018 0.995 0.031 0.993 0.997 
0.028 0.994 0.036 0.985 0.997 
0.023 0.991 0.046 0.983 0.984 
0.022 0.994 0.043 0.990 0.991 
0.031 0.990 0.026 0.993 0.975 
0.020 0.996 0.118 0.950 0.966 
0.022 0.994 0.073 0.965 0.957 
0.020 0.993 0.090 0.963 0.823 
0.023 0.996 0.040 0.990 0.988 
0.026 0.993 0.079 0.983 0.994 
0.024 0.994 0.043 0.993 0.981 
0.020 0.997 0.036 0.993 0.994 
0.021 0.995 0.042 0.990 0.994 
0.024 0.994 0.028 0.990 0.947 
0.029 0.993 0.059 0.990 0.385 
0.032 0.991 0.044 0.990 0.975 
0.017 0.996 0.023 0.993 0.994 
0.028 0.992 0.049 0.985 0.991 
0.020 0.993 0.033 0.993 0.932 
0.025 0.994 0.061 0.965 0.994 
0.015 0.997 0.018 0.993 0.988 
0.037 0.990 0.097 0.958 0.994 
0.018 0.993 0.041 0.990 1.000 
0.025 0.993 0.053 0.988 0.932 
0.022 0.994 0.025 0.993 0.975 
0.032 0.989 0.042 0.988 0.975 
0.013 0.994 0.026 0.993 0.981 
0.054 0.994 0.043 0.985 0.991 
0.021 0.994 0.042 0.990 0.457 
0.018 0.994 0.028 0.993 1.000 
0.026 0.992 0.067 0.973 1.000 
0.011 0.997 0.033 0.993 0.997 
0.020 0.994 0.032 0.993 0.997 
0.020 0.993 0.037 0.990 0.988 
0.020 0.994 0.019 0.995 1.000 
0.025 0.994 0.042 0.990 0.997 
0.026 0.993 0.046 0.990 0.991 
0.021 0.995 0.050 0.985 1.000 
0.020 0.994 0.058 0.985 1.000 
0.023 0.992 0.044 0.990 0.991 
0.020 0.994 0.026 0.993 0.991 
0.045 0.987 0.079 0.968 0.997 
0.017 0.994 0.016 0.995 1.000 
0.010 0.997 0.029 0.990 1.000 
0.024 0.994 0.026 0.993 0.994 
0.021 0.994 0.036 0.990 0.975 
0.039 0.993 0.023 0.993 0.997 
0.033 0.993 0.037 0.990 0.960 
0.022 0.993 0.027 0.993 0.991 
0.019 0.996 0.042 0.985 0.994 
0.020 0.995 0.100 0.983 0.966 
0.032 0.992 0.061 0.983 0.978 
0.020 0.995 0.091 0.985 0.988 
0.018 0.995 0.033 0.993 0.994 
0.021 0.993 0.053 0.990 0.988 
0.029 0.990 0.051 0.990 0.984 
0.020 0.993 0.089 0.965 0.978 
0.031 0.991 0.034 0.993 0.997 
0.013 0.995 0.028 0.993 0.994 
0.036 0.990 0.042 0.990 0.975 
0.029 0.991 0.070 0.983 0.988 
0.018 0.991 0.116 0.975 0.981 
0.019 0.993 0.156 0.970 0.938 
0.017 0.996 0.095 0.988 0.922 
0.031 0.994 0.127 0.950 0.963 
0.027 0.994 0.037 0.990 0.978 
0.015 0.995 0.056 0.988 0.978 
0.024 0.993 0.073 0.988 0.991 
0.024 0.992 0.031 0.990 0.686 
0.016 0.993 0.037 0.988 0.988 
0.019 0.994 0.026 0.993 0.975 
0.030 0.991 0.036 0.990 0.984 
0.023 0.994 0.052 0.990 0.947 
0.022 0.994 0.034 0.990 0.891 
0.017 0.997 0.058 0.990 0.957 
0.023 0.997 0.037 0.993 0.969 
0.017 0.995 0.032 0.993 0.991 
0.027 0.993 0.022 0.998 1.000 
0.037 0.993 0.067 0.980 0.857 
0.022 0.995 0.044 0.985 0.969 
0.015 0.995 0.037 0.988 0.988 
0.046 0.988 0.059 0.980 0.947 
0.013 0.995 0.041 0.990 0.991 
0.036 0.989 0.032 0.993 0.957 
0.029 0.993 0.086 0.960 0.997 
0.011 0.998 0.037 0.990 0.994 
0.019 0.994 0.037 0.990 0.997 
0.033 0.991 0.047 0.988 0.991 
0.019 0.995 0.065 0.973 0.845 
0.020 0.993 0.036 0.990 0.947 
0.020 0.994 0.087 0.990 0.863 
0.037 0.994 0.046 0.988 0.978 
0.015 0.994 0.033 0.993 0.997 
0.019 0.994 0.038 0.993 0.975 
0.017 0.996 0.028 0.993 0.994 
0.030 0.991 0.058 0.980 0.997 
0.013 0.997 0.026 0.993 1.000 
0.033 0.990 0.032 0.990 0.994 
0.018 0.995 0.027 0.993 0.997 
0.013 0.994 0.040 0.990 0.988 
0.012 0.997 0.026 0.993 0.984 
0.024 0.993 0.050 0.978 0.957 
0.031 0.991 0.074 0.973 0.981 
0.016 0.995 0.021 0.998 1.000 
0.021 0.994 0.027 0.993 1.000 
0.015 0.996 0.026 0.993 0.991 
0.020 0.994 0.025 0.993 0.950 
0.019 0.993 0.028 0.990 0.997 
0.029 0.993 0.029 0.993 0.978 
0.021 0.991 0.231 0.978 0.947 
0.027 0.994 0.039 0.988 1.000 
0.019 0.993 0.055 0.985 0.997 
0.013 0.995 0.042 0.988 0.997 
0.024 0.993 0.037 0.993 0.469 
0.018 0.995 0.034 0.988 0.994 
0.015 0.995 0.030 0.993 0.630 
0.024 0.994 0.024 0.993 0.553 
0.016 0.995 0.022 0.993 1.000 
0.012 0.995 0.141 0.965 1.000 
0.031 0.995 0.097 0.968 0.994 
0.052 0.989 0.042 0.988 0.994 
0.019 0.994 0.024 0.993 0.997 
0.014 0.996 0.048 0.990 0.804 
0.009 0.998 0.046 0.993 0.991 
0.015 0.995 0.034 0.993 1.000 
0.020 0.993 0.025 0.993 1.000 
0.017 0.995 0.025 0.993 1.000 
0.028 0.992 0.025 0.993 0.988 
0.015 0.995 0.039 0.990 1.000 
0.015 0.995 0.025 0.993 0.997 
0.017 0.996 0.026 0.993 0.994 
0.024 0.994 0.042 0.990 0.997 
0.031 0.991 0.040 0.993 1.000 
0.019 0.997 0.032 0.993 0.997 
0.026 0.991 0.029 0.993 0.991 
0.025 0.995 0.080 0.965 0.922 
0.023 0.994 0.037 0.993 0.988 
0.017 0.996 0.023 0.993 1.000 
0.021 0.993 0.034 0.993 0.997 
0.038 0.991 0.046 0.990 0.885 
0.026 0.994 0.054 0.990 0.997 
0.029 0.993 0.037 0.988 0.994 
0.012 0.996 0.020 0.993 0.997 
0.013 0.996 0.021 0.993 0.994 
0.018 0.993 0.024 0.993 1.000 
0.026 0.993 0.038 0.988 0.991 
0.010 0.997 0.126 0.988 0.994 
0.018 0.995 0.082 0.985 0.997 
0.027 0.991 0.036 0.988 0.997 
0.020 0.993 0.061 0.985 0.696 
0.021 0.995 0.031 0.993 0.941 
0.017 0.996 0.037 0.993 0.991 
0.012 0.997 0.038 0.993 0.860 
0.023 0.995 0.050 0.988 0.972 
0.014 0.996 0.027 0.993 0.984 
0.013 0.997 0.046 0.988 0.991 
0.024 0.991 0.023 0.995 1.000 
0.024 0.995 0.061 0.983 0.997 
0.027 0.994 0.020 0.995 1.000 
0.021 0.993 0.044 0.988 0.994 
0.020 0.994 0.027 0.993 0.994 
0.019 0.994 0.037 0.993 0.991 
0.019 0.993 0.049 0.990 0.966 
0.017 0.995 0.046 0.993 0.997 
0.026 0.993 0.049 0.990 0.975 
0.016 0.994 0.046 0.990 1.000 
0.042 0.989 0.030 0.993 0.997 
0.018 0.995 0.036 0.993 1.000 
0.017 0.995 0.031 0.993 1.000 
0.020 0.995 0.057 0.990 0.972 
0.017 0.997 0.036 0.993 0.994 
0.020 0.995 0.062 0.993 1.000 
0.038 0.992 0.020 0.993 0.997 
0.019 0.993 0.035 0.990 0.994 
0.028 0.993 0.040 0.993 0.994 
0.030 0.991 0.049 0.985 0.925 
0.018 0.996 0.044 0.993 0.991 
0.030 0.994 0.022 0.993 1.000 
0.030 0.993 0.033 0.990 0.994 
0.022 0.994 0.042 0.985 0.997 
0.026 0.991 0.071 0.965 0.994 
0.019 0.994 0.038 0.988 0.994 
0.020 0.994 0.067 0.965 0.978 
0.018 0.994 0.031 0.990 0.994 
0.019 0.993 0.052 0.988 0.994 
0.022 0.992 0.125 0.978 0.991 
0.023 0.994 0.035 0.993 1.000 
0.018 0.994 0.044 0.990 0.997 
0.023 0.995 0.073 0.980 0.991 
0.014 0.996 0.070 0.988 0.994 
0.018 0.997 0.017 0.995 0.997 
0.026 0.994 0.019 0.993 0.997 
0.014 0.996 0.018 0.993 0.997 
0.011 0.997 0.024 0.993 0.997 
0.040 0.990 0.049 0.983 0.960 
0.014 0.998 0.045 0.988 1.000 
0.022 0.992 0.064 0.980 0.994 
0.018 0.993 0.043 0.993 1.000 
0.026 0.991 0.032 0.993 0.994 
0.014 0.996 0.031 0.993 1.000 
0.027 0.993 0.056 0.983 0.984 
0.016 0.992 0.072 0.988 0.997 
0.019 0.995 0.032 0.990 0.997 
0.013 0.996 0.056 0.985 0.904 
0.023 0.992 0.041 0.988 0.997 
0.022 0.990 0.051 0.980 0.994 
0.024 0.995 0.027 0.993 0.994 
0.023 0.991 0.039 0.988 0.997 
0.005 0.999 0.037 0.990 0.997 
0.019 0.995 0.036 0.993 0.997 
0.020 0.994 0.042 0.990 0.994 
0.014 0.997 0.045 0.990 0.997 
0.015 0.994 0.033 0.993 0.997 
0.029 0.993 0.033 0.990 0.994 
0.027 0.993 0.065 0.983 0.994 
0.033 0.990 0.104 0.953 0.960 
0.006 0.998 0.074 0.988 0.994 
0.021 0.993 0.307 0.975 0.963 
0.031 0.992 0.038 0.990 0.994 
0.019 0.994 0.081 0.988 0.984 
0.019 0.994 0.046 0.990 1.000 
0.016 0.998 0.027 0.993 1.000 
0.019 0.994 0.030 0.993 1.000 
0.016 0.994 0.045 0.990 0.994 
0.019 0.994 0.040 0.985 1.000 
0.016 0.995 0.049 0.988 0.997 
0.016 0.996 0.125 0.983 1.000 
0.022 0.995 0.106 0.983 0.792 
0.015 0.995 0.034 0.988 0.988 
0.010 0.995 0.037 0.993 0.994 
0.016 0.997 0.019 0.995 1.000 
0.022 0.994 0.027 0.990 1.000 
0.024 0.993 0.060 0.983 0.994 
0.017 0.995 0.026 0.993 1.000 
0.018 0.995 0.030 0.993 1.000 
0.018 0.997 0.050 0.985 1.000 
0.017 0.995 0.042 0.988 0.994 
0.017 0.994 0.031 0.988 1.000 
0.016 0.995 0.025 0.993 1.000 
0.016 0.995 0.041 0.988 1.000 
0.013 0.996 0.039 0.988 0.991 
0.018 0.994 0.018 0.998 1.000 
0.039 0.990 0.031 0.988 1.000 
0.017 0.993 0.023 0.993 1.000 
0.023 0.994 0.043 0.985 0.984 
0.012 0.996 0.041 0.985 0.997 
0.022 0.994 0.033 0.988 0.991 
0.019 0.993 0.043 0.990 0.991 
0.012 0.997 0.044 0.988 0.969 
0.025 0.997 0.041 0.985 1.000 
0.015 0.994 0.057 0.983 0.991 
0.020 0.995 0.023 0.995 0.898 
0.012 0.996 0.113 0.970 0.857 
0.012 0.996 0.052 0.988 1.000 
0.024 0.994 0.040 0.990 0.988 
0.010 0.998 0.031 0.990 1.000 
0.051 0.988 0.045 0.988 0.950 
0.017 0.996 0.041 0.988 0.245 
0.017 0.993 0.024 0.993 0.978 
0.022 0.993 0.027 0.993 0.984 
0.016 0.995 0.038 0.990 0.981 
0.012 0.995 0.016 0.993 0.972 
0.027 0.992 0.027 0.995 0.991 
0.019 0.993 0.020 0.993 0.997 
0.017 0.995 0.044 0.985 0.994 
0.024 0.994 0.021 0.998 1.000 
0.019 0.993 0.038 0.988 0.994 
0.015 0.995 0.022 0.993 1.000 
0.008 0.997 0.014 0.995 1.000 
0.018 0.997 0.020 0.993 1.000 
0.017 0.995 0.027 0.993 0.932 
0.025 0.994 0.017 0.995 0.994 
0.027 0.995 0.019 0.995 1.000 
0.028 0.991 0.032 0.988 0.975 
0.024 0.991 0.022 0.993 1.000 
0.018 0.995 0.022 0.993 0.997 
0.024 0.994 0.073 0.983 0.997 
0.016 0.995 0.043 0.990 0.997 
0.065 0.992 0.238 0.960 0.966 
0.019 0.995 0.062 0.990 0.997 
0.022 0.995 0.034 0.993 0.994 
0.015 0.994 0.025 0.993 1.000 
0.059 0.991 0.060 0.985 0.997 
0.010 0.997 0.085 0.980 0.997 
0.019 0.992 0.032 0.990 0.997 
0.016 0.995 0.038 0.990 1.000 
0.013 0.997 0.048 0.985 1.000 
0.011 0.996 0.031 0.993 1.000 
0.015 0.995 0.029 0.993 1.000 
0.036 0.994 0.030 0.990 1.000 
0.024 0.994 0.043 0.988 0.997 
0.031 0.993 0.045 0.983 1.000 
0.020 0.995 0.055 0.983 0.994 
0.074 0.995 0.048 0.985 1.000 
0.019 0.994 0.037 0.993 1.000 
0.014 0.997 0.038 0.990 1.000 
0.020 0.996 0.068 0.980 0.997 
0.027 0.989 0.042 0.990 0.994 
0.025 0.993 0.049 0.988 1.000 
0.033 0.994 0.038 0.988 0.938 
0.012 0.997 0.032 0.993 1.000 
0.021 0.995 0.048 0.988 1.000 
0.024 0.993 0.018 0.993 1.000 
0.015 0.995 0.036 0.990 1.000 
0.018 0.995 0.066 0.988 0.922 
0.015 0.996 0.065 0.988 0.997 
0.021 0.994 0.039 0.990 0.997 
0.011 0.995 0.048 0.990 0.978 
0.026 0.995 0.031 0.993 1.000 
0.021 0.994 0.079 0.975 0.991 
0.041 0.991 0.040 0.990 0.975 
0.026 0.993 0.049 0.988 0.997 
0.023 0.993 0.037 0.993 1.000 
0.017 0.993 0.097 0.965 0.991 
0.018 0.995 0.039 0.988 1.000 
0.023 0.997 0.038 0.985 0.991 
0.010 0.996 0.065 0.985 0.957 
0.016 0.995 0.051 0.990 0.975 
0.019 0.993 0.034 0.990 1.000 
0.014 0.995 0.096 0.980 0.997 
0.014 0.997 0.045 0.990 1.000 
0.015 0.994 0.034 0.990 1.000 
0.018 0.997 0.050 0.990 1.000 
0.021 0.994 0.058 0.985 1.000 
0.025 0.992 0.049 0.988 1.000 
0.012 0.997 0.038 0.990 1.000 
0.017 0.995 0.033 0.993 1.000 
0.021 0.994 0.058 0.985 1.000 
0.013 0.997 0.058 0.985 1.000 
0.020 0.995 0.038 0.993 0.994 
0.014 0.997 0.070 0.980 1.000 
0.038 0.991 0.087 0.978 1.000 
0.044 0.995 0.050 0.985 1.000 
0.025 0.993 0.053 0.988 1.000 
0.014 0.996 0.048 0.988 0.997 
0.023 0.993 0.031 0.993 1.000 
0.016 0.995 0.027 0.993 1.000 
0.011 0.997 0.048 0.985 0.991 
0.016 0.994 0.085 0.988 0.994 
0.024 0.994 0.048 0.990 1.000 
0.017 0.996 0.032 0.993 0.997 
0.015 0.994 0.042 0.985 1.000 
0.024 0.994 0.055 0.980 1.000 
0.022 0.993 0.046 0.983 1.000 
0.013 0.997 0.019 0.993 1.000 
0.030 0.991 0.046 0.985 1.000 
0.022 0.994 0.030 0.993 0.997 
0.020 0.996 0.038 0.990 1.000 
0.025 0.995 0.034 0.993 1.000 
0.015 0.995 0.095 0.963 0.997 
0.013 0.995 0.035 0.990 1.000 
0.025 0.994 0.036 0.990 0.997 
0.014 0.996 0.027 0.990 1.000 
0.022 0.991 0.025 0.990 1.000 
0.022 0.994 0.048 0.983 0.978 
0.059 0.989 0.044 0.985 0.991 
0.023 0.994 0.034 0.990 0.997 
0.018 0.994 0.032 0.990 0.997 
0.014 0.995 0.071 0.983 0.984 
0.021 0.993 0.036 0.990 0.997 
0.015 0.996 0.052 0.985 0.997 
0.014 0.996 0.053 0.988 0.981 
0.031 0.992 0.029 0.993 0.994 
0.037 0.994 0.030 0.990 0.975 
0.029 0.993 0.033 0.993 0.975 
0.014 0.996 0.036 0.990 0.957 
0.013 0.997 0.057 0.983 0.994 
0.022 0.993 0.034 0.993 1.000 
0.012 0.994 0.031 0.993 1.000 
0.022 0.997 0.047 0.985 0.997 
0.016 0.995 0.052 0.988 0.991 
0.017 0.994 0.052 0.985 0.975 
0.024 0.995 0.035 0.993 0.994 
0.012 0.997 0.043 0.990 1.000 
0.022 0.994 0.278 0.965 0.745 
0.018 0.995 0.035 0.993 0.988 
0.028 0.995 0.036 0.988 0.997 
0.028 0.994 0.052 0.985 0.994 
0.020 0.994 0.060 0.983 0.944 
0.023 0.995 0.054 0.988 0.997 
0.013 0.997 0.024 0.993 1.000 
0.025 0.994 0.048 0.990 0.997 
0.012 0.996 0.049 0.988 0.984 
0.008 0.997 0.039 0.990 0.988 
0.022 0.993 0.066 0.983 0.997 
0.016 0.995 0.044 0.985 0.997 
0.015 0.995 0.039 0.988 0.997 
0.009 0.997 0.034 0.990 0.997 
0.017 0.995 0.055 0.985 0.845 
0.013 0.995 0.035 0.990 0.997 
0.025 0.992 0.042 0.988 1.000 
0.016 0.995 0.028 0.993 0.984 
0.005 0.998 0.021 0.993 0.997 
0.026 0.993 0.017 0.993 1.000 
0.027 0.993 0.033 0.993 0.988 
0.009 0.997 0.023 0.993 0.997 
0.013 0.996 0.027 0.993 1.000 
0.019 0.994 0.035 0.990 0.994 
0.020 0.994 0.030 0.990 0.981 
0.011 0.998 0.029 0.988 0.960 
0.030 0.993 0.022 0.993 1.000 
0.015 0.994 0.028 0.993 1.000 
0.011 0.996 0.066 0.990 0.826 
0.017 0.995 0.038 0.988 1.000 
0.017 0.994 0.034 0.988 1.000 
0.020 0.994 0.045 0.990 0.658 
0.025 0.991 0.056 0.983 1.000 
0.016 0.994 0.031 0.990 1.000 
0.014 0.997 0.039 0.985 1.000 
0.017 0.997 0.068 0.990 0.991 
0.018 0.997 0.030 0.988 1.000 
0.012 0.997 0.051 0.988 0.994 
0.014 0.995 0.061 0.988 1.000 
0.047 0.992 0.030 0.993 1.000 
0.025 0.994 0.041 0.990 1.000 
0.032 0.995 0.027 0.993 1.000 
0.019 0.994 0.028 0.993 1.000 
0.013 0.995 0.033 0.990 1.000 
0.023 0.996 0.040 0.988 0.997 
0.026 0.996 0.056 0.983 0.997 
0.021 0.994 0.058 0.985 0.997 
0.017 0.995 0.034 0.990 1.000 
0.017 0.996 0.034 0.993 1.000 
0.016 0.993 0.070 0.980 0.894 
0.023 0.993 0.028 0.990 1.000 
0.013 0.997 0.035 0.990 0.960 
0.020 0.994 0.050 0.985 1.000 
0.026 0.993 0.038 0.990 1.000 
0.014 0.997 0.037 0.990 1.000 
0.018 0.994 0.058 0.985 0.944 
0.017 0.997 0.029 0.990 0.994 
0.006 0.997 0.033 0.990 1.000 
0.034 0.990 0.054 0.983 1.000 
0.021 0.992 0.058 0.980 1.000 
0.012 0.996 0.044 0.990 1.000 
0.008 0.997 0.085 0.990 1.000 
0.034 0.991 0.127 0.980 0.997 
0.023 0.993 0.061 0.983 0.978 
0.022 0.994 0.075 0.980 0.904 
0.021 0.991 0.065 0.985 0.994 
0.013 0.997 0.109 0.983 0.950 
0.020 0.995 0.120 0.970 0.978 
0.012 0.994 0.039 0.988 1.000 
0.020 0.997 0.029 0.993 1.000 
0.024 0.991 0.028 0.993 1.000 
0.023 0.993 0.035 0.990 0.991 
0.017 0.995 0.026 0.993 0.981 
0.027 0.994 0.043 0.990 0.963 
0.018 0.995 0.073 0.978 0.947 
0.024 0.995 0.033 0.990 0.994 
0.010 0.997 0.067 0.988 0.984 
0.019 0.995 0.048 0.988 0.991 
0.015 0.995 0.142 0.958 0.981 
0.018 0.995 0.084 0.965 0.988 
0.015 0.995 0.088 0.973 0.988 
0.021 0.995 0.037 0.990 1.000 
0.018 0.993 0.045 0.990 0.984 
0.011 0.997 0.032 0.990 1.000 
0.037 0.994 0.053 0.990 0.994 
0.021 0.995 0.060 0.985 0.991 
0.021 0.996 0.055 0.990 0.960 
0.035 0.991 0.034 0.990 0.994 
0.014 0.997 0.049 0.990 0.988 
0.015 0.994 0.041 0.988 0.988 
0.014 0.996 0.056 0.985 1.000 
0.024 0.994 0.035 0.990 1.000 
0.010 0.997 0.037 0.990 1.000 
0.018 0.995 0.135 0.960 0.994 
0.015 0.995 0.039 0.985 0.984 
0.010 0.997 0.027 0.990 0.997 
0.028 0.991 0.064 0.985 0.988 
0.014 0.997 0.076 0.980 0.988 
0.011 0.996 0.059 0.985 0.988 
0.010 0.997 0.093 0.988 0.988 
0.023 0.994 0.037 0.990 0.988 
