0.424 0.826 0.314 0.935 0.444 
0.311 0.878 0.237 0.905 0.346 
0.293 0.889 0.216 0.948 0.673 
0.265 0.893 0.139 0.958 0.683 
0.242 0.907 0.133 0.965 0.841 
0.227 0.917 0.138 0.950 0.797 
0.234 0.918 0.165 0.958 0.648 
0.217 0.916 0.162 0.960 0.794 
0.193 0.925 0.207 0.965 0.860 
0.214 0.916 0.177 0.932 0.403 
0.198 0.927 0.144 0.958 0.854 
0.200 0.936 0.124 0.973 0.841 
0.191 0.934 0.129 0.970 0.829 
0.182 0.933 0.152 0.975 0.908 
0.200 0.933 0.149 0.963 0.835 
0.177 0.942 0.136 0.970 0.825 
0.189 0.933 0.122 0.950 0.781 
0.177 0.939 0.174 0.925 0.721 
0.156 0.947 0.130 0.960 0.873 
0.176 0.935 0.140 0.965 0.917 
0.163 0.940 0.120 0.963 0.886 
0.149 0.949 0.106 0.975 0.838 
0.164 0.942 0.142 0.968 0.921 
0.151 0.947 0.120 0.965 0.863 
0.156 0.947 0.128 0.978 0.905 
0.154 0.944 0.109 0.973 0.844 
0.151 0.942 0.094 0.965 0.787 
0.145 0.952 0.121 0.948 0.743 
0.135 0.953 0.359 0.892 0.978 
0.148 0.949 0.138 0.975 0.921 
0.150 0.948 0.115 0.965 0.768 
0.145 0.950 0.138 0.963 0.886 
0.143 0.947 0.144 0.965 0.886 
0.128 0.952 0.183 0.963 0.956 
0.134 0.955 0.163 0.968 0.927 
0.140 0.954 0.190 0.960 0.962 
0.138 0.957 0.131 0.965 0.917 
0.125 0.958 0.138 0.945 0.759 
0.124 0.958 0.112 0.968 0.924 
0.126 0.949 0.146 0.968 0.952 
0.120 0.960 0.095 0.970 0.857 
0.120 0.958 0.173 0.970 0.933 
0.130 0.954 0.163 0.968 0.949 
0.120 0.958 0.279 0.943 0.978 
0.121 0.957 0.160 0.968 0.949 
0.123 0.953 0.165 0.968 0.937 
0.121 0.961 0.162 0.960 0.962 
0.130 0.960 0.108 0.975 0.911 
0.121 0.961 0.120 0.968 0.895 
0.116 0.957 0.109 0.970 0.879 
0.127 0.957 0.140 0.975 0.949 
0.109 0.960 0.199 0.960 0.968 
0.116 0.960 0.178 0.968 0.959 
0.109 0.963 0.183 0.950 0.968 
0.120 0.955 0.156 0.975 0.959 
0.101 0.965 0.171 0.968 0.971 
0.105 0.965 0.153 0.968 0.952 
0.123 0.960 0.154 0.973 0.959 
0.103 0.964 0.108 0.970 0.895 
0.108 0.963 0.147 0.970 0.965 
0.099 0.967 0.126 0.965 0.895 
0.110 0.963 0.118 0.970 0.927 
0.110 0.961 0.184 0.968 0.968 
0.094 0.973 0.243 0.953 0.962 
0.110 0.959 0.160 0.970 0.971 
0.098 0.966 0.137 0.965 0.937 
0.096 0.970 0.145 0.955 0.905 
0.098 0.961 0.133 0.973 0.940 
0.102 0.965 0.194 0.960 0.968 
0.099 0.963 0.154 0.973 0.952 
0.106 0.962 0.170 0.968 0.959 
0.098 0.965 0.148 0.970 0.956 
0.108 0.966 0.121 0.973 0.905 
0.108 0.961 0.194 0.968 0.956 
0.089 0.970 0.117 0.975 0.952 
0.096 0.968 0.125 0.960 0.924 
0.095 0.967 0.214 0.948 0.975 
0.104 0.965 0.165 0.965 0.959 
0.079 0.974 0.132 0.965 0.937 
0.094 0.966 0.113 0.963 0.889 
0.085 0.970 0.127 0.973 0.933 
0.108 0.961 0.096 0.978 0.854 
0.096 0.966 0.135 0.973 0.965 
0.105 0.963 0.112 0.973 0.940 
0.088 0.976 0.113 0.973 0.921 
0.088 0.966 0.163 0.968 0.965 
0.096 0.971 0.175 0.965 0.968 
0.089 0.972 0.150 0.975 0.940 
0.083 0.971 0.148 0.965 0.962 
0.094 0.966 0.107 0.975 0.902 
0.104 0.968 0.174 0.963 0.933 
0.079 0.972 0.136 0.973 0.952 
0.095 0.970 0.118 0.970 0.867 
0.100 0.966 0.129 0.978 0.943 
0.097 0.968 0.138 0.975 0.943 
0.084 0.974 0.193 0.975 0.971 
0.085 0.968 0.157 0.978 0.959 
0.085 0.968 0.144 0.970 0.965 
0.084 0.971 0.181 0.968 0.962 
0.089 0.970 0.156 0.973 0.965 
0.096 0.966 0.116 0.978 0.952 
0.091 0.965 0.243 0.965 0.971 
0.101 0.962 0.167 0.968 0.965 
0.091 0.966 0.143 0.968 0.927 
0.087 0.972 0.119 0.978 0.921 
0.081 0.972 0.185 0.970 0.968 
0.088 0.969 0.206 0.965 0.946 
0.092 0.970 0.229 0.970 0.971 
0.092 0.969 0.184 0.973 0.952 
0.076 0.979 0.146 0.973 0.943 
0.088 0.967 0.178 0.978 0.962 
0.076 0.976 0.209 0.970 0.965 
0.075 0.970 0.158 0.968 0.911 
0.078 0.976 0.143 0.978 0.949 
0.080 0.974 0.150 0.980 0.946 
0.083 0.970 0.219 0.963 0.971 
0.078 0.971 0.189 0.970 0.959 
0.071 0.975 0.214 0.963 0.965 
0.097 0.968 0.171 0.970 0.946 
0.089 0.973 0.280 0.973 0.949 
0.099 0.966 0.134 0.970 0.927 
0.083 0.968 0.303 0.958 0.968 
0.090 0.967 0.175 0.968 0.933 
0.080 0.971 0.260 0.975 0.952 
0.080 0.974 0.253 0.963 0.965 
0.079 0.972 0.478 0.948 0.975 
0.091 0.971 0.196 0.958 0.927 
0.092 0.965 0.190 0.970 0.908 
0.086 0.972 0.301 0.960 0.968 
0.080 0.973 0.170 0.973 0.956 
0.092 0.968 0.184 0.963 0.968 
0.079 0.973 0.128 0.980 0.921 
0.098 0.970 0.115 0.968 0.921 
0.083 0.973 0.153 0.965 0.952 
0.076 0.970 0.174 0.965 0.968 
0.096 0.968 0.254 0.950 0.978 
0.083 0.974 0.354 0.912 0.978 
0.077 0.974 0.287 0.970 0.968 
0.082 0.974 0.163 0.975 0.933 
0.089 0.970 0.263 0.948 0.971 
0.089 0.973 0.188 0.968 0.965 
0.068 0.974 0.195 0.970 0.968 
0.089 0.973 0.166 0.975 0.952 
0.078 0.975 0.284 0.910 0.978 
0.079 0.971 0.162 0.973 0.940 
0.077 0.972 0.193 0.973 0.943 
0.066 0.979 0.201 0.960 0.959 
0.094 0.971 0.164 0.975 0.962 
0.080 0.972 0.122 0.975 0.937 
0.080 0.973 0.148 0.970 0.959 
0.081 0.973 0.148 0.970 0.956 
0.078 0.972 0.165 0.970 0.971 
0.072 0.974 0.180 0.950 0.911 
0.079 0.978 0.137 0.973 0.962 
0.067 0.979 0.304 0.950 0.965 
0.076 0.977 0.122 0.978 0.943 
0.074 0.974 0.222 0.975 0.962 
0.080 0.968 0.137 0.978 0.943 
0.073 0.977 0.283 0.963 0.971 
0.082 0.972 0.173 0.978 0.949 
0.070 0.976 0.268 0.960 0.968 
0.080 0.973 0.146 0.978 0.946 
0.078 0.968 0.214 0.973 0.956 
0.068 0.976 0.141 0.968 0.930 
0.068 0.972 0.229 0.955 0.968 
0.072 0.978 0.230 0.963 0.968 
0.072 0.973 0.154 0.970 0.946 
0.069 0.978 0.191 0.973 0.962 
0.074 0.973 0.338 0.948 0.971 
0.066 0.976 0.183 0.978 0.952 
0.060 0.981 0.428 0.953 0.968 
0.065 0.976 0.177 0.960 0.930 
0.064 0.977 0.151 0.970 0.949 
0.090 0.972 0.307 0.917 0.971 
0.072 0.973 0.206 0.973 0.962 
0.071 0.978 0.311 0.960 0.959 
0.074 0.975 0.425 0.968 0.937 
0.075 0.977 0.217 0.975 0.956 
0.068 0.976 0.152 0.973 0.927 
0.065 0.976 0.178 0.975 0.956 
0.080 0.972 0.202 0.973 0.949 
0.077 0.975 0.234 0.978 0.956 
0.067 0.977 0.262 0.975 0.962 
0.070 0.972 0.197 0.975 0.956 
0.062 0.973 0.360 0.963 0.971 
0.066 0.976 0.204 0.965 0.911 
0.055 0.980 0.215 0.975 0.959 
0.074 0.974 0.346 0.960 0.965 
0.052 0.983 0.323 0.968 0.959 
0.070 0.979 0.252 0.968 0.968 
0.080 0.973 0.175 0.973 0.949 
0.072 0.972 0.213 0.973 0.959 
0.061 0.979 0.247 0.968 0.956 
0.066 0.980 0.273 0.963 0.965 
0.083 0.974 0.339 0.973 0.959 
0.081 0.972 0.214 0.973 0.946 
0.069 0.977 0.390 0.960 0.965 
0.057 0.979 0.184 0.968 0.946 
0.065 0.978 0.159 0.970 0.943 
0.067 0.974 0.164 0.975 0.949 
0.082 0.972 0.143 0.970 0.962 
0.066 0.978 0.225 0.958 0.968 
0.072 0.975 0.238 0.955 0.971 
0.074 0.974 0.158 0.970 0.956 
0.064 0.977 0.149 0.973 0.956 
0.072 0.976 0.164 0.975 0.956 
0.076 0.970 0.252 0.965 0.971 
0.072 0.978 0.132 0.968 0.911 
0.067 0.977 0.315 0.958 0.971 
0.079 0.973 0.326 0.948 0.971 
0.058 0.978 0.262 0.960 0.971 
0.067 0.977 0.144 0.975 0.962 
0.066 0.979 0.217 0.958 0.962 
0.058 0.982 0.149 0.970 0.959 
0.065 0.976 0.139 0.978 0.952 
0.067 0.977 0.186 0.950 0.971 
0.068 0.976 0.221 0.927 0.971 
0.066 0.980 0.134 0.968 0.956 
0.061 0.976 0.139 0.975 0.952 
0.063 0.980 0.136 0.970 0.943 
0.066 0.978 0.152 0.978 0.946 
0.065 0.973 0.109 0.978 0.937 
0.085 0.974 0.107 0.980 0.937 
0.071 0.977 0.151 0.975 0.952 
0.060 0.978 0.219 0.958 0.968 
0.069 0.977 0.148 0.980 0.962 
0.056 0.982 0.254 0.973 0.952 
0.057 0.982 0.116 0.973 0.930 
0.069 0.975 0.113 0.975 0.924 
0.070 0.977 0.125 0.975 0.927 
0.059 0.978 0.231 0.960 0.968 
0.065 0.978 0.189 0.978 0.937 
0.070 0.977 0.174 0.973 0.965 
0.060 0.979 0.140 0.978 0.952 
0.055 0.982 0.131 0.980 0.952 
0.065 0.978 0.168 0.970 0.908 
0.073 0.976 0.118 0.980 0.943 
0.047 0.987 0.337 0.917 0.968 
0.059 0.981 0.248 0.960 0.965 
0.086 0.972 0.103 0.983 0.921 
0.064 0.978 0.179 0.975 0.949 
0.065 0.981 0.197 0.980 0.946 
0.059 0.979 0.161 0.970 0.940 
0.058 0.980 0.133 0.963 0.889 
0.058 0.978 0.232 0.960 0.962 
0.051 0.984 0.176 0.980 0.946 
0.060 0.980 0.359 0.960 0.959 
0.066 0.978 0.173 0.973 0.946 
0.065 0.979 0.255 0.968 0.959 
0.063 0.980 0.218 0.965 0.962 
0.059 0.977 0.152 0.983 0.946 
0.067 0.974 0.280 0.968 0.965 
0.067 0.977 0.135 0.978 0.930 
0.065 0.979 0.136 0.983 0.949 
0.056 0.983 0.213 0.965 0.962 
0.067 0.978 0.181 0.970 0.965 
0.058 0.978 0.298 0.963 0.971 
0.059 0.983 0.394 0.953 0.975 
0.049 0.985 0.111 0.980 0.933 
0.055 0.982 0.142 0.980 0.943 
0.070 0.973 0.174 0.978 0.943 
0.069 0.979 0.210 0.968 0.956 
0.055 0.983 0.196 0.958 0.965 
0.072 0.980 0.185 0.978 0.927 
0.059 0.979 0.184 0.975 0.965 
0.058 0.982 0.173 0.978 0.952 
0.061 0.978 0.221 0.968 0.978 
0.068 0.979 0.198 0.975 0.952 
0.081 0.969 0.322 0.960 0.933 
0.058 0.984 0.097 0.980 0.930 
0.050 0.981 0.183 0.973 0.949 
0.048 0.986 0.192 0.970 0.962 
0.077 0.978 0.227 0.968 0.956 
0.067 0.977 0.269 0.935 0.968 
0.063 0.982 0.194 0.968 0.959 
0.056 0.982 0.145 0.975 0.956 
0.059 0.978 0.190 0.975 0.952 
0.055 0.986 0.099 0.983 0.940 
0.060 0.980 0.293 0.963 0.956 
0.058 0.977 0.134 0.973 0.937 
0.054 0.983 0.163 0.970 0.952 
0.051 0.985 0.140 0.975 0.952 
0.053 0.980 0.186 0.958 0.965 
0.052 0.979 0.251 0.963 0.965 
0.059 0.982 0.294 0.968 0.940 
0.065 0.979 0.259 0.948 0.968 
0.066 0.975 0.310 0.975 0.937 
0.061 0.980 0.468 0.968 0.971 
0.055 0.980 0.234 0.970 0.946 
0.057 0.983 0.150 0.978 0.933 
0.058 0.984 0.191 0.973 0.940 
0.056 0.980 0.314 0.970 0.968 
0.061 0.977 0.368 0.960 0.971 
0.047 0.984 0.292 0.970 0.952 
0.043 0.982 0.394 0.965 0.965 
0.056 0.979 0.293 0.973 0.956 
0.051 0.981 0.402 0.960 0.965 
0.069 0.976 0.259 0.973 0.962 
0.061 0.979 0.259 0.973 0.937 
0.070 0.977 0.149 0.980 0.914 
0.054 0.982 0.254 0.978 0.952 
0.053 0.980 0.176 0.973 0.902 
0.071 0.978 0.174 0.978 0.898 
0.070 0.979 0.138 0.980 0.930 
0.070 0.978 0.225 0.975 0.946 
0.043 0.986 0.165 0.978 0.940 
0.056 0.980 0.171 0.978 0.937 
0.074 0.979 0.151 0.970 0.917 
0.063 0.978 0.123 0.980 0.930 
0.078 0.977 0.311 0.925 0.965 
0.059 0.981 0.222 0.968 0.956 
0.054 0.980 0.132 0.978 0.956 
0.049 0.982 0.171 0.968 0.956 
0.060 0.974 0.135 0.980 0.946 
0.057 0.980 0.097 0.978 0.892 
0.060 0.980 0.161 0.978 0.943 
0.057 0.983 0.143 0.978 0.956 
0.059 0.980 0.099 0.980 0.933 
0.065 0.980 0.131 0.980 0.949 
0.055 0.977 0.252 0.963 0.965 
0.049 0.982 0.173 0.975 0.949 
0.034 0.988 0.163 0.975 0.956 
0.048 0.985 0.183 0.968 0.952 
0.048 0.985 0.224 0.965 0.968 
0.069 0.976 0.128 0.965 0.905 
0.066 0.978 0.131 0.973 0.959 
0.056 0.980 0.174 0.970 0.965 
0.061 0.981 0.173 0.978 0.968 
0.048 0.984 0.149 0.978 0.943 
0.052 0.984 0.128 0.980 0.962 
0.055 0.982 0.128 0.978 0.962 
0.046 0.983 0.127 0.978 0.933 
0.062 0.979 0.244 0.965 0.965 
0.057 0.978 0.146 0.973 0.952 
0.047 0.986 0.121 0.975 0.940 
0.061 0.978 0.134 0.978 0.949 
0.057 0.982 0.282 0.975 0.952 
0.053 0.983 0.231 0.950 0.971 
0.066 0.978 0.135 0.973 0.949 
0.051 0.980 0.157 0.970 0.965 
0.069 0.978 0.115 0.980 0.940 
0.054 0.984 0.129 0.978 0.962 
0.067 0.975 0.145 0.978 0.968 
0.051 0.981 0.129 0.980 0.965 
0.040 0.986 0.156 0.965 0.968 
0.059 0.982 0.157 0.955 0.965 
0.052 0.981 0.114 0.973 0.959 
0.059 0.981 0.322 0.973 0.952 
0.054 0.983 0.269 0.965 0.959 
0.050 0.983 0.178 0.973 0.940 
0.055 0.981 0.275 0.963 0.968 
0.046 0.985 0.390 0.960 0.975 
0.067 0.980 0.307 0.970 0.962 
0.056 0.983 0.319 0.965 0.971 
0.050 0.982 0.313 0.975 0.940 
0.062 0.980 0.329 0.968 0.962 
0.053 0.984 0.352 0.970 0.959 
0.054 0.985 0.293 0.973 0.965 
0.041 0.987 0.572 0.965 0.971 
0.060 0.979 0.266 0.975 0.937 
0.056 0.982 0.392 0.970 0.956 
0.045 0.979 0.207 0.970 0.905 
0.055 0.984 0.677 0.965 0.968 
0.056 0.982 0.331 0.978 0.962 
0.062 0.981 0.452 0.975 0.965 
0.064 0.978 0.386 0.965 0.962 
0.055 0.982 0.097 0.983 0.930 
0.058 0.977 0.237 0.975 0.959 
0.059 0.979 0.379 0.975 0.971 
0.048 0.984 0.273 0.975 0.959 
0.052 0.984 0.233 0.983 0.946 
0.059 0.980 0.204 0.970 0.962 
0.050 0.984 0.251 0.963 0.962 
0.036 0.990 0.154 0.978 0.952 
0.046 0.985 0.270 0.965 0.965 
0.040 0.988 0.227 0.958 0.968 
0.060 0.980 0.132 0.978 0.949 
0.054 0.982 0.269 0.965 0.965 
0.051 0.983 0.110 0.978 0.949 
0.056 0.982 0.169 0.978 0.959 
0.044 0.985 0.171 0.980 0.949 
0.051 0.987 0.250 0.963 0.968 
0.061 0.977 0.114 0.983 0.949 
0.050 0.980 0.329 0.938 0.968 
0.049 0.986 0.139 0.985 0.952 
0.050 0.983 0.247 0.975 0.927 
0.049 0.981 0.403 0.978 0.937 
0.047 0.985 0.699 0.970 0.952 
0.055 0.985 0.265 0.968 0.965 
0.060 0.978 0.237 0.975 0.971 
0.055 0.983 0.708 0.970 0.965 
0.045 0.982 0.622 0.973 0.956 
0.055 0.981 0.389 0.980 0.959 
0.056 0.982 0.496 0.960 0.968 
0.043 0.986 0.375 0.980 0.949 
0.058 0.985 0.252 0.973 0.962 
0.059 0.980 0.157 0.983 0.952 
0.053 0.982 0.333 0.983 0.965 
0.050 0.980 0.313 0.983 0.956 
0.034 0.987 0.341 0.978 0.949 
0.051 0.980 0.350 0.975 0.962 
0.046 0.985 0.411 0.968 0.962 
0.033 0.986 0.680 0.973 0.956 
0.062 0.980 0.177 0.975 0.949 
0.041 0.988 0.232 0.980 0.952 
0.054 0.983 0.319 0.975 0.943 
0.054 0.982 0.204 0.978 0.949 
0.035 0.985 0.191 0.978 0.956 
0.056 0.981 0.323 0.978 0.949 
0.047 0.982 0.395 0.975 0.962 
0.054 0.981 0.463 0.973 0.930 
0.041 0.986 0.356 0.975 0.943 
0.067 0.979 0.162 0.980 0.946 
0.044 0.986 0.244 0.970 0.962 
0.045 0.987 0.260 0.960 0.971 
0.046 0.982 0.246 0.965 0.965 
0.070 0.982 0.125 0.973 0.952 
0.051 0.983 0.250 0.975 0.968 
0.042 0.986 0.397 0.943 0.965 
0.062 0.981 0.391 0.980 0.962 
0.055 0.981 0.402 0.965 0.962 
0.042 0.985 0.209 0.968 0.968 
0.050 0.985 0.251 0.978 0.959 
0.052 0.979 0.388 0.945 0.968 
0.052 0.980 0.163 0.975 0.949 
0.051 0.981 0.226 0.968 0.971 
0.050 0.982 0.166 0.978 0.952 
0.053 0.982 0.245 0.978 0.943 
0.037 0.988 0.175 0.973 0.962 
0.052 0.980 0.189 0.970 0.965 
0.066 0.984 0.201 0.973 0.971 
0.049 0.985 0.225 0.973 0.962 
0.070 0.978 0.186 0.978 0.943 
0.056 0.983 0.309 0.963 0.962 
0.052 0.983 0.260 0.978 0.959 
0.043 0.982 0.312 0.975 0.937 
0.039 0.984 0.206 0.980 0.930 
0.042 0.982 0.368 0.968 0.959 
0.046 0.980 0.472 0.963 0.968 
0.050 0.984 0.298 0.980 0.956 
0.047 0.984 0.473 0.960 0.946 
0.062 0.984 0.369 0.978 0.946 
0.053 0.983 0.479 0.970 0.952 
0.044 0.985 0.519 0.975 0.946 
0.063 0.980 0.174 0.983 0.927 
0.048 0.984 0.313 0.963 0.962 
0.051 0.984 0.183 0.980 0.943 
0.048 0.984 0.242 0.968 0.956 
0.040 0.986 0.435 0.963 0.965 
0.048 0.984 0.389 0.958 0.968 
0.045 0.982 0.400 0.970 0.927 
0.048 0.982 0.296 0.975 0.956 
0.036 0.988 0.409 0.960 0.956 
0.056 0.982 0.176 0.980 0.943 
0.049 0.981 0.398 0.955 0.971 
0.072 0.982 0.225 0.973 0.946 
0.055 0.984 0.342 0.963 0.949 
0.047 0.983 0.237 0.983 0.946 
0.039 0.987 0.287 0.975 0.962 
0.045 0.988 0.202 0.980 0.946 
0.062 0.983 0.296 0.965 0.956 
0.048 0.980 0.165 0.980 0.956 
0.053 0.984 0.214 0.983 0.946 
0.046 0.984 0.225 0.980 0.949 
0.047 0.983 0.213 0.973 0.962 
0.046 0.983 0.257 0.973 0.959 
0.050 0.983 0.273 0.955 0.968 
0.054 0.983 0.223 0.968 0.965 
0.051 0.983 0.218 0.973 0.965 
0.040 0.984 0.167 0.983 0.946 
0.053 0.982 0.300 0.965 0.962 
0.046 0.985 0.137 0.983 0.962 
0.051 0.983 0.124 0.978 0.949 
0.043 0.984 0.229 0.955 0.965 
0.059 0.979 0.203 0.970 0.962 
0.036 0.985 0.268 0.965 0.965 
0.046 0.989 0.247 0.975 0.956 
0.046 0.982 0.224 0.968 0.959 
0.043 0.985 0.244 0.970 0.965 
0.051 0.983 0.332 0.955 0.971 
0.045 0.983 0.198 0.973 0.959 
0.048 0.984 0.230 0.978 0.962 
0.049 0.979 0.437 0.970 0.965 
0.045 0.984 0.217 0.980 0.937 
0.045 0.985 0.227 0.980 0.956 
0.050 0.988 0.166 0.968 0.927 
0.056 0.982 0.198 0.978 0.952 
0.055 0.988 0.427 0.970 0.959 
0.044 0.988 0.240 0.983 0.943 
0.049 0.986 0.169 0.978 0.917 
0.057 0.978 0.235 0.973 0.956 
0.040 0.985 0.320 0.978 0.949 
0.043 0.988 0.336 0.963 0.968 
0.037 0.986 0.194 0.980 0.943 
0.056 0.980 0.194 0.980 0.962 
0.049 0.982 0.167 0.975 0.962 
0.045 0.985 0.186 0.983 0.946 
0.035 0.990 0.254 0.970 0.965 
0.040 0.984 0.259 0.975 0.959 
0.055 0.983 0.238 0.975 0.959 
0.049 0.980 0.263 0.975 0.946 
0.051 0.984 0.129 0.980 0.949 
0.047 0.985 0.188 0.968 0.959 
0.045 0.984 0.135 0.983 0.924 
0.046 0.985 0.238 0.980 0.927 
0.049 0.986 0.277 0.973 0.962 
0.047 0.986 0.085 0.983 0.921 
0.052 0.985 0.250 0.980 0.962 
0.053 0.980 0.144 0.975 0.914 
0.046 0.987 0.233 0.983 0.943 
0.029 0.991 0.323 0.978 0.946 
0.048 0.983 0.372 0.963 0.962 
0.052 0.983 0.272 0.965 0.962 
0.040 0.980 0.193 0.970 0.959 
0.053 0.983 0.099 0.983 0.933 
0.052 0.980 0.313 0.973 0.956 
0.049 0.982 0.186 0.983 0.943 
0.050 0.982 0.404 0.970 0.965 
0.041 0.986 0.472 0.973 0.965 
0.052 0.982 0.284 0.978 0.943 
0.043 0.986 0.147 0.975 0.921 
0.066 0.978 0.127 0.980 0.946 
0.041 0.985 0.160 0.980 0.946 
0.050 0.982 0.233 0.975 0.949 
0.045 0.984 0.222 0.978 0.949 
0.043 0.986 0.279 0.950 0.971 
0.056 0.982 0.159 0.980 0.946 
0.044 0.985 0.292 0.975 0.962 
0.044 0.985 0.093 0.985 0.927 
0.049 0.982 0.249 0.968 0.959 
0.043 0.988 0.292 0.983 0.971 
0.052 0.985 0.207 0.978 0.956 
0.050 0.982 0.178 0.970 0.946 
0.044 0.983 0.195 0.980 0.952 
0.043 0.985 0.170 0.983 0.959 
0.038 0.984 0.195 0.975 0.965 
0.055 0.982 0.123 0.980 0.930 
0.040 0.990 0.124 0.983 0.940 
0.036 0.989 0.218 0.968 0.968 
0.049 0.983 0.180 0.968 0.962 
0.047 0.984 0.125 0.980 0.933 
0.036 0.988 0.120 0.983 0.943 
0.044 0.986 0.119 0.983 0.943 
0.042 0.987 0.190 0.983 0.968 
0.043 0.986 0.224 0.963 0.965 
0.046 0.985 0.144 0.980 0.956 
0.049 0.988 0.140 0.980 0.949 
0.038 0.988 0.207 0.973 0.962 
0.049 0.983 0.103 0.978 0.937 
0.053 0.984 0.123 0.983 0.933 
0.046 0.982 0.267 0.970 0.965 
0.049 0.983 0.266 0.978 0.971 
0.048 0.983 0.208 0.975 0.962 
0.041 0.984 0.108 0.983 0.937 
0.040 0.984 0.143 0.975 0.956 
0.048 0.984 0.107 0.983 0.952 
0.041 0.988 0.149 0.978 0.956 
0.041 0.985 0.108 0.983 0.946 
0.043 0.987 0.166 0.973 0.956 
0.050 0.985 0.170 0.983 0.952 
0.041 0.987 0.149 0.983 0.949 
0.039 0.984 0.136 0.985 0.940 
0.059 0.982 0.109 0.980 0.946 
0.038 0.985 0.141 0.980 0.937 
0.048 0.981 0.181 0.973 0.962 
0.042 0.986 0.137 0.973 0.952 
0.042 0.987 0.115 0.978 0.933 
0.046 0.988 0.130 0.985 0.946 
0.049 0.986 0.109 0.980 0.933 
0.052 0.984 0.165 0.980 0.956 
0.048 0.980 0.121 0.983 0.943 
0.035 0.987 0.129 0.983 0.940 
0.051 0.984 0.181 0.970 0.962 
0.040 0.986 0.132 0.978 0.940 
0.041 0.989 0.104 0.975 0.937 
0.054 0.986 0.117 0.980 0.940 
0.037 0.989 0.097 0.980 0.930 
0.045 0.986 0.310 0.975 0.940 
0.038 0.989 0.151 0.965 0.956 
0.043 0.989 0.093 0.978 0.892 
0.040 0.987 0.135 0.980 0.946 
0.042 0.984 0.130 0.978 0.940 
0.050 0.984 0.220 0.973 0.943 
0.043 0.983 0.161 0.973 0.965 
0.048 0.982 0.217 0.975 0.965 
0.040 0.985 0.165 0.978 0.962 
0.041 0.988 0.122 0.985 0.946 
0.050 0.980 0.109 0.983 0.956 
0.041 0.988 0.091 0.985 0.911 
0.043 0.985 0.219 0.973 0.959 
0.036 0.988 0.166 0.970 0.962 
0.033 0.990 0.215 0.978 0.965 
0.040 0.986 0.238 0.975 0.965 
0.054 0.978 0.151 0.983 0.937 
0.052 0.984 0.217 0.973 0.959 
0.032 0.986 0.170 0.978 0.962 
0.044 0.990 0.198 0.978 0.946 
0.038 0.988 0.373 0.975 0.949 
0.050 0.986 0.380 0.978 0.959 
0.041 0.987 0.137 0.980 0.927 
0.047 0.983 0.132 0.978 0.940 
0.041 0.987 0.152 0.978 0.946 
0.041 0.987 0.193 0.978 0.943 
0.036 0.985 0.207 0.975 0.930 
0.048 0.983 0.183 0.975 0.946 
0.045 0.987 0.165 0.983 0.937 
0.044 0.984 0.155 0.975 0.952 
0.060 0.983 0.158 0.980 0.949 
0.047 0.985 0.155 0.983 0.949 
0.030 0.988 0.541 0.975 0.937 
0.052 0.984 0.402 0.980 0.930 
0.038 0.986 0.414 0.970 0.956 
0.044 0.981 0.498 0.973 0.959 
0.040 0.984 0.833 0.980 0.933 
0.064 0.982 0.554 0.980 0.940 
0.036 0.989 0.757 0.960 0.978 
0.027 0.990 0.964 0.970 0.949 
0.045 0.988 0.273 0.970 0.965 
0.036 0.989 0.231 0.973 0.952 
0.043 0.985 0.275 0.963 0.971 
0.035 0.987 0.307 0.963 0.971 
0.046 0.983 0.296 0.970 0.952 
0.052 0.982 0.317 0.978 0.949 
0.051 0.978 0.206 0.983 0.937 
0.050 0.983 0.312 0.970 0.949 
0.031 0.988 0.299 0.980 0.949 
0.041 0.983 0.319 0.965 0.962 
0.055 0.983 0.316 0.970 0.956 
0.048 0.984 0.435 0.973 0.959 
0.052 0.985 0.273 0.978 0.946 
0.054 0.981 0.150 0.980 0.940 
0.044 0.982 0.259 0.980 0.946 
0.046 0.985 0.344 0.958 0.965 
0.048 0.984 0.158 0.980 0.933 
0.042 0.985 0.196 0.968 0.952 
0.037 0.985 0.373 0.975 0.946 
0.049 0.985 0.237 0.978 0.943 
0.053 0.986 0.120 0.983 0.921 
0.056 0.979 0.218 0.983 0.943 
0.041 0.985 0.128 0.978 0.921 
0.049 0.984 0.104 0.985 0.924 
0.045 0.984 0.147 0.983 0.940 
0.034 0.985 0.171 0.980 0.943 
0.042 0.983 0.259 0.973 0.962 
0.040 0.987 0.398 0.980 0.949 
0.040 0.986 0.404 0.960 0.965 
0.047 0.983 0.191 0.975 0.946 
0.047 0.980 0.125 0.980 0.943 
0.041 0.986 0.171 0.978 0.937 
0.041 0.987 0.219 0.963 0.962 
0.043 0.985 0.159 0.975 0.949 
0.034 0.987 0.196 0.975 0.952 
0.041 0.985 0.206 0.975 0.956 
0.042 0.985 0.145 0.983 0.946 
0.030 0.992 0.136 0.983 0.937 
0.050 0.983 0.216 0.980 0.965 
0.031 0.989 0.331 0.970 0.968 
0.109 0.983 0.754 0.948 0.965 
0.042 0.990 0.333 0.978 0.949 
0.044 0.983 0.353 0.950 0.959 
0.043 0.986 0.928 0.917 0.978 
0.035 0.991 0.329 0.963 0.956 
0.048 0.984 0.258 0.983 0.946 
0.042 0.989 0.840 0.973 0.965 
0.032 0.987 0.743 0.963 0.965 
0.050 0.980 0.429 0.980 0.949 
0.042 0.984 0.493 0.983 0.956 
0.038 0.986 0.267 0.983 0.930 
0.050 0.985 0.300 0.980 0.940 
0.046 0.984 0.363 0.978 0.946 
0.040 0.987 0.228 0.983 0.946 
0.038 0.987 0.225 0.988 0.949 
0.040 0.986 0.265 0.980 0.943 
0.048 0.983 0.176 0.985 0.952 
0.039 0.987 0.090 0.983 0.940 
0.050 0.983 0.144 0.980 0.946 
0.036 0.990 0.340 0.980 0.971 
0.040 0.985 0.290 0.983 0.952 
0.038 0.982 0.515 0.983 0.962 
0.055 0.984 0.112 0.988 0.908 
0.045 0.983 0.349 0.960 0.946 
0.045 0.986 0.129 0.980 0.959 
0.039 0.988 0.168 0.985 0.949 
0.043 0.985 0.155 0.983 0.927 
0.038 0.986 0.188 0.973 0.952 
0.030 0.988 0.107 0.983 0.940 
0.037 0.991 0.142 0.980 0.956 
0.033 0.988 0.309 0.970 0.962 
0.041 0.982 0.117 0.983 0.946 
0.050 0.985 0.341 0.973 0.965 
0.027 0.989 0.331 0.978 0.959 
0.039 0.986 0.166 0.975 0.895 
0.037 0.987 0.228 0.963 0.959 
0.031 0.989 0.228 0.978 0.949 
0.030 0.989 0.112 0.978 0.895 
0.043 0.985 0.156 0.980 0.921 
0.037 0.989 0.246 0.975 0.949 
0.038 0.989 0.309 0.970 0.940 
0.041 0.988 0.650 0.960 0.959 
0.049 0.982 0.286 0.980 0.930 
0.041 0.988 0.432 0.968 0.946 
0.041 0.988 0.412 0.978 0.943 
0.039 0.984 0.239 0.980 0.933 
0.044 0.985 0.325 0.980 0.946 
0.041 0.986 0.350 0.980 0.933 
0.050 0.985 0.347 0.983 0.946 
0.036 0.991 0.314 0.973 0.946 
0.046 0.986 0.484 0.983 0.943 
0.042 0.986 0.569 0.965 0.962 
0.044 0.986 0.464 0.978 0.965 
0.050 0.983 0.341 0.980 0.962 
0.038 0.987 0.350 0.978 0.946 
0.048 0.986 0.310 0.968 0.956 
0.053 0.986 0.336 0.978 0.968 
0.030 0.988 0.319 0.970 0.962 
0.044 0.988 0.346 0.958 0.962 
0.032 0.990 0.250 0.970 0.965 
0.040 0.987 0.295 0.975 0.965 
0.043 0.985 0.216 0.975 0.959 
0.032 0.990 0.424 0.970 0.956 
0.042 0.987 0.561 0.948 0.965 
0.043 0.988 0.540 0.978 0.971 
0.038 0.984 0.221 0.980 0.924 
0.044 0.986 0.335 0.980 0.959 
0.045 0.985 0.211 0.978 0.965 
0.047 0.984 0.120 0.983 0.940 
0.052 0.986 0.122 0.983 0.943 
0.040 0.987 0.216 0.973 0.949 
0.037 0.988 0.613 0.955 0.962 
0.043 0.986 0.537 0.975 0.930 
0.047 0.982 0.355 0.973 0.933 
0.035 0.987 0.716 0.965 0.971 
0.032 0.990 0.503 0.983 0.946 
0.039 0.990 1.401 0.930 0.968 
0.035 0.991 0.572 0.978 0.952 
0.056 0.978 0.242 0.980 0.924 
0.056 0.978 0.342 0.980 0.933 
0.039 0.986 0.568 0.970 0.952 
0.033 0.988 0.580 0.983 0.943 
0.032 0.987 0.339 0.983 0.937 
0.044 0.987 0.384 0.980 0.943 
0.038 0.985 0.353 0.980 0.946 
0.045 0.988 0.589 0.973 0.965 
0.044 0.986 0.315 0.970 0.946 
0.040 0.985 0.401 0.980 0.946 
0.027 0.989 0.367 0.983 0.949 
0.052 0.983 0.353 0.978 0.952 
0.031 0.990 0.212 0.983 0.949 
0.044 0.988 0.193 0.983 0.940 
0.043 0.988 0.245 0.975 0.949 
0.032 0.989 0.139 0.983 0.940 
0.031 0.989 0.139 0.980 0.937 
0.047 0.988 0.290 0.975 0.952 
0.039 0.987 0.356 0.958 0.968 
0.038 0.989 0.293 0.978 0.962 
0.039 0.987 0.264 0.978 0.965 
0.040 0.986 0.135 0.983 0.940 
0.043 0.986 0.209 0.983 0.943 
0.037 0.989 0.202 0.970 0.946 
0.049 0.982 0.167 0.983 0.917 
0.065 0.980 0.156 0.983 0.917 
0.037 0.989 0.189 0.983 0.917 
0.044 0.986 0.326 0.978 0.949 
0.052 0.987 0.422 0.980 0.962 
0.063 0.984 0.313 0.975 0.956 
0.031 0.988 0.451 0.912 0.971 
0.044 0.984 0.481 0.953 0.965 
0.029 0.990 0.148 0.983 0.940 
0.033 0.988 0.407 0.968 0.962 
0.036 0.988 0.405 0.968 0.971 
0.042 0.988 0.198 0.983 0.933 
0.038 0.987 0.161 0.980 0.937 
0.039 0.990 0.433 0.975 0.956 
0.046 0.986 0.660 0.973 0.965 
0.041 0.988 0.243 0.980 0.940 
0.034 0.985 0.315 0.978 0.952 
0.041 0.984 0.256 0.978 0.949 
0.028 0.990 0.754 0.975 0.968 
0.048 0.986 0.264 0.973 0.968 
0.039 0.985 0.228 0.970 0.952 
0.048 0.986 0.116 0.980 0.921 
0.036 0.987 0.185 0.978 0.943 
0.040 0.987 0.251 0.978 0.968 
0.043 0.983 0.266 0.973 0.965 
0.043 0.985 0.136 0.983 0.937 
0.045 0.985 0.189 0.978 0.946 
0.031 0.990 0.208 0.973 0.940 
0.039 0.987 0.243 0.975 0.952 
0.036 0.989 0.199 0.983 0.943 
0.036 0.986 0.297 0.980 0.959 
0.036 0.986 0.161 0.980 0.937 
0.037 0.987 0.250 0.983 0.937 
0.044 0.984 0.188 0.983 0.937 
0.035 0.986 0.450 0.963 0.956 
0.046 0.988 0.134 0.983 0.930 
0.037 0.988 0.204 0.980 0.949 
0.039 0.988 0.210 0.983 0.956 
0.035 0.991 0.195 0.980 0.949 
0.036 0.990 0.180 0.973 0.952 
0.042 0.983 0.274 0.980 0.917 
0.043 0.986 0.191 0.983 0.943 
0.054 0.983 0.208 0.968 0.946 
0.034 0.990 0.122 0.983 0.937 
0.037 0.989 0.325 0.978 0.921 
0.051 0.985 0.160 0.980 0.943 
0.036 0.987 0.180 0.975 0.937 
0.043 0.986 0.155 0.980 0.940 
0.034 0.990 0.443 0.970 0.971 
0.052 0.985 0.222 0.980 0.949 
0.037 0.990 0.187 0.980 0.940 
0.040 0.986 0.247 0.980 0.943 
0.034 0.988 0.097 0.983 0.911 
0.035 0.988 0.428 0.965 0.971 
0.043 0.989 0.243 0.963 0.965 
0.037 0.988 0.145 0.970 0.952 
0.041 0.985 0.175 0.975 0.946 
0.058 0.986 0.234 0.975 0.962 
0.042 0.983 0.243 0.980 0.949 
0.034 0.985 0.408 0.968 0.968 
0.041 0.987 0.163 0.983 0.933 
0.036 0.988 0.167 0.978 0.956 
0.038 0.986 0.162 0.983 0.968 
0.031 0.992 0.121 0.980 0.940 
0.048 0.985 0.240 0.973 0.959 
0.042 0.986 0.227 0.980 0.962 
0.046 0.987 0.280 0.968 0.975 
0.032 0.990 0.211 0.968 0.956 
0.040 0.989 0.105 0.980 0.946 
0.039 0.988 0.150 0.980 0.940 
0.032 0.988 0.140 0.978 0.940 
0.036 0.988 0.309 0.935 0.975 
0.030 0.991 0.262 0.948 0.975 
0.046 0.987 0.317 0.965 0.956 
0.032 0.988 0.146 0.963 0.946 
0.038 0.988 0.176 0.978 0.930 
0.040 0.988 0.195 0.968 0.949 
0.030 0.988 0.130 0.983 0.943 
0.041 0.984 0.203 0.973 0.962 
0.036 0.985 0.231 0.953 0.959 
0.037 0.985 0.159 0.973 0.956 
0.042 0.986 0.110 0.983 0.940 
0.026 0.991 0.155 0.970 0.949 
0.041 0.987 0.215 0.970 0.937 
0.033 0.990 0.201 0.980 0.946 
0.048 0.984 0.231 0.973 0.949 
0.041 0.988 0.340 0.965 0.965 
0.046 0.983 0.214 0.978 0.965 
0.048 0.985 0.126 0.975 0.927 
0.035 0.988 0.242 0.970 0.965 
0.037 0.986 0.212 0.980 0.956 
0.049 0.981 0.174 0.983 0.940 
0.031 0.991 0.491 0.950 0.971 
0.038 0.988 0.480 0.963 0.968 
0.051 0.981 0.217 0.970 0.952 
0.063 0.983 0.584 0.948 0.968 
0.035 0.987 0.894 0.938 0.975 
0.030 0.988 0.280 0.983 0.946 
0.031 0.986 0.381 0.958 0.965 
0.031 0.988 0.752 0.963 0.968 
0.028 0.988 0.349 0.970 0.959 
0.028 0.992 0.980 0.965 0.971 
0.032 0.992 0.862 0.975 0.959 
0.052 0.982 0.161 0.983 0.924 
0.054 0.980 0.144 0.975 0.949 
0.056 0.984 0.388 0.978 0.927 
0.040 0.987 0.154 0.968 0.956 
0.038 0.990 0.211 0.960 0.975 
0.020 0.992 0.150 0.963 0.965 
0.042 0.988 0.184 0.980 0.959 
0.043 0.987 0.142 0.973 0.943 
0.031 0.986 0.208 0.975 0.940 
0.034 0.986 0.148 0.978 0.949 
0.043 0.984 0.188 0.973 0.949 
0.034 0.987 0.162 0.983 0.937 
0.045 0.988 0.130 0.983 0.952 
0.042 0.986 0.126 0.980 0.933 
0.038 0.985 0.393 0.968 0.981 
0.043 0.986 0.204 0.970 0.946 
0.045 0.984 0.147 0.980 0.940 
0.039 0.986 0.130 0.980 0.946 
0.036 0.985 0.337 0.970 0.968 
0.044 0.984 0.099 0.980 0.940 
0.036 0.987 0.385 0.963 0.975 
0.037 0.991 0.310 0.970 0.968 
0.038 0.986 0.267 0.978 0.956 
0.035 0.991 0.201 0.968 0.949 
0.040 0.988 0.210 0.973 0.952 
0.034 0.989 0.266 0.975 0.946 
0.046 0.985 0.274 0.963 0.946 
0.031 0.989 0.112 0.973 0.952 
0.039 0.986 0.469 0.978 0.971 
0.034 0.990 0.300 0.980 0.956 
0.033 0.990 0.284 0.963 0.965 
0.043 0.984 0.137 0.970 0.924 
0.028 0.990 0.140 0.975 0.930 
0.038 0.986 0.670 0.970 0.978 
0.033 0.988 0.364 0.965 0.968 
0.037 0.987 0.101 0.980 0.930 
0.029 0.990 0.505 0.975 0.971 
0.029 0.989 0.266 0.975 0.962 
0.040 0.984 0.296 0.983 0.943 
0.046 0.985 0.124 0.980 0.943 
0.041 0.985 0.197 0.978 0.946 
0.036 0.988 0.110 0.980 0.927 
0.031 0.988 0.229 0.978 0.971 
0.033 0.990 0.253 0.980 0.965 
0.032 0.986 0.340 0.968 0.959 
0.028 0.991 0.524 0.968 0.959 
0.045 0.987 0.247 0.985 0.965 
0.040 0.987 0.312 0.975 0.971 
0.034 0.990 0.145 0.978 0.946 
0.041 0.988 0.268 0.980 0.946 
0.030 0.991 0.212 0.970 0.959 
0.045 0.986 0.449 0.975 0.971 
0.044 0.989 0.139 0.975 0.940 
0.043 0.988 0.485 0.983 0.924 
0.044 0.990 1.155 0.978 0.927 
0.025 0.990 1.055 0.975 0.933 
0.046 0.987 0.858 0.978 0.949 
0.030 0.989 0.713 0.975 0.937 
0.043 0.984 0.525 0.975 0.962 
0.032 0.990 0.878 0.975 0.959 
0.034 0.990 0.448 0.978 0.946 
0.043 0.986 0.560 0.980 0.943 
0.033 0.992 0.707 0.978 0.933 
0.033 0.990 0.238 0.978 0.952 
0.040 0.986 0.212 0.980 0.959 
0.038 0.986 0.237 0.975 0.949 
0.039 0.989 0.205 0.978 0.959 
0.027 0.991 0.232 0.980 0.952 
0.044 0.985 0.132 0.983 0.933 
0.026 0.992 0.181 0.978 0.930 
0.031 0.990 0.107 0.978 0.927 
0.042 0.988 0.125 0.980 0.937 
0.036 0.990 0.242 0.973 0.943 
0.041 0.985 0.508 0.983 0.937 
0.033 0.988 0.144 0.975 0.949 
0.038 0.990 0.091 0.983 0.927 
0.034 0.993 0.124 0.980 0.946 
0.041 0.988 0.153 0.980 0.952 
0.042 0.983 0.109 0.980 0.933 
0.037 0.990 0.107 0.983 0.933 
0.048 0.987 0.130 0.980 0.946 
0.037 0.987 0.234 0.978 0.930 
0.031 0.989 0.340 0.973 0.937 
0.034 0.988 0.224 0.983 0.921 
0.039 0.985 0.168 0.980 0.959 
0.042 0.987 0.074 0.985 0.905 
0.050 0.983 0.178 0.973 0.952 
0.035 0.990 0.130 0.983 0.930 
0.040 0.986 0.247 0.970 0.956 
0.038 0.986 0.276 0.980 0.940 
0.030 0.991 0.295 0.980 0.946 
0.040 0.986 0.374 0.978 0.930 
0.036 0.985 0.301 0.980 0.917 
0.046 0.985 0.221 0.978 0.937 
0.019 0.991 0.300 0.983 0.959 
0.035 0.989 0.387 0.968 0.959 
0.037 0.991 0.223 0.983 0.968 
0.045 0.986 0.143 0.983 0.949 
0.042 0.986 0.252 0.983 0.956 
0.048 0.987 0.335 0.980 0.971 
0.043 0.983 0.183 0.983 0.937 
0.038 0.987 0.130 0.980 0.952 
0.041 0.988 0.136 0.983 0.943 
0.047 0.985 0.115 0.983 0.949 
0.040 0.989 0.113 0.980 0.952 
0.049 0.982 0.143 0.983 0.949 
0.042 0.985 0.199 0.973 0.962 
0.036 0.990 0.171 0.978 0.949 
0.025 0.989 0.082 0.985 0.933 
0.030 0.987 0.127 0.985 0.946 
0.036 0.989 0.157 0.985 0.949 
0.033 0.988 0.197 0.978 0.956 
0.031 0.990 0.082 0.980 0.930 
0.049 0.986 0.173 0.980 0.943 
0.035 0.988 0.236 0.978 0.959 
0.036 0.985 0.248 0.975 0.956 
0.041 0.989 0.157 0.978 0.946 
0.032 0.988 0.171 0.980 0.956 
0.031 0.988 0.170 0.978 0.949 
0.042 0.987 0.205 0.950 0.965 
0.026 0.989 0.151 0.978 0.956 
0.046 0.987 0.100 0.983 0.937 
0.035 0.988 0.197 0.983 0.946 
0.024 0.992 0.200 0.980 0.937 
0.039 0.986 1.528 0.958 0.968 
0.059 0.984 0.728 0.983 0.952 
0.029 0.991 0.558 0.978 0.959 
0.034 0.988 0.811 0.960 0.962 
0.044 0.987 0.107 0.985 0.930 
0.032 0.989 0.662 0.968 0.971 
0.040 0.985 0.634 0.968 0.962 
0.026 0.990 0.730 0.978 0.959 
0.045 0.982 0.267 0.985 0.921 
0.057 0.981 0.349 0.983 0.952 
0.038 0.984 0.380 0.965 0.962 
0.027 0.992 0.713 0.948 0.968 
0.044 0.986 0.240 0.978 0.952 
0.038 0.988 0.260 0.978 0.943 
