0.301 0.876 0.178 0.955 1.000 
0.189 0.932 0.173 0.938 1.000 
0.138 0.951 0.096 0.978 1.000 
0.120 0.956 0.114 0.980 0.993 
0.097 0.966 0.079 0.978 1.000 
0.102 0.960 0.114 0.965 1.000 
0.106 0.963 0.104 0.978 1.000 
0.086 0.971 0.085 0.980 1.000 
0.093 0.968 0.111 0.965 1.000 
0.087 0.977 0.122 0.958 0.993 
0.079 0.976 0.078 0.980 0.894 
0.083 0.970 0.123 0.948 0.847 
0.069 0.981 0.088 0.975 1.000 
0.080 0.976 0.096 0.975 1.000 
0.066 0.977 0.084 0.975 0.018 
0.056 0.982 0.091 0.968 1.000 
0.065 0.980 0.090 0.968 0.609 
0.070 0.976 0.080 0.983 1.000 
0.054 0.984 0.101 0.975 1.000 
0.062 0.980 0.094 0.978 0.745 
0.058 0.984 0.121 0.963 1.000 
0.072 0.978 0.098 0.973 1.000 
0.063 0.980 0.077 0.983 0.376 
0.060 0.979 0.086 0.973 1.000 
0.070 0.981 0.093 0.980 1.000 
0.050 0.986 0.134 0.945 0.996 
0.064 0.984 0.079 0.983 1.000 
0.054 0.988 0.098 0.958 0.383 
0.058 0.985 0.073 0.978 0.529 
0.068 0.979 0.069 0.983 0.748 
0.040 0.986 0.065 0.990 0.909 
0.049 0.986 0.093 0.980 1.000 
0.049 0.986 0.070 0.980 1.000 
0.048 0.986 0.086 0.975 0.996 
0.049 0.985 0.096 0.973 1.000 
0.051 0.986 0.085 0.968 0.996 
0.043 0.989 0.078 0.975 1.000 
0.048 0.987 0.071 0.980 1.000 
0.046 0.985 0.069 0.980 0.964 
0.042 0.988 0.080 0.980 1.000 
0.062 0.981 0.088 0.970 0.996 
0.046 0.989 0.057 0.988 1.000 
0.050 0.986 0.068 0.988 1.000 
0.040 0.988 0.096 0.975 1.000 
0.046 0.986 0.086 0.980 1.000 
0.032 0.990 0.077 0.980 1.000 
0.048 0.986 0.099 0.958 1.000 
0.055 0.981 0.077 0.980 1.000 
0.046 0.988 0.055 0.988 1.000 
0.043 0.987 0.085 0.980 1.000 
0.040 0.990 0.061 0.980 1.000 
0.035 0.991 0.060 0.983 0.000 
0.041 0.989 0.116 0.973 1.000 
0.042 0.985 0.095 0.975 0.982 
0.043 0.988 0.091 0.973 0.938 
0.046 0.986 0.073 0.973 0.982 
0.045 0.986 0.065 0.983 0.000 
0.050 0.988 0.053 0.983 1.000 
0.044 0.986 0.089 0.965 1.000 
0.043 0.989 0.064 0.985 0.996 
0.033 0.990 0.055 0.983 0.230 
0.036 0.990 0.053 0.988 0.993 
0.046 0.990 0.067 0.983 1.000 
0.036 0.991 0.085 0.978 1.000 
0.033 0.992 0.070 0.980 0.602 
0.039 0.991 0.108 0.950 0.613 
0.030 0.991 0.126 0.973 1.000 
0.047 0.988 0.073 0.975 1.000 
0.037 0.989 0.089 0.980 1.000 
0.030 0.994 0.083 0.978 1.000 
0.034 0.991 0.102 0.975 1.000 
0.048 0.987 0.053 0.990 0.755 
0.037 0.991 0.074 0.980 1.000 
0.036 0.989 0.069 0.978 0.996 
0.036 0.987 0.054 0.988 0.989 
0.034 0.992 0.071 0.975 0.974 
0.030 0.993 0.050 0.990 0.923 
0.043 0.990 0.071 0.978 1.000 
0.036 0.991 0.076 0.975 1.000 
0.046 0.987 0.116 0.955 0.927 
0.033 0.990 0.076 0.980 0.953 
0.037 0.989 0.071 0.980 1.000 
0.027 0.995 0.060 0.983 0.350 
0.041 0.990 0.064 0.983 0.131 
0.030 0.991 0.045 0.988 1.000 
0.025 0.994 0.062 0.985 1.000 
0.034 0.990 0.056 0.985 1.000 
0.038 0.989 0.056 0.983 0.974 
0.024 0.994 0.047 0.988 0.996 
0.032 0.990 0.070 0.978 1.000 
0.035 0.990 0.056 0.985 1.000 
0.032 0.989 0.058 0.985 0.858 
0.031 0.991 0.052 0.983 0.996 
0.028 0.994 0.057 0.983 0.978 
0.027 0.993 0.061 0.983 0.785 
0.025 0.993 0.041 0.990 0.953 
0.019 0.994 0.068 0.980 1.000 
0.024 0.994 0.066 0.980 0.044 
0.041 0.987 0.048 0.990 0.011 
0.031 0.989 0.056 0.983 0.526 
0.024 0.993 0.159 0.968 0.964 
0.029 0.989 0.056 0.990 0.004 
0.026 0.990 0.050 0.988 0.828 
0.036 0.990 0.079 0.978 0.770 
0.041 0.987 0.135 0.943 0.967 
0.038 0.988 0.053 0.990 0.635 
0.024 0.994 0.065 0.983 0.934 
0.035 0.988 0.057 0.988 0.299 
0.025 0.995 0.070 0.978 0.869 
0.037 0.991 0.070 0.980 0.504 
0.025 0.993 0.054 0.988 0.150 
0.026 0.993 0.058 0.983 0.971 
0.028 0.995 0.043 0.990 0.062 
0.029 0.989 0.069 0.980 0.788 
0.032 0.990 0.067 0.980 0.912 
0.026 0.993 0.065 0.983 0.971 
0.027 0.993 0.053 0.995 0.945 
0.028 0.993 0.068 0.988 0.752 
0.023 0.993 0.074 0.980 0.850 
0.029 0.992 0.063 0.985 0.004 
0.032 0.993 0.070 0.988 0.591 
0.029 0.993 0.086 0.990 0.088 
0.043 0.990 0.066 0.985 0.172 
0.021 0.993 0.193 0.950 0.000 
0.026 0.993 0.045 0.988 0.927 
0.027 0.993 0.096 0.973 0.996 
0.023 0.994 0.115 0.975 0.146 
0.046 0.988 0.100 0.970 0.000 
0.025 0.992 0.082 0.970 0.996 
0.029 0.991 0.062 0.988 0.219 
0.025 0.993 0.083 0.975 0.215 
0.024 0.994 0.087 0.975 0.277 
0.030 0.991 0.063 0.988 0.825 
0.021 0.994 0.072 0.980 0.248 
0.027 0.994 0.054 0.988 0.529 
0.028 0.994 0.061 0.980 0.974 
0.033 0.989 0.086 0.975 0.299 
0.029 0.991 0.039 0.995 0.978 
0.035 0.990 0.111 0.950 0.982 
0.029 0.990 0.068 0.978 0.369 
0.025 0.991 0.065 0.988 0.004 
0.025 0.993 0.051 0.988 0.982 
0.021 0.995 0.071 0.978 0.996 
0.022 0.993 0.122 0.953 0.945 
0.025 0.992 0.057 0.983 0.996 
0.030 0.989 0.097 0.958 0.901 
0.026 0.993 0.060 0.983 0.982 
0.032 0.993 0.084 0.973 0.971 
0.027 0.991 0.077 0.975 1.000 
0.023 0.994 0.064 0.980 0.993 
0.022 0.995 0.149 0.958 0.876 
0.031 0.992 0.102 0.970 0.850 
0.029 0.990 0.103 0.968 1.000 
0.025 0.991 0.068 0.980 0.989 
0.024 0.994 0.069 0.983 0.993 
0.026 0.994 0.057 0.983 0.993 
0.034 0.989 0.106 0.955 0.996 
0.023 0.993 0.142 0.953 1.000 
0.025 0.991 0.081 0.980 0.905 
0.032 0.991 0.095 0.965 0.996 
0.015 0.995 0.067 0.983 0.956 
0.036 0.992 0.088 0.978 0.996 
0.026 0.993 0.064 0.985 0.799 
0.023 0.995 0.081 0.983 0.931 
0.029 0.991 0.116 0.953 0.996 
0.025 0.993 0.056 0.983 0.978 
0.018 0.994 0.067 0.985 0.960 
0.029 0.991 0.082 0.970 0.956 
0.023 0.993 0.096 0.975 0.182 
0.017 0.994 0.132 0.978 0.033 
0.023 0.993 0.125 0.970 0.912 
0.023 0.995 0.091 0.980 0.445 
0.036 0.994 0.059 0.985 0.854 
0.021 0.993 0.143 0.960 0.916 
0.023 0.993 0.129 0.953 0.985 
0.018 0.994 0.109 0.975 0.493 
0.022 0.994 0.091 0.968 0.989 
0.030 0.993 0.095 0.960 0.953 
0.019 0.994 0.061 0.990 0.931 
0.025 0.994 0.076 0.985 0.551 
0.026 0.991 0.087 0.980 0.891 
0.024 0.993 0.078 0.983 0.898 
0.017 0.995 0.061 0.990 0.493 
0.023 0.994 0.089 0.985 0.000 
0.020 0.993 0.143 0.955 0.891 
0.028 0.991 0.070 0.978 0.974 
0.023 0.993 0.077 0.983 0.960 
0.036 0.990 0.063 0.988 0.343 
0.030 0.991 0.066 0.985 0.084 
0.015 0.995 0.074 0.985 0.781 
0.023 0.993 0.069 0.985 0.606 
0.020 0.994 0.069 0.988 0.796 
0.025 0.994 0.085 0.970 0.146 
0.023 0.993 0.111 0.978 0.168 
0.020 0.995 0.098 0.983 0.945 
0.029 0.994 0.146 0.960 0.755 
0.017 0.993 0.079 0.988 0.255 
0.041 0.990 0.082 0.985 0.456 
0.039 0.990 0.089 0.968 0.993 
0.016 0.995 0.073 0.990 0.000 
0.023 0.994 0.078 0.983 0.938 
0.022 0.993 0.088 0.975 0.880 
0.015 0.996 0.121 0.983 0.843 
0.034 0.990 0.100 0.970 0.960 
0.028 0.992 0.086 0.978 0.974 
0.021 0.993 0.094 0.980 0.788 
0.024 0.994 0.190 0.945 0.000 
0.018 0.995 0.129 0.970 0.617 
0.030 0.991 0.090 0.980 0.942 
0.019 0.994 0.121 0.960 0.974 
0.024 0.994 0.096 0.975 0.964 
0.017 0.996 0.107 0.970 0.974 
0.021 0.994 0.066 0.988 0.912 
0.022 0.994 0.088 0.980 0.956 
0.035 0.992 0.122 0.948 0.974 
0.024 0.993 0.088 0.985 0.974 
0.019 0.995 0.116 0.970 0.985 
0.026 0.994 0.068 0.988 0.989 
0.023 0.991 0.131 0.958 0.996 
0.022 0.992 0.089 0.978 0.982 
0.025 0.993 0.101 0.973 0.974 
0.015 0.995 0.079 0.990 0.912 
0.027 0.993 0.094 0.988 0.956 
0.023 0.993 0.111 0.968 0.974 
0.021 0.994 0.116 0.970 0.974 
0.027 0.993 0.133 0.953 0.978 
0.018 0.995 0.106 0.968 0.996 
0.018 0.995 0.076 0.988 0.766 
0.021 0.994 0.086 0.983 0.894 
0.017 0.996 0.104 0.983 0.931 
0.027 0.993 0.086 0.980 1.000 
0.023 0.994 0.066 0.985 1.000 
0.029 0.991 0.083 0.980 0.996 
0.023 0.994 0.103 0.980 1.000 
0.024 0.991 0.075 0.983 1.000 
0.026 0.993 0.053 0.988 1.000 
0.017 0.996 0.059 0.983 0.996 
0.014 0.996 0.073 0.983 0.989 
0.025 0.994 0.092 0.980 0.996 
0.037 0.990 0.080 0.988 0.996 
0.027 0.993 0.070 0.985 0.956 
0.021 0.992 0.075 0.983 0.993 
0.017 0.995 0.140 0.968 0.960 
0.020 0.995 0.060 0.988 0.996 
0.019 0.995 0.071 0.985 1.000 
0.024 0.995 0.094 0.973 0.526 
0.019 0.994 0.084 0.980 0.996 
0.016 0.997 0.073 0.985 0.993 
0.029 0.994 0.073 0.988 0.474 
0.022 0.995 0.114 0.978 0.996 
0.026 0.994 0.072 0.985 0.193 
0.019 0.996 0.108 0.975 0.854 
0.029 0.992 0.061 0.988 0.960 
0.020 0.995 0.089 0.975 0.909 
0.017 0.995 0.086 0.980 0.974 
0.015 0.993 0.106 0.978 0.964 
0.012 0.995 0.105 0.980 0.985 
0.019 0.993 0.073 0.980 0.978 
0.022 0.994 0.148 0.950 0.982 
0.013 0.995 0.102 0.983 0.974 
0.030 0.991 0.075 0.985 0.927 
0.020 0.994 0.067 0.985 0.982 
0.016 0.994 0.092 0.985 0.219 
0.017 0.994 0.085 0.978 1.000 
0.013 0.997 0.087 0.983 0.996 
0.018 0.995 0.145 0.958 0.993 
0.024 0.993 0.118 0.978 0.901 
0.025 0.991 0.099 0.978 0.967 
0.025 0.993 0.093 0.983 0.964 
0.022 0.994 0.067 0.988 0.996 
0.021 0.995 0.085 0.985 0.971 
0.012 0.997 0.111 0.985 0.996 
0.035 0.995 0.113 0.970 1.000 
0.036 0.988 0.104 0.963 0.993 
0.021 0.994 0.084 0.980 0.993 
0.018 0.995 0.105 0.978 0.828 
0.014 0.995 0.072 0.985 0.985 
0.025 0.991 0.099 0.975 1.000 
0.018 0.995 0.076 0.985 1.000 
0.016 0.997 0.100 0.968 0.989 
0.021 0.993 0.077 0.983 0.974 
0.016 0.995 0.073 0.983 0.960 
0.017 0.993 0.075 0.983 1.000 
0.013 0.995 0.092 0.980 0.726 
0.030 0.989 0.093 0.978 0.836 
0.020 0.991 0.095 0.973 0.971 
0.024 0.994 0.119 0.975 1.000 
0.020 0.995 0.110 0.978 0.040 
0.016 0.994 0.155 0.960 0.978 
0.016 0.995 0.081 0.988 0.876 
0.036 0.991 0.090 0.978 0.770 
0.026 0.993 0.105 0.978 0.664 
0.023 0.994 0.116 0.975 0.964 
0.012 0.995 0.131 0.980 0.869 
0.024 0.997 0.180 0.950 0.945 
0.030 0.993 0.131 0.960 0.996 
0.009 0.998 0.108 0.985 0.427 
0.029 0.994 0.121 0.978 0.354 
0.017 0.995 0.112 0.980 0.398 
0.020 0.995 0.110 0.980 0.861 
0.015 0.996 0.138 0.975 0.971 
0.033 0.991 0.110 0.973 0.996 
0.019 0.994 0.105 0.985 0.934 
0.015 0.995 0.098 0.983 0.989 
0.027 0.991 0.074 0.990 1.000 
0.013 0.995 0.074 0.988 0.993 
0.012 0.997 0.132 0.960 1.000 
0.020 0.991 0.099 0.983 0.675 
0.012 0.997 0.109 0.978 0.996 
0.023 0.993 0.097 0.983 0.431 
0.020 0.995 0.138 0.968 0.642 
0.024 0.993 0.139 0.945 0.978 
0.017 0.995 0.100 0.978 0.996 
0.027 0.995 0.084 0.980 0.967 
0.014 0.996 0.125 0.970 0.993 
0.022 0.994 0.090 0.988 0.996 
0.014 0.994 0.093 0.985 0.960 
0.020 0.993 0.102 0.985 0.993 
0.026 0.992 0.130 0.968 1.000 
0.026 0.994 0.099 0.983 0.226 
0.016 0.996 0.078 0.985 0.971 
0.020 0.994 0.100 0.983 0.949 
0.018 0.994 0.151 0.955 0.996 
0.025 0.993 0.099 0.985 0.730 
0.017 0.995 0.119 0.985 0.945 
0.023 0.995 0.109 0.980 1.000 
0.023 0.991 0.099 0.985 1.000 
0.013 0.996 0.120 0.980 0.993 
0.015 0.994 0.086 0.990 0.905 
0.016 0.995 0.124 0.980 0.599 
0.022 0.992 0.152 0.968 0.996 
0.015 0.995 0.105 0.985 1.000 
0.007 0.998 0.120 0.985 1.000 
0.027 0.990 0.150 0.975 1.000 
0.020 0.995 0.093 0.985 0.974 
0.016 0.997 0.066 0.998 1.000 
0.021 0.994 0.129 0.970 1.000 
0.022 0.994 0.115 0.978 1.000 
0.013 0.995 0.096 0.985 1.000 
0.022 0.993 0.147 0.983 0.993 
0.009 0.995 0.216 0.980 0.971 
0.030 0.993 0.145 0.965 0.996 
0.019 0.994 0.084 0.988 1.000 
0.017 0.994 0.092 0.983 1.000 
0.022 0.993 0.086 0.983 1.000 
0.017 0.995 0.091 0.990 1.000 
0.017 0.997 0.097 0.978 1.000 
0.019 0.994 0.118 0.975 1.000 
0.040 0.992 0.105 0.983 1.000 
0.016 0.994 0.100 0.988 1.000 
0.015 0.995 0.125 0.983 1.000 
0.021 0.994 0.114 0.973 0.967 
0.016 0.996 0.122 0.985 0.996 
0.015 0.995 0.078 0.988 1.000 
0.019 0.995 0.117 0.973 1.000 
0.011 0.995 0.139 0.980 1.000 
0.013 0.998 0.096 0.985 1.000 
0.019 0.995 0.094 0.975 1.000 
0.013 0.996 0.096 0.988 1.000 
0.019 0.994 0.103 0.990 1.000 
0.030 0.994 0.110 0.975 1.000 
0.012 0.997 0.098 0.990 0.996 
0.019 0.993 0.111 0.980 1.000 
0.013 0.995 0.137 0.980 1.000 
0.007 0.999 0.123 0.985 1.000 
0.012 0.997 0.099 0.985 1.000 
0.030 0.992 0.142 0.963 1.000 
0.011 0.996 0.093 0.990 1.000 
0.027 0.993 0.154 0.985 1.000 
0.030 0.993 0.118 0.983 0.978 
0.023 0.993 0.102 0.980 0.869 
0.014 0.995 0.111 0.988 1.000 
0.010 0.996 0.137 0.988 0.985 
0.031 0.991 0.091 0.985 0.996 
0.023 0.992 0.092 0.988 1.000 
0.017 0.993 0.159 0.960 1.000 
0.023 0.993 0.110 0.988 1.000 
0.008 0.998 0.186 0.955 1.000 
0.034 0.991 0.113 0.978 0.989 
0.009 0.998 0.168 0.968 0.989 
0.010 0.996 0.187 0.958 0.993 
0.011 0.998 0.088 0.985 0.993 
0.027 0.992 0.149 0.955 1.000 
0.016 0.997 0.155 0.955 0.993 
0.016 0.994 0.189 0.980 1.000 
0.021 0.995 0.096 0.985 1.000 
0.018 0.994 0.109 0.980 1.000 
0.015 0.995 0.077 0.988 1.000 
0.021 0.993 0.140 0.963 1.000 
0.012 0.997 0.086 0.988 1.000 
0.018 0.994 0.118 0.965 0.934 
0.021 0.994 0.128 0.980 1.000 
0.024 0.995 0.101 0.980 1.000 
0.012 0.996 0.131 0.980 1.000 
0.007 0.997 0.111 0.988 1.000 
0.021 0.992 0.125 0.978 1.000 
0.018 0.995 0.111 0.980 1.000 
0.015 0.995 0.183 0.963 0.996 
0.027 0.993 0.158 0.973 1.000 
0.016 0.995 0.106 0.983 0.993 
0.013 0.995 0.152 0.968 1.000 
0.024 0.994 0.097 0.978 0.989 
0.021 0.994 0.110 0.980 1.000 
0.021 0.994 0.080 0.983 1.000 
0.013 0.995 0.158 0.963 1.000 
0.014 0.995 0.125 0.963 1.000 
0.014 0.997 0.176 0.955 1.000 
0.012 0.995 0.213 0.950 1.000 
0.013 0.995 0.111 0.975 1.000 
0.024 0.994 0.077 0.983 1.000 
0.021 0.994 0.089 0.980 1.000 
0.014 0.995 0.121 0.975 1.000 
0.014 0.995 0.104 0.985 1.000 
0.017 0.994 0.098 0.978 1.000 
0.018 0.995 0.111 0.973 1.000 
0.019 0.994 0.116 0.980 1.000 
0.033 0.991 0.205 0.960 1.000 
0.024 0.994 0.165 0.963 1.000 
0.014 0.994 0.144 0.983 1.000 
0.012 0.996 0.198 0.965 0.996 
0.023 0.994 0.193 0.968 1.000 
0.014 0.996 0.157 0.988 0.993 
0.024 0.996 0.204 0.968 1.000 
0.019 0.995 0.201 0.958 1.000 
0.012 0.995 0.194 0.965 1.000 
0.012 0.995 0.194 0.973 1.000 
0.019 0.995 0.197 0.975 1.000 
0.017 0.994 0.263 0.965 1.000 
0.026 0.994 0.244 0.973 0.978 
0.022 0.993 0.102 0.990 1.000 
0.016 0.994 0.133 0.985 1.000 
0.019 0.995 0.148 0.985 1.000 
0.019 0.995 0.110 0.975 1.000 
0.037 0.995 0.135 0.983 1.000 
0.015 0.996 0.095 0.980 1.000 
0.020 0.994 0.088 0.988 1.000 
0.018 0.995 0.184 0.953 0.996 
0.016 0.996 0.112 0.978 1.000 
0.020 0.991 0.139 0.983 0.880 
0.015 0.996 0.118 0.985 0.704 
0.014 0.995 0.083 0.988 0.996 
0.012 0.997 0.116 0.983 0.843 
0.016 0.994 0.098 0.988 0.989 
0.017 0.995 0.092 0.985 0.799 
0.016 0.994 0.079 0.983 0.836 
0.019 0.995 0.107 0.988 0.945 
0.015 0.993 0.126 0.983 0.989 
0.019 0.993 0.122 0.978 0.996 
0.015 0.995 0.133 0.978 1.000 
0.011 0.997 0.174 0.978 0.993 
0.014 0.994 0.116 0.985 1.000 
0.017 0.995 0.109 0.978 1.000 
0.011 0.995 0.141 0.978 1.000 
0.014 0.996 0.179 0.975 1.000 
0.018 0.994 0.241 0.940 1.000 
0.021 0.991 0.153 0.970 1.000 
0.011 0.995 0.179 0.973 1.000 
0.019 0.992 0.176 0.950 1.000 
0.013 0.997 0.225 0.983 1.000 
0.030 0.995 0.128 0.985 1.000 
0.034 0.991 0.154 0.963 1.000 
0.017 0.994 0.132 0.980 1.000 
0.014 0.994 0.164 0.968 1.000 
0.019 0.993 0.187 0.965 1.000 
0.019 0.994 0.124 0.978 1.000 
0.009 0.995 0.083 0.990 1.000 
0.016 0.996 0.128 0.975 1.000 
0.019 0.993 0.154 0.965 1.000 
0.020 0.995 0.134 0.975 1.000 
0.017 0.994 0.093 0.980 1.000 
0.015 0.997 0.112 0.975 1.000 
0.005 0.998 0.116 0.975 1.000 
0.016 0.995 0.103 0.985 1.000 
0.012 0.995 0.113 0.980 0.996 
0.017 0.994 0.117 0.978 0.989 
0.015 0.997 0.097 0.980 1.000 
0.019 0.995 0.092 0.983 1.000 
0.027 0.992 0.112 0.978 1.000 
0.010 0.998 0.095 0.975 1.000 
0.015 0.995 0.134 0.970 1.000 
0.023 0.994 0.170 0.948 1.000 
0.016 0.996 0.119 0.963 1.000 
0.014 0.995 0.128 0.965 1.000 
0.019 0.995 0.115 0.973 1.000 
0.012 0.997 0.095 0.980 1.000 
0.019 0.995 0.094 0.980 1.000 
0.019 0.994 0.070 0.985 1.000 
0.020 0.993 0.112 0.988 1.000 
0.009 0.997 0.114 0.988 1.000 
0.011 0.997 0.129 0.978 1.000 
0.019 0.997 0.074 0.988 1.000 
0.027 0.993 0.132 0.985 1.000 
0.028 0.994 0.231 0.932 1.000 
0.011 0.997 0.090 0.985 1.000 
0.023 0.995 0.137 0.958 1.000 
0.019 0.995 0.089 0.990 1.000 
0.019 0.992 0.115 0.983 1.000 
0.015 0.998 0.118 0.970 1.000 
0.010 0.996 0.211 0.978 0.985 
0.018 0.995 0.092 0.978 1.000 
0.012 0.994 0.078 0.988 1.000 
0.017 0.995 0.098 0.985 1.000 
0.011 0.996 0.077 0.990 1.000 
0.021 0.993 0.073 0.985 1.000 
0.015 0.995 0.093 0.983 1.000 
0.018 0.995 0.103 0.985 1.000 
0.018 0.995 0.123 0.970 1.000 
0.027 0.995 0.092 0.980 1.000 
0.021 0.993 0.128 0.990 0.989 
0.023 0.991 0.100 0.988 1.000 
0.005 0.998 0.182 0.978 1.000 
0.026 0.994 0.129 0.988 1.000 
0.011 0.996 0.465 0.965 0.996 
0.053 0.994 0.240 0.943 1.000 
0.017 0.995 0.146 0.963 1.000 
0.016 0.996 0.131 0.983 1.000 
0.011 0.997 0.127 0.978 1.000 
0.015 0.993 0.144 0.978 1.000 
0.015 0.996 0.162 0.970 1.000 
0.010 0.998 0.185 0.968 1.000 
0.012 0.997 0.123 0.985 1.000 
0.006 0.997 0.233 0.965 1.000 
0.013 0.997 0.107 0.985 1.000 
0.007 0.998 0.107 0.990 1.000 
0.019 0.995 0.124 0.978 1.000 
0.011 0.995 0.090 0.990 1.000 
0.015 0.995 0.170 0.968 1.000 
0.012 0.997 0.133 0.973 1.000 
0.012 0.996 0.240 0.970 0.985 
0.017 0.997 0.137 0.978 0.989 
0.018 0.995 0.105 0.985 1.000 
0.019 0.996 0.123 0.985 0.993 
0.012 0.997 0.112 0.990 0.993 
0.017 0.994 0.147 0.983 1.000 
0.014 0.996 0.116 0.990 1.000 
0.012 0.996 0.227 0.988 1.000 
0.052 0.992 0.152 0.990 1.000 
0.023 0.995 0.148 0.980 1.000 
0.008 0.997 0.167 0.983 1.000 
0.025 0.998 0.252 0.940 0.996 
0.014 0.995 0.245 0.965 1.000 
0.012 0.997 0.295 0.973 1.000 
0.012 0.997 0.201 0.970 1.000 
0.013 0.994 0.145 0.985 1.000 
0.020 0.993 0.145 0.980 1.000 
0.016 0.995 0.167 0.973 1.000 
0.022 0.992 0.163 0.973 1.000 
0.012 0.995 0.137 0.988 1.000 
0.043 0.993 0.165 0.983 1.000 
0.017 0.997 0.087 0.980 1.000 
0.012 0.996 0.113 0.983 1.000 
0.010 0.997 0.119 0.988 1.000 
0.006 0.998 0.178 0.973 0.996 
0.019 0.994 0.118 0.988 1.000 
0.020 0.997 0.123 0.978 1.000 
0.020 0.994 0.139 0.973 1.000 
0.016 0.995 0.188 0.975 1.000 
0.019 0.992 0.114 0.978 1.000 
0.020 0.994 0.119 0.980 1.000 
0.010 0.996 0.085 0.988 1.000 
0.013 0.997 0.083 0.983 1.000 
0.007 0.998 0.125 0.975 1.000 
0.017 0.993 0.081 0.985 1.000 
0.020 0.994 0.098 0.973 0.996 
0.022 0.993 0.119 0.968 0.989 
0.010 0.995 0.061 0.993 1.000 
0.020 0.994 0.093 0.980 1.000 
0.011 0.997 0.071 0.983 1.000 
0.010 0.996 0.106 0.973 1.000 
0.007 0.998 0.101 0.985 1.000 
0.012 0.995 0.112 0.988 1.000 
0.017 0.994 0.075 0.988 1.000 
0.010 0.997 0.112 0.983 1.000 
0.019 0.991 0.085 0.983 1.000 
0.016 0.995 0.070 0.990 1.000 
0.022 0.994 0.122 0.978 1.000 
0.012 0.996 0.114 0.990 1.000 
0.031 0.995 0.077 0.985 1.000 
0.014 0.994 0.102 0.975 1.000 
0.014 0.997 0.094 0.975 1.000 
0.015 0.996 0.103 0.975 1.000 
0.008 0.998 0.108 0.988 1.000 
0.016 0.995 0.136 0.968 1.000 
0.041 0.993 0.099 0.985 1.000 
0.013 0.995 0.136 0.978 1.000 
0.012 0.998 0.106 0.985 0.996 
0.019 0.994 0.120 0.983 0.989 
0.021 0.995 0.111 0.978 1.000 
0.028 0.991 0.132 0.973 0.996 
0.014 0.996 0.091 0.990 1.000 
0.010 0.997 0.107 0.988 1.000 
0.020 0.997 0.083 0.988 1.000 
0.019 0.995 0.116 0.988 1.000 
0.018 0.995 0.105 0.983 1.000 
0.008 0.996 0.095 0.990 1.000 
0.019 0.995 0.107 0.985 1.000 
0.006 0.998 0.192 0.970 1.000 
0.015 0.997 0.174 0.975 0.989 
0.018 0.994 0.098 0.988 1.000 
0.012 0.995 0.181 0.985 0.996 
0.028 0.993 0.110 0.983 1.000 
0.011 0.994 0.117 0.983 0.989 
0.014 0.995 0.123 0.975 1.000 
0.019 0.997 0.143 0.975 0.985 
0.022 0.993 0.075 0.990 0.996 
0.006 0.998 0.114 0.973 1.000 
0.009 0.997 0.129 0.973 0.996 
0.013 0.995 0.141 0.968 1.000 
0.016 0.995 0.079 0.980 1.000 
0.020 0.995 0.087 0.985 0.967 
0.016 0.997 0.097 0.983 1.000 
0.019 0.995 0.060 0.988 1.000 
0.016 0.995 0.109 0.968 1.000 
0.015 0.994 0.102 0.973 1.000 
0.013 0.995 0.124 0.975 1.000 
0.012 0.996 0.161 0.978 1.000 
0.036 0.993 0.235 0.960 0.971 
0.021 0.994 0.149 0.970 1.000 
0.020 0.994 0.147 0.978 0.993 
0.022 0.994 0.123 0.983 1.000 
0.014 0.995 0.106 0.978 1.000 
0.015 0.994 0.061 0.983 1.000 
0.010 0.997 0.120 0.983 1.000 
0.015 0.996 0.126 0.988 1.000 
0.013 0.995 0.102 0.978 0.996 
0.012 0.997 0.124 0.978 0.996 
0.015 0.994 0.092 0.988 1.000 
0.026 0.995 0.081 0.985 1.000 
0.022 0.994 0.080 0.990 1.000 
0.013 0.995 0.059 0.988 0.996 
0.014 0.996 0.047 0.988 1.000 
0.019 0.995 0.266 0.980 0.270 
0.018 0.997 0.096 0.980 0.974 
0.018 0.993 0.088 0.988 1.000 
0.014 0.995 0.163 0.985 0.993 
0.019 0.995 0.122 0.990 0.967 
0.019 0.997 0.103 0.978 1.000 
0.014 0.994 0.323 0.978 0.894 
0.018 0.996 0.137 0.988 0.989 
0.010 0.997 0.091 0.985 1.000 
0.010 0.997 0.105 0.988 0.996 
0.017 0.996 0.126 0.978 1.000 
0.013 0.996 0.145 0.985 0.920 
0.018 0.994 0.076 0.983 0.993 
0.031 0.991 0.094 0.978 1.000 
0.013 0.997 0.349 0.978 0.934 
0.029 0.995 0.137 0.988 0.996 
0.016 0.994 0.122 0.990 0.967 
0.016 0.995 0.168 0.988 1.000 
0.012 0.995 0.181 0.983 1.000 
0.014 0.997 0.140 0.980 1.000 
0.015 0.996 0.119 0.988 0.982 
0.006 0.998 0.169 0.990 0.613 
0.027 0.993 0.125 0.983 1.000 
0.014 0.997 0.185 0.970 1.000 
0.016 0.996 0.139 0.988 1.000 
0.015 0.995 0.084 0.978 1.000 
0.011 0.996 0.141 0.985 0.982 
0.006 0.997 0.178 0.988 0.985 
0.019 0.996 0.088 0.985 1.000 
0.014 0.997 0.123 0.980 1.000 
0.015 0.996 0.106 0.985 1.000 
0.016 0.995 0.123 0.980 1.000 
0.016 0.995 0.157 0.980 1.000 
0.011 0.996 0.123 0.985 1.000 
0.022 0.994 0.234 0.963 0.967 
0.016 0.997 0.171 0.963 1.000 
0.010 0.998 0.234 0.975 0.912 
0.017 0.996 0.069 0.988 0.993 
0.012 0.997 0.147 0.985 0.942 
0.016 0.997 0.180 0.975 1.000 
0.009 0.996 0.147 0.983 1.000 
0.013 0.995 0.189 0.980 0.996 
0.016 0.995 0.119 0.975 0.996 
0.008 0.996 0.151 0.985 0.974 
0.018 0.997 0.158 0.975 0.989 
0.006 0.998 0.273 0.973 0.584 
0.008 0.998 0.217 0.970 0.989 
0.021 0.995 0.130 0.988 1.000 
0.015 0.994 0.175 0.978 0.982 
0.024 0.997 0.221 0.988 1.000 
0.029 0.994 0.204 0.950 0.982 
0.012 0.996 0.141 0.983 1.000 
0.024 0.991 0.121 0.988 1.000 
0.015 0.997 0.131 0.980 1.000 
0.026 0.996 0.088 0.983 1.000 
0.022 0.994 0.181 0.970 1.000 
0.010 0.997 0.128 0.988 0.996 
0.020 0.994 0.098 0.988 0.993 
0.018 0.992 0.110 0.993 1.000 
0.012 0.995 0.139 0.988 1.000 
0.013 0.995 0.133 0.983 1.000 
0.018 0.996 0.151 0.988 1.000 
0.016 0.994 0.147 0.983 1.000 
0.008 0.998 0.211 0.990 0.938 
0.023 0.993 0.118 0.983 1.000 
0.015 0.995 0.195 0.980 0.989 
0.013 0.994 0.153 0.983 0.949 
0.020 0.994 0.182 0.953 0.978 
0.022 0.993 0.109 0.980 1.000 
0.021 0.994 0.139 0.975 0.989 
0.013 0.996 0.100 0.985 0.978 
0.011 0.997 0.168 0.990 0.803 
0.022 0.994 0.104 0.990 0.653 
0.015 0.996 0.199 0.988 0.741 
0.010 0.997 0.088 0.985 1.000 
0.015 0.995 0.161 0.983 0.949 
0.015 0.995 0.165 0.988 0.942 
0.013 0.994 0.165 0.975 0.996 
0.013 0.996 0.207 0.983 0.828 
0.016 0.996 0.135 0.990 1.000 
0.008 0.996 0.214 0.990 0.956 
0.009 0.998 0.220 0.985 1.000 
0.011 0.997 0.320 0.990 0.015 
0.024 0.995 0.159 0.983 1.000 
0.010 0.998 0.255 0.970 0.777 
0.017 0.994 0.208 0.990 0.201 
0.005 0.998 0.228 0.988 0.982 
0.026 0.994 0.325 0.960 1.000 
0.015 0.998 0.144 0.988 0.982 
0.008 0.997 0.192 0.990 0.631 
0.023 0.995 0.181 0.990 0.478 
0.030 0.994 0.168 0.988 1.000 
0.025 0.994 0.181 0.988 0.996 
0.012 0.997 0.196 0.975 0.974 
0.013 0.997 0.203 0.988 0.190 
0.023 0.992 0.247 0.978 0.708 
0.020 0.997 0.117 0.985 1.000 
0.011 0.995 0.132 0.995 0.898 
0.023 0.995 0.129 0.975 0.996 
0.034 0.994 0.151 0.980 0.920 
0.014 0.997 0.129 0.990 0.967 
0.012 0.994 0.232 0.963 0.770 
0.012 0.997 0.160 0.988 0.982 
0.006 0.998 0.190 0.980 0.982 
0.017 0.996 0.184 0.985 0.120 
0.009 0.997 0.186 0.993 0.923 
0.014 0.995 0.194 0.983 0.949 
0.012 0.996 0.160 0.963 0.985 
0.015 0.996 0.142 0.978 0.982 
0.006 0.997 0.212 0.988 0.828 
0.019 0.996 0.174 0.978 0.945 
0.016 0.994 0.162 0.973 1.000 
0.018 0.994 0.190 0.980 1.000 
0.018 0.993 0.145 0.990 1.000 
0.016 0.996 0.145 0.988 1.000 
0.021 0.995 0.081 0.983 1.000 
0.010 0.996 0.378 0.968 1.000 
0.025 0.994 0.257 0.970 1.000 
0.017 0.997 0.226 0.970 1.000 
0.023 0.997 0.249 0.973 0.989 
0.013 0.996 0.166 0.985 1.000 
0.016 0.995 0.167 0.985 1.000 
0.018 0.994 0.165 0.988 1.000 
0.009 0.996 0.181 0.983 1.000 
0.011 0.997 0.133 0.988 1.000 
0.018 0.993 0.185 0.990 1.000 
0.020 0.996 0.135 0.983 1.000 
0.020 0.995 0.130 0.990 1.000 
0.007 0.997 0.152 0.990 1.000 
0.015 0.995 0.132 0.978 1.000 
0.014 0.995 0.147 0.980 1.000 
0.011 0.995 0.180 0.988 1.000 
0.008 0.998 0.196 0.990 1.000 
0.018 0.995 0.168 0.983 1.000 
0.012 0.995 0.151 0.973 1.000 
0.003 0.999 0.272 0.983 1.000 
0.012 0.997 0.184 0.973 1.000 
0.016 0.996 0.165 0.988 1.000 
0.016 0.995 0.135 0.990 1.000 
0.011 0.996 0.188 0.978 1.000 
0.014 0.998 0.110 0.990 1.000 
0.009 0.998 0.163 0.978 1.000 
0.014 0.998 0.170 0.978 0.956 
0.011 0.996 0.126 0.990 1.000 
0.023 0.995 0.134 0.985 1.000 
0.022 0.995 0.223 0.958 1.000 
0.007 0.998 0.228 0.983 1.000 
0.013 0.997 0.171 0.983 1.000 
0.012 0.995 0.197 0.985 1.000 
0.012 0.994 0.281 0.953 0.996 
0.014 0.996 0.171 0.968 1.000 
0.026 0.994 0.131 0.985 1.000 
0.017 0.993 0.161 0.985 1.000 
0.008 0.996 0.129 0.993 1.000 
0.017 0.996 0.127 0.980 1.000 
0.010 0.997 0.234 0.983 0.989 
0.015 0.994 0.185 0.978 1.000 
0.014 0.997 0.107 0.990 1.000 
0.016 0.995 0.236 0.988 1.000 
0.010 0.996 0.274 0.975 1.000 
0.016 0.997 0.159 0.985 1.000 
0.012 0.995 0.266 0.973 0.996 
0.012 0.995 0.197 0.970 1.000 
0.013 0.996 0.221 0.970 1.000 
0.018 0.996 0.162 0.980 1.000 
0.007 0.998 0.159 0.988 1.000 
0.023 0.994 0.260 0.983 0.996 
0.032 0.995 0.155 0.980 1.000 
0.011 0.996 0.191 0.980 1.000 
0.027 0.991 0.199 0.978 1.000 
0.011 0.998 0.148 0.978 1.000 
0.031 0.995 0.208 0.988 1.000 
0.012 0.995 0.199 0.965 1.000 
0.013 0.997 0.241 0.983 1.000 
0.005 0.998 0.259 0.978 0.996 
0.017 0.997 0.200 0.990 0.996 
0.011 0.996 0.223 0.990 1.000 
0.012 0.998 0.194 0.980 0.996 
0.024 0.995 0.123 0.980 1.000 
0.013 0.997 0.113 0.988 1.000 
0.012 0.997 0.128 0.990 1.000 
0.013 0.995 0.123 0.970 1.000 
0.017 0.996 0.132 0.980 1.000 
0.015 0.994 0.276 0.963 1.000 
0.008 0.998 0.219 0.980 1.000 
0.007 0.999 0.284 0.975 1.000 
0.014 0.996 0.244 0.948 1.000 
0.013 0.996 0.163 0.975 1.000 
0.018 0.995 0.182 0.988 1.000 
0.019 0.994 0.232 0.988 1.000 
0.022 0.995 0.215 0.948 1.000 
0.013 0.996 0.136 0.985 1.000 
0.021 0.994 0.160 0.980 1.000 
0.014 0.995 0.133 0.973 1.000 
0.021 0.997 0.060 0.988 1.000 
0.019 0.998 0.176 0.970 0.996 
0.031 0.993 0.198 0.968 0.996 
0.012 0.997 0.500 0.978 0.996 
0.011 0.997 0.247 0.985 0.996 
0.009 0.995 0.181 0.975 0.996 
0.008 0.998 0.148 0.993 1.000 
0.013 0.997 0.227 0.988 0.956 
0.045 0.994 0.159 0.985 0.996 
0.023 0.994 0.228 0.983 0.204 
0.018 0.994 0.182 0.973 0.993 
0.011 0.998 0.363 0.985 0.000 
0.018 0.995 0.142 0.988 1.000 
0.021 0.994 0.192 0.990 0.989 
0.011 0.995 0.236 0.990 0.971 
0.011 0.997 0.189 0.983 1.000 
0.015 0.994 0.197 0.975 1.000 
0.004 0.997 0.316 0.983 0.905 
0.014 0.994 0.225 0.985 1.000 
0.014 0.995 0.289 0.953 0.993 
0.007 0.995 0.253 0.988 0.993 
0.014 0.997 0.343 0.925 1.000 
0.012 0.996 0.199 0.990 1.000 
0.018 0.994 0.142 0.983 1.000 
0.010 0.997 0.197 0.993 1.000 
0.020 0.994 0.251 0.980 1.000 
0.011 0.996 0.251 0.963 1.000 
0.009 0.998 0.189 0.988 1.000 
0.009 0.998 0.218 0.985 1.000 
0.008 0.998 0.300 0.985 1.000 
0.014 0.997 0.336 0.985 0.931 
0.018 0.995 0.404 0.948 0.996 
0.020 0.996 0.249 0.990 1.000 
0.028 0.994 0.083 0.990 1.000 
0.011 0.997 0.153 0.990 0.996 
0.014 0.996 0.238 0.978 1.000 
0.020 0.993 0.175 0.980 1.000 
0.019 0.997 0.183 0.978 1.000 
0.015 0.994 0.153 0.980 1.000 
0.011 0.997 0.199 0.988 1.000 
0.021 0.993 0.195 0.980 1.000 
0.013 0.996 0.155 0.990 1.000 
0.011 0.996 0.192 0.990 1.000 
0.023 0.995 0.104 0.988 0.996 
0.015 0.995 0.100 0.985 1.000 
0.008 0.998 0.154 0.980 1.000 
0.019 0.994 0.111 0.990 1.000 
0.007 0.999 0.210 0.988 0.953 
0.006 0.999 0.162 0.988 1.000 
0.033 0.993 0.280 0.968 0.971 
0.032 0.991 0.230 0.958 0.996 
0.032 0.991 0.192 0.990 0.996 
0.013 0.997 0.196 0.990 1.000 
0.012 0.997 0.198 0.993 1.000 
0.032 0.994 0.164 0.985 1.000 
0.008 0.997 0.180 0.988 1.000 
0.012 0.995 0.312 0.985 0.982 
0.018 0.995 0.155 0.993 1.000 
0.024 0.994 0.203 0.970 1.000 
0.014 0.995 0.184 0.988 1.000 
0.011 0.997 0.236 0.948 1.000 
0.014 0.994 0.224 0.980 1.000 
0.017 0.994 0.087 0.990 1.000 
0.011 0.997 0.123 0.990 1.000 
0.012 0.997 0.110 0.985 1.000 
0.032 0.993 0.188 0.965 1.000 
0.014 0.997 0.198 0.980 1.000 
0.010 0.997 0.218 0.990 1.000 
0.009 0.996 0.197 0.980 1.000 
0.010 0.998 0.217 0.988 1.000 
0.004 0.999 0.444 0.990 0.982 
0.008 0.998 0.313 0.980 1.000 
0.010 0.997 0.237 0.985 1.000 
0.022 0.993 0.162 0.988 1.000 
0.013 0.995 0.330 0.990 0.996 
0.015 0.996 0.231 0.980 1.000 
0.012 0.997 0.196 0.988 1.000 
0.022 0.995 0.125 0.988 1.000 
0.025 0.991 0.143 0.988 1.000 
0.016 0.997 0.176 0.978 1.000 
0.016 0.996 0.125 0.980 1.000 
0.035 0.995 0.093 0.975 1.000 
0.007 0.997 0.122 0.988 1.000 
0.011 0.997 0.132 0.990 0.996 
0.015 0.994 0.127 0.978 1.000 
0.015 0.997 0.092 0.990 1.000 
0.013 0.997 0.116 0.990 1.000 
0.005 0.998 0.145 0.980 0.993 
0.016 0.997 0.125 0.990 0.993 
0.006 0.998 0.119 0.988 1.000 
0.018 0.995 0.109 0.990 1.000 
0.023 0.995 0.144 0.985 1.000 
0.010 0.997 0.225 0.990 0.996 
0.008 0.997 0.165 0.988 1.000 
0.017 0.995 0.204 0.983 1.000 
0.011 0.997 0.164 0.980 1.000 
0.009 0.998 0.159 0.990 1.000 
0.015 0.995 0.205 0.980 1.000 
0.012 0.997 0.161 0.988 1.000 
0.007 0.998 0.200 0.980 1.000 
0.015 0.996 0.165 0.983 1.000 
0.016 0.996 0.261 0.963 1.000 
0.020 0.995 0.170 0.988 1.000 
0.011 0.997 0.160 0.990 1.000 
0.011 0.997 0.167 0.990 1.000 
0.046 0.995 0.114 0.993 1.000 
0.013 0.995 0.125 0.985 1.000 
0.005 0.998 0.150 0.990 1.000 
0.010 0.995 0.142 0.990 1.000 
0.027 0.994 0.156 0.975 1.000 
0.014 0.995 0.122 0.983 1.000 
0.017 0.997 0.092 0.988 1.000 
0.037 0.994 0.166 0.940 1.000 
0.026 0.992 0.075 0.980 1.000 
0.014 0.997 0.078 0.990 1.000 
0.014 0.994 0.086 0.990 1.000 
0.015 0.995 0.117 0.978 1.000 
0.010 0.997 0.089 0.988 1.000 
0.009 0.995 0.123 0.988 1.000 
0.009 0.998 0.122 0.985 1.000 
0.013 0.997 0.099 0.988 1.000 
0.008 0.998 0.208 0.985 1.000 
0.011 0.997 0.172 0.978 1.000 
0.014 0.997 0.097 0.990 1.000 
0.012 0.995 0.182 0.965 1.000 
0.010 0.995 0.146 0.985 1.000 
0.009 0.996 0.130 0.988 1.000 
0.012 0.997 0.146 0.980 1.000 
0.024 0.996 0.125 0.988 1.000 
0.026 0.994 0.132 0.978 1.000 
0.011 0.997 0.105 0.978 1.000 
0.004 0.998 0.183 0.970 1.000 
0.013 0.995 0.133 0.983 1.000 
0.011 0.995 0.160 0.978 1.000 
0.025 0.994 0.092 0.983 1.000 
0.015 0.997 0.178 0.983 0.993 
0.009 0.998 0.198 0.973 0.996 
0.015 0.997 0.098 0.983 1.000 
0.019 0.994 0.162 0.988 0.996 
0.009 0.997 0.211 0.988 1.000 
0.009 0.997 0.226 0.985 1.000 
0.016 0.994 0.258 0.983 0.989 
0.017 0.997 0.120 0.988 1.000 
0.004 0.999 0.185 0.985 1.000 
0.060 0.994 0.230 0.988 1.000 
0.015 0.993 0.142 0.990 1.000 
0.008 0.997 0.141 0.990 1.000 
0.009 0.997 0.193 0.980 1.000 
0.007 0.997 0.234 0.983 1.000 
0.015 0.996 0.157 0.980 1.000 
0.011 0.997 0.182 0.980 1.000 
0.006 0.998 0.194 0.990 0.996 
0.029 0.993 0.162 0.985 0.993 
0.011 0.996 0.200 0.990 0.996 
0.014 0.997 0.120 0.983 1.000 
0.007 0.998 0.212 0.970 0.996 
0.017 0.995 0.231 0.978 1.000 
0.040 0.994 0.340 0.990 1.000 
0.008 0.997 0.310 0.985 1.000 
0.018 0.997 0.245 0.988 1.000 
0.013 0.997 0.356 0.990 1.000 
0.019 0.998 0.251 0.988 1.000 
0.018 0.995 0.291 0.988 1.000 
0.023 0.997 0.279 0.988 1.000 
0.012 0.997 0.340 0.980 0.996 
0.009 0.998 0.512 0.980 0.982 
0.013 0.995 0.301 0.990 1.000 
0.079 0.991 0.199 0.980 1.000 
0.007 0.997 0.501 0.985 1.000 
0.024 0.995 0.184 0.988 1.000 
0.010 0.996 0.250 0.983 1.000 
0.037 0.994 0.145 0.988 1.000 
0.007 0.999 0.179 0.988 1.000 
0.027 0.995 0.120 0.988 1.000 
0.017 0.994 0.095 0.978 1.000 
