0.327 0.865 0.149 0.953 1.000 
0.191 0.932 0.275 0.887 1.000 
0.178 0.947 0.190 0.940 1.000 
0.133 0.955 0.133 0.963 1.000 
0.142 0.953 0.146 0.958 1.000 
0.107 0.964 0.099 0.973 1.000 
0.124 0.960 0.129 0.953 1.000 
0.119 0.965 0.140 0.940 1.000 
0.090 0.972 0.101 0.970 1.000 
0.098 0.968 0.108 0.970 1.000 
0.084 0.970 0.125 0.945 1.000 
0.090 0.968 0.087 0.970 1.000 
0.068 0.977 0.078 0.973 1.000 
0.081 0.975 0.123 0.963 1.000 
0.082 0.971 0.095 0.975 0.844 
0.072 0.977 0.091 0.975 0.996 
0.080 0.969 0.093 0.970 0.364 
0.054 0.982 0.084 0.980 0.967 
0.056 0.983 0.088 0.978 1.000 
0.055 0.986 0.113 0.968 1.000 
0.061 0.981 0.078 0.980 1.000 
0.058 0.983 0.104 0.968 1.000 
0.054 0.984 0.085 0.978 0.960 
0.053 0.982 0.098 0.968 1.000 
0.054 0.981 0.070 0.983 1.000 
0.060 0.980 0.093 0.978 1.000 
0.047 0.988 0.092 0.978 1.000 
0.043 0.988 0.103 0.970 1.000 
0.048 0.982 0.100 0.968 0.996 
0.050 0.985 0.095 0.973 1.000 
0.051 0.984 0.101 0.963 1.000 
0.047 0.988 0.091 0.970 1.000 
0.070 0.979 0.089 0.970 1.000 
0.048 0.986 0.118 0.960 0.796 
0.057 0.988 0.107 0.970 1.000 
0.052 0.984 0.078 0.978 0.996 
0.034 0.991 0.077 0.980 0.858 
0.036 0.991 0.081 0.973 1.000 
0.049 0.985 0.095 0.983 1.000 
0.046 0.988 0.116 0.960 0.989 
0.045 0.983 0.083 0.973 0.993 
0.041 0.988 0.089 0.968 1.000 
0.038 0.992 0.121 0.955 1.000 
0.041 0.989 0.088 0.975 1.000 
0.041 0.990 0.086 0.970 0.993 
0.038 0.989 0.087 0.973 1.000 
0.037 0.991 0.091 0.968 0.993 
0.037 0.989 0.070 0.980 1.000 
0.040 0.990 0.092 0.975 0.993 
0.041 0.991 0.083 0.973 0.869 
0.037 0.989 0.101 0.968 1.000 
0.042 0.990 0.102 0.965 1.000 
0.037 0.989 0.086 0.973 0.971 
0.040 0.989 0.091 0.968 1.000 
0.033 0.992 0.121 0.965 0.971 
0.052 0.984 0.083 0.973 1.000 
0.031 0.991 0.073 0.980 1.000 
0.037 0.988 0.084 0.975 0.858 
0.040 0.990 0.108 0.968 0.993 
0.032 0.992 0.143 0.958 0.978 
0.045 0.987 0.082 0.978 0.971 
0.039 0.989 0.077 0.980 0.989 
0.034 0.992 0.076 0.980 0.931 
0.033 0.991 0.075 0.980 0.698 
0.033 0.990 0.137 0.948 0.596 
0.032 0.993 0.084 0.975 0.993 
0.041 0.987 0.087 0.973 0.884 
0.034 0.992 0.084 0.978 0.342 
0.034 0.991 0.116 0.970 1.000 
0.039 0.989 0.088 0.978 0.738 
0.042 0.989 0.116 0.963 0.833 
0.041 0.989 0.098 0.968 0.851 
0.033 0.992 0.109 0.968 0.985 
0.034 0.990 0.149 0.960 0.996 
0.042 0.990 0.152 0.953 1.000 
0.030 0.993 0.089 0.968 0.996 
0.025 0.994 0.096 0.970 0.836 
0.033 0.991 0.070 0.983 0.680 
0.029 0.991 0.083 0.980 0.862 
0.041 0.988 0.094 0.970 1.000 
0.039 0.992 0.090 0.968 0.996 
0.038 0.989 0.082 0.978 1.000 
0.032 0.991 0.088 0.973 0.967 
0.030 0.992 0.078 0.978 1.000 
0.038 0.991 0.085 0.980 0.927 
0.035 0.990 0.075 0.980 1.000 
0.027 0.994 0.083 0.980 0.913 
0.029 0.993 0.145 0.950 0.982 
0.034 0.990 0.102 0.963 1.000 
0.028 0.992 0.149 0.955 0.516 
0.030 0.992 0.070 0.983 1.000 
0.036 0.992 0.073 0.980 1.000 
0.030 0.993 0.063 0.980 1.000 
0.035 0.990 0.067 0.980 0.996 
0.032 0.992 0.118 0.968 1.000 
0.037 0.990 0.117 0.958 0.935 
0.021 0.995 0.072 0.980 0.935 
0.021 0.994 0.160 0.953 0.953 
0.026 0.994 0.180 0.953 0.884 
0.034 0.989 0.152 0.958 0.996 
0.032 0.992 0.078 0.980 1.000 
0.034 0.994 0.115 0.973 0.993 
0.023 0.995 0.089 0.980 0.942 
0.027 0.993 0.110 0.960 1.000 
0.027 0.993 0.065 0.980 1.000 
0.037 0.990 0.087 0.980 0.985 
0.030 0.992 0.071 0.978 0.909 
0.051 0.985 0.113 0.968 0.996 
0.030 0.993 0.097 0.973 1.000 
0.026 0.994 0.092 0.978 0.942 
0.026 0.993 0.249 0.930 0.993 
0.030 0.992 0.081 0.978 0.971 
0.022 0.994 0.091 0.975 0.487 
0.029 0.991 0.075 0.980 0.996 
0.045 0.988 0.094 0.973 0.898 
0.031 0.990 0.116 0.948 0.996 
0.038 0.993 0.087 0.975 0.902 
0.024 0.994 0.121 0.963 0.931 
0.029 0.992 0.086 0.975 0.996 
0.024 0.993 0.161 0.958 1.000 
0.028 0.994 0.102 0.973 1.000 
0.022 0.992 0.134 0.963 1.000 
0.019 0.996 0.078 0.980 1.000 
0.029 0.992 0.095 0.963 1.000 
0.036 0.990 0.106 0.970 1.000 
0.031 0.992 0.106 0.975 0.996 
0.033 0.991 0.110 0.970 0.993 
0.026 0.991 0.098 0.973 1.000 
0.027 0.995 0.109 0.963 1.000 
0.025 0.993 0.067 0.978 0.691 
0.023 0.995 0.115 0.958 1.000 
0.042 0.988 0.165 0.938 0.851 
0.028 0.992 0.107 0.970 0.978 
0.028 0.993 0.109 0.963 0.989 
0.024 0.993 0.120 0.960 0.996 
0.025 0.992 0.079 0.978 0.975 
0.022 0.995 0.098 0.973 1.000 
0.027 0.993 0.083 0.978 0.960 
0.021 0.993 0.149 0.955 0.996 
0.021 0.995 0.105 0.980 0.993 
0.031 0.993 0.126 0.958 0.996 
0.028 0.992 0.115 0.953 0.996 
0.032 0.991 0.083 0.978 0.993 
0.019 0.995 0.125 0.950 0.993 
0.017 0.993 0.190 0.945 1.000 
0.024 0.995 0.097 0.973 1.000 
0.026 0.992 0.084 0.978 1.000 
0.026 0.994 0.120 0.965 0.909 
0.035 0.993 0.085 0.973 0.993 
0.019 0.996 0.081 0.980 0.960 
0.025 0.993 0.161 0.963 0.996 
0.023 0.994 0.073 0.978 0.956 
0.024 0.996 0.079 0.975 0.967 
0.024 0.994 0.086 0.973 1.000 
0.026 0.994 0.102 0.968 1.000 
0.018 0.996 0.100 0.973 0.978 
0.037 0.992 0.138 0.943 1.000 
0.020 0.994 0.090 0.975 0.982 
0.030 0.993 0.075 0.978 1.000 
0.031 0.992 0.127 0.968 0.989 
0.040 0.992 0.114 0.963 0.895 
0.021 0.995 0.106 0.975 0.989 
0.028 0.993 0.083 0.980 0.993 
0.023 0.994 0.069 0.980 0.953 
0.029 0.992 0.096 0.973 0.938 
0.025 0.995 0.082 0.978 0.993 
0.019 0.996 0.100 0.973 0.833 
0.028 0.995 0.113 0.963 0.996 
0.025 0.993 0.099 0.973 1.000 
0.030 0.994 0.118 0.963 0.996 
0.024 0.994 0.114 0.963 1.000 
0.023 0.995 0.083 0.975 1.000 
0.027 0.992 0.071 0.983 0.996 
0.025 0.992 0.099 0.983 0.993 
0.025 0.995 0.088 0.980 0.938 
0.025 0.994 0.092 0.975 0.927 
0.024 0.995 0.144 0.953 0.953 
0.032 0.990 0.154 0.950 1.000 
0.029 0.991 0.091 0.975 1.000 
0.029 0.991 0.085 0.978 1.000 
0.018 0.996 0.097 0.973 1.000 
0.023 0.993 0.106 0.970 1.000 
0.019 0.996 0.080 0.975 1.000 
0.024 0.995 0.081 0.978 1.000 
0.037 0.989 0.065 0.983 1.000 
0.016 0.994 0.125 0.960 1.000 
0.022 0.993 0.112 0.970 1.000 
0.033 0.991 0.120 0.958 1.000 
0.019 0.996 0.139 0.960 0.996 
0.026 0.995 0.103 0.973 1.000 
0.021 0.995 0.094 0.975 1.000 
0.031 0.992 0.094 0.975 0.996 
0.022 0.995 0.140 0.958 0.996 
0.022 0.993 0.188 0.938 0.956 
0.017 0.997 0.071 0.978 0.880 
0.019 0.997 0.101 0.975 0.975 
0.043 0.993 0.098 0.973 1.000 
0.026 0.994 0.104 0.973 1.000 
0.020 0.995 0.077 0.973 1.000 
0.024 0.995 0.150 0.973 0.993 
0.027 0.993 0.142 0.943 1.000 
0.023 0.993 0.142 0.965 1.000 
0.031 0.994 0.074 0.978 0.996 
0.025 0.995 0.094 0.970 0.927 
0.022 0.993 0.100 0.978 0.996 
0.023 0.995 0.082 0.980 0.996 
0.031 0.992 0.110 0.970 0.993 
0.026 0.993 0.098 0.975 0.847 
0.033 0.991 0.090 0.973 0.985 
0.028 0.994 0.158 0.968 0.989 
0.025 0.995 0.133 0.945 0.996 
0.023 0.994 0.148 0.958 0.996 
0.027 0.992 0.114 0.970 1.000 
0.024 0.994 0.199 0.927 0.989 
0.018 0.996 0.132 0.963 0.978 
0.026 0.994 0.104 0.973 0.978 
0.025 0.994 0.093 0.980 0.949 
0.023 0.995 0.139 0.940 1.000 
0.013 0.997 0.119 0.968 1.000 
0.016 0.996 0.136 0.965 0.985 
0.031 0.990 0.127 0.943 1.000 
0.020 0.994 0.116 0.960 0.956 
0.023 0.994 0.154 0.968 0.975 
0.020 0.994 0.102 0.975 0.985 
0.021 0.995 0.070 0.980 1.000 
0.022 0.994 0.079 0.980 0.953 
0.020 0.995 0.116 0.963 0.993 
0.025 0.993 0.116 0.945 0.975 
0.038 0.992 0.146 0.945 0.989 
0.021 0.992 0.209 0.932 1.000 
0.024 0.995 0.071 0.978 1.000 
0.014 0.997 0.086 0.980 0.996 
0.027 0.994 0.171 0.935 0.982 
0.024 0.993 0.099 0.970 0.996 
0.015 0.996 0.115 0.965 0.996 
0.018 0.993 0.078 0.978 0.996 
0.016 0.997 0.128 0.958 0.662 
0.030 0.991 0.097 0.970 0.891 
0.026 0.994 0.187 0.935 0.996 
0.040 0.991 0.124 0.940 0.996 
0.028 0.994 0.083 0.975 1.000 
0.020 0.994 0.146 0.950 1.000 
0.028 0.992 0.080 0.975 0.996 
0.023 0.994 0.097 0.973 1.000 
0.016 0.996 0.122 0.968 0.945 
0.020 0.996 0.073 0.983 0.905 
0.029 0.993 0.111 0.970 0.993 
0.023 0.994 0.085 0.980 0.978 
0.028 0.994 0.081 0.980 1.000 
0.014 0.995 0.106 0.960 1.000 
0.018 0.995 0.103 0.963 0.993 
0.025 0.994 0.078 0.975 0.985 
0.023 0.992 0.189 0.927 0.993 
0.023 0.993 0.171 0.955 0.476 
0.024 0.994 0.107 0.965 0.993 
0.022 0.994 0.126 0.958 0.996 
0.021 0.993 0.102 0.973 0.916 
0.023 0.995 0.086 0.975 0.993 
0.020 0.995 0.119 0.965 0.993 
0.017 0.996 0.097 0.968 1.000 
0.023 0.994 0.088 0.965 0.993 
0.024 0.996 0.209 0.927 0.985 
0.034 0.993 0.175 0.930 0.989 
0.041 0.991 0.105 0.960 0.996 
0.018 0.995 0.228 0.927 0.989 
0.021 0.996 0.138 0.945 0.989 
0.021 0.995 0.128 0.960 0.996 
0.024 0.995 0.129 0.960 0.876 
0.019 0.995 0.113 0.963 0.996 
0.033 0.993 0.126 0.953 0.985 
0.024 0.995 0.081 0.975 1.000 
0.021 0.996 0.086 0.975 0.964 
0.022 0.995 0.141 0.948 1.000 
0.030 0.995 0.081 0.975 0.978 
0.014 0.997 0.146 0.948 0.978 
0.021 0.993 0.094 0.970 0.884 
0.023 0.993 0.093 0.973 0.989 
0.012 0.997 0.086 0.983 0.996 
0.021 0.995 0.095 0.968 0.996 
0.024 0.995 0.109 0.963 0.993 
0.020 0.996 0.138 0.950 0.982 
0.017 0.995 0.170 0.973 0.996 
0.020 0.995 0.081 0.975 0.996 
0.017 0.994 0.074 0.980 0.989 
0.020 0.994 0.088 0.978 0.818 
0.015 0.996 0.153 0.960 0.989 
0.032 0.995 0.186 0.930 0.818 
0.019 0.994 0.070 0.983 0.975 
0.023 0.994 0.102 0.973 0.993 
0.022 0.992 0.098 0.970 0.989 
0.018 0.995 0.062 0.980 0.549 
0.015 0.996 0.122 0.960 0.978 
0.020 0.994 0.115 0.963 0.633 
0.015 0.995 0.208 0.958 0.975 
0.022 0.995 0.088 0.975 0.993 
0.029 0.996 0.166 0.938 0.989 
0.018 0.995 0.122 0.960 0.953 
0.019 0.995 0.143 0.953 0.985 
0.015 0.996 0.088 0.978 0.971 
0.032 0.994 0.123 0.970 0.967 
0.027 0.993 0.108 0.965 0.942 
0.018 0.996 0.079 0.980 1.000 
0.015 0.996 0.118 0.958 0.935 
0.021 0.995 0.085 0.978 0.905 
0.017 0.996 0.106 0.965 0.960 
0.025 0.993 0.071 0.983 0.938 
0.025 0.993 0.063 0.983 0.942 
0.017 0.994 0.156 0.953 1.000 
0.025 0.994 0.123 0.955 0.905 
0.021 0.994 0.130 0.950 0.687 
0.019 0.995 0.105 0.965 0.836 
0.018 0.996 0.143 0.938 1.000 
0.019 0.994 0.133 0.948 1.000 
0.009 0.998 0.157 0.940 0.989 
0.017 0.996 0.136 0.970 0.982 
0.031 0.993 0.115 0.960 1.000 
0.019 0.996 0.092 0.975 0.993 
0.014 0.996 0.106 0.970 1.000 
0.016 0.995 0.111 0.963 1.000 
0.019 0.995 0.093 0.980 0.884 
0.019 0.993 0.073 0.980 0.982 
0.025 0.994 0.105 0.960 0.996 
0.020 0.996 0.099 0.973 0.996 
0.010 0.997 0.085 0.980 0.273 
0.023 0.995 0.166 0.935 0.985 
0.026 0.995 0.079 0.975 0.316 
0.029 0.995 0.217 0.930 0.164 
0.025 0.993 0.134 0.948 0.967 
0.020 0.993 0.069 0.980 1.000 
0.014 0.996 0.142 0.953 0.993 
0.013 0.998 0.110 0.963 0.891 
0.014 0.996 0.107 0.975 0.996 
0.025 0.996 0.071 0.980 1.000 
0.027 0.993 0.088 0.978 1.000 
0.032 0.993 0.161 0.950 0.993 
0.017 0.995 0.075 0.978 0.996 
0.021 0.995 0.112 0.963 1.000 
0.021 0.993 0.121 0.958 0.993 
0.014 0.996 0.144 0.953 0.996 
0.019 0.994 0.154 0.955 1.000 
0.023 0.994 0.131 0.958 0.993 
0.021 0.994 0.158 0.940 0.996 
0.023 0.993 0.132 0.948 0.964 
0.021 0.995 0.122 0.958 0.996 
0.015 0.996 0.067 0.978 1.000 
0.023 0.994 0.098 0.970 0.996 
0.017 0.995 0.118 0.960 1.000 
0.017 0.994 0.090 0.975 0.924 
0.019 0.995 0.083 0.978 0.989 
0.023 0.993 0.080 0.980 0.949 
0.020 0.995 0.125 0.960 1.000 
0.026 0.994 0.117 0.965 0.985 
0.022 0.995 0.106 0.960 1.000 
0.018 0.996 0.119 0.960 0.989 
0.018 0.996 0.148 0.970 0.996 
0.033 0.996 0.111 0.963 1.000 
0.020 0.996 0.183 0.938 1.000 
0.019 0.996 0.129 0.955 1.000 
0.022 0.994 0.087 0.980 0.996 
0.019 0.994 0.069 0.980 1.000 
0.012 0.997 0.098 0.970 1.000 
0.023 0.992 0.208 0.927 0.996 
0.017 0.997 0.118 0.958 1.000 
0.011 0.997 0.138 0.953 0.996 
0.019 0.995 0.071 0.980 0.996 
0.014 0.998 0.079 0.980 0.996 
0.016 0.997 0.092 0.973 0.996 
0.019 0.995 0.104 0.970 0.455 
0.016 0.996 0.107 0.968 1.000 
0.027 0.993 0.168 0.945 1.000 
0.023 0.995 0.120 0.960 0.996 
0.020 0.995 0.175 0.938 1.000 
0.015 0.995 0.230 0.930 0.996 
0.016 0.997 0.148 0.955 1.000 
0.033 0.993 0.114 0.963 0.975 
0.033 0.994 0.114 0.960 0.982 
0.014 0.995 0.166 0.948 0.996 
0.017 0.994 0.200 0.938 0.989 
0.035 0.994 0.088 0.980 1.000 
0.015 0.995 0.213 0.935 0.975 
0.012 0.996 0.172 0.940 0.989 
0.016 0.996 0.139 0.945 0.971 
0.017 0.995 0.085 0.980 0.996 
0.015 0.995 0.222 0.938 0.996 
0.018 0.995 0.209 0.932 0.956 
0.024 0.993 0.338 0.915 0.789 
0.021 0.994 0.166 0.950 1.000 
0.025 0.992 0.132 0.958 0.960 
0.035 0.995 0.146 0.953 0.996 
0.034 0.992 0.224 0.925 0.989 
0.019 0.994 0.098 0.968 0.847 
0.021 0.992 0.175 0.950 0.993 
0.025 0.994 0.262 0.915 0.644 
0.018 0.996 0.184 0.943 0.996 
0.018 0.993 0.229 0.927 1.000 
0.023 0.993 0.156 0.938 1.000 
0.034 0.996 0.116 0.955 0.996 
0.024 0.994 0.181 0.932 0.996 
0.020 0.996 0.147 0.943 1.000 
0.018 0.997 0.158 0.955 0.996 
0.017 0.995 0.129 0.955 1.000 
0.030 0.991 0.086 0.980 0.996 
0.018 0.996 0.104 0.970 0.996 
0.023 0.995 0.183 0.932 0.975 
0.021 0.994 0.120 0.960 1.000 
0.027 0.994 0.244 0.925 0.953 
0.018 0.996 0.107 0.960 0.924 
0.019 0.995 0.134 0.945 1.000 
0.022 0.996 0.155 0.935 0.996 
0.017 0.995 0.086 0.978 0.945 
0.015 0.996 0.178 0.935 0.975 
0.019 0.996 0.167 0.940 0.982 
0.021 0.994 0.226 0.927 0.989 
0.025 0.993 0.099 0.963 1.000 
0.020 0.995 0.231 0.932 1.000 
0.024 0.992 0.200 0.935 0.953 
0.015 0.994 0.241 0.940 1.000 
0.042 0.991 0.144 0.948 1.000 
0.015 0.996 0.135 0.948 1.000 
0.012 0.997 0.154 0.948 1.000 
0.016 0.995 0.099 0.975 1.000 
0.020 0.995 0.150 0.943 1.000 
0.009 0.997 0.127 0.960 0.996 
0.026 0.994 0.215 0.932 0.989 
0.012 0.997 0.125 0.963 0.993 
0.020 0.994 0.138 0.958 0.873 
0.016 0.996 0.112 0.968 1.000 
0.011 0.996 0.267 0.938 1.000 
0.023 0.993 0.233 0.935 0.996 
0.020 0.994 0.225 0.940 1.000 
0.014 0.997 0.363 0.940 1.000 
0.041 0.993 0.186 0.938 1.000 
0.019 0.995 0.179 0.935 1.000 
0.020 0.995 0.192 0.935 1.000 
0.036 0.994 0.174 0.935 0.982 
0.018 0.995 0.176 0.938 0.964 
0.019 0.995 0.278 0.922 0.760 
0.016 0.997 0.140 0.955 0.996 
0.021 0.993 0.125 0.963 0.982 
0.015 0.997 0.122 0.963 0.960 
0.016 0.995 0.179 0.943 1.000 
0.020 0.993 0.114 0.963 1.000 
0.017 0.996 0.239 0.930 1.000 
0.022 0.995 0.117 0.963 1.000 
0.013 0.997 0.207 0.935 1.000 
0.018 0.997 0.079 0.980 0.996 
0.015 0.995 0.191 0.938 0.985 
0.059 0.992 0.159 0.938 0.971 
0.016 0.996 0.157 0.940 0.953 
0.015 0.995 0.152 0.963 0.989 
0.021 0.995 0.127 0.958 1.000 
0.014 0.996 0.074 0.980 0.953 
0.018 0.995 0.112 0.968 1.000 
0.015 0.998 0.170 0.940 1.000 
0.028 0.992 0.108 0.968 0.996 
0.017 0.995 0.205 0.930 0.989 
0.011 0.996 0.204 0.932 0.745 
0.018 0.994 0.118 0.958 0.993 
0.014 0.997 0.126 0.963 1.000 
0.021 0.994 0.066 0.985 0.985 
0.017 0.994 0.144 0.948 0.964 
0.013 0.997 0.109 0.975 0.993 
0.020 0.992 0.130 0.958 0.989 
0.017 0.994 0.217 0.930 0.993 
0.016 0.994 0.173 0.940 0.993 
0.022 0.995 0.195 0.935 0.993 
0.020 0.994 0.184 0.940 1.000 
0.015 0.996 0.181 0.945 0.996 
0.020 0.995 0.098 0.970 0.996 
0.022 0.998 0.227 0.930 0.996 
0.027 0.994 0.082 0.980 0.978 
0.008 0.997 0.113 0.960 0.993 
0.017 0.995 0.139 0.963 0.996 
0.032 0.992 0.210 0.935 0.971 
0.017 0.994 0.218 0.940 1.000 
0.017 0.994 0.101 0.975 0.993 
0.018 0.994 0.093 0.980 0.993 
0.016 0.996 0.144 0.955 1.000 
0.013 0.997 0.097 0.975 0.993 
0.021 0.994 0.160 0.950 0.960 
0.016 0.997 0.078 0.978 0.971 
0.017 0.996 0.105 0.973 0.993 
0.020 0.997 0.111 0.963 0.971 
0.018 0.996 0.174 0.938 0.993 
0.018 0.995 0.188 0.940 0.996 
0.022 0.993 0.184 0.935 0.971 
0.016 0.996 0.132 0.960 0.982 
0.020 0.995 0.147 0.943 1.000 
0.022 0.994 0.099 0.975 0.996 
0.024 0.993 0.156 0.940 1.000 
0.020 0.994 0.263 0.927 0.993 
0.019 0.993 0.148 0.940 0.993 
0.015 0.996 0.077 0.983 0.989 
0.022 0.992 0.101 0.975 0.989 
0.011 0.997 0.180 0.940 0.996 
0.018 0.994 0.160 0.948 0.989 
0.020 0.995 0.226 0.935 0.989 
0.015 0.996 0.147 0.960 0.909 
0.023 0.993 0.141 0.955 0.978 
0.014 0.996 0.123 0.963 0.978 
0.037 0.989 0.286 0.927 1.000 
0.016 0.996 0.147 0.950 0.985 
0.016 0.995 0.211 0.930 1.000 
0.016 0.995 0.093 0.973 0.996 
0.023 0.991 0.183 0.948 1.000 
0.017 0.995 0.176 0.943 1.000 
0.012 0.997 0.165 0.955 0.978 
0.021 0.994 0.221 0.930 0.996 
0.013 0.997 0.145 0.955 1.000 
0.017 0.995 0.176 0.948 0.996 
0.012 0.996 0.153 0.955 0.993 
0.025 0.993 0.236 0.932 0.982 
0.015 0.995 0.154 0.945 0.996 
0.009 0.998 0.300 0.935 0.993 
0.024 0.994 0.288 0.925 0.960 
0.009 0.997 0.144 0.950 0.978 
0.017 0.996 0.153 0.955 0.989 
0.046 0.991 0.118 0.965 0.607 
0.015 0.995 0.163 0.948 0.982 
0.016 0.994 0.132 0.955 0.989 
0.012 0.997 0.141 0.955 0.989 
0.018 0.994 0.127 0.965 0.975 
0.019 0.995 0.118 0.965 1.000 
0.014 0.996 0.099 0.978 0.978 
0.022 0.994 0.303 0.932 0.953 
0.025 0.993 0.176 0.955 0.996 
0.010 0.997 0.169 0.953 0.971 
0.013 0.997 0.229 0.940 0.938 
0.016 0.995 0.115 0.965 0.996 
0.019 0.996 0.147 0.955 1.000 
0.015 0.995 0.130 0.965 1.000 
0.024 0.994 0.140 0.955 0.942 
0.019 0.994 0.155 0.958 0.989 
0.020 0.994 0.207 0.938 0.996 
0.015 0.995 0.087 0.980 0.985 
0.008 0.997 0.156 0.953 1.000 
0.016 0.996 0.229 0.932 0.985 
0.014 0.997 0.163 0.955 0.971 
0.017 0.996 0.094 0.978 1.000 
0.018 0.996 0.136 0.953 0.985 
0.010 0.997 0.194 0.958 0.989 
0.014 0.997 0.366 0.963 0.975 
0.043 0.992 0.214 0.968 1.000 
0.013 0.997 0.116 0.978 0.996 
0.031 0.991 0.167 0.958 0.931 
0.018 0.995 0.194 0.960 0.993 
0.025 0.994 0.172 0.955 0.913 
0.029 0.995 0.173 0.955 0.993 
0.016 0.996 0.181 0.948 0.942 
0.009 0.997 0.137 0.970 0.989 
0.013 0.997 0.171 0.953 0.673 
0.015 0.996 0.150 0.958 0.975 
0.027 0.991 0.122 0.970 0.931 
0.027 0.992 0.168 0.935 0.909 
0.020 0.995 0.172 0.938 0.985 
0.015 0.996 0.141 0.960 0.895 
0.015 0.996 0.135 0.953 0.989 
0.011 0.997 0.130 0.960 0.975 
0.019 0.994 0.121 0.960 0.989 
0.018 0.995 0.108 0.968 0.985 
0.025 0.994 0.162 0.950 0.880 
0.013 0.996 0.125 0.963 0.982 
0.029 0.993 0.147 0.948 0.996 
0.009 0.997 0.252 0.938 0.978 
0.083 0.992 0.168 0.955 0.993 
0.020 0.995 0.170 0.945 0.996 
0.016 0.996 0.196 0.932 0.989 
0.017 0.995 0.237 0.930 0.996 
0.017 0.996 0.178 0.945 0.985 
0.013 0.996 0.140 0.955 0.996 
0.022 0.993 0.328 0.930 1.000 
0.015 0.996 0.142 0.960 1.000 
0.015 0.996 0.096 0.975 0.996 
0.019 0.992 0.150 0.950 0.982 
0.015 0.996 0.128 0.960 0.996 
0.021 0.996 0.186 0.935 0.982 
0.015 0.997 0.081 0.983 1.000 
0.018 0.995 0.238 0.930 1.000 
0.020 0.996 0.233 0.927 0.996 
0.019 0.995 0.188 0.932 0.996 
0.015 0.996 0.113 0.960 1.000 
0.014 0.997 0.077 0.980 1.000 
0.027 0.992 0.144 0.948 0.993 
0.014 0.996 0.108 0.960 0.996 
0.020 0.994 0.154 0.940 0.975 
0.017 0.994 0.146 0.950 1.000 
0.019 0.996 0.145 0.955 0.993 
0.019 0.995 0.090 0.978 0.993 
0.010 0.997 0.090 0.980 0.996 
0.025 0.992 0.216 0.932 0.996 
0.014 0.996 0.133 0.958 0.989 
0.014 0.996 0.132 0.960 0.960 
0.015 0.996 0.184 0.945 0.982 
0.016 0.997 0.157 0.950 0.993 
0.017 0.995 0.093 0.980 0.989 
0.026 0.993 0.140 0.963 0.996 
0.013 0.996 0.114 0.970 0.989 
0.017 0.995 0.270 0.935 0.865 
0.013 0.997 0.107 0.973 0.993 
0.009 0.997 0.111 0.978 0.985 
0.016 0.995 0.176 0.958 0.996 
0.019 0.995 0.278 0.938 0.996 
0.014 0.996 0.161 0.958 0.996 
0.013 0.996 0.161 0.958 1.000 
0.020 0.995 0.078 0.980 1.000 
0.035 0.997 0.239 0.948 0.996 
0.036 0.991 0.145 0.948 0.982 
0.011 0.996 0.169 0.948 0.924 
0.027 0.994 0.220 0.930 0.978 
0.019 0.995 0.106 0.970 0.927 
0.018 0.995 0.085 0.980 0.978 
0.015 0.994 0.196 0.948 0.942 
0.023 0.995 0.141 0.945 0.880 
0.021 0.995 0.099 0.968 0.956 
0.011 0.997 0.124 0.958 0.985 
0.027 0.994 0.061 0.983 0.927 
0.015 0.996 0.071 0.983 0.964 
0.096 0.994 0.394 0.917 0.960 
0.019 0.995 0.182 0.938 0.996 
0.017 0.996 0.184 0.940 0.978 
0.012 0.998 0.194 0.940 0.985 
0.017 0.994 0.149 0.955 0.989 
0.014 0.996 0.080 0.980 0.993 
0.022 0.994 0.165 0.943 0.956 
0.011 0.997 0.131 0.965 0.985 
0.018 0.996 0.095 0.975 0.989 
0.018 0.995 0.157 0.945 0.996 
0.013 0.996 0.197 0.940 0.989 
0.013 0.995 0.201 0.935 0.985 
0.041 0.994 0.234 0.935 1.000 
0.017 0.995 0.128 0.960 1.000 
0.013 0.998 0.100 0.975 0.993 
0.026 0.994 0.157 0.955 0.993 
0.017 0.996 0.088 0.980 0.996 
0.015 0.995 0.115 0.973 0.993 
0.012 0.997 0.157 0.955 0.996 
0.027 0.993 0.114 0.963 0.993 
0.018 0.995 0.116 0.958 0.971 
0.017 0.995 0.097 0.978 1.000 
0.012 0.996 0.164 0.950 0.993 
0.009 0.998 0.107 0.973 1.000 
0.019 0.996 0.267 0.932 0.989 
0.016 0.996 0.189 0.935 0.996 
0.009 0.997 0.096 0.978 1.000 
0.022 0.995 0.110 0.978 0.985 
0.025 0.995 0.155 0.943 1.000 
0.023 0.994 0.112 0.970 0.996 
0.021 0.995 0.158 0.943 0.996 
0.015 0.995 0.076 0.983 0.989 
0.010 0.997 0.116 0.970 0.996 
0.016 0.995 0.113 0.970 0.993 
0.017 0.995 0.084 0.983 0.989 
0.018 0.995 0.097 0.978 1.000 
0.013 0.996 0.087 0.983 0.989 
0.030 0.993 0.180 0.945 0.996 
0.015 0.996 0.207 0.932 0.996 
0.011 0.997 0.107 0.978 0.989 
0.017 0.995 0.106 0.973 0.985 
0.012 0.996 0.129 0.968 0.996 
0.014 0.997 0.161 0.948 0.989 
0.017 0.995 0.106 0.975 0.993 
0.023 0.996 0.172 0.935 0.993 
0.048 0.996 0.161 0.935 0.996 
0.025 0.993 0.250 0.930 0.993 
0.015 0.996 0.173 0.943 1.000 
0.037 0.994 0.122 0.955 1.000 
0.018 0.996 0.086 0.978 0.993 
0.018 0.996 0.157 0.955 0.996 
0.016 0.993 0.075 0.983 0.993 
0.017 0.996 0.196 0.935 0.869 
0.024 0.995 0.090 0.978 0.993 
0.021 0.994 0.075 0.980 0.993 
0.017 0.994 0.078 0.978 0.989 
0.018 0.997 0.124 0.968 0.989 
0.016 0.995 0.069 0.980 0.993 
0.018 0.995 0.095 0.978 0.993 
0.013 0.997 0.121 0.978 0.993 
0.023 0.993 0.083 0.980 0.964 
0.012 0.996 0.109 0.975 0.989 
0.031 0.995 0.234 0.932 0.924 
0.017 0.996 0.088 0.978 0.985 
0.015 0.995 0.117 0.975 1.000 
0.026 0.991 0.101 0.968 0.993 
0.014 0.996 0.129 0.963 0.811 
0.013 0.997 0.099 0.968 1.000 
0.013 0.997 0.134 0.958 0.975 
0.018 0.996 0.165 0.945 0.985 
0.014 0.996 0.097 0.980 0.967 
0.015 0.995 0.096 0.973 0.967 
0.010 0.997 0.190 0.938 0.985 
0.021 0.995 0.223 0.930 0.964 
0.013 0.996 0.073 0.978 0.953 
0.017 0.996 0.100 0.975 0.985 
0.018 0.995 0.167 0.938 0.993 
0.015 0.996 0.200 0.935 0.978 
0.017 0.996 0.138 0.960 0.989 
0.016 0.995 0.100 0.975 0.982 
0.022 0.994 0.141 0.960 0.978 
0.014 0.996 0.151 0.955 0.975 
0.018 0.996 0.126 0.963 0.993 
0.007 0.998 0.125 0.960 0.993 
0.019 0.996 0.086 0.975 0.993 
0.025 0.996 0.186 0.965 0.949 
0.020 0.994 0.136 0.960 0.993 
0.026 0.994 0.139 0.950 0.989 
0.012 0.996 0.094 0.975 0.985 
0.023 0.995 0.370 0.927 0.985 
0.016 0.996 0.091 0.975 0.993 
0.012 0.996 0.086 0.980 0.989 
0.020 0.996 0.141 0.958 0.989 
0.018 0.996 0.106 0.968 0.996 
0.013 0.997 0.108 0.978 0.989 
0.038 0.993 0.202 0.940 0.996 
0.008 0.997 0.145 0.958 0.996 
0.016 0.995 0.167 0.940 0.996 
0.014 0.996 0.079 0.983 0.982 
0.014 0.997 0.113 0.963 0.989 
0.011 0.998 0.094 0.975 0.982 
0.020 0.995 0.083 0.983 0.982 
0.015 0.996 0.303 0.925 0.985 
0.019 0.995 0.306 0.968 0.887 
0.028 0.993 0.280 0.930 0.993 
0.017 0.996 0.132 0.960 0.982 
0.016 0.996 0.122 0.973 0.989 
0.014 0.997 0.073 0.983 0.989 
0.012 0.996 0.149 0.960 0.982 
0.016 0.995 0.074 0.983 0.996 
0.014 0.996 0.163 0.963 0.993 
0.015 0.995 0.123 0.980 0.978 
0.028 0.993 0.100 0.975 0.982 
0.013 0.996 0.150 0.963 0.975 
0.018 0.996 0.322 0.920 0.989 
0.017 0.996 0.095 0.973 0.975 
0.010 0.996 0.090 0.980 0.978 
0.018 0.996 0.097 0.970 0.993 
0.036 0.995 0.164 0.950 0.971 
0.013 0.997 0.120 0.965 0.971 
0.015 0.996 0.176 0.950 0.822 
0.022 0.994 0.151 0.958 0.975 
0.013 0.997 0.127 0.970 0.975 
0.028 0.995 0.108 0.955 0.978 
0.028 0.994 0.172 0.955 0.891 
0.015 0.997 0.096 0.973 0.931 
0.012 0.997 0.201 0.938 0.985 
0.015 0.997 0.166 0.963 0.985 
0.020 0.994 0.092 0.983 0.993 
0.023 0.993 0.113 0.965 0.964 
0.036 0.992 0.128 0.963 0.978 
0.015 0.996 0.120 0.960 0.964 
0.017 0.995 0.165 0.958 0.971 
0.008 0.997 0.157 0.953 0.975 
0.047 0.993 0.119 0.960 1.000 
0.015 0.996 0.201 0.938 0.996 
0.015 0.996 0.247 0.935 1.000 
0.022 0.993 0.229 0.940 0.865 
0.015 0.995 0.121 0.968 0.996 
0.023 0.993 0.125 0.955 0.953 
0.035 0.992 0.242 0.935 0.993 
0.023 0.993 0.127 0.965 0.996 
0.015 0.997 0.082 0.980 0.975 
0.011 0.996 0.245 0.932 0.993 
0.028 0.994 0.081 0.983 0.978 
0.019 0.994 0.115 0.965 0.975 
0.015 0.995 0.115 0.970 0.982 
0.015 0.997 0.216 0.938 0.964 
0.015 0.997 0.181 0.938 0.960 
0.029 0.994 0.123 0.968 0.989 
0.019 0.996 0.141 0.953 0.956 
0.014 0.996 0.097 0.975 0.960 
0.027 0.995 0.142 0.950 0.996 
0.011 0.998 0.114 0.968 0.982 
0.016 0.996 0.097 0.973 0.978 
0.027 0.994 0.110 0.973 0.978 
0.012 0.997 0.118 0.963 0.953 
0.017 0.995 0.205 0.932 0.964 
0.015 0.996 0.180 0.940 0.935 
0.011 0.996 0.097 0.978 0.967 
0.008 0.997 0.111 0.970 0.989 
0.015 0.995 0.187 0.940 0.996 
0.018 0.996 0.107 0.970 0.927 
0.017 0.996 0.078 0.983 0.989 
0.013 0.997 0.095 0.975 0.985 
0.031 0.994 0.116 0.965 0.935 
0.016 0.994 0.166 0.960 0.975 
0.017 0.998 0.085 0.983 0.800 
0.020 0.993 0.118 0.983 0.782 
0.027 0.993 0.080 0.983 0.596 
0.014 0.995 0.075 0.983 0.425 
0.034 0.992 0.067 0.980 0.916 
0.029 0.994 0.180 0.945 0.782 
0.015 0.997 0.103 0.970 0.440 
0.011 0.997 0.128 0.963 0.964 
0.015 0.995 0.110 0.968 0.971 
0.013 0.997 0.122 0.968 0.982 
0.021 0.994 0.155 0.955 0.993 
0.017 0.996 0.170 0.950 0.975 
0.010 0.997 0.145 0.958 0.967 
0.016 0.996 0.099 0.973 0.982 
0.015 0.997 0.183 0.943 0.996 
0.007 0.998 0.192 0.958 0.993 
0.012 0.998 0.134 0.963 1.000 
0.031 0.994 0.119 0.965 0.505 
0.013 0.995 0.263 0.932 0.702 
0.009 0.997 0.119 0.968 0.978 
0.028 0.994 0.148 0.950 0.967 
0.018 0.996 0.062 0.983 0.985 
0.020 0.994 0.178 0.950 0.949 
0.018 0.995 0.236 0.970 0.676 
0.028 0.994 0.148 0.960 0.967 
0.026 0.992 0.169 0.950 0.975 
0.014 0.996 0.114 0.968 1.000 
0.012 0.998 0.131 0.955 1.000 
0.018 0.996 0.118 0.963 0.996 
0.019 0.996 0.109 0.973 0.996 
0.011 0.997 0.101 0.978 0.996 
0.029 0.997 0.150 0.965 0.993 
0.017 0.995 0.080 0.980 0.989 
0.013 0.997 0.106 0.973 0.989 
0.013 0.997 0.131 0.960 0.985 
0.015 0.995 0.125 0.968 1.000 
0.026 0.993 0.171 0.945 0.989 
0.011 0.997 0.103 0.970 0.996 
0.021 0.994 0.144 0.955 0.989 
0.011 0.996 0.079 0.978 0.978 
0.014 0.997 0.232 0.938 0.993 
0.010 0.998 0.122 0.955 0.989 
0.021 0.996 0.093 0.975 1.000 
0.014 0.995 0.106 0.968 1.000 
0.021 0.997 0.138 0.960 1.000 
0.007 0.998 0.093 0.980 1.000 
0.013 0.996 0.136 0.955 1.000 
0.015 0.996 0.118 0.968 0.996 
0.014 0.996 0.095 0.975 1.000 
0.013 0.996 0.132 0.965 0.982 
0.021 0.995 0.089 0.975 0.993 
0.009 0.997 0.126 0.960 0.993 
0.022 0.996 0.182 0.943 0.985 
0.034 0.995 0.163 0.958 1.000 
0.023 0.993 0.065 0.983 0.989 
0.020 0.995 0.171 0.943 0.989 
0.007 0.996 0.396 0.920 0.993 
0.011 0.996 0.162 0.950 1.000 
0.011 0.996 0.174 0.945 0.996 
0.019 0.995 0.141 0.970 0.978 
0.016 0.996 0.104 0.975 0.993 
0.018 0.997 0.198 0.943 0.971 
0.022 0.996 0.241 0.932 0.967 
0.016 0.994 0.108 0.970 0.967 
0.007 0.998 0.059 0.980 0.967 
0.030 0.995 0.073 0.983 1.000 
0.019 0.995 0.212 0.940 1.000 
0.022 0.994 0.066 0.983 1.000 
0.028 0.995 0.302 0.930 1.000 
0.022 0.997 0.212 0.945 0.996 
0.014 0.996 0.146 0.955 0.996 
0.015 0.996 0.130 0.953 0.989 
0.023 0.996 0.095 0.973 1.000 
0.013 0.997 0.091 0.975 0.996 
0.028 0.996 0.092 0.973 1.000 
0.021 0.995 0.098 0.975 1.000 
0.014 0.996 0.123 0.965 0.982 
0.013 0.995 0.095 0.980 0.996 
0.009 0.997 0.086 0.983 1.000 
0.018 0.994 0.163 0.948 0.985 
0.020 0.995 0.103 0.973 0.993 
0.014 0.997 0.101 0.973 0.996 
0.016 0.994 0.103 0.973 0.982 
0.021 0.996 0.135 0.955 0.982 
0.010 0.998 0.065 0.983 0.985 
0.016 0.996 0.101 0.970 0.895 
0.014 0.995 0.113 0.963 0.985 
0.011 0.996 0.078 0.980 0.989 
0.025 0.994 0.180 0.945 0.971 
0.015 0.995 0.122 0.960 0.964 
0.012 0.997 0.076 0.983 0.985 
0.016 0.995 0.113 0.965 0.956 
0.015 0.996 0.063 0.983 0.924 
0.019 0.995 0.079 0.978 0.949 
0.023 0.995 0.079 0.978 0.964 
0.015 0.995 0.100 0.968 0.927 
0.013 0.996 0.129 0.960 0.945 
0.013 0.997 0.090 0.970 0.993 
0.017 0.995 0.169 0.960 0.982 
0.010 0.998 0.164 0.958 0.996 
0.016 0.996 0.139 0.960 0.953 
0.017 0.995 0.136 0.965 0.985 
0.024 0.994 0.104 0.973 0.956 
0.010 0.996 0.101 0.968 0.982 
0.026 0.995 0.095 0.973 0.735 
0.024 0.996 0.124 0.965 0.982 
0.016 0.995 0.137 0.963 1.000 
0.012 0.996 0.082 0.983 0.800 
0.015 0.996 0.106 0.965 0.731 
0.020 0.993 0.183 0.955 0.931 
0.013 0.997 0.103 0.963 0.985 
0.008 0.998 0.095 0.983 0.975 
0.025 0.994 0.153 0.973 0.847 
0.029 0.993 0.135 0.958 0.840 
0.015 0.996 0.118 0.963 0.847 
0.016 0.994 0.115 0.963 0.902 
0.020 0.994 0.114 0.965 0.956 
0.030 0.993 0.076 0.983 0.989 
0.017 0.996 0.128 0.963 0.989 
0.012 0.996 0.096 0.975 0.989 
0.019 0.995 0.125 0.963 0.985 
0.014 0.996 0.110 0.970 0.989 
0.014 0.996 0.165 0.953 0.989 
0.011 0.996 0.084 0.978 0.989 
0.012 0.997 0.146 0.965 0.964 
0.015 0.995 0.097 0.980 0.971 
0.025 0.994 0.090 0.965 0.993 
0.012 0.997 0.094 0.970 1.000 
0.022 0.994 0.079 0.983 0.985 
0.020 0.996 0.072 0.983 0.985 
0.011 0.996 0.123 0.963 0.978 
0.016 0.995 0.093 0.973 0.989 
0.012 0.996 0.190 0.953 0.982 
0.014 0.995 0.246 0.938 0.996 
0.021 0.996 0.097 0.975 0.978 
0.015 0.996 0.052 0.983 0.982 
0.014 0.997 0.114 0.963 0.815 
0.007 0.998 0.109 0.965 0.745 
0.014 0.996 0.081 0.983 0.953 
0.008 0.998 0.050 0.983 0.880 
0.038 0.993 0.138 0.960 0.920 
0.013 0.997 0.124 0.965 0.985 
0.013 0.997 0.095 0.980 0.785 
0.022 0.994 0.086 0.975 0.967 
0.021 0.993 0.098 0.968 0.265 
0.014 0.996 0.120 0.963 0.684 
0.037 0.996 0.119 0.965 0.964 
0.016 0.996 0.069 0.983 0.978 
0.015 0.996 0.088 0.975 0.989 
0.018 0.995 0.064 0.980 0.989 
0.023 0.995 0.079 0.983 0.975 
0.009 0.998 0.121 0.965 0.924 
0.014 0.995 0.083 0.980 0.964 
0.019 0.997 0.118 0.965 0.945 
0.009 0.998 0.148 0.953 0.996 
0.013 0.997 0.180 0.945 0.989 
0.033 0.996 0.239 0.930 0.996 
0.018 0.995 0.093 0.978 0.338 
0.018 0.993 0.159 0.955 0.607 
0.016 0.996 0.121 0.960 0.567 
0.009 0.998 0.109 0.958 0.964 
0.017 0.996 0.088 0.978 0.578 
0.019 0.996 0.096 0.970 0.735 
0.014 0.997 0.276 0.938 0.949 
0.025 0.994 0.101 0.973 0.982 
0.017 0.994 0.144 0.958 0.996 
0.022 0.994 0.222 0.932 0.978 
0.018 0.995 0.082 0.978 0.978 
0.018 0.994 0.137 0.963 0.982 
0.010 0.997 0.182 0.953 0.975 
0.015 0.995 0.072 0.980 0.902 
0.009 0.997 0.230 0.958 0.982 
0.020 0.995 0.183 0.955 0.996 
0.017 0.995 0.232 0.940 0.967 
0.009 0.997 0.177 0.958 0.989 
0.027 0.995 0.135 0.960 0.956 
0.017 0.995 0.219 0.935 0.964 
0.033 0.996 0.082 0.983 1.000 
0.022 0.994 0.114 0.968 1.000 
0.014 0.997 0.123 0.965 0.993 
0.059 0.995 0.171 0.950 1.000 
0.011 0.998 0.118 0.973 0.996 
0.016 0.995 0.279 0.935 0.996 
0.018 0.993 0.097 0.978 0.993 
0.014 0.996 0.115 0.965 1.000 
0.017 0.995 0.215 0.945 0.993 
0.017 0.996 0.105 0.978 0.993 
0.014 0.998 0.176 0.953 0.996 
0.019 0.995 0.162 0.943 0.996 
0.009 0.997 0.141 0.968 0.989 
0.019 0.995 0.153 0.960 0.996 
0.029 0.993 0.095 0.975 0.953 
0.015 0.996 0.143 0.965 0.996 
0.014 0.997 0.095 0.978 0.935 
0.012 0.998 0.149 0.960 0.993 
0.014 0.996 0.137 0.965 0.902 
0.017 0.994 0.234 0.945 0.953 
0.016 0.997 0.160 0.955 0.978 
0.020 0.995 0.203 0.940 0.993 
0.011 0.997 0.202 0.960 0.989 
0.026 0.995 0.196 0.943 0.985 
0.008 0.997 0.115 0.970 0.989 
0.018 0.995 0.189 0.968 0.927 
0.018 0.996 0.130 0.963 0.993 
0.016 0.996 0.132 0.960 0.978 
0.022 0.994 0.096 0.970 0.989 
0.017 0.995 0.104 0.963 0.996 
0.019 0.996 0.135 0.953 0.993 
0.014 0.995 0.102 0.973 0.989 
0.025 0.995 0.085 0.980 0.884 
0.022 0.993 0.179 0.940 0.982 
0.018 0.996 0.179 0.943 0.989 
0.025 0.994 0.097 0.968 0.985 
0.018 0.995 0.156 0.948 0.989 
0.010 0.997 0.087 0.973 0.989 
0.015 0.997 0.118 0.975 0.956 
