0.392 0.841 0.190 0.950 0.080 
0.296 0.877 0.225 0.927 0.241 
0.257 0.904 0.169 0.935 0.225 
0.236 0.909 0.147 0.945 0.531 
0.216 0.916 0.129 0.960 0.540 
0.190 0.926 0.101 0.978 0.519 
0.190 0.928 0.142 0.968 0.670 
0.197 0.924 0.139 0.968 0.645 
0.173 0.938 0.102 0.983 0.682 
0.184 0.936 0.081 0.980 0.852 
0.153 0.945 0.080 0.975 0.836 
0.163 0.943 0.093 0.975 0.676 
0.156 0.941 0.099 0.978 0.830 
0.149 0.948 0.086 0.983 0.694 
0.132 0.953 0.089 0.975 0.802 
0.131 0.958 0.067 0.988 0.821 
0.146 0.947 0.098 0.965 0.728 
0.145 0.952 0.082 0.985 0.818 
0.152 0.951 0.100 0.985 0.802 
0.138 0.952 0.088 0.975 0.735 
0.135 0.956 0.105 0.963 0.750 
0.118 0.961 0.078 0.980 0.775 
0.131 0.952 0.068 0.983 0.840 
0.115 0.967 0.065 0.985 0.824 
0.121 0.955 0.069 0.985 0.790 
0.127 0.951 0.076 0.973 0.799 
0.122 0.957 0.079 0.983 0.809 
0.119 0.957 0.079 0.978 0.806 
0.115 0.965 0.085 0.983 0.787 
0.107 0.966 0.087 0.978 0.904 
0.109 0.963 0.074 0.978 0.818 
0.113 0.965 0.086 0.980 0.858 
0.112 0.960 0.106 0.978 0.765 
0.106 0.964 0.079 0.970 0.741 
0.106 0.966 0.080 0.978 0.904 
0.102 0.965 0.069 0.978 0.883 
0.106 0.966 0.070 0.983 0.864 
0.106 0.962 0.090 0.968 0.787 
0.111 0.959 0.076 0.985 0.836 
0.101 0.967 0.057 0.985 0.907 
0.109 0.965 0.084 0.978 0.904 
0.096 0.969 0.091 0.985 0.858 
0.101 0.968 0.075 0.985 0.840 
0.101 0.968 0.075 0.983 0.904 
0.085 0.971 0.070 0.980 0.861 
0.100 0.968 0.068 0.983 0.907 
0.094 0.963 0.076 0.973 0.802 
0.088 0.972 0.082 0.970 0.818 
0.078 0.974 0.064 0.980 0.849 
0.096 0.967 0.075 0.978 0.914 
0.098 0.968 0.075 0.980 0.830 
0.076 0.974 0.079 0.978 0.895 
0.089 0.973 0.067 0.983 0.889 
0.091 0.970 0.125 0.948 0.574 
0.082 0.970 0.059 0.983 0.904 
0.094 0.966 0.067 0.983 0.892 
0.082 0.973 0.073 0.975 0.883 
0.094 0.969 0.075 0.978 0.901 
0.081 0.973 0.059 0.980 0.889 
0.089 0.968 0.064 0.985 0.910 
0.083 0.974 0.059 0.980 0.861 
0.080 0.970 0.064 0.980 0.880 
0.082 0.975 0.075 0.983 0.796 
0.080 0.972 0.081 0.973 0.833 
0.079 0.973 0.080 0.980 0.938 
0.076 0.979 0.055 0.988 0.886 
0.081 0.965 0.045 0.990 0.895 
0.098 0.968 0.067 0.980 0.843 
0.077 0.975 0.085 0.965 0.836 
0.066 0.978 0.046 0.988 0.889 
0.080 0.970 0.075 0.978 0.781 
0.084 0.973 0.051 0.985 0.880 
0.080 0.976 0.085 0.970 0.830 
0.079 0.975 0.054 0.985 0.917 
0.099 0.968 0.065 0.983 0.815 
0.080 0.976 0.059 0.985 0.914 
0.085 0.972 0.091 0.970 0.812 
0.066 0.980 0.060 0.985 0.904 
0.073 0.978 0.059 0.983 0.861 
0.068 0.979 0.061 0.983 0.849 
0.072 0.976 0.077 0.980 0.821 
0.070 0.970 0.060 0.988 0.954 
0.076 0.973 0.065 0.978 0.815 
0.074 0.975 0.058 0.985 0.904 
0.073 0.978 0.071 0.973 0.840 
0.084 0.980 0.070 0.985 0.920 
0.058 0.983 0.037 0.995 0.914 
0.072 0.976 0.068 0.988 0.926 
0.069 0.981 0.072 0.990 0.923 
0.080 0.972 0.053 0.985 0.880 
0.066 0.980 0.054 0.983 0.914 
0.077 0.973 0.078 0.980 0.846 
0.074 0.978 0.061 0.983 0.843 
0.074 0.978 0.049 0.993 0.907 
0.071 0.977 0.050 0.990 0.904 
0.074 0.974 0.048 0.988 0.867 
0.072 0.977 0.051 0.988 0.861 
0.061 0.984 0.062 0.985 0.920 
0.082 0.973 0.059 0.985 0.907 
0.083 0.973 0.064 0.985 0.904 
0.067 0.978 0.058 0.985 0.907 
0.061 0.979 0.053 0.985 0.852 
0.062 0.977 0.060 0.988 0.886 
0.065 0.982 0.059 0.990 0.932 
0.073 0.975 0.045 0.988 0.901 
0.075 0.976 0.074 0.978 0.840 
0.068 0.976 0.056 0.985 0.901 
0.072 0.970 0.059 0.988 0.904 
0.057 0.981 0.055 0.988 0.920 
0.067 0.978 0.058 0.983 0.898 
0.061 0.981 0.055 0.985 0.898 
0.064 0.975 0.051 0.988 0.886 
0.071 0.977 0.043 0.988 0.895 
0.063 0.980 0.065 0.985 0.824 
0.056 0.982 0.049 0.985 0.901 
0.054 0.980 0.045 0.985 0.901 
0.078 0.976 0.060 0.983 0.873 
0.059 0.981 0.051 0.993 0.910 
0.081 0.973 0.059 0.988 0.883 
0.066 0.974 0.048 0.988 0.901 
0.060 0.982 0.043 0.985 0.917 
0.066 0.983 0.045 0.990 0.873 
0.070 0.976 0.046 0.990 0.910 
0.058 0.981 0.049 0.985 0.898 
0.065 0.980 0.042 0.990 0.904 
0.059 0.981 0.052 0.983 0.898 
0.059 0.978 0.052 0.988 0.840 
0.078 0.972 0.064 0.985 0.886 
0.064 0.979 0.042 0.988 0.895 
0.065 0.982 0.057 0.983 0.843 
0.054 0.985 0.057 0.983 0.895 
0.064 0.977 0.060 0.988 0.904 
0.063 0.980 0.044 0.990 0.932 
0.071 0.980 0.076 0.978 0.799 
0.065 0.978 0.051 0.983 0.858 
0.072 0.976 0.057 0.990 0.910 
0.066 0.978 0.043 0.990 0.904 
0.070 0.978 0.048 0.988 0.889 
0.056 0.980 0.047 0.988 0.889 
0.073 0.977 0.074 0.988 0.880 
0.059 0.981 0.047 0.988 0.910 
0.062 0.982 0.052 0.993 0.877 
0.057 0.980 0.043 0.990 0.926 
0.065 0.981 0.061 0.985 0.917 
0.059 0.982 0.054 0.988 0.849 
0.047 0.982 0.056 0.993 0.935 
0.066 0.974 0.056 0.988 0.880 
0.057 0.978 0.042 0.988 0.883 
0.081 0.976 0.044 0.990 0.880 
0.072 0.980 0.053 0.988 0.883 
0.056 0.985 0.060 0.985 0.836 
0.044 0.986 0.047 0.988 0.901 
0.063 0.980 0.068 0.990 0.920 
0.056 0.981 0.046 0.988 0.873 
0.059 0.982 0.053 0.988 0.883 
0.059 0.982 0.057 0.990 0.889 
0.059 0.982 0.058 0.988 0.923 
0.055 0.984 0.054 0.988 0.904 
0.053 0.983 0.082 0.980 0.935 
0.051 0.984 0.052 0.988 0.892 
0.053 0.983 0.069 0.983 0.901 
0.067 0.981 0.064 0.985 0.873 
0.052 0.982 0.051 0.988 0.840 
0.042 0.986 0.053 0.985 0.898 
0.057 0.980 0.070 0.983 0.685 
0.048 0.985 0.047 0.988 0.914 
0.044 0.985 0.047 0.985 0.849 
0.056 0.982 0.052 0.988 0.910 
0.061 0.982 0.050 0.988 0.877 
0.045 0.984 0.042 0.990 0.901 
0.048 0.982 0.063 0.983 0.886 
0.054 0.981 0.056 0.988 0.886 
0.052 0.981 0.060 0.980 0.944 
0.056 0.982 0.062 0.978 0.849 
0.068 0.981 0.060 0.980 0.917 
0.052 0.984 0.064 0.988 0.886 
0.047 0.985 0.050 0.985 0.855 
0.063 0.980 0.054 0.988 0.910 
0.051 0.984 0.085 0.985 0.920 
0.055 0.985 0.053 0.990 0.877 
0.055 0.982 0.052 0.985 0.886 
0.035 0.988 0.051 0.988 0.889 
0.048 0.984 0.050 0.980 0.923 
0.060 0.980 0.052 0.988 0.917 
0.055 0.980 0.062 0.988 0.861 
0.049 0.985 0.054 0.990 0.889 
0.057 0.978 0.047 0.988 0.892 
0.053 0.983 0.051 0.988 0.904 
0.057 0.980 0.048 0.990 0.917 
0.051 0.984 0.059 0.988 0.883 
0.059 0.983 0.061 0.988 0.944 
0.059 0.980 0.047 0.990 0.923 
0.052 0.982 0.059 0.985 0.935 
0.062 0.984 0.054 0.985 0.877 
0.051 0.984 0.048 0.985 0.901 
0.048 0.979 0.041 0.988 0.901 
0.058 0.982 0.058 0.985 0.877 
0.047 0.986 0.061 0.988 0.867 
0.052 0.986 0.055 0.988 0.892 
0.054 0.982 0.054 0.988 0.901 
0.051 0.985 0.052 0.985 0.840 
0.058 0.981 0.057 0.993 0.910 
0.064 0.982 0.053 0.988 0.904 
0.046 0.988 0.042 0.988 0.883 
0.050 0.984 0.040 0.988 0.892 
0.055 0.982 0.056 0.985 0.914 
0.055 0.978 0.052 0.983 0.852 
0.068 0.978 0.044 0.988 0.901 
0.049 0.986 0.051 0.985 0.898 
0.065 0.982 0.053 0.990 0.926 
0.046 0.985 0.051 0.985 0.886 
0.048 0.987 0.054 0.985 0.910 
0.047 0.985 0.052 0.988 0.892 
0.046 0.985 0.044 0.985 0.895 
0.039 0.989 0.047 0.988 0.904 
0.044 0.989 0.054 0.985 0.824 
0.055 0.984 0.056 0.985 0.852 
0.043 0.984 0.049 0.988 0.914 
0.048 0.984 0.050 0.985 0.914 
0.044 0.986 0.058 0.983 0.941 
0.038 0.985 0.047 0.985 0.855 
0.049 0.983 0.053 0.988 0.895 
0.046 0.988 0.044 0.988 0.917 
0.051 0.985 0.047 0.988 0.886 
0.043 0.986 0.043 0.988 0.883 
0.047 0.985 0.049 0.993 0.923 
0.052 0.979 0.047 0.985 0.889 
0.042 0.986 0.045 0.985 0.877 
0.053 0.982 0.051 0.988 0.889 
0.046 0.983 0.060 0.983 0.895 
0.042 0.984 0.057 0.985 0.910 
0.049 0.985 0.040 0.993 0.926 
0.041 0.988 0.039 0.988 0.877 
0.049 0.986 0.044 0.988 0.907 
0.053 0.981 0.045 0.988 0.904 
0.052 0.982 0.048 0.988 0.938 
0.064 0.981 0.046 0.983 0.870 
0.052 0.985 0.048 0.988 0.892 
0.052 0.982 0.064 0.978 0.827 
0.042 0.985 0.050 0.983 0.880 
0.052 0.981 0.045 0.988 0.883 
0.047 0.982 0.070 0.983 0.815 
0.066 0.980 0.045 0.985 0.886 
0.050 0.982 0.044 0.990 0.898 
0.052 0.985 0.049 0.993 0.917 
0.050 0.984 0.045 0.988 0.861 
0.045 0.985 0.045 0.990 0.892 
0.048 0.990 0.049 0.985 0.883 
0.047 0.987 0.048 0.988 0.836 
0.048 0.985 0.045 0.990 0.898 
0.053 0.984 0.063 0.990 0.914 
0.059 0.985 0.062 0.980 0.781 
0.051 0.981 0.046 0.988 0.892 
0.051 0.985 0.068 0.990 0.824 
0.056 0.982 0.052 0.988 0.889 
0.039 0.989 0.048 0.990 0.914 
0.048 0.987 0.055 0.985 0.883 
0.051 0.981 0.054 0.985 0.867 
0.046 0.988 0.046 0.985 0.858 
0.049 0.982 0.046 0.985 0.877 
0.040 0.985 0.045 0.990 0.907 
0.046 0.984 0.048 0.983 0.824 
0.051 0.984 0.052 0.985 0.898 
0.039 0.985 0.045 0.988 0.901 
0.047 0.986 0.049 0.993 0.910 
0.043 0.985 0.044 0.988 0.910 
0.043 0.984 0.049 0.990 0.914 
0.043 0.986 0.049 0.988 0.827 
0.045 0.988 0.042 0.988 0.892 
0.046 0.984 0.045 0.985 0.904 
0.047 0.984 0.044 0.988 0.901 
0.051 0.982 0.054 0.985 0.898 
0.051 0.983 0.049 0.983 0.895 
0.056 0.983 0.056 0.985 0.852 
0.059 0.980 0.047 0.988 0.898 
0.047 0.986 0.050 0.985 0.901 
0.042 0.989 0.048 0.985 0.917 
0.048 0.984 0.074 0.975 0.867 
0.044 0.985 0.066 0.983 0.904 
0.036 0.988 0.068 0.983 0.840 
0.036 0.990 0.058 0.988 0.920 
0.032 0.989 0.041 0.985 0.895 
0.052 0.984 0.051 0.988 0.892 
0.040 0.987 0.060 0.983 0.920 
0.045 0.986 0.042 0.985 0.883 
0.029 0.987 0.050 0.988 0.861 
0.039 0.989 0.053 0.985 0.880 
0.034 0.986 0.050 0.990 0.889 
0.048 0.985 0.049 0.988 0.870 
0.035 0.989 0.044 0.985 0.889 
0.042 0.989 0.048 0.988 0.883 
0.048 0.985 0.047 0.988 0.917 
0.034 0.990 0.064 0.988 0.830 
0.057 0.982 0.044 0.985 0.830 
0.048 0.986 0.049 0.988 0.901 
0.037 0.986 0.047 0.993 0.886 
0.046 0.986 0.063 0.980 0.904 
0.033 0.989 0.057 0.985 0.827 
0.057 0.983 0.060 0.990 0.914 
0.049 0.981 0.046 0.988 0.880 
0.031 0.989 0.039 0.988 0.852 
0.045 0.987 0.047 0.988 0.843 
0.050 0.986 0.043 0.988 0.861 
0.039 0.985 0.045 0.988 0.873 
0.044 0.984 0.048 0.988 0.867 
0.054 0.985 0.049 0.990 0.904 
0.044 0.986 0.051 0.985 0.833 
0.035 0.989 0.054 0.985 0.821 
0.044 0.988 0.058 0.985 0.910 
0.048 0.983 0.061 0.985 0.877 
0.042 0.988 0.045 0.988 0.843 
0.038 0.990 0.081 0.978 0.917 
0.049 0.985 0.062 0.980 0.873 
0.044 0.986 0.047 0.988 0.886 
0.051 0.984 0.050 0.983 0.849 
0.043 0.986 0.066 0.985 0.836 
0.040 0.987 0.052 0.988 0.886 
0.038 0.988 0.044 0.988 0.861 
0.054 0.980 0.048 0.990 0.861 
0.040 0.985 0.047 0.985 0.889 
0.041 0.989 0.087 0.988 0.846 
0.045 0.986 0.056 0.988 0.907 
0.039 0.986 0.081 0.968 0.948 
0.030 0.990 0.048 0.988 0.886 
0.028 0.992 0.044 0.988 0.873 
0.048 0.984 0.071 0.985 0.883 
0.048 0.984 0.059 0.985 0.873 
0.035 0.988 0.043 0.988 0.901 
0.043 0.985 0.048 0.988 0.883 
0.043 0.986 0.046 0.988 0.880 
0.039 0.986 0.047 0.990 0.907 
0.039 0.988 0.041 0.990 0.892 
0.035 0.987 0.042 0.988 0.886 
0.044 0.986 0.042 0.988 0.883 
0.035 0.990 0.038 0.990 0.901 
0.036 0.988 0.045 0.988 0.889 
0.027 0.993 0.046 0.988 0.870 
0.043 0.985 0.050 0.985 0.892 
0.053 0.982 0.059 0.988 0.849 
0.037 0.986 0.040 0.990 0.892 
0.037 0.985 0.043 0.990 0.910 
0.035 0.988 0.044 0.990 0.895 
0.044 0.985 0.044 0.988 0.840 
0.032 0.988 0.074 0.973 0.772 
0.045 0.981 0.046 0.988 0.877 
0.036 0.989 0.079 0.983 0.948 
0.039 0.985 0.042 0.990 0.901 
0.051 0.987 0.072 0.985 0.861 
0.048 0.988 0.045 0.990 0.917 
0.032 0.990 0.047 0.985 0.929 
0.040 0.987 0.046 0.990 0.904 
0.038 0.988 0.046 0.993 0.938 
0.038 0.987 0.045 0.988 0.907 
0.031 0.987 0.057 0.988 0.904 
0.043 0.988 0.050 0.990 0.886 
0.045 0.982 0.045 0.990 0.898 
0.035 0.985 0.055 0.990 0.948 
0.037 0.986 0.051 0.990 0.889 
0.044 0.986 0.066 0.988 0.886 
0.039 0.987 0.048 0.993 0.910 
0.044 0.984 0.054 0.983 0.846 
0.030 0.991 0.070 0.983 0.843 
0.035 0.989 0.049 0.988 0.883 
0.032 0.986 0.056 0.988 0.873 
0.048 0.988 0.045 0.985 0.855 
0.031 0.989 0.055 0.990 0.892 
0.038 0.986 0.056 0.990 0.886 
0.037 0.989 0.049 0.988 0.898 
0.036 0.986 0.077 0.990 0.867 
0.022 0.993 0.064 0.993 0.904 
0.040 0.985 0.063 0.988 0.870 
0.051 0.984 0.047 0.988 0.846 
0.036 0.986 0.052 0.990 0.877 
0.042 0.982 0.063 0.988 0.873 
0.035 0.988 0.055 0.985 0.861 
0.033 0.990 0.046 0.988 0.910 
0.032 0.988 0.089 0.978 0.929 
0.040 0.990 0.036 0.995 0.926 
0.055 0.985 0.047 0.988 0.895 
0.042 0.984 0.055 0.988 0.895 
0.043 0.986 0.052 0.983 0.836 
0.033 0.986 0.045 0.988 0.895 
0.044 0.989 0.048 0.985 0.849 
0.037 0.988 0.048 0.985 0.781 
0.038 0.988 0.064 0.985 0.756 
0.039 0.985 0.042 0.990 0.907 
0.038 0.988 0.063 0.983 0.784 
0.052 0.988 0.037 0.993 0.898 
0.035 0.986 0.047 0.988 0.830 
0.044 0.984 0.046 0.988 0.849 
0.040 0.987 0.053 0.988 0.889 
0.049 0.985 0.066 0.988 0.895 
0.041 0.988 0.055 0.988 0.849 
0.044 0.984 0.048 0.988 0.861 
0.046 0.989 0.053 0.988 0.846 
0.032 0.989 0.046 0.990 0.852 
0.028 0.990 0.056 0.988 0.846 
0.042 0.986 0.043 0.990 0.877 
0.036 0.988 0.046 0.988 0.867 
0.054 0.981 0.044 0.990 0.833 
0.028 0.989 0.051 0.988 0.864 
0.039 0.989 0.052 0.985 0.821 
0.042 0.985 0.050 0.985 0.861 
0.032 0.989 0.059 0.985 0.796 
0.038 0.991 0.045 0.988 0.846 
0.053 0.984 0.049 0.988 0.861 
0.037 0.986 0.052 0.988 0.877 
0.040 0.989 0.055 0.985 0.812 
0.032 0.990 0.045 0.990 0.877 
0.030 0.991 0.049 0.993 0.892 
0.029 0.989 0.052 0.990 0.858 
0.038 0.988 0.051 0.988 0.904 
0.043 0.984 0.041 0.990 0.873 
0.026 0.993 0.038 0.990 0.920 
0.039 0.988 0.049 0.985 0.855 
0.046 0.985 0.048 0.990 0.892 
0.031 0.989 0.051 0.988 0.889 
0.038 0.984 0.053 0.985 0.898 
0.037 0.986 0.062 0.988 0.877 
0.048 0.988 0.051 0.988 0.840 
0.036 0.988 0.044 0.985 0.889 
0.040 0.991 0.045 0.988 0.883 
0.069 0.985 0.060 0.983 0.898 
0.039 0.986 0.046 0.988 0.917 
0.051 0.986 0.043 0.988 0.852 
0.028 0.990 0.050 0.985 0.873 
0.033 0.987 0.046 0.985 0.855 
0.023 0.993 0.067 0.988 0.877 
0.034 0.988 0.039 0.988 0.873 
0.035 0.986 0.087 0.975 0.898 
0.032 0.990 0.049 0.985 0.932 
0.032 0.989 0.043 0.988 0.867 
0.036 0.990 0.042 0.988 0.880 
0.028 0.991 0.051 0.985 0.917 
0.027 0.991 0.054 0.985 0.821 
0.031 0.992 0.046 0.990 0.883 
0.034 0.989 0.052 0.985 0.833 
0.041 0.985 0.044 0.988 0.836 
0.034 0.989 0.040 0.988 0.864 
0.035 0.989 0.039 0.988 0.895 
0.036 0.988 0.040 0.990 0.873 
0.027 0.989 0.043 0.988 0.895 
0.035 0.986 0.071 0.983 0.787 
0.032 0.988 0.053 0.985 0.830 
0.029 0.988 0.045 0.988 0.880 
0.040 0.988 0.040 0.990 0.901 
0.036 0.986 0.045 0.988 0.864 
0.030 0.990 0.046 0.985 0.935 
0.037 0.988 0.044 0.988 0.895 
0.043 0.985 0.060 0.985 0.830 
0.026 0.993 0.050 0.990 0.917 
0.026 0.993 0.038 0.988 0.895 
0.033 0.990 0.047 0.983 0.883 
0.027 0.994 0.045 0.985 0.861 
0.025 0.992 0.036 0.988 0.892 
0.036 0.989 0.042 0.988 0.870 
0.026 0.993 0.058 0.988 0.883 
0.033 0.991 0.045 0.990 0.895 
0.051 0.986 0.041 0.985 0.877 
0.036 0.989 0.048 0.988 0.910 
0.040 0.984 0.052 0.988 0.910 
0.035 0.988 0.048 0.988 0.873 
0.047 0.986 0.061 0.990 0.920 
0.045 0.988 0.044 0.993 0.920 
0.033 0.990 0.041 0.990 0.904 
0.042 0.982 0.045 0.985 0.858 
0.039 0.988 0.050 0.985 0.840 
0.034 0.989 0.051 0.988 0.917 
0.038 0.988 0.037 0.990 0.880 
0.033 0.989 0.052 0.985 0.877 
0.033 0.988 0.051 0.985 0.895 
0.036 0.992 0.039 0.985 0.895 
0.029 0.994 0.045 0.993 0.917 
0.034 0.990 0.048 0.988 0.855 
0.026 0.991 0.038 0.985 0.895 
0.032 0.990 0.037 0.988 0.892 
0.035 0.988 0.039 0.993 0.886 
0.031 0.992 0.041 0.993 0.907 
0.040 0.987 0.041 0.988 0.861 
0.028 0.991 0.048 0.988 0.907 
0.038 0.991 0.045 0.985 0.867 
0.037 0.989 0.050 0.990 0.877 
0.032 0.993 0.045 0.990 0.880 
0.025 0.991 0.040 0.990 0.886 
0.043 0.988 0.045 0.990 0.898 
0.040 0.985 0.050 0.990 0.880 
0.031 0.991 0.050 0.985 0.914 
0.042 0.989 0.041 0.988 0.861 
0.025 0.990 0.046 0.990 0.929 
0.036 0.987 0.041 0.985 0.895 
0.030 0.991 0.056 0.985 0.818 
0.054 0.980 0.047 0.985 0.883 
0.040 0.988 0.038 0.990 0.898 
0.023 0.990 0.046 0.990 0.846 
0.025 0.992 0.066 0.988 0.873 
0.032 0.988 0.038 0.990 0.917 
0.040 0.987 0.050 0.983 0.855 
0.035 0.985 0.041 0.990 0.920 
0.038 0.989 0.041 0.993 0.917 
0.037 0.989 0.050 0.985 0.880 
0.039 0.988 0.044 0.988 0.877 
0.050 0.984 0.056 0.988 0.849 
0.035 0.988 0.055 0.985 0.892 
0.041 0.986 0.043 0.988 0.901 
0.024 0.991 0.045 0.985 0.923 
0.031 0.988 0.038 0.990 0.892 
0.030 0.989 0.039 0.990 0.855 
0.036 0.987 0.047 0.990 0.920 
0.060 0.983 0.048 0.988 0.864 
0.026 0.991 0.046 0.988 0.907 
0.044 0.989 0.076 0.988 0.877 
0.035 0.990 0.043 0.988 0.907 
0.019 0.995 0.070 0.988 0.907 
0.026 0.992 0.041 0.990 0.883 
0.035 0.989 0.037 0.990 0.904 
0.032 0.990 0.056 0.985 0.836 
0.031 0.991 0.055 0.993 0.926 
0.033 0.992 0.048 0.988 0.886 
0.035 0.989 0.048 0.988 0.855 
0.050 0.982 0.047 0.988 0.898 
0.034 0.991 0.045 0.985 0.898 
0.035 0.991 0.060 0.988 0.864 
0.035 0.989 0.043 0.988 0.895 
0.031 0.989 0.053 0.985 0.914 
0.038 0.989 0.056 0.988 0.880 
0.029 0.991 0.036 0.993 0.883 
0.030 0.993 0.044 0.988 0.858 
0.031 0.992 0.044 0.990 0.926 
0.030 0.988 0.044 0.988 0.883 
0.034 0.990 0.053 0.993 0.923 
0.036 0.990 0.077 0.978 0.938 
0.034 0.990 0.034 0.993 0.886 
0.026 0.992 0.041 0.990 0.895 
0.028 0.991 0.048 0.993 0.898 
0.029 0.990 0.050 0.990 0.877 
0.035 0.990 0.060 0.993 0.895 
0.029 0.991 0.045 0.990 0.892 
0.044 0.989 0.034 0.988 0.880 
0.034 0.989 0.047 0.988 0.880 
0.031 0.988 0.052 0.988 0.873 
0.034 0.989 0.047 0.990 0.907 
0.027 0.989 0.063 0.988 0.843 
0.036 0.986 0.042 0.993 0.898 
0.039 0.990 0.057 0.988 0.895 
0.028 0.991 0.062 0.990 0.873 
0.037 0.988 0.042 0.988 0.849 
0.031 0.993 0.040 0.990 0.923 
0.034 0.990 0.038 0.990 0.895 
0.034 0.989 0.042 0.993 0.904 
0.029 0.992 0.062 0.983 0.861 
0.030 0.992 0.049 0.988 0.880 
0.026 0.991 0.041 0.988 0.873 
0.028 0.990 0.060 0.988 0.840 
0.045 0.988 0.090 0.985 0.843 
0.041 0.987 0.045 0.990 0.877 
0.031 0.989 0.056 0.993 0.923 
0.034 0.988 0.042 0.990 0.818 
0.026 0.993 0.041 0.990 0.877 
0.033 0.991 0.040 0.990 0.923 
0.055 0.987 0.058 0.988 0.920 
0.027 0.990 0.042 0.988 0.870 
0.034 0.990 0.048 0.988 0.861 
0.024 0.991 0.044 0.988 0.935 
0.026 0.992 0.041 0.988 0.880 
0.027 0.991 0.037 0.988 0.867 
0.039 0.987 0.044 0.988 0.889 
0.021 0.993 0.037 0.988 0.901 
0.023 0.992 0.050 0.993 0.923 
0.042 0.989 0.038 0.990 0.886 
0.029 0.991 0.031 0.988 0.898 
0.036 0.990 0.059 0.985 0.858 
0.026 0.991 0.049 0.988 0.929 
0.040 0.988 0.048 0.988 0.886 
0.037 0.987 0.046 0.985 0.843 
0.036 0.986 0.038 0.990 0.892 
0.024 0.994 0.047 0.988 0.907 
0.047 0.988 0.043 0.990 0.910 
0.038 0.988 0.060 0.988 0.815 
0.061 0.984 0.039 0.993 0.910 
0.032 0.990 0.035 0.993 0.895 
0.028 0.993 0.043 0.988 0.889 
0.031 0.989 0.038 0.990 0.880 
0.029 0.989 0.037 0.990 0.880 
0.024 0.992 0.042 0.990 0.923 
0.021 0.993 0.037 0.985 0.883 
0.032 0.988 0.044 0.988 0.821 
0.030 0.993 0.052 0.988 0.904 
0.038 0.987 0.042 0.988 0.864 
0.029 0.991 0.038 0.988 0.917 
0.034 0.988 0.052 0.988 0.806 
0.034 0.990 0.048 0.985 0.877 
0.031 0.990 0.055 0.985 0.858 
0.040 0.988 0.072 0.988 0.898 
0.043 0.988 0.048 0.985 0.907 
0.025 0.991 0.050 0.985 0.926 
0.022 0.993 0.054 0.985 0.861 
0.028 0.991 0.067 0.975 0.917 
0.031 0.988 0.042 0.988 0.910 
0.031 0.990 0.041 0.990 0.898 
0.028 0.993 0.041 0.985 0.846 
0.019 0.994 0.046 0.988 0.917 
0.023 0.994 0.063 0.988 0.880 
0.039 0.988 0.045 0.988 0.892 
0.028 0.994 0.040 0.993 0.910 
0.037 0.988 0.041 0.990 0.880 
0.039 0.991 0.041 0.990 0.849 
0.044 0.985 0.053 0.988 0.858 
0.028 0.988 0.049 0.988 0.849 
0.029 0.990 0.047 0.988 0.895 
0.049 0.983 0.035 0.988 0.877 
0.020 0.990 0.049 0.985 0.858 
0.028 0.990 0.073 0.988 0.873 
0.029 0.992 0.056 0.988 0.873 
0.030 0.992 0.045 0.988 0.889 
0.032 0.988 0.043 0.990 0.886 
0.022 0.990 0.076 0.990 0.898 
0.038 0.988 0.054 0.988 0.849 
0.023 0.990 0.046 0.988 0.895 
0.039 0.990 0.127 0.988 0.849 
0.035 0.990 0.048 0.988 0.904 
0.052 0.982 0.048 0.985 0.873 
0.025 0.990 0.062 0.988 0.873 
0.024 0.992 0.043 0.988 0.898 
0.031 0.991 0.043 0.990 0.889 
0.040 0.988 0.051 0.985 0.827 
0.047 0.984 0.040 0.990 0.883 
0.028 0.992 0.041 0.983 0.886 
0.028 0.990 0.046 0.988 0.910 
0.025 0.992 0.038 0.985 0.892 
0.032 0.990 0.054 0.988 0.892 
0.026 0.994 0.040 0.990 0.907 
0.026 0.991 0.034 0.988 0.889 
0.025 0.995 0.047 0.985 0.864 
0.031 0.990 0.039 0.988 0.873 
0.033 0.988 0.045 0.988 0.877 
0.033 0.990 0.047 0.988 0.917 
0.027 0.991 0.034 0.990 0.901 
0.034 0.987 0.041 0.988 0.867 
0.028 0.994 0.041 0.988 0.873 
0.041 0.985 0.038 0.995 0.914 
0.031 0.988 0.040 0.988 0.877 
0.021 0.991 0.045 0.988 0.880 
0.026 0.993 0.042 0.990 0.883 
0.033 0.988 0.045 0.990 0.892 
0.032 0.987 0.077 0.985 0.833 
0.031 0.990 0.053 0.985 0.910 
0.032 0.990 0.040 0.990 0.910 
0.036 0.990 0.033 0.993 0.907 
0.031 0.990 0.043 0.990 0.895 
0.037 0.985 0.040 0.990 0.892 
0.037 0.987 0.063 0.983 0.898 
0.041 0.985 0.055 0.985 0.827 
0.027 0.991 0.037 0.988 0.892 
0.031 0.988 0.039 0.990 0.914 
0.033 0.990 0.050 0.988 0.895 
0.025 0.990 0.050 0.988 0.849 
0.024 0.993 0.041 0.988 0.901 
0.025 0.992 0.041 0.988 0.883 
0.036 0.987 0.048 0.990 0.895 
0.019 0.994 0.045 0.988 0.920 
0.030 0.991 0.047 0.985 0.892 
0.027 0.993 0.037 0.985 0.877 
0.043 0.986 0.047 0.988 0.864 
0.040 0.988 0.047 0.990 0.907 
0.022 0.995 0.074 0.975 0.948 
0.030 0.989 0.084 0.990 0.898 
0.038 0.989 0.040 0.985 0.867 
0.031 0.991 0.042 0.988 0.836 
0.030 0.986 0.068 0.985 0.917 
0.042 0.989 0.042 0.985 0.883 
0.024 0.991 0.048 0.988 0.883 
0.025 0.995 0.034 0.990 0.914 
0.019 0.993 0.041 0.988 0.910 
0.020 0.992 0.039 0.988 0.907 
0.035 0.989 0.037 0.988 0.895 
0.024 0.994 0.038 0.990 0.873 
0.029 0.993 0.045 0.988 0.858 
0.043 0.987 0.044 0.993 0.920 
0.031 0.988 0.039 0.985 0.846 
0.031 0.991 0.038 0.988 0.873 
0.035 0.989 0.038 0.990 0.901 
0.026 0.992 0.036 0.990 0.883 
0.039 0.990 0.043 0.990 0.892 
0.037 0.988 0.065 0.990 0.917 
0.030 0.988 0.066 0.988 0.895 
0.032 0.989 0.041 0.993 0.877 
0.021 0.993 0.046 0.990 0.914 
0.022 0.993 0.050 0.988 0.907 
0.021 0.990 0.057 0.988 0.849 
0.032 0.990 0.069 0.988 0.870 
0.046 0.986 0.044 0.988 0.870 
0.034 0.989 0.053 0.985 0.883 
0.038 0.987 0.042 0.990 0.883 
0.021 0.993 0.051 0.988 0.840 
0.027 0.989 0.050 0.988 0.873 
0.024 0.993 0.058 0.988 0.917 
0.027 0.991 0.059 0.988 0.843 
0.025 0.992 0.062 0.988 0.836 
0.044 0.985 0.045 0.988 0.793 
0.023 0.992 0.047 0.988 0.901 
0.022 0.993 0.045 0.985 0.886 
0.032 0.993 0.058 0.985 0.864 
0.021 0.993 0.095 0.988 0.858 
0.033 0.989 0.068 0.980 0.889 
0.023 0.991 0.049 0.985 0.870 
0.030 0.990 0.058 0.985 0.833 
0.028 0.990 0.061 0.988 0.873 
0.020 0.993 0.059 0.985 0.929 
0.042 0.989 0.035 0.990 0.880 
0.030 0.993 0.038 0.988 0.883 
0.034 0.991 0.062 0.988 0.852 
0.027 0.992 0.036 0.988 0.889 
0.033 0.987 0.037 0.988 0.901 
0.040 0.990 0.077 0.983 0.898 
0.029 0.987 0.075 0.988 0.892 
0.041 0.985 0.057 0.993 0.895 
0.036 0.991 0.056 0.990 0.886 
0.034 0.989 0.060 0.990 0.920 
0.043 0.987 0.051 0.990 0.901 
0.025 0.991 0.067 0.988 0.917 
0.039 0.989 0.052 0.990 0.895 
0.037 0.989 0.047 0.988 0.904 
0.045 0.987 0.057 0.983 0.849 
0.022 0.993 0.049 0.988 0.858 
0.026 0.990 0.049 0.985 0.886 
0.028 0.994 0.032 0.995 0.901 
0.026 0.993 0.035 0.990 0.886 
0.027 0.991 0.067 0.988 0.849 
0.040 0.986 0.043 0.988 0.849 
0.027 0.990 0.037 0.990 0.907 
0.025 0.994 0.039 0.985 0.880 
0.032 0.992 0.038 0.990 0.904 
0.028 0.991 0.045 0.988 0.846 
0.036 0.988 0.048 0.985 0.852 
0.031 0.988 0.033 0.993 0.914 
0.029 0.991 0.065 0.985 0.812 
0.032 0.991 0.041 0.988 0.852 
0.028 0.986 0.037 0.990 0.870 
0.029 0.991 0.043 0.990 0.923 
0.028 0.990 0.049 0.988 0.886 
0.025 0.991 0.048 0.985 0.895 
0.026 0.993 0.045 0.988 0.895 
0.032 0.989 0.039 0.988 0.873 
0.029 0.990 0.049 0.988 0.886 
0.050 0.990 0.075 0.985 0.793 
0.041 0.986 0.066 0.985 0.877 
0.038 0.986 0.081 0.988 0.883 
0.023 0.993 0.111 0.985 0.852 
0.033 0.989 0.053 0.988 0.892 
0.028 0.989 0.043 0.990 0.895 
0.019 0.995 0.048 0.988 0.846 
0.034 0.991 0.071 0.988 0.892 
0.023 0.993 0.055 0.988 0.892 
0.026 0.989 0.039 0.990 0.889 
0.022 0.994 0.046 0.985 0.920 
0.037 0.987 0.042 0.988 0.883 
0.023 0.993 0.036 0.993 0.907 
0.049 0.987 0.047 0.990 0.877 
0.033 0.991 0.038 0.990 0.901 
0.029 0.991 0.038 0.993 0.920 
0.036 0.989 0.044 0.990 0.895 
0.032 0.990 0.036 0.990 0.892 
0.024 0.991 0.033 0.990 0.877 
0.036 0.985 0.041 0.990 0.870 
0.016 0.995 0.036 0.988 0.883 
0.028 0.993 0.040 0.990 0.910 
0.034 0.989 0.045 0.988 0.873 
0.026 0.993 0.036 0.990 0.898 
0.038 0.989 0.038 0.988 0.880 
0.023 0.992 0.036 0.988 0.870 
0.037 0.990 0.034 0.993 0.861 
0.029 0.989 0.037 0.988 0.864 
0.030 0.988 0.039 0.988 0.880 
0.039 0.986 0.033 0.990 0.858 
0.031 0.987 0.037 0.988 0.901 
0.032 0.989 0.040 0.988 0.858 
0.039 0.987 0.043 0.990 0.864 
0.030 0.989 0.038 0.988 0.858 
0.031 0.990 0.040 0.988 0.849 
0.041 0.991 0.045 0.988 0.867 
0.036 0.990 0.043 0.988 0.833 
0.029 0.990 0.036 0.990 0.895 
0.036 0.989 0.051 0.985 0.843 
0.026 0.992 0.044 0.988 0.840 
0.026 0.990 0.048 0.988 0.892 
0.027 0.990 0.034 0.990 0.923 
0.023 0.993 0.045 0.988 0.870 
0.038 0.989 0.042 0.988 0.846 
0.030 0.992 0.044 0.988 0.870 
0.022 0.992 0.046 0.988 0.802 
0.030 0.990 0.054 0.990 0.892 
0.014 0.994 0.064 0.980 0.917 
0.023 0.991 0.062 0.985 0.901 
0.035 0.989 0.044 0.988 0.843 
0.036 0.989 0.069 0.980 0.926 
0.035 0.990 0.041 0.990 0.935 
0.031 0.991 0.066 0.988 0.898 
0.047 0.984 0.057 0.988 0.864 
0.025 0.991 0.047 0.983 0.886 
0.041 0.988 0.046 0.983 0.883 
0.026 0.989 0.041 0.988 0.892 
0.028 0.991 0.061 0.985 0.870 
0.022 0.991 0.046 0.988 0.898 
0.026 0.991 0.043 0.990 0.889 
0.019 0.994 0.047 0.988 0.886 
0.023 0.993 0.039 0.990 0.892 
0.026 0.992 0.056 0.988 0.855 
0.037 0.988 0.039 0.988 0.821 
0.031 0.991 0.036 0.988 0.920 
0.029 0.991 0.047 0.988 0.886 
0.034 0.989 0.061 0.988 0.889 
0.020 0.994 0.052 0.985 0.923 
0.019 0.994 0.048 0.985 0.892 
0.036 0.990 0.037 0.990 0.873 
0.035 0.990 0.037 0.988 0.873 
0.022 0.989 0.058 0.990 0.926 
0.045 0.985 0.047 0.985 0.867 
0.034 0.988 0.041 0.988 0.864 
0.027 0.991 0.086 0.988 0.895 
0.019 0.994 0.096 0.985 0.886 
0.028 0.988 0.053 0.988 0.799 
0.032 0.992 0.039 0.993 0.920 
0.033 0.991 0.059 0.985 0.889 
0.026 0.992 0.081 0.980 0.880 
0.023 0.993 0.057 0.993 0.901 
0.028 0.994 0.057 0.988 0.846 
0.027 0.990 0.042 0.988 0.849 
0.022 0.993 0.083 0.988 0.849 
0.037 0.990 0.035 0.993 0.892 
0.029 0.991 0.054 0.993 0.895 
0.035 0.990 0.057 0.988 0.883 
0.024 0.991 0.063 0.988 0.846 
0.026 0.991 0.064 0.988 0.883 
0.039 0.990 0.047 0.985 0.873 
0.026 0.991 0.050 0.990 0.858 
0.029 0.992 0.051 0.988 0.880 
0.019 0.992 0.070 0.985 0.889 
0.036 0.989 0.048 0.988 0.889 
0.043 0.987 0.051 0.985 0.870 
0.030 0.989 0.044 0.985 0.910 
0.040 0.991 0.042 0.990 0.910 
0.037 0.986 0.049 0.988 0.812 
0.025 0.990 0.086 0.985 0.870 
0.029 0.991 0.049 0.988 0.907 
0.021 0.994 0.037 0.988 0.901 
0.028 0.991 0.035 0.988 0.895 
0.023 0.991 0.042 0.985 0.880 
0.026 0.991 0.039 0.985 0.895 
0.026 0.989 0.063 0.988 0.898 
0.032 0.991 0.050 0.988 0.824 
0.015 0.993 0.036 0.990 0.898 
0.036 0.987 0.039 0.988 0.910 
0.022 0.993 0.042 0.990 0.858 
0.025 0.991 0.049 0.985 0.877 
0.035 0.992 0.048 0.990 0.910 
0.025 0.993 0.041 0.988 0.852 
0.013 0.997 0.051 0.990 0.901 
0.032 0.991 0.034 0.990 0.904 
0.017 0.995 0.056 0.988 0.880 
0.024 0.991 0.059 0.988 0.824 
0.033 0.992 0.052 0.988 0.886 
0.034 0.993 0.060 0.988 0.793 
0.030 0.986 0.036 0.990 0.917 
0.035 0.987 0.050 0.988 0.840 
0.022 0.993 0.053 0.988 0.904 
0.020 0.995 0.050 0.988 0.836 
0.023 0.992 0.055 0.990 0.870 
0.030 0.990 0.047 0.985 0.910 
0.027 0.991 0.057 0.990 0.880 
0.028 0.990 0.049 0.988 0.907 
0.044 0.985 0.045 0.990 0.901 
0.019 0.994 0.072 0.985 0.904 
0.030 0.992 0.067 0.985 0.917 
0.024 0.990 0.062 0.988 0.855 
0.027 0.986 0.065 0.985 0.799 
0.034 0.990 0.037 0.988 0.870 
0.024 0.992 0.050 0.990 0.892 
0.025 0.991 0.052 0.990 0.914 
0.039 0.990 0.046 0.990 0.892 
0.019 0.994 0.100 0.985 0.864 
0.035 0.990 0.051 0.988 0.855 
0.022 0.990 0.047 0.988 0.877 
0.026 0.992 0.034 0.990 0.873 
0.021 0.994 0.058 0.988 0.840 
0.025 0.990 0.045 0.988 0.855 
0.026 0.991 0.038 0.990 0.883 
0.041 0.986 0.041 0.990 0.867 
0.022 0.992 0.060 0.988 0.892 
0.033 0.988 0.052 0.988 0.892 
0.039 0.988 0.047 0.985 0.849 
0.023 0.993 0.070 0.988 0.861 
0.022 0.994 0.078 0.988 0.880 
0.024 0.993 0.062 0.988 0.864 
0.050 0.984 0.069 0.988 0.855 
0.027 0.990 0.066 0.988 0.901 
0.022 0.994 0.063 0.988 0.914 
0.029 0.993 0.080 0.988 0.886 
0.030 0.991 0.050 0.988 0.880 
0.018 0.994 0.069 0.988 0.867 
0.029 0.991 0.052 0.988 0.910 
0.029 0.990 0.060 0.990 0.938 
0.032 0.992 0.048 0.988 0.886 
0.029 0.993 0.068 0.988 0.895 
0.011 0.996 0.058 0.983 0.883 
0.024 0.991 0.075 0.985 0.929 
0.038 0.988 0.037 0.988 0.870 
0.023 0.991 0.058 0.985 0.840 
0.023 0.994 0.053 0.988 0.870 
0.024 0.991 0.118 0.988 0.886 
0.032 0.990 0.048 0.988 0.880 
0.028 0.991 0.046 0.990 0.898 
0.025 0.990 0.057 0.985 0.821 
0.027 0.991 0.081 0.988 0.892 
0.029 0.991 0.088 0.990 0.910 
0.019 0.994 0.112 0.988 0.867 
0.028 0.990 0.077 0.990 0.877 
0.032 0.991 0.060 0.988 0.877 
0.027 0.994 0.051 0.988 0.861 
0.029 0.991 0.061 0.988 0.840 
0.029 0.990 0.044 0.985 0.880 
0.021 0.994 0.058 0.988 0.880 
0.020 0.993 0.065 0.985 0.898 
0.032 0.990 0.047 0.990 0.889 
0.032 0.990 0.104 0.985 0.877 
0.030 0.992 0.087 0.988 0.870 
0.024 0.991 0.052 0.988 0.861 
0.023 0.993 0.081 0.990 0.861 
0.026 0.987 0.047 0.990 0.877 
0.020 0.991 0.076 0.988 0.821 
0.019 0.993 0.066 0.980 0.781 
0.031 0.989 0.113 0.988 0.824 
0.036 0.988 0.055 0.988 0.849 
0.031 0.992 0.081 0.985 0.889 
0.032 0.991 0.131 0.985 0.849 
0.040 0.987 0.056 0.990 0.873 
0.020 0.994 0.056 0.985 0.815 
0.036 0.991 0.073 0.988 0.864 
0.028 0.989 0.056 0.985 0.815 
0.039 0.990 0.043 0.988 0.855 
0.032 0.992 0.045 0.988 0.870 
0.031 0.993 0.051 0.990 0.873 
0.042 0.985 0.072 0.988 0.886 
0.033 0.989 0.054 0.988 0.873 
0.029 0.993 0.059 0.988 0.889 
0.030 0.988 0.096 0.988 0.864 
0.028 0.988 0.066 0.988 0.858 
0.011 0.995 0.091 0.988 0.892 
0.022 0.993 0.109 0.990 0.867 
0.028 0.990 0.095 0.988 0.883 
0.019 0.994 0.159 0.988 0.861 
0.041 0.988 0.060 0.988 0.917 
0.022 0.994 0.056 0.988 0.870 
0.029 0.991 0.060 0.985 0.895 
0.042 0.990 0.037 0.988 0.864 
0.036 0.989 0.041 0.990 0.870 
0.032 0.990 0.046 0.988 0.784 
0.032 0.988 0.055 0.988 0.895 
0.035 0.987 0.054 0.985 0.907 
0.018 0.994 0.049 0.988 0.901 
0.027 0.990 0.048 0.988 0.870 
0.025 0.991 0.054 0.988 0.858 
0.017 0.993 0.071 0.973 0.948 
0.024 0.991 0.050 0.985 0.880 
0.038 0.991 0.052 0.985 0.790 
0.035 0.984 0.110 0.988 0.883 
0.036 0.990 0.048 0.985 0.873 
0.029 0.988 0.054 0.988 0.867 
0.035 0.990 0.046 0.988 0.886 
0.022 0.993 0.065 0.988 0.873 
0.030 0.992 0.043 0.985 0.880 
0.027 0.991 0.077 0.988 0.914 
0.040 0.990 0.072 0.988 0.873 
0.041 0.990 0.063 0.985 0.812 
0.034 0.991 0.061 0.983 0.898 
0.027 0.992 0.075 0.980 0.895 
0.026 0.992 0.059 0.988 0.883 
0.021 0.992 0.079 0.988 0.877 
0.031 0.992 0.051 0.988 0.877 
0.024 0.992 0.051 0.988 0.836 
0.021 0.994 0.064 0.988 0.877 
0.023 0.993 0.080 0.988 0.852 
0.029 0.991 0.046 0.988 0.867 
0.020 0.994 0.067 0.988 0.858 
0.026 0.992 0.055 0.988 0.883 
0.022 0.993 0.052 0.988 0.889 
0.031 0.993 0.050 0.988 0.895 
0.044 0.987 0.048 0.985 0.910 
0.031 0.990 0.038 0.988 0.914 
0.025 0.992 0.059 0.988 0.907 
0.015 0.995 0.076 0.988 0.892 
0.031 0.990 0.049 0.988 0.889 
0.016 0.995 0.045 0.988 0.917 
0.029 0.992 0.067 0.988 0.880 
0.030 0.989 0.043 0.985 0.861 
0.032 0.991 0.043 0.985 0.910 
0.021 0.992 0.063 0.988 0.889 
0.041 0.986 0.044 0.990 0.898 
0.028 0.991 0.038 0.988 0.889 
0.038 0.990 0.049 0.988 0.784 
0.024 0.992 0.070 0.985 0.898 
