0.254 0.904 0.124 0.963 1.000 
0.162 0.942 0.130 0.940 1.000 
0.126 0.956 0.113 0.955 1.000 
0.103 0.964 0.067 0.985 1.000 
0.088 0.973 0.124 0.950 1.000 
0.101 0.967 0.077 0.990 1.000 
0.094 0.968 0.075 0.980 1.000 
0.089 0.971 0.088 0.988 1.000 
0.089 0.971 0.074 0.985 1.000 
0.078 0.972 0.076 0.983 0.968 
0.077 0.976 0.092 0.960 0.816 
0.065 0.980 0.106 0.965 0.794 
0.076 0.980 0.101 0.988 1.000 
0.069 0.975 0.081 0.990 1.000 
0.073 0.978 0.075 0.978 0.981 
0.065 0.979 0.090 0.970 0.972 
0.065 0.980 0.092 0.973 0.886 
0.069 0.979 0.106 0.968 0.810 
0.074 0.980 0.092 0.983 0.981 
0.066 0.978 0.101 0.975 0.991 
0.057 0.987 0.050 0.993 0.867 
0.063 0.979 0.033 0.988 0.772 
0.060 0.984 0.055 0.983 0.911 
0.072 0.979 0.049 0.995 0.915 
0.065 0.983 0.097 0.980 0.016 
0.059 0.979 0.035 0.990 0.399 
0.060 0.983 0.046 0.990 1.000 
0.054 0.985 0.042 0.993 0.288 
0.054 0.984 0.047 0.993 0.016 
0.069 0.983 0.093 0.983 0.013 
0.053 0.986 0.055 0.988 0.595 
0.052 0.985 0.040 0.995 0.994 
0.052 0.985 0.057 0.983 0.981 
0.060 0.984 0.073 0.990 0.684 
0.045 0.986 0.026 0.993 0.035 
0.053 0.983 0.046 0.988 0.649 
0.052 0.985 0.033 0.995 0.813 
0.057 0.985 0.049 0.990 0.984 
0.066 0.980 0.051 0.990 0.930 
0.050 0.985 0.084 0.995 0.927 
0.046 0.986 0.069 0.985 0.003 
0.047 0.988 0.087 0.983 0.133 
0.041 0.991 0.023 0.998 0.000 
0.048 0.986 0.031 0.998 0.934 
0.035 0.989 0.021 0.993 0.968 
0.048 0.989 0.083 0.973 0.627 
0.044 0.989 0.039 0.998 0.994 
0.047 0.989 0.118 0.960 0.098 
0.055 0.986 0.049 0.995 0.244 
0.051 0.985 0.033 0.993 0.000 
0.061 0.986 0.088 0.985 0.000 
0.051 0.986 0.057 0.988 0.877 
0.045 0.985 0.047 0.990 0.070 
0.047 0.986 0.056 0.990 0.000 
0.046 0.986 0.044 0.998 0.000 
0.043 0.990 0.093 0.985 0.000 
0.046 0.988 0.146 0.983 0.000 
0.041 0.990 0.044 0.990 0.690 
0.042 0.988 0.065 0.975 0.956 
0.039 0.989 0.062 0.985 0.013 
0.038 0.986 0.076 0.975 0.573 
0.062 0.982 0.100 0.963 0.892 
0.040 0.990 0.023 0.998 0.104 
0.038 0.988 0.017 0.998 0.003 
0.052 0.989 0.024 0.995 0.997 
0.043 0.988 0.043 0.980 1.000 
0.041 0.991 0.055 0.988 1.000 
0.044 0.989 0.052 0.983 0.386 
0.050 0.987 0.036 0.988 1.000 
0.050 0.988 0.038 0.990 0.519 
0.032 0.992 0.043 0.995 0.459 
0.045 0.988 0.042 0.990 0.937 
0.035 0.992 0.037 0.990 0.978 
0.037 0.992 0.033 0.988 0.997 
0.040 0.988 0.075 0.988 0.722 
0.034 0.991 0.047 0.995 0.918 
0.041 0.991 0.074 0.983 0.943 
0.030 0.994 0.082 0.978 0.032 
0.038 0.990 0.023 0.995 0.994 
0.034 0.992 0.046 0.988 0.987 
0.043 0.989 0.078 0.978 0.478 
0.038 0.990 0.081 0.980 0.797 
0.042 0.990 0.036 0.990 0.354 
0.037 0.990 0.048 0.983 0.908 
0.036 0.993 0.023 0.998 0.085 
0.046 0.989 0.119 0.955 0.991 
0.044 0.989 0.058 0.988 0.589 
0.047 0.989 0.044 0.990 0.759 
0.043 0.989 0.058 0.990 0.911 
0.039 0.988 0.084 0.980 0.003 
0.040 0.989 0.053 0.983 0.158 
0.025 0.995 0.090 0.983 0.522 
0.033 0.990 0.088 0.985 0.009 
0.041 0.990 0.071 0.988 0.003 
0.028 0.993 0.054 0.988 0.997 
0.041 0.988 0.081 0.990 0.000 
0.045 0.986 0.068 0.990 1.000 
0.033 0.990 0.046 0.995 0.108 
0.032 0.989 0.047 0.978 1.000 
0.038 0.990 0.041 0.990 0.627 
0.032 0.989 0.040 0.988 1.000 
0.054 0.983 0.076 0.980 1.000 
0.045 0.989 0.043 0.988 0.975 
0.036 0.989 0.066 0.990 0.889 
0.031 0.993 0.079 0.983 0.184 
0.026 0.992 0.026 0.993 0.953 
0.025 0.995 0.202 0.932 0.845 
0.030 0.992 0.032 0.995 0.668 
0.031 0.992 0.035 0.995 0.658 
0.051 0.987 0.055 0.985 0.946 
0.036 0.993 0.090 0.980 0.386 
0.031 0.992 0.116 0.975 0.161 
0.040 0.990 0.046 0.985 0.864 
0.030 0.991 0.041 0.993 0.981 
0.040 0.988 0.088 0.973 1.000 
0.029 0.995 0.069 0.980 0.547 
0.031 0.989 0.164 0.950 0.835 
0.034 0.992 0.058 0.993 1.000 
0.031 0.991 0.124 0.953 0.949 
0.034 0.993 0.073 0.983 0.867 
0.024 0.994 0.050 0.990 1.000 
0.038 0.991 0.050 0.990 0.987 
0.020 0.993 0.059 0.985 0.911 
0.033 0.989 0.036 0.990 0.449 
0.025 0.996 0.028 0.998 0.816 
0.026 0.994 0.031 0.990 0.465 
0.034 0.992 0.028 0.990 0.994 
0.037 0.988 0.025 0.998 0.699 
0.043 0.989 0.055 0.990 0.991 
0.030 0.992 0.063 0.990 0.883 
0.039 0.990 0.041 0.995 0.987 
0.027 0.992 0.044 0.985 0.994 
0.028 0.991 0.075 0.978 0.829 
0.030 0.992 0.052 0.985 0.000 
0.020 0.993 0.030 0.990 0.405 
0.034 0.992 0.034 0.995 0.000 
0.022 0.995 0.031 0.990 0.168 
0.033 0.990 0.037 0.988 0.009 
0.032 0.994 0.019 0.998 0.965 
0.020 0.995 0.033 0.993 0.997 
0.045 0.987 0.050 0.995 0.462 
0.026 0.995 0.045 0.990 0.041 
0.031 0.993 0.022 0.995 0.244 
0.018 0.995 0.057 0.985 0.981 
0.035 0.991 0.030 0.990 0.981 
0.031 0.991 0.042 0.990 0.984 
0.035 0.989 0.032 0.990 0.994 
0.037 0.991 0.056 0.985 0.981 
0.030 0.992 0.045 0.993 0.491 
0.023 0.992 0.050 0.990 0.816 
0.030 0.991 0.088 0.960 0.320 
0.028 0.992 0.065 0.990 0.003 
0.030 0.991 0.030 0.995 0.994 
0.020 0.993 0.036 0.993 1.000 
0.035 0.992 0.076 0.985 0.994 
0.042 0.986 0.120 0.978 0.953 
0.030 0.991 0.083 0.975 0.991 
0.031 0.992 0.121 0.965 0.690 
0.020 0.995 0.048 0.993 0.975 
0.031 0.990 0.058 0.988 0.987 
0.028 0.989 0.044 0.993 0.867 
0.027 0.992 0.126 0.983 0.003 
0.037 0.990 0.129 0.983 0.000 
0.025 0.993 0.050 0.990 0.921 
0.020 0.996 0.065 0.980 0.994 
0.017 0.994 0.080 0.985 0.335 
0.027 0.991 0.034 0.993 0.994 
0.030 0.992 0.067 0.973 0.981 
0.032 0.992 0.029 0.995 0.994 
0.031 0.991 0.032 0.985 1.000 
0.022 0.994 0.056 0.970 1.000 
0.036 0.986 0.054 0.983 0.608 
0.022 0.992 0.096 0.980 0.117 
0.025 0.992 0.032 0.990 0.978 
0.025 0.992 0.057 0.980 1.000 
0.023 0.994 0.051 0.973 0.997 
0.034 0.990 0.087 0.970 0.658 
0.025 0.993 0.036 0.980 0.975 
0.026 0.994 0.048 0.985 1.000 
0.035 0.992 0.051 0.983 1.000 
0.030 0.993 0.028 0.993 1.000 
0.024 0.993 0.056 0.985 0.968 
0.035 0.986 0.067 0.973 0.905 
0.025 0.993 0.047 0.985 0.794 
0.025 0.990 0.055 0.980 0.472 
0.027 0.992 0.028 0.990 0.180 
0.024 0.993 0.043 0.983 0.949 
0.029 0.992 0.051 0.985 0.449 
0.030 0.991 0.028 0.995 0.968 
0.026 0.992 0.068 0.980 1.000 
0.026 0.993 0.129 0.953 0.997 
0.017 0.995 0.059 0.993 0.684 
0.025 0.993 0.064 0.983 1.000 
0.024 0.993 0.077 0.978 0.057 
0.028 0.992 0.090 0.980 0.288 
0.029 0.995 0.099 0.970 0.975 
0.030 0.990 0.067 0.980 0.054 
0.021 0.993 0.058 0.983 1.000 
0.016 0.995 0.062 0.985 0.918 
0.047 0.991 0.054 0.985 0.206 
0.025 0.993 0.055 0.980 0.532 
0.025 0.994 0.052 0.990 0.513 
0.023 0.994 0.068 0.975 1.000 
0.030 0.993 0.026 0.995 1.000 
0.026 0.992 0.049 0.988 1.000 
0.031 0.992 0.040 0.993 0.636 
0.024 0.993 0.103 0.975 0.899 
0.022 0.994 0.121 0.975 0.978 
0.025 0.993 0.076 0.980 0.813 
0.031 0.993 0.088 0.990 0.013 
0.024 0.992 0.042 0.995 0.114 
0.023 0.991 0.250 0.970 0.000 
0.023 0.994 0.128 0.978 0.047 
0.038 0.990 0.068 0.985 1.000 
0.026 0.993 0.130 0.985 0.028 
0.023 0.995 0.090 0.988 0.038 
0.030 0.992 0.084 0.985 0.171 
0.033 0.994 0.206 0.975 0.000 
0.021 0.992 0.045 0.995 0.025 
0.042 0.994 0.055 0.990 0.870 
0.022 0.993 0.040 0.988 0.168 
0.019 0.993 0.049 0.990 0.516 
0.025 0.994 0.044 0.985 0.551 
0.024 0.994 0.133 0.968 0.440 
0.020 0.996 0.072 0.985 0.082 
0.022 0.995 0.021 0.998 1.000 
0.021 0.993 0.154 0.988 0.652 
0.027 0.992 0.103 0.983 0.003 
0.021 0.995 0.040 0.988 0.022 
0.020 0.993 0.055 0.980 0.896 
0.030 0.993 0.048 0.990 0.965 
0.015 0.996 0.034 0.993 0.987 
0.028 0.991 0.091 0.993 0.013 
0.022 0.993 0.033 0.995 0.003 
0.029 0.990 0.039 0.995 0.000 
0.036 0.991 0.038 0.993 0.066 
0.026 0.993 0.041 0.993 0.003 
0.025 0.996 0.080 0.980 0.263 
0.021 0.993 0.055 0.985 0.807 
0.021 0.995 0.034 0.990 0.997 
0.024 0.993 0.098 0.970 0.013 
0.028 0.992 0.162 0.985 0.000 
0.026 0.993 0.148 0.958 0.009 
0.025 0.992 0.048 0.983 0.288 
0.016 0.995 0.199 0.968 0.000 
0.021 0.995 0.084 0.993 0.006 
0.026 0.992 0.044 0.980 0.981 
0.022 0.993 0.040 0.990 0.915 
0.014 0.995 0.128 0.963 0.949 
0.035 0.993 0.091 0.973 0.013 
0.013 0.996 0.096 0.968 1.000 
0.016 0.995 0.066 0.975 0.968 
0.034 0.991 0.036 0.995 1.000 
0.022 0.993 0.025 0.998 0.883 
0.018 0.995 0.052 0.980 0.139 
0.028 0.993 0.068 0.983 0.943 
0.016 0.994 0.078 0.985 0.003 
0.017 0.993 0.101 0.980 0.981 
0.022 0.993 0.067 0.983 1.000 
0.015 0.996 0.078 0.990 0.003 
0.034 0.992 0.068 0.985 0.000 
0.018 0.995 0.024 0.995 0.104 
0.022 0.995 0.132 0.978 0.000 
0.035 0.990 0.079 0.973 0.383 
0.023 0.993 0.114 0.978 0.589 
0.022 0.992 0.055 0.993 0.791 
0.034 0.994 0.061 0.980 0.449 
0.015 0.995 0.093 0.985 0.003 
0.016 0.996 0.130 0.973 0.680 
0.017 0.992 0.174 0.980 0.000 
0.019 0.995 0.043 0.995 0.006 
0.030 0.993 0.071 0.988 0.000 
0.020 0.996 0.109 0.988 0.000 
0.018 0.993 0.140 0.983 0.000 
0.033 0.993 0.056 0.990 0.503 
0.023 0.993 0.070 0.983 0.060 
0.022 0.994 0.106 0.970 0.000 
0.027 0.993 0.070 0.973 0.972 
0.013 0.996 0.058 0.993 0.348 
0.027 0.993 0.050 0.985 0.943 
0.026 0.993 0.134 0.953 0.440 
0.019 0.995 0.042 0.990 0.908 
0.024 0.992 0.098 0.993 0.851 
0.024 0.993 0.062 0.995 0.997 
0.022 0.995 0.163 0.968 0.000 
0.021 0.993 0.109 0.988 0.320 
0.017 0.995 0.075 0.990 0.000 
0.025 0.990 0.054 0.993 0.994 
0.019 0.995 0.025 0.995 1.000 
0.020 0.995 0.031 0.988 0.782 
0.015 0.995 0.039 0.983 0.956 
0.021 0.992 0.036 0.993 0.991 
0.025 0.992 0.104 0.988 0.826 
0.023 0.996 0.060 0.990 1.000 
0.028 0.993 0.060 0.995 0.918 
0.022 0.995 0.059 0.988 0.965 
0.024 0.993 0.240 0.990 0.019 
0.019 0.995 0.119 0.993 0.981 
0.021 0.996 0.088 0.985 0.981 
0.016 0.996 0.088 0.993 0.497 
0.025 0.993 0.101 0.995 0.934 
0.014 0.995 0.126 0.988 0.981 
0.030 0.991 0.055 0.993 0.965 
0.023 0.992 0.076 0.988 0.677 
0.016 0.996 0.123 0.993 0.025 
0.041 0.991 0.069 0.988 1.000 
0.027 0.992 0.088 0.985 0.864 
0.018 0.995 0.062 0.993 1.000 
0.023 0.995 0.060 0.988 1.000 
0.015 0.996 0.090 0.990 0.934 
0.030 0.991 0.126 0.993 0.997 
0.020 0.994 0.135 0.990 0.877 
0.020 0.995 0.098 0.990 0.978 
0.018 0.995 0.165 0.980 0.269 
0.023 0.996 0.157 0.983 0.706 
0.023 0.993 0.136 0.985 0.044 
0.027 0.992 0.082 0.993 0.997 
0.020 0.994 0.284 0.983 0.006 
0.017 0.997 0.076 0.993 0.994 
0.028 0.992 0.051 0.993 0.975 
0.018 0.995 0.046 0.993 1.000 
0.014 0.995 0.020 0.995 0.911 
0.027 0.995 0.038 0.988 0.994 
0.030 0.992 0.099 0.993 0.000 
0.015 0.996 0.028 0.995 0.070 
0.019 0.995 0.115 0.978 1.000 
0.014 0.996 0.120 0.985 0.000 
0.023 0.995 0.052 0.985 0.617 
0.025 0.993 0.025 0.993 0.013 
0.025 0.992 0.050 0.985 0.377 
0.015 0.993 0.039 0.993 0.782 
0.012 0.995 0.016 0.993 0.089 
0.018 0.996 0.020 0.995 0.972 
0.012 0.997 0.029 0.993 0.070 
0.026 0.994 0.052 0.983 0.481 
0.021 0.993 0.050 0.993 0.658 
0.021 0.992 0.023 0.993 0.978 
0.016 0.996 0.026 0.995 0.991 
0.025 0.992 0.072 0.983 0.747 
0.030 0.993 0.040 0.995 1.000 
0.019 0.993 0.134 0.993 0.114 
0.026 0.990 0.057 0.993 0.981 
0.027 0.993 0.108 0.985 0.057 
0.031 0.993 0.038 0.993 1.000 
0.013 0.996 0.080 0.985 0.756 
0.019 0.993 0.039 0.993 1.000 
0.023 0.992 0.463 0.980 0.392 
0.033 0.995 0.245 0.980 1.000 
0.026 0.993 0.167 0.983 0.829 
0.015 0.996 0.175 0.985 1.000 
0.028 0.992 0.097 0.988 0.696 
0.015 0.995 0.052 0.988 1.000 
0.020 0.995 0.072 0.985 1.000 
0.019 0.995 0.180 0.983 0.991 
0.009 0.997 0.159 0.993 0.085 
0.026 0.992 0.249 0.980 0.000 
0.036 0.992 0.032 0.995 1.000 
0.023 0.993 0.131 0.985 0.342 
0.020 0.995 0.092 0.983 0.968 
0.024 0.994 0.078 0.990 0.997 
0.023 0.993 0.126 0.983 0.899 
0.021 0.993 0.197 0.985 0.161 
0.015 0.995 0.080 0.975 0.921 
0.029 0.992 0.021 0.993 0.991 
0.027 0.992 0.076 0.983 0.981 
0.020 0.996 0.193 0.978 0.984 
0.018 0.992 0.141 0.988 0.972 
0.022 0.995 0.144 0.978 1.000 
0.014 0.996 0.177 0.988 0.987 
0.027 0.993 0.056 0.980 1.000 
0.040 0.989 0.115 0.965 0.981 
0.021 0.995 0.024 0.993 1.000 
0.009 0.996 0.024 0.993 1.000 
0.015 0.995 0.071 0.988 0.120 
0.019 0.995 0.083 0.975 1.000 
0.027 0.992 0.046 0.988 1.000 
0.036 0.990 0.061 0.983 1.000 
0.022 0.993 0.043 0.993 0.978 
0.013 0.994 0.022 0.995 0.975 
0.020 0.994 0.089 0.985 0.006 
0.028 0.995 0.060 0.993 0.415 
0.018 0.994 0.050 0.988 0.006 
0.022 0.996 0.052 0.980 0.003 
0.014 0.996 0.036 0.993 0.000 
0.022 0.993 0.031 0.993 0.991 
0.021 0.995 0.020 0.998 0.687 
0.017 0.994 0.109 0.985 0.785 
0.026 0.993 0.093 0.985 0.408 
0.019 0.995 0.070 0.993 0.222 
0.020 0.993 0.218 0.983 0.190 
0.018 0.994 0.067 0.985 0.228 
0.020 0.995 0.055 0.993 0.956 
0.016 0.995 0.167 0.978 0.108 
0.017 0.995 0.035 0.988 0.997 
0.020 0.995 0.037 0.985 0.997 
0.022 0.990 0.040 0.993 0.247 
0.025 0.993 0.021 0.995 0.965 
0.011 0.998 0.041 0.993 0.886 
0.018 0.996 0.098 0.988 0.582 
0.019 0.994 0.119 0.983 0.772 
0.027 0.995 0.074 0.993 1.000 
0.016 0.994 0.077 0.988 1.000 
0.013 0.998 0.108 0.993 0.003 
0.013 0.995 0.143 0.993 0.712 
0.020 0.992 0.323 0.978 0.623 
0.023 0.993 0.139 0.983 0.991 
0.027 0.991 0.108 0.985 0.778 
0.017 0.993 0.182 0.988 0.975 
0.018 0.995 0.180 0.975 0.997 
0.012 0.997 0.253 0.988 0.706 
0.019 0.995 0.261 0.988 0.380 
0.027 0.996 0.038 0.990 1.000 
0.015 0.993 0.203 0.978 0.899 
0.017 0.995 0.087 0.985 0.981 
0.019 0.996 0.144 0.978 0.003 
0.013 0.995 0.284 0.993 0.003 
0.020 0.994 0.063 0.993 1.000 
0.016 0.994 0.121 0.978 0.168 
0.020 0.995 0.091 0.985 0.921 
0.019 0.995 0.152 0.990 0.000 
0.012 0.998 0.149 0.983 0.630 
0.024 0.995 0.055 0.985 0.911 
0.014 0.996 0.121 0.980 0.715 
0.009 0.999 0.075 0.993 0.997 
0.020 0.995 0.102 0.995 0.623 
0.022 0.995 0.278 0.985 0.718 
0.016 0.995 0.273 0.983 0.405 
0.008 0.998 0.126 0.993 0.987 
0.015 0.993 0.142 0.983 1.000 
0.017 0.995 0.227 0.983 1.000 
0.018 0.994 0.108 0.985 0.323 
0.010 0.996 0.299 0.990 0.032 
0.018 0.994 0.311 0.993 0.120 
0.018 0.996 0.113 0.990 1.000 
0.020 0.995 0.141 0.978 0.000 
0.021 0.993 0.379 0.975 0.927 
0.016 0.995 0.273 0.988 0.174 
0.036 0.995 0.094 0.990 0.962 
0.015 0.994 0.446 0.990 0.617 
0.022 0.994 0.086 0.990 0.956 
0.028 0.995 0.397 0.990 0.718 
0.024 0.992 0.296 0.983 0.991 
0.018 0.995 0.172 0.990 0.108 
0.031 0.994 0.075 0.988 1.000 
0.024 0.993 0.236 0.990 0.991 
0.018 0.996 0.169 0.985 0.994 
0.015 0.996 0.441 0.975 0.994 
0.018 0.995 0.388 0.978 1.000 
0.009 0.996 0.227 0.990 1.000 
0.015 0.995 0.474 0.980 0.861 
0.018 0.993 0.467 0.993 0.826 
0.015 0.994 0.591 0.993 0.000 
0.007 0.998 0.406 0.993 0.854 
0.015 0.995 0.210 0.990 1.000 
0.023 0.992 0.406 0.990 0.525 
0.013 0.996 0.464 0.988 0.991 
0.022 0.993 0.293 0.988 0.797 
0.027 0.994 0.903 0.988 0.165 
0.014 0.995 0.340 0.980 0.905 
0.017 0.996 0.875 0.968 0.000 
0.016 0.994 0.257 0.988 0.880 
0.008 0.999 0.334 0.990 0.778 
0.021 0.993 0.418 0.983 0.168 
0.018 0.995 0.244 0.993 0.759 
0.014 0.997 0.230 0.993 0.880 
0.019 0.994 0.343 0.990 0.000 
0.047 0.993 0.577 0.993 0.000 
0.016 0.995 0.708 0.978 0.000 
0.016 0.993 0.505 0.980 0.076 
0.015 0.995 0.487 0.990 0.054 
0.031 0.993 0.174 0.983 0.810 
0.008 0.996 0.267 0.990 0.000 
0.018 0.997 0.213 0.983 0.592 
0.018 0.995 0.351 0.983 0.000 
0.019 0.996 0.299 0.968 0.503 
0.026 0.994 0.063 0.988 0.364 
0.018 0.994 0.092 0.993 0.696 
0.024 0.993 0.152 0.970 0.991 
0.021 0.992 0.115 0.975 1.000 
0.032 0.994 0.108 0.990 0.968 
0.021 0.994 0.265 0.953 0.636 
0.016 0.995 0.205 0.988 0.000 
0.021 0.995 0.124 0.990 0.009 
0.011 0.997 0.316 0.963 0.000 
0.020 0.993 0.228 0.990 0.000 
0.017 0.996 0.131 0.985 0.000 
0.017 0.995 0.235 0.990 0.000 
0.015 0.994 0.188 0.983 0.000 
0.009 0.998 0.183 0.985 0.383 
0.035 0.994 0.177 0.993 0.000 
0.038 0.991 0.098 0.980 0.997 
0.011 0.998 0.130 0.978 0.994 
0.011 0.995 0.117 0.985 0.750 
0.018 0.994 0.138 0.990 0.041 
0.018 0.995 0.222 0.990 0.009 
0.015 0.994 0.091 0.993 0.835 
0.022 0.996 0.148 0.983 0.934 
0.017 0.995 0.415 0.983 0.206 
0.016 0.996 0.441 0.980 0.446 
0.013 0.996 0.395 0.988 0.180 
0.026 0.994 0.323 0.980 0.016 
0.014 0.995 0.503 0.968 0.000 
0.032 0.995 0.180 0.983 0.870 
0.010 0.998 0.453 0.970 0.000 
0.016 0.995 0.282 0.988 0.000 
0.012 0.996 0.464 0.985 0.000 
0.020 0.995 0.120 0.988 0.886 
0.018 0.995 0.318 0.988 0.396 
0.014 0.995 0.365 0.988 0.130 
0.019 0.994 0.387 0.988 0.741 
0.010 0.996 0.228 0.995 1.000 
0.022 0.992 0.474 0.988 0.000 
0.021 0.995 0.108 0.993 0.778 
0.016 0.996 0.201 0.988 0.079 
0.019 0.995 0.159 0.983 0.142 
0.011 0.996 0.333 0.985 0.133 
0.020 0.993 0.125 0.983 0.652 
0.018 0.996 0.477 0.970 0.250 
0.024 0.993 0.510 0.975 0.006 
0.021 0.993 0.214 0.990 0.456 
0.023 0.995 0.174 0.983 0.468 
0.012 0.995 0.124 0.988 0.968 
0.021 0.996 0.080 0.983 0.991 
0.027 0.993 0.344 0.988 0.801 
0.027 0.990 0.481 0.988 0.003 
0.015 0.995 0.577 0.990 0.013 
0.018 0.995 0.359 0.988 0.579 
0.010 0.998 0.551 0.990 0.772 
0.016 0.994 0.792 0.988 0.114 
0.038 0.994 0.292 0.988 0.082 
0.017 0.995 0.200 0.973 0.991 
0.015 0.996 0.172 0.993 0.896 
0.013 0.998 0.094 0.990 0.956 
0.020 0.994 0.291 0.993 0.142 
0.020 0.996 0.207 0.980 0.975 
0.010 0.996 0.357 0.975 0.003 
0.033 0.992 0.129 0.980 0.199 
0.019 0.993 0.174 0.988 1.000 
0.021 0.996 0.122 0.993 1.000 
0.017 0.993 0.088 0.985 1.000 
0.025 0.992 0.073 0.980 0.880 
0.009 0.997 0.254 0.973 0.582 
0.018 0.994 0.312 0.988 0.003 
0.014 0.995 0.118 0.983 0.687 
0.015 0.996 0.125 0.980 1.000 
0.014 0.996 0.159 0.988 0.003 
0.017 0.996 0.072 0.978 1.000 
0.015 0.996 0.133 0.985 0.320 
0.015 0.995 0.156 0.988 0.247 
0.013 0.997 0.163 0.985 0.487 
0.007 0.999 0.232 0.988 0.329 
0.025 0.992 0.146 0.988 0.009 
0.014 0.996 0.154 0.983 0.161 
0.017 0.995 0.211 0.983 0.225 
0.018 0.997 0.148 0.990 0.728 
0.009 0.997 0.393 0.988 0.576 
0.021 0.992 0.331 0.990 0.646 
0.014 0.995 0.771 0.980 0.013 
0.022 0.995 0.244 0.988 0.978 
0.012 0.996 0.307 0.980 0.987 
0.013 0.996 0.348 0.973 0.968 
0.015 0.996 0.339 0.983 0.965 
0.011 0.996 0.374 0.980 0.981 
0.017 0.994 0.227 0.990 0.997 
0.014 0.996 0.318 0.988 0.994 
0.021 0.993 0.477 0.980 0.918 
0.009 0.997 0.368 0.965 0.984 
0.018 0.994 0.224 0.983 0.991 
0.036 0.990 0.107 0.978 0.997 
0.015 0.996 0.180 0.988 0.826 
0.012 0.997 0.146 0.975 0.997 
0.029 0.992 0.887 0.970 0.136 
0.022 0.994 0.337 0.955 0.997 
0.015 0.996 0.245 0.988 0.975 
0.021 0.994 0.084 0.990 0.674 
0.011 0.997 0.183 0.990 0.826 
0.012 0.995 0.556 0.988 0.443 
0.022 0.996 0.295 0.988 0.013 
0.006 0.997 0.291 0.988 0.538 
0.025 0.993 0.179 0.988 0.918 
0.006 0.998 0.343 0.988 0.987 
0.011 0.997 0.738 0.968 0.972 
0.023 0.994 0.410 0.985 0.725 
0.057 0.993 0.184 0.978 0.997 
0.021 0.995 0.189 0.980 0.956 
0.027 0.992 0.404 0.960 0.813 
0.014 0.995 0.223 0.990 0.066 
0.020 0.992 0.120 0.983 0.987 
0.037 0.993 0.502 0.983 0.320 
0.023 0.993 0.327 0.985 0.997 
0.029 0.990 0.567 0.975 0.196 
0.014 0.995 0.518 0.985 0.627 
0.015 0.996 0.462 0.980 0.718 
0.015 0.995 0.461 0.990 0.275 
0.027 0.995 0.318 0.980 0.196 
0.008 0.998 0.393 0.985 0.655 
0.019 0.995 0.327 0.985 0.269 
0.017 0.994 0.302 0.985 0.383 
0.016 0.995 0.586 0.938 0.066 
0.016 0.995 0.387 0.980 0.373 
0.020 0.994 0.260 0.983 0.380 
0.018 0.994 0.252 0.965 0.987 
0.015 0.995 0.888 0.980 0.013 
0.020 0.992 0.569 0.953 0.671 
0.017 0.995 0.799 0.983 0.411 
0.014 0.994 0.552 0.985 0.652 
0.020 0.993 0.417 0.980 0.807 
0.017 0.993 0.413 0.980 0.984 
0.013 0.995 0.487 0.990 0.734 
0.012 0.997 0.626 0.978 0.611 
0.015 0.994 0.468 0.990 0.370 
0.022 0.995 0.337 0.978 0.902 
0.016 0.995 0.294 0.978 0.832 
0.026 0.993 0.429 0.983 0.000 
0.020 0.993 0.426 0.978 0.000 
0.022 0.995 0.497 0.960 0.000 
0.019 0.995 0.481 0.988 0.006 
0.008 0.996 0.570 0.980 0.000 
0.015 0.995 0.574 0.988 0.991 
0.014 0.995 1.021 0.980 0.000 
0.009 0.996 0.792 0.978 0.785 
0.011 0.998 0.687 0.985 0.041 
0.019 0.995 0.526 0.983 0.579 
0.015 0.996 0.467 0.985 0.411 
0.014 0.997 0.475 0.983 0.918 
0.016 0.995 0.585 0.985 0.003 
0.015 0.995 0.390 0.985 0.953 
0.007 0.997 0.402 0.983 0.057 
0.012 0.996 0.386 0.990 0.611 
0.011 0.996 0.729 0.953 0.785 
0.047 0.995 0.750 0.988 0.000 
0.031 0.993 0.239 0.990 0.984 
0.014 0.995 0.446 0.988 0.576 
0.016 0.997 0.548 0.965 0.997 
0.016 0.998 0.129 0.993 1.000 
0.010 0.995 0.413 0.993 0.899 
0.024 0.995 0.118 0.980 1.000 
0.026 0.992 0.159 0.980 0.997 
0.015 0.996 0.155 0.983 0.984 
0.020 0.993 0.319 0.985 0.725 
0.017 0.995 0.159 0.990 0.889 
0.013 0.995 0.388 0.978 0.984 
0.011 0.996 0.228 0.993 0.991 
0.014 0.996 0.067 0.995 0.997 
0.040 0.993 0.085 0.978 1.000 
0.017 0.996 0.131 0.978 1.000 
0.011 0.998 0.153 0.988 0.832 
0.016 0.996 0.098 0.983 1.000 
0.013 0.996 0.154 0.980 1.000 
0.025 0.993 0.204 0.985 0.991 
0.017 0.993 0.352 0.980 0.500 
0.016 0.995 0.174 0.993 0.462 
0.013 0.995 0.153 0.993 0.981 
0.021 0.994 0.476 0.978 0.949 
0.056 0.992 0.078 0.978 0.997 
0.016 0.995 0.608 0.978 0.000 
0.011 0.996 0.275 0.980 0.813 
0.015 0.994 0.175 0.965 0.835 
0.011 0.996 0.385 0.980 0.889 
0.006 0.998 0.153 0.993 0.937 
0.022 0.994 0.289 0.980 0.579 
0.012 0.997 0.498 0.988 0.769 
0.010 0.996 0.178 0.993 0.870 
0.029 0.993 0.281 0.983 0.703 
0.017 0.996 0.338 0.983 0.579 
0.018 0.995 0.122 0.953 0.627 
0.044 0.994 0.176 0.978 0.902 
0.017 0.995 0.222 0.978 0.854 
0.011 0.997 0.581 0.988 0.000 
0.014 0.994 0.485 0.985 0.000 
0.014 0.996 0.242 0.983 0.946 
0.025 0.995 0.141 0.980 0.978 
0.017 0.995 0.396 0.985 0.187 
0.024 0.995 0.408 0.980 0.915 
0.017 0.993 0.420 0.983 0.867 
0.020 0.993 0.621 0.988 0.133 
0.024 0.995 0.357 0.978 0.968 
0.013 0.995 0.542 0.980 0.693 
0.019 0.994 0.234 0.985 0.975 
0.021 0.994 0.330 0.953 0.038 
0.011 0.996 0.230 0.988 0.991 
0.016 0.994 0.146 0.990 0.858 
0.012 0.996 0.268 0.990 0.816 
0.016 0.995 0.422 0.985 0.848 
0.016 0.995 0.572 0.983 0.570 
0.014 0.995 0.441 0.978 0.930 
0.007 0.998 0.569 0.985 0.734 
0.024 0.996 0.177 0.980 0.984 
0.032 0.989 0.721 0.980 0.639 
0.013 0.995 0.306 0.973 0.991 
0.017 0.993 0.424 0.978 0.949 
0.009 0.997 0.469 0.985 0.832 
0.022 0.996 0.528 0.990 0.389 
0.023 0.993 0.711 0.988 0.047 
0.036 0.993 0.527 0.983 0.573 
0.012 0.996 0.560 0.993 0.940 
0.015 0.996 1.127 0.983 0.000 
0.014 0.995 1.084 0.980 0.000 
0.023 0.994 0.593 0.980 0.778 
0.019 0.994 0.514 0.965 0.930 
0.010 0.998 0.822 0.985 0.313 
0.019 0.994 0.512 0.988 0.968 
0.012 0.994 0.771 0.983 0.044 
0.009 0.997 0.777 0.978 0.187 
0.025 0.994 0.546 0.983 0.484 
0.012 0.996 0.697 0.985 0.155 
0.018 0.994 0.737 0.988 0.022 
0.014 0.995 0.327 0.980 0.991 
0.019 0.996 0.213 0.980 1.000 
0.015 0.996 0.240 0.993 1.000 
0.014 0.996 0.478 0.985 0.962 
0.027 0.991 0.573 0.950 0.953 
0.009 0.997 0.830 0.985 0.294 
0.018 0.995 0.585 0.980 0.978 
0.007 0.998 0.532 0.983 0.991 
0.007 0.998 0.761 0.978 0.038 
0.025 0.992 0.981 0.975 0.174 
0.016 0.996 0.727 0.988 0.184 
0.010 0.997 0.673 0.980 0.987 
0.017 0.996 0.576 0.993 0.984 
0.013 0.996 0.793 0.988 0.991 
0.019 0.995 0.571 0.985 0.984 
0.011 0.997 1.294 0.983 0.000 
0.017 0.996 0.778 0.990 0.079 
0.006 0.997 0.562 0.993 0.965 
0.015 0.994 0.829 0.978 0.570 
0.025 0.993 0.674 0.983 0.930 
0.016 0.996 0.836 0.975 0.737 
0.011 0.996 0.832 0.988 0.984 
0.012 0.994 1.292 0.975 0.329 
0.015 0.998 1.371 0.978 0.991 
0.014 0.996 1.371 0.980 0.845 
0.012 0.996 1.238 0.990 0.975 
0.016 0.995 1.216 0.983 0.937 
0.048 0.993 0.892 0.983 0.237 
0.015 0.995 0.772 0.975 0.908 
0.017 0.994 0.919 0.985 0.902 
0.023 0.995 0.590 0.980 0.617 
0.012 0.996 0.840 0.990 0.000 
0.017 0.993 0.669 0.978 0.285 
0.029 0.995 0.182 0.988 0.994 
0.011 0.996 0.236 0.980 1.000 
0.009 0.997 0.462 0.990 0.826 
0.016 0.996 0.289 0.990 0.744 
0.013 0.996 0.345 0.990 0.111 
0.019 0.995 0.086 0.990 0.997 
0.036 0.993 1.003 0.990 0.905 
0.017 0.996 0.966 0.988 1.000 
0.007 0.997 1.001 0.990 1.000 
0.016 0.994 1.236 0.978 0.968 
0.040 0.994 0.569 0.993 0.994 
0.018 0.996 0.853 0.970 0.301 
0.016 0.997 0.778 0.973 0.066 
0.014 0.996 0.741 0.988 0.598 
0.012 0.995 0.928 0.990 0.456 
0.014 0.995 0.982 0.990 0.551 
0.019 0.994 0.723 0.990 0.908 
0.026 0.993 0.249 0.990 0.997 
0.014 0.996 0.578 0.985 0.984 
0.013 0.996 0.594 0.983 0.997 
0.005 0.998 0.693 0.968 0.991 
0.014 0.996 0.238 0.980 0.991 
0.007 0.998 0.611 0.980 0.987 
0.019 0.995 0.200 0.985 0.911 
0.010 0.996 0.636 0.975 0.373 
0.018 0.995 0.879 0.963 0.984 
0.005 0.999 0.700 0.985 0.981 
0.028 0.995 0.212 0.963 1.000 
0.017 0.995 0.287 0.975 1.000 
0.017 0.995 0.372 0.983 1.000 
0.016 0.995 0.673 0.978 1.000 
0.017 0.995 0.509 0.983 0.994 
0.026 0.995 1.280 0.985 0.991 
0.016 0.995 0.360 0.968 1.000 
0.012 0.996 0.481 0.980 1.000 
0.026 0.993 0.346 0.980 1.000 
0.013 0.996 0.434 0.985 1.000 
0.014 0.995 0.560 0.980 1.000 
0.015 0.995 0.825 0.975 0.994 
0.018 0.997 0.341 0.975 1.000 
0.015 0.996 0.910 0.985 1.000 
0.019 0.993 0.909 0.968 1.000 
0.010 0.998 0.912 0.973 1.000 
0.015 0.995 0.771 0.978 1.000 
0.027 0.994 0.937 0.985 0.956 
0.011 0.995 0.796 0.980 1.000 
0.018 0.993 1.023 0.985 0.991 
0.010 0.998 1.206 0.985 0.997 
0.021 0.994 0.700 0.975 1.000 
0.015 0.996 1.048 0.938 0.994 
0.023 0.995 0.494 0.985 1.000 
0.017 0.996 0.099 0.995 1.000 
0.006 0.998 0.248 0.988 1.000 
0.026 0.992 0.898 0.978 0.655 
0.009 0.997 0.394 0.978 1.000 
0.010 0.996 0.788 0.978 0.987 
0.021 0.993 0.560 0.980 0.731 
0.021 0.996 0.603 0.970 1.000 
0.014 0.997 0.661 0.985 0.680 
0.034 0.992 1.006 0.993 0.744 
0.016 0.996 1.697 0.975 0.013 
0.018 0.993 1.314 0.985 0.136 
0.023 0.996 0.743 0.973 0.405 
0.026 0.996 1.075 0.980 0.987 
0.013 0.996 1.554 0.985 0.316 
0.007 0.998 1.616 0.990 0.142 
0.016 0.996 1.137 0.983 0.962 
0.048 0.992 2.123 0.983 0.000 
0.012 0.996 1.929 0.990 0.003 
0.006 0.998 2.156 0.988 0.019 
0.028 0.992 1.557 0.973 0.791 
0.015 0.997 1.738 0.988 0.073 
0.023 0.993 1.375 0.985 0.978 
0.011 0.996 1.551 0.978 0.911 
0.008 0.996 1.690 0.985 0.430 
0.027 0.992 0.724 0.968 1.000 
0.021 0.992 0.833 0.965 0.905 
0.011 0.998 0.899 0.985 1.000 
0.015 0.997 0.893 0.990 0.000 
0.023 0.993 1.168 0.963 0.991 
0.009 0.997 1.582 0.985 0.035 
0.017 0.995 1.082 0.973 0.997 
0.008 0.998 1.394 0.983 0.614 
0.010 0.995 1.729 0.955 0.994 
0.018 0.996 0.888 0.988 0.541 
0.011 0.996 1.361 0.988 0.842 
0.020 0.993 0.893 0.985 0.997 
0.009 0.998 1.039 0.990 0.313 
0.014 0.994 1.886 0.983 0.741 
0.022 0.996 1.052 0.970 0.968 
0.014 0.999 1.255 0.985 0.418 
0.013 0.996 1.284 0.985 0.269 
0.017 0.993 1.665 0.988 0.307 
0.023 0.993 0.669 0.990 0.000 
0.013 0.996 0.974 0.965 0.959 
0.021 0.992 1.652 0.960 0.000 
0.009 0.998 2.373 0.975 0.013 
0.010 0.996 1.622 0.980 0.877 
0.012 0.996 1.512 0.985 0.326 
0.012 0.996 3.535 0.965 0.959 
0.010 0.997 1.790 0.985 0.000 
0.017 0.994 0.998 0.980 0.000 
0.013 0.995 1.309 0.990 0.000 
0.020 0.993 0.747 0.980 0.111 
0.015 0.994 1.010 0.978 0.468 
0.005 0.998 1.503 0.985 0.000 
0.015 0.998 1.127 0.983 0.009 
0.026 0.994 1.799 0.975 0.098 
0.025 0.995 0.994 0.985 1.000 
0.029 0.994 0.933 0.983 0.997 
0.020 0.992 0.585 0.993 0.997 
0.013 0.996 0.557 0.985 0.994 
0.009 0.996 0.899 0.978 0.994 
0.024 0.993 0.376 0.980 1.000 
0.012 0.996 3.054 0.990 0.000 
0.030 0.995 1.203 0.980 1.000 
0.007 0.998 2.124 0.985 0.231 
0.009 0.998 1.609 0.980 1.000 
0.022 0.994 1.480 0.985 1.000 
0.010 0.997 2.106 0.983 0.294 
0.021 0.993 2.085 0.975 0.472 
0.010 0.998 2.200 0.983 0.718 
0.016 0.993 2.626 0.975 0.000 
0.037 0.994 1.139 0.975 0.028 
0.017 0.995 1.710 0.973 0.000 
0.012 0.996 1.279 0.953 0.994 
0.012 0.995 1.775 0.983 0.063 
0.012 0.996 1.866 0.990 0.171 
0.016 0.996 1.640 0.978 0.687 
0.010 0.996 2.042 0.980 0.000 
0.026 0.994 0.432 0.970 1.000 
0.012 0.994 1.385 0.945 0.997 
0.015 0.994 0.960 0.975 0.991 
0.007 0.999 1.168 0.975 1.000 
0.009 0.997 1.542 0.985 0.946 
0.012 0.996 1.559 0.983 0.994 
0.013 0.996 1.850 0.985 0.000 
0.013 0.996 1.754 0.980 0.902 
0.007 0.998 1.906 0.983 0.965 
0.020 0.994 1.485 0.983 0.994 
0.021 0.994 2.005 0.968 0.991 
0.021 0.993 1.937 0.968 0.991 
0.012 0.996 1.812 0.978 0.864 
0.011 0.998 2.642 0.983 0.000 
0.026 0.998 1.708 0.975 0.006 
0.013 0.994 1.537 0.983 0.845 
0.007 0.996 1.419 0.988 0.614 
0.020 0.993 0.647 0.978 0.984 
0.021 0.995 1.571 0.985 0.573 
0.013 0.996 1.415 0.978 0.981 
0.009 0.997 1.530 0.978 0.000 
0.012 0.996 1.720 0.983 0.478 
0.020 0.995 1.621 0.968 0.877 
0.017 0.993 1.618 0.988 0.022 
0.012 0.995 1.857 0.985 0.636 
0.004 0.998 1.763 0.988 0.826 
0.011 0.998 2.008 0.983 0.171 
0.025 0.992 1.631 0.978 0.275 
0.011 0.997 1.951 0.985 0.000 
0.006 0.998 2.567 0.978 0.000 
0.023 0.992 0.952 0.980 0.038 
0.019 0.995 1.400 0.975 0.972 
0.016 0.994 1.935 0.973 0.000 
0.006 0.998 1.705 0.985 0.000 
0.008 0.997 1.495 0.980 0.959 
0.029 0.996 0.254 0.980 0.212 
0.023 0.993 0.721 0.985 0.997 
0.012 0.995 0.668 0.985 0.835 
0.015 0.996 0.559 0.980 0.994 
0.019 0.993 0.371 0.993 0.864 
0.016 0.994 0.905 0.975 0.187 
0.007 0.998 1.048 0.945 0.696 
0.010 0.996 0.767 0.990 0.994 
0.011 0.996 0.675 0.988 0.994 
0.016 0.996 0.922 0.978 0.994 
0.011 0.995 0.905 0.990 0.035 
0.020 0.994 1.625 0.985 0.313 
0.007 0.998 0.776 0.978 1.000 
0.005 0.999 0.868 0.970 1.000 
0.015 0.996 1.429 0.985 0.858 
0.039 0.992 0.403 0.973 1.000 
0.013 0.997 0.270 0.990 0.991 
0.023 0.993 0.352 0.980 0.671 
0.015 0.995 1.135 0.980 0.769 
0.038 0.993 1.757 0.948 0.028 
0.011 0.998 0.688 0.970 0.978 
0.010 0.995 0.830 0.975 0.994 
0.009 0.997 0.889 0.980 0.940 
0.021 0.995 0.770 0.975 0.655 
0.011 0.996 0.997 0.975 0.165 
0.012 0.997 1.061 0.980 0.943 
0.031 0.992 0.671 0.988 0.000 
0.018 0.995 0.671 0.978 0.927 
0.015 0.996 0.765 0.978 0.430 
0.013 0.996 1.294 0.978 0.000 
0.006 0.998 1.153 0.978 0.006 
0.023 0.995 0.784 0.978 0.225 
0.015 0.995 0.694 0.985 0.222 
0.006 0.998 1.136 0.980 0.509 
0.015 0.996 0.619 0.980 0.737 
0.025 0.992 0.629 0.978 0.813 
0.016 0.995 1.157 0.983 0.975 
0.007 0.998 1.265 0.953 0.943 
0.018 0.996 0.943 0.978 0.975 
0.037 0.995 0.089 0.983 1.000 
0.016 0.995 0.140 0.968 1.000 
0.013 0.996 0.305 0.980 1.000 
0.010 0.998 0.508 0.980 0.997 
0.019 0.997 2.729 0.943 0.927 
0.017 0.996 1.245 0.990 0.816 
0.011 0.996 1.273 0.983 0.456 
0.053 0.998 1.167 0.963 0.994 
0.015 0.994 1.398 0.985 0.000 
0.011 0.995 1.118 0.968 1.000 
0.017 0.995 1.131 0.975 0.997 
0.020 0.995 1.005 0.960 0.978 
0.021 0.994 0.571 0.988 1.000 
0.017 0.996 1.189 0.980 1.000 
0.014 0.997 0.988 0.963 0.997 
0.010 0.996 1.078 0.985 0.968 
0.015 0.996 0.711 0.978 1.000 
0.017 0.995 0.939 0.988 0.997 
0.016 0.995 1.359 0.940 0.354 
0.013 0.996 0.469 0.973 1.000 
0.013 0.996 0.689 0.980 1.000 
0.020 0.993 1.616 0.980 0.108 
0.013 0.996 0.639 0.988 0.997 
0.020 0.994 1.394 0.983 0.981 
0.010 0.997 0.968 0.985 0.994 
0.018 0.994 1.067 0.985 0.940 
0.033 0.992 0.328 0.973 0.972 
0.011 0.996 0.525 0.978 1.000 
0.019 0.995 0.412 0.983 0.943 
0.017 0.995 0.797 0.968 1.000 
0.011 0.997 0.605 0.980 1.000 
0.013 0.996 0.789 0.983 1.000 
0.011 0.996 0.564 0.980 1.000 
0.018 0.996 0.409 0.985 0.997 
0.015 0.995 0.525 0.990 0.604 
0.014 0.993 1.017 0.978 0.978 
0.012 0.996 1.070 0.985 0.491 
0.008 0.998 1.123 0.985 0.035 
0.017 0.995 0.868 0.978 0.972 
0.011 0.996 1.252 0.985 0.962 
0.035 0.994 0.613 0.978 0.962 
0.016 0.995 0.875 0.958 1.000 
0.008 0.998 1.801 0.945 0.639 
0.021 0.993 1.300 0.975 0.858 
0.024 0.992 0.153 0.970 1.000 
0.025 0.993 0.574 0.983 0.522 
0.019 0.993 0.473 0.990 0.896 
0.023 0.995 0.884 0.983 0.000 
0.018 0.995 0.928 0.990 0.000 
0.011 0.996 0.768 0.990 0.003 
0.007 0.997 0.758 0.980 0.282 
0.013 0.996 0.235 0.993 0.997 
0.011 0.997 0.784 0.990 0.380 
0.014 0.995 0.732 0.988 0.627 
0.007 0.998 0.977 0.990 0.003 
0.014 0.994 0.911 0.990 0.816 
