0.307 0.876 0.099 0.983 1.000 
0.174 0.939 0.115 0.960 1.000 
0.130 0.949 0.097 0.968 0.971 
0.126 0.953 0.087 0.963 1.000 
0.106 0.962 0.083 0.980 1.000 
0.102 0.964 0.063 0.988 1.000 
0.084 0.972 0.099 0.980 1.000 
0.091 0.969 0.120 0.945 0.997 
0.085 0.966 0.104 0.958 1.000 
0.075 0.971 0.082 0.988 1.000 
0.077 0.977 0.083 0.970 0.997 
0.071 0.977 0.070 0.980 0.997 
0.066 0.975 0.057 0.985 1.000 
0.079 0.974 0.061 0.983 1.000 
0.071 0.978 0.054 0.988 0.990 
0.061 0.979 0.078 0.980 1.000 
0.070 0.976 0.132 0.940 0.997 
0.069 0.980 0.090 0.973 1.000 
0.067 0.980 0.052 0.985 1.000 
0.076 0.981 0.081 0.973 0.817 
0.072 0.977 0.077 0.985 1.000 
0.055 0.984 0.071 0.978 1.000 
0.059 0.984 0.050 0.985 1.000 
0.059 0.984 0.067 0.980 1.000 
0.068 0.977 0.081 0.970 1.000 
0.059 0.984 0.053 0.983 1.000 
0.054 0.984 0.068 0.978 0.708 
0.059 0.982 0.050 0.985 0.981 
0.065 0.980 0.065 0.983 0.990 
0.061 0.982 0.129 0.945 0.987 
0.058 0.985 0.064 0.983 1.000 
0.056 0.981 0.073 0.980 0.974 
0.063 0.981 0.089 0.970 0.962 
0.052 0.984 0.065 0.985 1.000 
0.049 0.986 0.065 0.985 1.000 
0.057 0.981 0.060 0.985 1.000 
0.049 0.989 0.071 0.985 0.958 
0.062 0.983 0.043 0.990 0.981 
0.049 0.986 0.088 0.965 0.987 
0.038 0.990 0.057 0.983 0.997 
0.046 0.984 0.043 0.990 0.971 
0.045 0.986 0.047 0.985 0.984 
0.040 0.988 0.121 0.945 0.987 
0.046 0.986 0.050 0.995 0.881 
0.058 0.978 0.061 0.975 0.994 
0.044 0.988 0.132 0.948 0.942 
0.047 0.984 0.055 0.988 0.458 
0.049 0.989 0.062 0.978 0.609 
0.046 0.990 0.051 0.993 0.231 
0.038 0.991 0.050 0.988 0.840 
0.054 0.986 0.057 0.995 0.013 
0.042 0.988 0.067 0.975 0.003 
0.043 0.990 0.047 0.985 1.000 
0.041 0.987 0.046 0.988 1.000 
0.035 0.986 0.054 0.985 1.000 
0.038 0.991 0.096 0.968 0.994 
0.052 0.985 0.039 0.995 0.003 
0.056 0.982 0.042 0.993 0.266 
0.034 0.991 0.064 0.975 0.997 
0.042 0.986 0.057 0.983 0.994 
0.035 0.991 0.068 0.983 0.974 
0.040 0.989 0.051 0.983 0.080 
0.046 0.989 0.094 0.970 0.859 
0.043 0.988 0.050 0.985 0.744 
0.040 0.989 0.045 0.988 0.997 
0.036 0.990 0.045 0.983 0.673 
0.040 0.988 0.049 0.985 0.064 
0.046 0.986 0.093 0.970 0.958 
0.051 0.988 0.058 0.985 1.000 
0.046 0.988 0.054 0.980 0.978 
0.036 0.990 0.048 0.983 0.750 
0.035 0.990 0.051 0.985 0.782 
0.038 0.990 0.056 0.985 0.997 
0.033 0.992 0.045 0.993 0.990 
0.038 0.989 0.063 0.990 0.987 
0.035 0.991 0.065 0.978 0.997 
0.037 0.991 0.047 0.985 0.862 
0.033 0.991 0.044 0.985 0.856 
0.035 0.989 0.052 0.988 1.000 
0.040 0.990 0.115 0.955 0.080 
0.047 0.986 0.064 0.978 0.997 
0.045 0.989 0.042 0.988 1.000 
0.038 0.990 0.053 0.983 0.269 
0.028 0.991 0.079 0.970 0.571 
0.047 0.987 0.063 0.975 0.910 
0.033 0.988 0.051 0.985 0.904 
0.030 0.991 0.066 0.973 0.849 
0.032 0.991 0.056 0.983 0.897 
0.035 0.990 0.039 0.993 0.500 
0.025 0.995 0.035 0.993 1.000 
0.036 0.989 0.045 0.993 0.913 
0.034 0.989 0.039 0.993 1.000 
0.034 0.989 0.058 0.983 0.699 
0.038 0.989 0.099 0.955 0.462 
0.041 0.989 0.044 0.993 0.554 
0.035 0.990 0.053 0.983 0.958 
0.029 0.993 0.035 0.988 0.125 
0.035 0.989 0.041 0.988 0.981 
0.039 0.991 0.048 0.983 0.894 
0.039 0.991 0.035 0.990 1.000 
0.032 0.991 0.046 0.983 0.853 
0.039 0.988 0.048 0.983 0.984 
0.032 0.991 0.055 0.988 0.929 
0.035 0.988 0.045 0.985 0.933 
0.032 0.991 0.058 0.985 1.000 
0.032 0.993 0.035 0.988 1.000 
0.033 0.993 0.053 0.983 0.862 
0.021 0.994 0.057 0.983 1.000 
0.032 0.990 0.042 0.985 0.910 
0.026 0.993 0.030 0.993 1.000 
0.028 0.991 0.038 0.990 0.939 
0.027 0.993 0.041 0.990 0.907 
0.031 0.991 0.055 0.983 0.436 
0.035 0.990 0.062 0.978 0.958 
0.029 0.993 0.051 0.983 0.987 
0.025 0.992 0.028 0.995 0.910 
0.037 0.991 0.050 0.985 0.891 
0.041 0.989 0.047 0.988 0.990 
0.039 0.989 0.036 0.988 0.756 
0.041 0.988 0.037 0.990 0.971 
0.029 0.993 0.038 0.993 0.994 
0.026 0.994 0.030 0.993 0.872 
0.031 0.990 0.045 0.988 0.888 
0.030 0.991 0.035 0.995 1.000 
0.031 0.993 0.045 0.983 0.978 
0.024 0.995 0.032 0.990 0.728 
0.033 0.993 0.078 0.970 0.942 
0.032 0.993 0.038 0.993 0.939 
0.042 0.991 0.037 0.993 0.978 
0.037 0.993 0.060 0.978 0.846 
0.041 0.990 0.038 0.990 0.997 
0.024 0.995 0.040 0.990 0.984 
0.033 0.990 0.039 0.988 0.962 
0.031 0.993 0.040 0.990 0.891 
0.022 0.991 0.049 0.983 1.000 
0.031 0.994 0.035 0.990 0.990 
0.037 0.993 0.045 0.985 0.997 
0.026 0.993 0.030 0.990 1.000 
0.030 0.991 0.042 0.988 0.987 
0.029 0.993 0.046 0.988 1.000 
0.029 0.992 0.051 0.985 0.952 
0.027 0.994 0.050 0.983 1.000 
0.027 0.992 0.038 0.993 1.000 
0.030 0.993 0.058 0.980 1.000 
0.025 0.993 0.044 0.988 1.000 
0.031 0.992 0.046 0.985 1.000 
0.027 0.990 0.049 0.983 1.000 
0.039 0.989 0.036 0.993 1.000 
0.022 0.994 0.044 0.988 0.978 
0.036 0.991 0.030 0.990 1.000 
0.022 0.992 0.042 0.990 0.997 
0.022 0.993 0.035 0.995 1.000 
0.029 0.993 0.064 0.980 1.000 
0.028 0.993 0.034 0.993 1.000 
0.035 0.990 0.051 0.980 1.000 
0.031 0.995 0.051 0.983 1.000 
0.027 0.993 0.043 0.990 0.974 
0.022 0.995 0.034 0.993 1.000 
0.035 0.991 0.072 0.973 1.000 
0.033 0.991 0.052 0.985 0.990 
0.022 0.994 0.039 0.985 1.000 
0.025 0.993 0.054 0.983 0.997 
0.026 0.992 0.041 0.990 1.000 
0.026 0.993 0.048 0.988 1.000 
0.023 0.991 0.040 0.985 1.000 
0.025 0.992 0.054 0.980 1.000 
0.027 0.993 0.033 0.990 1.000 
0.029 0.990 0.041 0.990 1.000 
0.023 0.994 0.076 0.965 0.170 
0.028 0.992 0.032 0.990 0.936 
0.028 0.994 0.035 0.990 0.849 
0.025 0.994 0.041 0.993 0.994 
0.018 0.996 0.041 0.990 0.974 
0.033 0.991 0.099 0.968 0.849 
0.025 0.993 0.041 0.985 0.990 
0.034 0.992 0.048 0.990 0.878 
0.034 0.990 0.054 0.978 0.997 
0.026 0.993 0.044 0.983 0.997 
0.029 0.992 0.036 0.993 0.942 
0.028 0.991 0.036 0.990 0.974 
0.032 0.993 0.050 0.985 0.978 
0.030 0.989 0.060 0.978 1.000 
0.027 0.994 0.032 0.993 0.837 
0.040 0.986 0.056 0.983 0.990 
0.033 0.993 0.060 0.980 0.987 
0.021 0.993 0.037 0.993 0.987 
0.036 0.992 0.080 0.970 1.000 
0.022 0.995 0.038 0.988 1.000 
0.024 0.994 0.052 0.985 0.994 
0.021 0.993 0.038 0.990 1.000 
0.027 0.990 0.041 0.988 0.997 
0.024 0.994 0.032 0.993 0.859 
0.032 0.993 0.047 0.990 0.952 
0.032 0.990 0.046 0.995 0.971 
0.019 0.994 0.049 0.980 0.962 
0.029 0.991 0.040 0.990 1.000 
0.017 0.996 0.034 0.990 1.000 
0.030 0.993 0.036 0.990 1.000 
0.024 0.994 0.053 0.988 1.000 
0.022 0.996 0.048 0.983 1.000 
0.021 0.994 0.107 0.960 1.000 
0.022 0.994 0.058 0.980 1.000 
0.024 0.993 0.041 0.993 1.000 
0.024 0.992 0.060 0.985 0.994 
0.028 0.993 0.043 0.990 0.974 
0.024 0.994 0.045 0.988 1.000 
0.032 0.995 0.037 0.993 0.997 
0.017 0.994 0.038 0.990 0.997 
0.015 0.995 0.063 0.985 0.862 
0.024 0.995 0.046 0.988 0.997 
0.015 0.995 0.044 0.990 0.949 
0.025 0.994 0.076 0.983 0.853 
0.015 0.997 0.032 0.993 0.958 
0.027 0.993 0.037 0.995 0.218 
0.020 0.995 0.045 0.990 0.833 
0.025 0.993 0.052 0.985 0.885 
0.017 0.997 0.051 0.988 0.747 
0.019 0.996 0.101 0.980 1.000 
0.028 0.993 0.042 0.990 1.000 
0.023 0.994 0.043 0.990 0.962 
0.017 0.995 0.032 0.993 0.904 
0.037 0.994 0.038 0.993 0.846 
0.022 0.994 0.035 0.990 0.849 
0.026 0.993 0.043 0.993 1.000 
0.033 0.988 0.038 0.993 0.997 
0.024 0.993 0.041 0.993 0.987 
0.016 0.994 0.035 0.993 0.962 
0.017 0.995 0.049 0.988 0.981 
0.020 0.993 0.118 0.953 0.910 
0.032 0.991 0.053 0.985 0.824 
0.021 0.995 0.052 0.988 0.949 
0.026 0.992 0.039 0.990 0.990 
0.025 0.992 0.065 0.980 0.545 
0.019 0.993 0.040 0.990 0.891 
0.026 0.992 0.052 0.983 0.750 
0.021 0.995 0.032 0.993 0.929 
0.020 0.993 0.036 0.995 0.067 
0.015 0.996 0.051 0.990 0.962 
0.024 0.994 0.034 0.993 0.974 
0.031 0.992 0.039 0.993 0.859 
0.026 0.992 0.030 0.993 0.936 
0.030 0.991 0.036 0.990 0.920 
0.022 0.991 0.030 0.993 0.734 
0.024 0.993 0.049 0.983 0.692 
0.021 0.995 0.036 0.990 0.522 
0.024 0.993 0.037 0.993 0.949 
0.020 0.994 0.028 0.993 0.968 
0.026 0.994 0.056 0.978 0.785 
0.023 0.994 0.043 0.988 0.987 
0.031 0.993 0.032 0.995 0.699 
0.018 0.995 0.060 0.983 0.747 
0.018 0.994 0.034 0.993 0.942 
0.030 0.990 0.046 0.985 0.990 
0.023 0.993 0.030 0.993 0.974 
0.025 0.995 0.053 0.988 0.804 
0.031 0.989 0.045 0.988 0.490 
0.028 0.992 0.035 0.990 0.494 
0.019 0.994 0.032 0.993 0.804 
0.018 0.994 0.047 0.980 0.881 
0.030 0.993 0.060 0.980 0.971 
0.018 0.995 0.035 0.995 0.192 
0.026 0.992 0.049 0.985 0.994 
0.024 0.993 0.030 0.993 1.000 
0.024 0.995 0.041 0.990 0.974 
0.022 0.994 0.037 0.993 0.500 
0.019 0.994 0.059 0.990 1.000 
0.027 0.994 0.048 0.990 1.000 
0.030 0.993 0.074 0.978 1.000 
0.022 0.993 0.046 0.993 1.000 
0.021 0.994 0.040 0.990 0.990 
0.019 0.993 0.035 0.993 0.952 
0.020 0.994 0.051 0.980 0.904 
0.017 0.996 0.059 0.980 0.990 
0.014 0.997 0.045 0.993 0.997 
0.027 0.991 0.060 0.980 1.000 
0.023 0.993 0.038 0.993 0.997 
0.018 0.994 0.057 0.985 0.990 
0.023 0.993 0.037 0.993 1.000 
0.015 0.998 0.041 0.990 1.000 
0.024 0.994 0.113 0.953 1.000 
0.026 0.992 0.040 0.993 1.000 
0.025 0.994 0.032 0.993 1.000 
0.024 0.993 0.047 0.983 1.000 
0.027 0.994 0.052 0.985 1.000 
0.016 0.994 0.040 0.995 1.000 
0.021 0.991 0.047 0.983 1.000 
0.022 0.994 0.044 0.990 1.000 
0.019 0.993 0.030 0.993 1.000 
0.019 0.995 0.036 0.990 1.000 
0.023 0.995 0.051 0.983 0.994 
0.017 0.997 0.036 0.990 0.981 
0.025 0.993 0.060 0.983 1.000 
0.025 0.995 0.033 0.990 1.000 
0.018 0.994 0.037 0.990 1.000 
0.017 0.995 0.027 0.995 0.920 
0.031 0.991 0.040 0.993 0.974 
0.014 0.994 0.057 0.980 0.766 
0.059 0.988 0.060 0.975 0.756 
0.023 0.994 0.052 0.985 0.904 
0.020 0.996 0.061 0.983 0.923 
0.036 0.993 0.100 0.965 0.817 
0.020 0.994 0.036 0.993 0.984 
0.026 0.993 0.034 0.995 0.362 
0.014 0.997 0.036 0.993 0.987 
0.019 0.993 0.041 0.990 1.000 
0.016 0.997 0.048 0.988 0.997 
0.024 0.991 0.041 0.990 1.000 
0.026 0.993 0.036 0.990 0.269 
0.026 0.994 0.043 0.988 0.997 
0.014 0.995 0.036 0.993 0.974 
0.028 0.990 0.037 0.988 1.000 
0.019 0.994 0.041 0.988 0.997 
0.025 0.991 0.070 0.978 0.974 
0.027 0.991 0.050 0.983 1.000 
0.019 0.995 0.036 0.995 1.000 
0.018 0.995 0.060 0.978 0.997 
0.023 0.993 0.036 0.993 0.901 
0.026 0.995 0.107 0.953 0.974 
0.019 0.994 0.037 0.993 0.997 
0.023 0.994 0.051 0.985 0.343 
0.020 0.995 0.033 0.993 0.997 
0.017 0.996 0.041 0.990 0.994 
0.018 0.995 0.048 0.990 0.990 
0.019 0.995 0.039 0.990 0.997 
0.014 0.997 0.037 0.990 0.994 
0.017 0.994 0.038 0.990 0.990 
0.023 0.994 0.035 0.990 1.000 
0.018 0.996 0.039 0.993 0.804 
0.021 0.993 0.058 0.988 0.760 
0.016 0.995 0.026 0.995 0.843 
0.030 0.993 0.033 0.993 0.808 
0.017 0.995 0.092 0.975 0.413 
0.016 0.995 0.051 0.980 0.942 
0.013 0.997 0.037 0.985 1.000 
0.024 0.991 0.041 0.993 0.856 
0.025 0.992 0.048 0.988 1.000 
0.028 0.995 0.042 0.993 1.000 
0.017 0.994 0.038 0.993 0.990 
0.012 0.997 0.039 0.990 1.000 
0.016 0.996 0.037 0.988 0.869 
0.018 0.994 0.040 0.990 0.529 
0.042 0.990 0.046 0.988 0.830 
0.018 0.994 0.039 0.993 0.984 
0.014 0.997 0.040 0.993 0.151 
0.021 0.994 0.039 0.993 1.000 
0.025 0.993 0.059 0.983 0.910 
0.029 0.993 0.037 0.995 1.000 
0.013 0.996 0.050 0.993 0.923 
0.009 0.998 0.043 0.995 0.978 
0.009 0.998 0.055 0.993 0.827 
0.018 0.994 0.068 0.990 1.000 
0.016 0.994 0.051 0.995 1.000 
0.021 0.994 0.049 0.985 0.997 
0.017 0.996 0.035 0.993 1.000 
0.033 0.993 0.069 0.985 0.984 
0.022 0.995 0.120 0.960 0.978 
0.013 0.997 0.050 0.993 0.859 
0.025 0.994 0.060 0.990 0.936 
0.022 0.994 0.035 0.990 1.000 
0.020 0.994 0.057 0.985 1.000 
0.018 0.995 0.037 0.988 1.000 
0.023 0.994 0.081 0.983 1.000 
0.025 0.994 0.059 0.983 1.000 
0.023 0.993 0.040 0.988 0.994 
0.031 0.993 0.047 0.985 0.946 
0.015 0.995 0.038 0.990 1.000 
0.024 0.993 0.050 0.988 0.994 
0.015 0.995 0.036 0.990 1.000 
0.008 0.998 0.061 0.988 0.978 
0.012 0.997 0.040 0.993 0.987 
0.012 0.998 0.037 0.993 0.987 
0.022 0.995 0.055 0.983 0.997 
0.025 0.991 0.058 0.983 1.000 
0.023 0.994 0.035 0.995 1.000 
0.026 0.995 0.053 0.980 0.869 
0.024 0.993 0.046 0.988 0.984 
0.024 0.994 0.038 0.993 0.990 
0.015 0.993 0.072 0.990 0.990 
0.030 0.995 0.033 0.993 0.984 
0.019 0.996 0.042 0.985 0.907 
0.019 0.994 0.032 0.993 0.968 
0.030 0.993 0.034 0.995 0.955 
0.014 0.997 0.030 0.995 0.962 
0.033 0.990 0.042 0.988 1.000 
0.030 0.991 0.038 0.995 1.000 
0.013 0.992 0.039 0.990 1.000 
0.020 0.995 0.085 0.975 1.000 
0.020 0.995 0.040 0.985 1.000 
0.016 0.994 0.039 0.988 0.984 
0.014 0.997 0.029 0.995 1.000 
0.015 0.996 0.034 0.995 0.997 
0.026 0.994 0.033 0.993 0.990 
0.020 0.993 0.031 0.995 0.856 
0.013 0.997 0.045 0.983 0.987 
0.028 0.994 0.037 0.995 0.551 
0.013 0.996 0.046 0.985 0.917 
0.017 0.996 0.060 0.983 0.997 
0.021 0.995 0.031 0.995 1.000 
0.016 0.995 0.046 0.988 1.000 
0.017 0.995 0.060 0.980 1.000 
0.018 0.994 0.060 0.978 0.994 
0.018 0.994 0.062 0.983 0.981 
0.014 0.995 0.049 0.985 0.984 
0.015 0.996 0.042 0.988 1.000 
0.017 0.995 0.120 0.965 0.772 
0.013 0.997 0.066 0.980 0.875 
0.017 0.994 0.052 0.985 0.949 
0.034 0.994 0.073 0.990 0.798 
0.028 0.994 0.042 0.988 0.994 
0.027 0.992 0.061 0.978 1.000 
0.015 0.995 0.047 0.990 0.990 
0.015 0.995 0.057 0.990 0.702 
0.046 0.993 0.027 0.990 0.894 
0.019 0.995 0.045 0.985 0.974 
0.024 0.994 0.039 0.985 1.000 
0.019 0.995 0.049 0.990 0.949 
0.025 0.992 0.073 0.993 0.644 
0.024 0.994 0.038 0.995 0.821 
0.015 0.995 0.052 0.985 0.971 
0.015 0.997 0.046 0.988 0.990 
0.021 0.993 0.051 0.993 0.394 
0.028 0.993 0.045 0.988 1.000 
0.015 0.995 0.039 0.988 0.997 
0.015 0.997 0.032 0.990 1.000 
0.023 0.994 0.045 0.990 1.000 
0.029 0.991 0.041 0.990 1.000 
0.018 0.992 0.036 0.990 1.000 
0.026 0.993 0.035 0.995 0.994 
0.036 0.993 0.040 0.993 1.000 
0.018 0.994 0.086 0.963 1.000 
0.018 0.994 0.032 0.995 1.000 
0.022 0.994 0.031 0.995 1.000 
0.015 0.996 0.034 0.995 1.000 
0.012 0.997 0.041 0.990 1.000 
0.018 0.995 0.056 0.988 1.000 
0.020 0.994 0.037 0.990 1.000 
0.019 0.993 0.048 0.985 1.000 
0.022 0.994 0.039 0.988 1.000 
0.018 0.994 0.033 0.990 0.965 
0.009 0.997 0.037 0.993 0.942 
0.019 0.993 0.038 0.995 1.000 
0.024 0.996 0.051 0.985 0.994 
0.016 0.995 0.051 0.993 0.997 
0.015 0.997 0.069 0.993 0.965 
0.019 0.993 0.036 0.993 0.994 
0.017 0.996 0.036 0.995 0.981 
0.018 0.993 0.069 0.985 0.981 
0.012 0.998 0.038 0.995 1.000 
0.016 0.997 0.038 0.993 1.000 
0.024 0.993 0.036 0.990 1.000 
0.009 0.997 0.053 0.993 0.997 
0.039 0.992 0.030 0.995 0.981 
0.021 0.994 0.047 0.983 0.981 
0.014 0.994 0.030 0.995 0.994 
0.011 0.998 0.058 0.978 1.000 
0.022 0.994 0.033 0.993 1.000 
0.024 0.992 0.039 0.990 0.997 
0.018 0.994 0.054 0.978 1.000 
0.023 0.994 0.073 0.973 0.997 
0.016 0.997 0.055 0.980 0.997 
0.038 0.991 0.040 0.985 1.000 
0.021 0.994 0.043 0.995 0.827 
0.014 0.995 0.062 0.990 1.000 
0.020 0.994 0.036 0.988 1.000 
0.019 0.994 0.035 0.990 1.000 
0.015 0.996 0.034 0.990 1.000 
0.023 0.994 0.044 0.988 0.958 
0.013 0.997 0.070 0.975 1.000 
0.019 0.994 0.053 0.988 0.978 
0.014 0.995 0.041 0.993 1.000 
0.031 0.992 0.041 0.990 1.000 
0.014 0.994 0.062 0.993 0.875 
0.013 0.997 0.059 0.993 0.997 
0.020 0.995 0.039 0.990 1.000 
0.017 0.995 0.029 0.990 1.000 
0.013 0.997 0.048 0.993 1.000 
0.013 0.995 0.038 0.993 1.000 
0.024 0.992 0.078 0.988 0.997 
0.018 0.993 0.066 0.993 0.958 
0.020 0.995 0.048 0.990 0.994 
0.012 0.997 0.047 0.990 1.000 
0.022 0.994 0.039 0.995 0.971 
0.015 0.995 0.042 0.993 1.000 
0.022 0.994 0.070 0.990 0.907 
0.012 0.996 0.087 0.985 0.997 
0.023 0.993 0.061 0.993 0.997 
0.020 0.994 0.047 0.995 1.000 
0.010 0.997 0.046 0.995 1.000 
0.030 0.993 0.078 0.965 0.939 
0.015 0.997 0.066 0.978 1.000 
0.018 0.995 0.120 0.960 0.949 
0.017 0.994 0.048 0.985 1.000 
0.020 0.995 0.040 0.988 0.779 
0.013 0.996 0.076 0.973 0.958 
0.021 0.994 0.053 0.983 0.987 
0.026 0.994 0.086 0.968 0.830 
0.032 0.993 0.087 0.993 0.974 
0.067 0.994 0.067 0.988 0.894 
0.037 0.993 0.103 0.960 1.000 
0.015 0.996 0.053 0.985 1.000 
0.019 0.995 0.038 0.990 1.000 
0.013 0.998 0.043 0.985 1.000 
0.012 0.995 0.041 0.990 0.997 
0.019 0.994 0.044 0.988 0.994 
0.020 0.994 0.059 0.985 0.994 
0.026 0.993 0.048 0.983 1.000 
0.021 0.993 0.065 0.975 1.000 
0.015 0.994 0.055 0.980 1.000 
0.014 0.995 0.045 0.985 0.997 
0.020 0.994 0.070 0.988 0.910 
0.014 0.996 0.108 0.970 0.997 
0.015 0.997 0.051 0.985 1.000 
0.017 0.995 0.036 0.990 1.000 
0.015 0.994 0.056 0.978 1.000 
0.010 0.998 0.042 0.993 1.000 
0.022 0.995 0.099 0.985 0.926 
0.041 0.991 0.043 0.988 1.000 
0.016 0.994 0.051 0.985 1.000 
0.021 0.995 0.055 0.983 1.000 
0.010 0.997 0.049 0.985 1.000 
0.011 0.997 0.032 0.993 1.000 
0.017 0.995 0.033 0.990 1.000 
0.016 0.994 0.035 0.993 1.000 
0.015 0.994 0.060 0.990 0.849 
0.012 0.995 0.051 0.990 1.000 
0.018 0.994 0.073 0.978 0.744 
0.016 0.996 0.055 0.983 0.952 
0.049 0.992 0.046 0.990 0.990 
0.014 0.996 0.034 0.993 0.997 
0.017 0.995 0.034 0.993 0.997 
0.016 0.994 0.036 0.993 0.990 
0.030 0.993 0.035 0.993 0.994 
0.017 0.996 0.045 0.983 1.000 
0.030 0.994 0.049 0.985 1.000 
0.024 0.994 0.093 0.958 0.984 
0.016 0.995 0.038 0.993 0.994 
0.021 0.993 0.037 0.990 0.997 
0.012 0.995 0.064 0.983 0.955 
0.016 0.997 0.148 0.938 0.987 
0.024 0.991 0.070 0.983 0.994 
0.012 0.997 0.057 0.993 0.994 
0.015 0.995 0.055 0.993 0.997 
0.006 0.998 0.052 0.993 0.939 
0.019 0.995 0.056 0.988 1.000 
0.027 0.991 0.052 0.988 0.987 
0.017 0.996 0.044 0.993 0.984 
0.028 0.995 0.056 0.983 0.990 
0.025 0.994 0.043 0.993 1.000 
0.015 0.995 0.053 0.985 1.000 
0.015 0.994 0.110 0.978 0.962 
0.016 0.996 0.064 0.980 0.946 
0.013 0.997 0.037 0.990 1.000 
0.013 0.997 0.053 0.983 1.000 
0.014 0.996 0.035 0.993 1.000 
0.028 0.993 0.175 0.950 0.971 
0.017 0.995 0.077 0.980 1.000 
0.020 0.995 0.047 0.990 0.994 
0.019 0.994 0.051 0.988 1.000 
0.012 0.997 0.072 0.985 1.000 
0.019 0.995 0.162 0.958 0.910 
0.020 0.997 0.050 0.988 1.000 
0.022 0.993 0.049 0.983 0.990 
0.015 0.995 0.060 0.980 1.000 
0.016 0.996 0.042 0.988 1.000 
0.015 0.996 0.063 0.985 0.997 
0.021 0.995 0.056 0.985 0.987 
0.018 0.994 0.051 0.990 0.997 
0.026 0.994 0.101 0.958 1.000 
0.017 0.997 0.051 0.985 0.981 
0.019 0.994 0.037 0.990 0.994 
0.018 0.995 0.059 0.985 0.994 
0.022 0.990 0.072 0.980 1.000 
0.015 0.996 0.124 0.953 1.000 
0.010 0.998 0.047 0.988 1.000 
0.018 0.996 0.035 0.988 0.929 
0.014 0.996 0.038 0.990 0.987 
0.020 0.995 0.071 0.975 1.000 
0.018 0.995 0.052 0.988 0.997 
0.019 0.996 0.038 0.993 1.000 
0.024 0.994 0.043 0.990 1.000 
0.008 0.998 0.041 0.993 1.000 
0.017 0.995 0.083 0.975 1.000 
0.022 0.994 0.105 0.963 0.984 
0.016 0.997 0.046 0.990 1.000 
0.021 0.996 0.041 0.990 1.000 
0.020 0.995 0.088 0.970 1.000 
0.018 0.995 0.068 0.975 1.000 
0.022 0.995 0.049 0.988 1.000 
0.008 0.998 0.036 0.993 1.000 
0.014 0.996 0.072 0.973 0.997 
0.012 0.996 0.090 0.978 0.997 
0.017 0.996 0.057 0.985 0.965 
0.016 0.994 0.056 0.990 0.987 
0.028 0.992 0.075 0.975 1.000 
0.013 0.997 0.045 0.990 0.942 
0.017 0.998 0.042 0.990 0.997 
0.011 0.995 0.037 0.993 0.997 
0.014 0.996 0.039 0.990 0.990 
0.010 0.997 0.041 0.990 1.000 
0.026 0.996 0.048 0.983 0.978 
0.022 0.992 0.041 0.988 1.000 
0.007 0.997 0.063 0.980 1.000 
0.014 0.995 0.089 0.965 1.000 
0.011 0.995 0.046 0.988 0.971 
0.018 0.995 0.073 0.975 0.997 
0.022 0.994 0.042 0.990 0.997 
0.016 0.995 0.073 0.973 0.997 
0.018 0.994 0.098 0.958 1.000 
0.012 0.995 0.061 0.983 1.000 
0.011 0.996 0.097 0.970 0.891 
0.018 0.993 0.057 0.988 1.000 
0.018 0.996 0.183 0.940 0.997 
0.027 0.995 0.048 0.990 0.997 
0.030 0.995 0.049 0.988 0.984 
0.020 0.994 0.054 0.988 0.984 
0.012 0.997 0.048 0.988 1.000 
0.010 0.997 0.038 0.990 1.000 
0.012 0.997 0.137 0.963 1.000 
0.018 0.995 0.069 0.980 0.994 
0.010 0.997 0.097 0.975 0.994 
0.020 0.994 0.069 0.975 1.000 
0.025 0.991 0.084 0.968 0.285 
0.018 0.997 0.038 0.993 0.795 
0.020 0.996 0.126 0.965 0.920 
0.014 0.994 0.036 0.990 0.997 
0.013 0.996 0.062 0.978 0.894 
0.009 0.997 0.090 0.968 0.942 
0.025 0.991 0.146 0.948 0.952 
0.011 0.995 0.101 0.970 0.891 
0.018 0.994 0.049 0.988 1.000 
0.011 0.997 0.070 0.983 0.990 
0.023 0.995 0.073 0.973 1.000 
0.011 0.999 0.043 0.988 0.926 
0.012 0.997 0.079 0.975 0.990 
0.012 0.994 0.053 0.988 1.000 
0.013 0.997 0.038 0.990 0.997 
0.014 0.997 0.085 0.975 1.000 
0.014 0.995 0.106 0.968 1.000 
0.016 0.994 0.040 0.990 1.000 
0.013 0.997 0.050 0.988 1.000 
0.018 0.994 0.062 0.978 1.000 
0.011 0.997 0.029 0.993 0.997 
0.025 0.996 0.046 0.988 0.885 
0.012 0.997 0.029 0.995 1.000 
0.019 0.996 0.045 0.990 0.875 
0.014 0.996 0.033 0.995 0.731 
0.011 0.995 0.055 0.983 0.885 
0.013 0.998 0.046 0.983 0.981 
0.019 0.995 0.041 0.988 0.997 
0.017 0.996 0.038 0.990 0.965 
0.025 0.994 0.081 0.968 0.862 
0.018 0.994 0.036 0.995 0.994 
0.016 0.996 0.036 0.993 1.000 
0.015 0.998 0.033 0.995 0.997 
0.019 0.996 0.063 0.975 0.994 
0.008 0.998 0.076 0.983 0.997 
0.019 0.994 0.096 0.970 0.984 
0.016 0.995 0.069 0.975 0.990 
0.016 0.993 0.084 0.975 0.997 
0.018 0.995 0.051 0.985 1.000 
0.006 0.998 0.029 0.995 1.000 
0.013 0.997 0.038 0.995 1.000 
0.013 0.995 0.039 0.993 1.000 
0.006 0.998 0.073 0.983 0.997 
0.016 0.995 0.108 0.963 0.984 
0.011 0.997 0.089 0.988 1.000 
0.018 0.994 0.052 0.990 0.994 
0.008 0.998 0.065 0.985 0.994 
0.014 0.995 0.042 0.993 1.000 
0.047 0.995 0.166 0.975 0.997 
0.025 0.994 0.039 0.985 1.000 
0.022 0.995 0.038 0.993 1.000 
0.016 0.996 0.042 0.985 1.000 
0.011 0.994 0.056 0.983 1.000 
0.016 0.994 0.037 0.993 1.000 
0.020 0.995 0.054 0.980 0.987 
0.009 0.997 0.034 0.990 1.000 
0.012 0.997 0.026 0.993 0.994 
0.018 0.996 0.048 0.985 0.997 
0.015 0.994 0.044 0.990 0.997 
0.017 0.994 0.079 0.975 0.997 
0.012 0.996 0.046 0.985 1.000 
0.008 0.997 0.055 0.985 1.000 
0.020 0.994 0.044 0.990 1.000 
0.012 0.997 0.043 0.995 1.000 
0.009 0.998 0.054 0.985 1.000 
0.004 0.998 0.028 0.995 1.000 
0.019 0.995 0.057 0.985 1.000 
0.009 0.997 0.077 0.980 1.000 
0.014 0.997 0.084 0.985 1.000 
0.013 0.995 0.041 0.990 1.000 
0.013 0.998 0.040 0.993 1.000 
0.014 0.995 0.047 0.985 1.000 
0.008 0.997 0.075 0.980 0.997 
0.020 0.995 0.040 0.988 1.000 
0.014 0.995 0.041 0.988 1.000 
0.016 0.996 0.034 0.993 1.000 
0.015 0.995 0.058 0.980 0.968 
0.007 0.997 0.042 0.995 1.000 
0.021 0.993 0.053 0.983 1.000 
0.011 0.997 0.059 0.980 1.000 
0.013 0.995 0.039 0.993 1.000 
0.020 0.995 0.069 0.980 0.987 
0.013 0.997 0.032 0.993 1.000 
0.010 0.995 0.085 0.980 1.000 
0.016 0.995 0.051 0.988 1.000 
0.012 0.997 0.065 0.980 1.000 
0.025 0.997 0.039 0.993 0.994 
0.017 0.996 0.043 0.990 0.917 
0.015 0.997 0.105 0.983 0.859 
0.018 0.997 0.040 0.993 0.981 
0.019 0.995 0.119 0.963 1.000 
0.013 0.995 0.043 0.990 0.926 
0.014 0.997 0.042 0.990 0.946 
0.017 0.997 0.101 0.978 1.000 
0.021 0.995 0.044 0.988 0.663 
0.019 0.994 0.040 0.990 0.766 
0.014 0.995 0.089 0.975 0.990 
0.023 0.995 0.111 0.963 1.000 
0.013 0.995 0.057 0.988 0.997 
0.014 0.995 0.049 0.988 1.000 
0.019 0.995 0.039 0.990 1.000 
0.025 0.995 0.082 0.968 0.997 
0.009 0.996 0.045 0.988 1.000 
0.005 0.998 0.032 0.995 0.984 
0.020 0.995 0.040 0.990 0.974 
0.010 0.997 0.030 0.995 0.949 
0.012 0.997 0.031 0.995 0.981 
0.018 0.995 0.051 0.980 0.990 
0.016 0.995 0.036 0.990 1.000 
0.013 0.997 0.045 0.983 1.000 
0.006 0.998 0.052 0.990 1.000 
0.009 0.997 0.059 0.983 1.000 
0.020 0.994 0.120 0.963 1.000 
0.013 0.997 0.080 0.975 1.000 
0.017 0.995 0.045 0.990 1.000 
0.011 0.997 0.055 0.993 1.000 
0.030 0.995 0.032 0.993 1.000 
0.014 0.998 0.074 0.978 1.000 
0.019 0.995 0.068 0.980 1.000 
0.012 0.996 0.072 0.983 1.000 
0.008 0.997 0.037 0.995 1.000 
0.026 0.993 0.045 0.990 1.000 
0.013 0.995 0.079 0.985 1.000 
0.014 0.997 0.052 0.985 1.000 
0.013 0.998 0.036 0.993 1.000 
0.016 0.995 0.037 0.993 1.000 
0.003 0.999 0.085 0.980 1.000 
0.015 0.997 0.065 0.980 1.000 
0.028 0.994 0.036 0.990 1.000 
0.014 0.995 0.041 0.993 1.000 
0.023 0.994 0.051 0.978 1.000 
0.007 0.998 0.351 0.968 0.596 
0.018 0.997 0.045 0.988 0.994 
0.013 0.995 0.047 0.990 1.000 
0.014 0.995 0.049 0.990 1.000 
0.015 0.997 0.089 0.975 1.000 
0.013 0.995 0.052 0.985 1.000 
0.005 0.999 0.048 0.993 1.000 
0.011 0.995 0.044 0.993 1.000 
0.011 0.995 0.040 0.993 1.000 
0.015 0.997 0.041 0.990 1.000 
0.009 0.998 0.037 0.990 1.000 
0.015 0.997 0.061 0.985 1.000 
0.020 0.993 0.046 0.993 1.000 
0.006 0.997 0.066 0.985 1.000 
0.019 0.995 0.060 0.980 1.000 
0.021 0.994 0.073 0.978 1.000 
0.012 0.996 0.042 0.990 1.000 
0.008 0.997 0.052 0.990 0.997 
0.019 0.994 0.069 0.978 1.000 
0.014 0.996 0.091 0.968 1.000 
0.014 0.997 0.053 0.985 1.000 
0.017 0.998 0.034 0.988 1.000 
0.012 0.996 0.039 0.985 1.000 
0.012 0.997 0.041 0.990 1.000 
0.010 0.998 0.028 0.990 1.000 
0.007 0.999 0.053 0.988 0.997 
0.017 0.996 0.050 0.988 1.000 
0.021 0.996 0.045 0.985 1.000 
0.020 0.994 0.079 0.975 1.000 
0.014 0.995 0.037 0.990 0.997 
0.025 0.995 0.057 0.983 1.000 
0.025 0.995 0.048 0.988 1.000 
0.015 0.996 0.079 0.978 0.987 
0.019 0.995 0.026 0.993 1.000 
0.014 0.996 0.049 0.985 1.000 
0.013 0.997 0.031 0.993 1.000 
0.011 0.997 0.074 0.983 1.000 
0.015 0.995 0.050 0.983 1.000 
0.006 0.999 0.025 0.993 1.000 
0.015 0.994 0.072 0.980 1.000 
0.018 0.993 0.066 0.978 1.000 
0.013 0.995 0.059 0.983 1.000 
0.017 0.995 0.097 0.973 1.000 
0.022 0.993 0.047 0.990 1.000 
0.017 0.993 0.075 0.980 1.000 
0.009 0.995 0.049 0.985 1.000 
0.022 0.995 0.095 0.963 0.994 
0.009 0.997 0.046 0.988 0.997 
0.015 0.994 0.036 0.993 1.000 
0.022 0.994 0.045 0.993 1.000 
0.011 0.998 0.048 0.990 1.000 
0.019 0.997 0.034 0.990 1.000 
0.076 0.993 0.034 0.990 1.000 
0.012 0.998 0.033 0.993 1.000 
0.016 0.995 0.034 0.993 1.000 
0.017 0.995 0.048 0.985 1.000 
0.019 0.994 0.029 0.993 1.000 
0.018 0.995 0.034 0.993 1.000 
0.013 0.995 0.028 0.993 1.000 
0.008 0.998 0.027 0.995 1.000 
0.012 0.996 0.033 0.993 1.000 
0.021 0.995 0.093 0.975 0.997 
0.023 0.993 0.047 0.993 1.000 
0.014 0.995 0.068 0.980 1.000 
0.005 0.999 0.106 0.978 1.000 
0.030 0.994 0.038 0.993 1.000 
0.016 0.995 0.039 0.993 1.000 
0.009 0.997 0.136 0.963 1.000 
0.013 0.998 0.036 0.990 1.000 
0.008 0.997 0.037 0.993 1.000 
0.015 0.995 0.075 0.988 1.000 
0.012 0.997 0.057 0.988 1.000 
0.025 0.994 0.057 0.980 1.000 
0.010 0.998 0.030 0.993 1.000 
0.013 0.995 0.078 0.985 1.000 
0.022 0.995 0.062 0.995 1.000 
0.038 0.994 0.042 0.990 1.000 
0.013 0.998 0.039 0.990 1.000 
0.017 0.995 0.041 0.988 1.000 
0.017 0.995 0.032 0.990 1.000 
0.010 0.999 0.047 0.988 1.000 
0.020 0.995 0.111 0.983 1.000 
0.037 0.995 0.044 0.990 1.000 
0.024 0.998 0.032 0.993 1.000 
0.018 0.995 0.025 0.995 1.000 
0.011 0.996 0.029 0.993 1.000 
0.016 0.996 0.034 0.988 1.000 
0.010 0.997 0.029 0.995 1.000 
0.015 0.995 0.046 0.985 1.000 
0.006 0.999 0.027 0.993 1.000 
0.013 0.995 0.050 0.983 1.000 
0.016 0.995 0.041 0.990 1.000 
0.008 0.998 0.060 0.980 1.000 
0.022 0.994 0.045 0.988 1.000 
0.006 0.999 0.041 0.993 1.000 
0.018 0.996 0.055 0.983 1.000 
0.012 0.995 0.082 0.975 1.000 
0.009 0.999 0.119 0.978 1.000 
0.014 0.995 0.042 0.988 1.000 
0.008 0.997 0.048 0.983 1.000 
0.016 0.995 0.058 0.980 1.000 
0.017 0.995 0.094 0.993 0.878 
0.025 0.995 0.058 0.980 0.994 
0.008 0.997 0.035 0.993 0.994 
0.010 0.998 0.063 0.983 0.942 
0.025 0.996 0.039 0.985 1.000 
0.013 0.995 0.043 0.983 1.000 
0.030 0.994 0.028 0.993 1.000 
0.015 0.997 0.034 0.990 1.000 
0.009 0.997 0.035 0.990 1.000 
0.012 0.997 0.061 0.983 1.000 
0.015 0.994 0.071 0.985 1.000 
0.018 0.994 0.088 0.980 0.997 
0.022 0.996 0.032 0.990 1.000 
0.014 0.995 0.087 0.975 0.997 
0.012 0.996 0.058 0.985 1.000 
0.008 0.998 0.030 0.993 1.000 
0.017 0.997 0.079 0.980 1.000 
0.038 0.991 0.036 0.988 1.000 
0.020 0.994 0.058 0.983 1.000 
0.013 0.996 0.051 0.988 1.000 
0.020 0.995 0.059 0.983 1.000 
0.015 0.995 0.052 0.988 1.000 
0.011 0.995 0.043 0.988 1.000 
0.020 0.994 0.042 0.985 1.000 
0.017 0.993 0.058 0.983 1.000 
0.008 0.998 0.032 0.993 1.000 
0.009 0.998 0.028 0.995 1.000 
0.009 0.999 0.107 0.973 0.997 
0.061 0.994 0.074 0.985 0.968 
0.018 0.994 0.064 0.993 1.000 
0.021 0.996 0.050 0.988 1.000 
0.018 0.997 0.068 0.985 1.000 
0.015 0.995 0.040 0.988 0.997 
0.032 0.995 0.030 0.993 1.000 
0.011 0.998 0.066 0.983 1.000 
0.017 0.997 0.041 0.985 1.000 
0.009 0.998 0.079 0.985 0.994 
0.001 1.000 0.081 0.990 0.981 
0.015 0.997 0.057 0.988 1.000 
0.019 0.996 0.029 0.993 1.000 
0.013 0.996 0.040 0.990 1.000 
0.022 0.993 0.049 0.990 1.000 
0.022 0.996 0.026 0.995 1.000 
0.014 0.997 0.215 0.950 0.997 
0.022 0.995 0.073 0.973 1.000 
0.009 0.997 0.028 0.995 1.000 
0.014 0.995 0.032 0.995 1.000 
0.008 0.998 0.056 0.990 1.000 
0.004 0.998 0.046 0.990 1.000 
0.012 0.998 0.096 0.968 1.000 
0.022 0.995 0.045 0.988 1.000 
0.017 0.996 0.064 0.978 1.000 
0.018 0.996 0.039 0.988 1.000 
0.027 0.994 0.090 0.968 1.000 
0.017 0.995 0.073 0.975 1.000 
0.022 0.993 0.076 0.975 1.000 
0.008 0.997 0.084 0.978 1.000 
0.014 0.995 0.080 0.980 1.000 
0.014 0.997 0.053 0.990 1.000 
0.009 0.997 0.089 0.985 1.000 
0.011 0.997 0.069 0.990 1.000 
0.011 0.996 0.140 0.965 0.997 
0.017 0.995 0.049 0.990 1.000 
0.010 0.995 0.078 0.983 1.000 
0.007 0.997 0.059 0.990 1.000 
0.005 0.998 0.060 0.983 1.000 
0.026 0.993 0.080 0.980 1.000 
0.011 0.997 0.042 0.988 1.000 
0.011 0.996 0.307 0.958 0.994 
0.014 0.994 0.032 0.990 1.000 
0.008 0.998 0.079 0.980 1.000 
0.016 0.995 0.080 0.985 1.000 
0.009 0.997 0.077 0.980 1.000 
0.011 0.997 0.051 0.990 1.000 
0.009 0.997 0.050 0.993 1.000 
0.010 0.995 0.071 0.983 1.000 
0.011 0.997 0.060 0.985 1.000 
0.031 0.995 0.166 0.955 1.000 
0.011 0.998 0.083 0.978 1.000 
0.018 0.996 0.089 0.980 1.000 
0.022 0.994 0.053 0.990 1.000 
0.012 0.996 0.044 0.993 1.000 
0.010 0.998 0.082 0.985 1.000 
0.016 0.994 0.128 0.965 1.000 
0.015 0.995 0.058 0.983 1.000 
0.018 0.995 0.057 0.985 1.000 
0.020 0.994 0.040 0.988 1.000 
0.015 0.996 0.043 0.988 1.000 
0.014 0.997 0.039 0.988 1.000 
0.026 0.995 0.106 0.960 1.000 
0.013 0.996 0.043 0.988 1.000 
0.014 0.995 0.071 0.978 1.000 
0.020 0.994 0.037 0.988 1.000 
0.012 0.998 0.076 0.988 0.971 
0.097 0.994 0.243 0.922 1.000 
0.015 0.994 0.035 0.990 1.000 
0.008 0.998 0.032 0.993 1.000 
0.008 0.999 0.056 0.983 1.000 
0.015 0.995 0.034 0.993 1.000 
0.022 0.995 0.050 0.985 1.000 
0.010 0.997 0.032 0.990 1.000 
0.015 0.997 0.048 0.985 1.000 
0.013 0.996 0.032 0.990 1.000 
0.014 0.997 0.042 0.993 1.000 
0.015 0.995 0.029 0.993 1.000 
0.016 0.995 0.047 0.988 1.000 
0.010 0.997 0.036 0.995 1.000 
0.015 0.996 0.037 0.993 1.000 
0.017 0.997 0.040 0.990 1.000 
0.018 0.996 0.047 0.985 1.000 
0.011 0.995 0.049 0.988 1.000 
0.009 0.997 0.050 0.990 1.000 
0.021 0.996 0.046 0.995 1.000 
0.024 0.994 0.145 0.955 1.000 
0.009 0.996 0.072 0.985 1.000 
0.005 0.997 0.086 0.990 0.997 
0.010 0.996 0.080 0.988 1.000 
0.017 0.995 0.179 0.965 0.990 
0.024 0.996 0.044 0.983 1.000 
0.009 0.997 0.055 0.988 1.000 
0.012 0.998 0.032 0.990 1.000 
0.007 0.998 0.052 0.983 1.000 
0.017 0.993 0.102 0.988 1.000 
0.009 0.997 0.169 0.975 1.000 
0.011 0.995 0.051 0.993 1.000 
0.025 0.994 0.196 0.973 1.000 
0.034 0.995 0.090 0.983 1.000 
0.013 0.995 0.049 0.990 1.000 
0.014 0.995 0.077 0.975 1.000 
0.026 0.993 0.032 0.993 1.000 
0.013 0.995 0.042 0.985 1.000 
0.013 0.997 0.033 0.993 1.000 
0.012 0.997 0.041 0.990 1.000 
0.007 0.997 0.041 0.993 1.000 
0.013 0.995 0.054 0.983 0.997 
0.010 0.998 0.069 0.975 1.000 
0.008 0.996 0.045 0.990 1.000 
0.017 0.996 0.062 0.985 1.000 
0.021 0.995 0.042 0.990 1.000 
0.013 0.996 0.046 0.985 1.000 
0.005 0.999 0.049 0.988 1.000 
0.021 0.994 0.045 0.988 1.000 
0.015 0.996 0.045 0.988 1.000 
0.030 0.991 0.040 0.990 1.000 
0.054 0.993 0.045 0.985 0.997 
0.007 0.998 0.037 0.993 1.000 
0.016 0.993 0.033 0.988 1.000 
