0.296 0.876 0.150 0.953 1.000 
0.166 0.943 0.165 0.938 1.000 
0.162 0.944 0.119 0.980 1.000 
0.127 0.959 0.145 0.948 1.000 
0.097 0.966 0.111 0.975 1.000 
0.122 0.962 0.165 0.932 0.996 
0.091 0.970 0.085 0.978 0.996 
0.110 0.968 0.133 0.955 1.000 
0.089 0.968 0.125 0.960 1.000 
0.074 0.978 0.102 0.963 1.000 
0.072 0.977 0.116 0.978 1.000 
0.089 0.971 0.084 0.983 1.000 
0.063 0.978 0.084 0.980 1.000 
0.071 0.978 0.085 0.968 1.000 
0.068 0.974 0.090 0.965 1.000 
0.059 0.982 0.082 0.968 1.000 
0.049 0.986 0.116 0.955 1.000 
0.058 0.982 0.106 0.965 1.000 
0.058 0.984 0.080 0.975 1.000 
0.055 0.984 0.097 0.965 1.000 
0.054 0.983 0.111 0.965 0.992 
0.082 0.982 0.096 0.978 1.000 
0.065 0.981 0.103 0.960 0.996 
0.047 0.984 0.105 0.970 0.985 
0.051 0.986 0.110 0.958 0.819 
0.049 0.985 0.080 0.973 0.958 
0.062 0.982 0.135 0.950 1.000 
0.063 0.981 0.092 0.968 1.000 
0.041 0.990 0.107 0.963 1.000 
0.051 0.985 0.108 0.968 1.000 
0.050 0.987 0.073 0.983 1.000 
0.049 0.988 0.095 0.968 1.000 
0.055 0.982 0.102 0.960 1.000 
0.048 0.987 0.091 0.965 1.000 
0.052 0.987 0.086 0.973 1.000 
0.066 0.980 0.119 0.965 1.000 
0.041 0.990 0.076 0.980 1.000 
0.042 0.988 0.085 0.975 1.000 
0.052 0.985 0.097 0.978 1.000 
0.034 0.990 0.081 0.983 0.992 
0.048 0.987 0.109 0.953 0.992 
0.042 0.986 0.074 0.978 1.000 
0.038 0.990 0.072 0.978 1.000 
0.040 0.990 0.074 0.980 0.985 
0.047 0.986 0.079 0.973 1.000 
0.037 0.988 0.124 0.953 1.000 
0.035 0.993 0.086 0.973 1.000 
0.047 0.985 0.080 0.980 1.000 
0.044 0.989 0.113 0.955 1.000 
0.037 0.986 0.120 0.968 1.000 
0.040 0.990 0.106 0.963 1.000 
0.038 0.989 0.175 0.945 1.000 
0.050 0.988 0.112 0.970 0.996 
0.030 0.991 0.078 0.973 1.000 
0.041 0.988 0.102 0.970 0.996 
0.034 0.989 0.078 0.980 1.000 
0.027 0.992 0.091 0.963 0.996 
0.032 0.990 0.116 0.965 0.815 
0.038 0.988 0.086 0.973 1.000 
0.030 0.991 0.108 0.963 1.000 
0.035 0.990 0.081 0.973 0.992 
0.041 0.990 0.092 0.970 0.060 
0.028 0.993 0.078 0.978 1.000 
0.033 0.991 0.084 0.975 0.834 
0.036 0.989 0.092 0.968 0.030 
0.039 0.988 0.133 0.948 0.004 
0.037 0.990 0.073 0.980 0.396 
0.034 0.992 0.091 0.975 0.996 
0.030 0.989 0.092 0.965 1.000 
0.037 0.991 0.101 0.960 0.992 
0.032 0.990 0.118 0.953 0.970 
0.043 0.989 0.088 0.965 0.989 
0.033 0.991 0.093 0.970 0.819 
0.032 0.994 0.085 0.973 0.981 
0.031 0.990 0.088 0.963 0.974 
0.038 0.988 0.082 0.965 0.989 
0.034 0.991 0.068 0.983 0.996 
0.028 0.992 0.082 0.978 0.992 
0.035 0.989 0.092 0.965 1.000 
0.027 0.990 0.157 0.955 1.000 
0.040 0.992 0.074 0.980 0.962 
0.030 0.991 0.103 0.963 0.996 
0.034 0.990 0.082 0.973 0.940 
0.041 0.989 0.095 0.963 0.894 
0.037 0.990 0.136 0.948 0.981 
0.035 0.988 0.066 0.983 0.208 
0.029 0.990 0.078 0.973 0.653 
0.034 0.991 0.075 0.980 0.158 
0.030 0.990 0.097 0.970 0.000 
0.031 0.989 0.082 0.970 0.996 
0.026 0.993 0.098 0.973 1.000 
0.031 0.992 0.126 0.955 1.000 
0.035 0.990 0.085 0.965 1.000 
0.027 0.991 0.086 0.968 0.932 
0.033 0.990 0.089 0.963 0.932 
0.031 0.989 0.073 0.980 0.996 
0.037 0.990 0.107 0.963 0.996 
0.033 0.992 0.092 0.963 0.906 
0.038 0.992 0.103 0.960 0.389 
0.029 0.990 0.094 0.963 0.728 
0.027 0.992 0.074 0.980 0.879 
0.029 0.994 0.074 0.978 0.038 
0.028 0.992 0.080 0.970 0.000 
0.026 0.992 0.083 0.975 0.989 
0.043 0.989 0.147 0.958 0.091 
0.030 0.991 0.080 0.980 0.502 
0.018 0.994 0.074 0.983 0.562 
0.031 0.988 0.108 0.963 0.000 
0.031 0.991 0.107 0.960 0.932 
0.031 0.989 0.076 0.980 0.094 
0.033 0.991 0.071 0.978 0.940 
0.031 0.993 0.075 0.980 0.928 
0.032 0.991 0.139 0.958 0.709 
0.031 0.991 0.084 0.980 0.170 
0.026 0.991 0.115 0.955 0.819 
0.027 0.994 0.082 0.983 0.996 
0.030 0.993 0.073 0.980 1.000 
0.029 0.991 0.076 0.975 0.996 
0.031 0.991 0.084 0.980 0.996 
0.027 0.991 0.087 0.963 0.992 
0.026 0.993 0.072 0.978 0.211 
0.027 0.991 0.110 0.955 0.891 
0.030 0.989 0.067 0.975 0.121 
0.025 0.995 0.073 0.980 0.238 
0.018 0.996 0.089 0.978 0.992 
0.023 0.994 0.105 0.963 0.283 
0.027 0.992 0.079 0.975 0.951 
0.023 0.994 0.080 0.975 0.623 
0.027 0.990 0.096 0.965 0.947 
0.026 0.994 0.084 0.968 0.970 
0.020 0.994 0.094 0.975 0.121 
0.035 0.991 0.086 0.965 0.875 
0.022 0.993 0.123 0.953 0.592 
0.028 0.993 0.077 0.978 0.781 
0.032 0.990 0.078 0.975 1.000 
0.028 0.994 0.077 0.978 0.989 
0.022 0.992 0.148 0.953 0.917 
0.029 0.993 0.139 0.963 0.985 
0.027 0.993 0.076 0.980 0.668 
0.020 0.992 0.092 0.973 0.985 
0.028 0.991 0.075 0.975 0.826 
0.024 0.994 0.087 0.970 0.996 
0.019 0.994 0.109 0.978 0.996 
0.032 0.992 0.087 0.970 0.985 
0.025 0.993 0.092 0.978 0.985 
0.027 0.994 0.168 0.975 0.325 
0.029 0.991 0.091 0.978 0.977 
0.021 0.994 0.101 0.973 0.996 
0.021 0.995 0.082 0.975 0.966 
0.017 0.994 0.084 0.980 0.875 
0.029 0.993 0.085 0.985 0.068 
0.017 0.994 0.085 0.983 0.879 
0.026 0.991 0.078 0.980 0.947 
0.023 0.993 0.090 0.968 1.000 
0.023 0.995 0.092 0.975 0.966 
0.025 0.991 0.084 0.975 0.125 
0.017 0.994 0.087 0.973 0.547 
0.022 0.994 0.075 0.980 0.951 
0.023 0.991 0.099 0.973 0.989 
0.022 0.995 0.074 0.980 0.996 
0.023 0.994 0.088 0.970 1.000 
0.029 0.992 0.225 0.950 0.996 
0.028 0.994 0.078 0.973 0.751 
0.023 0.994 0.090 0.970 0.279 
0.024 0.993 0.100 0.978 0.702 
0.018 0.992 0.072 0.983 1.000 
0.016 0.997 0.093 0.980 0.906 
0.028 0.993 0.073 0.975 0.996 
0.024 0.993 0.074 0.980 0.996 
0.025 0.993 0.060 0.980 0.977 
0.021 0.993 0.078 0.973 0.992 
0.024 0.992 0.097 0.958 0.996 
0.022 0.994 0.079 0.973 1.000 
0.021 0.994 0.128 0.948 0.989 
0.019 0.994 0.070 0.980 0.981 
0.024 0.995 0.068 0.983 1.000 
0.023 0.993 0.093 0.968 1.000 
0.024 0.992 0.078 0.980 0.800 
0.022 0.994 0.070 0.980 1.000 
0.028 0.993 0.081 0.980 0.992 
0.026 0.994 0.078 0.978 1.000 
0.026 0.991 0.077 0.978 1.000 
0.025 0.994 0.101 0.970 0.996 
0.021 0.993 0.087 0.970 0.385 
0.026 0.995 0.105 0.958 1.000 
0.020 0.994 0.068 0.980 0.996 
0.033 0.991 0.084 0.970 0.974 
0.018 0.995 0.069 0.983 0.898 
0.028 0.991 0.084 0.970 0.992 
0.026 0.994 0.072 0.980 0.996 
0.022 0.993 0.105 0.978 1.000 
0.015 0.994 0.086 0.975 0.996 
0.017 0.994 0.107 0.975 0.826 
0.018 0.993 0.113 0.973 0.985 
0.020 0.995 0.149 0.978 0.272 
0.037 0.991 0.107 0.958 1.000 
0.022 0.994 0.095 0.968 0.992 
0.018 0.994 0.188 0.943 1.000 
0.025 0.990 0.148 0.948 1.000 
0.018 0.995 0.093 0.975 1.000 
0.025 0.994 0.103 0.973 1.000 
0.027 0.995 0.113 0.960 1.000 
0.016 0.995 0.169 0.943 0.989 
0.024 0.993 0.080 0.975 1.000 
0.014 0.995 0.095 0.978 1.000 
0.022 0.993 0.079 0.980 1.000 
0.018 0.994 0.078 0.980 1.000 
0.021 0.994 0.072 0.978 1.000 
0.022 0.993 0.080 0.980 1.000 
0.013 0.997 0.108 0.965 1.000 
0.020 0.995 0.094 0.978 0.996 
0.032 0.991 0.132 0.953 1.000 
0.023 0.993 0.095 0.965 1.000 
0.022 0.993 0.112 0.965 1.000 
0.017 0.995 0.167 0.945 1.000 
0.020 0.994 0.092 0.970 1.000 
0.012 0.998 0.097 0.975 1.000 
0.016 0.997 0.107 0.960 1.000 
0.027 0.993 0.084 0.965 1.000 
0.019 0.994 0.089 0.975 1.000 
0.024 0.995 0.087 0.965 1.000 
0.024 0.993 0.084 0.978 1.000 
0.024 0.994 0.084 0.973 0.992 
0.022 0.993 0.118 0.970 1.000 
0.021 0.992 0.084 0.970 1.000 
0.011 0.997 0.116 0.980 0.996 
0.034 0.991 0.096 0.973 0.940 
0.017 0.994 0.097 0.963 0.989 
0.020 0.994 0.082 0.983 0.928 
0.024 0.993 0.092 0.968 1.000 
0.016 0.994 0.107 0.978 0.985 
0.020 0.994 0.143 0.940 0.989 
0.017 0.995 0.093 0.968 0.811 
0.015 0.995 0.065 0.978 0.547 
0.020 0.994 0.097 0.965 0.992 
0.014 0.996 0.203 0.943 1.000 
0.019 0.992 0.094 0.968 0.589 
0.017 0.996 0.092 0.968 0.974 
0.015 0.997 0.083 0.980 0.958 
0.017 0.995 0.127 0.968 1.000 
0.024 0.990 0.125 0.960 0.985 
0.017 0.995 0.096 0.975 1.000 
0.016 0.993 0.125 0.968 0.872 
0.027 0.993 0.186 0.948 0.766 
0.017 0.995 0.203 0.968 0.857 
0.030 0.992 0.104 0.968 0.989 
0.017 0.996 0.224 0.968 0.853 
0.018 0.992 0.142 0.965 0.981 
0.025 0.995 0.114 0.965 0.958 
0.019 0.994 0.137 0.968 0.913 
0.020 0.995 0.150 0.973 0.351 
0.022 0.994 0.102 0.968 0.264 
0.013 0.995 0.115 0.980 0.030 
0.011 0.997 0.096 0.980 0.879 
0.032 0.993 0.072 0.983 0.630 
0.028 0.992 0.088 0.973 0.985 
0.017 0.995 0.123 0.960 0.589 
0.015 0.995 0.114 0.983 0.008 
0.018 0.991 0.086 0.980 0.211 
0.019 0.995 0.096 0.978 0.977 
0.012 0.995 0.196 0.963 0.981 
0.038 0.994 0.088 0.970 0.996 
0.023 0.994 0.110 0.968 0.985 
0.017 0.995 0.102 0.963 1.000 
0.015 0.997 0.097 0.980 0.989 
0.020 0.995 0.086 0.983 0.996 
0.021 0.993 0.110 0.978 0.517 
0.021 0.997 0.149 0.950 0.294 
0.015 0.995 0.086 0.980 1.000 
0.024 0.994 0.138 0.955 0.268 
0.016 0.997 0.158 0.938 0.928 
0.022 0.993 0.101 0.980 0.038 
0.028 0.993 0.147 0.953 0.328 
0.021 0.993 0.104 0.968 0.143 
0.025 0.993 0.122 0.955 0.981 
0.015 0.996 0.151 0.968 0.955 
0.019 0.994 0.075 0.978 0.985 
0.014 0.995 0.106 0.963 0.996 
0.018 0.994 0.156 0.968 0.879 
0.022 0.996 0.096 0.970 0.955 
0.024 0.994 0.139 0.950 0.913 
0.017 0.995 0.086 0.978 0.170 
0.021 0.994 0.092 0.980 0.200 
0.019 0.994 0.078 0.980 0.245 
0.022 0.994 0.137 0.953 0.475 
0.022 0.993 0.074 0.978 0.951 
0.014 0.995 0.089 0.978 0.585 
0.021 0.993 0.135 0.963 0.974 
0.022 0.994 0.123 0.963 0.234 
0.022 0.994 0.072 0.983 1.000 
0.015 0.996 0.089 0.980 0.996 
0.012 0.995 0.092 0.980 1.000 
0.024 0.995 0.085 0.973 1.000 
0.013 0.995 0.135 0.960 1.000 
0.013 0.995 0.120 0.968 1.000 
0.015 0.995 0.112 0.968 1.000 
0.026 0.993 0.109 0.955 1.000 
0.013 0.997 0.177 0.945 0.996 
0.019 0.994 0.118 0.958 1.000 
0.022 0.994 0.181 0.932 1.000 
0.019 0.995 0.113 0.975 1.000 
0.028 0.995 0.105 0.975 0.974 
0.017 0.995 0.161 0.935 1.000 
0.021 0.994 0.120 0.965 0.992 
0.026 0.994 0.152 0.935 1.000 
0.016 0.996 0.201 0.925 1.000 
0.016 0.996 0.109 0.958 0.955 
0.012 0.997 0.085 0.978 0.709 
0.021 0.994 0.130 0.945 0.992 
0.022 0.994 0.141 0.945 0.992 
0.024 0.995 0.133 0.953 0.985 
0.017 0.995 0.070 0.980 0.985 
0.020 0.995 0.098 0.968 0.970 
0.022 0.991 0.083 0.973 0.600 
0.018 0.995 0.178 0.943 0.132 
0.017 0.994 0.114 0.965 0.932 
0.017 0.994 0.097 0.978 0.513 
0.020 0.995 0.125 0.973 0.370 
0.011 0.997 0.100 0.980 0.404 
0.020 0.996 0.113 0.978 0.551 
0.019 0.996 0.116 0.978 0.506 
0.026 0.993 0.108 0.973 0.936 
0.015 0.995 0.136 0.968 0.823 
0.024 0.994 0.085 0.973 0.989 
0.024 0.994 0.077 0.983 0.147 
0.013 0.996 0.130 0.975 0.721 
0.021 0.995 0.100 0.965 0.992 
0.013 0.996 0.123 0.968 0.974 
0.021 0.994 0.142 0.945 0.996 
0.013 0.996 0.104 0.975 0.366 
0.018 0.993 0.095 0.968 0.796 
0.021 0.995 0.080 0.975 0.008 
0.027 0.994 0.074 0.983 0.034 
0.019 0.994 0.101 0.973 0.815 
0.012 0.997 0.109 0.983 1.000 
0.022 0.996 0.098 0.970 0.879 
0.019 0.995 0.088 0.970 0.698 
0.021 0.993 0.096 0.970 0.758 
0.017 0.995 0.149 0.963 0.985 
0.020 0.994 0.122 0.970 0.996 
0.015 0.997 0.146 0.960 0.540 
0.017 0.996 0.228 0.943 0.849 
0.014 0.998 0.093 0.978 0.962 
0.015 0.995 0.099 0.978 0.792 
0.012 0.996 0.123 0.970 1.000 
0.017 0.996 0.085 0.965 1.000 
0.018 0.995 0.076 0.983 1.000 
0.013 0.997 0.077 0.980 1.000 
0.010 0.994 0.195 0.945 1.000 
0.017 0.994 0.155 0.950 1.000 
0.020 0.994 0.148 0.948 1.000 
0.021 0.994 0.140 0.960 0.989 
0.014 0.995 0.087 0.980 0.694 
0.025 0.993 0.072 0.978 1.000 
0.006 0.998 0.146 0.973 0.996 
0.022 0.993 0.129 0.958 0.992 
0.013 0.998 0.089 0.968 0.989 
0.013 0.995 0.074 0.983 1.000 
0.012 0.996 0.127 0.980 0.906 
0.013 0.996 0.082 0.975 0.992 
0.018 0.994 0.235 0.930 0.992 
0.019 0.996 0.104 0.980 0.996 
0.019 0.995 0.114 0.968 1.000 
0.018 0.993 0.130 0.975 1.000 
0.020 0.995 0.118 0.968 1.000 
0.012 0.995 0.120 0.980 1.000 
0.026 0.993 0.096 0.968 1.000 
0.012 0.995 0.260 0.932 0.962 
0.016 0.995 0.130 0.968 0.981 
0.014 0.995 0.102 0.983 0.936 
0.005 0.998 0.118 0.968 0.989 
0.019 0.995 0.224 0.938 0.992 
0.011 0.997 0.082 0.978 0.996 
0.037 0.991 0.128 0.960 0.992 
0.027 0.994 0.128 0.975 0.970 
0.014 0.997 0.098 0.980 0.268 
0.021 0.995 0.244 0.920 0.479 
0.023 0.994 0.099 0.955 0.996 
0.016 0.995 0.085 0.983 0.721 
0.017 0.997 0.089 0.973 0.909 
0.015 0.995 0.115 0.968 0.434 
0.018 0.994 0.112 0.978 0.985 
0.009 0.997 0.084 0.985 1.000 
0.026 0.994 0.075 0.983 1.000 
0.016 0.995 0.102 0.975 0.996 
0.021 0.992 0.095 0.978 0.974 
0.014 0.995 0.065 0.985 1.000 
0.024 0.996 0.110 0.980 0.913 
0.014 0.996 0.114 0.973 0.709 
0.020 0.995 0.139 0.973 0.989 
0.009 0.997 0.145 0.970 1.000 
0.016 0.997 0.125 0.973 0.917 
0.014 0.996 0.115 0.978 0.958 
0.029 0.990 0.114 0.963 0.702 
0.013 0.998 0.091 0.980 0.992 
0.017 0.996 0.098 0.980 0.996 
0.016 0.994 0.145 0.975 0.992 
0.020 0.993 0.178 0.963 0.977 
0.022 0.994 0.126 0.970 1.000 
0.011 0.997 0.154 0.965 0.996 
0.013 0.997 0.113 0.980 1.000 
0.014 0.997 0.133 0.973 1.000 
0.016 0.996 0.186 0.953 1.000 
0.014 0.995 0.145 0.973 1.000 
0.013 0.996 0.126 0.960 1.000 
0.020 0.993 0.256 0.932 0.981 
0.016 0.994 0.194 0.980 0.951 
0.013 0.996 0.189 0.960 0.992 
0.012 0.995 0.220 0.980 0.996 
0.027 0.993 0.176 0.955 0.992 
0.017 0.995 0.163 0.973 0.992 
0.019 0.994 0.150 0.973 0.992 
0.007 0.999 0.228 0.965 0.879 
0.020 0.995 0.128 0.985 0.996 
0.014 0.995 0.228 0.960 0.966 
0.011 0.996 0.195 0.983 0.970 
0.013 0.998 0.170 0.980 0.985 
0.016 0.995 0.105 0.985 0.996 
0.013 0.996 0.173 0.978 0.996 
0.020 0.997 0.091 0.978 1.000 
0.012 0.996 0.105 0.968 0.996 
0.019 0.994 0.107 0.980 0.970 
0.012 0.996 0.145 0.985 0.962 
0.015 0.995 0.120 0.983 0.955 
0.022 0.993 0.132 0.968 0.977 
0.017 0.994 0.149 0.955 1.000 
0.011 0.995 0.218 0.945 0.996 
0.014 0.996 0.128 0.970 1.000 
0.025 0.996 0.146 0.960 1.000 
0.013 0.995 0.121 0.955 1.000 
0.004 0.999 0.139 0.975 0.985 
0.018 0.995 0.084 0.973 0.989 
0.010 0.997 0.108 0.978 0.985 
0.022 0.992 0.267 0.925 0.985 
0.018 0.995 0.091 0.983 0.992 
0.024 0.996 0.149 0.973 0.389 
0.036 0.993 0.139 0.973 0.917 
0.015 0.995 0.111 0.970 0.951 
0.015 0.995 0.156 0.953 1.000 
0.008 0.997 0.166 0.975 0.981 
0.025 0.995 0.296 0.978 0.796 
0.026 0.995 0.119 0.968 0.989 
0.016 0.997 0.082 0.978 1.000 
0.014 0.995 0.123 0.968 0.985 
0.018 0.993 0.143 0.960 0.891 
0.011 0.997 0.105 0.975 1.000 
0.028 0.991 0.141 0.983 0.962 
0.011 0.996 0.136 0.965 0.849 
0.016 0.997 0.194 0.978 0.981 
0.020 0.997 0.099 0.975 0.974 
0.018 0.995 0.090 0.978 0.642 
0.012 0.996 0.100 0.975 0.947 
0.020 0.993 0.103 0.960 0.985 
0.017 0.995 0.098 0.973 0.996 
0.015 0.995 0.097 0.963 1.000 
0.015 0.996 0.115 0.975 1.000 
0.012 0.995 0.147 0.968 0.992 
0.009 0.998 0.147 0.950 0.992 
0.011 0.997 0.229 0.960 0.996 
0.025 0.994 0.117 0.958 0.860 
0.012 0.995 0.119 0.975 0.958 
0.013 0.997 0.078 0.975 0.981 
0.011 0.998 0.094 0.980 0.974 
0.010 0.996 0.134 0.965 0.902 
0.030 0.994 0.123 0.958 0.977 
0.013 0.996 0.149 0.965 0.974 
0.023 0.995 0.132 0.955 0.996 
0.011 0.997 0.155 0.950 0.943 
0.018 0.993 0.097 0.973 0.981 
0.018 0.995 0.071 0.973 1.000 
0.010 0.998 0.113 0.968 1.000 
0.024 0.994 0.090 0.968 1.000 
0.015 0.995 0.137 0.955 0.992 
0.014 0.996 0.107 0.963 0.996 
0.008 0.998 0.529 0.927 0.977 
0.013 0.996 0.088 0.975 0.996 
0.018 0.997 0.371 0.968 0.275 
0.021 0.998 0.195 0.963 0.781 
0.040 0.991 0.242 0.922 0.883 
0.019 0.994 0.143 0.958 0.985 
0.016 0.995 0.124 0.978 0.517 
0.017 0.995 0.168 0.968 0.789 
0.014 0.995 0.161 0.960 0.940 
0.012 0.995 0.092 0.973 0.989 
0.009 0.997 0.172 0.960 0.943 
0.013 0.996 0.154 0.963 0.992 
0.010 0.998 0.127 0.963 0.996 
0.012 0.996 0.142 0.968 0.849 
0.011 0.997 0.103 0.978 0.743 
0.017 0.995 0.103 0.973 0.743 
0.013 0.996 0.165 0.950 0.989 
0.019 0.995 0.157 0.968 0.536 
0.017 0.996 0.136 0.968 0.758 
0.016 0.996 0.125 0.965 0.989 
0.014 0.995 0.145 0.978 0.313 
0.012 0.996 0.105 0.975 0.921 
0.018 0.995 0.210 0.948 0.985 
0.011 0.997 0.216 0.958 0.758 
0.016 0.994 0.239 0.935 0.751 
0.021 0.994 0.120 0.970 0.740 
0.018 0.994 0.109 0.968 0.977 
0.014 0.996 0.090 0.970 0.902 
0.015 0.995 0.122 0.970 0.853 
0.018 0.994 0.136 0.968 0.977 
0.022 0.995 0.079 0.965 1.000 
0.010 0.997 0.082 0.973 1.000 
0.013 0.997 0.094 0.970 1.000 
0.006 0.998 0.090 0.975 1.000 
0.014 0.995 0.090 0.975 1.000 
0.006 0.999 0.106 0.973 0.996 
0.014 0.998 0.097 0.980 0.943 
0.015 0.996 0.103 0.973 0.415 
0.011 0.996 0.166 0.963 0.981 
0.027 0.994 0.117 0.983 0.898 
0.013 0.995 0.140 0.970 0.992 
0.014 0.996 0.170 0.948 0.992 
0.025 0.995 0.123 0.965 0.970 
0.012 0.995 0.134 0.965 0.996 
0.007 0.998 0.166 0.973 0.630 
0.011 0.997 0.116 0.968 0.992 
0.018 0.994 0.107 0.975 0.649 
0.012 0.997 0.113 0.978 0.766 
0.014 0.997 0.126 0.975 0.977 
0.006 0.998 0.161 0.978 0.611 
0.008 0.998 0.143 0.973 0.257 
0.017 0.995 0.235 0.960 0.019 
0.019 0.994 0.125 0.980 0.026 
0.022 0.994 0.171 0.958 0.075 
0.016 0.994 0.126 0.980 0.562 
0.027 0.994 0.117 0.968 0.287 
0.024 0.994 0.147 0.960 0.023 
0.012 0.997 0.151 0.970 0.558 
0.015 0.997 0.149 0.970 0.894 
0.015 0.994 0.126 0.975 0.940 
0.007 0.996 0.164 0.975 0.917 
0.022 0.995 0.215 0.973 0.683 
0.020 0.994 0.127 0.960 0.985 
0.009 0.997 0.096 0.980 0.996 
0.013 0.995 0.123 0.965 0.977 
0.013 0.997 0.109 0.970 0.521 
0.009 0.997 0.146 0.975 0.713 
0.017 0.994 0.087 0.970 0.958 
0.016 0.995 0.115 0.968 0.981 
0.024 0.994 0.117 0.968 0.785 
0.014 0.994 0.139 0.963 0.970 
0.007 0.998 0.152 0.965 0.981 
0.009 0.997 0.182 0.968 0.479 
0.022 0.995 0.084 0.980 0.943 
0.022 0.995 0.108 0.975 0.992 
0.006 0.998 0.153 0.958 0.996 
0.020 0.995 0.132 0.973 0.842 
0.017 0.995 0.141 0.963 0.943 
0.013 0.997 0.139 0.958 0.981 
0.021 0.995 0.119 0.970 0.445 
0.011 0.997 0.108 0.970 0.989 
0.039 0.994 0.150 0.968 0.498 
0.012 0.997 0.126 0.963 1.000 
0.008 0.998 0.193 0.963 0.996 
0.012 0.996 0.121 0.965 0.992 
0.013 0.995 0.137 0.968 0.740 
0.014 0.996 0.179 0.978 0.302 
0.014 0.995 0.113 0.980 1.000 
0.010 0.997 0.201 0.948 0.985 
0.015 0.997 0.148 0.970 0.675 
0.016 0.996 0.154 0.968 0.992 
0.008 0.998 0.156 0.978 0.932 
0.019 0.995 0.235 0.965 0.894 
0.011 0.996 0.216 0.930 0.992 
0.022 0.994 0.207 0.968 0.675 
0.017 0.997 0.150 0.968 0.951 
0.012 0.997 0.163 0.980 0.842 
0.017 0.997 0.139 0.970 0.755 
0.007 0.997 0.152 0.983 1.000 
0.023 0.994 0.132 0.965 0.962 
0.011 0.997 0.131 0.983 0.981 
0.015 0.997 0.114 0.978 0.996 
0.009 0.997 0.163 0.958 0.989 
0.009 0.997 0.138 0.975 0.947 
0.017 0.994 0.150 0.968 0.868 
0.016 0.995 0.117 0.960 0.992 
0.029 0.993 0.115 0.958 0.981 
0.009 0.998 0.146 0.950 0.989 
0.017 0.994 0.115 0.960 0.981 
0.012 0.997 0.102 0.978 1.000 
0.011 0.996 0.185 0.950 0.996 
0.030 0.994 0.081 0.973 0.996 
0.017 0.997 0.096 0.970 1.000 
0.008 0.998 0.131 0.968 0.732 
0.015 0.996 0.097 0.978 0.992 
0.009 0.997 0.144 0.965 0.992 
0.017 0.994 0.136 0.963 0.992 
0.016 0.995 0.108 0.973 1.000 
0.012 0.996 0.128 0.980 1.000 
0.010 0.997 0.133 0.975 0.996 
0.012 0.997 0.090 0.978 0.989 
0.014 0.997 0.092 0.980 0.985 
0.011 0.998 0.095 0.973 0.966 
0.013 0.997 0.114 0.970 0.989 
0.016 0.995 0.100 0.978 1.000 
0.018 0.994 0.144 0.968 0.415 
0.017 0.995 0.079 0.985 1.000 
0.021 0.994 0.129 0.970 0.672 
0.012 0.995 0.112 0.983 0.992 
0.017 0.995 0.145 0.965 1.000 
0.012 0.998 0.136 0.958 0.970 
0.031 0.995 0.105 0.983 0.642 
0.015 0.995 0.104 0.970 0.921 
0.014 0.995 0.105 0.978 0.992 
0.015 0.997 0.108 0.975 0.962 
0.023 0.994 0.083 0.978 0.989 
0.014 0.996 0.099 0.968 0.996 
0.013 0.995 0.125 0.958 0.996 
0.014 0.997 0.274 0.965 0.985 
0.020 0.995 0.151 0.973 1.000 
0.009 0.997 0.163 0.953 0.996 
0.010 0.997 0.160 0.960 0.992 
0.019 0.994 0.178 0.960 0.974 
0.016 0.996 0.152 0.978 0.992 
0.027 0.994 0.238 0.983 0.985 
0.027 0.993 0.159 0.978 1.000 
0.010 0.997 0.177 0.955 0.989 
0.016 0.995 0.145 0.965 0.996 
0.011 0.997 0.137 0.970 0.940 
0.010 0.997 0.240 0.960 0.925 
0.017 0.995 0.261 0.932 0.989 
0.005 0.998 0.208 0.950 0.996 
0.007 0.997 0.150 0.975 0.992 
0.042 0.993 0.147 0.955 1.000 
0.012 0.995 0.155 0.970 1.000 
0.007 0.998 0.172 0.975 0.996 
0.015 0.995 0.161 0.965 0.992 
0.017 0.995 0.159 0.963 0.996 
0.012 0.994 0.141 0.955 0.996 
0.011 0.996 0.120 0.958 0.996 
0.009 0.996 0.229 0.973 0.883 
0.016 0.994 0.116 0.965 0.577 
0.014 0.998 0.111 0.975 0.823 
0.010 0.998 0.184 0.960 0.132 
0.011 0.997 0.165 0.975 0.540 
0.023 0.993 0.084 0.975 0.823 
0.013 0.998 0.107 0.968 0.377 
0.011 0.996 0.104 0.975 0.736 
0.017 0.993 0.198 0.948 0.415 
0.016 0.996 0.152 0.973 0.815 
0.012 0.997 0.190 0.960 1.000 
0.013 0.995 0.191 0.955 0.996 
0.015 0.996 0.135 0.973 0.996 
0.010 0.997 0.165 0.968 0.989 
0.006 0.998 0.144 0.973 0.996 
0.016 0.995 0.151 0.963 0.996 
0.017 0.996 0.117 0.968 1.000 
0.014 0.995 0.188 0.968 1.000 
0.014 0.998 0.118 0.968 1.000 
0.019 0.996 0.118 0.960 1.000 
0.011 0.996 0.103 0.970 1.000 
0.015 0.997 0.096 0.975 0.989 
0.008 0.997 0.102 0.978 1.000 
0.010 0.998 0.154 0.965 0.989 
0.017 0.995 0.112 0.963 0.989 
0.011 0.997 0.242 0.963 0.981 
0.015 0.994 0.130 0.963 1.000 
0.017 0.996 0.094 0.978 1.000 
0.010 0.998 0.153 0.960 1.000 
0.025 0.994 0.112 0.965 0.996 
0.011 0.997 0.109 0.970 1.000 
0.015 0.995 0.139 0.968 1.000 
0.010 0.996 0.124 0.978 1.000 
0.016 0.994 0.184 0.943 1.000 
0.014 0.995 0.121 0.968 0.996 
0.009 0.998 0.188 0.960 0.996 
0.008 0.997 0.107 0.970 0.996 
0.007 0.997 0.119 0.975 0.985 
0.016 0.997 0.185 0.948 1.000 
0.017 0.996 0.184 0.940 0.996 
0.018 0.993 0.125 0.960 1.000 
0.007 0.999 0.123 0.980 1.000 
0.009 0.997 0.172 0.978 1.000 
0.019 0.997 0.234 0.938 0.758 
0.020 0.993 0.139 0.970 0.974 
0.025 0.996 0.121 0.978 1.000 
0.018 0.995 0.144 0.958 0.996 
0.023 0.995 0.130 0.958 1.000 
0.017 0.995 0.113 0.973 1.000 
0.006 0.999 0.108 0.980 1.000 
0.040 0.997 0.161 0.975 0.996 
0.015 0.997 0.114 0.973 0.996 
0.016 0.996 0.123 0.978 0.981 
0.014 0.996 0.088 0.983 1.000 
0.014 0.994 0.173 0.965 1.000 
0.012 0.997 0.093 0.973 1.000 
0.017 0.995 0.165 0.973 1.000 
0.015 0.996 0.195 0.960 0.996 
0.043 0.994 0.247 0.922 0.977 
0.009 0.998 0.111 0.968 0.955 
0.012 0.995 0.110 0.963 1.000 
0.015 0.995 0.133 0.975 1.000 
0.012 0.995 0.113 0.960 0.955 
0.013 0.997 0.143 0.945 0.958 
0.015 0.995 0.065 0.985 1.000 
0.011 0.997 0.160 0.948 0.909 
0.016 0.996 0.121 0.983 1.000 
0.023 0.994 0.209 0.940 1.000 
0.022 0.995 0.119 0.968 1.000 
0.009 0.997 0.097 0.983 1.000 
0.014 0.997 0.151 0.948 1.000 
0.010 0.996 0.162 0.960 1.000 
0.008 0.996 0.237 0.945 0.996 
0.007 0.997 0.129 0.975 1.000 
0.011 0.997 0.175 0.975 1.000 
0.018 0.995 0.116 0.975 1.000 
0.008 0.998 0.303 0.927 1.000 
0.011 0.997 0.208 0.943 1.000 
0.014 0.995 0.100 0.985 0.996 
0.029 0.994 0.130 0.958 0.996 
0.015 0.996 0.097 0.978 1.000 
0.016 0.995 0.104 0.970 1.000 
0.015 0.997 0.139 0.968 1.000 
0.012 0.997 0.096 0.975 1.000 
0.017 0.995 0.072 0.983 1.000 
0.014 0.997 0.072 0.975 1.000 
0.014 0.997 0.085 0.975 1.000 
0.012 0.997 0.125 0.973 1.000 
0.013 0.997 0.116 0.963 1.000 
0.014 0.995 0.107 0.978 1.000 
0.015 0.994 0.126 0.965 0.996 
0.012 0.996 0.118 0.973 1.000 
0.009 0.998 0.170 0.975 1.000 
0.012 0.997 0.154 0.955 1.000 
0.010 0.995 0.107 0.968 1.000 
0.014 0.996 0.093 0.970 1.000 
0.013 0.997 0.094 0.975 1.000 
0.014 0.997 0.093 0.973 0.894 
0.015 0.995 0.103 0.985 1.000 
0.015 0.995 0.105 0.980 1.000 
0.025 0.992 0.157 0.970 0.845 
0.013 0.996 0.144 0.963 0.849 
0.011 0.996 0.162 0.980 0.464 
0.011 0.995 0.110 0.978 1.000 
0.012 0.997 0.255 0.975 0.966 
0.017 0.995 0.203 0.965 1.000 
0.032 0.994 0.188 0.975 1.000 
0.008 0.998 0.228 0.927 1.000 
0.016 0.996 0.131 0.960 0.996 
0.026 0.995 0.308 0.948 0.891 
0.009 0.995 0.142 0.975 0.955 
0.005 0.998 0.161 0.968 0.981 
0.021 0.997 0.130 0.980 0.970 
0.006 0.996 0.160 0.968 0.913 
0.014 0.996 0.162 0.958 0.996 
0.017 0.995 0.237 0.953 0.913 
0.014 0.996 0.367 0.945 0.962 
0.015 0.995 0.256 0.940 0.989 
0.010 0.997 0.149 0.978 1.000 
0.014 0.995 0.161 0.975 1.000 
0.016 0.995 0.223 0.970 0.940 
0.027 0.994 0.176 0.955 1.000 
0.009 0.997 0.144 0.973 1.000 
0.012 0.998 0.126 0.963 1.000 
0.013 0.997 0.083 0.980 1.000 
0.009 0.998 0.129 0.978 1.000 
0.017 0.993 0.112 0.978 1.000 
0.009 0.997 0.143 0.955 1.000 
0.012 0.996 0.238 0.978 1.000 
0.015 0.997 0.150 0.958 1.000 
0.009 0.997 0.367 0.970 1.000 
0.023 0.995 0.102 0.978 1.000 
0.009 0.997 0.110 0.978 1.000 
0.013 0.998 0.150 0.983 0.977 
0.011 0.997 0.127 0.980 0.996 
0.016 0.995 0.153 0.963 0.996 
0.010 0.997 0.148 0.975 0.887 
0.011 0.997 0.138 0.970 0.879 
0.008 0.998 0.201 0.953 0.853 
0.019 0.994 0.123 0.975 0.996 
0.009 0.997 0.168 0.980 1.000 
0.009 0.997 0.108 0.975 1.000 
0.008 0.996 0.172 0.960 1.000 
0.008 0.997 0.120 0.973 1.000 
0.015 0.994 0.232 0.970 0.996 
0.012 0.997 0.153 0.978 1.000 
0.037 0.996 0.485 0.953 0.985 
0.015 0.995 0.346 0.968 1.000 
0.016 0.995 0.433 0.953 0.985 
0.015 0.998 0.471 0.960 0.479 
0.039 0.996 0.161 0.970 1.000 
0.009 0.998 0.232 0.965 1.000 
0.007 0.998 0.216 0.945 1.000 
0.014 0.994 0.154 0.963 1.000 
0.019 0.994 0.113 0.975 1.000 
0.012 0.996 0.176 0.960 1.000 
0.021 0.996 0.153 0.955 1.000 
0.005 0.998 0.176 0.965 1.000 
0.012 0.996 0.168 0.963 1.000 
0.005 0.998 0.255 0.963 1.000 
0.003 0.999 0.192 0.968 1.000 
0.014 0.997 0.153 0.965 1.000 
0.020 0.995 0.159 0.958 1.000 
0.013 0.996 0.176 0.965 1.000 
0.011 0.997 0.153 0.963 1.000 
0.019 0.994 0.133 0.970 1.000 
0.013 0.994 0.202 0.950 1.000 
0.015 0.997 0.175 0.973 1.000 
0.008 0.997 0.204 0.973 1.000 
0.016 0.994 0.212 0.963 0.932 
0.012 0.997 0.187 0.980 0.989 
0.022 0.997 0.115 0.968 1.000 
0.009 0.998 0.092 0.963 1.000 
0.016 0.996 0.127 0.963 0.992 
0.011 0.997 0.104 0.975 1.000 
0.014 0.996 0.123 0.973 1.000 
0.017 0.994 0.312 0.960 0.996 
0.013 0.998 0.116 0.963 0.992 
0.016 0.996 0.128 0.965 0.996 
0.021 0.995 0.177 0.963 0.992 
0.031 0.996 0.122 0.960 1.000 
0.033 0.994 0.145 0.963 0.974 
0.012 0.996 0.129 0.975 1.000 
0.014 0.995 0.120 0.970 0.970 
0.011 0.997 0.143 0.975 0.653 
0.015 0.996 0.159 0.948 0.996 
0.014 0.997 0.109 0.963 0.985 
0.013 0.995 0.209 0.930 0.792 
0.017 0.994 0.141 0.948 1.000 
0.013 0.998 0.158 0.965 1.000 
0.026 0.994 0.094 0.973 1.000 
0.011 0.998 0.144 0.970 1.000 
0.016 0.998 0.137 0.970 1.000 
0.013 0.997 0.112 0.963 1.000 
0.009 0.996 0.151 0.953 1.000 
0.010 0.997 0.093 0.963 1.000 
0.008 0.998 0.280 0.935 1.000 
0.019 0.993 0.119 0.970 1.000 
0.013 0.995 0.139 0.968 1.000 
0.009 0.998 0.168 0.953 1.000 
0.009 0.997 0.176 0.955 1.000 
0.020 0.996 0.158 0.963 1.000 
0.027 0.996 0.088 0.973 1.000 
0.013 0.995 0.134 0.975 1.000 
0.011 0.998 0.688 0.953 1.000 
0.071 0.996 0.204 0.958 1.000 
0.011 0.997 0.205 0.963 1.000 
0.024 0.994 0.292 0.948 0.996 
0.010 0.997 0.431 0.935 0.992 
0.026 0.994 0.137 0.965 1.000 
0.005 0.999 0.269 0.975 0.996 
0.008 0.997 0.147 0.978 1.000 
0.014 0.994 0.201 0.980 1.000 
0.012 0.995 0.242 0.973 1.000 
0.016 0.994 0.191 0.975 1.000 
0.018 0.995 0.098 0.970 1.000 
0.019 0.994 0.091 0.978 1.000 
0.012 0.995 0.189 0.958 1.000 
0.015 0.997 0.172 0.960 0.970 
0.008 0.994 0.179 0.970 0.985 
0.013 0.997 0.344 0.922 1.000 
0.051 0.995 0.107 0.970 1.000 
0.011 0.995 0.148 0.978 1.000 
0.009 0.997 0.107 0.978 1.000 
0.010 0.997 0.124 0.958 1.000 
0.024 0.996 0.206 0.978 1.000 
0.010 0.997 0.185 0.965 1.000 
0.009 0.998 0.147 0.978 1.000 
0.010 0.997 0.129 0.980 1.000 
0.021 0.994 0.226 0.980 1.000 
0.011 0.996 0.247 0.958 1.000 
0.008 0.998 0.206 0.978 1.000 
0.016 0.994 0.159 0.973 1.000 
0.008 0.997 0.231 0.978 1.000 
0.009 0.998 0.214 0.978 1.000 
0.025 0.993 0.595 0.965 0.996 
0.014 0.995 0.186 0.958 1.000 
0.010 0.997 0.220 0.973 1.000 
0.030 0.995 0.126 0.963 1.000 
0.008 0.999 0.170 0.963 1.000 
0.010 0.998 0.158 0.978 1.000 
0.012 0.997 0.281 0.978 1.000 
0.011 0.997 0.222 0.970 0.981 
0.008 0.998 0.126 0.975 0.996 
0.016 0.995 0.215 0.950 0.925 
0.007 0.998 0.296 0.978 1.000 
0.014 0.995 0.186 0.945 0.996 
0.009 0.998 0.219 0.980 0.996 
0.018 0.994 0.229 0.973 0.989 
0.016 0.996 0.322 0.960 0.928 
0.008 0.997 0.169 0.958 1.000 
0.013 0.997 0.128 0.973 1.000 
0.021 0.995 0.276 0.948 0.819 
0.018 0.994 0.164 0.963 0.996 
0.012 0.997 0.267 0.950 0.996 
0.016 0.994 0.210 0.983 0.996 
0.030 0.997 0.304 0.978 0.970 
0.054 0.996 0.097 0.965 1.000 
0.018 0.994 0.136 0.978 1.000 
0.012 0.997 0.168 0.955 1.000 
0.005 0.999 0.124 0.975 1.000 
0.006 0.999 0.217 0.955 0.996 
0.010 0.997 0.102 0.980 1.000 
0.014 0.996 0.202 0.983 1.000 
0.027 0.993 0.094 0.978 0.962 
0.016 0.996 0.143 0.965 0.913 
0.013 0.997 0.088 0.980 0.989 
0.014 0.997 0.212 0.970 0.766 
0.009 0.998 0.112 0.960 0.996 
0.012 0.995 0.078 0.973 0.909 
0.008 0.996 0.101 0.978 0.977 
0.008 0.996 0.178 0.965 1.000 
0.008 0.998 0.231 0.973 0.913 
0.028 0.996 0.159 0.973 1.000 
0.020 0.995 0.225 0.965 1.000 
0.011 0.995 0.184 0.968 1.000 
0.005 0.998 0.222 0.963 1.000 
0.011 0.997 0.270 0.973 1.000 
0.024 0.994 0.160 0.980 1.000 
0.031 0.994 0.208 0.980 1.000 
0.012 0.998 0.282 0.980 1.000 
0.007 0.998 0.118 0.980 1.000 
0.003 0.998 0.187 0.950 1.000 
0.012 0.995 0.264 0.958 1.000 
0.014 0.996 0.174 0.970 0.996 
0.011 0.997 0.329 0.985 1.000 
0.010 0.997 0.293 0.932 1.000 
0.015 0.995 0.291 0.980 1.000 
0.018 0.996 0.433 0.953 1.000 
0.014 0.995 0.426 0.968 1.000 
0.012 0.995 0.280 0.945 1.000 
0.010 0.998 0.339 0.948 0.996 
0.013 0.996 0.438 0.973 1.000 
0.025 0.994 0.465 0.973 1.000 
0.018 0.996 0.367 0.978 1.000 
0.010 0.996 0.321 0.958 0.996 
0.013 0.997 0.221 0.940 0.996 
0.007 0.997 0.323 0.935 0.996 
0.018 0.997 0.342 0.968 0.996 
0.013 0.995 0.232 0.965 1.000 
0.013 0.997 0.329 0.980 1.000 
0.017 0.995 0.128 0.983 1.000 
0.010 0.998 0.125 0.958 1.000 
0.013 0.995 0.143 0.958 1.000 
0.006 0.999 0.147 0.963 1.000 
0.009 0.997 0.140 0.975 1.000 
0.037 0.997 0.096 0.980 1.000 
0.018 0.995 0.150 0.965 0.992 
0.013 0.997 0.117 0.968 1.000 
0.010 0.996 0.243 0.973 1.000 
0.017 0.996 0.139 0.970 1.000 
0.020 0.995 0.285 0.958 0.996 
0.006 0.997 0.278 0.965 0.996 
0.013 0.999 0.344 0.963 0.970 
0.051 0.995 0.218 0.980 1.000 
0.034 0.994 0.206 0.963 1.000 
0.013 0.995 0.160 0.953 1.000 
0.010 0.998 0.231 0.940 0.996 
0.011 0.995 0.183 0.950 1.000 
0.012 0.997 0.145 0.978 1.000 
0.007 0.998 0.197 0.978 1.000 
0.023 0.995 0.133 0.963 1.000 
0.008 0.998 0.187 0.975 1.000 
0.009 0.996 0.191 0.945 0.996 
0.010 0.997 0.169 0.953 1.000 
0.016 0.995 0.200 0.965 1.000 
0.009 0.996 0.267 0.950 1.000 
0.009 0.997 0.246 0.965 1.000 
0.013 0.998 0.247 0.960 1.000 
0.019 0.995 0.158 0.968 1.000 
0.011 0.997 0.136 0.958 1.000 
0.017 0.997 0.240 0.963 1.000 
0.011 0.996 0.215 0.978 1.000 
0.012 0.997 0.300 0.955 1.000 
0.009 0.995 0.434 0.953 1.000 
0.021 0.998 0.206 0.980 1.000 
0.006 0.999 0.202 0.960 1.000 
0.010 0.996 0.202 0.960 1.000 
0.008 0.998 0.147 0.975 1.000 
0.009 0.997 0.132 0.978 1.000 
0.015 0.997 0.268 0.960 1.000 
0.014 0.995 0.127 0.980 1.000 
0.014 0.997 0.257 0.955 1.000 
0.014 0.995 0.199 0.968 1.000 
0.009 0.996 0.169 0.965 1.000 
0.016 0.994 0.221 0.973 1.000 
0.020 0.995 0.186 0.932 1.000 
0.008 0.998 0.134 0.970 1.000 
0.004 0.998 0.176 0.970 1.000 
0.004 0.999 0.120 0.970 1.000 
0.010 0.997 0.212 0.970 1.000 
0.016 0.996 0.160 0.973 1.000 
0.007 0.996 0.128 0.963 1.000 
0.016 0.995 0.122 0.968 1.000 
0.007 0.997 0.134 0.965 1.000 
0.012 0.997 0.102 0.965 1.000 
0.011 0.997 0.168 0.965 1.000 
0.018 0.995 0.118 0.968 1.000 
0.009 0.997 0.103 0.968 1.000 
0.019 0.993 0.157 0.945 0.996 
0.016 0.995 0.070 0.988 1.000 
0.006 0.997 0.187 0.980 1.000 
0.014 0.995 0.258 0.965 1.000 
0.077 0.995 0.079 0.970 1.000 
0.014 0.995 0.151 0.970 1.000 
0.021 0.996 0.083 0.973 1.000 
