0.299 0.877 0.135 0.978 0.604 
0.223 0.911 0.063 0.993 0.966 
0.171 0.938 0.046 0.993 0.991 
0.138 0.949 0.065 0.990 1.000 
0.129 0.953 0.079 0.990 0.969 
0.154 0.955 0.070 0.978 0.933 
0.106 0.968 0.044 0.993 0.975 
0.117 0.964 0.051 0.993 1.000 
0.101 0.969 0.057 0.988 0.966 
0.088 0.973 0.054 0.983 0.926 
0.101 0.967 0.063 0.983 0.994 
0.088 0.973 0.063 0.988 0.975 
0.100 0.974 0.048 0.990 1.000 
0.084 0.972 0.039 0.993 0.997 
0.089 0.972 0.070 0.975 1.000 
0.075 0.974 0.048 0.993 0.991 
0.067 0.978 0.037 0.993 1.000 
0.066 0.981 0.049 0.993 0.997 
0.075 0.978 0.045 0.993 1.000 
0.059 0.981 0.034 0.993 0.926 
0.067 0.979 0.038 0.990 1.000 
0.069 0.976 0.051 0.988 0.997 
0.069 0.978 0.050 0.993 0.979 
0.057 0.980 0.038 0.990 0.966 
0.058 0.981 0.033 0.993 0.972 
0.073 0.980 0.079 0.990 1.000 
0.061 0.983 0.036 0.993 1.000 
0.065 0.981 0.052 0.993 1.000 
0.053 0.985 0.031 0.995 0.920 
0.058 0.984 0.030 0.993 0.951 
0.052 0.987 0.061 0.988 1.000 
0.066 0.977 0.096 0.980 1.000 
0.053 0.986 0.044 0.990 0.994 
0.056 0.980 0.047 0.993 1.000 
0.059 0.981 0.054 0.993 1.000 
0.045 0.987 0.117 0.980 0.957 
0.052 0.983 0.058 0.983 0.982 
0.077 0.977 0.039 0.993 0.997 
0.048 0.985 0.044 0.990 0.997 
0.068 0.979 0.041 0.993 0.966 
0.057 0.984 0.039 0.993 0.972 
0.062 0.982 0.045 0.990 0.994 
0.068 0.981 0.101 0.975 1.000 
0.046 0.988 0.033 0.993 0.988 
0.051 0.984 0.066 0.978 0.997 
0.054 0.983 0.031 0.993 0.825 
0.051 0.982 0.033 0.993 0.982 
0.043 0.988 0.034 0.993 0.957 
0.060 0.984 0.041 0.990 0.991 
0.043 0.989 0.032 0.993 0.994 
0.061 0.983 0.045 0.993 1.000 
0.062 0.980 0.033 0.993 0.979 
0.050 0.985 0.037 0.990 0.997 
0.040 0.989 0.036 0.990 1.000 
0.045 0.986 0.035 0.993 0.997 
0.052 0.988 0.034 0.993 0.997 
0.035 0.990 0.038 0.993 0.997 
0.064 0.979 0.041 0.990 1.000 
0.049 0.985 0.041 0.990 0.997 
0.033 0.992 0.040 0.990 1.000 
0.041 0.990 0.056 0.990 1.000 
0.044 0.988 0.052 0.990 1.000 
0.054 0.985 0.054 0.993 0.991 
0.045 0.987 0.037 0.990 0.997 
0.039 0.990 0.037 0.993 0.982 
0.041 0.986 0.040 0.993 0.902 
0.044 0.988 0.051 0.993 1.000 
0.037 0.989 0.067 0.990 0.785 
0.033 0.991 0.033 0.993 1.000 
0.038 0.989 0.056 0.988 1.000 
0.037 0.988 0.037 0.990 1.000 
0.032 0.991 0.043 0.993 1.000 
0.049 0.987 0.043 0.990 1.000 
0.033 0.992 0.039 0.993 1.000 
0.046 0.986 0.043 0.983 1.000 
0.037 0.990 0.037 0.990 1.000 
0.046 0.986 0.034 0.993 0.957 
0.030 0.992 0.033 0.993 0.994 
0.032 0.991 0.034 0.990 0.994 
0.035 0.992 0.039 0.990 0.844 
0.038 0.988 0.036 0.990 0.991 
0.049 0.988 0.041 0.990 0.948 
0.033 0.990 0.039 0.988 0.994 
0.043 0.987 0.039 0.988 0.936 
0.037 0.990 0.034 0.990 0.985 
0.036 0.987 0.047 0.988 1.000 
0.039 0.990 0.045 0.990 1.000 
0.029 0.993 0.045 0.988 0.994 
0.036 0.989 0.072 0.983 0.736 
0.037 0.991 0.044 0.990 0.834 
0.030 0.994 0.029 0.993 0.991 
0.054 0.986 0.067 0.985 0.233 
0.041 0.989 0.069 0.988 1.000 
0.030 0.991 0.032 0.990 0.577 
0.034 0.991 0.032 0.995 0.638 
0.039 0.989 0.035 0.993 1.000 
0.045 0.988 0.037 0.995 0.018 
0.034 0.991 0.035 0.988 1.000 
0.038 0.990 0.041 0.995 0.994 
0.038 0.991 0.033 0.995 0.994 
0.038 0.990 0.038 0.995 1.000 
0.035 0.993 0.030 0.990 1.000 
0.052 0.986 0.036 0.990 0.442 
0.034 0.993 0.027 0.995 0.997 
0.029 0.991 0.035 0.993 0.997 
0.044 0.986 0.032 0.993 0.994 
0.049 0.985 0.041 0.993 0.997 
0.026 0.994 0.031 0.993 1.000 
0.035 0.990 0.030 0.993 0.997 
0.030 0.994 0.029 0.993 0.988 
0.034 0.991 0.048 0.990 0.982 
0.025 0.994 0.026 0.995 0.985 
0.036 0.990 0.030 0.995 1.000 
0.029 0.992 0.045 0.988 1.000 
0.044 0.986 0.035 0.993 1.000 
0.033 0.990 0.035 0.993 1.000 
0.030 0.993 0.037 0.990 1.000 
0.024 0.991 0.051 0.990 0.997 
0.038 0.990 0.029 0.993 1.000 
0.034 0.989 0.054 0.985 0.997 
0.027 0.992 0.035 0.993 1.000 
0.028 0.991 0.029 0.995 0.997 
0.026 0.990 0.034 0.993 0.997 
0.044 0.993 0.028 0.995 0.761 
0.040 0.987 0.041 0.993 0.988 
0.051 0.988 0.033 0.995 1.000 
0.025 0.994 0.032 0.993 0.963 
0.032 0.991 0.033 0.993 1.000 
0.027 0.993 0.029 0.995 0.997 
0.031 0.993 0.057 0.993 0.997 
0.039 0.990 0.056 0.988 1.000 
0.034 0.991 0.036 0.993 0.994 
0.033 0.990 0.050 0.990 0.997 
0.032 0.989 0.043 0.990 0.887 
0.027 0.993 0.036 0.993 0.997 
0.022 0.991 0.056 0.985 1.000 
0.027 0.993 0.036 0.988 1.000 
0.023 0.994 0.044 0.988 1.000 
0.049 0.989 0.039 0.988 0.880 
0.029 0.991 0.032 0.995 0.988 
0.026 0.994 0.029 0.993 1.000 
0.038 0.990 0.034 0.995 1.000 
0.031 0.990 0.036 0.988 1.000 
0.027 0.991 0.045 0.988 1.000 
0.033 0.991 0.031 0.993 0.997 
0.029 0.992 0.033 0.990 1.000 
0.033 0.990 0.041 0.988 0.997 
0.038 0.989 0.050 0.990 1.000 
0.026 0.993 0.029 0.993 1.000 
0.025 0.991 0.041 0.985 1.000 
0.043 0.987 0.055 0.990 1.000 
0.028 0.993 0.029 0.995 0.061 
0.038 0.991 0.028 0.995 0.979 
0.036 0.990 0.039 0.993 0.988 
0.035 0.991 0.035 0.993 1.000 
0.027 0.995 0.030 0.993 0.994 
0.026 0.993 0.037 0.988 1.000 
0.023 0.994 0.034 0.993 0.994 
0.039 0.990 0.030 0.990 0.994 
0.024 0.994 0.034 0.993 1.000 
0.037 0.990 0.032 0.990 1.000 
0.022 0.993 0.038 0.993 1.000 
0.038 0.988 0.030 0.993 0.994 
0.029 0.992 0.037 0.993 0.997 
0.026 0.994 0.040 0.988 1.000 
0.041 0.992 0.214 0.925 1.000 
0.037 0.992 0.037 0.995 0.997 
0.031 0.993 0.029 0.995 1.000 
0.026 0.992 0.041 0.990 1.000 
0.031 0.991 0.028 0.990 1.000 
0.038 0.991 0.027 0.995 0.982 
0.023 0.995 0.049 0.995 0.982 
0.049 0.988 0.044 0.988 0.687 
0.025 0.993 0.031 0.993 1.000 
0.027 0.994 0.031 0.995 1.000 
0.028 0.992 0.039 0.990 1.000 
0.038 0.989 0.037 0.993 0.994 
0.024 0.993 0.031 0.993 1.000 
0.023 0.995 0.036 0.988 0.982 
0.028 0.991 0.035 0.995 0.945 
0.021 0.994 0.032 0.993 0.604 
0.028 0.992 0.030 0.993 1.000 
0.026 0.992 0.031 0.993 1.000 
0.017 0.995 0.025 0.995 1.000 
0.032 0.989 0.081 0.988 0.994 
0.041 0.991 0.035 0.995 0.883 
0.033 0.994 0.031 0.995 0.997 
0.040 0.990 0.029 0.995 0.945 
0.020 0.993 0.027 0.995 1.000 
0.036 0.990 0.031 0.995 1.000 
0.031 0.991 0.029 0.993 0.902 
0.022 0.993 0.024 0.995 1.000 
0.015 0.997 0.026 0.995 1.000 
0.034 0.991 0.027 0.995 1.000 
0.027 0.994 0.026 0.995 0.997 
0.029 0.991 0.027 0.995 1.000 
0.028 0.992 0.053 0.995 1.000 
0.043 0.988 0.036 0.995 0.997 
0.024 0.994 0.025 0.995 1.000 
0.029 0.992 0.027 0.995 1.000 
0.032 0.993 0.040 0.990 0.997 
0.023 0.995 0.040 0.993 0.929 
0.052 0.990 0.057 0.978 0.997 
0.023 0.991 0.031 0.993 1.000 
0.025 0.995 0.025 0.995 1.000 
0.028 0.994 0.025 0.995 0.991 
0.045 0.989 0.030 0.993 1.000 
0.033 0.994 0.045 0.990 1.000 
0.021 0.994 0.031 0.993 1.000 
0.040 0.990 0.042 0.995 1.000 
0.022 0.992 0.033 0.990 0.997 
0.022 0.992 0.025 0.993 0.997 
0.029 0.993 0.042 0.988 0.982 
0.029 0.989 0.029 0.995 1.000 
0.036 0.991 0.035 0.990 1.000 
0.031 0.994 0.026 0.995 1.000 
0.024 0.994 0.033 0.993 0.997 
0.038 0.991 0.029 0.993 0.997 
0.014 0.997 0.044 0.995 0.988 
0.023 0.991 0.052 0.988 0.997 
0.028 0.994 0.046 0.985 1.000 
0.035 0.991 0.036 0.988 1.000 
0.027 0.991 0.032 0.993 1.000 
0.034 0.992 0.029 0.995 0.994 
0.019 0.996 0.037 0.988 0.991 
0.041 0.989 0.030 0.993 1.000 
0.029 0.993 0.035 0.990 1.000 
0.020 0.995 0.032 0.993 1.000 
0.025 0.994 0.036 0.990 1.000 
0.025 0.992 0.043 0.988 0.997 
0.023 0.994 0.028 0.995 0.957 
0.030 0.992 0.038 0.988 1.000 
0.031 0.993 0.043 0.988 0.994 
0.019 0.995 0.029 0.993 1.000 
0.019 0.994 0.034 0.988 1.000 
0.025 0.995 0.028 0.993 1.000 
0.022 0.994 0.039 0.988 0.994 
0.021 0.995 0.061 0.988 0.991 
0.030 0.992 0.032 0.993 0.997 
0.021 0.995 0.032 0.993 1.000 
0.027 0.994 0.026 0.993 1.000 
0.022 0.994 0.032 0.990 0.969 
0.025 0.994 0.032 0.993 0.969 
0.021 0.994 0.046 0.988 1.000 
0.028 0.993 0.031 0.993 1.000 
0.025 0.993 0.032 0.993 0.994 
0.023 0.996 0.033 0.995 0.939 
0.026 0.993 0.022 0.995 0.733 
0.041 0.989 0.045 0.985 1.000 
0.022 0.993 0.055 0.990 0.985 
0.027 0.992 0.031 0.993 1.000 
0.024 0.993 0.024 0.995 0.994 
0.028 0.990 0.032 0.993 0.997 
0.018 0.996 0.033 0.993 1.000 
0.034 0.990 0.030 0.995 0.994 
0.028 0.992 0.024 0.995 0.969 
0.016 0.995 0.027 0.995 0.810 
0.023 0.993 0.029 0.995 0.988 
0.017 0.995 0.027 0.995 0.988 
0.019 0.995 0.037 0.990 0.055 
0.023 0.994 0.025 0.995 0.988 
0.025 0.994 0.025 0.995 0.647 
0.017 0.993 0.033 0.993 0.957 
0.026 0.994 0.028 0.995 0.994 
0.024 0.994 0.032 0.990 0.880 
0.020 0.995 0.052 0.993 0.994 
0.029 0.994 0.029 0.995 0.669 
0.031 0.992 0.029 0.995 0.988 
0.013 0.997 0.026 0.993 0.923 
0.021 0.995 0.033 0.990 0.991 
0.037 0.991 0.025 0.993 0.988 
0.027 0.993 0.027 0.990 0.979 
0.024 0.993 0.028 0.990 0.997 
0.035 0.994 0.033 0.990 1.000 
0.019 0.994 0.040 0.990 1.000 
0.050 0.991 0.037 0.988 0.515 
0.015 0.994 0.026 0.995 0.899 
0.019 0.996 0.024 0.995 0.945 
0.031 0.990 0.034 0.990 0.963 
0.025 0.991 0.027 0.995 0.997 
0.013 0.995 0.023 0.995 1.000 
0.023 0.993 0.025 0.995 0.994 
0.022 0.993 0.022 0.995 0.997 
0.024 0.993 0.025 0.993 1.000 
0.021 0.995 0.042 0.993 1.000 
0.037 0.993 0.038 0.990 0.988 
0.027 0.995 0.032 0.993 1.000 
0.021 0.994 0.034 0.990 1.000 
0.020 0.995 0.028 0.995 0.997 
0.023 0.994 0.030 0.995 1.000 
0.022 0.993 0.028 0.995 1.000 
0.021 0.994 0.031 0.990 1.000 
0.018 0.992 0.034 0.990 1.000 
0.020 0.995 0.028 0.993 0.997 
0.019 0.995 0.024 0.995 1.000 
0.021 0.995 0.027 0.995 0.997 
0.020 0.994 0.038 0.993 1.000 
0.030 0.994 0.033 0.993 0.997 
0.020 0.994 0.028 0.993 1.000 
0.026 0.993 0.031 0.993 1.000 
0.017 0.994 0.028 0.995 0.997 
0.016 0.994 0.027 0.995 1.000 
0.011 0.997 0.029 0.995 1.000 
0.038 0.991 0.027 0.995 1.000 
0.021 0.994 0.029 0.995 1.000 
0.022 0.994 0.031 0.993 1.000 
0.026 0.994 0.035 0.993 1.000 
0.020 0.992 0.030 0.993 1.000 
0.016 0.994 0.041 0.993 1.000 
0.024 0.993 0.027 0.995 1.000 
0.019 0.994 0.037 0.993 0.997 
0.028 0.993 0.029 0.993 1.000 
0.016 0.996 0.031 0.995 1.000 
0.031 0.991 0.029 0.993 0.957 
0.024 0.995 0.032 0.993 0.991 
0.022 0.996 0.029 0.995 1.000 
0.018 0.996 0.028 0.995 0.850 
0.015 0.996 0.027 0.995 1.000 
0.013 0.995 0.022 0.995 0.994 
0.020 0.995 0.027 0.993 0.414 
0.021 0.995 0.025 0.995 0.997 
0.028 0.991 0.022 0.995 1.000 
0.020 0.995 0.024 0.995 1.000 
0.034 0.995 0.031 0.993 0.969 
0.020 0.994 0.029 0.995 1.000 
0.025 0.993 0.026 0.995 1.000 
0.016 0.995 0.022 0.995 1.000 
0.037 0.990 0.049 0.980 1.000 
0.019 0.991 0.027 0.990 1.000 
0.013 0.995 0.025 0.995 1.000 
0.021 0.995 0.025 0.995 1.000 
0.016 0.995 0.030 0.995 0.997 
0.035 0.991 0.033 0.995 1.000 
0.025 0.991 0.039 0.988 1.000 
0.012 0.996 0.030 0.995 1.000 
0.026 0.995 0.024 0.993 1.000 
0.015 0.995 0.052 0.990 1.000 
0.020 0.994 0.032 0.993 1.000 
0.040 0.988 0.026 0.995 1.000 
0.021 0.995 0.022 0.995 0.994 
0.016 0.995 0.023 0.995 0.997 
0.024 0.993 0.025 0.993 0.844 
0.028 0.995 0.038 0.985 1.000 
0.033 0.990 0.022 0.995 0.991 
0.019 0.997 0.019 0.995 1.000 
0.024 0.991 0.026 0.993 0.997 
0.019 0.994 0.040 0.993 0.991 
0.022 0.993 0.029 0.993 1.000 
0.015 0.996 0.038 0.995 1.000 
0.026 0.993 0.028 0.993 0.994 
0.027 0.991 0.023 0.995 1.000 
0.018 0.994 0.029 0.995 1.000 
0.023 0.993 0.026 0.995 1.000 
0.017 0.996 0.026 0.993 1.000 
0.019 0.995 0.030 0.993 1.000 
0.024 0.994 0.027 0.995 1.000 
0.016 0.993 0.032 0.993 1.000 
0.020 0.996 0.030 0.995 1.000 
0.033 0.993 0.023 0.995 0.997 
0.018 0.994 0.022 0.995 1.000 
0.022 0.994 0.031 0.993 0.985 
0.019 0.995 0.037 0.995 0.997 
0.018 0.994 0.030 0.993 0.997 
0.035 0.994 0.046 0.988 1.000 
0.019 0.996 0.041 0.990 1.000 
0.018 0.995 0.024 0.993 1.000 
0.018 0.994 0.025 0.995 1.000 
0.020 0.993 0.030 0.995 1.000 
0.020 0.995 0.031 0.993 1.000 
0.018 0.994 0.022 0.995 1.000 
0.037 0.990 0.029 0.993 1.000 
0.017 0.997 0.068 0.993 0.485 
0.017 0.995 0.020 0.995 0.994 
0.023 0.992 0.035 0.993 0.390 
0.014 0.997 0.025 0.995 0.991 
0.027 0.993 0.024 0.993 0.997 
0.026 0.993 0.018 0.995 1.000 
0.024 0.994 0.023 0.995 1.000 
0.012 0.995 0.045 0.993 0.975 
0.026 0.994 0.031 0.993 0.997 
0.016 0.994 0.024 0.995 1.000 
0.023 0.993 0.121 0.990 0.994 
0.012 0.997 0.056 0.993 0.997 
0.027 0.990 0.027 0.995 0.963 
0.014 0.995 0.031 0.995 1.000 
0.022 0.994 0.028 0.995 1.000 
0.021 0.993 0.030 0.993 0.997 
0.012 0.997 0.053 0.990 1.000 
0.020 0.996 0.025 0.993 1.000 
0.019 0.996 0.027 0.995 1.000 
0.025 0.994 0.047 0.988 1.000 
0.022 0.995 0.030 0.995 1.000 
0.025 0.994 0.027 0.995 0.988 
0.028 0.989 0.028 0.993 1.000 
0.018 0.995 0.169 0.993 0.979 
0.028 0.993 0.237 0.988 1.000 
0.012 0.997 0.219 0.990 1.000 
0.019 0.993 0.201 0.990 1.000 
0.024 0.995 0.059 0.990 0.997 
0.032 0.991 0.037 0.995 1.000 
0.015 0.997 0.036 0.990 1.000 
0.018 0.994 0.030 0.990 0.994 
0.016 0.993 0.036 0.990 0.994 
0.024 0.994 0.084 0.990 1.000 
0.023 0.995 0.285 0.990 1.000 
0.018 0.995 0.067 0.990 1.000 
0.017 0.995 0.386 0.988 0.994 
0.024 0.992 0.054 0.990 1.000 
0.020 0.993 0.033 0.993 1.000 
0.017 0.996 0.152 0.990 1.000 
0.022 0.990 0.208 0.985 0.994 
0.016 0.994 0.030 0.993 1.000 
0.037 0.994 0.027 0.995 0.936 
0.010 0.998 0.132 0.993 0.994 
0.015 0.996 0.025 0.995 0.988 
0.018 0.994 0.029 0.995 0.997 
0.016 0.995 0.029 0.993 0.994 
0.023 0.991 0.034 0.993 0.997 
0.015 0.995 0.194 0.985 0.997 
0.017 0.995 0.030 0.993 1.000 
0.012 0.997 0.026 0.995 1.000 
0.022 0.993 0.034 0.993 0.991 
0.012 0.997 0.050 0.993 0.997 
0.028 0.995 0.027 0.995 0.923 
0.021 0.996 0.026 0.993 0.997 
0.014 0.996 0.033 0.990 1.000 
0.029 0.991 0.028 0.993 0.997 
0.038 0.993 0.070 0.988 1.000 
0.010 0.998 0.106 0.993 0.997 
0.026 0.994 0.037 0.990 1.000 
0.015 0.995 0.039 0.990 1.000 
0.014 0.995 0.054 0.990 1.000 
0.016 0.995 0.044 0.990 1.000 
0.028 0.993 0.044 0.993 0.994 
0.026 0.991 0.023 0.995 0.988 
0.017 0.994 0.025 0.995 1.000 
0.017 0.996 0.023 0.995 0.997 
0.024 0.995 0.065 0.993 0.994 
0.022 0.993 0.044 0.993 0.960 
0.021 0.995 0.027 0.995 1.000 
0.019 0.994 0.030 0.993 0.997 
0.018 0.995 0.110 0.985 1.000 
0.021 0.992 0.047 0.988 1.000 
0.014 0.997 0.037 0.993 1.000 
0.012 0.995 0.064 0.990 0.988 
0.026 0.993 0.021 0.995 0.917 
0.023 0.994 0.034 0.995 0.997 
0.016 0.995 0.041 0.990 0.997 
0.034 0.994 0.037 0.988 0.997 
0.022 0.994 0.043 0.988 0.994 
0.021 0.995 0.037 0.988 1.000 
0.021 0.994 0.025 0.995 1.000 
0.021 0.994 0.035 0.990 1.000 
0.021 0.993 0.036 0.990 1.000 
0.019 0.994 0.026 0.995 1.000 
0.019 0.995 0.024 0.995 0.982 
0.011 0.997 0.034 0.995 1.000 
0.019 0.995 0.029 0.993 1.000 
0.018 0.997 0.029 0.993 1.000 
0.023 0.994 0.031 0.990 1.000 
0.013 0.998 0.063 0.983 1.000 
0.016 0.997 0.034 0.990 1.000 
0.015 0.994 0.020 0.995 1.000 
0.035 0.991 0.028 0.993 1.000 
0.018 0.995 0.093 0.985 0.997 
0.013 0.995 0.037 0.993 0.997 
0.013 0.997 0.034 0.993 0.997 
0.020 0.995 0.040 0.990 0.997 
0.013 0.995 0.047 0.993 0.764 
0.034 0.993 0.040 0.988 0.997 
0.029 0.991 0.043 0.990 1.000 
0.015 0.997 0.034 0.993 0.997 
0.016 0.995 0.051 0.993 1.000 
0.028 0.993 0.037 0.990 0.828 
0.017 0.995 0.034 0.990 0.997 
0.016 0.994 0.029 0.995 0.988 
0.020 0.996 0.064 0.988 0.988 
0.022 0.994 0.026 0.993 1.000 
0.011 0.997 0.043 0.990 1.000 
0.031 0.993 0.044 0.990 1.000 
0.032 0.994 0.021 0.995 0.988 
0.026 0.995 0.245 0.988 1.000 
0.032 0.993 0.030 0.993 1.000 
0.016 0.995 0.052 0.988 0.954 
0.020 0.993 0.033 0.993 0.690 
0.016 0.997 0.178 0.988 1.000 
0.016 0.994 0.039 0.988 0.991 
0.009 0.997 0.035 0.995 0.942 
0.014 0.997 0.041 0.990 0.856 
0.014 0.994 0.037 0.993 1.000 
0.037 0.992 0.030 0.995 0.991 
0.025 0.995 0.137 0.985 0.997 
0.028 0.991 0.040 0.993 0.979 
0.014 0.997 0.033 0.995 0.966 
0.026 0.995 0.051 0.995 1.000 
0.018 0.997 0.065 0.993 1.000 
0.024 0.994 0.030 0.995 0.997 
0.013 0.997 0.047 0.993 0.997 
0.043 0.993 0.029 0.995 0.997 
0.015 0.997 0.040 0.993 1.000 
0.025 0.993 0.031 0.990 0.997 
0.011 0.995 0.029 0.995 1.000 
0.010 0.996 0.033 0.995 1.000 
0.032 0.992 0.036 0.990 1.000 
0.035 0.991 0.034 0.990 0.997 
0.013 0.997 0.040 0.990 0.997 
0.016 0.994 0.063 0.995 0.997 
0.019 0.996 0.031 0.993 0.997 
0.032 0.991 0.026 0.995 1.000 
0.015 0.993 0.036 0.990 0.997 
0.037 0.996 0.030 0.993 1.000 
0.012 0.995 0.046 0.990 1.000 
0.010 0.996 0.027 0.995 1.000 
0.014 0.997 0.026 0.995 1.000 
0.015 0.996 0.030 0.995 0.997 
0.018 0.995 0.037 0.993 1.000 
0.012 0.995 0.041 0.990 0.994 
0.017 0.994 0.053 0.985 0.994 
0.028 0.994 0.038 0.990 1.000 
0.018 0.994 0.026 0.995 0.994 
0.017 0.995 0.023 0.995 1.000 
0.041 0.993 0.032 0.990 0.997 
0.020 0.995 0.035 0.990 1.000 
0.017 0.995 0.036 0.990 1.000 
0.015 0.997 0.036 0.990 0.997 
0.016 0.993 0.120 0.988 0.994 
0.024 0.994 0.034 0.990 1.000 
0.017 0.994 0.040 0.990 1.000 
0.015 0.997 0.061 0.990 0.997 
0.018 0.994 0.047 0.993 1.000 
0.016 0.994 0.050 0.990 0.997 
0.014 0.995 0.051 0.995 1.000 
0.010 0.997 0.044 0.995 1.000 
0.018 0.994 0.046 0.990 0.994 
0.013 0.997 0.038 0.993 1.000 
0.023 0.991 0.035 0.995 1.000 
0.025 0.994 0.038 0.988 0.997 
0.028 0.995 0.038 0.993 0.988 
0.012 0.998 0.051 0.988 0.997 
0.028 0.992 0.031 0.990 0.997 
0.017 0.995 0.033 0.993 0.997 
0.021 0.992 0.037 0.990 0.994 
0.013 0.995 0.080 0.980 1.000 
0.012 0.994 0.041 0.990 0.948 
0.017 0.995 0.042 0.990 1.000 
0.013 0.995 0.042 0.995 1.000 
0.023 0.994 0.036 0.995 0.988 
0.022 0.994 0.042 0.988 0.994 
0.023 0.992 0.027 0.993 1.000 
0.019 0.995 0.042 0.988 0.957 
0.015 0.995 0.036 0.990 0.997 
0.017 0.996 0.033 0.995 0.745 
0.012 0.996 0.026 0.995 0.975 
0.023 0.992 0.035 0.990 0.997 
0.020 0.993 0.030 0.993 1.000 
0.016 0.995 0.027 0.993 1.000 
0.025 0.994 0.024 0.995 1.000 
0.027 0.995 0.035 0.993 0.997 
0.023 0.993 0.035 0.990 1.000 
0.015 0.994 0.057 0.995 1.000 
0.021 0.994 0.029 0.993 1.000 
0.027 0.994 0.029 0.993 0.810 
0.017 0.996 0.042 0.995 0.979 
0.019 0.995 0.032 0.995 1.000 
0.019 0.997 0.042 0.990 1.000 
0.017 0.995 0.032 0.993 1.000 
0.020 0.994 0.028 0.995 0.831 
0.018 0.995 0.031 0.995 1.000 
0.027 0.995 0.071 0.993 1.000 
0.019 0.995 0.030 0.993 0.991 
0.019 0.994 0.057 0.988 0.991 
0.012 0.995 0.029 0.995 0.994 
0.009 0.998 0.024 0.995 1.000 
0.012 0.995 0.038 0.990 1.000 
0.018 0.995 0.032 0.995 1.000 
0.019 0.994 0.030 0.993 1.000 
0.008 0.997 0.035 0.995 1.000 
0.043 0.994 0.027 0.995 1.000 
0.026 0.994 0.041 0.988 0.994 
0.021 0.996 0.031 0.995 0.994 
0.018 0.998 0.029 0.993 1.000 
0.013 0.996 0.049 0.988 0.997 
0.022 0.993 0.038 0.993 1.000 
0.025 0.997 0.039 0.990 0.997 
0.013 0.996 0.101 0.985 1.000 
0.016 0.996 0.056 0.993 1.000 
0.013 0.996 0.023 0.995 1.000 
0.012 0.997 0.023 0.995 1.000 
0.026 0.995 0.027 0.995 1.000 
0.014 0.996 0.039 0.988 1.000 
0.028 0.993 0.027 0.995 1.000 
0.023 0.994 0.035 0.990 0.991 
0.038 0.994 0.025 0.995 1.000 
0.015 0.997 0.030 0.993 1.000 
0.018 0.995 0.025 0.993 0.997 
0.034 0.993 0.037 0.988 1.000 
0.022 0.994 0.031 0.993 0.985 
0.013 0.997 0.033 0.995 1.000 
0.021 0.996 0.036 0.993 1.000 
0.023 0.992 0.025 0.995 0.684 
0.008 0.999 0.030 0.995 0.929 
0.026 0.991 0.021 0.993 1.000 
0.013 0.995 0.097 0.993 1.000 
0.053 0.991 0.032 0.990 0.997 
0.020 0.995 0.026 0.993 1.000 
0.011 0.998 0.107 0.980 1.000 
0.020 0.995 0.024 0.995 1.000 
0.019 0.994 0.053 0.985 1.000 
0.017 0.994 0.038 0.990 1.000 
0.010 0.998 0.045 0.990 1.000 
0.015 0.995 0.038 0.990 0.997 
0.013 0.994 0.034 0.993 1.000 
0.015 0.997 0.032 0.993 1.000 
0.016 0.995 0.035 0.993 1.000 
0.010 0.998 0.032 0.993 1.000 
0.011 0.995 0.112 0.990 0.997 
0.026 0.993 0.037 0.990 1.000 
0.015 0.995 0.035 0.993 1.000 
0.018 0.994 0.041 0.990 1.000 
0.020 0.994 0.025 0.995 1.000 
0.025 0.993 0.201 0.983 0.979 
0.021 0.993 0.034 0.990 1.000 
0.030 0.993 0.023 0.995 1.000 
0.032 0.990 0.025 0.995 0.979 
0.027 0.992 0.025 0.995 1.000 
0.015 0.997 0.026 0.993 1.000 
0.011 0.998 0.027 0.993 1.000 
0.014 0.996 0.026 0.995 0.994 
0.014 0.996 0.029 0.995 1.000 
0.020 0.995 0.034 0.993 1.000 
0.018 0.994 0.026 0.995 1.000 
0.025 0.993 0.027 0.995 1.000 
0.019 0.995 0.023 0.995 1.000 
0.015 0.997 0.025 0.993 1.000 
0.015 0.993 0.033 0.993 1.000 
0.012 0.997 0.028 0.993 1.000 
0.009 0.995 0.035 0.995 1.000 
0.027 0.994 0.032 0.993 1.000 
0.022 0.994 0.033 0.993 0.994 
0.012 0.997 0.032 0.995 1.000 
0.014 0.997 0.025 0.995 1.000 
0.018 0.994 0.037 0.990 0.997 
0.012 0.997 0.022 0.995 1.000 
0.006 0.997 0.044 0.995 1.000 
0.015 0.997 0.021 0.995 1.000 
0.013 0.995 0.042 0.995 1.000 
0.020 0.997 0.024 0.995 1.000 
0.043 0.990 0.038 0.993 0.991 
0.019 0.994 0.026 0.995 1.000 
0.013 0.998 0.028 0.993 1.000 
0.011 0.996 0.025 0.995 1.000 
0.021 0.995 0.024 0.995 0.902 
0.007 0.997 0.032 0.995 0.724 
0.017 0.995 0.025 0.995 1.000 
0.015 0.995 0.025 0.995 1.000 
0.015 0.997 0.021 0.995 0.979 
0.017 0.996 0.028 0.995 0.994 
0.020 0.995 0.024 0.995 0.982 
0.017 0.993 0.023 0.995 0.997 
0.040 0.993 0.039 0.990 0.966 
0.021 0.995 0.022 0.995 1.000 
0.015 0.995 0.027 0.993 1.000 
0.032 0.995 0.028 0.995 0.991 
0.020 0.994 0.022 0.995 1.000 
0.033 0.993 0.059 0.988 1.000 
0.022 0.993 0.026 0.995 0.933 
0.014 0.995 0.022 0.995 1.000 
0.014 0.996 0.038 0.993 1.000 
0.032 0.995 0.021 0.995 1.000 
0.030 0.994 0.022 0.995 1.000 
0.014 0.996 0.033 0.993 0.994 
0.023 0.995 0.026 0.995 0.997 
0.022 0.994 0.025 0.995 1.000 
0.011 0.998 0.026 0.995 1.000 
0.031 0.995 0.028 0.995 1.000 
0.014 0.996 0.030 0.995 1.000 
0.023 0.995 0.028 0.995 1.000 
0.015 0.995 0.038 0.988 0.929 
0.015 0.994 0.027 0.995 1.000 
0.011 0.994 0.030 0.993 1.000 
0.012 0.997 0.030 0.993 1.000 
0.017 0.995 0.027 0.993 1.000 
0.044 0.993 0.028 0.993 1.000 
0.022 0.993 0.025 0.995 0.991 
0.018 0.994 0.095 0.985 0.985 
0.013 0.995 0.024 0.995 0.982 
0.026 0.994 0.023 0.993 0.994 
0.029 0.995 0.023 0.995 0.975 
0.017 0.996 0.023 0.995 0.767 
0.011 0.997 0.039 0.993 1.000 
0.017 0.994 0.022 0.995 1.000 
0.013 0.995 0.044 0.993 0.825 
0.020 0.993 0.031 0.990 0.951 
0.014 0.994 0.024 0.993 0.715 
0.018 0.994 0.263 0.993 0.979 
0.030 0.995 0.025 0.993 0.675 
0.016 0.995 0.028 0.993 0.988 
0.021 0.994 0.028 0.990 1.000 
0.006 0.998 0.043 0.993 0.997 
0.014 0.995 0.020 0.995 1.000 
0.016 0.996 0.036 0.993 0.975 
0.009 0.998 0.034 0.993 1.000 
0.022 0.994 0.040 0.990 1.000 
0.009 0.997 0.038 0.990 1.000 
0.014 0.997 0.034 0.990 1.000 
0.023 0.991 0.087 0.985 0.997 
0.029 0.994 0.023 0.995 1.000 
0.013 0.995 0.029 0.993 0.997 
0.011 0.997 0.041 0.993 1.000 
0.034 0.993 0.023 0.995 1.000 
0.019 0.993 0.025 0.995 1.000 
0.010 0.997 0.042 0.993 1.000 
0.012 0.997 0.025 0.995 1.000 
0.015 0.996 0.029 0.993 1.000 
0.017 0.994 0.022 0.995 1.000 
0.035 0.991 0.030 0.990 0.997 
0.021 0.993 0.039 0.988 0.997 
0.015 0.995 0.023 0.995 1.000 
0.013 0.997 0.029 0.993 1.000 
0.010 0.997 0.028 0.995 1.000 
0.012 0.995 0.032 0.990 1.000 
0.015 0.997 0.052 0.993 1.000 
0.021 0.997 0.053 0.993 1.000 
0.015 0.996 0.027 0.995 1.000 
0.017 0.995 0.041 0.993 1.000 
0.017 0.997 0.022 0.995 1.000 
0.019 0.993 0.028 0.990 1.000 
0.026 0.992 0.035 0.988 1.000 
0.021 0.993 0.027 0.993 1.000 
0.012 0.997 0.031 0.995 1.000 
0.025 0.995 0.025 0.993 1.000 
0.016 0.995 0.024 0.995 0.994 
0.014 0.997 0.030 0.993 1.000 
0.020 0.994 0.033 0.993 1.000 
0.008 0.998 0.039 0.990 1.000 
0.015 0.997 0.031 0.993 1.000 
0.016 0.997 0.035 0.993 1.000 
0.023 0.994 0.039 0.990 1.000 
0.015 0.997 0.029 0.993 1.000 
0.011 0.997 0.029 0.993 1.000 
0.037 0.991 0.034 0.990 1.000 
0.018 0.994 0.026 0.995 1.000 
0.023 0.993 0.024 0.995 1.000 
0.026 0.994 0.028 0.995 1.000 
0.013 0.996 0.030 0.993 1.000 
0.016 0.995 0.023 0.995 1.000 
0.015 0.995 0.034 0.990 1.000 
0.013 0.995 0.031 0.993 1.000 
0.018 0.994 0.032 0.990 1.000 
0.026 0.993 0.032 0.993 1.000 
0.015 0.996 0.024 0.995 1.000 
0.021 0.995 0.045 0.988 1.000 
0.019 0.994 0.030 0.993 1.000 
0.011 0.998 0.027 0.995 1.000 
0.019 0.995 0.027 0.993 1.000 
0.014 0.995 0.032 0.993 0.988 
0.014 0.995 0.031 0.990 1.000 
0.014 0.995 0.021 0.995 1.000 
0.007 0.998 0.029 0.995 1.000 
0.021 0.995 0.036 0.990 0.994 
0.030 0.993 0.030 0.995 1.000 
0.012 0.995 0.018 0.995 1.000 
0.017 0.993 0.027 0.993 0.988 
0.024 0.994 0.036 0.988 0.997 
0.018 0.994 0.027 0.993 0.994 
0.022 0.995 0.024 0.995 1.000 
0.014 0.994 0.025 0.995 1.000 
0.013 0.997 0.024 0.995 1.000 
0.026 0.995 0.022 0.995 0.997 
0.015 0.996 0.043 0.993 0.997 
0.013 0.994 0.028 0.995 1.000 
0.012 0.995 0.029 0.995 1.000 
0.023 0.994 0.026 0.993 1.000 
0.011 0.998 0.032 0.990 1.000 
0.009 0.997 0.023 0.995 0.997 
0.009 0.998 0.022 0.995 0.997 
0.022 0.993 0.026 0.995 1.000 
0.020 0.993 0.028 0.995 0.994 
0.016 0.996 0.030 0.993 1.000 
0.015 0.995 0.025 0.995 0.997 
0.014 0.998 0.027 0.995 1.000 
0.009 0.997 0.025 0.993 1.000 
0.036 0.993 0.024 0.995 1.000 
0.010 0.997 0.033 0.993 1.000 
0.010 0.995 0.036 0.993 0.997 
0.021 0.997 0.030 0.993 1.000 
0.016 0.996 0.026 0.993 0.985 
0.014 0.996 0.024 0.995 1.000 
0.028 0.993 0.033 0.993 0.997 
0.013 0.997 0.026 0.990 1.000 
0.019 0.994 0.023 0.995 1.000 
0.045 0.993 0.021 0.995 0.997 
0.013 0.997 0.020 0.995 0.997 
0.011 0.997 0.027 0.993 1.000 
0.026 0.991 0.033 0.990 1.000 
0.013 0.996 0.026 0.993 1.000 
0.011 0.997 0.020 0.995 1.000 
0.016 0.995 0.026 0.993 1.000 
0.015 0.996 0.019 0.995 1.000 
0.021 0.995 0.020 0.995 1.000 
0.012 0.997 0.021 0.995 1.000 
0.007 0.998 0.024 0.995 1.000 
0.013 0.997 0.165 0.988 0.991 
0.023 0.993 0.024 0.993 1.000 
0.030 0.994 0.028 0.995 0.972 
0.011 0.997 0.107 0.988 0.997 
0.009 0.997 0.207 0.990 0.997 
0.010 0.998 0.114 0.990 0.997 
0.010 0.995 0.031 0.993 1.000 
0.020 0.995 0.026 0.995 1.000 
0.010 0.997 0.020 0.995 1.000 
0.040 0.992 0.026 0.995 0.997 
0.017 0.995 0.035 0.990 1.000 
0.016 0.994 0.028 0.993 0.972 
0.009 0.998 0.029 0.990 0.997 
0.011 0.996 0.030 0.993 1.000 
0.016 0.998 0.026 0.995 0.994 
0.010 0.995 0.020 0.995 1.000 
0.009 0.997 0.023 0.995 1.000 
0.016 0.995 0.025 0.995 1.000 
0.022 0.994 0.047 0.988 0.997 
0.010 0.995 0.026 0.993 1.000 
0.031 0.995 0.024 0.995 1.000 
0.009 0.998 0.036 0.990 1.000 
0.014 0.995 0.031 0.993 1.000 
0.011 0.997 0.035 0.993 1.000 
0.014 0.995 0.033 0.993 0.994 
0.006 0.998 0.214 0.990 1.000 
0.020 0.995 0.033 0.990 1.000 
0.021 0.993 0.045 0.990 0.997 
0.012 0.997 0.030 0.995 1.000 
0.013 0.995 0.049 0.990 1.000 
0.049 0.994 0.029 0.993 0.997 
0.016 0.997 0.028 0.995 1.000 
0.024 0.994 0.030 0.993 1.000 
0.010 0.997 0.028 0.993 1.000 
0.025 0.993 0.031 0.993 1.000 
0.021 0.994 0.023 0.995 1.000 
0.009 0.998 0.027 0.995 1.000 
0.018 0.997 0.029 0.993 1.000 
0.012 0.997 0.025 0.995 1.000 
0.011 0.996 0.031 0.995 1.000 
0.022 0.995 0.035 0.993 1.000 
0.027 0.995 0.032 0.993 0.997 
0.009 0.998 0.038 0.993 0.991 
0.009 0.995 0.025 0.995 0.997 
0.023 0.993 0.029 0.995 0.985 
0.015 0.995 0.116 0.990 0.963 
0.012 0.999 0.023 0.995 1.000 
0.011 0.997 0.033 0.993 1.000 
0.017 0.995 0.026 0.995 1.000 
0.013 0.996 0.206 0.988 0.979 
0.043 0.992 0.032 0.993 1.000 
0.010 0.997 0.028 0.995 1.000 
0.014 0.997 0.028 0.995 1.000 
0.023 0.993 0.025 0.995 1.000 
0.022 0.997 0.027 0.995 1.000 
0.017 0.997 0.028 0.993 1.000 
0.012 0.997 0.027 0.995 1.000 
0.019 0.994 0.023 0.995 1.000 
0.017 0.995 0.023 0.995 1.000 
0.013 0.997 0.183 0.990 0.994 
0.014 0.995 0.034 0.990 1.000 
0.015 0.993 0.027 0.993 0.997 
0.010 0.996 0.021 0.995 1.000 
0.047 0.992 0.027 0.995 1.000 
0.022 0.995 0.025 0.995 1.000 
0.029 0.991 0.026 0.995 1.000 
0.007 0.997 0.023 0.995 1.000 
0.016 0.996 0.026 0.995 1.000 
0.015 0.994 0.030 0.993 1.000 
0.029 0.993 0.022 0.993 1.000 
0.020 0.994 0.030 0.995 1.000 
0.014 0.994 0.028 0.993 1.000 
0.008 0.997 0.034 0.993 1.000 
0.012 0.995 0.023 0.995 1.000 
0.010 0.998 0.029 0.993 0.997 
0.019 0.994 0.028 0.993 0.988 
0.023 0.994 0.047 0.990 0.617 
0.021 0.995 0.023 0.995 1.000 
0.005 0.998 0.024 0.995 1.000 
0.015 0.995 0.021 0.995 1.000 
0.015 0.995 0.022 0.995 1.000 
0.013 0.995 0.022 0.995 1.000 
0.017 0.994 0.035 0.993 1.000 
0.038 0.993 0.095 0.990 0.994 
0.013 0.996 0.372 0.988 0.997 
0.017 0.997 0.024 0.995 1.000 
0.021 0.995 0.034 0.993 1.000 
0.009 0.998 0.040 0.995 1.000 
0.010 0.998 0.024 0.995 0.997 
0.011 0.997 0.187 0.990 1.000 
0.007 0.998 0.035 0.993 1.000 
0.015 0.995 0.028 0.993 1.000 
0.007 0.999 0.025 0.993 1.000 
0.031 0.994 0.038 0.993 1.000 
0.017 0.993 0.032 0.993 1.000 
0.005 0.997 0.032 0.995 1.000 
0.019 0.996 0.030 0.993 1.000 
0.011 0.998 0.023 0.995 1.000 
0.015 0.995 0.027 0.993 1.000 
0.019 0.994 0.033 0.993 1.000 
0.011 0.998 0.023 0.993 1.000 
0.026 0.995 0.026 0.993 1.000 
0.017 0.995 0.027 0.995 1.000 
0.013 0.995 0.026 0.993 1.000 
0.008 0.998 0.025 0.995 1.000 
0.010 0.997 0.030 0.993 1.000 
0.026 0.996 0.024 0.995 1.000 
0.009 0.997 0.022 0.993 1.000 
0.020 0.993 0.033 0.993 1.000 
0.013 0.997 0.061 0.990 1.000 
0.020 0.992 0.031 0.993 1.000 
0.021 0.994 0.028 0.993 1.000 
0.015 0.996 0.026 0.993 1.000 
0.004 0.998 0.026 0.995 1.000 
0.010 0.998 0.021 0.995 1.000 
0.016 0.996 0.028 0.993 1.000 
0.022 0.995 0.032 0.993 1.000 
0.028 0.994 0.048 0.985 0.936 
0.012 0.996 0.023 0.995 0.997 
0.025 0.995 0.025 0.995 0.994 
0.021 0.995 0.028 0.993 1.000 
0.009 0.997 0.022 0.995 1.000 
0.016 0.994 0.025 0.995 0.991 
0.007 0.997 0.020 0.995 1.000 
0.015 0.995 0.104 0.990 0.994 
0.036 0.995 0.025 0.990 1.000 
0.011 0.998 0.026 0.995 0.988 
0.015 0.995 0.023 0.995 1.000 
0.014 0.994 0.030 0.995 1.000 
0.012 0.996 0.021 0.995 1.000 
0.010 0.997 0.027 0.995 1.000 
0.019 0.995 0.035 0.993 1.000 
0.011 0.997 0.041 0.993 1.000 
0.016 0.995 0.025 0.995 0.997 
0.023 0.994 0.027 0.993 1.000 
0.020 0.995 0.023 0.995 1.000 
0.010 0.997 0.061 0.995 0.997 
0.021 0.992 0.034 0.990 1.000 
0.016 0.997 0.024 0.995 1.000 
0.011 0.998 0.312 0.993 0.994 
0.021 0.997 0.506 0.988 0.994 
0.014 0.995 0.041 0.993 1.000 
0.020 0.996 0.046 0.990 1.000 
0.017 0.995 0.045 0.990 1.000 
0.007 0.997 0.058 0.993 1.000 
0.015 0.997 0.039 0.995 1.000 
0.013 0.997 0.042 0.995 1.000 
0.010 0.997 0.039 0.990 0.997 
0.028 0.994 0.032 0.993 0.966 
0.036 0.994 0.027 0.993 1.000 
0.008 0.997 0.027 0.995 1.000 
0.018 0.997 0.038 0.995 0.997 
0.016 0.996 0.055 0.988 0.933 
0.009 0.997 0.027 0.995 1.000 
0.022 0.993 0.028 0.995 1.000 
0.012 0.996 0.027 0.995 1.000 
0.010 0.997 0.026 0.995 1.000 
0.017 0.995 0.026 0.995 0.997 
0.015 0.997 0.025 0.995 1.000 
0.012 0.998 0.026 0.995 1.000 
0.011 0.997 0.026 0.995 1.000 
0.014 0.997 0.028 0.995 1.000 
0.007 0.998 0.028 0.995 1.000 
0.022 0.994 0.033 0.993 0.997 
0.023 0.995 0.144 0.990 1.000 
0.025 0.994 0.031 0.993 1.000 
0.009 0.998 0.036 0.993 1.000 
0.025 0.995 0.032 0.993 0.975 
0.015 0.995 0.029 0.995 1.000 
0.019 0.995 0.028 0.993 1.000 
0.012 0.996 0.032 0.993 1.000 
0.012 0.997 0.026 0.995 0.997 
0.008 0.997 0.030 0.993 1.000 
0.019 0.996 0.031 0.993 0.997 
0.022 0.994 0.024 0.995 1.000 
0.019 0.995 0.031 0.995 0.997 
0.013 0.997 0.030 0.995 1.000 
0.006 0.997 0.043 0.995 0.810 
0.012 0.998 0.035 0.993 1.000 
0.018 0.993 0.027 0.995 1.000 
0.014 0.997 0.026 0.993 1.000 
0.014 0.996 0.039 0.993 1.000 
0.021 0.994 0.047 0.993 1.000 
0.024 0.994 0.028 0.993 1.000 
0.013 0.998 0.027 0.995 1.000 
0.011 0.995 0.028 0.995 1.000 
0.014 0.996 0.026 0.995 0.997 
0.008 0.998 0.037 0.993 1.000 
0.038 0.990 0.024 0.995 1.000 
0.017 0.995 0.020 0.995 1.000 
0.010 0.994 0.027 0.995 1.000 
0.012 0.995 0.025 0.993 1.000 
0.006 0.997 0.028 0.995 1.000 
0.019 0.994 0.032 0.993 1.000 
0.013 0.995 0.028 0.995 1.000 
0.014 0.997 0.031 0.993 1.000 
0.074 0.989 0.078 0.980 0.988 
0.019 0.995 0.065 0.993 1.000 
