0.443 0.807 0.183 0.958 0.157 
0.333 0.861 0.269 0.955 0.352 
0.278 0.891 0.177 0.955 0.616 
0.287 0.895 0.173 0.935 0.522 
0.272 0.890 0.181 0.960 0.877 
0.244 0.912 0.181 0.938 0.412 
0.240 0.913 0.136 0.985 0.836 
0.237 0.911 0.148 0.960 0.704 
0.220 0.921 0.107 0.980 0.827 
0.208 0.921 0.127 0.970 0.818 
0.217 0.918 0.112 0.965 0.786 
0.212 0.918 0.113 0.985 0.836 
0.189 0.932 0.121 0.953 0.616 
0.197 0.931 0.143 0.965 0.786 
0.211 0.923 0.138 0.980 0.858 
0.193 0.932 0.127 0.993 0.890 
0.184 0.933 0.122 0.978 0.833 
0.191 0.935 0.107 0.985 0.808 
0.171 0.940 0.081 0.988 0.912 
0.182 0.936 0.131 0.953 0.758 
0.178 0.946 0.139 0.943 0.673 
0.163 0.943 0.082 0.990 0.934 
0.182 0.938 0.095 0.985 0.796 
0.164 0.944 0.137 0.945 0.686 
0.166 0.941 0.119 0.955 0.698 
0.160 0.945 0.115 0.985 0.906 
0.179 0.938 0.105 0.988 0.862 
0.149 0.951 0.079 0.985 0.858 
0.166 0.940 0.079 0.988 0.846 
0.153 0.948 0.101 0.985 0.877 
0.152 0.951 0.084 0.988 0.909 
0.152 0.946 0.101 0.985 0.814 
0.156 0.945 0.071 0.990 0.805 
0.157 0.941 0.078 0.990 0.943 
0.136 0.955 0.066 0.995 0.934 
0.150 0.953 0.076 0.983 0.899 
0.137 0.953 0.092 0.988 0.959 
0.150 0.949 0.084 0.980 0.925 
0.145 0.953 0.150 0.963 0.865 
0.134 0.959 0.091 0.990 0.931 
0.145 0.948 0.082 0.990 0.953 
0.150 0.953 0.110 0.985 0.962 
0.139 0.950 0.087 0.978 0.890 
0.125 0.958 0.062 0.990 0.931 
0.127 0.959 0.077 0.988 0.947 
0.135 0.951 0.070 0.990 0.903 
0.154 0.950 0.125 0.980 0.925 
0.134 0.957 0.140 0.943 0.881 
0.119 0.961 0.091 0.990 0.934 
0.121 0.961 0.078 0.990 0.943 
0.137 0.953 0.081 0.990 0.912 
0.116 0.959 0.110 0.960 0.881 
0.134 0.954 0.087 0.985 0.915 
0.112 0.964 0.094 0.975 0.937 
0.117 0.963 0.085 0.983 0.953 
0.132 0.955 0.058 0.993 0.915 
0.121 0.959 0.058 0.988 0.937 
0.128 0.957 0.113 0.975 0.953 
0.125 0.958 0.073 0.985 0.928 
0.117 0.958 0.090 0.985 0.896 
0.128 0.957 0.071 0.985 0.931 
0.110 0.964 0.055 0.985 0.931 
0.129 0.957 0.073 0.990 0.953 
0.122 0.959 0.083 0.985 0.947 
0.128 0.957 0.076 0.985 0.950 
0.138 0.951 0.076 0.983 0.937 
0.121 0.958 0.069 0.980 0.909 
0.134 0.958 0.082 0.975 0.893 
0.116 0.960 0.054 0.993 0.931 
0.111 0.968 0.077 0.980 0.921 
0.114 0.962 0.065 0.985 0.840 
0.120 0.962 0.081 0.985 0.947 
0.104 0.965 0.071 0.995 0.953 
0.106 0.966 0.060 0.985 0.921 
0.113 0.960 0.076 0.990 0.940 
0.103 0.965 0.068 0.985 0.937 
0.117 0.961 0.074 0.980 0.906 
0.131 0.957 0.062 0.988 0.921 
0.120 0.962 0.100 0.978 0.915 
0.107 0.966 0.058 0.988 0.934 
0.114 0.962 0.066 0.988 0.940 
0.102 0.970 0.057 0.990 0.931 
0.109 0.965 0.064 0.995 0.931 
0.116 0.961 0.099 0.985 0.953 
0.108 0.963 0.101 0.980 0.947 
0.121 0.960 0.073 0.983 0.912 
0.109 0.962 0.067 0.988 0.934 
0.109 0.963 0.100 0.963 0.912 
0.106 0.966 0.072 0.983 0.950 
0.111 0.960 0.099 0.978 0.940 
0.097 0.968 0.062 0.988 0.918 
0.097 0.968 0.066 0.990 0.937 
0.107 0.962 0.070 0.983 0.896 
0.092 0.970 0.070 0.988 0.950 
0.113 0.961 0.126 0.963 0.931 
0.104 0.963 0.065 0.990 0.931 
0.103 0.964 0.095 0.980 0.956 
0.096 0.970 0.064 0.985 0.950 
0.108 0.960 0.067 0.983 0.950 
0.104 0.965 0.063 0.988 0.909 
0.097 0.964 0.050 0.988 0.928 
0.100 0.970 0.043 0.990 0.934 
0.100 0.971 0.085 0.993 0.950 
0.090 0.968 0.079 0.993 0.943 
0.093 0.967 0.047 0.985 0.950 
0.090 0.970 0.069 0.980 0.962 
0.088 0.970 0.069 0.970 0.912 
0.107 0.963 0.053 0.993 0.925 
0.094 0.971 0.095 0.983 0.947 
0.099 0.965 0.103 0.973 0.953 
0.097 0.967 0.048 0.995 0.953 
0.098 0.968 0.060 0.990 0.943 
0.099 0.967 0.054 0.983 0.962 
0.098 0.966 0.063 0.980 0.871 
0.095 0.964 0.066 0.993 0.937 
0.095 0.966 0.056 0.985 0.943 
0.103 0.964 0.053 0.993 0.931 
0.106 0.963 0.066 0.983 0.950 
0.086 0.973 0.090 0.983 0.943 
0.081 0.974 0.061 0.985 0.921 
0.094 0.966 0.094 0.980 0.969 
0.090 0.972 0.108 0.985 0.969 
0.108 0.967 0.093 0.983 0.937 
0.095 0.969 0.075 0.975 0.912 
0.087 0.970 0.181 0.925 0.814 
0.095 0.967 0.065 0.988 0.947 
0.090 0.973 0.066 0.985 0.950 
0.097 0.968 0.117 0.953 0.833 
0.087 0.970 0.079 0.988 0.943 
0.095 0.966 0.083 0.975 0.928 
0.090 0.970 0.068 0.990 0.940 
0.098 0.965 0.107 0.963 0.912 
0.091 0.967 0.071 0.985 0.940 
0.099 0.967 0.075 0.983 0.912 
0.085 0.967 0.049 0.990 0.947 
0.081 0.974 0.050 0.988 0.909 
0.087 0.972 0.061 0.983 0.909 
0.089 0.970 0.075 0.978 0.947 
0.091 0.970 0.049 0.988 0.950 
0.101 0.966 0.124 0.945 0.877 
0.080 0.971 0.067 0.985 0.931 
0.089 0.968 0.116 0.983 0.950 
0.105 0.965 0.065 0.985 0.940 
0.086 0.972 0.047 0.988 0.915 
0.087 0.973 0.085 0.983 0.909 
0.089 0.969 0.067 0.983 0.937 
0.090 0.970 0.056 0.985 0.940 
0.079 0.973 0.046 0.993 0.934 
0.088 0.969 0.079 0.973 0.925 
0.096 0.968 0.047 0.993 0.928 
0.089 0.974 0.099 0.975 0.899 
0.097 0.969 0.076 0.983 0.950 
0.102 0.965 0.079 0.983 0.931 
0.083 0.973 0.074 0.985 0.943 
0.075 0.979 0.071 0.988 0.943 
0.083 0.973 0.053 0.990 0.918 
0.077 0.976 0.081 0.983 0.943 
0.087 0.973 0.068 0.985 0.950 
0.085 0.968 0.060 0.990 0.921 
0.094 0.970 0.041 0.990 0.906 
0.079 0.973 0.057 0.983 0.947 
0.096 0.970 0.069 0.980 0.899 
0.097 0.970 0.085 0.973 0.943 
0.070 0.979 0.092 0.980 0.947 
0.088 0.970 0.075 0.980 0.931 
0.083 0.973 0.069 0.978 0.915 
0.090 0.966 0.066 0.985 0.940 
0.080 0.972 0.075 0.978 0.934 
0.083 0.972 0.086 0.975 0.937 
0.079 0.978 0.090 0.980 0.943 
0.068 0.979 0.094 0.975 0.956 
0.101 0.966 0.094 0.975 0.975 
0.080 0.971 0.073 0.980 0.953 
0.090 0.972 0.101 0.980 0.940 
0.078 0.975 0.106 0.973 0.956 
0.068 0.978 0.045 0.990 0.947 
0.093 0.966 0.046 0.990 0.947 
0.087 0.968 0.078 0.970 0.903 
0.094 0.971 0.057 0.990 0.925 
0.082 0.972 0.042 0.993 0.940 
0.083 0.972 0.038 0.990 0.931 
0.076 0.977 0.047 0.988 0.947 
0.089 0.970 0.089 0.973 0.940 
0.095 0.967 0.080 0.970 0.925 
0.072 0.976 0.055 0.978 0.909 
0.090 0.968 0.054 0.988 0.934 
0.081 0.972 0.073 0.980 0.962 
0.073 0.974 0.066 0.988 0.943 
0.076 0.972 0.047 0.988 0.947 
0.093 0.972 0.073 0.980 0.953 
0.089 0.974 0.070 0.983 0.928 
0.070 0.977 0.094 0.970 0.943 
0.071 0.979 0.084 0.978 0.950 
0.083 0.972 0.065 0.988 0.934 
0.085 0.973 0.073 0.990 0.950 
0.075 0.973 0.080 0.973 0.906 
0.079 0.974 0.047 0.988 0.912 
0.076 0.973 0.063 0.983 0.953 
0.076 0.970 0.058 0.988 0.943 
0.066 0.975 0.054 0.988 0.947 
0.084 0.968 0.092 0.985 0.940 
0.088 0.973 0.066 0.985 0.928 
0.071 0.977 0.069 0.988 0.937 
0.077 0.974 0.076 0.980 0.950 
0.084 0.973 0.041 0.985 0.931 
0.070 0.976 0.073 0.990 0.940 
0.070 0.976 0.075 0.980 0.959 
0.077 0.972 0.049 0.988 0.940 
0.085 0.966 0.069 0.983 0.943 
0.074 0.972 0.061 0.983 0.921 
0.083 0.970 0.048 0.995 0.918 
0.081 0.970 0.069 0.980 0.950 
0.078 0.974 0.077 0.980 0.937 
0.074 0.976 0.047 0.990 0.928 
0.087 0.970 0.065 0.985 0.947 
0.076 0.973 0.065 0.978 0.943 
0.076 0.977 0.090 0.970 0.953 
0.083 0.971 0.071 0.983 0.950 
0.057 0.983 0.047 0.990 0.937 
0.081 0.974 0.058 0.983 0.915 
0.070 0.978 0.058 0.988 0.947 
0.089 0.972 0.066 0.985 0.947 
0.072 0.977 0.063 0.985 0.937 
0.095 0.971 0.078 0.983 0.959 
0.075 0.975 0.084 0.983 0.947 
0.074 0.976 0.069 0.988 0.947 
0.067 0.974 0.057 0.983 0.953 
0.075 0.973 0.039 0.985 0.943 
0.075 0.973 0.056 0.985 0.934 
0.083 0.972 0.063 0.978 0.918 
0.077 0.972 0.048 0.988 0.915 
0.074 0.976 0.043 0.990 0.943 
0.074 0.973 0.063 0.985 0.918 
0.086 0.969 0.067 0.990 0.947 
0.081 0.973 0.066 0.983 0.906 
0.070 0.981 0.105 0.970 0.909 
0.078 0.970 0.063 0.985 0.947 
0.090 0.971 0.070 0.985 0.943 
0.058 0.979 0.047 0.990 0.940 
0.076 0.974 0.057 0.988 0.918 
0.072 0.972 0.042 0.988 0.947 
0.061 0.979 0.111 0.980 0.937 
0.071 0.977 0.086 0.983 0.965 
0.080 0.973 0.046 0.988 0.934 
0.068 0.978 0.075 0.975 0.931 
0.082 0.971 0.054 0.980 0.943 
0.069 0.977 0.056 0.985 0.962 
0.077 0.973 0.045 0.985 0.940 
0.068 0.977 0.071 0.980 0.947 
0.076 0.979 0.072 0.983 0.943 
0.072 0.979 0.062 0.985 0.956 
0.073 0.978 0.060 0.988 0.940 
0.069 0.974 0.061 0.990 0.937 
0.072 0.976 0.071 0.980 0.899 
0.077 0.974 0.042 0.993 0.931 
0.084 0.976 0.062 0.990 0.928 
0.063 0.982 0.054 0.988 0.947 
0.080 0.970 0.138 0.950 0.890 
0.058 0.981 0.045 0.985 0.940 
0.080 0.976 0.058 0.983 0.962 
0.057 0.979 0.060 0.985 0.937 
0.080 0.975 0.078 0.980 0.965 
0.071 0.978 0.064 0.980 0.931 
0.070 0.973 0.062 0.978 0.937 
0.070 0.970 0.045 0.990 0.937 
0.068 0.977 0.041 0.988 0.909 
0.075 0.974 0.046 0.990 0.928 
0.071 0.977 0.085 0.980 0.959 
0.072 0.975 0.111 0.963 0.972 
0.069 0.978 0.049 0.983 0.940 
0.068 0.974 0.056 0.983 0.943 
0.069 0.976 0.052 0.988 0.956 
0.069 0.975 0.045 0.983 0.931 
0.071 0.977 0.114 0.973 0.975 
0.077 0.974 0.052 0.980 0.956 
0.069 0.980 0.038 0.993 0.937 
0.072 0.976 0.048 0.988 0.947 
0.078 0.977 0.055 0.985 0.947 
0.070 0.977 0.046 0.988 0.937 
0.070 0.976 0.052 0.973 0.959 
0.062 0.981 0.060 0.985 0.940 
0.072 0.973 0.054 0.988 0.943 
0.076 0.975 0.083 0.980 0.947 
0.075 0.974 0.076 0.975 0.855 
0.066 0.979 0.057 0.980 0.940 
0.074 0.974 0.050 0.983 0.953 
0.073 0.974 0.067 0.988 0.943 
0.071 0.977 0.051 0.988 0.940 
0.074 0.974 0.063 0.978 0.969 
0.067 0.977 0.046 0.993 0.947 
0.059 0.979 0.057 0.980 0.969 
0.065 0.981 0.094 0.970 0.881 
0.070 0.976 0.058 0.990 0.943 
0.062 0.984 0.047 0.988 0.896 
0.062 0.977 0.152 0.932 0.868 
0.059 0.979 0.049 0.983 0.947 
0.072 0.976 0.056 0.983 0.969 
0.068 0.978 0.048 0.983 0.940 
0.072 0.977 0.083 0.985 0.962 
0.070 0.974 0.047 0.985 0.943 
0.057 0.979 0.055 0.985 0.950 
0.080 0.973 0.043 0.988 0.937 
0.058 0.980 0.032 0.990 0.943 
0.074 0.973 0.033 0.990 0.937 
0.061 0.980 0.037 0.988 0.940 
0.072 0.979 0.047 0.990 0.943 
0.058 0.980 0.084 0.968 0.918 
0.063 0.980 0.079 0.980 0.956 
0.067 0.977 0.036 0.993 0.937 
0.066 0.980 0.050 0.993 0.943 
0.064 0.975 0.037 0.993 0.934 
0.055 0.982 0.049 0.988 0.956 
0.065 0.980 0.076 0.975 0.937 
0.053 0.983 0.058 0.985 0.959 
0.076 0.973 0.082 0.980 0.959 
0.073 0.974 0.057 0.985 0.899 
0.060 0.980 0.045 0.988 0.937 
0.057 0.981 0.050 0.985 0.950 
0.065 0.977 0.044 0.978 0.953 
0.067 0.977 0.061 0.983 0.956 
0.059 0.979 0.052 0.985 0.959 
0.058 0.983 0.050 0.988 0.943 
0.064 0.982 0.046 0.990 0.928 
0.056 0.981 0.049 0.988 0.959 
0.073 0.977 0.061 0.988 0.915 
0.064 0.976 0.075 0.985 0.953 
0.056 0.983 0.052 0.988 0.940 
0.064 0.979 0.061 0.990 0.940 
0.066 0.975 0.048 0.985 0.940 
0.062 0.980 0.045 0.988 0.947 
0.068 0.980 0.048 0.985 0.940 
0.069 0.976 0.046 0.993 0.881 
0.068 0.976 0.038 0.990 0.940 
0.070 0.973 0.066 0.983 0.956 
0.070 0.976 0.038 0.988 0.899 
0.075 0.978 0.054 0.985 0.931 
0.057 0.979 0.047 0.990 0.937 
0.068 0.979 0.043 0.990 0.921 
0.071 0.976 0.044 0.995 0.899 
0.059 0.983 0.039 0.988 0.903 
0.068 0.974 0.044 0.988 0.947 
0.056 0.982 0.116 0.955 0.925 
0.062 0.978 0.057 0.993 0.937 
0.070 0.978 0.052 0.988 0.950 
0.074 0.975 0.046 0.985 0.921 
0.068 0.977 0.066 0.990 0.950 
0.065 0.978 0.041 0.985 0.934 
0.064 0.978 0.087 0.978 0.937 
0.060 0.978 0.045 0.988 0.953 
0.062 0.983 0.064 0.978 0.975 
0.057 0.980 0.050 0.985 0.950 
0.074 0.976 0.070 0.983 0.953 
0.064 0.978 0.067 0.983 0.965 
0.069 0.976 0.048 0.988 0.950 
0.066 0.980 0.043 0.993 0.947 
0.061 0.979 0.038 0.990 0.940 
0.057 0.980 0.049 0.988 0.962 
0.060 0.978 0.068 0.978 0.947 
0.050 0.983 0.050 0.980 0.950 
0.051 0.980 0.044 0.988 0.959 
0.055 0.982 0.067 0.980 0.962 
0.068 0.977 0.062 0.988 0.953 
0.062 0.981 0.054 0.985 0.943 
0.061 0.980 0.077 0.975 0.953 
0.057 0.984 0.044 0.985 0.953 
0.061 0.977 0.043 0.990 0.909 
0.057 0.978 0.055 0.980 0.953 
0.057 0.981 0.049 0.983 0.947 
0.067 0.980 0.053 0.983 0.918 
0.050 0.985 0.046 0.985 0.950 
0.069 0.979 0.068 0.980 0.956 
0.058 0.978 0.046 0.985 0.940 
0.058 0.978 0.102 0.973 0.969 
0.046 0.986 0.077 0.975 0.972 
0.071 0.977 0.080 0.975 0.959 
0.055 0.979 0.049 0.990 0.937 
0.053 0.983 0.068 0.983 0.931 
0.056 0.982 0.058 0.978 0.928 
0.073 0.973 0.070 0.980 0.950 
0.058 0.982 0.056 0.985 0.959 
0.058 0.982 0.078 0.980 0.956 
0.062 0.979 0.040 0.985 0.940 
0.057 0.979 0.110 0.993 0.937 
0.062 0.977 0.043 0.988 0.947 
0.048 0.982 0.079 0.973 0.965 
0.061 0.976 0.045 0.988 0.937 
0.058 0.983 0.059 0.988 0.906 
0.067 0.978 0.062 0.980 0.959 
0.060 0.978 0.036 0.990 0.934 
0.057 0.981 0.044 0.988 0.912 
0.049 0.981 0.038 0.988 0.943 
0.072 0.977 0.059 0.995 0.931 
0.060 0.980 0.062 0.978 0.962 
0.060 0.980 0.090 0.970 0.962 
0.060 0.980 0.046 0.980 0.937 
0.041 0.987 0.035 0.990 0.937 
0.079 0.975 0.040 0.995 0.912 
0.073 0.975 0.040 0.990 0.931 
0.058 0.980 0.037 0.990 0.947 
0.057 0.980 0.045 0.985 0.953 
0.069 0.980 0.037 0.985 0.937 
0.051 0.982 0.046 0.983 0.947 
0.053 0.978 0.059 0.983 0.950 
0.060 0.980 0.070 0.980 0.950 
0.050 0.982 0.067 0.983 0.959 
0.067 0.974 0.045 0.988 0.950 
0.064 0.977 0.053 0.985 0.950 
0.050 0.983 0.053 0.988 0.940 
0.059 0.982 0.041 0.993 0.928 
0.066 0.978 0.062 0.985 0.965 
0.047 0.984 0.039 0.990 0.943 
0.074 0.978 0.048 0.988 0.956 
0.061 0.978 0.084 0.970 0.947 
0.058 0.981 0.072 0.980 0.962 
0.061 0.981 0.048 0.985 0.950 
0.056 0.979 0.057 0.983 0.931 
0.056 0.980 0.062 0.980 0.956 
0.067 0.976 0.108 0.983 0.896 
0.069 0.978 0.046 0.993 0.940 
0.069 0.980 0.064 0.983 0.947 
0.058 0.979 0.078 0.970 0.959 
0.058 0.982 0.063 0.980 0.953 
0.055 0.981 0.052 0.985 0.950 
0.060 0.980 0.038 0.993 0.934 
0.058 0.977 0.051 0.990 0.937 
0.060 0.985 0.071 0.983 0.947 
0.073 0.976 0.111 0.975 0.965 
0.057 0.978 0.052 0.983 0.940 
0.062 0.978 0.085 0.985 0.921 
0.055 0.977 0.055 0.983 0.953 
0.065 0.978 0.068 0.980 0.937 
0.050 0.983 0.050 0.985 0.934 
0.051 0.982 0.063 0.983 0.953 
0.061 0.978 0.053 0.983 0.953 
0.069 0.980 0.115 0.983 0.940 
0.063 0.977 0.113 0.973 0.956 
0.061 0.980 0.069 0.975 0.947 
0.051 0.984 0.072 0.978 0.947 
0.056 0.982 0.072 0.980 0.943 
0.049 0.983 0.050 0.985 0.925 
0.053 0.980 0.062 0.983 0.943 
0.062 0.983 0.050 0.988 0.947 
0.062 0.979 0.058 0.988 0.940 
0.049 0.985 0.057 0.985 0.943 
0.054 0.982 0.041 0.985 0.909 
0.050 0.983 0.043 0.983 0.950 
0.050 0.983 0.038 0.988 0.947 
0.059 0.982 0.050 0.985 0.959 
0.045 0.987 0.036 0.988 0.931 
0.056 0.977 0.052 0.988 0.943 
0.055 0.985 0.051 0.988 0.940 
0.046 0.985 0.100 0.970 0.959 
0.052 0.981 0.066 0.980 0.937 
0.060 0.980 0.093 0.973 0.959 
0.051 0.982 0.058 0.983 0.956 
0.048 0.984 0.055 0.985 0.959 
0.049 0.981 0.086 0.975 0.950 
0.050 0.982 0.060 0.983 0.940 
0.057 0.983 0.095 0.983 0.959 
0.060 0.978 0.118 0.978 0.969 
0.072 0.980 0.087 0.975 0.965 
0.048 0.983 0.070 0.983 0.959 
0.052 0.982 0.094 0.975 0.950 
0.060 0.978 0.059 0.978 0.947 
0.050 0.984 0.060 0.980 0.956 
0.063 0.979 0.042 0.990 0.925 
0.063 0.982 0.047 0.985 0.947 
0.059 0.983 0.054 0.983 0.956 
0.057 0.983 0.042 0.988 0.953 
0.052 0.978 0.064 0.980 0.953 
0.063 0.978 0.039 0.988 0.934 
0.039 0.986 0.041 0.990 0.921 
0.076 0.976 0.062 0.988 0.940 
0.050 0.988 0.056 0.988 0.925 
0.048 0.982 0.095 0.978 0.969 
0.051 0.978 0.047 0.985 0.953 
0.055 0.980 0.078 0.978 0.965 
0.050 0.986 0.051 0.983 0.943 
0.057 0.980 0.089 0.975 0.962 
0.047 0.985 0.076 0.978 0.956 
0.062 0.979 0.062 0.988 0.953 
0.054 0.983 0.041 0.990 0.906 
0.050 0.983 0.038 0.990 0.931 
0.054 0.983 0.035 0.990 0.931 
0.056 0.980 0.073 0.985 0.962 
0.052 0.985 0.064 0.978 0.950 
0.054 0.978 0.048 0.988 0.943 
0.068 0.973 0.033 0.995 0.947 
0.046 0.979 0.050 0.990 0.921 
0.054 0.981 0.041 0.985 0.909 
0.048 0.986 0.066 0.983 0.953 
0.046 0.986 0.066 0.985 0.943 
0.058 0.981 0.046 0.985 0.953 
0.048 0.985 0.038 0.988 0.947 
0.066 0.981 0.031 0.990 0.890 
0.053 0.983 0.065 0.985 0.956 
0.046 0.985 0.043 0.988 0.940 
0.056 0.983 0.033 0.993 0.943 
0.070 0.973 0.064 0.980 0.972 
0.045 0.985 0.037 0.990 0.934 
0.055 0.984 0.068 0.985 0.950 
0.054 0.985 0.047 0.985 0.959 
0.056 0.982 0.069 0.983 0.950 
0.060 0.983 0.038 0.990 0.928 
0.049 0.985 0.073 0.975 0.962 
0.058 0.979 0.041 0.990 0.934 
0.049 0.985 0.047 0.990 0.940 
0.056 0.982 0.095 0.975 0.969 
0.052 0.983 0.055 0.983 0.934 
0.064 0.983 0.064 0.980 0.959 
0.053 0.980 0.053 0.985 0.947 
0.045 0.986 0.039 0.988 0.925 
0.051 0.985 0.048 0.990 0.931 
0.058 0.983 0.081 0.978 0.965 
0.055 0.980 0.095 0.983 0.953 
0.057 0.982 0.046 0.988 0.921 
0.052 0.985 0.103 0.970 0.956 
0.057 0.980 0.049 0.985 0.940 
0.046 0.984 0.029 0.993 0.925 
0.060 0.979 0.077 0.978 0.953 
0.055 0.983 0.044 0.988 0.931 
0.060 0.979 0.060 0.983 0.940 
0.047 0.986 0.058 0.990 0.947 
0.052 0.982 0.056 0.985 0.953 
0.049 0.981 0.059 0.985 0.953 
0.058 0.983 0.046 0.988 0.940 
0.061 0.979 0.060 0.978 0.921 
0.064 0.981 0.108 0.973 0.969 
0.055 0.984 0.064 0.983 0.921 
0.042 0.984 0.045 0.985 0.965 
0.056 0.984 0.038 0.990 0.928 
0.051 0.983 0.049 0.985 0.950 
0.053 0.980 0.061 0.978 0.956 
0.054 0.979 0.061 0.978 0.956 
0.059 0.983 0.055 0.985 0.925 
0.056 0.979 0.065 0.985 0.950 
0.058 0.982 0.052 0.985 0.915 
0.055 0.980 0.052 0.988 0.950 
0.047 0.984 0.052 0.988 0.950 
0.062 0.981 0.065 0.980 0.956 
0.043 0.984 0.039 0.988 0.950 
0.048 0.984 0.042 0.990 0.943 
0.062 0.988 0.141 0.960 0.981 
0.055 0.980 0.042 0.988 0.943 
0.039 0.988 0.030 0.993 0.943 
0.053 0.982 0.065 0.983 0.969 
0.043 0.985 0.048 0.985 0.931 
0.041 0.986 0.072 0.978 0.962 
0.046 0.984 0.048 0.985 0.940 
0.055 0.981 0.048 0.988 0.940 
0.051 0.984 0.041 0.988 0.931 
0.055 0.983 0.049 0.983 0.940 
0.057 0.982 0.124 0.955 0.969 
0.046 0.982 0.049 0.988 0.928 
0.055 0.983 0.077 0.983 0.953 
0.054 0.983 0.062 0.983 0.937 
0.055 0.983 0.066 0.983 0.950 
0.063 0.979 0.032 0.990 0.934 
0.047 0.983 0.076 0.983 0.950 
0.045 0.982 0.057 0.988 0.956 
0.054 0.980 0.074 0.980 0.953 
0.055 0.983 0.056 0.988 0.956 
0.056 0.983 0.063 0.985 0.953 
0.051 0.983 0.064 0.983 0.972 
0.055 0.985 0.077 0.978 0.962 
0.046 0.987 0.049 0.983 0.943 
0.051 0.983 0.051 0.985 0.950 
0.052 0.980 0.040 0.988 0.937 
0.047 0.983 0.047 0.990 0.953 
0.045 0.986 0.041 0.985 0.940 
0.056 0.982 0.047 0.983 0.937 
0.056 0.984 0.046 0.990 0.947 
0.048 0.982 0.047 0.985 0.943 
0.057 0.982 0.062 0.980 0.956 
0.058 0.982 0.067 0.985 0.950 
0.041 0.986 0.071 0.978 0.953 
0.062 0.978 0.047 0.988 0.956 
0.043 0.983 0.053 0.985 0.947 
0.050 0.984 0.076 0.978 0.947 
0.043 0.986 0.071 0.983 0.959 
0.055 0.982 0.055 0.985 0.959 
0.049 0.984 0.067 0.983 0.953 
0.057 0.979 0.049 0.988 0.921 
0.047 0.984 0.076 0.985 0.937 
0.055 0.982 0.054 0.988 0.940 
0.059 0.982 0.067 0.985 0.940 
0.053 0.986 0.044 0.983 0.950 
0.055 0.982 0.054 0.983 0.947 
0.041 0.986 0.051 0.985 0.947 
0.049 0.984 0.042 0.990 0.959 
0.052 0.979 0.041 0.990 0.953 
0.051 0.980 0.056 0.990 0.947 
0.054 0.984 0.042 0.988 0.943 
0.035 0.989 0.051 0.978 0.937 
0.054 0.980 0.035 0.993 0.918 
0.055 0.982 0.066 0.980 0.940 
0.037 0.986 0.046 0.988 0.940 
0.064 0.982 0.049 0.988 0.947 
0.049 0.981 0.060 0.988 0.950 
0.060 0.979 0.055 0.985 0.972 
0.047 0.983 0.068 0.985 0.962 
0.046 0.983 0.045 0.988 0.950 
0.049 0.985 0.082 0.980 0.956 
0.044 0.983 0.050 0.988 0.931 
0.048 0.984 0.043 0.990 0.899 
0.053 0.983 0.054 0.988 0.931 
0.059 0.983 0.092 0.975 0.965 
0.057 0.979 0.048 0.985 0.937 
0.049 0.984 0.056 0.988 0.950 
0.047 0.983 0.036 0.988 0.925 
0.051 0.984 0.064 0.988 0.943 
0.049 0.984 0.081 0.973 0.969 
0.045 0.982 0.046 0.988 0.881 
0.037 0.986 0.045 0.988 0.943 
0.042 0.988 0.037 0.990 0.940 
0.048 0.985 0.048 0.988 0.918 
0.051 0.986 0.052 0.990 0.921 
0.049 0.983 0.042 0.990 0.912 
0.042 0.986 0.059 0.983 0.965 
0.048 0.984 0.059 0.980 0.953 
0.060 0.979 0.040 0.993 0.921 
0.055 0.978 0.068 0.983 0.962 
0.051 0.979 0.064 0.983 0.956 
0.042 0.988 0.054 0.988 0.925 
0.051 0.986 0.036 0.993 0.921 
0.051 0.982 0.040 0.988 0.937 
0.047 0.984 0.093 0.973 0.965 
0.061 0.984 0.054 0.988 0.943 
0.057 0.979 0.041 0.988 0.947 
0.034 0.991 0.065 0.988 0.956 
0.049 0.983 0.049 0.993 0.943 
0.046 0.984 0.043 0.990 0.953 
0.041 0.985 0.038 0.993 0.943 
0.048 0.982 0.051 0.988 0.950 
0.042 0.984 0.060 0.985 0.943 
0.061 0.984 0.050 0.988 0.943 
0.063 0.985 0.060 0.983 0.906 
0.051 0.982 0.047 0.988 0.915 
0.040 0.985 0.033 0.993 0.906 
0.047 0.983 0.043 0.990 0.947 
0.054 0.979 0.032 0.993 0.934 
0.051 0.982 0.045 0.985 0.947 
0.049 0.985 0.059 0.993 0.937 
0.059 0.984 0.050 0.983 0.934 
0.044 0.985 0.057 0.985 0.940 
0.067 0.978 0.074 0.983 0.931 
0.053 0.980 0.045 0.985 0.940 
0.043 0.985 0.034 0.988 0.940 
0.049 0.982 0.039 0.990 0.947 
0.061 0.980 0.056 0.980 0.956 
0.042 0.989 0.032 0.995 0.928 
0.058 0.984 0.064 0.988 0.937 
0.059 0.982 0.030 0.990 0.940 
0.047 0.984 0.033 0.995 0.928 
0.039 0.986 0.065 0.980 0.903 
0.043 0.988 0.073 0.990 0.947 
0.036 0.990 0.032 0.990 0.940 
0.039 0.986 0.057 0.980 0.956 
0.057 0.981 0.049 0.990 0.921 
0.052 0.980 0.036 0.993 0.899 
0.051 0.984 0.067 0.988 0.953 
0.036 0.984 0.050 0.983 0.943 
0.057 0.979 0.043 0.990 0.947 
0.053 0.981 0.028 0.993 0.931 
0.035 0.987 0.036 0.988 0.950 
0.045 0.984 0.054 0.990 0.943 
0.066 0.983 0.041 0.988 0.906 
0.043 0.985 0.082 0.983 0.956 
0.059 0.978 0.059 0.983 0.962 
0.046 0.983 0.060 0.980 0.962 
0.036 0.987 0.032 0.988 0.950 
0.051 0.984 0.056 0.985 0.950 
0.053 0.984 0.055 0.985 0.943 
0.033 0.985 0.084 0.983 0.943 
0.051 0.984 0.058 0.983 0.956 
0.040 0.986 0.124 0.975 0.962 
0.043 0.985 0.148 0.985 0.953 
0.066 0.984 0.042 0.995 0.893 
0.044 0.986 0.071 0.990 0.950 
0.064 0.982 0.036 0.988 0.921 
0.042 0.984 0.069 0.985 0.953 
0.052 0.982 0.048 0.985 0.943 
0.040 0.988 0.072 0.983 0.950 
0.060 0.981 0.059 0.988 0.928 
0.041 0.986 0.076 0.983 0.953 
0.059 0.982 0.058 0.988 0.921 
0.036 0.989 0.041 0.985 0.934 
0.052 0.984 0.036 0.990 0.931 
0.056 0.984 0.049 0.983 0.947 
0.045 0.985 0.057 0.988 0.947 
0.049 0.984 0.054 0.985 0.950 
0.050 0.981 0.078 0.973 0.956 
0.050 0.984 0.039 0.988 0.918 
0.052 0.987 0.052 0.990 0.940 
0.044 0.986 0.074 0.983 0.965 
0.046 0.985 0.063 0.990 0.943 
0.035 0.986 0.055 0.988 0.950 
0.051 0.981 0.041 0.988 0.947 
0.036 0.990 0.039 0.985 0.950 
0.050 0.980 0.092 0.980 0.965 
0.048 0.985 0.086 0.973 0.965 
0.047 0.983 0.071 0.980 0.956 
0.053 0.985 0.046 0.985 0.934 
0.044 0.988 0.046 0.990 0.934 
0.049 0.986 0.051 0.988 0.921 
0.044 0.986 0.033 0.988 0.937 
0.057 0.980 0.040 0.988 0.912 
0.052 0.984 0.038 0.988 0.943 
0.053 0.982 0.065 0.983 0.956 
0.056 0.981 0.050 0.988 0.928 
0.041 0.987 0.044 0.990 0.909 
0.058 0.980 0.039 0.990 0.934 
0.036 0.990 0.029 0.990 0.921 
0.040 0.986 0.120 0.965 0.840 
0.043 0.987 0.050 0.988 0.937 
0.043 0.987 0.043 0.988 0.950 
0.040 0.989 0.055 0.985 0.962 
0.041 0.986 0.039 0.988 0.934 
0.049 0.985 0.037 0.993 0.940 
0.055 0.982 0.052 0.990 0.943 
0.049 0.984 0.029 0.990 0.918 
0.055 0.983 0.043 0.990 0.947 
0.038 0.988 0.044 0.988 0.947 
0.048 0.986 0.024 0.993 0.943 
0.054 0.985 0.064 0.983 0.953 
0.050 0.981 0.096 0.993 0.915 
0.042 0.987 0.029 0.993 0.915 
0.047 0.986 0.046 0.990 0.934 
0.047 0.983 0.037 0.988 0.934 
0.037 0.987 0.065 0.985 0.956 
0.048 0.986 0.062 0.985 0.947 
0.046 0.986 0.047 0.990 0.943 
0.058 0.980 0.040 0.988 0.925 
0.053 0.983 0.057 0.985 0.947 
0.038 0.986 0.055 0.990 0.953 
0.063 0.985 0.047 0.988 0.947 
0.047 0.984 0.053 0.988 0.953 
0.044 0.984 0.052 0.993 0.931 
0.033 0.989 0.094 0.978 0.959 
0.052 0.986 0.058 0.978 0.962 
0.045 0.983 0.102 0.988 0.953 
0.041 0.985 0.066 0.985 0.953 
0.045 0.983 0.114 0.975 0.969 
0.045 0.986 0.053 0.988 0.943 
0.041 0.987 0.055 0.985 0.956 
0.041 0.986 0.041 0.985 0.962 
0.053 0.980 0.033 0.990 0.953 
0.045 0.986 0.049 0.988 0.947 
0.050 0.983 0.048 0.988 0.931 
0.051 0.983 0.051 0.988 0.925 
0.042 0.986 0.050 0.985 0.962 
0.045 0.986 0.040 0.990 0.928 
0.040 0.988 0.036 0.988 0.934 
0.037 0.985 0.037 0.983 0.947 
0.036 0.987 0.048 0.990 0.934 
0.047 0.983 0.039 0.988 0.928 
0.057 0.982 0.053 0.988 0.947 
0.028 0.989 0.042 0.988 0.943 
0.046 0.986 0.073 0.985 0.959 
0.041 0.987 0.062 0.978 0.940 
0.047 0.982 0.037 0.988 0.943 
0.052 0.984 0.055 0.980 0.959 
0.039 0.988 0.035 0.990 0.909 
0.037 0.989 0.032 0.993 0.931 
0.061 0.981 0.051 0.990 0.921 
0.045 0.986 0.030 0.990 0.928 
0.047 0.989 0.038 0.990 0.925 
0.046 0.985 0.074 0.985 0.959 
0.060 0.978 0.055 0.983 0.940 
0.045 0.985 0.045 0.988 0.950 
0.047 0.982 0.058 0.983 0.956 
0.038 0.986 0.053 0.985 0.934 
0.043 0.983 0.063 0.978 0.953 
0.044 0.985 0.049 0.985 0.947 
0.059 0.982 0.071 0.983 0.950 
0.061 0.986 0.050 0.988 0.940 
0.039 0.989 0.062 0.983 0.950 
0.047 0.982 0.041 0.988 0.943 
0.059 0.982 0.048 0.988 0.947 
0.042 0.988 0.044 0.988 0.953 
0.034 0.987 0.031 0.990 0.947 
0.049 0.986 0.041 0.988 0.947 
0.043 0.986 0.051 0.983 0.943 
0.048 0.983 0.051 0.980 0.953 
0.052 0.983 0.066 0.978 0.956 
0.048 0.984 0.060 0.983 0.953 
0.036 0.987 0.041 0.988 0.943 
0.032 0.988 0.043 0.988 0.956 
0.041 0.985 0.037 0.990 0.950 
0.057 0.984 0.074 0.980 0.959 
0.034 0.991 0.040 0.993 0.950 
0.045 0.984 0.041 0.988 0.943 
0.037 0.987 0.056 0.985 0.956 
0.052 0.984 0.086 0.983 0.959 
0.052 0.986 0.088 0.978 0.950 
0.049 0.984 0.051 0.985 0.931 
0.037 0.986 0.065 0.980 0.959 
0.040 0.986 0.047 0.988 0.940 
0.045 0.986 0.051 0.988 0.947 
0.044 0.986 0.070 0.985 0.953 
0.059 0.979 0.094 0.983 0.959 
0.041 0.988 0.057 0.985 0.950 
0.055 0.980 0.070 0.988 0.953 
0.035 0.989 0.026 0.988 0.943 
0.044 0.988 0.034 0.990 0.943 
0.043 0.984 0.041 0.990 0.947 
0.044 0.986 0.042 0.988 0.950 
0.050 0.984 0.082 0.978 0.959 
0.058 0.980 0.054 0.985 0.953 
0.038 0.990 0.066 0.983 0.959 
0.047 0.985 0.031 0.993 0.940 
0.042 0.989 0.047 0.985 0.953 
0.038 0.985 0.029 0.993 0.912 
0.038 0.986 0.050 0.985 0.950 
0.042 0.984 0.042 0.988 0.947 
0.031 0.989 0.038 0.985 0.937 
0.052 0.989 0.037 0.990 0.940 
0.063 0.976 0.053 0.990 0.943 
0.043 0.986 0.042 0.990 0.943 
0.041 0.987 0.038 0.993 0.937 
0.039 0.987 0.047 0.990 0.947 
0.052 0.983 0.041 0.990 0.950 
0.044 0.984 0.034 0.990 0.943 
0.047 0.984 0.054 0.980 0.965 
0.036 0.986 0.079 0.980 0.956 
0.045 0.985 0.038 0.993 0.940 
0.036 0.989 0.045 0.990 0.947 
0.038 0.986 0.052 0.988 0.956 
0.039 0.988 0.043 0.990 0.937 
0.048 0.987 0.046 0.988 0.918 
0.037 0.986 0.044 0.988 0.950 
0.045 0.985 0.089 0.975 0.959 
0.036 0.987 0.058 0.988 0.937 
0.046 0.980 0.046 0.988 0.950 
0.043 0.985 0.063 0.978 0.962 
0.040 0.984 0.038 0.988 0.947 
0.050 0.984 0.031 0.993 0.912 
0.055 0.983 0.064 0.985 0.909 
0.036 0.989 0.040 0.985 0.934 
0.050 0.983 0.081 0.970 0.953 
0.041 0.986 0.046 0.985 0.950 
0.037 0.987 0.062 0.978 0.953 
0.043 0.983 0.055 0.990 0.950 
0.053 0.984 0.051 0.983 0.947 
0.034 0.989 0.083 0.983 0.959 
0.039 0.986 0.036 0.990 0.934 
0.055 0.983 0.032 0.993 0.928 
0.050 0.983 0.065 0.980 0.947 
0.043 0.982 0.044 0.993 0.937 
0.039 0.989 0.043 0.990 0.940 
0.040 0.989 0.046 0.985 0.937 
0.043 0.984 0.072 0.980 0.953 
0.028 0.990 0.064 0.980 0.950 
0.048 0.983 0.217 0.963 0.953 
0.036 0.989 0.085 0.980 0.959 
0.047 0.985 0.088 0.973 0.962 
0.048 0.984 0.030 0.993 0.928 
0.050 0.983 0.053 0.980 0.953 
0.046 0.983 0.039 0.985 0.943 
0.045 0.986 0.041 0.985 0.953 
0.039 0.989 0.039 0.990 0.950 
0.049 0.983 0.044 0.983 0.947 
0.042 0.984 0.070 0.983 0.965 
0.052 0.980 0.059 0.980 0.943 
0.036 0.988 0.053 0.980 0.947 
0.038 0.988 0.039 0.988 0.918 
0.049 0.983 0.037 0.990 0.928 
0.041 0.986 0.039 0.990 0.931 
0.048 0.984 0.077 0.970 0.962 
0.049 0.986 0.086 0.975 0.962 
0.038 0.988 0.022 0.990 0.943 
0.073 0.982 0.036 0.990 0.943 
0.034 0.989 0.051 0.988 0.934 
0.046 0.984 0.067 0.985 0.937 
0.051 0.986 0.063 0.978 0.956 
0.043 0.985 0.037 0.990 0.937 
0.028 0.992 0.063 0.980 0.953 
0.045 0.985 0.053 0.988 0.928 
0.036 0.989 0.050 0.985 0.953 
0.044 0.987 0.050 0.985 0.943 
0.041 0.988 0.049 0.988 0.943 
0.053 0.984 0.061 0.978 0.940 
0.038 0.985 0.040 0.988 0.943 
0.046 0.985 0.040 0.990 0.925 
0.045 0.982 0.036 0.990 0.921 
0.061 0.980 0.047 0.993 0.921 
0.042 0.985 0.067 0.990 0.925 
0.037 0.989 0.046 0.985 0.940 
0.038 0.986 0.049 0.990 0.940 
0.035 0.989 0.053 0.988 0.940 
0.041 0.985 0.045 0.988 0.931 
0.040 0.987 0.099 0.983 0.912 
0.045 0.988 0.040 0.990 0.934 
0.037 0.989 0.057 0.988 0.921 
0.039 0.988 0.053 0.988 0.950 
0.042 0.986 0.048 0.988 0.956 
0.036 0.986 0.037 0.990 0.940 
0.040 0.986 0.041 0.990 0.934 
0.045 0.988 0.050 0.993 0.943 
0.050 0.982 0.058 0.988 0.950 
0.038 0.987 0.078 0.978 0.956 
0.047 0.984 0.059 0.985 0.956 
0.045 0.983 0.052 0.990 0.928 
0.055 0.983 0.039 0.990 0.931 
0.041 0.986 0.052 0.988 0.953 
0.041 0.986 0.046 0.983 0.947 
0.043 0.982 0.052 0.988 0.950 
0.041 0.988 0.065 0.980 0.956 
0.052 0.983 0.026 0.990 0.912 
0.061 0.986 0.039 0.990 0.940 
0.058 0.984 0.033 0.988 0.912 
0.034 0.989 0.029 0.990 0.943 
0.035 0.986 0.038 0.993 0.940 
0.035 0.989 0.043 0.990 0.947 
0.046 0.986 0.019 0.995 0.925 
0.040 0.990 0.047 0.983 0.953 
0.037 0.989 0.047 0.985 0.953 
0.045 0.980 0.047 0.985 0.959 
0.053 0.984 0.040 0.985 0.947 
0.035 0.989 0.039 0.988 0.950 
0.046 0.983 0.063 0.980 0.962 
0.045 0.983 0.073 0.983 0.965 
0.070 0.979 0.132 0.960 0.972 
0.052 0.982 0.051 0.983 0.943 
0.052 0.985 0.082 0.980 0.962 
0.041 0.986 0.066 0.988 0.943 
0.041 0.989 0.035 0.990 0.943 
0.038 0.986 0.043 0.988 0.947 
0.036 0.989 0.053 0.988 0.956 
0.045 0.984 0.057 0.985 0.950 
0.041 0.985 0.076 0.985 0.953 
0.034 0.990 0.045 0.985 0.953 
0.041 0.984 0.050 0.980 0.950 
0.035 0.989 0.062 0.985 0.953 
0.036 0.987 0.038 0.988 0.943 
0.053 0.983 0.048 0.988 0.950 
0.043 0.986 0.051 0.985 0.956 
0.040 0.987 0.037 0.993 0.925 
0.049 0.985 0.048 0.985 0.925 
0.046 0.985 0.039 0.990 0.925 
0.047 0.984 0.097 0.988 0.928 
0.037 0.989 0.043 0.985 0.937 
0.042 0.986 0.068 0.985 0.956 
0.051 0.983 0.050 0.988 0.947 
0.032 0.988 0.044 0.988 0.956 
0.057 0.985 0.064 0.978 0.959 
0.031 0.990 0.062 0.990 0.915 
0.043 0.988 0.044 0.980 0.940 
0.049 0.985 0.060 0.980 0.937 
0.048 0.984 0.033 0.993 0.934 
0.041 0.983 0.038 0.993 0.943 
0.041 0.984 0.067 0.980 0.950 
0.044 0.983 0.057 0.988 0.947 
0.032 0.988 0.103 0.978 0.965 
0.042 0.986 0.024 0.995 0.931 
0.045 0.986 0.047 0.985 0.947 
0.045 0.986 0.034 0.993 0.940 
0.049 0.985 0.091 0.973 0.965 
0.049 0.982 0.045 0.993 0.912 
0.029 0.993 0.052 0.988 0.950 
0.046 0.985 0.051 0.988 0.925 
0.040 0.983 0.054 0.985 0.943 
0.049 0.987 0.058 0.985 0.947 
0.031 0.987 0.066 0.990 0.953 
0.048 0.984 0.039 0.990 0.943 
0.036 0.989 0.032 0.990 0.934 
0.046 0.984 0.051 0.985 0.928 
0.030 0.991 0.039 0.990 0.928 
0.038 0.986 0.044 0.990 0.943 
0.034 0.989 0.035 0.990 0.950 
0.041 0.983 0.042 0.993 0.950 
0.040 0.986 0.054 0.988 0.925 
0.047 0.986 0.038 0.993 0.937 
0.035 0.988 0.045 0.993 0.890 
0.048 0.988 0.056 0.988 0.943 
0.032 0.991 0.018 0.995 0.925 
0.047 0.986 0.051 0.985 0.953 
0.040 0.984 0.061 0.988 0.921 
0.047 0.984 0.091 0.970 0.959 
0.042 0.984 0.246 0.985 0.915 
0.066 0.985 0.057 0.985 0.931 
0.075 0.988 0.063 0.985 0.934 
0.035 0.987 0.057 0.985 0.950 
0.041 0.986 0.030 0.993 0.881 
0.039 0.990 0.070 0.980 0.959 
0.042 0.988 0.045 0.983 0.950 
0.056 0.981 0.064 0.983 0.950 
0.046 0.986 0.036 0.990 0.899 
0.055 0.984 0.071 0.980 0.953 
0.044 0.986 0.048 0.993 0.931 
0.045 0.986 0.041 0.988 0.953 
0.041 0.986 0.052 0.985 0.953 
0.026 0.991 0.057 0.985 0.950 
0.033 0.989 0.038 0.988 0.937 
0.049 0.984 0.041 0.988 0.940 
0.049 0.985 0.033 0.990 0.940 
0.049 0.983 0.073 0.988 0.956 
0.029 0.987 0.054 0.983 0.947 
0.049 0.988 0.036 0.993 0.940 
0.044 0.984 0.073 0.983 0.940 
