0.312 0.875 0.242 0.938 1.000 
0.166 0.938 0.126 0.988 1.000 
0.154 0.947 0.300 0.863 1.000 
0.146 0.953 0.127 0.950 1.000 
0.128 0.961 0.119 0.978 1.000 
0.115 0.962 0.084 0.975 1.000 
0.090 0.969 0.098 0.970 1.000 
0.098 0.966 0.114 0.958 1.000 
0.113 0.973 0.063 0.985 1.000 
0.086 0.974 0.056 0.985 1.000 
0.106 0.965 0.137 0.932 1.000 
0.076 0.978 0.086 0.985 1.000 
0.073 0.977 0.090 0.960 1.000 
0.078 0.978 0.059 0.983 1.000 
0.077 0.976 0.092 0.958 1.000 
0.077 0.977 0.088 0.980 1.000 
0.076 0.978 0.114 0.953 0.782 
0.075 0.975 0.069 0.983 1.000 
0.078 0.978 0.080 0.985 1.000 
0.084 0.982 0.120 0.945 1.000 
0.061 0.982 0.054 0.988 1.000 
0.068 0.980 0.172 0.927 0.793 
0.060 0.980 0.081 0.960 0.462 
0.075 0.978 0.086 0.985 0.993 
0.067 0.982 0.061 0.978 0.989 
0.064 0.984 0.057 0.983 1.000 
0.060 0.982 0.081 0.960 1.000 
0.058 0.983 0.091 0.978 1.000 
0.064 0.980 0.105 0.932 0.989 
0.048 0.987 0.082 0.965 0.982 
0.053 0.987 0.071 0.983 0.996 
0.073 0.978 0.066 0.980 1.000 
0.063 0.979 0.058 0.973 1.000 
0.058 0.983 0.064 0.970 1.000 
0.055 0.986 0.082 0.955 1.000 
0.052 0.984 0.049 0.985 1.000 
0.061 0.982 0.079 0.980 1.000 
0.051 0.983 0.123 0.940 0.876 
0.052 0.988 0.144 0.932 0.945 
0.058 0.984 0.047 0.985 1.000 
0.061 0.984 0.110 0.990 1.000 
0.051 0.985 0.064 0.983 1.000 
0.051 0.984 0.084 0.975 0.676 
0.068 0.982 0.142 0.932 0.935 
0.042 0.989 0.059 0.975 0.215 
0.047 0.986 0.096 0.953 0.996 
0.057 0.984 0.076 0.963 1.000 
0.047 0.989 0.118 0.932 1.000 
0.046 0.986 0.077 0.968 1.000 
0.045 0.988 0.071 0.970 0.091 
0.043 0.987 0.077 0.968 1.000 
0.049 0.986 0.085 0.965 1.000 
0.050 0.986 0.075 0.963 0.204 
0.051 0.988 0.068 0.973 1.000 
0.043 0.990 0.064 0.975 1.000 
0.052 0.985 0.072 0.978 0.211 
0.047 0.987 0.060 0.983 0.847 
0.043 0.990 0.074 0.978 0.233 
0.035 0.989 0.120 0.935 0.345 
0.043 0.989 0.133 0.932 1.000 
0.046 0.987 0.097 0.948 0.302 
0.042 0.990 0.039 0.988 0.985 
0.050 0.985 0.065 0.975 1.000 
0.040 0.988 0.068 0.970 0.993 
0.055 0.986 0.083 0.960 0.564 
0.035 0.988 0.045 0.990 0.720 
0.043 0.989 0.065 0.978 0.924 
0.041 0.991 0.121 0.945 0.549 
0.047 0.985 0.064 0.970 0.996 
0.035 0.991 0.060 0.993 0.000 
0.048 0.985 0.074 0.970 1.000 
0.038 0.989 0.040 0.988 0.956 
0.041 0.989 0.045 0.988 0.011 
0.054 0.985 0.103 0.940 0.233 
0.043 0.988 0.099 0.965 1.000 
0.040 0.990 0.042 0.990 0.396 
0.038 0.988 0.122 0.938 0.764 
0.032 0.991 0.059 0.973 0.858 
0.044 0.988 0.053 0.978 0.313 
0.046 0.988 0.097 0.948 0.295 
0.042 0.988 0.060 0.975 0.404 
0.041 0.988 0.051 0.978 0.291 
0.039 0.988 0.061 0.975 0.989 
0.049 0.989 0.037 0.988 0.636 
0.049 0.985 0.051 0.978 0.996 
0.036 0.989 0.059 0.993 0.782 
0.036 0.991 0.041 0.995 1.000 
0.039 0.989 0.103 0.953 0.949 
0.035 0.988 0.065 0.973 0.993 
0.042 0.991 0.058 0.980 0.116 
0.038 0.991 0.053 0.983 0.989 
0.039 0.989 0.044 0.988 0.862 
0.040 0.990 0.107 0.950 0.738 
0.037 0.991 0.060 0.975 0.978 
0.040 0.989 0.128 0.943 1.000 
0.037 0.989 0.054 0.985 0.993 
0.036 0.992 0.051 0.990 0.596 
0.041 0.990 0.043 0.980 0.967 
0.035 0.992 0.050 0.978 0.935 
0.037 0.991 0.070 0.975 0.247 
0.034 0.992 0.116 0.948 0.022 
0.041 0.990 0.058 0.978 0.942 
0.054 0.986 0.078 0.960 0.982 
0.043 0.988 0.073 0.960 0.945 
0.036 0.991 0.066 0.965 0.996 
0.032 0.992 0.076 0.968 0.913 
0.034 0.992 0.055 0.975 0.676 
0.040 0.989 0.058 0.975 0.465 
0.036 0.991 0.051 0.975 0.931 
0.037 0.990 0.049 0.978 0.924 
0.030 0.993 0.078 0.965 0.004 
0.035 0.990 0.036 0.993 0.076 
0.041 0.990 0.056 0.973 0.916 
0.028 0.990 0.033 0.995 0.251 
0.041 0.989 0.072 0.963 0.484 
0.032 0.990 0.060 0.963 0.829 
0.034 0.994 0.032 0.995 0.538 
0.030 0.993 0.046 0.988 0.193 
0.033 0.992 0.075 0.963 0.258 
0.044 0.988 0.042 0.990 0.396 
0.029 0.993 0.083 0.955 0.702 
0.045 0.988 0.071 0.978 0.175 
0.030 0.994 0.083 0.963 0.695 
0.038 0.990 0.102 0.950 0.807 
0.039 0.990 0.060 0.980 0.480 
0.038 0.990 0.115 0.950 0.429 
0.034 0.993 0.042 0.990 1.000 
0.035 0.990 0.054 0.983 0.040 
0.028 0.993 0.038 0.985 0.964 
0.030 0.992 0.080 0.960 0.985 
0.046 0.991 0.219 0.912 0.996 
0.031 0.990 0.081 0.960 0.985 
0.027 0.994 0.042 0.983 1.000 
0.034 0.991 0.050 0.975 0.905 
0.034 0.989 0.045 0.983 0.975 
0.025 0.994 0.089 0.958 0.742 
0.036 0.990 0.085 0.958 0.964 
0.025 0.992 0.056 0.970 0.935 
0.030 0.988 0.029 0.998 0.571 
0.031 0.993 0.040 0.995 0.044 
0.031 0.993 0.034 0.995 0.098 
0.031 0.990 0.057 0.973 0.658 
0.039 0.987 0.052 0.975 0.993 
0.026 0.995 0.032 0.990 0.782 
0.031 0.991 0.032 0.990 0.735 
0.035 0.990 0.034 0.990 0.978 
0.042 0.989 0.064 0.968 1.000 
0.023 0.992 0.027 0.995 1.000 
0.027 0.993 0.030 0.995 0.273 
0.035 0.990 0.110 0.953 0.000 
0.030 0.991 0.070 0.968 0.985 
0.025 0.993 0.042 0.978 0.018 
0.028 0.992 0.046 0.980 0.575 
0.034 0.992 0.029 0.998 0.993 
0.033 0.991 0.090 0.960 0.625 
0.026 0.993 0.052 0.978 0.084 
0.029 0.990 0.054 0.978 0.156 
0.034 0.989 0.114 0.943 0.004 
0.025 0.994 0.048 0.970 0.935 
0.029 0.992 0.041 0.980 0.996 
0.026 0.993 0.032 0.993 0.985 
0.030 0.993 0.064 0.970 0.975 
0.030 0.992 0.067 0.963 0.665 
0.039 0.990 0.034 0.980 0.825 
0.037 0.989 0.026 0.995 0.000 
0.030 0.993 0.061 0.963 0.865 
0.027 0.993 0.045 0.978 0.084 
0.033 0.990 0.050 0.975 0.942 
0.033 0.991 0.051 0.975 0.000 
0.036 0.991 0.071 0.970 0.280 
0.038 0.992 0.081 0.960 0.222 
0.031 0.993 0.079 0.953 0.916 
0.027 0.992 0.072 0.970 0.015 
0.029 0.993 0.099 0.955 0.735 
0.035 0.992 0.088 0.953 0.593 
0.041 0.986 0.023 0.995 0.033 
0.024 0.995 0.047 0.978 0.345 
0.039 0.991 0.035 0.995 0.840 
0.040 0.991 0.058 0.973 0.004 
0.031 0.992 0.084 0.968 0.258 
0.030 0.994 0.061 0.973 0.018 
0.032 0.991 0.048 0.978 0.011 
0.029 0.993 0.032 0.995 0.560 
0.028 0.993 0.059 0.970 0.873 
0.031 0.990 0.035 0.993 0.033 
0.030 0.993 0.039 0.993 0.004 
0.026 0.993 0.035 0.990 0.109 
0.025 0.992 0.025 0.995 0.760 
0.034 0.990 0.062 0.975 0.756 
0.033 0.991 0.030 0.993 0.047 
0.027 0.994 0.119 0.945 0.095 
0.022 0.994 0.127 0.953 0.120 
0.031 0.989 0.045 0.978 0.942 
0.037 0.991 0.066 0.968 0.382 
0.031 0.991 0.058 0.973 0.676 
0.028 0.993 0.054 0.988 0.447 
0.039 0.991 0.049 0.970 0.927 
0.029 0.992 0.051 0.970 0.749 
0.025 0.994 0.050 0.973 0.000 
0.028 0.990 0.041 0.978 0.975 
0.027 0.993 0.050 0.975 0.989 
0.030 0.992 0.200 0.917 0.731 
0.033 0.991 0.066 0.970 0.702 
0.028 0.993 0.024 0.995 0.185 
0.029 0.990 0.034 0.990 0.945 
0.030 0.990 0.035 0.995 0.484 
0.026 0.994 0.024 0.995 0.000 
0.028 0.994 0.023 0.995 0.262 
0.031 0.992 0.132 0.940 0.142 
0.033 0.990 0.054 0.968 0.873 
0.027 0.993 0.026 0.995 0.058 
0.042 0.990 0.049 0.978 0.560 
0.021 0.995 0.030 0.993 0.793 
0.030 0.992 0.031 0.993 0.840 
0.021 0.994 0.023 0.993 0.000 
0.027 0.992 0.042 0.980 0.815 
0.026 0.992 0.037 0.995 0.942 
0.030 0.993 0.076 0.958 0.004 
0.023 0.993 0.047 0.980 0.916 
0.033 0.989 0.094 0.950 1.000 
0.024 0.994 0.041 0.983 0.862 
0.029 0.993 0.029 0.990 0.975 
0.021 0.995 0.128 0.940 1.000 
0.030 0.993 0.131 0.968 0.895 
0.023 0.995 0.037 0.983 0.895 
0.020 0.995 0.040 0.983 0.985 
0.043 0.990 0.060 0.980 0.880 
0.042 0.990 0.028 0.993 0.880 
0.027 0.995 0.096 0.963 0.945 
0.030 0.992 0.035 0.985 0.993 
0.028 0.994 0.037 0.978 0.967 
0.025 0.992 0.031 0.983 0.960 
0.032 0.989 0.071 0.963 1.000 
0.027 0.991 0.108 0.948 0.956 
0.024 0.992 0.040 0.983 0.924 
0.020 0.995 0.037 0.985 0.160 
0.028 0.992 0.096 0.955 0.745 
0.021 0.993 0.081 0.965 0.862 
0.025 0.993 0.033 0.983 0.229 
0.023 0.995 0.036 0.995 0.902 
0.028 0.993 0.032 0.985 0.582 
0.023 0.994 0.086 0.965 0.916 
0.025 0.995 0.082 0.970 0.716 
0.034 0.991 0.043 0.983 0.556 
0.027 0.993 0.025 0.990 0.000 
0.025 0.994 0.027 0.988 0.400 
0.034 0.994 0.066 0.970 0.935 
0.027 0.993 0.072 0.968 0.960 
0.025 0.990 0.038 0.995 0.985 
0.026 0.993 0.041 0.983 0.945 
0.019 0.996 0.030 0.988 0.258 
0.021 0.994 0.051 0.978 0.975 
0.029 0.993 0.042 0.980 0.211 
0.022 0.994 0.075 0.975 0.000 
0.043 0.992 0.147 0.935 0.909 
0.040 0.991 0.091 0.945 0.135 
0.021 0.994 0.033 0.983 0.000 
0.037 0.992 0.095 0.950 0.298 
0.023 0.995 0.035 0.995 0.051 
0.023 0.992 0.029 0.990 0.138 
0.020 0.993 0.023 0.995 0.000 
0.024 0.993 0.057 0.975 0.822 
0.019 0.994 0.058 0.978 0.935 
0.028 0.992 0.029 0.985 0.920 
0.024 0.992 0.061 0.975 1.000 
0.022 0.996 0.077 0.968 0.978 
0.023 0.991 0.043 0.978 0.062 
0.023 0.993 0.090 0.953 0.996 
0.027 0.993 0.134 0.950 0.964 
0.020 0.995 0.096 0.958 0.978 
0.032 0.990 0.040 0.985 0.000 
0.025 0.992 0.035 0.985 0.135 
0.023 0.993 0.034 0.985 0.258 
0.020 0.995 0.072 0.963 0.920 
0.022 0.993 0.057 0.973 0.873 
0.022 0.992 0.049 0.978 0.004 
0.020 0.993 0.033 0.985 0.004 
0.021 0.993 0.038 0.990 0.000 
0.022 0.993 0.057 0.995 0.189 
0.039 0.992 0.043 0.980 0.273 
0.024 0.995 0.116 0.955 0.022 
0.026 0.992 0.125 0.953 0.996 
0.031 0.993 0.080 0.963 0.789 
0.019 0.995 0.052 0.978 0.338 
0.022 0.995 0.060 0.973 0.244 
0.026 0.993 0.065 0.970 0.349 
0.027 0.995 0.040 0.985 0.011 
0.024 0.995 0.073 0.968 0.233 
0.029 0.993 0.068 0.975 0.378 
0.027 0.993 0.126 0.953 0.869 
0.034 0.991 0.031 0.988 0.033 
0.023 0.993 0.050 0.978 0.604 
0.052 0.994 0.035 0.988 0.851 
0.025 0.993 0.040 0.985 0.004 
0.018 0.996 0.055 0.978 0.440 
0.023 0.993 0.049 0.983 0.615 
0.017 0.996 0.034 0.988 0.924 
0.022 0.991 0.032 0.988 0.022 
0.022 0.996 0.077 0.965 0.607 
0.030 0.993 0.060 0.975 0.000 
0.023 0.994 0.060 0.970 0.011 
0.048 0.990 0.067 0.968 0.985 
0.035 0.992 0.053 0.978 0.047 
0.028 0.993 0.055 0.980 0.924 
0.027 0.992 0.118 0.950 0.556 
0.021 0.995 0.125 0.953 0.920 
0.021 0.995 0.042 0.985 0.105 
0.021 0.994 0.052 0.978 0.495 
0.024 0.993 0.047 0.985 0.000 
0.027 0.993 0.035 0.988 0.153 
0.017 0.996 0.063 0.973 0.938 
0.019 0.993 0.026 0.990 0.938 
0.024 0.993 0.046 0.983 0.982 
0.022 0.993 0.028 0.993 0.978 
0.032 0.991 0.096 0.960 0.985 
0.022 0.995 0.051 0.983 0.935 
0.018 0.995 0.054 0.978 0.909 
0.018 0.995 0.035 0.983 0.931 
0.027 0.993 0.034 0.985 0.971 
0.048 0.991 0.034 0.988 0.745 
0.017 0.996 0.134 0.950 0.531 
0.023 0.995 0.051 0.973 0.895 
0.023 0.995 0.015 0.995 0.331 
0.029 0.994 0.039 0.983 0.705 
0.021 0.995 0.057 0.978 0.949 
0.024 0.993 0.028 0.985 0.847 
0.019 0.995 0.054 0.980 0.942 
0.033 0.992 0.117 0.938 0.938 
0.020 0.995 0.027 0.990 0.942 
0.017 0.995 0.068 0.975 0.931 
0.024 0.995 0.037 0.988 0.778 
0.034 0.994 0.033 0.988 0.942 
0.028 0.993 0.044 0.983 0.982 
0.019 0.996 0.029 0.995 0.985 
0.027 0.992 0.014 0.995 0.953 
0.028 0.991 0.039 0.985 0.876 
0.025 0.993 0.023 0.988 0.942 
0.022 0.995 0.034 0.985 0.251 
0.046 0.990 0.051 0.978 0.982 
0.024 0.993 0.033 0.993 0.982 
0.041 0.993 0.086 0.965 0.956 
0.024 0.993 0.055 0.980 0.916 
0.014 0.996 0.034 0.985 0.935 
0.026 0.992 0.035 0.985 0.927 
0.027 0.992 0.068 0.970 1.000 
0.022 0.995 0.029 0.990 0.356 
0.020 0.995 0.024 0.995 0.804 
0.017 0.995 0.056 0.975 0.927 
0.036 0.990 0.047 0.985 0.902 
0.022 0.994 0.052 0.975 0.935 
0.021 0.992 0.028 0.990 0.887 
0.023 0.994 0.030 0.990 0.415 
0.023 0.992 0.061 0.973 0.895 
0.019 0.995 0.033 0.988 0.022 
0.020 0.995 0.039 0.983 0.891 
0.023 0.994 0.047 0.980 0.873 
0.020 0.994 0.088 0.958 0.542 
0.018 0.995 0.046 0.980 0.891 
0.024 0.993 0.040 0.985 0.927 
0.024 0.993 0.050 0.978 0.145 
0.028 0.993 0.033 0.988 0.178 
0.029 0.994 0.059 0.978 0.604 
0.024 0.994 0.076 0.968 0.960 
0.017 0.995 0.019 0.995 0.004 
0.030 0.993 0.113 0.935 0.985 
0.017 0.996 0.064 0.968 0.978 
0.016 0.992 0.101 0.973 0.920 
0.029 0.991 0.047 0.980 0.905 
0.020 0.996 0.035 0.993 0.480 
0.020 0.993 0.034 0.985 0.298 
0.022 0.993 0.043 0.983 0.393 
0.024 0.993 0.122 0.945 0.807 
0.025 0.993 0.122 0.960 0.731 
0.025 0.993 0.081 0.963 0.873 
0.027 0.995 0.028 0.990 0.967 
0.028 0.993 0.138 0.930 0.996 
0.026 0.993 0.031 0.983 0.193 
0.018 0.994 0.095 0.963 0.953 
0.023 0.993 0.116 0.953 0.847 
0.011 0.996 0.156 0.950 0.935 
0.021 0.995 0.096 0.960 0.942 
0.017 0.996 0.144 0.940 0.862 
0.031 0.993 0.062 0.978 0.004 
0.016 0.996 0.032 0.993 0.833 
0.025 0.992 0.082 0.965 0.978 
0.021 0.992 0.025 0.993 0.040 
0.025 0.992 0.050 0.983 0.945 
0.024 0.993 0.030 0.990 0.262 
0.017 0.996 0.024 0.995 0.465 
0.023 0.993 0.044 0.985 0.335 
0.023 0.993 0.033 0.985 0.000 
0.030 0.993 0.043 0.985 0.585 
0.021 0.995 0.197 0.975 0.276 
0.028 0.992 0.140 0.935 0.996 
0.018 0.995 0.060 0.978 0.862 
0.025 0.993 0.104 0.950 0.927 
0.020 0.993 0.059 0.980 0.789 
0.023 0.991 0.065 0.973 0.956 
0.032 0.992 0.113 0.955 0.222 
0.020 0.992 0.096 0.973 0.000 
0.024 0.991 0.079 0.963 0.847 
0.025 0.993 0.044 0.980 0.171 
0.022 0.994 0.044 0.980 0.040 
0.025 0.990 0.044 0.980 0.589 
0.027 0.994 0.100 0.958 0.887 
0.032 0.991 0.054 0.975 0.956 
0.018 0.994 0.049 0.978 0.956 
0.022 0.994 0.061 0.970 0.985 
0.018 0.996 0.029 0.985 0.960 
0.021 0.994 0.037 0.985 0.985 
0.015 0.995 0.031 0.985 0.775 
0.016 0.994 0.047 0.978 0.964 
0.048 0.990 0.043 0.980 0.967 
0.017 0.995 0.099 0.955 0.978 
0.027 0.994 0.053 0.975 1.000 
0.021 0.992 0.027 0.990 0.931 
0.023 0.995 0.047 0.978 0.989 
0.024 0.994 0.030 0.993 0.985 
0.021 0.996 0.021 0.993 0.967 
0.018 0.993 0.182 0.927 1.000 
0.019 0.997 0.018 0.995 0.284 
0.025 0.994 0.020 0.995 0.884 
0.018 0.996 0.080 0.963 0.873 
0.020 0.996 0.064 0.968 0.971 
0.023 0.994 0.020 0.993 0.985 
0.020 0.995 0.036 0.985 0.905 
0.025 0.991 0.017 0.995 0.942 
0.016 0.996 0.029 0.988 0.978 
0.014 0.996 0.023 0.990 0.989 
0.016 0.995 0.028 0.990 0.931 
0.021 0.996 0.036 0.985 0.982 
0.017 0.995 0.036 0.983 0.985 
0.020 0.995 0.033 0.983 0.982 
0.027 0.995 0.072 0.978 0.440 
0.016 0.996 0.019 0.998 0.978 
0.032 0.992 0.110 0.955 0.956 
0.033 0.995 0.120 0.958 0.989 
0.010 0.997 0.213 0.927 1.000 
0.021 0.993 0.133 0.955 0.971 
0.020 0.995 0.063 0.978 0.269 
0.047 0.994 0.129 0.950 0.967 
0.016 0.995 0.093 0.965 0.971 
0.020 0.993 0.019 0.995 0.985 
0.026 0.992 0.036 0.983 0.684 
0.017 0.994 0.098 0.960 1.000 
0.019 0.992 0.073 0.975 0.985 
0.021 0.995 0.127 0.943 0.971 
0.020 0.995 0.141 0.948 0.985 
0.021 0.992 0.078 0.970 0.967 
0.021 0.992 0.055 0.978 1.000 
0.022 0.993 0.035 0.983 0.953 
0.023 0.994 0.050 0.978 0.942 
0.015 0.996 0.037 0.980 0.985 
0.020 0.996 0.022 0.988 0.927 
0.023 0.993 0.026 0.990 0.975 
0.024 0.992 0.035 0.988 0.960 
0.027 0.992 0.049 0.983 0.931 
0.021 0.993 0.036 0.985 0.705 
0.024 0.992 0.036 0.980 0.004 
0.020 0.993 0.108 0.950 0.124 
0.025 0.995 0.077 0.970 0.960 
0.019 0.994 0.067 0.980 0.953 
0.019 0.995 0.038 0.985 0.865 
0.021 0.995 0.023 0.988 0.600 
0.027 0.992 0.014 0.995 0.836 
0.033 0.992 0.037 0.980 0.545 
0.019 0.992 0.065 0.963 0.953 
0.024 0.993 0.049 0.973 0.785 
0.018 0.996 0.183 0.932 0.916 
0.016 0.996 0.078 0.960 1.000 
0.019 0.995 0.021 0.993 0.545 
0.014 0.996 0.131 0.945 0.342 
0.018 0.993 0.024 0.988 0.222 
0.020 0.996 0.087 0.963 0.465 
0.019 0.995 0.077 0.963 0.935 
0.023 0.995 0.019 0.998 0.058 
0.011 0.998 0.050 0.975 0.473 
0.026 0.993 0.011 0.995 0.004 
0.016 0.996 0.020 0.993 0.902 
0.019 0.995 0.036 0.985 0.847 
0.020 0.992 0.107 0.960 0.658 
0.011 0.997 0.126 0.953 0.138 
0.014 0.996 0.061 0.973 0.218 
0.025 0.993 0.020 0.988 0.236 
0.019 0.993 0.084 0.963 0.585 
0.030 0.995 0.044 0.980 0.916 
0.061 0.991 0.057 0.973 0.985 
0.027 0.993 0.030 0.985 0.000 
0.019 0.995 0.036 0.983 0.629 
0.017 0.996 0.020 0.990 0.247 
0.015 0.997 0.047 0.985 0.869 
0.017 0.996 0.053 0.978 0.960 
0.040 0.990 0.079 0.968 0.211 
0.015 0.995 0.074 0.978 0.953 
0.022 0.992 0.099 0.958 0.989 
0.020 0.993 0.092 0.960 0.989 
0.024 0.993 0.039 0.983 0.956 
0.015 0.995 0.072 0.965 0.996 
0.012 0.997 0.047 0.980 0.978 
0.024 0.994 0.124 0.950 0.935 
0.021 0.993 0.106 0.953 0.996 
0.021 0.995 0.104 0.963 0.989 
0.018 0.994 0.019 0.990 0.873 
0.017 0.996 0.022 0.993 0.000 
0.017 0.995 0.045 0.980 0.989 
0.022 0.994 0.029 0.988 0.982 
0.010 0.998 0.009 0.995 0.760 
0.014 0.995 0.035 0.988 0.978 
0.019 0.995 0.013 0.995 0.985 
0.017 0.995 0.030 0.988 0.942 
0.030 0.994 0.137 0.940 0.531 
0.010 0.996 0.037 0.985 0.956 
0.020 0.995 0.022 0.988 0.971 
0.017 0.995 0.056 0.975 0.982 
0.049 0.993 0.033 0.988 0.520 
0.020 0.994 0.038 0.985 0.000 
0.018 0.996 0.033 0.985 0.156 
0.017 0.994 0.026 0.988 0.985 
0.021 0.995 0.068 0.970 0.978 
0.015 0.996 0.031 0.983 0.422 
0.022 0.994 0.098 0.955 0.902 
0.018 0.996 0.216 0.922 0.964 
0.020 0.995 0.061 0.973 0.989 
0.014 0.997 0.076 0.968 0.996 
0.036 0.991 0.085 0.973 0.531 
0.024 0.993 0.022 0.993 0.345 
0.030 0.996 0.023 0.990 0.771 
0.021 0.995 0.028 0.993 0.945 
0.022 0.997 0.030 0.990 0.669 
0.021 0.992 0.083 0.983 0.996 
0.029 0.993 0.028 0.990 0.622 
0.019 0.995 0.041 0.978 0.967 
0.014 0.996 0.022 0.993 0.782 
0.030 0.995 0.019 0.998 0.971 
0.020 0.994 0.026 0.993 0.004 
0.013 0.998 0.025 0.993 0.975 
0.021 0.994 0.090 0.963 0.967 
0.020 0.994 0.041 0.980 0.647 
0.018 0.996 0.020 0.993 0.989 
0.021 0.992 0.020 0.995 0.931 
0.024 0.994 0.040 0.980 0.873 
0.022 0.993 0.104 0.958 0.993 
0.019 0.995 0.065 0.970 0.996 
0.024 0.996 0.021 0.993 0.967 
0.026 0.993 0.194 0.925 0.996 
0.016 0.996 0.025 0.993 0.938 
0.020 0.995 0.046 0.980 0.945 
0.017 0.996 0.030 0.990 0.989 
0.021 0.995 0.081 0.973 0.895 
0.021 0.995 0.130 0.955 0.931 
0.017 0.993 0.058 0.978 1.000 
0.016 0.996 0.076 0.973 0.971 
0.019 0.995 0.065 0.973 0.985 
0.018 0.994 0.055 0.980 0.985 
0.015 0.996 0.082 0.980 0.982 
0.022 0.993 0.064 0.975 0.000 
0.015 0.996 0.037 0.985 0.982 
0.023 0.993 0.098 0.970 0.989 
0.014 0.996 0.029 0.985 0.000 
0.009 0.998 0.075 0.978 0.909 
0.020 0.993 0.032 0.988 0.971 
0.020 0.993 0.120 0.950 0.989 
0.019 0.994 0.043 0.985 0.989 
0.013 0.997 0.047 0.980 0.996 
0.019 0.994 0.077 0.968 1.000 
0.014 0.996 0.105 0.958 0.985 
0.017 0.996 0.077 0.975 0.985 
0.018 0.995 0.105 0.958 0.924 
0.025 0.993 0.042 0.983 0.949 
0.013 0.995 0.113 0.970 0.036 
0.023 0.994 0.054 0.978 0.960 
0.037 0.992 0.076 0.973 0.924 
0.020 0.994 0.079 0.968 0.324 
0.016 0.992 0.017 0.995 0.942 
0.024 0.991 0.056 0.973 0.982 
0.014 0.996 0.036 0.985 0.985 
0.020 0.995 0.047 0.983 0.967 
0.015 0.995 0.040 0.980 0.985 
0.022 0.995 0.039 0.983 0.989 
0.021 0.992 0.027 0.988 0.153 
0.016 0.996 0.022 0.995 0.978 
0.017 0.993 0.022 0.993 0.942 
0.018 0.994 0.111 0.950 0.982 
0.024 0.993 0.083 0.955 1.000 
0.017 0.994 0.035 0.990 0.949 
0.016 0.996 0.056 0.980 1.000 
0.022 0.993 0.020 0.993 0.982 
0.011 0.998 0.022 0.993 0.753 
0.017 0.996 0.123 0.955 1.000 
0.021 0.994 0.044 0.980 0.909 
0.024 0.991 0.038 0.983 0.847 
0.021 0.995 0.142 0.943 0.320 
0.023 0.993 0.074 0.968 0.931 
0.023 0.995 0.022 0.993 0.956 
0.017 0.995 0.072 0.973 0.651 
0.013 0.995 0.036 0.988 0.000 
0.029 0.993 0.096 0.960 0.985 
0.025 0.995 0.120 0.973 0.956 
0.039 0.991 0.068 0.973 0.436 
0.029 0.994 0.069 0.978 1.000 
0.011 0.997 0.115 0.950 0.993 
0.029 0.994 0.022 0.993 0.000 
0.010 0.998 0.045 0.983 0.971 
0.020 0.995 0.132 0.938 0.851 
0.018 0.992 0.143 0.948 0.935 
0.012 0.995 0.026 0.993 0.000 
0.026 0.993 0.060 0.975 0.789 
0.021 0.993 0.100 0.955 0.975 
0.044 0.993 0.187 0.945 1.000 
0.013 0.995 0.050 0.980 1.000 
0.015 0.996 0.176 0.935 1.000 
0.022 0.991 0.043 0.980 0.989 
0.014 0.997 0.025 0.988 0.996 
0.016 0.996 0.065 0.975 1.000 
0.037 0.989 0.045 0.983 0.909 
0.020 0.993 0.225 0.922 1.000 
0.022 0.993 0.059 0.968 0.044 
0.022 0.994 0.025 0.988 0.945 
0.015 0.997 0.031 0.983 1.000 
0.017 0.996 0.038 0.988 0.902 
0.014 0.995 0.017 0.995 0.309 
0.062 0.993 0.070 0.970 0.989 
0.014 0.995 0.256 0.930 0.996 
0.026 0.995 0.026 0.990 0.429 
0.016 0.996 0.067 0.973 0.989 
0.013 0.996 0.030 0.990 0.829 
0.019 0.995 0.163 0.938 0.996 
0.010 0.998 0.049 0.983 1.000 
0.020 0.996 0.027 0.993 0.513 
0.015 0.994 0.084 0.973 0.782 
0.016 0.995 0.027 0.988 0.040 
0.016 0.996 0.067 0.973 0.971 
0.018 0.995 0.024 0.990 0.684 
0.015 0.996 0.021 0.990 0.491 
0.019 0.994 0.034 0.988 1.000 
0.028 0.995 0.025 0.993 0.000 
0.018 0.994 0.053 0.980 0.989 
0.018 0.995 0.037 0.980 0.960 
0.015 0.996 0.100 0.963 0.015 
0.010 0.997 0.017 0.993 0.356 
0.014 0.996 0.075 0.965 0.985 
0.019 0.995 0.020 0.995 0.829 
0.020 0.996 0.057 0.975 0.945 
0.022 0.992 0.079 0.963 0.764 
0.015 0.996 0.105 0.958 0.924 
0.015 0.996 0.020 0.993 0.164 
0.020 0.992 0.072 0.983 0.920 
0.026 0.993 0.179 0.932 0.942 
0.034 0.993 0.118 0.945 0.996 
0.014 0.996 0.164 0.925 1.000 
0.016 0.996 0.061 0.978 0.618 
0.015 0.996 0.120 0.965 0.884 
0.012 0.997 0.045 0.985 0.000 
0.011 0.997 0.109 0.968 0.982 
0.017 0.995 0.066 0.973 0.640 
0.040 0.993 0.076 0.968 0.000 
0.017 0.993 0.018 0.993 0.047 
0.012 0.997 0.123 0.948 1.000 
0.010 0.996 0.039 0.983 0.985 
0.012 0.997 0.031 0.990 0.000 
0.025 0.993 0.022 0.993 0.982 
0.019 0.994 0.036 0.983 0.985 
0.017 0.994 0.032 0.985 0.985 
0.022 0.996 0.021 0.993 0.989 
0.043 0.992 0.054 0.978 0.938 
0.033 0.994 0.065 0.978 1.000 
0.012 0.996 0.018 0.995 0.611 
0.021 0.995 0.087 0.968 0.985 
0.026 0.993 0.248 0.920 0.996 
0.021 0.992 0.040 0.980 0.469 
0.016 0.995 0.132 0.950 0.956 
0.022 0.996 0.117 0.953 0.985 
0.013 0.997 0.070 0.968 0.975 
0.022 0.992 0.049 0.980 0.356 
0.018 0.996 0.055 0.978 0.927 
0.015 0.997 0.072 0.970 0.989 
0.029 0.994 0.019 0.995 0.811 
0.017 0.995 0.026 0.988 0.011 
0.029 0.995 0.062 0.973 0.985 
0.047 0.994 0.079 0.960 0.985 
0.033 0.990 0.020 0.995 0.320 
0.014 0.997 0.073 0.968 0.975 
0.011 0.997 0.019 0.995 0.884 
0.021 0.993 0.026 0.990 0.815 
0.015 0.995 0.153 0.940 0.960 
0.017 0.997 0.034 0.983 0.000 
0.022 0.995 0.025 0.993 0.942 
0.019 0.992 0.140 0.948 0.924 
0.016 0.996 0.027 0.990 0.967 
0.027 0.994 0.079 0.968 0.978 
0.013 0.996 0.036 0.993 0.000 
0.016 0.995 0.024 0.993 0.742 
0.019 0.995 0.163 0.930 0.996 
0.012 0.997 0.051 0.975 0.996 
0.034 0.994 0.087 0.960 0.985 
0.019 0.996 0.099 0.958 0.851 
0.013 0.997 0.055 0.975 0.993 
0.039 0.991 0.033 0.985 0.895 
0.015 0.996 0.043 0.978 0.356 
0.017 0.995 0.014 0.995 0.225 
0.025 0.994 0.116 0.948 0.996 
0.019 0.994 0.036 0.985 0.280 
0.016 0.993 0.052 0.980 0.062 
0.016 0.996 0.070 0.970 0.935 
0.020 0.996 0.034 0.988 0.305 
0.014 0.997 0.068 0.973 0.880 
0.032 0.995 0.023 0.993 0.000 
0.022 0.992 0.036 0.988 0.349 
0.026 0.995 0.057 0.983 0.127 
0.018 0.993 0.029 0.990 0.556 
0.012 0.996 0.032 0.990 0.938 
0.020 0.995 0.029 0.990 0.942 
0.020 0.993 0.037 0.983 0.589 
0.013 0.997 0.033 0.983 0.178 
0.009 0.996 0.099 0.970 0.073 
0.022 0.994 0.048 0.978 0.960 
0.018 0.995 0.029 0.985 0.880 
0.031 0.994 0.043 0.980 0.000 
0.016 0.993 0.073 0.970 0.658 
0.016 0.994 0.098 0.963 0.640 
0.022 0.993 0.065 0.978 0.836 
0.011 0.997 0.089 0.963 0.785 
0.027 0.994 0.137 0.950 0.971 
0.021 0.996 0.073 0.970 0.975 
0.014 0.997 0.163 0.940 0.993 
0.016 0.996 0.048 0.978 0.989 
0.016 0.996 0.216 0.927 0.989 
0.010 0.996 0.050 0.978 0.389 
0.013 0.995 0.100 0.965 0.422 
0.016 0.996 0.031 0.985 0.127 
0.023 0.995 0.211 0.925 0.982 
0.014 0.996 0.094 0.963 0.960 
0.029 0.996 0.106 0.953 0.993 
0.017 0.995 0.079 0.968 0.982 
0.022 0.994 0.149 0.945 0.989 
0.012 0.996 0.135 0.935 0.996 
0.021 0.995 0.177 0.930 0.971 
0.012 0.997 0.101 0.970 0.902 
0.088 0.991 0.029 0.988 0.513 
0.015 0.996 0.118 0.955 0.964 
0.014 0.995 0.067 0.978 0.127 
0.025 0.997 0.022 0.995 0.975 
0.021 0.995 0.218 0.922 0.978 
0.016 0.994 0.056 0.978 0.625 
0.017 0.995 0.034 0.985 0.938 
0.019 0.996 0.059 0.978 0.985 
0.015 0.995 0.053 0.978 0.105 
0.020 0.996 0.109 0.960 0.909 
0.009 0.997 0.074 0.973 0.989 
0.018 0.995 0.080 0.970 0.982 
0.026 0.994 0.068 0.973 0.876 
0.014 0.996 0.119 0.958 0.596 
0.013 0.996 0.137 0.955 0.982 
0.020 0.995 0.076 0.973 0.960 
0.019 0.995 0.075 0.973 0.978 
0.020 0.996 0.144 0.945 0.985 
0.012 0.997 0.073 0.978 0.949 
0.022 0.993 0.095 0.973 0.985 
0.020 0.995 0.143 0.955 0.956 
0.027 0.995 0.133 0.958 1.000 
0.009 0.997 0.117 0.963 0.975 
0.009 0.996 0.240 0.922 0.935 
0.010 0.995 0.076 0.978 0.985 
0.021 0.993 0.091 0.963 0.985 
0.013 0.997 0.052 0.978 0.960 
0.015 0.995 0.171 0.945 0.989 
0.019 0.994 0.096 0.978 0.855 
0.028 0.992 0.064 0.980 0.989 
0.021 0.995 0.046 0.978 0.233 
0.017 0.994 0.209 0.925 0.982 
0.026 0.993 0.031 0.985 0.971 
0.014 0.996 0.271 0.917 0.985 
0.022 0.992 0.021 0.995 0.611 
0.016 0.997 0.037 0.983 0.982 
0.015 0.994 0.049 0.983 0.000 
0.017 0.995 0.104 0.963 0.676 
0.021 0.993 0.107 0.955 0.898 
0.019 0.992 0.088 0.968 0.967 
0.024 0.994 0.067 0.970 0.865 
0.016 0.993 0.055 0.978 0.000 
0.015 0.996 0.012 0.995 0.440 
0.017 0.994 0.032 0.985 0.000 
0.025 0.992 0.037 0.983 0.436 
0.015 0.995 0.233 0.925 0.956 
0.021 0.995 0.205 0.932 0.916 
0.022 0.993 0.220 0.930 0.982 
0.023 0.994 0.325 0.915 0.982 
0.029 0.995 0.184 0.922 0.887 
0.017 0.995 0.054 0.978 0.938 
0.016 0.994 0.034 0.988 0.000 
0.013 0.996 0.046 0.983 0.942 
0.017 0.995 0.108 0.948 0.891 
0.018 0.997 0.133 0.948 0.949 
0.010 0.997 0.087 0.980 0.022 
0.022 0.996 0.062 0.978 0.956 
0.039 0.994 0.060 0.978 0.985 
0.016 0.995 0.073 0.975 0.989 
0.016 0.996 0.058 0.975 0.458 
0.015 0.995 0.070 0.970 0.989 
0.019 0.995 0.052 0.975 0.985 
0.014 0.996 0.071 0.970 0.789 
0.017 0.996 0.088 0.965 0.000 
0.024 0.997 0.139 0.948 0.931 
0.021 0.993 0.034 0.988 0.465 
0.018 0.995 0.037 0.990 0.549 
0.015 0.996 0.041 0.980 0.949 
0.014 0.997 0.064 0.975 0.920 
0.035 0.992 0.034 0.983 0.971 
0.015 0.995 0.103 0.968 0.989 
0.017 0.995 0.065 0.973 0.964 
0.009 0.997 0.025 0.990 0.967 
0.019 0.996 0.030 0.993 0.942 
0.023 0.995 0.017 0.995 0.531 
0.021 0.993 0.030 0.993 0.993 
0.011 0.996 0.090 0.958 0.989 
0.012 0.997 0.035 0.988 0.982 
0.019 0.995 0.045 0.978 0.985 
0.031 0.996 0.191 0.925 0.989 
0.015 0.997 0.038 0.983 0.978 
0.017 0.996 0.118 0.955 0.960 
0.017 0.996 0.051 0.975 0.895 
0.035 0.992 0.103 0.960 1.000 
0.023 0.993 0.132 0.935 0.996 
0.010 0.997 0.016 0.995 0.920 
0.028 0.993 0.034 0.985 1.000 
0.021 0.995 0.109 0.955 0.989 
0.011 0.996 0.043 0.985 1.000 
0.021 0.996 0.039 0.985 0.800 
0.013 0.995 0.049 0.978 0.971 
0.011 0.997 0.090 0.970 0.480 
0.016 0.995 0.074 0.968 0.945 
0.027 0.992 0.138 0.948 0.985 
0.021 0.994 0.026 0.993 0.996 
0.014 0.996 0.155 0.950 0.989 
0.013 0.996 0.187 0.932 0.953 
0.039 0.996 0.107 0.960 0.989 
0.014 0.997 0.032 0.993 0.000 
0.028 0.994 0.081 0.970 0.513 
0.017 0.995 0.273 0.915 0.964 
0.049 0.996 0.070 0.975 0.375 
0.016 0.995 0.042 0.983 0.498 
0.016 0.995 0.036 0.988 0.975 
0.017 0.995 0.115 0.968 0.982 
0.016 0.996 0.145 0.960 0.982 
0.018 0.996 0.116 0.963 0.996 
0.021 0.994 0.093 0.973 0.996 
0.017 0.993 0.047 0.980 0.015 
0.011 0.998 0.142 0.958 0.600 
0.014 0.996 0.125 0.950 1.000 
0.043 0.994 0.287 0.907 1.000 
0.016 0.995 0.136 0.953 0.953 
0.016 0.994 0.040 0.985 0.945 
0.016 0.996 0.213 0.917 1.000 
0.015 0.996 0.122 0.960 1.000 
0.019 0.996 0.082 0.968 1.000 
0.012 0.997 0.074 0.973 0.822 
0.021 0.995 0.120 0.955 0.676 
0.012 0.996 0.069 0.978 0.007 
0.012 0.998 0.068 0.973 0.953 
0.017 0.996 0.161 0.943 0.898 
0.017 0.996 0.079 0.975 0.996 
0.018 0.995 0.067 0.970 0.902 
0.013 0.997 0.045 0.985 0.040 
0.029 0.994 0.100 0.955 0.902 
0.013 0.998 0.068 0.975 0.971 
0.027 0.992 0.088 0.973 0.771 
0.010 0.997 0.047 0.985 0.000 
0.014 0.997 0.078 0.973 0.989 
0.017 0.995 0.080 0.975 0.964 
0.015 0.996 0.084 0.970 0.956 
0.021 0.994 0.128 0.955 1.000 
0.015 0.997 0.104 0.968 0.996 
0.015 0.997 0.203 0.930 0.996 
0.017 0.995 0.129 0.950 0.993 
0.021 0.993 0.074 0.975 0.171 
0.012 0.996 0.069 0.978 0.000 
0.013 0.996 0.147 0.955 0.451 
0.015 0.995 0.103 0.975 0.007 
0.014 0.995 0.040 0.983 0.000 
0.019 0.996 0.074 0.983 0.785 
0.019 0.994 0.064 0.970 0.167 
0.019 0.992 0.173 0.930 0.887 
0.009 0.997 0.122 0.953 1.000 
0.021 0.993 0.026 0.995 0.851 
0.009 0.996 0.079 0.975 0.996 
0.013 0.996 0.051 0.985 0.967 
0.017 0.997 0.218 0.932 1.000 
0.022 0.995 0.127 0.948 0.985 
0.016 0.995 0.060 0.983 0.822 
0.013 0.996 0.075 0.970 0.524 
0.017 0.994 0.049 0.985 0.000 
0.013 0.996 0.197 0.938 0.375 
0.014 0.995 0.035 0.985 0.513 
0.026 0.991 0.206 0.925 0.945 
0.015 0.995 0.039 0.983 0.840 
0.015 0.997 0.066 0.973 0.898 
0.013 0.996 0.177 0.932 0.927 
0.017 0.996 0.087 0.960 0.847 
0.035 0.991 0.049 0.975 0.444 
0.016 0.995 0.029 0.988 0.055 
0.013 0.996 0.045 0.978 0.535 
0.016 0.995 0.125 0.950 0.996 
0.012 0.997 0.057 0.980 0.269 
0.027 0.992 0.123 0.953 0.069 
0.014 0.997 0.125 0.935 0.411 
0.010 0.997 0.203 0.932 0.935 
0.013 0.996 0.075 0.965 0.218 
0.015 0.995 0.101 0.950 0.302 
0.014 0.996 0.154 0.938 0.898 
0.035 0.992 0.218 0.932 0.658 
0.019 0.995 0.085 0.965 0.967 
0.020 0.993 0.037 0.985 0.785 
0.010 0.995 0.139 0.945 0.960 
0.019 0.994 0.079 0.970 0.004 
0.015 0.994 0.060 0.970 0.073 
0.019 0.993 0.046 0.980 0.964 
0.025 0.995 0.066 0.965 0.033 
0.031 0.993 0.091 0.968 0.949 
0.015 0.994 0.091 0.973 0.960 
0.049 0.993 0.115 0.958 0.305 
0.012 0.998 0.211 0.935 0.331 
0.018 0.994 0.178 0.932 1.000 
0.016 0.994 0.107 0.958 0.985 
0.012 0.996 0.058 0.970 0.971 
0.007 0.997 0.074 0.980 0.622 
0.024 0.994 0.081 0.975 1.000 
0.030 0.992 0.261 0.920 0.993 
0.036 0.993 0.179 0.912 1.000 
0.011 0.997 0.067 0.973 0.829 
0.013 0.994 0.133 0.950 1.000 
0.016 0.995 0.037 0.988 1.000 
0.016 0.995 0.098 0.958 0.967 
0.017 0.995 0.057 0.978 0.582 
0.018 0.994 0.062 0.980 1.000 
0.022 0.995 0.082 0.968 0.975 
0.020 0.995 0.119 0.968 0.673 
0.020 0.996 0.126 0.950 1.000 
0.011 0.996 0.041 0.985 0.931 
0.026 0.992 0.080 0.970 0.000 
0.025 0.992 0.116 0.953 1.000 
0.015 0.996 0.132 0.950 0.436 
0.016 0.995 0.136 0.938 0.938 
0.020 0.993 0.082 0.968 1.000 
0.013 0.997 0.035 0.988 0.989 
0.011 0.998 0.224 0.930 1.000 
0.024 0.992 0.107 0.950 0.978 
0.016 0.998 0.116 0.958 1.000 
0.017 0.994 0.143 0.940 0.462 
0.011 0.997 0.108 0.958 0.985 
0.013 0.996 0.257 0.925 0.985 
0.018 0.994 0.186 0.927 0.985 
0.017 0.996 0.057 0.970 1.000 
0.019 0.994 0.076 0.973 1.000 
0.018 0.994 0.096 0.955 0.982 
0.009 0.998 0.044 0.980 0.916 
0.014 0.996 0.111 0.963 0.993 
0.019 0.993 0.034 0.990 0.524 
0.015 0.997 0.033 0.995 0.720 
0.025 0.993 0.143 0.932 1.000 
0.014 0.993 0.050 0.980 0.985 
0.011 0.996 0.029 0.990 0.836 
0.012 0.995 0.019 0.995 0.916 
0.019 0.994 0.046 0.980 1.000 
0.031 0.992 0.124 0.953 1.000 
0.014 0.997 0.028 0.995 0.720 
0.019 0.995 0.195 0.925 0.989 
0.017 0.995 0.121 0.953 0.982 
0.077 0.990 0.057 0.988 0.720 
0.023 0.994 0.075 0.963 0.993 
0.014 0.995 0.112 0.945 0.996 
0.041 0.992 0.101 0.968 0.985 
0.020 0.995 0.047 0.983 0.916 
0.032 0.995 0.135 0.940 0.975 
0.013 0.996 0.039 0.993 0.640 
0.018 0.995 0.026 0.995 0.542 
0.011 0.996 0.099 0.970 0.985 
0.030 0.993 0.111 0.960 0.767 
0.009 0.997 0.287 0.920 0.996 
0.018 0.995 0.074 0.970 0.000 
0.023 0.994 0.198 0.922 0.975 
0.016 0.995 0.069 0.973 0.902 
0.010 0.997 0.130 0.975 0.000 
0.017 0.996 0.095 0.958 0.975 
0.008 0.997 0.048 0.985 0.407 
0.044 0.990 0.080 0.975 0.058 
0.014 0.994 0.046 0.985 0.287 
0.027 0.992 0.180 0.922 0.720 
0.025 0.994 0.031 0.990 0.898 
0.015 0.995 0.025 0.995 0.000 
0.013 0.997 0.079 0.970 0.215 
0.015 0.997 0.096 0.965 0.698 
0.020 0.994 0.145 0.948 0.916 
0.026 0.994 0.103 0.960 0.095 
0.009 0.997 0.245 0.927 0.993 
0.015 0.995 0.242 0.920 1.000 
0.010 0.997 0.052 0.983 0.953 
0.022 0.993 0.055 0.975 0.993 
0.014 0.996 0.310 0.905 0.996 
0.020 0.994 0.095 0.968 0.040 
0.018 0.995 0.066 0.978 0.858 
