0.296 0.886 0.231 0.910 0.818 
0.193 0.934 0.219 0.922 0.761 
0.170 0.938 0.143 0.953 1.000 
0.169 0.939 0.175 0.932 0.981 
0.103 0.959 0.153 0.943 0.981 
0.125 0.957 0.153 0.940 0.987 
0.108 0.963 0.151 0.943 0.990 
0.108 0.960 0.116 0.970 0.997 
0.103 0.968 0.157 0.948 1.000 
0.092 0.970 0.113 0.965 0.959 
0.082 0.970 0.128 0.963 1.000 
0.070 0.978 0.137 0.953 1.000 
0.071 0.976 0.115 0.973 0.997 
0.090 0.973 0.130 0.948 0.994 
0.083 0.977 0.132 0.963 0.904 
0.077 0.972 0.105 0.973 1.000 
0.055 0.984 0.129 0.965 1.000 
0.090 0.972 0.105 0.968 1.000 
0.089 0.973 0.138 0.963 0.936 
0.059 0.980 0.137 0.948 1.000 
0.068 0.978 0.104 0.970 0.990 
0.056 0.981 0.113 0.963 1.000 
0.076 0.975 0.090 0.978 0.997 
0.055 0.982 0.112 0.970 0.920 
0.058 0.983 0.113 0.965 0.736 
0.048 0.980 0.165 0.948 0.994 
0.047 0.978 0.119 0.965 0.777 
0.061 0.981 0.110 0.968 0.994 
0.071 0.977 0.104 0.975 0.994 
0.063 0.982 0.090 0.975 1.000 
0.037 0.988 0.110 0.973 0.994 
0.052 0.981 0.103 0.973 1.000 
0.050 0.984 0.123 0.960 0.939 
0.046 0.985 0.108 0.970 0.656 
0.049 0.988 0.119 0.973 1.000 
0.054 0.986 0.104 0.968 0.994 
0.049 0.987 0.108 0.968 0.994 
0.065 0.978 0.102 0.968 1.000 
0.044 0.985 0.108 0.968 0.997 
0.048 0.987 0.085 0.975 0.990 
0.040 0.986 0.122 0.958 0.997 
0.044 0.987 0.108 0.965 1.000 
0.050 0.982 0.087 0.975 1.000 
0.033 0.988 0.090 0.973 1.000 
0.050 0.985 0.087 0.975 1.000 
0.035 0.987 0.126 0.973 1.000 
0.048 0.987 0.122 0.973 1.000 
0.047 0.986 0.096 0.978 0.742 
0.045 0.986 0.092 0.978 0.959 
0.031 0.989 0.090 0.980 1.000 
0.029 0.990 0.079 0.985 1.000 
0.048 0.984 0.070 0.983 0.930 
0.031 0.991 0.108 0.968 0.914 
0.044 0.987 0.088 0.978 0.981 
0.042 0.986 0.106 0.963 1.000 
0.029 0.991 0.111 0.963 0.939 
0.036 0.988 0.103 0.968 0.997 
0.039 0.989 0.084 0.978 0.471 
0.029 0.991 0.128 0.973 1.000 
0.042 0.986 0.114 0.978 0.997 
0.042 0.988 0.106 0.973 0.990 
0.043 0.985 0.071 0.985 0.987 
0.034 0.989 0.082 0.975 0.994 
0.041 0.986 0.115 0.960 1.000 
0.036 0.990 0.086 0.973 0.959 
0.037 0.989 0.094 0.978 1.000 
0.044 0.984 0.088 0.973 0.997 
0.047 0.989 0.092 0.970 0.997 
0.028 0.991 0.111 0.965 0.984 
0.036 0.987 0.092 0.973 0.987 
0.035 0.990 0.106 0.973 1.000 
0.031 0.990 0.086 0.978 0.997 
0.030 0.988 0.083 0.985 0.943 
0.035 0.989 0.086 0.985 0.987 
0.027 0.990 0.094 0.968 1.000 
0.024 0.992 0.082 0.980 1.000 
0.043 0.984 0.092 0.975 0.854 
0.030 0.991 0.093 0.975 0.777 
0.034 0.989 0.121 0.958 0.997 
0.026 0.992 0.106 0.973 1.000 
0.027 0.991 0.095 0.973 0.990 
0.032 0.988 0.080 0.983 1.000 
0.030 0.992 0.105 0.970 1.000 
0.029 0.990 0.087 0.983 0.994 
0.031 0.990 0.078 0.978 1.000 
0.024 0.992 0.071 0.983 0.997 
0.020 0.996 0.068 0.985 1.000 
0.036 0.988 0.069 0.985 1.000 
0.028 0.993 0.070 0.985 1.000 
0.029 0.990 0.081 0.983 0.997 
0.040 0.986 0.076 0.980 1.000 
0.021 0.993 0.071 0.983 1.000 
0.035 0.989 0.086 0.983 0.997 
0.020 0.993 0.064 0.988 1.000 
0.024 0.991 0.094 0.980 0.975 
0.021 0.992 0.082 0.983 1.000 
0.029 0.992 0.080 0.983 0.997 
0.037 0.991 0.089 0.980 1.000 
0.026 0.991 0.086 0.983 0.990 
0.018 0.995 0.071 0.985 1.000 
0.051 0.985 0.097 0.980 1.000 
0.031 0.993 0.081 0.985 0.997 
0.033 0.988 0.087 0.985 0.997 
0.031 0.990 0.112 0.985 1.000 
0.036 0.989 0.128 0.975 1.000 
0.026 0.994 0.086 0.983 0.605 
0.020 0.993 0.095 0.988 0.850 
0.022 0.995 0.088 0.985 0.984 
0.035 0.991 0.083 0.985 1.000 
0.036 0.987 0.088 0.983 0.997 
0.024 0.992 0.091 0.980 1.000 
0.026 0.992 0.075 0.985 0.987 
0.029 0.992 0.090 0.983 0.990 
0.032 0.988 0.108 0.980 1.000 
0.028 0.993 0.090 0.975 0.943 
0.026 0.992 0.084 0.988 1.000 
0.025 0.992 0.105 0.980 1.000 
0.027 0.992 0.087 0.980 0.997 
0.027 0.991 0.100 0.975 1.000 
0.029 0.989 0.103 0.973 0.952 
0.022 0.992 0.076 0.983 1.000 
0.026 0.994 0.069 0.988 0.997 
0.026 0.991 0.081 0.985 0.990 
0.019 0.993 0.083 0.983 0.997 
0.028 0.993 0.094 0.973 0.981 
0.017 0.995 0.091 0.975 0.997 
0.029 0.991 0.111 0.978 1.000 
0.030 0.991 0.071 0.983 0.997 
0.020 0.994 0.087 0.978 0.997 
0.013 0.996 0.119 0.980 1.000 
0.030 0.993 0.081 0.980 0.863 
0.027 0.989 0.084 0.983 0.975 
0.026 0.992 0.076 0.985 0.952 
0.024 0.992 0.072 0.985 0.997 
0.018 0.995 0.074 0.985 0.981 
0.033 0.989 0.076 0.983 0.997 
0.023 0.993 0.087 0.983 0.955 
0.026 0.992 0.095 0.983 0.631 
0.018 0.997 0.079 0.980 0.997 
0.025 0.995 0.082 0.980 0.997 
0.022 0.994 0.093 0.985 0.997 
0.016 0.996 0.100 0.983 0.997 
0.014 0.995 0.113 0.975 0.946 
0.018 0.995 0.083 0.985 0.997 
0.035 0.991 0.093 0.980 0.924 
0.025 0.994 0.080 0.985 0.990 
0.032 0.990 0.083 0.975 1.000 
0.023 0.992 0.098 0.975 0.990 
0.022 0.993 0.123 0.960 1.000 
0.027 0.992 0.090 0.983 0.997 
0.019 0.996 0.103 0.978 0.997 
0.022 0.993 0.084 0.980 0.997 
0.034 0.993 0.087 0.988 0.997 
0.025 0.993 0.079 0.983 0.994 
0.020 0.995 0.080 0.983 0.994 
0.019 0.993 0.093 0.980 1.000 
0.028 0.990 0.084 0.983 0.994 
0.018 0.994 0.087 0.980 0.997 
0.035 0.990 0.103 0.975 0.997 
0.025 0.992 0.084 0.988 1.000 
0.021 0.993 0.081 0.980 0.997 
0.021 0.995 0.093 0.983 1.000 
0.028 0.993 0.083 0.983 0.997 
0.019 0.992 0.090 0.983 1.000 
0.024 0.993 0.093 0.980 1.000 
0.026 0.990 0.095 0.980 1.000 
0.021 0.994 0.085 0.980 0.997 
0.015 0.996 0.157 0.968 0.051 
0.015 0.995 0.074 0.988 0.997 
0.016 0.993 0.090 0.988 1.000 
0.019 0.993 0.083 0.985 1.000 
0.019 0.993 0.105 0.985 0.997 
0.020 0.993 0.154 0.983 1.000 
0.031 0.993 0.102 0.978 1.000 
0.019 0.994 0.099 0.978 1.000 
0.014 0.995 0.096 0.985 1.000 
0.020 0.993 0.105 0.980 0.997 
0.016 0.997 0.149 0.968 0.997 
0.017 0.993 0.129 0.978 0.997 
0.016 0.992 0.112 0.985 1.000 
0.027 0.991 0.139 0.983 0.997 
0.019 0.996 0.112 0.988 0.997 
0.027 0.990 0.154 0.978 1.000 
0.016 0.993 0.159 0.980 0.997 
0.012 0.997 0.169 0.968 0.990 
0.018 0.993 0.116 0.983 1.000 
0.024 0.993 0.101 0.985 1.000 
0.017 0.993 0.096 0.988 1.000 
0.024 0.993 0.133 0.985 1.000 
0.035 0.992 0.127 0.978 0.936 
0.028 0.993 0.134 0.983 1.000 
0.019 0.992 0.105 0.980 1.000 
0.031 0.991 0.094 0.988 1.000 
0.027 0.992 0.106 0.978 0.997 
0.027 0.995 0.098 0.983 0.994 
0.020 0.995 0.088 0.983 1.000 
0.026 0.995 0.070 0.985 1.000 
0.016 0.994 0.077 0.983 0.971 
0.013 0.997 0.097 0.980 0.943 
0.024 0.993 0.179 0.975 0.672 
0.031 0.991 0.077 0.985 1.000 
0.021 0.993 0.076 0.980 1.000 
0.023 0.994 0.087 0.983 0.981 
0.010 0.997 0.098 0.983 0.424 
0.023 0.993 0.088 0.978 0.975 
0.024 0.992 0.088 0.983 0.997 
0.018 0.993 0.065 0.988 1.000 
0.017 0.995 0.062 0.985 0.997 
0.028 0.992 0.078 0.983 0.959 
0.025 0.993 0.086 0.983 0.990 
0.026 0.995 0.080 0.983 0.997 
0.021 0.996 0.073 0.983 0.994 
0.041 0.990 0.078 0.983 0.720 
0.022 0.993 0.097 0.980 0.997 
0.015 0.996 0.089 0.975 0.971 
0.017 0.995 0.100 0.980 0.997 
0.024 0.996 0.187 0.965 0.949 
0.017 0.996 0.095 0.978 0.997 
0.008 0.999 0.087 0.988 0.997 
0.030 0.994 0.114 0.988 0.997 
0.019 0.994 0.123 0.985 0.997 
0.025 0.993 0.140 0.973 0.876 
0.020 0.992 0.090 0.980 0.997 
0.030 0.990 0.101 0.978 0.990 
0.025 0.994 0.085 0.983 0.901 
0.011 0.998 0.086 0.983 1.000 
0.021 0.994 0.110 0.970 0.997 
0.017 0.996 0.082 0.983 1.000 
0.029 0.993 0.074 0.985 1.000 
0.021 0.995 0.097 0.983 1.000 
0.019 0.993 0.090 0.980 1.000 
0.009 0.995 0.114 0.983 1.000 
0.023 0.993 0.134 0.980 0.901 
0.030 0.991 0.080 0.978 1.000 
0.020 0.993 0.092 0.978 0.997 
0.012 0.996 0.121 0.980 0.854 
0.012 0.996 0.102 0.983 0.997 
0.015 0.996 0.105 0.968 1.000 
0.033 0.992 0.086 0.973 0.987 
0.016 0.995 0.087 0.980 0.997 
0.009 0.997 0.100 0.983 0.997 
0.024 0.993 0.173 0.938 0.994 
0.022 0.995 0.085 0.978 1.000 
0.023 0.993 0.080 0.983 0.949 
0.018 0.995 0.078 0.983 0.971 
0.013 0.997 0.098 0.978 0.975 
0.013 0.997 0.115 0.980 0.987 
0.021 0.993 0.153 0.980 0.866 
0.025 0.995 0.107 0.980 0.997 
0.030 0.992 0.071 0.980 0.975 
0.025 0.993 0.075 0.985 0.994 
0.017 0.993 0.076 0.985 0.949 
0.015 0.995 0.076 0.980 1.000 
0.011 0.998 0.066 0.985 1.000 
0.015 0.996 0.102 0.975 1.000 
0.019 0.994 0.097 0.980 0.873 
0.018 0.995 0.153 0.985 0.990 
0.055 0.988 0.111 0.980 1.000 
0.018 0.997 0.089 0.983 1.000 
0.009 0.997 0.123 0.983 0.978 
0.023 0.992 0.102 0.983 1.000 
0.029 0.993 0.106 0.970 0.994 
0.012 0.996 0.099 0.978 0.984 
0.013 0.995 0.089 0.980 0.997 
0.008 0.998 0.111 0.983 1.000 
0.015 0.994 0.092 0.983 0.984 
0.013 0.996 0.088 0.980 0.997 
0.045 0.989 0.107 0.978 0.997 
0.041 0.991 0.177 0.983 1.000 
0.024 0.993 0.114 0.985 1.000 
0.027 0.993 0.082 0.983 0.997 
0.012 0.996 0.098 0.983 0.997 
0.017 0.996 0.082 0.983 1.000 
0.014 0.994 0.176 0.985 0.997 
0.026 0.992 0.144 0.983 0.997 
0.025 0.992 0.200 0.980 0.939 
0.013 0.996 0.167 0.965 0.994 
0.028 0.990 0.137 0.978 0.981 
0.014 0.996 0.113 0.983 0.997 
0.011 0.998 0.113 0.975 0.997 
0.019 0.993 0.099 0.978 0.997 
0.023 0.994 0.186 0.980 0.997 
0.017 0.994 0.127 0.980 0.997 
0.022 0.994 0.088 0.978 0.994 
0.016 0.995 0.095 0.983 0.997 
0.013 0.997 0.136 0.985 0.990 
0.013 0.997 0.191 0.983 1.000 
0.039 0.991 0.158 0.980 0.994 
0.016 0.995 0.137 0.980 0.994 
0.015 0.996 0.087 0.985 0.997 
0.008 0.997 0.163 0.980 0.955 
0.007 0.998 0.124 0.983 0.990 
0.014 0.996 0.204 0.975 0.981 
0.016 0.993 0.140 0.980 0.997 
0.025 0.992 0.077 0.985 0.994 
0.013 0.997 0.117 0.985 0.997 
0.018 0.995 0.175 0.980 0.990 
0.014 0.997 0.175 0.983 0.997 
0.019 0.995 0.122 0.980 0.997 
0.030 0.994 0.106 0.975 0.994 
0.012 0.996 0.088 0.980 0.997 
0.009 0.998 0.081 0.975 0.987 
0.013 0.996 0.123 0.988 0.997 
0.023 0.996 0.140 0.985 0.971 
0.018 0.995 0.174 0.980 0.997 
0.020 0.992 0.215 0.975 0.997 
0.020 0.994 0.224 0.983 0.997 
0.038 0.992 0.181 0.975 0.990 
0.006 0.998 0.259 0.980 0.764 
0.009 0.998 0.226 0.978 0.965 
0.011 0.997 0.196 0.978 0.997 
0.013 0.994 0.199 0.978 0.946 
0.020 0.996 0.093 0.978 0.854 
0.011 0.996 0.176 0.978 0.994 
0.018 0.996 0.134 0.985 0.971 
0.019 0.994 0.151 0.973 0.608 
0.012 0.997 0.126 0.980 0.994 
0.011 0.996 0.198 0.980 0.984 
0.021 0.996 0.079 0.988 0.997 
0.013 0.995 0.104 0.980 0.981 
0.018 0.994 0.063 0.985 0.997 
0.015 0.995 0.096 0.983 0.997 
0.015 0.995 0.078 0.980 0.952 
0.019 0.992 0.086 0.983 0.866 
0.022 0.993 0.083 0.983 0.987 
0.018 0.996 0.068 0.985 0.997 
0.013 0.997 0.101 0.983 1.000 
0.032 0.993 0.080 0.985 0.994 
0.006 0.999 0.109 0.983 0.981 
0.024 0.992 0.100 0.980 1.000 
0.014 0.996 0.182 0.980 0.847 
0.024 0.991 0.104 0.988 0.978 
0.018 0.993 0.139 0.988 0.978 
0.023 0.996 0.077 0.983 0.978 
0.018 0.994 0.150 0.980 0.815 
0.008 0.998 0.147 0.980 0.990 
0.017 0.995 0.110 0.983 0.981 
0.012 0.996 0.138 0.983 0.975 
0.031 0.997 0.099 0.970 0.994 
0.013 0.995 0.090 0.983 1.000 
0.013 0.997 0.073 0.983 1.000 
0.009 0.997 0.151 0.970 0.994 
0.021 0.996 0.118 0.980 0.959 
0.012 0.997 0.077 0.980 0.962 
0.011 0.996 0.119 0.983 0.984 
0.014 0.996 0.106 0.983 1.000 
0.013 0.996 0.073 0.980 0.933 
0.013 0.995 0.091 0.985 0.997 
0.019 0.995 0.078 0.983 0.994 
0.002 0.999 0.103 0.983 0.990 
0.019 0.995 0.091 0.983 0.997 
0.013 0.996 0.076 0.983 1.000 
0.011 0.996 0.079 0.980 0.990 
0.022 0.991 0.115 0.983 0.637 
0.033 0.995 0.074 0.985 1.000 
0.024 0.996 0.107 0.983 0.975 
0.021 0.994 0.117 0.980 0.994 
0.008 0.998 0.107 0.988 0.997 
0.015 0.997 0.126 0.983 1.000 
0.030 0.992 0.160 0.983 1.000 
0.011 0.998 0.139 0.983 1.000 
0.016 0.995 0.130 0.985 0.997 
0.018 0.995 0.114 0.985 1.000 
0.019 0.996 0.090 0.983 0.990 
0.015 0.995 0.074 0.985 1.000 
0.013 0.996 0.084 0.980 0.997 
0.011 0.995 0.146 0.965 0.990 
0.006 0.998 0.079 0.983 0.997 
0.016 0.997 0.081 0.983 0.997 
0.009 0.997 0.117 0.973 1.000 
0.027 0.997 0.137 0.980 0.997 
0.018 0.994 0.122 0.975 0.882 
0.012 0.996 0.068 0.983 1.000 
0.018 0.995 0.076 0.983 1.000 
0.016 0.993 0.092 0.980 1.000 
0.008 0.998 0.090 0.980 1.000 
0.015 0.996 0.128 0.980 1.000 
0.019 0.995 0.151 0.980 1.000 
0.016 0.995 0.101 0.978 1.000 
0.012 0.997 0.101 0.980 1.000 
0.028 0.993 0.085 0.978 0.975 
0.009 0.997 0.076 0.980 0.997 
0.009 0.997 0.128 0.980 0.997 
0.012 0.996 0.077 0.983 0.997 
0.017 0.995 0.097 0.983 0.997 
0.019 0.996 0.081 0.980 0.997 
0.024 0.991 0.071 0.983 1.000 
0.007 0.997 0.079 0.988 0.997 
0.015 0.997 0.159 0.980 0.994 
0.016 0.997 0.099 0.983 0.997 
0.015 0.994 0.084 0.983 1.000 
0.013 0.996 0.149 0.980 0.994 
0.010 0.997 0.137 0.983 0.997 
0.030 0.994 0.064 0.985 1.000 
0.020 0.995 0.070 0.983 1.000 
0.015 0.996 0.093 0.978 0.990 
0.019 0.995 0.080 0.983 1.000 
0.014 0.995 0.115 0.978 0.997 
0.033 0.994 0.097 0.983 0.994 
0.035 0.995 0.138 0.973 0.987 
0.019 0.996 0.101 0.983 0.997 
0.030 0.992 0.077 0.980 0.994 
0.015 0.997 0.101 0.978 0.997 
0.028 0.994 0.083 0.980 0.997 
0.011 0.997 0.120 0.978 0.997 
0.009 0.996 0.226 0.965 1.000 
0.019 0.993 0.089 0.983 0.981 
0.025 0.993 0.116 0.983 0.994 
0.002 0.999 0.120 0.985 0.997 
0.031 0.992 0.103 0.975 0.997 
0.018 0.994 0.083 0.985 0.997 
0.003 0.999 0.111 0.985 0.997 
0.015 0.996 0.236 0.965 0.987 
0.010 0.998 0.092 0.980 0.997 
0.008 0.998 0.093 0.983 0.997 
0.010 0.996 0.134 0.975 1.000 
0.025 0.990 0.177 0.978 0.997 
0.010 0.997 0.111 0.980 1.000 
0.019 0.994 0.089 0.980 0.997 
0.009 0.997 0.141 0.973 1.000 
0.039 0.996 0.108 0.983 0.990 
0.045 0.991 0.148 0.963 0.997 
0.014 0.997 0.123 0.983 0.997 
0.022 0.995 0.124 0.978 1.000 
0.026 0.993 0.143 0.970 0.822 
0.011 0.997 0.099 0.980 0.968 
0.017 0.994 0.172 0.968 0.927 
0.013 0.996 0.104 0.973 0.997 
0.018 0.994 0.091 0.978 0.994 
0.009 0.997 0.112 0.980 0.981 
0.017 0.996 0.113 0.975 0.997 
0.035 0.993 0.123 0.980 0.975 
0.007 0.997 0.185 0.975 0.946 
0.012 0.996 0.137 0.978 0.965 
0.014 0.997 0.257 0.978 0.978 
0.026 0.993 0.090 0.980 0.965 
0.017 0.995 0.092 0.980 0.987 
0.019 0.994 0.141 0.975 0.990 
0.009 0.997 0.127 0.978 0.994 
0.014 0.996 0.138 0.983 0.981 
0.015 0.997 0.084 0.980 0.981 
0.013 0.996 0.125 0.978 0.994 
0.024 0.995 0.089 0.980 0.997 
0.011 0.997 0.137 0.985 0.997 
0.016 0.996 0.102 0.985 0.844 
0.017 0.995 0.130 0.980 0.618 
0.012 0.997 0.157 0.980 0.968 
0.027 0.994 0.116 0.985 0.997 
0.023 0.995 0.165 0.978 0.949 
0.019 0.994 0.131 0.970 0.987 
0.015 0.995 0.095 0.975 0.946 
0.009 0.998 0.124 0.980 0.994 
0.035 0.993 0.093 0.978 0.994 
0.025 0.995 0.185 0.983 0.962 
0.013 0.996 0.232 0.978 0.939 
0.021 0.996 0.219 0.980 0.959 
0.019 0.995 0.100 0.985 0.994 
0.013 0.997 0.192 0.968 0.981 
0.010 0.997 0.116 0.983 0.987 
0.018 0.994 0.117 0.978 0.997 
0.005 0.998 0.459 0.978 0.806 
0.013 0.996 0.196 0.980 0.997 
0.025 0.997 0.117 0.975 1.000 
0.020 0.994 0.073 0.983 0.987 
0.008 0.998 0.136 0.973 0.939 
0.015 0.996 0.103 0.983 1.000 
0.015 0.993 0.172 0.975 1.000 
0.023 0.994 0.075 0.978 0.994 
0.008 0.998 0.169 0.978 1.000 
0.018 0.995 0.103 0.978 0.943 
0.030 0.995 0.077 0.985 0.994 
0.018 0.995 0.098 0.983 1.000 
0.005 0.998 0.122 0.980 0.990 
0.010 0.998 0.103 0.980 0.997 
0.013 0.997 0.076 0.985 0.997 
0.024 0.993 0.302 0.973 0.984 
0.047 0.992 0.114 0.978 0.990 
0.034 0.991 0.110 0.983 0.997 
0.018 0.993 0.137 0.983 0.952 
0.013 0.996 0.093 0.983 0.997 
0.009 0.997 0.129 0.978 0.920 
0.005 0.999 0.105 0.980 0.997 
0.017 0.994 0.137 0.983 0.968 
0.019 0.995 0.102 0.985 0.997 
0.022 0.995 0.086 0.985 1.000 
0.017 0.995 0.115 0.980 1.000 
0.013 0.998 0.063 0.988 1.000 
0.013 0.995 0.123 0.983 0.987 
0.012 0.997 0.124 0.980 0.997 
0.014 0.996 0.065 0.985 0.994 
0.006 0.998 0.138 0.985 0.838 
0.024 0.993 0.085 0.983 1.000 
0.013 0.997 0.110 0.985 0.984 
0.018 0.995 0.162 0.973 0.914 
0.013 0.995 0.131 0.978 0.987 
0.022 0.994 0.113 0.985 0.959 
0.007 0.997 0.160 0.983 0.955 
0.009 0.997 0.146 0.980 0.968 
0.016 0.995 0.103 0.983 1.000 
0.012 0.996 0.108 0.988 0.987 
0.038 0.992 0.067 0.985 0.997 
0.016 0.995 0.075 0.983 0.889 
0.010 0.997 0.125 0.983 1.000 
0.017 0.993 0.094 0.980 0.990 
0.012 0.997 0.096 0.983 0.952 
0.009 0.997 0.106 0.985 0.981 
0.009 0.997 0.120 0.978 0.987 
0.013 0.996 0.128 0.975 0.675 
0.042 0.995 0.137 0.978 0.911 
0.008 0.997 0.136 0.980 0.952 
0.023 0.993 0.134 0.983 0.841 
0.012 0.996 0.130 0.985 0.990 
0.008 0.996 0.099 0.985 0.994 
0.017 0.997 0.106 0.983 0.997 
0.009 0.997 0.279 0.980 0.990 
0.015 0.997 0.230 0.970 0.971 
0.031 0.995 0.090 0.983 1.000 
0.009 0.998 0.119 0.985 1.000 
0.019 0.997 0.129 0.985 1.000 
0.020 0.992 0.090 0.983 0.968 
0.025 0.995 0.084 0.983 0.997 
0.008 0.997 0.117 0.980 0.869 
0.020 0.993 0.076 0.985 0.978 
0.005 0.998 0.092 0.983 0.975 
0.016 0.994 0.092 0.980 1.000 
0.015 0.995 0.084 0.973 1.000 
0.016 0.997 0.110 0.980 0.997 
0.014 0.996 0.092 0.980 1.000 
0.009 0.997 0.096 0.978 1.000 
0.017 0.995 0.185 0.970 1.000 
0.016 0.993 0.097 0.980 0.997 
0.008 0.998 0.182 0.975 1.000 
0.014 0.998 0.110 0.975 1.000 
0.016 0.997 0.119 0.978 0.984 
0.026 0.993 0.125 0.983 1.000 
0.045 0.993 0.090 0.975 0.930 
0.009 0.997 0.117 0.985 0.990 
0.024 0.997 0.117 0.983 0.994 
0.013 0.996 0.091 0.983 0.978 
0.010 0.995 0.135 0.985 1.000 
0.006 0.997 0.095 0.985 1.000 
0.019 0.995 0.155 0.983 1.000 
0.024 0.995 0.139 0.975 0.949 
0.011 0.997 0.377 0.973 0.997 
0.012 0.996 0.247 0.978 0.994 
0.008 0.997 0.344 0.973 0.997 
0.020 0.995 0.127 0.983 0.997 
0.011 0.995 0.124 0.980 0.978 
0.015 0.994 0.093 0.983 1.000 
0.017 0.995 0.080 0.985 0.955 
0.012 0.996 0.126 0.978 0.994 
0.004 0.998 0.172 0.983 1.000 
0.010 0.995 0.241 0.978 0.936 
0.028 0.992 0.079 0.983 0.815 
0.020 0.991 0.322 0.975 0.889 
0.028 0.992 0.132 0.980 0.895 
0.011 0.996 0.107 0.983 0.975 
0.019 0.996 0.132 0.983 0.946 
0.011 0.997 0.135 0.983 0.978 
0.009 0.997 0.161 0.983 1.000 
0.008 0.998 0.188 0.983 1.000 
0.020 0.993 0.146 0.985 0.997 
0.019 0.996 0.084 0.985 1.000 
0.019 0.993 0.199 0.988 1.000 
0.013 0.995 0.257 0.983 0.949 
0.009 0.998 0.151 0.985 1.000 
0.010 0.996 0.189 0.985 1.000 
0.034 0.995 0.662 0.955 0.904 
0.045 0.995 0.196 0.973 1.000 
0.013 0.995 0.137 0.985 0.997 
0.011 0.997 0.293 0.968 0.990 
0.017 0.995 0.152 0.980 1.000 
0.005 0.998 0.199 0.985 0.997 
0.030 0.997 0.122 0.985 0.994 
0.013 0.995 0.129 0.980 0.997 
0.018 0.996 0.121 0.980 0.863 
0.013 0.996 0.124 0.983 1.000 
0.013 0.996 0.135 0.980 0.984 
0.012 0.997 0.229 0.980 0.987 
0.010 0.996 0.175 0.980 0.994 
0.021 0.995 0.075 0.985 1.000 
0.021 0.993 0.097 0.985 1.000 
0.013 0.997 0.075 0.985 1.000 
0.009 0.998 0.219 0.975 0.965 
0.007 0.998 0.087 0.988 1.000 
0.006 0.998 0.196 0.975 0.990 
0.021 0.996 0.151 0.985 0.955 
0.023 0.996 0.076 0.983 1.000 
0.022 0.993 0.188 0.985 0.997 
0.008 0.998 0.166 0.985 0.955 
0.015 0.995 0.110 0.983 1.000 
0.011 0.997 0.154 0.983 0.997 
0.018 0.995 0.162 0.975 0.968 
0.021 0.995 0.112 0.960 0.943 
0.018 0.993 0.155 0.983 0.860 
0.014 0.995 0.120 0.983 0.997 
0.015 0.997 0.102 0.983 0.978 
0.021 0.995 0.170 0.965 1.000 
0.013 0.996 0.177 0.980 1.000 
0.005 0.999 0.187 0.980 0.997 
0.018 0.998 0.104 0.980 0.997 
0.010 0.996 0.189 0.968 0.990 
0.010 0.997 0.122 0.980 0.997 
0.019 0.993 0.103 0.978 1.000 
0.008 0.996 0.140 0.980 0.990 
0.019 0.995 0.087 0.983 0.994 
0.014 0.996 0.127 0.975 0.994 
0.006 0.999 0.120 0.983 1.000 
0.009 0.996 0.079 0.980 0.994 
0.010 0.998 0.101 0.975 1.000 
0.023 0.995 0.119 0.978 0.994 
0.014 0.995 0.119 0.978 0.997 
0.018 0.995 0.074 0.985 0.990 
0.011 0.998 0.103 0.968 0.994 
0.012 0.996 0.091 0.985 0.997 
0.012 0.996 0.146 0.983 0.997 
0.009 0.997 0.091 0.980 0.994 
0.008 0.997 0.105 0.978 0.997 
0.012 0.997 0.096 0.978 0.997 
0.017 0.993 0.205 0.978 1.000 
0.029 0.995 0.565 0.973 0.946 
0.017 0.997 0.142 0.980 0.997 
0.004 0.998 0.147 0.980 0.997 
0.014 0.995 0.145 0.983 1.000 
0.012 0.996 0.107 0.978 1.000 
0.010 0.996 0.110 0.983 0.984 
0.026 0.994 0.103 0.980 0.959 
0.024 0.994 0.132 0.978 1.000 
0.012 0.997 0.268 0.975 0.994 
0.044 0.996 0.170 0.978 0.997 
0.094 0.997 0.148 0.973 0.997 
0.020 0.996 0.086 0.983 0.959 
0.012 0.997 0.095 0.983 0.975 
0.008 0.998 0.096 0.983 0.990 
0.005 0.999 0.145 0.978 0.997 
0.017 0.997 0.147 0.983 0.997 
0.011 0.998 0.090 0.985 0.994 
0.010 0.997 0.194 0.975 0.990 
0.014 0.996 0.107 0.985 0.997 
0.012 0.995 0.125 0.983 1.000 
0.023 0.996 0.112 0.975 0.997 
0.014 0.994 0.107 0.980 0.997 
0.014 0.996 0.142 0.980 0.984 
0.016 0.996 0.138 0.978 0.975 
0.027 0.993 0.077 0.983 0.994 
0.006 0.998 0.163 0.978 0.997 
0.016 0.995 0.105 0.985 0.997 
0.011 0.998 0.130 0.980 0.997 
0.009 0.996 0.196 0.980 0.997 
0.026 0.995 0.169 0.980 0.997 
0.006 0.998 0.102 0.978 1.000 
0.016 0.996 0.111 0.983 0.994 
0.011 0.996 0.186 0.988 0.994 
0.011 0.996 0.154 0.978 0.987 
0.021 0.995 0.126 0.980 0.994 
0.005 0.999 0.096 0.980 1.000 
0.007 0.998 0.108 0.983 1.000 
0.012 0.994 0.115 0.980 1.000 
0.006 0.998 0.120 0.985 0.997 
0.014 0.997 0.095 0.983 0.997 
0.008 0.997 0.124 0.985 0.994 
0.007 0.997 0.121 0.983 1.000 
0.016 0.996 0.140 0.983 0.990 
0.017 0.995 0.095 0.980 0.997 
0.021 0.993 0.103 0.983 0.984 
0.010 0.997 0.136 0.983 0.994 
0.005 0.998 0.121 0.983 0.997 
0.019 0.996 0.149 0.973 0.965 
0.007 0.998 0.123 0.980 0.994 
0.019 0.995 0.100 0.980 0.990 
0.013 0.997 0.127 0.970 0.978 
0.012 0.996 0.079 0.980 0.994 
0.012 0.996 0.150 0.983 0.997 
0.014 0.996 0.098 0.980 1.000 
0.021 0.993 0.218 0.980 0.994 
0.008 0.997 0.204 0.985 0.994 
0.006 0.998 0.170 0.985 0.997 
0.029 0.995 0.150 0.975 0.968 
0.020 0.996 0.117 0.978 1.000 
0.018 0.996 0.121 0.975 0.959 
0.004 0.999 0.099 0.985 0.997 
0.014 0.996 0.073 0.983 0.936 
0.008 0.998 0.128 0.978 0.990 
0.017 0.996 0.133 0.983 1.000 
0.010 0.996 0.141 0.978 0.997 
0.010 0.997 0.132 0.983 1.000 
0.006 0.998 0.166 0.985 0.994 
0.013 0.993 0.148 0.980 0.968 
0.020 0.996 0.293 0.983 1.000 
0.038 0.995 0.319 0.973 0.994 
0.041 0.995 0.221 0.958 0.968 
0.008 0.998 0.129 0.983 0.997 
0.006 0.998 0.157 0.980 0.994 
0.006 0.998 0.195 0.983 0.994 
0.026 0.996 0.113 0.975 0.927 
0.008 0.998 0.116 0.978 1.000 
0.030 0.997 0.131 0.983 0.962 
0.018 0.995 0.128 0.978 1.000 
0.016 0.996 0.187 0.980 0.997 
0.009 0.998 0.146 0.980 1.000 
0.013 0.997 0.110 0.983 0.997 
0.010 0.997 0.125 0.980 0.994 
0.012 0.995 0.131 0.973 0.990 
0.013 0.996 0.135 0.980 1.000 
0.014 0.996 0.159 0.980 0.987 
0.004 0.999 0.201 0.980 0.997 
0.025 0.996 0.105 0.983 0.997 
0.016 0.997 0.367 0.978 1.000 
0.017 0.997 0.127 0.975 0.997 
0.014 0.995 0.132 0.968 0.997 
0.007 0.997 0.154 0.980 1.000 
0.019 0.995 0.152 0.980 1.000 
0.005 0.999 0.301 0.980 0.997 
0.008 0.997 0.269 0.973 1.000 
0.013 0.995 0.265 0.983 1.000 
0.020 0.997 0.159 0.968 0.990 
0.019 0.995 0.120 0.978 0.997 
0.027 0.995 0.201 0.980 1.000 
0.017 0.996 0.301 0.980 1.000 
0.016 0.996 0.159 0.965 0.994 
0.012 0.997 0.148 0.983 0.997 
0.015 0.997 0.113 0.983 0.997 
0.009 0.998 0.164 0.975 0.990 
0.010 0.998 0.225 0.983 1.000 
0.021 0.996 0.142 0.988 0.990 
0.020 0.997 0.106 0.975 0.987 
0.012 0.998 0.138 0.983 1.000 
0.009 0.996 0.121 0.983 1.000 
0.009 0.997 0.187 0.985 1.000 
0.022 0.995 0.079 0.975 0.971 
0.008 0.996 0.092 0.983 0.987 
0.019 0.994 0.151 0.975 0.920 
0.007 0.998 0.282 0.975 0.975 
0.017 0.996 0.098 0.970 0.994 
0.011 0.997 0.161 0.980 1.000 
0.008 0.998 0.166 0.980 1.000 
0.008 0.997 0.225 0.983 1.000 
0.020 0.995 0.224 0.978 0.994 
0.018 0.997 0.136 0.975 0.990 
0.011 0.997 0.124 0.983 0.994 
0.020 0.994 0.165 0.978 0.984 
0.032 0.996 0.141 0.980 0.997 
0.007 0.998 0.154 0.978 0.997 
0.007 0.998 0.200 0.975 0.997 
0.010 0.997 0.256 0.980 0.990 
0.015 0.997 0.187 0.985 1.000 
0.019 0.994 0.283 0.980 0.771 
0.031 0.996 0.108 0.983 1.000 
0.030 0.996 0.066 0.983 0.987 
0.007 0.998 0.095 0.985 1.000 
0.013 0.997 0.091 0.983 0.959 
0.019 0.997 0.107 0.983 1.000 
0.033 0.993 0.125 0.975 0.876 
0.009 0.997 0.112 0.983 0.997 
0.012 0.995 0.110 0.978 1.000 
0.014 0.997 0.069 0.985 0.997 
0.015 0.998 0.065 0.983 0.994 
0.008 0.998 0.094 0.983 0.990 
0.019 0.994 0.105 0.980 1.000 
0.013 0.995 0.117 0.983 1.000 
0.013 0.997 0.134 0.978 0.997 
0.008 0.997 0.154 0.973 0.971 
0.009 0.997 0.108 0.985 1.000 
0.016 0.994 0.172 0.970 0.971 
0.004 0.999 0.164 0.983 0.997 
0.010 0.997 0.157 0.983 0.997 
0.010 0.997 0.139 0.980 0.997 
0.014 0.995 0.133 0.970 0.997 
0.023 0.996 0.098 0.980 0.990 
0.045 0.993 0.210 0.978 0.997 
0.014 0.996 0.214 0.973 0.997 
0.016 0.996 0.214 0.973 0.312 
0.004 0.999 0.125 0.985 1.000 
0.007 0.997 0.142 0.978 0.997 
0.005 0.999 0.204 0.980 1.000 
0.003 0.998 0.154 0.985 1.000 
0.008 0.999 0.183 0.983 0.946 
0.013 0.994 0.221 0.978 0.975 
0.006 0.999 0.295 0.975 0.994 
0.018 0.995 0.101 0.983 1.000 
0.012 0.997 0.153 0.985 0.994 
0.016 0.996 0.148 0.988 1.000 
0.017 0.997 0.120 0.980 1.000 
0.009 0.997 0.122 0.988 0.997 
0.019 0.995 0.152 0.983 0.981 
0.003 0.999 0.190 0.983 0.971 
0.019 0.996 0.134 0.975 0.994 
0.012 0.996 0.119 0.980 0.997 
0.003 0.999 0.209 0.978 0.981 
0.022 0.995 0.189 0.965 0.990 
0.015 0.996 0.161 0.980 0.994 
0.023 0.997 0.115 0.975 0.994 
0.006 0.999 0.084 0.985 1.000 
0.011 0.996 0.169 0.978 0.990 
0.017 0.992 0.165 0.978 1.000 
0.019 0.992 0.151 0.978 1.000 
0.032 0.998 0.200 0.960 0.981 
0.011 0.996 0.123 0.978 0.984 
0.021 0.996 0.174 0.965 0.965 
0.013 0.996 0.110 0.975 0.971 
0.011 0.995 0.109 0.980 0.997 
0.008 0.998 0.088 0.978 0.997 
0.012 0.996 0.118 0.980 0.994 
0.009 0.996 0.155 0.985 0.997 
0.030 0.993 0.094 0.980 0.997 
0.002 0.999 0.090 0.980 0.997 
0.007 0.997 0.094 0.983 0.997 
0.006 0.998 0.081 0.983 0.987 
0.018 0.996 0.121 0.980 0.990 
0.004 0.998 0.128 0.983 0.978 
0.007 0.997 0.164 0.988 1.000 
0.016 0.995 0.198 0.978 0.997 
0.041 0.992 0.109 0.978 0.971 
0.015 0.996 0.086 0.980 0.997 
0.011 0.996 0.100 0.983 0.990 
0.009 0.997 0.088 0.983 0.997 
0.008 0.998 0.169 0.980 0.975 
0.005 0.998 0.168 0.983 0.997 
0.011 0.998 0.088 0.983 0.997 
0.012 0.996 0.096 0.975 0.997 
0.015 0.996 0.124 0.978 0.994 
0.011 0.995 0.270 0.980 0.978 
0.009 0.998 0.185 0.975 0.990 
0.003 0.999 0.217 0.973 0.981 
0.012 0.995 0.191 0.983 0.978 
0.020 0.994 0.132 0.975 0.987 
0.030 0.997 0.194 0.975 0.994 
0.041 0.994 0.096 0.980 0.987 
0.013 0.997 0.167 0.973 0.939 
0.004 0.997 0.086 0.985 0.994 
0.008 0.999 0.097 0.980 0.987 
0.040 0.995 0.085 0.975 0.997 
0.008 0.998 0.081 0.983 1.000 
0.009 0.998 0.081 0.983 0.994 
0.014 0.996 0.087 0.983 0.971 
0.016 0.996 0.084 0.983 0.994 
0.010 0.997 0.142 0.970 0.987 
0.005 0.998 0.154 0.973 0.615 
0.006 0.998 0.113 0.980 0.987 
0.016 0.993 0.093 0.988 0.987 
0.017 0.994 0.145 0.975 0.990 
0.013 0.996 0.315 0.975 0.965 
0.013 0.996 0.249 0.980 0.997 
0.004 0.999 0.285 0.980 0.997 
0.010 0.996 0.165 0.985 1.000 
0.006 0.998 0.172 0.973 0.987 
0.004 0.999 0.163 0.983 1.000 
0.016 0.996 0.188 0.988 0.997 
0.013 0.998 0.167 0.983 0.981 
0.015 0.997 0.142 0.985 0.990 
0.011 0.995 0.172 0.975 0.904 
0.008 0.997 0.287 0.975 0.949 
0.010 0.997 0.127 0.978 0.994 
0.022 0.994 0.131 0.983 0.968 
0.011 0.996 0.094 0.975 0.990 
0.013 0.995 0.139 0.980 0.994 
0.016 0.996 0.164 0.980 0.994 
0.011 0.996 0.126 0.985 0.990 
0.014 0.995 0.309 0.985 0.997 
0.011 0.998 0.157 0.983 0.968 
0.016 0.996 0.160 0.980 1.000 
0.019 0.994 0.096 0.983 0.994 
0.013 0.997 0.102 0.983 0.994 
0.020 0.992 0.101 0.983 0.994 
0.012 0.997 0.229 0.983 0.997 
0.019 0.996 0.226 0.978 0.987 
0.031 0.997 0.078 0.985 0.987 
0.014 0.996 0.116 0.980 0.994 
0.010 0.997 0.111 0.978 0.997 
0.007 0.996 0.162 0.983 0.987 
0.010 0.996 0.109 0.980 0.997 
0.016 0.995 0.132 0.978 0.987 
0.007 0.997 0.116 0.978 0.971 
0.007 0.997 0.093 0.983 0.997 
0.010 0.997 0.116 0.983 0.990 
0.013 0.995 0.123 0.975 0.987 
0.009 0.996 0.084 0.985 0.997 
0.010 0.997 0.118 0.983 0.997 
0.012 0.997 0.090 0.983 1.000 
0.012 0.997 0.117 0.983 0.978 
0.013 0.996 0.069 0.985 1.000 
0.003 0.999 0.087 0.988 0.997 
0.013 0.996 0.148 0.980 1.000 
0.012 0.996 0.091 0.975 0.879 
0.019 0.993 0.095 0.980 0.990 
0.021 0.993 0.099 0.985 0.997 
0.008 0.998 0.106 0.983 0.984 
0.008 0.998 0.109 0.985 0.997 
0.007 0.998 0.175 0.983 1.000 
0.014 0.998 0.130 0.980 0.994 
0.005 0.998 0.264 0.975 0.984 
0.015 0.996 0.117 0.985 0.981 
0.025 0.995 0.188 0.980 0.994 
0.006 0.997 0.145 0.985 0.997 
0.009 0.996 0.145 0.983 0.799 
0.009 0.998 0.131 0.985 0.994 
0.005 0.999 0.120 0.985 0.987 
0.003 0.998 0.229 0.975 0.968 
0.020 0.995 0.104 0.985 0.968 
0.023 0.996 0.108 0.978 0.987 
0.017 0.996 0.122 0.988 0.939 
0.021 0.997 0.132 0.983 0.987 
0.015 0.996 0.118 0.985 1.000 
0.021 0.995 0.104 0.983 0.984 
0.009 0.997 0.120 0.988 0.790 
0.009 0.996 0.109 0.988 0.997 
0.021 0.995 0.081 0.985 0.994 
0.011 0.996 0.075 0.985 0.978 
0.011 0.996 0.113 0.983 0.994 
0.006 0.998 0.113 0.983 0.981 
0.010 0.997 0.102 0.983 1.000 
0.009 0.996 0.122 0.983 0.981 
0.017 0.996 0.144 0.973 0.994 
0.008 0.997 0.097 0.983 1.000 
0.002 0.999 0.137 0.985 1.000 
0.011 0.996 0.107 0.985 1.000 
0.018 0.996 0.152 0.975 0.997 
0.012 0.997 0.245 0.985 1.000 
0.026 0.996 0.148 0.980 0.997 
0.010 0.998 0.081 0.983 0.965 
0.007 0.997 0.075 0.985 1.000 
0.016 0.996 0.098 0.983 0.997 
0.011 0.996 0.106 0.980 0.971 
0.010 0.996 0.068 0.988 0.997 
0.009 0.997 0.084 0.983 0.987 
0.004 0.999 0.063 0.990 0.997 
0.005 0.999 0.114 0.978 0.994 
0.009 0.997 0.126 0.973 0.994 
0.011 0.996 0.125 0.983 0.997 
0.006 0.998 0.179 0.973 0.987 
0.012 0.995 0.143 0.978 0.994 
0.033 0.993 0.129 0.975 0.990 
0.011 0.997 0.089 0.983 0.997 
0.018 0.997 0.106 0.978 0.975 
0.008 0.997 0.101 0.983 0.994 
0.010 0.997 0.170 0.975 0.971 
0.003 0.999 0.158 0.980 0.997 
0.008 0.997 0.119 0.978 0.997 
0.011 0.995 0.262 0.968 0.997 
0.011 0.997 0.146 0.983 0.997 
0.010 0.995 0.210 0.988 0.997 
0.011 0.997 0.087 0.985 0.997 
0.009 0.997 0.119 0.978 0.990 
0.013 0.997 0.111 0.978 0.971 
0.008 0.996 0.188 0.978 0.994 
0.032 0.998 0.105 0.988 0.990 
0.010 0.998 0.091 0.980 0.984 
0.013 0.996 0.112 0.978 0.987 
0.010 0.998 0.106 0.980 1.000 
0.016 0.996 0.135 0.978 0.997 
0.006 0.998 0.125 0.983 0.997 
0.008 0.997 0.111 0.980 0.997 
0.019 0.995 0.103 0.983 0.997 
0.006 0.997 0.192 0.980 1.000 
0.009 0.997 0.131 0.983 1.000 
0.010 0.997 0.141 0.983 1.000 
0.020 0.997 0.092 0.980 0.997 
0.014 0.998 0.082 0.983 0.981 
0.011 0.996 0.173 0.973 0.990 
0.008 0.996 0.150 0.973 0.997 
0.007 0.998 0.099 0.985 0.997 
0.034 0.995 0.077 0.983 0.962 
0.011 0.997 0.111 0.975 0.952 
0.004 0.999 0.107 0.983 0.997 
0.011 0.994 0.097 0.983 0.987 
0.023 0.996 0.219 0.975 0.990 
0.020 0.994 0.112 0.975 0.990 
0.006 0.999 0.101 0.980 0.978 
0.006 0.997 0.189 0.980 1.000 
0.005 0.999 0.097 0.983 1.000 
0.007 0.998 0.119 0.985 1.000 
0.013 0.996 0.136 0.985 0.987 
0.009 0.995 0.170 0.973 0.987 
0.002 0.998 0.098 0.983 1.000 
0.025 0.995 0.087 0.983 0.994 
0.010 0.997 0.103 0.980 1.000 
0.018 0.998 0.109 0.978 0.997 
0.004 0.998 0.193 0.980 0.997 
0.010 0.997 0.370 0.970 0.818 
0.030 0.996 0.141 0.970 0.994 
0.004 0.998 0.158 0.970 0.994 
0.021 0.993 0.053 0.988 1.000 
0.016 0.996 0.118 0.973 0.971 
0.008 0.998 0.087 0.983 0.997 
0.012 0.998 0.077 0.980 1.000 
0.019 0.996 0.163 0.980 1.000 
0.006 0.999 0.139 0.985 1.000 
0.027 0.995 0.112 0.978 1.000 
0.005 0.999 0.122 0.985 0.994 
0.033 0.992 0.069 0.983 0.990 
0.010 0.996 0.076 0.980 1.000 
0.011 0.997 0.125 0.983 0.990 
0.009 0.997 0.115 0.985 0.994 
0.006 0.998 0.118 0.980 0.990 
0.032 0.995 0.075 0.983 1.000 
0.017 0.996 0.068 0.985 1.000 
0.006 0.998 0.077 0.988 1.000 
0.015 0.995 0.093 0.985 0.997 
0.013 0.996 0.170 0.983 1.000 
0.023 0.994 0.110 0.985 0.994 
