0.355 0.865 0.243 0.935 0.304 
0.244 0.915 0.173 0.955 0.174 
0.209 0.926 0.210 0.927 0.264 
0.202 0.929 0.231 0.920 0.071 
0.191 0.929 0.172 0.932 0.329 
0.170 0.935 0.128 0.963 0.382 
0.165 0.942 0.116 0.963 0.693 
0.161 0.941 0.176 0.955 0.649 
0.161 0.947 0.188 0.940 0.646 
0.144 0.943 0.240 0.910 0.773 
0.133 0.953 0.195 0.935 0.689 
0.144 0.952 0.236 0.943 0.832 
0.125 0.957 0.171 0.935 0.705 
0.129 0.958 0.135 0.953 0.671 
0.124 0.958 0.171 0.953 0.870 
0.124 0.957 0.145 0.945 0.410 
0.135 0.954 0.120 0.963 0.686 
0.112 0.958 0.186 0.950 0.919 
0.122 0.958 0.113 0.968 0.854 
0.112 0.959 0.148 0.965 0.901 
0.125 0.961 0.139 0.958 0.854 
0.115 0.959 0.158 0.953 0.866 
0.105 0.970 0.200 0.953 0.913 
0.115 0.966 0.107 0.975 0.854 
0.111 0.963 0.127 0.970 0.885 
0.096 0.971 0.122 0.963 0.879 
0.103 0.964 0.156 0.932 0.453 
0.111 0.964 0.144 0.943 0.696 
0.102 0.964 0.180 0.930 0.612 
0.104 0.963 0.161 0.960 0.913 
0.114 0.963 0.128 0.973 0.907 
0.086 0.970 0.112 0.973 0.888 
0.097 0.965 0.120 0.973 0.885 
0.083 0.975 0.157 0.960 0.913 
0.111 0.963 0.156 0.960 0.863 
0.099 0.971 0.161 0.965 0.950 
0.107 0.964 0.131 0.975 0.898 
0.102 0.968 0.095 0.975 0.885 
0.097 0.970 0.128 0.970 0.904 
0.088 0.970 0.116 0.973 0.901 
0.089 0.971 0.125 0.953 0.832 
0.092 0.970 0.129 0.968 0.919 
0.087 0.970 0.107 0.975 0.898 
0.106 0.967 0.122 0.970 0.919 
0.084 0.973 0.104 0.975 0.907 
0.086 0.973 0.119 0.970 0.854 
0.101 0.969 0.109 0.975 0.879 
0.079 0.972 0.092 0.978 0.888 
0.085 0.974 0.141 0.973 0.947 
0.066 0.976 0.097 0.975 0.910 
0.094 0.968 0.129 0.978 0.925 
0.086 0.969 0.096 0.978 0.901 
0.089 0.971 0.101 0.973 0.866 
0.093 0.971 0.164 0.968 0.922 
0.080 0.976 0.128 0.970 0.854 
0.082 0.974 0.147 0.968 0.885 
0.078 0.977 0.121 0.975 0.916 
0.091 0.973 0.145 0.978 0.919 
0.087 0.977 0.102 0.980 0.913 
0.092 0.973 0.137 0.968 0.913 
0.083 0.973 0.136 0.973 0.947 
0.074 0.979 0.090 0.975 0.870 
0.069 0.979 0.101 0.980 0.922 
0.089 0.973 0.115 0.973 0.894 
0.082 0.971 0.113 0.978 0.907 
0.077 0.975 0.109 0.968 0.863 
0.074 0.976 0.117 0.975 0.932 
0.076 0.976 0.096 0.980 0.929 
0.064 0.983 0.143 0.975 0.944 
0.086 0.974 0.128 0.978 0.913 
0.071 0.976 0.132 0.975 0.938 
0.086 0.972 0.119 0.978 0.947 
0.074 0.976 0.134 0.965 0.953 
0.074 0.977 0.077 0.980 0.935 
0.070 0.979 0.080 0.983 0.916 
0.067 0.977 0.140 0.973 0.932 
0.064 0.982 0.107 0.980 0.938 
0.077 0.974 0.135 0.970 0.932 
0.083 0.973 0.137 0.978 0.938 
0.067 0.978 0.095 0.978 0.910 
0.073 0.980 0.111 0.978 0.925 
0.072 0.982 0.174 0.960 0.953 
0.077 0.976 0.091 0.978 0.929 
0.072 0.978 0.100 0.978 0.941 
0.078 0.980 0.120 0.978 0.938 
0.078 0.974 0.127 0.973 0.932 
0.060 0.979 0.144 0.973 0.925 
0.064 0.981 0.121 0.970 0.935 
0.063 0.980 0.126 0.973 0.938 
0.069 0.979 0.093 0.980 0.922 
0.076 0.973 0.100 0.983 0.907 
0.061 0.984 0.078 0.983 0.913 
0.055 0.980 0.084 0.980 0.941 
0.078 0.978 0.118 0.978 0.938 
0.081 0.976 0.091 0.983 0.866 
0.074 0.976 0.097 0.983 0.904 
0.074 0.978 0.091 0.980 0.944 
0.058 0.980 0.085 0.980 0.882 
0.073 0.976 0.087 0.980 0.885 
0.071 0.976 0.106 0.975 0.932 
0.063 0.981 0.088 0.983 0.910 
0.075 0.978 0.124 0.980 0.925 
0.073 0.982 0.114 0.978 0.929 
0.068 0.978 0.116 0.978 0.941 
0.063 0.980 0.108 0.973 0.925 
0.065 0.979 0.138 0.968 0.941 
0.058 0.980 0.102 0.978 0.916 
0.077 0.974 0.119 0.978 0.941 
0.060 0.980 0.098 0.980 0.938 
0.064 0.983 0.087 0.975 0.857 
0.057 0.980 0.094 0.978 0.922 
0.079 0.973 0.128 0.973 0.944 
0.067 0.977 0.097 0.978 0.925 
0.070 0.979 0.109 0.975 0.935 
0.068 0.982 0.112 0.978 0.922 
0.060 0.983 0.121 0.980 0.944 
0.056 0.981 0.140 0.983 0.938 
0.072 0.979 0.109 0.975 0.922 
0.069 0.982 0.146 0.978 0.950 
0.068 0.980 0.179 0.968 0.947 
0.065 0.980 0.106 0.980 0.922 
0.055 0.983 0.116 0.980 0.938 
0.057 0.981 0.093 0.983 0.910 
0.064 0.980 0.116 0.980 0.935 
0.066 0.982 0.104 0.975 0.922 
0.058 0.982 0.095 0.978 0.932 
0.065 0.985 0.095 0.978 0.932 
0.058 0.986 0.087 0.983 0.904 
0.059 0.982 0.077 0.983 0.922 
0.071 0.980 0.077 0.980 0.935 
0.071 0.976 0.098 0.980 0.932 
0.058 0.982 0.111 0.973 0.904 
0.058 0.985 0.106 0.980 0.919 
0.069 0.974 0.124 0.978 0.938 
0.063 0.982 0.177 0.973 0.960 
0.070 0.981 0.118 0.978 0.941 
0.053 0.983 0.100 0.975 0.916 
0.057 0.984 0.087 0.983 0.935 
0.065 0.980 0.085 0.980 0.947 
0.052 0.982 0.099 0.980 0.938 
0.070 0.980 0.096 0.983 0.907 
0.066 0.979 0.114 0.975 0.950 
0.070 0.980 0.078 0.983 0.904 
0.045 0.985 0.140 0.970 0.944 
0.075 0.977 0.095 0.978 0.947 
0.066 0.977 0.098 0.983 0.938 
0.064 0.978 0.092 0.978 0.876 
0.051 0.983 0.094 0.978 0.916 
0.062 0.982 0.091 0.983 0.938 
0.047 0.982 0.102 0.980 0.932 
0.051 0.983 0.089 0.983 0.901 
0.052 0.983 0.119 0.980 0.944 
0.050 0.985 0.139 0.980 0.938 
0.061 0.981 0.064 0.980 0.761 
0.052 0.987 0.126 0.980 0.932 
0.067 0.982 0.093 0.980 0.919 
0.046 0.983 0.110 0.980 0.935 
0.057 0.982 0.128 0.975 0.950 
0.056 0.984 0.122 0.983 0.938 
0.064 0.979 0.086 0.983 0.873 
0.053 0.982 0.117 0.980 0.950 
0.052 0.981 0.121 0.983 0.944 
0.042 0.983 0.162 0.973 0.960 
0.056 0.982 0.086 0.980 0.938 
0.054 0.984 0.114 0.980 0.935 
0.047 0.984 0.103 0.980 0.938 
0.055 0.985 0.118 0.975 0.947 
0.054 0.986 0.103 0.980 0.938 
0.053 0.986 0.090 0.985 0.901 
0.053 0.983 0.121 0.975 0.938 
0.051 0.984 0.093 0.985 0.910 
0.061 0.980 0.102 0.978 0.938 
0.053 0.986 0.118 0.978 0.944 
0.059 0.980 0.085 0.983 0.904 
0.065 0.979 0.109 0.980 0.947 
0.044 0.987 0.086 0.983 0.935 
0.046 0.986 0.074 0.983 0.916 
0.050 0.985 0.107 0.983 0.941 
0.050 0.985 0.104 0.980 0.935 
0.045 0.987 0.137 0.978 0.950 
0.057 0.984 0.123 0.978 0.941 
0.049 0.986 0.131 0.980 0.944 
0.060 0.983 0.143 0.932 0.804 
0.069 0.978 0.074 0.983 0.925 
0.039 0.986 0.074 0.980 0.932 
0.055 0.986 0.088 0.983 0.938 
0.057 0.983 0.191 0.965 0.969 
0.045 0.986 0.123 0.980 0.944 
0.043 0.988 0.112 0.983 0.929 
0.046 0.988 0.102 0.983 0.919 
0.060 0.984 0.140 0.978 0.950 
0.062 0.977 0.078 0.983 0.935 
0.050 0.983 0.121 0.975 0.960 
0.044 0.986 0.116 0.983 0.960 
0.055 0.985 0.135 0.983 0.957 
0.051 0.986 0.077 0.983 0.910 
0.045 0.988 0.126 0.980 0.938 
0.060 0.983 0.150 0.978 0.966 
0.061 0.981 0.149 0.975 0.960 
0.047 0.988 0.194 0.973 0.925 
0.061 0.982 0.121 0.978 0.963 
0.048 0.987 0.138 0.980 0.960 
0.063 0.979 0.093 0.980 0.932 
0.039 0.990 0.190 0.975 0.969 
0.064 0.979 0.186 0.973 0.969 
0.048 0.982 0.104 0.983 0.932 
0.048 0.982 0.111 0.980 0.913 
0.048 0.980 0.340 0.963 0.957 
0.041 0.987 0.152 0.980 0.935 
0.052 0.981 0.137 0.980 0.947 
0.046 0.985 0.103 0.980 0.935 
0.046 0.987 0.087 0.980 0.938 
0.051 0.985 0.128 0.978 0.947 
0.051 0.985 0.075 0.980 0.935 
0.052 0.983 0.097 0.978 0.941 
0.049 0.985 0.089 0.980 0.941 
0.049 0.987 0.095 0.980 0.947 
0.060 0.982 0.077 0.983 0.919 
0.050 0.985 0.117 0.983 0.947 
0.049 0.984 0.095 0.980 0.941 
0.050 0.986 0.084 0.980 0.916 
0.045 0.989 0.148 0.980 0.953 
0.053 0.985 0.093 0.980 0.935 
0.049 0.985 0.135 0.975 0.960 
0.049 0.981 0.165 0.980 0.957 
0.058 0.983 0.107 0.983 0.944 
0.054 0.985 0.125 0.978 0.932 
0.045 0.988 0.170 0.980 0.941 
0.053 0.982 0.158 0.980 0.935 
0.041 0.989 0.150 0.980 0.941 
0.052 0.985 0.103 0.983 0.925 
0.044 0.985 0.133 0.953 0.854 
0.051 0.983 0.135 0.968 0.944 
0.050 0.985 0.179 0.983 0.932 
0.057 0.985 0.110 0.983 0.929 
0.049 0.986 0.123 0.975 0.950 
0.035 0.988 0.180 0.973 0.960 
0.048 0.987 0.081 0.983 0.904 
0.055 0.980 0.114 0.980 0.935 
0.056 0.981 0.096 0.983 0.929 
0.053 0.983 0.111 0.985 0.938 
0.039 0.988 0.128 0.985 0.941 
0.046 0.985 0.074 0.985 0.894 
0.058 0.984 0.195 0.973 0.969 
0.058 0.986 0.088 0.985 0.925 
0.041 0.987 0.113 0.980 0.929 
0.049 0.985 0.107 0.983 0.932 
0.041 0.989 0.082 0.983 0.888 
0.036 0.986 0.148 0.978 0.947 
0.056 0.984 0.160 0.978 0.944 
0.047 0.985 0.131 0.980 0.947 
0.056 0.985 0.119 0.980 0.932 
0.038 0.988 0.141 0.980 0.938 
0.041 0.986 0.117 0.980 0.929 
0.046 0.984 0.221 0.970 0.957 
0.038 0.988 0.183 0.973 0.947 
0.056 0.983 0.130 0.980 0.941 
0.046 0.984 0.145 0.983 0.938 
0.053 0.981 0.245 0.975 0.963 
0.057 0.983 0.106 0.985 0.913 
0.039 0.990 0.260 0.975 0.963 
0.041 0.988 0.091 0.978 0.929 
0.045 0.985 0.147 0.973 0.953 
0.037 0.987 0.171 0.980 0.957 
0.036 0.990 0.215 0.980 0.938 
0.047 0.980 0.215 0.973 0.925 
0.040 0.989 0.155 0.978 0.935 
0.049 0.984 0.096 0.980 0.891 
0.046 0.986 0.107 0.983 0.922 
0.035 0.988 0.419 0.970 0.950 
0.052 0.982 0.079 0.980 0.929 
0.037 0.986 0.260 0.975 0.960 
0.046 0.984 0.125 0.985 0.919 
0.041 0.990 0.160 0.983 0.910 
0.040 0.989 0.135 0.983 0.913 
0.043 0.986 0.156 0.983 0.938 
0.034 0.990 0.168 0.980 0.935 
0.052 0.985 0.116 0.978 0.932 
0.038 0.988 0.083 0.983 0.922 
0.050 0.986 0.217 0.980 0.941 
0.039 0.987 0.132 0.980 0.938 
0.043 0.988 0.164 0.980 0.925 
0.055 0.983 0.089 0.985 0.916 
0.046 0.988 0.254 0.973 0.960 
0.049 0.987 0.137 0.983 0.935 
0.047 0.985 0.102 0.983 0.907 
0.037 0.990 0.090 0.983 0.910 
0.046 0.984 0.113 0.983 0.935 
0.044 0.985 0.089 0.978 0.932 
0.034 0.990 0.136 0.985 0.944 
0.045 0.982 0.164 0.983 0.944 
0.043 0.987 0.198 0.980 0.944 
0.048 0.988 0.184 0.983 0.947 
0.038 0.986 0.249 0.980 0.960 
0.049 0.983 0.221 0.973 0.947 
0.047 0.984 0.209 0.980 0.938 
0.035 0.990 0.180 0.985 0.929 
0.039 0.987 0.112 0.983 0.882 
0.054 0.985 0.086 0.985 0.876 
0.056 0.983 0.210 0.985 0.950 
0.041 0.989 0.355 0.978 0.953 
0.036 0.988 0.257 0.978 0.947 
0.034 0.989 0.137 0.983 0.916 
0.050 0.983 0.147 0.980 0.925 
0.033 0.990 0.329 0.975 0.960 
0.060 0.981 0.431 0.978 0.953 
0.037 0.989 0.295 0.978 0.947 
0.055 0.983 0.150 0.980 0.916 
0.050 0.986 0.134 0.980 0.935 
0.037 0.988 0.389 0.980 0.960 
0.043 0.986 0.202 0.983 0.922 
0.046 0.985 0.105 0.980 0.919 
0.046 0.988 0.112 0.983 0.916 
0.043 0.985 0.582 0.945 0.972 
0.047 0.985 0.207 0.983 0.935 
0.045 0.987 0.224 0.980 0.932 
0.044 0.988 0.178 0.980 0.929 
0.065 0.982 0.102 0.975 0.938 
0.051 0.983 0.078 0.980 0.935 
0.040 0.986 0.093 0.980 0.941 
0.042 0.988 0.196 0.955 0.969 
0.042 0.985 0.224 0.978 0.963 
0.031 0.990 0.207 0.978 0.963 
0.041 0.988 0.158 0.983 0.957 
0.050 0.986 0.137 0.985 0.957 
0.045 0.986 0.160 0.983 0.957 
0.032 0.991 0.068 0.985 0.898 
0.057 0.981 0.194 0.973 0.963 
0.039 0.988 0.108 0.980 0.922 
0.053 0.985 0.097 0.983 0.938 
0.048 0.983 0.102 0.983 0.922 
0.034 0.989 0.088 0.983 0.913 
0.043 0.986 0.060 0.985 0.832 
0.045 0.984 0.127 0.980 0.938 
0.035 0.990 0.195 0.983 0.944 
0.043 0.989 0.192 0.985 0.932 
0.050 0.984 0.260 0.963 0.953 
0.035 0.988 0.238 0.968 0.966 
0.040 0.985 0.134 0.983 0.938 
0.047 0.988 0.139 0.983 0.851 
0.058 0.988 0.209 0.983 0.941 
0.049 0.986 0.267 0.983 0.957 
0.046 0.985 0.087 0.983 0.898 
0.056 0.985 0.235 0.975 0.957 
0.038 0.990 0.114 0.983 0.932 
0.036 0.989 0.162 0.980 0.947 
0.039 0.988 0.262 0.968 0.960 
0.033 0.990 0.242 0.973 0.947 
0.057 0.982 0.153 0.983 0.929 
0.038 0.988 0.204 0.973 0.957 
0.046 0.983 0.121 0.985 0.922 
0.041 0.990 0.135 0.985 0.938 
0.045 0.989 0.140 0.978 0.957 
0.039 0.986 0.154 0.970 0.957 
0.039 0.986 0.211 0.970 0.966 
0.045 0.986 0.159 0.975 0.950 
0.043 0.986 0.158 0.985 0.935 
0.042 0.986 0.141 0.983 0.944 
0.042 0.987 0.141 0.983 0.935 
0.045 0.985 0.172 0.983 0.935 
0.038 0.990 0.221 0.980 0.944 
0.025 0.992 0.307 0.980 0.947 
0.035 0.990 0.204 0.983 0.938 
0.042 0.987 0.135 0.980 0.860 
0.032 0.990 0.174 0.983 0.925 
0.051 0.987 0.205 0.980 0.950 
0.041 0.986 0.132 0.983 0.913 
0.035 0.987 0.363 0.978 0.960 
0.040 0.987 0.183 0.975 0.901 
0.046 0.983 0.272 0.980 0.957 
0.034 0.988 0.317 0.970 0.950 
0.047 0.983 0.103 0.983 0.882 
0.032 0.989 0.251 0.973 0.953 
0.039 0.988 0.250 0.973 0.950 
0.049 0.986 0.205 0.983 0.935 
0.034 0.985 0.411 0.963 0.972 
0.046 0.986 0.170 0.948 0.839 
0.053 0.986 0.548 0.963 0.978 
0.048 0.986 0.127 0.983 0.929 
0.049 0.985 0.149 0.985 0.935 
0.041 0.987 0.247 0.978 0.947 
0.038 0.990 0.073 0.980 0.913 
0.034 0.990 0.215 0.975 0.957 
0.042 0.988 0.211 0.970 0.950 
0.045 0.985 0.132 0.975 0.947 
0.030 0.989 0.078 0.983 0.913 
0.028 0.992 0.344 0.978 0.947 
0.036 0.987 0.185 0.978 0.932 
0.043 0.988 0.153 0.983 0.935 
0.043 0.988 0.219 0.980 0.957 
0.027 0.990 0.198 0.978 0.953 
0.045 0.985 0.157 0.980 0.941 
0.037 0.986 0.217 0.975 0.953 
0.041 0.990 0.155 0.975 0.950 
0.041 0.989 0.164 0.978 0.960 
0.039 0.990 0.192 0.983 0.960 
0.036 0.988 0.184 0.980 0.957 
0.040 0.989 0.136 0.983 0.944 
0.033 0.988 0.158 0.980 0.950 
0.033 0.988 0.151 0.985 0.944 
0.027 0.991 0.219 0.983 0.941 
0.052 0.986 0.225 0.978 0.935 
0.047 0.982 0.136 0.985 0.929 
0.037 0.985 0.167 0.985 0.944 
0.028 0.990 0.140 0.980 0.925 
0.046 0.985 0.161 0.983 0.935 
0.031 0.990 0.233 0.983 0.938 
0.049 0.986 0.188 0.983 0.938 
0.035 0.989 0.107 0.980 0.916 
0.041 0.990 0.271 0.970 0.969 
0.033 0.989 0.230 0.978 0.953 
0.029 0.989 0.252 0.980 0.950 
0.043 0.988 0.246 0.980 0.935 
0.030 0.990 0.137 0.975 0.944 
0.035 0.993 0.163 0.985 0.944 
0.048 0.985 0.176 0.988 0.941 
0.046 0.988 0.106 0.983 0.935 
0.034 0.990 0.258 0.963 0.972 
0.031 0.992 0.177 0.975 0.941 
0.047 0.985 0.133 0.983 0.938 
0.028 0.991 0.140 0.975 0.941 
0.036 0.990 0.107 0.983 0.932 
0.038 0.988 0.105 0.978 0.950 
0.047 0.987 0.099 0.983 0.944 
0.036 0.989 0.215 0.985 0.932 
0.044 0.987 0.174 0.980 0.953 
0.040 0.988 0.119 0.980 0.947 
0.038 0.984 0.130 0.983 0.950 
0.043 0.988 0.222 0.978 0.957 
0.031 0.989 0.191 0.988 0.941 
0.034 0.990 0.130 0.983 0.929 
0.035 0.988 0.260 0.978 0.944 
0.037 0.988 0.227 0.983 0.925 
0.041 0.987 0.141 0.985 0.916 
0.035 0.989 0.181 0.985 0.947 
0.036 0.991 0.234 0.985 0.944 
0.036 0.990 0.186 0.983 0.925 
0.041 0.986 0.140 0.983 0.950 
0.043 0.986 0.202 0.975 0.953 
0.033 0.986 0.109 0.980 0.935 
0.036 0.990 0.093 0.988 0.919 
0.029 0.992 0.206 0.983 0.941 
0.039 0.989 0.105 0.985 0.941 
0.035 0.989 0.137 0.983 0.932 
0.041 0.987 0.111 0.983 0.922 
0.040 0.988 0.128 0.985 0.929 
0.022 0.994 0.263 0.983 0.953 
0.035 0.986 0.152 0.985 0.953 
0.033 0.992 0.134 0.983 0.950 
0.031 0.990 0.088 0.980 0.932 
0.044 0.988 0.255 0.973 0.960 
0.046 0.988 0.124 0.985 0.938 
0.032 0.990 0.084 0.985 0.907 
0.044 0.988 0.126 0.980 0.894 
0.035 0.989 0.103 0.983 0.891 
0.036 0.992 0.076 0.983 0.910 
0.029 0.991 0.204 0.983 0.944 
0.041 0.985 0.112 0.983 0.932 
0.042 0.988 0.097 0.983 0.891 
0.043 0.988 0.196 0.983 0.950 
0.026 0.990 0.127 0.983 0.901 
0.038 0.985 0.210 0.983 0.932 
0.036 0.988 0.231 0.983 0.938 
0.036 0.989 0.189 0.988 0.941 
0.044 0.984 0.109 0.983 0.866 
0.048 0.989 0.119 0.983 0.925 
0.033 0.988 0.065 0.985 0.882 
0.037 0.988 0.172 0.968 0.963 
0.039 0.989 0.081 0.983 0.929 
0.026 0.993 0.139 0.983 0.941 
0.042 0.988 0.073 0.983 0.882 
0.038 0.987 0.090 0.980 0.919 
0.032 0.988 0.211 0.978 0.947 
0.041 0.989 0.113 0.983 0.925 
0.027 0.992 0.211 0.985 0.941 
0.037 0.989 0.260 0.983 0.932 
0.041 0.988 0.277 0.980 0.950 
0.035 0.989 0.232 0.983 0.944 
0.033 0.990 0.277 0.980 0.947 
0.032 0.991 0.376 0.980 0.953 
0.028 0.992 0.306 0.983 0.944 
0.049 0.983 0.325 0.978 0.957 
0.033 0.990 0.412 0.978 0.950 
0.030 0.990 0.171 0.983 0.922 
0.039 0.987 0.302 0.975 0.950 
0.033 0.988 0.151 0.985 0.938 
0.038 0.992 0.228 0.988 0.944 
0.032 0.990 0.230 0.985 0.935 
0.035 0.989 0.280 0.978 0.953 
0.046 0.988 0.236 0.978 0.957 
0.025 0.992 0.191 0.985 0.938 
0.035 0.988 0.105 0.988 0.922 
0.040 0.989 0.232 0.975 0.947 
0.041 0.986 0.222 0.978 0.947 
0.027 0.992 0.203 0.988 0.916 
0.053 0.988 0.240 0.978 0.944 
0.033 0.991 0.553 0.978 0.953 
0.023 0.993 0.239 0.988 0.938 
0.031 0.990 0.102 0.985 0.932 
0.039 0.987 0.213 0.978 0.947 
0.032 0.985 0.197 0.975 0.947 
0.038 0.986 0.067 0.985 0.894 
0.031 0.988 0.535 0.970 0.950 
0.025 0.992 0.149 0.985 0.922 
0.039 0.989 0.164 0.983 0.935 
0.032 0.992 0.185 0.985 0.919 
0.032 0.989 0.346 0.973 0.960 
0.043 0.988 0.516 0.980 0.960 
0.033 0.989 0.339 0.980 0.935 
0.030 0.990 0.456 0.975 0.953 
0.037 0.990 0.250 0.985 0.938 
0.052 0.986 0.270 0.970 0.953 
0.033 0.988 0.332 0.973 0.957 
0.042 0.987 0.106 0.983 0.929 
0.030 0.992 0.160 0.975 0.944 
0.022 0.992 0.314 0.975 0.938 
0.041 0.987 0.136 0.988 0.935 
0.034 0.986 0.105 0.985 0.919 
0.041 0.986 0.068 0.985 0.891 
0.035 0.988 0.109 0.983 0.941 
0.066 0.985 0.112 0.978 0.932 
0.025 0.993 0.099 0.978 0.935 
0.031 0.990 0.123 0.978 0.929 
0.037 0.988 0.172 0.980 0.938 
0.028 0.989 0.177 0.985 0.941 
0.033 0.990 0.194 0.978 0.947 
0.034 0.992 0.300 0.975 0.969 
0.031 0.989 0.185 0.980 0.941 
0.032 0.989 0.096 0.983 0.885 
0.015 0.994 0.236 0.980 0.950 
0.036 0.990 0.229 0.980 0.944 
0.031 0.990 0.124 0.985 0.932 
0.034 0.986 0.214 0.985 0.938 
0.037 0.991 0.276 0.978 0.941 
0.034 0.989 0.422 0.975 0.947 
0.037 0.987 0.071 0.983 0.938 
0.032 0.991 0.239 0.978 0.953 
0.025 0.993 0.100 0.985 0.919 
0.068 0.987 0.299 0.973 0.953 
0.026 0.992 0.123 0.985 0.925 
0.041 0.988 0.152 0.983 0.941 
0.045 0.986 0.211 0.983 0.950 
0.033 0.990 0.305 0.980 0.950 
0.027 0.992 0.146 0.980 0.925 
0.033 0.990 0.788 0.970 0.963 
0.032 0.989 0.576 0.973 0.957 
0.032 0.991 0.219 0.983 0.929 
0.025 0.991 0.319 0.980 0.947 
0.038 0.991 0.440 0.983 0.929 
0.032 0.989 0.266 0.983 0.916 
0.042 0.987 0.326 0.975 0.950 
0.039 0.986 0.222 0.978 0.947 
0.024 0.993 0.382 0.975 0.953 
0.036 0.989 0.300 0.988 0.944 
0.032 0.990 0.068 0.983 0.894 
0.032 0.988 0.082 0.983 0.888 
0.034 0.991 0.106 0.983 0.916 
0.032 0.990 0.209 0.983 0.944 
0.021 0.993 0.116 0.985 0.922 
0.030 0.989 0.231 0.980 0.947 
0.025 0.993 0.386 0.975 0.950 
0.038 0.990 0.196 0.985 0.929 
0.025 0.994 0.186 0.985 0.938 
0.020 0.993 0.343 0.985 0.932 
0.041 0.987 0.193 0.985 0.947 
0.033 0.988 0.245 0.983 0.963 
0.030 0.990 0.249 0.980 0.960 
0.036 0.989 0.190 0.983 0.938 
0.026 0.994 0.201 0.983 0.941 
0.030 0.991 0.216 0.973 0.957 
0.048 0.986 0.280 0.985 0.950 
0.028 0.989 0.326 0.988 0.925 
0.041 0.990 0.390 0.980 0.944 
0.026 0.990 0.403 0.985 0.941 
0.036 0.988 0.341 0.980 0.944 
0.030 0.993 0.520 0.980 0.969 
0.043 0.988 0.699 0.985 0.953 
0.036 0.990 0.317 0.980 0.925 
0.034 0.989 0.258 0.980 0.950 
0.037 0.989 0.386 0.973 0.966 
0.039 0.988 0.379 0.980 0.950 
0.030 0.993 0.299 0.983 0.941 
0.019 0.992 0.143 0.983 0.929 
0.035 0.989 0.329 0.970 0.950 
0.031 0.989 0.234 0.983 0.938 
0.033 0.988 0.155 0.983 0.916 
0.039 0.990 0.155 0.968 0.944 
0.038 0.989 0.281 0.968 0.960 
0.024 0.993 0.150 0.983 0.925 
0.041 0.990 0.222 0.985 0.944 
0.035 0.993 0.072 0.983 0.929 
0.032 0.989 0.119 0.985 0.944 
0.037 0.987 0.097 0.980 0.919 
0.033 0.989 0.071 0.983 0.919 
0.026 0.991 0.230 0.978 0.963 
0.041 0.988 0.072 0.980 0.894 
0.026 0.993 0.288 0.973 0.963 
0.023 0.992 0.182 0.983 0.941 
0.028 0.992 0.198 0.975 0.957 
0.034 0.989 0.283 0.980 0.947 
0.051 0.987 0.246 0.975 0.957 
0.035 0.989 0.190 0.983 0.944 
0.037 0.985 0.307 0.983 0.950 
0.033 0.989 0.263 0.983 0.944 
0.053 0.987 0.620 0.968 0.963 
0.036 0.990 0.419 0.973 0.953 
0.033 0.990 0.409 0.975 0.950 
0.023 0.992 0.388 0.975 0.953 
0.023 0.994 0.565 0.978 0.953 
0.025 0.989 0.657 0.973 0.960 
0.026 0.993 0.308 0.980 0.938 
0.032 0.989 0.387 0.975 0.957 
0.025 0.993 0.221 0.985 0.935 
0.025 0.991 0.385 0.980 0.960 
0.035 0.988 0.461 0.978 0.957 
0.052 0.991 0.475 0.985 0.947 
0.022 0.993 0.307 0.980 0.935 
0.039 0.989 0.363 0.983 0.950 
0.023 0.993 0.438 0.985 0.953 
0.019 0.993 0.521 0.975 0.950 
0.050 0.990 0.287 0.988 0.941 
0.041 0.988 0.149 0.985 0.916 
0.032 0.990 0.599 0.973 0.957 
0.029 0.992 0.382 0.983 0.935 
0.039 0.989 0.331 0.985 0.925 
0.044 0.989 0.153 0.985 0.916 
0.031 0.994 0.258 0.985 0.941 
0.027 0.992 0.230 0.988 0.935 
0.040 0.987 1.300 0.968 0.960 
0.041 0.988 0.428 0.983 0.944 
0.030 0.992 0.244 0.990 0.929 
0.029 0.990 0.356 0.980 0.944 
0.024 0.992 0.995 0.965 0.957 
0.040 0.989 0.482 0.980 0.950 
0.033 0.987 0.306 0.985 0.953 
0.026 0.990 0.413 0.975 0.960 
0.026 0.991 0.430 0.973 0.957 
0.027 0.993 0.345 0.983 0.935 
0.024 0.993 0.506 0.963 0.957 
0.038 0.989 0.333 0.980 0.947 
0.030 0.989 0.225 0.983 0.938 
0.033 0.990 0.324 0.980 0.938 
0.029 0.987 0.436 0.975 0.960 
0.028 0.990 0.408 0.983 0.929 
0.050 0.988 0.453 0.978 0.957 
0.043 0.987 0.312 0.985 0.950 
0.023 0.991 0.236 0.980 0.938 
0.041 0.989 0.505 0.980 0.947 
0.029 0.993 0.173 0.990 0.944 
0.032 0.989 0.225 0.983 0.941 
0.040 0.989 0.401 0.975 0.966 
0.028 0.992 0.141 0.990 0.919 
0.030 0.989 0.145 0.985 0.932 
0.038 0.989 0.097 0.985 0.932 
0.033 0.989 0.175 0.988 0.938 
0.037 0.986 0.264 0.975 0.950 
0.020 0.993 0.179 0.983 0.941 
0.024 0.993 0.237 0.983 0.950 
0.035 0.989 0.175 0.978 0.957 
0.023 0.993 0.291 0.980 0.950 
0.028 0.990 0.133 0.978 0.944 
0.036 0.987 0.191 0.988 0.941 
0.033 0.988 0.411 0.975 0.963 
0.026 0.992 0.249 0.980 0.935 
0.024 0.992 0.224 0.983 0.947 
0.042 0.988 0.219 0.983 0.950 
0.029 0.989 0.258 0.985 0.894 
0.040 0.988 0.479 0.978 0.953 
0.037 0.989 0.528 0.973 0.960 
0.030 0.991 0.685 0.975 0.960 
0.086 0.984 0.246 0.980 0.929 
0.057 0.988 0.394 0.975 0.960 
0.038 0.990 0.253 0.980 0.950 
0.028 0.995 0.171 0.983 0.935 
0.045 0.993 0.346 0.980 0.950 
0.023 0.991 0.347 0.975 0.957 
0.026 0.990 0.339 0.983 0.944 
0.027 0.990 0.301 0.983 0.944 
0.030 0.989 0.235 0.983 0.935 
0.029 0.992 0.283 0.983 0.932 
0.020 0.996 0.136 0.985 0.932 
0.026 0.991 0.188 0.978 0.944 
0.045 0.989 0.110 0.983 0.925 
0.040 0.990 0.288 0.980 0.950 
0.031 0.990 0.289 0.983 0.947 
0.026 0.992 0.111 0.988 0.901 
0.029 0.990 0.136 0.983 0.910 
0.032 0.990 0.117 0.985 0.904 
0.023 0.989 0.305 0.980 0.950 
0.048 0.986 0.367 0.958 0.957 
0.028 0.991 0.248 0.975 0.947 
0.034 0.990 0.240 0.985 0.944 
0.036 0.990 0.322 0.975 0.957 
0.025 0.992 0.219 0.975 0.953 
0.038 0.989 0.211 0.980 0.953 
0.027 0.992 0.190 0.980 0.950 
0.030 0.992 0.421 0.945 0.966 
0.034 0.990 0.149 0.980 0.935 
0.034 0.990 0.193 0.980 0.950 
0.019 0.996 0.504 0.968 0.966 
0.034 0.988 0.338 0.983 0.950 
0.026 0.992 0.387 0.980 0.953 
0.025 0.992 0.331 0.975 0.957 
0.023 0.993 0.449 0.978 0.947 
0.047 0.989 0.456 0.975 0.963 
0.031 0.990 0.615 0.975 0.963 
0.043 0.986 0.268 0.980 0.944 
0.026 0.993 0.273 0.975 0.960 
0.038 0.989 0.186 0.980 0.944 
0.029 0.990 0.306 0.960 0.966 
0.021 0.992 0.366 0.973 0.957 
0.018 0.993 0.155 0.985 0.910 
0.031 0.991 0.210 0.988 0.904 
0.032 0.992 0.454 0.978 0.953 
0.029 0.992 0.227 0.985 0.941 
0.037 0.990 0.282 0.978 0.947 
0.020 0.995 0.303 0.983 0.944 
0.035 0.993 0.376 0.983 0.938 
0.040 0.988 0.186 0.980 0.941 
0.035 0.987 0.206 0.983 0.947 
0.023 0.991 0.178 0.978 0.938 
0.026 0.992 0.221 0.975 0.947 
0.023 0.991 0.170 0.983 0.944 
0.033 0.988 0.192 0.980 0.950 
0.027 0.991 0.260 0.985 0.950 
0.037 0.990 0.213 0.988 0.935 
0.029 0.990 0.346 0.975 0.953 
0.023 0.993 0.223 0.978 0.944 
0.025 0.992 0.270 0.985 0.938 
0.028 0.993 0.325 0.970 0.966 
0.033 0.990 0.128 0.983 0.941 
0.033 0.992 0.075 0.985 0.882 
0.025 0.992 0.132 0.983 0.941 
0.036 0.988 0.147 0.978 0.957 
0.024 0.990 0.226 0.975 0.960 
0.032 0.992 0.081 0.983 0.901 
0.031 0.990 0.158 0.968 0.944 
0.042 0.990 0.197 0.978 0.953 
0.031 0.990 0.198 0.973 0.960 
0.035 0.990 0.157 0.975 0.947 
0.030 0.992 0.236 0.973 0.950 
0.028 0.989 0.214 0.985 0.950 
0.023 0.990 0.130 0.980 0.947 
0.039 0.991 0.126 0.978 0.941 
0.031 0.991 0.128 0.988 0.935 
0.020 0.991 0.208 0.980 0.966 
0.031 0.990 0.071 0.988 0.916 
0.023 0.995 0.113 0.988 0.919 
0.033 0.993 0.068 0.988 0.904 
0.025 0.992 0.128 0.983 0.910 
0.033 0.988 0.127 0.985 0.950 
0.034 0.990 0.124 0.983 0.932 
0.020 0.993 0.105 0.980 0.932 
0.030 0.990 0.110 0.980 0.938 
0.033 0.991 0.121 0.980 0.944 
0.026 0.992 0.149 0.978 0.947 
0.039 0.989 0.185 0.980 0.938 
0.031 0.989 0.249 0.975 0.953 
0.025 0.991 0.197 0.983 0.947 
0.031 0.991 0.180 0.988 0.941 
0.027 0.992 0.150 0.985 0.932 
0.029 0.990 0.178 0.975 0.947 
0.027 0.990 0.125 0.978 0.919 
0.028 0.992 0.259 0.978 0.944 
0.028 0.991 0.470 0.965 0.966 
0.031 0.989 0.216 0.985 0.935 
0.020 0.996 0.319 0.983 0.935 
0.021 0.993 0.219 0.988 0.929 
0.037 0.991 0.118 0.983 0.888 
0.022 0.992 0.129 0.983 0.929 
0.019 0.993 0.263 0.978 0.947 
0.028 0.992 0.305 0.983 0.938 
0.032 0.989 0.462 0.980 0.950 
0.033 0.990 0.568 0.980 0.947 
0.027 0.992 0.349 0.983 0.941 
0.037 0.989 0.378 0.983 0.944 
0.028 0.991 0.394 0.980 0.932 
0.033 0.991 0.205 0.978 0.947 
0.018 0.992 0.479 0.975 0.953 
0.033 0.990 0.332 0.985 0.938 
0.036 0.990 0.306 0.980 0.935 
0.036 0.992 0.312 0.985 0.935 
0.030 0.988 0.885 0.975 0.963 
0.033 0.993 0.278 0.980 0.947 
0.044 0.989 0.286 0.983 0.935 
0.025 0.993 0.237 0.988 0.904 
0.033 0.989 0.921 0.978 0.960 
0.023 0.992 0.466 0.980 0.950 
0.037 0.990 0.371 0.983 0.950 
0.025 0.993 0.776 0.973 0.972 
0.022 0.990 0.460 0.983 0.944 
0.025 0.990 0.503 0.983 0.947 
0.025 0.992 0.656 0.978 0.960 
0.034 0.989 0.265 0.985 0.938 
0.019 0.993 0.446 0.978 0.944 
0.033 0.992 0.988 0.970 0.966 
0.028 0.992 0.592 0.978 0.957 
0.027 0.994 0.311 0.985 0.901 
0.042 0.987 0.527 0.985 0.944 
0.038 0.990 0.467 0.980 0.950 
0.021 0.994 0.245 0.983 0.910 
0.037 0.990 0.315 0.980 0.950 
0.031 0.990 0.259 0.980 0.941 
0.029 0.990 0.283 0.975 0.944 
0.029 0.993 0.087 0.983 0.885 
0.034 0.988 0.290 0.980 0.953 
0.028 0.994 0.204 0.978 0.935 
0.028 0.989 0.112 0.985 0.929 
0.029 0.989 0.313 0.975 0.947 
0.035 0.989 0.303 0.980 0.950 
0.033 0.989 0.295 0.980 0.938 
0.021 0.993 0.234 0.983 0.925 
0.023 0.993 0.438 0.985 0.944 
0.035 0.990 0.552 0.980 0.941 
0.034 0.990 0.410 0.983 0.947 
0.027 0.992 0.914 0.980 0.960 
0.043 0.990 0.641 0.980 0.963 
0.029 0.995 0.403 0.983 0.938 
0.038 0.990 0.291 0.983 0.894 
0.029 0.991 0.316 0.985 0.938 
0.030 0.990 0.461 0.983 0.944 
0.041 0.989 0.479 0.975 0.950 
0.019 0.994 0.708 0.978 0.957 
0.033 0.991 0.445 0.983 0.957 
0.029 0.990 0.548 0.958 0.966 
0.020 0.993 0.399 0.973 0.950 
0.026 0.990 0.126 0.988 0.916 
0.036 0.992 0.386 0.978 0.947 
0.028 0.992 0.149 0.985 0.894 
0.035 0.990 0.483 0.968 0.960 
0.024 0.994 0.773 0.978 0.966 
0.031 0.992 0.959 0.973 0.963 
0.017 0.993 0.607 0.985 0.941 
0.046 0.991 0.430 0.973 0.963 
0.031 0.990 0.386 0.978 0.953 
0.027 0.991 0.627 0.975 0.963 
0.025 0.995 0.369 0.975 0.941 
0.022 0.993 0.466 0.978 0.950 
0.025 0.993 0.269 0.978 0.947 
0.024 0.992 0.538 0.978 0.953 
0.030 0.992 0.273 0.985 0.910 
0.052 0.989 0.177 0.985 0.941 
0.032 0.991 0.416 0.973 0.969 
0.023 0.992 0.332 0.980 0.935 
0.034 0.991 0.250 0.978 0.938 
0.020 0.993 0.334 0.978 0.947 
0.023 0.993 0.253 0.983 0.929 
0.021 0.993 0.217 0.985 0.935 
0.025 0.992 0.413 0.973 0.957 
0.030 0.989 0.362 0.978 0.938 
0.037 0.988 0.140 0.985 0.916 
0.027 0.992 0.188 0.985 0.925 
0.026 0.990 0.253 0.978 0.947 
0.035 0.989 0.318 0.978 0.947 
0.022 0.993 0.216 0.978 0.944 
0.014 0.994 0.226 0.983 0.941 
0.029 0.990 0.254 0.975 0.953 
0.031 0.990 0.276 0.983 0.947 
0.030 0.990 0.184 0.978 0.947 
0.026 0.989 0.304 0.975 0.953 
0.033 0.987 0.147 0.980 0.944 
0.027 0.990 0.264 0.978 0.950 
0.032 0.989 0.409 0.975 0.966 
0.030 0.989 0.263 0.978 0.938 
0.049 0.992 0.199 0.983 0.919 
0.033 0.989 0.321 0.980 0.947 
0.032 0.990 0.303 0.978 0.947 
0.031 0.992 0.230 0.983 0.941 
0.028 0.991 0.299 0.983 0.938 
0.039 0.987 0.323 0.983 0.957 
0.024 0.992 0.233 0.985 0.944 
0.027 0.992 0.266 0.980 0.957 
0.022 0.993 0.546 0.960 0.966 
0.032 0.990 0.140 0.985 0.941 
0.025 0.994 0.233 0.980 0.950 
0.018 0.993 0.168 0.988 0.938 
0.027 0.995 0.329 0.973 0.966 
0.022 0.993 0.402 0.978 0.963 
0.026 0.992 0.104 0.985 0.935 
0.036 0.990 0.142 0.983 0.907 
0.045 0.990 0.135 0.985 0.891 
0.029 0.989 0.276 0.983 0.938 
0.026 0.992 0.345 0.965 0.963 
0.030 0.989 0.121 0.983 0.910 
0.033 0.989 0.136 0.983 0.929 
0.035 0.993 0.343 0.968 0.953 
0.030 0.989 0.223 0.985 0.938 
0.021 0.993 0.444 0.975 0.960 
0.034 0.990 0.260 0.975 0.950 
0.022 0.993 0.110 0.983 0.916 
0.025 0.993 0.224 0.975 0.957 
0.026 0.993 0.173 0.983 0.932 
0.039 0.990 0.228 0.980 0.941 
0.029 0.993 0.176 0.978 0.938 
0.035 0.992 0.274 0.973 0.960 
0.019 0.995 0.315 0.978 0.947 
0.016 0.995 0.513 0.965 0.963 
0.031 0.990 0.337 0.978 0.950 
0.028 0.992 0.709 0.943 0.969 
0.036 0.992 0.329 0.985 0.941 
0.035 0.987 0.197 0.988 0.932 
0.031 0.990 0.255 0.985 0.929 
0.037 0.986 0.302 0.973 0.947 
0.020 0.993 0.484 0.958 0.969 
0.037 0.990 0.232 0.983 0.935 
0.022 0.994 0.178 0.980 0.922 
0.029 0.988 0.498 0.965 0.975 
0.047 0.990 0.733 0.965 0.975 
0.015 0.995 0.387 0.983 0.935 
0.031 0.990 0.330 0.968 0.957 
0.029 0.992 0.358 0.985 0.950 
0.022 0.993 0.359 0.983 0.929 
0.031 0.992 0.442 0.983 0.953 
0.024 0.993 0.375 0.985 0.944 
0.018 0.994 0.377 0.985 0.947 
0.026 0.992 0.324 0.985 0.944 
0.015 0.993 0.292 0.985 0.935 
0.019 0.995 0.405 0.978 0.963 
0.045 0.989 0.277 0.970 0.957 
0.024 0.992 0.205 0.983 0.938 
0.058 0.986 0.181 0.968 0.944 
0.032 0.992 0.173 0.975 0.932 
0.032 0.990 0.246 0.978 0.957 
0.029 0.990 0.306 0.973 0.960 
0.019 0.993 0.168 0.985 0.935 
0.021 0.992 0.190 0.985 0.938 
0.026 0.992 0.322 0.983 0.957 
0.028 0.991 0.412 0.963 0.963 
0.033 0.989 0.245 0.985 0.944 
0.021 0.993 0.223 0.983 0.941 
0.017 0.992 0.294 0.985 0.922 
0.030 0.995 0.279 0.980 0.960 
0.027 0.990 0.159 0.985 0.919 
0.020 0.993 0.283 0.978 0.960 
0.019 0.994 0.350 0.973 0.957 
0.031 0.990 0.154 0.978 0.929 
0.033 0.989 0.117 0.978 0.860 
0.029 0.990 0.312 0.970 0.966 
0.024 0.992 0.141 0.973 0.941 
0.021 0.995 0.084 0.980 0.860 
0.025 0.991 0.317 0.978 0.953 
0.039 0.989 0.336 0.978 0.957 
0.049 0.990 0.392 0.983 0.932 
0.028 0.991 0.499 0.978 0.944 
0.027 0.989 0.293 0.983 0.907 
0.032 0.992 0.510 0.980 0.941 
0.024 0.995 0.377 0.988 0.932 
0.031 0.992 0.259 0.983 0.882 
0.021 0.991 0.407 0.983 0.938 
0.025 0.992 0.187 0.985 0.919 
0.028 0.991 0.309 0.985 0.929 
0.021 0.993 0.473 0.985 0.935 
0.029 0.992 0.425 0.985 0.932 
0.030 0.989 0.635 0.975 0.969 
0.034 0.993 0.364 0.983 0.944 
0.021 0.993 0.621 0.988 0.938 
0.026 0.992 0.580 0.978 0.957 
0.022 0.995 0.390 0.983 0.935 
0.017 0.995 0.456 0.985 0.941 
0.032 0.989 0.668 0.978 0.953 
0.030 0.992 0.830 0.943 0.975 
0.034 0.989 0.422 0.980 0.941 
0.028 0.992 1.329 0.980 0.944 
0.019 0.995 0.351 0.985 0.922 
0.027 0.995 0.683 0.968 0.960 
0.039 0.990 0.225 0.985 0.947 
0.025 0.993 0.246 0.978 0.938 
0.023 0.991 0.168 0.983 0.916 
0.045 0.987 0.152 0.983 0.935 
0.022 0.995 0.096 0.985 0.913 
0.023 0.995 0.178 0.983 0.922 
0.033 0.990 0.351 0.985 0.932 
0.032 0.992 0.114 0.988 0.929 
0.022 0.994 0.340 0.965 0.963 
0.026 0.990 0.419 0.975 0.957 
0.043 0.987 0.314 0.980 0.957 
0.026 0.990 0.235 0.980 0.944 
0.028 0.990 0.336 0.975 0.966 
0.020 0.993 0.213 0.985 0.929 
0.031 0.989 0.345 0.978 0.944 
0.021 0.994 0.326 0.975 0.932 
0.014 0.997 0.209 0.988 0.913 
0.063 0.987 0.454 0.980 0.944 
0.033 0.991 0.327 0.978 0.941 
0.022 0.995 0.304 0.983 0.913 
0.026 0.990 0.368 0.975 0.957 
0.039 0.988 0.137 0.980 0.929 
0.025 0.992 0.373 0.975 0.969 
0.020 0.995 0.247 0.978 0.935 
0.024 0.991 0.171 0.985 0.935 
0.020 0.990 0.137 0.985 0.938 
0.021 0.992 0.097 0.980 0.907 
0.026 0.992 0.165 0.983 0.919 
0.024 0.995 0.168 0.980 0.941 
0.033 0.992 0.074 0.983 0.888 
0.032 0.990 0.373 0.978 0.957 
0.025 0.993 0.208 0.985 0.935 
0.025 0.992 0.363 0.983 0.957 
0.016 0.995 0.411 0.983 0.916 
0.018 0.995 0.473 0.973 0.953 
