0.265 0.904 0.145 0.938 1.000 
0.159 0.948 0.158 0.943 1.000 
0.124 0.959 0.130 0.965 1.000 
0.112 0.964 0.131 0.960 1.000 
0.099 0.968 0.084 0.975 1.000 
0.100 0.970 0.109 0.958 1.000 
0.101 0.966 0.101 0.985 1.000 
0.088 0.968 0.092 0.965 1.000 
0.086 0.974 0.078 0.980 1.000 
0.095 0.972 0.078 0.983 1.000 
0.078 0.977 0.079 0.980 1.000 
0.065 0.983 0.073 0.985 1.000 
0.061 0.981 0.093 0.970 1.000 
0.062 0.977 0.067 0.975 1.000 
0.064 0.981 0.093 0.965 1.000 
0.062 0.982 0.110 0.958 1.000 
0.071 0.979 0.105 0.975 1.000 
0.058 0.980 0.049 0.985 1.000 
0.064 0.980 0.049 0.990 1.000 
0.069 0.981 0.122 0.960 1.000 
0.061 0.984 0.090 0.970 0.989 
0.068 0.976 0.052 0.985 0.929 
0.055 0.985 0.101 0.970 1.000 
0.051 0.985 0.055 0.985 1.000 
0.063 0.983 0.062 0.990 1.000 
0.062 0.983 0.055 0.988 1.000 
0.053 0.985 0.098 0.960 1.000 
0.050 0.983 0.072 0.978 1.000 
0.041 0.986 0.054 0.988 1.000 
0.043 0.986 0.053 0.990 1.000 
0.052 0.988 0.058 0.988 1.000 
0.059 0.985 0.079 0.988 1.000 
0.058 0.983 0.058 0.975 0.989 
0.047 0.985 0.062 0.978 1.000 
0.045 0.986 0.055 0.988 1.000 
0.038 0.989 0.055 0.990 1.000 
0.042 0.987 0.088 0.968 1.000 
0.037 0.989 0.046 0.990 1.000 
0.043 0.985 0.058 0.978 1.000 
0.048 0.988 0.066 0.990 1.000 
0.041 0.988 0.050 0.988 1.000 
0.049 0.986 0.056 0.988 1.000 
0.050 0.986 0.054 0.985 1.000 
0.042 0.988 0.069 0.988 1.000 
0.047 0.989 0.049 0.988 1.000 
0.042 0.988 0.070 0.985 1.000 
0.045 0.989 0.061 0.988 1.000 
0.052 0.985 0.057 0.988 1.000 
0.053 0.986 0.075 0.990 1.000 
0.037 0.989 0.054 0.988 0.992 
0.051 0.984 0.064 0.988 1.000 
0.036 0.988 0.060 0.978 1.000 
0.039 0.988 0.072 0.980 1.000 
0.037 0.990 0.067 0.975 1.000 
0.050 0.988 0.059 0.983 1.000 
0.047 0.990 0.077 0.975 1.000 
0.042 0.989 0.053 0.988 1.000 
0.048 0.988 0.063 0.980 1.000 
0.057 0.985 0.078 0.975 1.000 
0.041 0.989 0.074 0.978 1.000 
0.031 0.992 0.051 0.983 0.996 
0.046 0.986 0.049 0.988 1.000 
0.051 0.989 0.074 0.978 1.000 
0.041 0.988 0.053 0.988 1.000 
0.026 0.993 0.044 0.990 1.000 
0.029 0.992 0.046 0.988 1.000 
0.039 0.989 0.058 0.980 0.974 
0.042 0.988 0.057 0.980 0.966 
0.037 0.989 0.043 0.988 0.955 
0.054 0.985 0.043 0.988 0.789 
0.042 0.988 0.046 0.990 0.459 
0.032 0.993 0.046 0.985 0.996 
0.039 0.991 0.055 0.990 1.000 
0.036 0.990 0.045 0.988 1.000 
0.034 0.991 0.055 0.990 1.000 
0.039 0.986 0.048 0.990 0.985 
0.032 0.990 0.067 0.980 0.801 
0.045 0.989 0.044 0.993 1.000 
0.037 0.991 0.072 0.983 1.000 
0.037 0.992 0.060 0.988 1.000 
0.032 0.990 0.057 0.983 0.929 
0.041 0.992 0.058 0.978 1.000 
0.032 0.993 0.048 0.990 0.989 
0.042 0.990 0.089 0.965 0.985 
0.050 0.988 0.077 0.980 1.000 
0.034 0.992 0.059 0.988 1.000 
0.034 0.992 0.048 0.990 1.000 
0.035 0.993 0.041 0.988 0.977 
0.037 0.991 0.038 0.993 1.000 
0.032 0.992 0.070 0.983 0.985 
0.041 0.990 0.063 0.983 1.000 
0.049 0.989 0.065 0.978 1.000 
0.031 0.991 0.053 0.985 1.000 
0.033 0.993 0.050 0.988 1.000 
0.042 0.992 0.047 0.990 1.000 
0.038 0.990 0.040 0.990 1.000 
0.035 0.991 0.044 0.990 1.000 
0.036 0.989 0.058 0.978 1.000 
0.040 0.992 0.054 0.980 1.000 
0.037 0.992 0.051 0.990 1.000 
0.034 0.992 0.060 0.980 1.000 
0.034 0.994 0.075 0.978 1.000 
0.034 0.993 0.046 0.990 1.000 
0.025 0.994 0.043 0.988 1.000 
0.028 0.994 0.053 0.983 1.000 
0.023 0.996 0.050 0.988 1.000 
0.025 0.994 0.115 0.958 1.000 
0.044 0.992 0.054 0.985 1.000 
0.033 0.991 0.039 0.988 1.000 
0.034 0.988 0.042 0.988 1.000 
0.036 0.992 0.044 0.990 1.000 
0.031 0.993 0.038 0.993 1.000 
0.034 0.991 0.046 0.993 1.000 
0.033 0.990 0.039 0.990 1.000 
0.031 0.993 0.050 0.980 1.000 
0.036 0.992 0.044 0.990 1.000 
0.025 0.993 0.041 0.990 1.000 
0.032 0.990 0.047 0.990 1.000 
0.029 0.991 0.042 0.990 1.000 
0.031 0.993 0.044 0.990 1.000 
0.034 0.992 0.043 0.993 1.000 
0.022 0.994 0.043 0.988 1.000 
0.026 0.993 0.071 0.975 1.000 
0.025 0.996 0.040 0.993 1.000 
0.030 0.992 0.096 0.965 0.812 
0.035 0.992 0.061 0.980 1.000 
0.043 0.988 0.054 0.983 1.000 
0.036 0.991 0.064 0.983 1.000 
0.026 0.994 0.042 0.990 1.000 
0.034 0.989 0.075 0.973 1.000 
0.031 0.993 0.077 0.975 1.000 
0.033 0.992 0.066 0.990 1.000 
0.027 0.995 0.086 0.973 0.996 
0.032 0.992 0.051 0.988 1.000 
0.032 0.990 0.043 0.988 1.000 
0.028 0.994 0.035 0.990 1.000 
0.030 0.992 0.062 0.983 1.000 
0.027 0.991 0.056 0.985 1.000 
0.029 0.993 0.057 0.978 1.000 
0.032 0.992 0.071 0.973 1.000 
0.028 0.993 0.052 0.988 1.000 
0.033 0.993 0.049 0.985 1.000 
0.048 0.989 0.055 0.980 1.000 
0.028 0.993 0.126 0.935 1.000 
0.028 0.993 0.046 0.988 1.000 
0.031 0.991 0.053 0.980 1.000 
0.029 0.992 0.051 0.978 1.000 
0.031 0.992 0.042 0.990 1.000 
0.027 0.993 0.054 0.988 1.000 
0.048 0.989 0.047 0.990 0.989 
0.032 0.990 0.062 0.983 0.951 
0.028 0.993 0.036 0.988 1.000 
0.028 0.994 0.040 0.988 1.000 
0.019 0.995 0.054 0.980 0.996 
0.029 0.994 0.040 0.990 0.996 
0.040 0.990 0.058 0.980 0.992 
0.035 0.990 0.051 0.983 0.883 
0.025 0.992 0.049 0.990 1.000 
0.028 0.992 0.040 0.990 1.000 
0.027 0.993 0.058 0.990 1.000 
0.027 0.994 0.052 0.988 1.000 
0.023 0.996 0.092 0.975 1.000 
0.029 0.993 0.059 0.980 0.951 
0.041 0.991 0.052 0.990 0.496 
0.042 0.990 0.041 0.990 0.252 
0.024 0.993 0.062 0.988 1.000 
0.025 0.993 0.050 0.990 1.000 
0.028 0.992 0.050 0.990 1.000 
0.030 0.993 0.051 0.990 0.947 
0.031 0.990 0.049 0.988 0.165 
0.024 0.994 0.050 0.990 1.000 
0.030 0.991 0.080 0.973 1.000 
0.038 0.989 0.036 0.990 0.977 
0.028 0.992 0.039 0.990 1.000 
0.036 0.990 0.066 0.983 1.000 
0.028 0.992 0.068 0.980 1.000 
0.024 0.992 0.037 0.988 0.996 
0.033 0.994 0.034 0.993 0.180 
0.030 0.993 0.065 0.983 1.000 
0.032 0.988 0.076 0.978 1.000 
0.030 0.992 0.057 0.983 1.000 
0.029 0.992 0.051 0.990 1.000 
0.023 0.995 0.057 0.980 1.000 
0.025 0.992 0.102 0.958 1.000 
0.028 0.991 0.046 0.990 1.000 
0.023 0.995 0.055 0.980 1.000 
0.022 0.993 0.053 0.980 0.992 
0.030 0.991 0.046 0.990 0.992 
0.025 0.994 0.041 0.988 0.970 
0.030 0.992 0.058 0.978 0.842 
0.021 0.993 0.044 0.990 0.267 
0.025 0.993 0.054 0.983 0.989 
0.023 0.995 0.107 0.975 1.000 
0.025 0.992 0.059 0.988 1.000 
0.029 0.990 0.049 0.990 0.985 
0.022 0.993 0.074 0.983 1.000 
0.032 0.990 0.055 0.980 0.970 
0.026 0.995 0.043 0.990 0.680 
0.039 0.992 0.040 0.988 1.000 
0.033 0.992 0.054 0.990 1.000 
0.021 0.994 0.047 0.990 0.094 
0.023 0.992 0.072 0.980 1.000 
0.023 0.996 0.047 0.990 1.000 
0.024 0.996 0.046 0.990 0.996 
0.021 0.995 0.047 0.990 1.000 
0.027 0.993 0.054 0.988 1.000 
0.038 0.988 0.059 0.980 1.000 
0.027 0.994 0.040 0.988 1.000 
0.022 0.995 0.049 0.990 1.000 
0.022 0.994 0.042 0.990 1.000 
0.023 0.993 0.076 0.978 0.203 
0.024 0.992 0.055 0.988 0.808 
0.029 0.994 0.039 0.990 0.218 
0.031 0.993 0.083 0.983 1.000 
0.028 0.992 0.051 0.983 0.992 
0.022 0.993 0.047 0.983 0.842 
0.022 0.994 0.062 0.980 0.440 
0.025 0.993 0.046 0.990 1.000 
0.025 0.993 0.048 0.988 0.120 
0.032 0.993 0.066 0.980 0.962 
0.035 0.990 0.075 0.980 0.421 
0.024 0.995 0.079 0.978 0.962 
0.029 0.993 0.043 0.993 0.996 
0.025 0.994 0.044 0.988 0.857 
0.030 0.992 0.080 0.975 0.462 
0.027 0.993 0.050 0.990 0.000 
0.026 0.993 0.046 0.990 0.135 
0.019 0.996 0.071 0.978 0.947 
0.031 0.990 0.053 0.993 0.109 
0.022 0.996 0.060 0.983 0.064 
0.032 0.990 0.054 0.990 0.000 
0.021 0.995 0.048 0.990 0.752 
0.035 0.992 0.058 0.990 0.079 
0.022 0.994 0.050 0.988 0.914 
0.026 0.993 0.052 0.988 0.744 
0.030 0.993 0.045 0.980 0.538 
0.025 0.993 0.064 0.978 0.004 
0.027 0.994 0.057 0.980 0.718 
0.022 0.995 0.061 0.985 0.083 
0.032 0.993 0.036 0.990 0.004 
0.021 0.993 0.038 0.988 0.083 
0.025 0.993 0.042 0.990 0.605 
0.021 0.993 0.090 0.980 0.263 
0.021 0.995 0.037 0.988 0.556 
0.018 0.994 0.108 0.965 0.496 
0.030 0.993 0.088 0.970 0.376 
0.026 0.993 0.092 0.973 0.797 
0.025 0.993 0.045 0.990 0.511 
0.023 0.995 0.032 0.993 0.000 
0.023 0.993 0.041 0.990 0.248 
0.021 0.992 0.043 0.993 0.004 
0.040 0.992 0.047 0.988 0.816 
0.031 0.993 0.066 0.980 1.000 
0.021 0.994 0.039 0.988 1.000 
0.019 0.994 0.035 0.993 0.669 
0.025 0.993 0.067 0.975 0.996 
0.029 0.993 0.068 0.983 0.996 
0.035 0.992 0.070 0.983 0.977 
0.022 0.993 0.060 0.983 0.996 
0.023 0.992 0.047 0.985 0.571 
0.017 0.995 0.048 0.983 0.688 
0.031 0.992 0.053 0.980 0.192 
0.020 0.996 0.048 0.985 0.395 
0.044 0.992 0.077 0.978 0.786 
0.027 0.993 0.063 0.980 0.489 
0.016 0.996 0.048 0.990 0.282 
0.025 0.994 0.080 0.975 1.000 
0.020 0.994 0.103 0.960 0.977 
0.027 0.990 0.054 0.980 1.000 
0.025 0.995 0.074 0.978 1.000 
0.016 0.995 0.056 0.980 1.000 
0.024 0.995 0.102 0.960 0.932 
0.017 0.994 0.091 0.978 0.970 
0.023 0.992 0.046 0.985 0.865 
0.032 0.994 0.050 0.983 1.000 
0.023 0.994 0.054 0.983 1.000 
0.019 0.994 0.076 0.980 0.053 
0.024 0.993 0.052 0.983 0.977 
0.014 0.995 0.089 0.968 1.000 
0.017 0.995 0.044 0.988 1.000 
0.016 0.995 0.089 0.975 0.925 
0.021 0.993 0.059 0.980 0.992 
0.023 0.995 0.063 0.983 1.000 
0.022 0.994 0.058 0.978 0.996 
0.026 0.993 0.062 0.990 0.925 
0.018 0.996 0.037 0.995 0.917 
0.025 0.995 0.057 0.985 0.876 
0.028 0.992 0.062 0.983 0.996 
0.021 0.996 0.044 0.983 0.959 
0.025 0.992 0.039 0.990 0.974 
0.024 0.994 0.042 0.988 0.857 
0.017 0.995 0.122 0.975 0.996 
0.031 0.990 0.080 0.983 1.000 
0.026 0.995 0.101 0.975 0.959 
0.027 0.993 0.081 0.983 0.974 
0.024 0.994 0.048 0.990 1.000 
0.034 0.993 0.055 0.988 1.000 
0.034 0.992 0.072 0.980 0.594 
0.018 0.996 0.075 0.983 0.936 
0.015 0.996 0.050 0.990 0.444 
0.021 0.995 0.049 0.990 0.274 
0.027 0.992 0.058 0.983 0.977 
0.018 0.996 0.078 0.980 1.000 
0.020 0.994 0.053 0.983 1.000 
0.024 0.992 0.057 0.983 1.000 
0.014 0.996 0.118 0.958 0.996 
0.024 0.995 0.056 0.980 1.000 
0.019 0.994 0.046 0.993 1.000 
0.020 0.993 0.081 0.975 0.398 
0.024 0.994 0.062 0.983 0.635 
0.024 0.993 0.046 0.990 1.000 
0.021 0.995 0.073 0.983 0.556 
0.035 0.992 0.064 0.980 0.643 
0.030 0.992 0.056 0.983 0.835 
0.015 0.995 0.068 0.983 0.000 
0.021 0.993 0.039 0.988 1.000 
0.017 0.995 0.047 0.985 0.075 
0.020 0.995 0.067 0.980 0.195 
0.015 0.993 0.308 0.973 0.008 
0.037 0.993 0.054 0.988 0.015 
0.023 0.995 0.153 0.973 0.128 
0.024 0.993 0.079 0.990 0.985 
0.025 0.995 0.087 0.983 0.000 
0.018 0.996 0.072 0.983 0.000 
0.030 0.990 0.030 0.993 0.000 
0.020 0.993 0.041 0.993 0.496 
0.025 0.993 0.039 0.993 0.004 
0.041 0.991 0.162 0.978 0.218 
0.038 0.991 0.053 0.983 0.248 
0.025 0.994 0.051 0.993 0.000 
0.020 0.995 0.149 0.958 0.970 
0.026 0.994 0.057 0.993 0.135 
0.013 0.995 0.053 0.990 0.000 
0.033 0.991 0.056 0.993 0.211 
0.035 0.992 0.101 0.970 0.917 
0.020 0.993 0.051 0.983 0.214 
0.017 0.995 0.075 0.980 0.128 
0.023 0.994 0.058 0.983 0.000 
0.019 0.994 0.053 0.983 0.004 
0.023 0.992 0.051 0.983 0.917 
0.015 0.995 0.084 0.983 0.594 
0.027 0.995 0.055 0.980 1.000 
0.031 0.991 0.040 0.993 0.286 
0.017 0.993 0.045 0.990 0.094 
0.017 0.995 0.068 0.983 0.000 
0.012 0.997 0.056 0.990 0.011 
0.038 0.994 0.093 0.973 0.992 
0.016 0.995 0.052 0.980 0.090 
0.026 0.993 0.058 0.983 0.376 
0.020 0.995 0.055 0.983 0.000 
0.020 0.995 0.038 0.988 0.669 
0.037 0.993 0.082 0.983 0.842 
0.023 0.993 0.079 0.983 0.857 
0.015 0.996 0.055 0.985 0.199 
0.023 0.992 0.078 0.983 0.932 
0.009 0.996 0.084 0.983 0.989 
0.021 0.995 0.047 0.983 0.868 
0.032 0.993 0.072 0.978 0.989 
0.025 0.991 0.041 0.993 0.549 
0.022 0.995 0.051 0.983 0.996 
0.031 0.993 0.063 0.983 0.996 
0.021 0.995 0.091 0.983 0.996 
0.015 0.995 0.100 0.978 1.000 
0.016 0.995 0.078 0.988 0.605 
0.028 0.995 0.122 0.975 1.000 
0.030 0.992 0.069 0.980 0.996 
0.034 0.993 0.043 0.993 1.000 
0.025 0.993 0.048 0.993 1.000 
0.022 0.993 0.061 0.985 0.992 
0.028 0.995 0.047 0.990 1.000 
0.026 0.992 0.038 0.988 1.000 
0.026 0.992 0.067 0.978 1.000 
0.017 0.995 0.060 0.985 0.515 
0.023 0.995 0.068 0.983 0.992 
0.015 0.996 0.053 0.983 1.000 
0.024 0.994 0.044 0.993 0.876 
0.016 0.995 0.107 0.983 0.079 
0.026 0.992 0.051 0.985 0.977 
0.017 0.996 0.058 0.983 1.000 
0.016 0.995 0.042 0.993 0.996 
0.018 0.994 0.065 0.980 0.989 
0.020 0.993 0.054 0.988 0.519 
0.019 0.995 0.050 0.985 1.000 
0.023 0.993 0.050 0.983 0.996 
0.018 0.996 0.041 0.990 0.398 
0.013 0.996 0.080 0.985 1.000 
0.024 0.993 0.088 0.980 0.962 
0.018 0.994 0.041 0.990 0.237 
0.024 0.993 0.038 0.990 1.000 
0.024 0.992 0.055 0.980 1.000 
0.023 0.993 0.038 0.990 1.000 
0.018 0.995 0.036 0.993 0.338 
0.020 0.994 0.040 0.990 1.000 
0.034 0.993 0.036 0.993 0.278 
0.021 0.995 0.131 0.973 0.962 
0.016 0.996 0.072 0.985 0.996 
0.026 0.994 0.109 0.988 0.011 
0.016 0.996 0.134 0.988 0.079 
0.021 0.993 0.065 0.985 0.996 
0.019 0.994 0.072 0.975 1.000 
0.027 0.993 0.126 0.988 0.053 
0.028 0.995 0.084 0.983 0.992 
0.025 0.993 0.062 0.983 0.560 
0.027 0.993 0.052 0.983 0.883 
0.022 0.995 0.049 0.985 0.951 
0.023 0.993 0.053 0.983 0.763 
0.021 0.994 0.053 0.990 1.000 
0.020 0.997 0.063 0.988 0.000 
0.023 0.993 0.065 0.978 0.947 
0.019 0.993 0.137 0.978 0.876 
0.015 0.996 0.040 0.990 0.940 
0.016 0.996 0.034 0.995 0.019 
0.024 0.992 0.069 0.980 1.000 
0.012 0.994 0.085 0.983 0.632 
0.036 0.991 0.102 0.978 0.989 
0.022 0.995 0.041 0.990 1.000 
0.018 0.995 0.055 0.983 1.000 
0.008 0.996 0.055 0.988 0.959 
0.022 0.994 0.048 0.988 1.000 
0.021 0.995 0.077 0.978 1.000 
0.030 0.995 0.037 0.993 1.000 
0.016 0.996 0.190 0.965 0.992 
0.015 0.996 0.093 0.983 0.992 
0.018 0.995 0.062 0.983 0.267 
0.020 0.995 0.539 0.927 0.015 
0.020 0.995 0.080 0.985 0.120 
0.029 0.989 0.115 0.980 0.011 
0.035 0.994 0.095 0.983 0.094 
0.015 0.995 0.080 0.980 1.000 
0.013 0.996 0.051 0.985 0.989 
0.024 0.995 0.137 0.985 0.000 
0.023 0.993 0.121 0.988 0.071 
0.024 0.993 0.048 0.990 0.861 
0.020 0.993 0.055 0.993 0.102 
0.018 0.993 0.224 0.940 0.680 
0.017 0.996 0.164 0.968 0.203 
0.032 0.992 0.036 0.993 0.000 
0.016 0.995 0.050 0.985 0.929 
0.014 0.997 0.065 0.985 0.538 
0.025 0.992 0.041 0.990 0.135 
0.019 0.996 0.078 0.985 0.782 
0.019 0.992 0.050 0.985 0.763 
0.025 0.994 0.202 0.978 0.000 
0.024 0.993 0.151 0.978 0.000 
0.018 0.996 0.051 0.990 0.038 
0.023 0.995 0.108 0.975 0.004 
0.020 0.992 0.079 0.980 1.000 
0.015 0.995 0.132 0.968 0.147 
0.020 0.993 0.100 0.970 0.989 
0.029 0.995 0.132 0.978 0.004 
0.040 0.990 0.155 0.980 0.004 
0.017 0.997 0.070 0.985 0.090 
0.021 0.994 0.115 0.980 0.748 
0.020 0.996 0.171 0.980 0.154 
0.032 0.995 0.052 0.988 0.372 
0.026 0.992 0.118 0.988 0.000 
0.014 0.996 0.052 0.990 0.026 
0.014 0.996 0.116 0.978 0.000 
0.025 0.993 0.168 0.980 0.090 
0.019 0.995 0.112 0.990 0.041 
0.018 0.995 0.066 0.983 0.793 
0.024 0.992 0.241 0.965 0.955 
0.018 0.997 0.031 0.990 0.308 
0.016 0.994 0.077 0.980 0.034 
0.010 0.996 0.088 0.988 0.004 
0.040 0.993 0.111 0.958 0.955 
0.020 0.995 0.053 0.983 0.992 
0.015 0.995 0.045 0.988 0.102 
0.022 0.994 0.051 0.988 0.004 
0.016 0.996 0.050 0.985 0.902 
0.021 0.992 0.074 0.978 0.000 
0.034 0.993 0.028 0.995 0.004 
0.017 0.996 0.074 0.983 0.109 
0.010 0.997 0.048 0.988 0.113 
0.023 0.996 0.036 0.993 0.000 
0.028 0.994 0.056 0.980 0.019 
0.031 0.995 0.042 0.990 0.000 
0.022 0.995 0.054 0.988 0.000 
0.022 0.995 0.077 0.985 0.771 
0.017 0.995 0.139 0.980 0.000 
0.016 0.994 0.179 0.973 0.462 
0.022 0.993 0.103 0.980 0.038 
0.016 0.996 0.049 0.988 0.707 
0.013 0.996 0.097 0.983 0.000 
0.023 0.992 0.124 0.960 0.496 
0.014 0.996 0.076 0.980 0.150 
0.018 0.993 0.052 0.990 0.376 
0.019 0.995 0.046 0.990 0.034 
0.026 0.994 0.126 0.953 0.462 
0.019 0.994 0.241 0.930 0.680 
0.020 0.994 0.081 0.980 0.180 
0.013 0.995 0.042 0.990 1.000 
0.012 0.996 0.080 0.978 0.996 
0.023 0.995 0.084 0.983 0.226 
0.019 0.993 0.093 0.978 1.000 
0.018 0.995 0.173 0.955 1.000 
0.022 0.994 0.058 0.990 0.000 
0.015 0.995 0.160 0.978 0.466 
0.020 0.995 0.048 0.990 0.237 
0.016 0.996 0.070 0.988 0.579 
0.025 0.995 0.069 0.990 1.000 
0.034 0.992 0.053 0.985 1.000 
0.018 0.997 0.055 0.983 0.575 
0.020 0.994 0.040 0.990 0.350 
0.020 0.993 0.054 0.985 0.000 
0.016 0.996 0.036 0.990 0.669 
0.017 0.995 0.050 0.988 1.000 
0.018 0.996 0.038 0.990 0.180 
0.024 0.992 0.040 0.990 0.929 
0.016 0.996 0.064 0.980 1.000 
0.012 0.996 0.053 0.983 0.737 
0.014 0.996 0.051 0.990 1.000 
0.020 0.996 0.083 0.978 0.966 
0.012 0.998 0.042 0.990 0.568 
0.013 0.995 0.070 0.978 0.147 
0.033 0.993 0.098 0.978 0.079 
0.012 0.996 0.097 0.980 0.000 
0.023 0.993 0.054 0.983 0.650 
0.014 0.995 0.064 0.980 0.974 
0.011 0.996 0.069 0.983 1.000 
0.021 0.993 0.056 0.983 0.417 
0.018 0.993 0.047 0.988 0.782 
0.015 0.995 0.048 0.988 0.000 
0.015 0.995 0.105 0.985 0.004 
0.023 0.992 0.041 0.990 0.838 
0.010 0.996 0.087 0.983 0.229 
0.016 0.996 0.100 0.978 0.011 
0.014 0.995 0.051 0.985 1.000 
0.024 0.994 0.039 0.990 1.000 
0.013 0.996 0.035 0.988 1.000 
0.027 0.995 0.039 0.990 0.583 
0.015 0.994 0.046 0.990 0.996 
0.019 0.994 0.233 0.945 0.173 
0.026 0.993 0.045 0.988 0.654 
0.014 0.996 0.051 0.988 0.008 
0.018 0.995 0.188 0.955 1.000 
0.020 0.995 0.065 0.983 1.000 
0.016 0.994 0.047 0.988 0.432 
0.021 0.993 0.063 0.983 0.015 
0.030 0.992 0.048 0.983 0.391 
0.019 0.995 0.040 0.988 0.023 
0.009 0.996 0.046 0.990 0.192 
0.015 0.996 0.092 0.968 0.711 
0.014 0.996 0.042 0.988 0.000 
0.018 0.995 0.044 0.988 0.959 
0.017 0.995 0.037 0.990 0.989 
0.021 0.995 0.049 0.980 0.992 
0.017 0.994 0.041 0.988 0.797 
0.014 0.995 0.043 0.990 0.000 
0.021 0.994 0.038 0.988 0.470 
0.015 0.995 0.044 0.990 0.000 
0.013 0.996 0.054 0.993 0.000 
0.020 0.996 0.037 0.990 0.474 
0.019 0.993 0.044 0.990 1.000 
0.026 0.992 0.038 0.990 0.977 
0.014 0.995 0.046 0.993 1.000 
0.017 0.998 0.069 0.980 1.000 
0.016 0.996 0.033 0.993 0.500 
0.011 0.998 0.055 0.983 1.000 
0.010 0.996 0.038 0.993 1.000 
0.014 0.996 0.066 0.983 1.000 
0.016 0.994 0.040 0.988 0.726 
0.024 0.996 0.042 0.990 0.203 
0.027 0.994 0.031 0.990 0.252 
0.017 0.995 0.060 0.980 0.992 
0.020 0.995 0.096 0.965 0.842 
0.022 0.996 0.042 0.988 0.895 
0.016 0.996 0.048 0.983 0.936 
0.024 0.994 0.052 0.990 0.782 
0.015 0.995 0.035 0.990 0.053 
0.014 0.997 0.033 0.990 0.000 
0.013 0.996 0.029 0.993 0.000 
0.020 0.995 0.055 0.983 0.744 
0.018 0.995 0.049 0.980 0.120 
0.019 0.995 0.053 0.983 0.966 
0.021 0.995 0.034 0.995 0.004 
0.014 0.996 0.055 0.990 0.004 
0.026 0.992 0.064 0.980 0.853 
0.031 0.992 0.074 0.978 1.000 
0.016 0.996 0.052 0.980 0.534 
0.016 0.996 0.085 0.978 0.996 
0.025 0.994 0.034 0.990 0.992 
0.017 0.996 0.043 0.990 0.996 
0.013 0.995 0.057 0.985 1.000 
0.015 0.995 0.038 0.990 0.989 
0.023 0.995 0.077 0.983 0.977 
0.016 0.995 0.041 0.990 0.910 
0.020 0.995 0.049 0.983 0.992 
0.019 0.994 0.054 0.980 1.000 
0.022 0.996 0.052 0.990 0.056 
0.017 0.993 0.140 0.980 0.417 
0.014 0.995 0.038 0.990 0.947 
0.012 0.996 0.044 0.990 0.959 
0.013 0.996 0.154 0.980 0.752 
0.025 0.995 0.177 0.973 0.680 
0.018 0.995 0.036 0.993 0.000 
0.023 0.994 0.066 0.988 0.000 
0.015 0.996 0.085 0.978 0.989 
0.015 0.996 0.104 0.980 0.992 
0.015 0.993 0.083 0.978 0.861 
0.015 0.995 0.040 0.993 0.241 
0.014 0.998 0.049 0.980 0.872 
0.027 0.995 0.056 0.983 0.274 
0.018 0.995 0.051 0.988 1.000 
0.017 0.995 0.056 0.988 0.041 
0.029 0.992 0.059 0.978 1.000 
0.016 0.995 0.044 0.988 0.793 
0.025 0.993 0.038 0.990 0.748 
0.017 0.996 0.064 0.980 0.992 
0.022 0.994 0.060 0.985 0.038 
0.017 0.996 0.051 0.980 0.474 
0.024 0.995 0.058 0.990 0.981 
0.019 0.996 0.059 0.990 0.004 
0.010 0.997 0.055 0.990 0.891 
0.013 0.995 0.066 0.990 0.368 
0.037 0.993 0.133 0.975 0.015 
0.013 0.997 0.173 0.978 0.015 
0.019 0.994 0.144 0.978 0.835 
0.013 0.995 0.034 0.993 0.906 
0.014 0.995 0.228 0.980 0.974 
0.016 0.995 0.287 0.945 0.868 
0.010 0.998 0.173 0.988 0.508 
0.009 0.996 0.105 0.988 0.917 
0.014 0.996 0.058 0.980 1.000 
0.015 0.996 0.262 0.940 0.820 
0.016 0.995 0.143 0.988 0.008 
0.018 0.993 0.154 0.968 1.000 
0.019 0.995 0.092 0.990 0.004 
0.021 0.995 0.118 0.990 0.891 
0.024 0.994 0.063 0.988 0.929 
0.014 0.996 0.095 0.988 0.684 
0.008 0.997 0.048 0.990 0.936 
0.027 0.992 0.131 0.980 0.876 
0.012 0.996 0.040 0.990 0.827 
0.015 0.996 0.064 0.985 0.688 
0.015 0.995 0.258 0.978 0.883 
0.018 0.994 0.269 0.990 0.000 
0.014 0.996 0.174 0.990 0.079 
0.022 0.993 0.030 0.993 0.154 
0.015 0.997 0.046 0.988 0.132 
0.019 0.996 0.089 0.985 0.184 
0.015 0.994 0.322 0.980 0.034 
0.027 0.994 0.285 0.988 0.011 
0.016 0.996 0.188 0.990 0.008 
0.016 0.995 0.139 0.965 0.549 
0.016 0.996 0.036 0.993 0.962 
0.018 0.995 0.057 0.983 1.000 
0.011 0.996 0.085 0.980 0.974 
0.024 0.993 0.059 0.990 0.008 
0.020 0.993 0.078 0.983 1.000 
0.020 0.994 0.028 0.993 0.887 
0.015 0.996 0.059 0.983 1.000 
0.014 0.996 0.083 0.990 1.000 
0.044 0.991 0.040 0.990 1.000 
0.019 0.995 0.030 0.995 0.289 
0.014 0.996 0.150 0.978 0.996 
0.015 0.996 0.062 0.983 1.000 
0.014 0.996 0.056 0.993 1.000 
0.016 0.995 0.042 0.990 1.000 
0.026 0.993 0.103 0.988 0.977 
0.012 0.995 0.083 0.980 0.959 
0.011 0.998 0.268 0.990 0.000 
0.017 0.996 0.047 0.993 0.752 
0.012 0.998 0.049 0.985 0.996 
0.021 0.994 0.205 0.983 0.959 
0.020 0.995 0.198 0.990 0.011 
0.027 0.993 0.347 0.980 0.929 
0.015 0.995 0.225 0.983 0.996 
0.026 0.995 0.122 0.990 0.000 
0.020 0.996 0.293 0.965 0.767 
0.019 0.994 0.387 0.980 0.000 
0.017 0.996 0.379 0.983 0.000 
0.012 0.996 0.055 0.990 1.000 
0.012 0.997 0.047 0.993 0.447 
0.018 0.995 0.157 0.980 1.000 
0.010 0.996 0.139 0.980 0.992 
0.020 0.993 0.026 0.995 0.000 
0.041 0.990 0.066 0.983 1.000 
0.013 0.997 0.059 0.983 0.906 
0.016 0.996 0.190 0.973 0.823 
0.015 0.995 0.116 0.983 0.992 
0.008 0.998 0.084 0.983 0.996 
0.016 0.998 0.038 0.990 1.000 
0.011 0.997 0.052 0.995 0.981 
0.024 0.995 0.112 0.983 1.000 
0.011 0.996 0.081 0.990 0.996 
0.014 0.996 0.081 0.983 1.000 
0.022 0.996 0.036 0.993 1.000 
0.013 0.995 0.047 0.993 1.000 
0.015 0.996 0.039 0.988 0.996 
0.015 0.996 0.110 0.965 1.000 
0.013 0.996 0.064 0.983 1.000 
0.018 0.996 0.039 0.985 0.241 
0.023 0.996 0.147 0.970 1.000 
0.015 0.994 0.068 0.983 0.842 
0.013 0.996 0.036 0.993 1.000 
0.026 0.993 0.078 0.990 1.000 
0.012 0.996 0.042 0.990 1.000 
0.029 0.993 0.048 0.983 1.000 
0.018 0.995 0.059 0.983 0.996 
0.016 0.997 0.049 0.985 1.000 
0.020 0.996 0.044 0.983 0.996 
0.012 0.994 0.036 0.993 1.000 
0.013 0.996 0.056 0.983 1.000 
0.020 0.994 0.076 0.980 0.962 
0.017 0.996 0.050 0.985 1.000 
0.010 0.998 0.065 0.990 1.000 
0.026 0.993 0.056 0.983 1.000 
0.010 0.996 0.108 0.983 1.000 
0.026 0.994 0.388 0.912 0.402 
0.012 0.995 0.065 0.983 0.925 
0.014 0.995 0.063 0.983 1.000 
0.013 0.996 0.074 0.980 1.000 
0.023 0.995 0.125 0.970 1.000 
0.014 0.997 0.139 0.980 0.346 
0.021 0.996 0.044 0.985 0.959 
0.023 0.995 0.219 0.963 0.940 
0.016 0.995 0.053 0.980 0.932 
0.013 0.997 0.244 0.963 0.992 
0.016 0.995 0.188 0.980 0.741 
0.020 0.995 0.148 0.980 0.868 
0.021 0.994 0.093 0.990 0.079 
0.016 0.998 0.040 0.993 0.974 
0.024 0.997 0.037 0.993 0.797 
0.023 0.995 0.048 0.990 0.944 
0.023 0.993 0.038 0.990 0.568 
0.029 0.993 0.057 0.983 0.955 
0.020 0.992 0.124 0.983 0.361 
0.011 0.997 0.169 0.990 0.004 
0.014 0.996 0.071 0.985 0.992 
0.033 0.994 0.044 0.988 0.944 
0.045 0.993 0.228 0.988 0.165 
0.016 0.995 0.039 0.988 0.989 
0.013 0.998 0.108 0.985 0.838 
0.007 0.999 0.292 0.990 0.797 
0.013 0.997 0.215 0.990 0.812 
0.015 0.996 0.389 0.960 0.594 
0.026 0.992 0.193 0.980 0.729 
0.009 0.996 0.182 0.988 0.109 
0.015 0.995 0.371 0.975 0.977 
0.022 0.992 0.465 0.978 0.218 
0.014 0.995 0.340 0.985 0.568 
0.015 0.996 0.178 0.990 0.162 
0.016 0.998 0.050 0.993 0.857 
0.014 0.994 0.132 0.988 0.985 
0.017 0.993 0.132 0.988 0.560 
0.009 0.997 0.250 0.980 0.508 
0.015 0.995 0.116 0.988 0.068 
0.015 0.995 0.040 0.990 0.977 
0.012 0.996 0.195 0.973 0.951 
0.015 0.994 0.104 0.990 0.000 
0.025 0.996 0.047 0.993 0.947 
0.013 0.995 0.080 0.980 0.850 
0.010 0.998 0.056 0.993 0.902 
0.010 0.997 0.042 0.993 0.105 
0.009 0.996 0.054 0.993 0.320 
0.011 0.997 0.034 0.993 0.000 
0.012 0.995 0.042 0.990 0.951 
0.010 0.997 0.042 0.990 0.722 
0.021 0.996 0.040 0.993 1.000 
0.017 0.996 0.141 0.985 0.955 
0.047 0.990 0.057 0.980 0.981 
0.014 0.995 0.099 0.980 0.015 
0.012 0.996 0.074 0.983 0.992 
0.010 0.998 0.093 0.978 0.632 
0.016 0.995 0.046 0.993 0.011 
0.015 0.996 0.031 0.990 0.263 
0.023 0.995 0.040 0.990 0.492 
0.019 0.993 0.039 0.993 0.000 
0.035 0.992 0.129 0.980 0.376 
0.018 0.994 0.065 0.983 0.974 
0.016 0.996 0.041 0.985 0.996 
0.015 0.997 0.034 0.990 0.207 
0.023 0.992 0.131 0.965 1.000 
0.017 0.995 0.049 0.990 0.000 
0.016 0.996 0.062 0.978 0.914 
0.012 0.996 0.161 0.980 0.000 
0.012 0.998 0.193 0.978 0.658 
0.016 0.996 0.112 0.980 0.955 
0.012 0.997 0.284 0.973 0.940 
0.021 0.995 0.231 0.968 1.000 
0.029 0.993 0.635 0.975 0.000 
0.014 0.995 0.067 0.988 0.940 
0.007 0.996 0.373 0.973 0.921 
0.018 0.995 0.433 0.985 0.248 
0.018 0.993 0.669 0.990 0.000 
0.013 0.996 0.575 0.980 0.462 
0.013 0.995 0.582 0.980 0.162 
0.009 0.998 0.524 0.978 0.271 
0.015 0.995 0.241 0.985 0.030 
0.026 0.994 0.332 0.963 0.045 
0.014 0.996 0.286 0.990 0.000 
0.010 0.996 0.137 0.988 0.936 
0.009 0.997 0.148 0.978 0.015 
0.017 0.996 0.187 0.988 0.094 
0.025 0.993 0.148 0.980 0.004 
0.007 0.998 0.452 0.980 0.000 
0.016 0.995 0.191 0.993 0.000 
0.015 0.998 0.148 0.990 0.023 
0.015 0.995 0.104 0.980 0.921 
0.015 0.995 0.081 0.980 0.898 
0.008 0.998 0.048 0.993 0.402 
0.016 0.996 0.324 0.983 0.038 
0.014 0.996 0.235 0.980 0.970 
0.014 0.998 0.216 0.988 0.000 
0.024 0.993 0.225 0.990 0.064 
0.016 0.995 0.211 0.965 0.996 
0.010 0.998 0.142 0.985 0.944 
0.025 0.993 0.067 0.993 0.000 
0.017 0.995 0.256 0.975 0.000 
0.033 0.995 0.089 0.985 0.331 
0.015 0.997 0.095 0.980 0.000 
0.021 0.993 0.255 0.955 0.004 
0.016 0.996 0.148 0.985 0.023 
0.019 0.995 0.183 0.988 0.026 
0.021 0.994 0.137 0.990 0.000 
0.006 0.998 0.224 0.988 0.323 
0.012 0.998 0.212 0.970 0.586 
0.011 0.997 0.155 0.990 0.000 
0.013 0.997 0.047 0.993 0.000 
0.020 0.995 0.194 0.973 0.977 
0.007 0.998 0.160 0.990 0.169 
0.021 0.995 0.041 0.990 0.962 
0.021 0.996 0.190 0.980 0.316 
0.014 0.995 0.155 0.990 0.004 
0.016 0.995 0.209 0.988 0.425 
0.021 0.994 0.147 0.988 0.571 
0.016 0.995 0.205 0.990 0.293 
0.016 0.996 0.195 0.990 0.184 
0.019 0.995 0.114 0.980 0.966 
0.011 0.996 0.052 0.983 1.000 
0.018 0.994 0.066 0.983 0.992 
0.013 0.995 0.186 0.980 0.955 
0.026 0.995 0.178 0.985 0.940 
0.006 0.998 0.186 0.990 0.004 
0.016 0.997 0.265 0.985 0.910 
0.015 0.996 0.041 0.990 0.992 
0.017 0.998 0.222 0.985 0.992 
0.017 0.996 0.217 0.988 0.011 
0.018 0.994 0.283 0.988 0.985 
0.016 0.995 0.169 0.988 0.936 
0.024 0.996 0.048 0.988 0.951 
0.015 0.995 0.045 0.988 0.974 
0.009 0.998 0.097 0.985 0.977 
0.012 0.996 0.158 0.985 0.053 
0.020 0.994 0.045 0.990 0.970 
0.023 0.995 0.213 0.958 0.959 
0.014 0.996 0.053 0.990 1.000 
0.020 0.993 0.047 0.988 0.459 
0.013 0.996 0.112 0.958 0.917 
0.017 0.994 0.048 0.990 0.714 
0.016 0.993 0.042 0.993 0.992 
0.013 0.995 0.032 0.990 0.639 
0.013 0.996 0.035 0.990 0.932 
0.013 0.995 0.046 0.990 0.992 
0.025 0.993 0.057 0.980 0.992 
0.012 0.998 0.056 0.980 0.992 
0.014 0.994 0.253 0.980 0.011 
0.019 0.995 0.186 0.948 0.992 
0.023 0.995 0.117 0.963 0.992 
0.016 0.996 0.050 0.990 0.079 
0.017 0.995 0.155 0.975 0.977 
0.008 0.998 0.404 0.980 0.015 
0.009 0.996 0.487 0.988 0.000 
0.015 0.997 0.178 0.968 0.613 
0.006 0.997 0.228 0.980 0.759 
0.018 0.996 0.164 0.988 0.658 
0.014 0.996 0.118 0.988 0.778 
0.026 0.993 0.154 0.943 1.000 
0.012 0.997 0.062 0.985 0.056 
0.013 0.996 0.061 0.983 0.812 
0.010 0.996 0.129 0.980 0.011 
0.021 0.995 0.163 0.983 0.511 
0.019 0.995 0.103 0.990 0.023 
0.015 0.996 0.562 0.950 0.981 
0.019 0.995 0.228 0.980 0.688 
0.021 0.996 0.198 0.978 0.019 
0.023 0.995 0.041 0.990 0.410 
0.047 0.994 0.043 0.990 0.996 
0.014 0.995 0.198 0.978 0.906 
0.014 0.996 0.519 0.983 0.684 
0.023 0.993 0.210 0.965 0.992 
0.021 0.993 0.322 0.950 0.992 
0.013 0.996 0.270 0.980 0.060 
0.018 0.996 0.137 0.950 0.444 
0.016 0.996 0.147 0.980 0.560 
0.013 0.997 0.221 0.978 0.929 
0.013 0.996 0.124 0.988 0.019 
0.023 0.993 0.260 0.973 0.008 
0.014 0.995 0.223 0.980 0.951 
0.029 0.994 0.096 0.963 0.173 
0.016 0.996 0.049 0.990 0.395 
0.011 0.997 0.048 0.990 0.252 
0.010 0.996 0.076 0.988 0.098 
0.015 0.996 0.269 0.978 0.951 
0.013 0.995 0.054 0.980 0.816 
0.019 0.993 0.164 0.978 0.996 
0.019 0.995 0.048 0.985 0.011 
0.011 0.996 0.077 0.978 0.094 
0.022 0.997 0.199 0.960 0.000 
0.015 0.996 0.078 0.980 0.000 
0.020 0.995 0.258 0.932 0.000 
0.024 0.992 0.059 0.980 0.868 
0.020 0.995 0.049 0.983 0.098 
0.013 0.995 0.142 0.980 0.722 
0.020 0.995 0.235 0.950 0.718 
0.018 0.993 0.119 0.983 0.000 
0.014 0.997 0.196 0.980 0.568 
0.019 0.993 0.151 0.968 0.816 
0.015 0.996 0.189 0.975 0.034 
0.015 0.994 0.184 0.980 0.000 
0.004 0.999 0.173 0.973 0.011 
0.023 0.994 0.075 0.978 0.041 
0.023 0.993 0.046 0.990 0.113 
0.014 0.996 0.209 0.980 0.947 
0.015 0.996 0.044 0.990 0.782 
0.020 0.993 0.055 0.978 0.838 
0.016 0.997 0.035 0.990 0.992 
0.012 0.995 0.228 0.965 0.883 
0.012 0.996 0.064 0.978 0.816 
0.014 0.996 0.033 0.988 0.966 
0.030 0.993 0.069 0.983 0.523 
0.010 0.996 0.073 0.980 0.342 
0.013 0.997 0.131 0.950 0.335 
0.016 0.995 0.048 0.980 0.951 
0.014 0.996 0.053 0.983 0.722 
0.016 0.997 0.069 0.980 0.959 
0.007 0.997 0.101 0.983 0.620 
0.012 0.996 0.121 0.963 0.992 
0.013 0.996 0.192 0.975 0.737 
0.032 0.993 0.168 0.960 0.872 
0.009 0.996 0.145 0.943 0.932 
0.008 0.998 0.274 0.970 0.515 
0.010 0.996 0.066 0.988 0.564 
0.019 0.994 0.223 0.980 0.816 
0.014 0.996 0.054 0.983 0.944 
0.006 0.998 0.055 0.985 0.929 
0.011 0.998 0.143 0.980 0.838 
0.047 0.993 0.117 0.990 0.045 
0.011 0.996 0.216 0.973 0.056 
0.015 0.995 0.051 0.983 0.361 
0.025 0.995 0.131 0.965 0.214 
0.018 0.996 0.131 0.978 0.895 
0.007 0.998 0.080 0.978 0.932 
0.012 0.996 0.070 0.993 0.944 
0.020 0.993 0.117 0.975 0.898 
0.016 0.995 0.086 0.980 0.609 
0.020 0.995 0.095 0.978 0.357 
0.010 0.997 0.041 0.988 0.113 
0.010 0.997 0.054 0.983 0.726 
0.010 0.998 0.085 0.988 0.489 
0.007 0.998 0.044 0.993 0.000 
0.011 0.998 0.039 0.993 0.000 
0.019 0.995 0.179 0.970 0.293 
0.019 0.995 0.084 0.970 0.876 
0.014 0.997 0.040 0.990 0.756 
0.028 0.993 0.143 0.970 0.019 
0.017 0.996 0.047 0.983 0.688 
0.005 0.998 0.154 0.980 0.000 
0.011 0.996 0.036 0.988 0.316 
0.016 0.998 0.045 0.988 0.000 
0.012 0.996 0.149 0.978 0.564 
0.013 0.997 0.033 0.990 0.876 
0.009 0.998 0.037 0.988 0.553 
0.013 0.995 0.039 0.993 0.041 
0.019 0.996 0.144 0.985 0.823 
0.025 0.994 0.158 0.983 0.395 
0.013 0.998 0.041 0.985 0.158 
0.012 0.995 0.240 0.973 0.891 
0.020 0.993 0.078 0.985 0.256 
0.017 0.995 0.307 0.978 0.180 
0.026 0.995 0.030 0.993 0.654 
0.010 0.997 0.150 0.985 0.338 
0.026 0.995 0.069 0.975 0.970 
0.027 0.995 0.183 0.980 0.921 
0.017 0.995 0.130 0.983 0.109 
0.014 0.996 0.255 0.968 0.158 
0.020 0.996 0.347 0.943 0.594 
0.010 0.995 0.048 0.990 0.034 
0.013 0.994 0.047 0.993 0.083 
0.009 0.998 0.120 0.983 0.011 
0.011 0.996 0.075 0.980 0.000 
0.012 0.996 0.061 0.988 0.113 
0.016 0.996 0.056 0.990 0.613 
0.013 0.998 0.068 0.985 0.282 
0.011 0.997 0.077 0.983 0.372 
0.027 0.996 0.039 0.993 0.970 
0.021 0.995 0.166 0.990 0.019 
0.007 0.998 0.324 0.978 0.346 
0.011 0.996 0.200 0.980 0.229 
0.021 0.996 0.048 0.993 0.759 
0.020 0.994 0.365 0.980 0.068 
0.022 0.996 0.042 0.993 0.872 
0.010 0.998 0.206 0.973 0.970 
0.008 0.998 0.148 0.988 0.857 
0.024 0.994 0.304 0.945 0.711 
0.018 0.996 0.245 0.990 0.759 
0.004 0.999 0.161 0.988 0.974 
0.014 0.998 0.137 0.980 0.985 
0.014 0.995 0.227 0.980 0.992 
