0.351 0.853 0.251 0.930 0.984 
0.212 0.928 0.149 0.965 1.000 
0.188 0.927 0.101 0.970 0.997 
0.172 0.935 0.113 0.983 1.000 
0.131 0.955 0.165 0.940 0.997 
0.142 0.953 0.131 0.953 0.959 
0.123 0.955 0.149 0.948 1.000 
0.091 0.969 0.106 0.955 1.000 
0.093 0.969 0.084 0.970 1.000 
0.112 0.964 0.082 0.983 0.997 
0.097 0.968 0.080 0.983 1.000 
0.096 0.967 0.080 0.980 0.997 
0.080 0.976 0.118 0.963 0.997 
0.098 0.970 0.078 0.983 1.000 
0.094 0.970 0.083 0.985 1.000 
0.085 0.970 0.084 0.975 0.997 
0.092 0.974 0.075 0.985 1.000 
0.094 0.966 0.083 0.985 1.000 
0.069 0.977 0.069 0.985 1.000 
0.070 0.978 0.093 0.963 1.000 
0.076 0.977 0.074 0.980 1.000 
0.070 0.977 0.086 0.965 1.000 
0.063 0.978 0.098 0.965 0.978 
0.071 0.977 0.067 0.985 1.000 
0.095 0.972 0.068 0.990 1.000 
0.060 0.982 0.101 0.958 1.000 
0.083 0.972 0.088 0.963 1.000 
0.065 0.977 0.072 0.985 0.978 
0.046 0.986 0.087 0.968 0.956 
0.067 0.979 0.061 0.988 1.000 
0.061 0.979 0.054 0.990 1.000 
0.072 0.976 0.083 0.978 1.000 
0.049 0.986 0.069 0.985 1.000 
0.056 0.981 0.065 0.985 0.854 
0.052 0.980 0.063 0.988 1.000 
0.045 0.986 0.053 0.990 1.000 
0.069 0.979 0.064 0.985 1.000 
0.048 0.986 0.076 0.973 1.000 
0.041 0.984 0.082 0.973 1.000 
0.046 0.985 0.069 0.985 1.000 
0.050 0.982 0.064 0.985 1.000 
0.043 0.984 0.068 0.983 0.981 
0.057 0.980 0.093 0.968 0.991 
0.055 0.978 0.096 0.973 0.722 
0.057 0.983 0.082 0.978 1.000 
0.056 0.979 0.064 0.985 1.000 
0.051 0.983 0.075 0.985 1.000 
0.049 0.983 0.077 0.980 1.000 
0.046 0.983 0.075 0.980 0.997 
0.058 0.984 0.076 0.983 1.000 
0.051 0.982 0.073 0.980 1.000 
0.046 0.986 0.076 0.985 1.000 
0.051 0.986 0.057 0.990 0.839 
0.046 0.985 0.063 0.985 1.000 
0.035 0.988 0.064 0.985 1.000 
0.047 0.985 0.057 0.988 1.000 
0.052 0.983 0.063 0.988 1.000 
0.037 0.989 0.070 0.988 1.000 
0.043 0.988 0.073 0.983 1.000 
0.053 0.984 0.073 0.980 1.000 
0.040 0.989 0.058 0.990 0.791 
0.037 0.985 0.078 0.980 1.000 
0.046 0.985 0.073 0.983 0.991 
0.043 0.984 0.075 0.983 1.000 
0.060 0.981 0.096 0.983 1.000 
0.045 0.985 0.058 0.985 1.000 
0.041 0.985 0.061 0.988 1.000 
0.036 0.986 0.072 0.983 1.000 
0.028 0.991 0.068 0.988 0.997 
0.034 0.987 0.068 0.983 1.000 
0.050 0.981 0.066 0.985 1.000 
0.041 0.985 0.097 0.965 1.000 
0.032 0.990 0.066 0.988 0.978 
0.043 0.989 0.062 0.985 1.000 
0.043 0.987 0.060 0.988 0.937 
0.043 0.984 0.056 0.993 1.000 
0.036 0.987 0.058 0.988 1.000 
0.031 0.987 0.076 0.978 1.000 
0.042 0.985 0.069 0.983 0.987 
0.044 0.986 0.157 0.965 0.994 
0.049 0.984 0.069 0.985 0.927 
0.042 0.988 0.057 0.985 1.000 
0.035 0.990 0.070 0.978 1.000 
0.035 0.989 0.054 0.988 1.000 
0.038 0.987 0.079 0.983 1.000 
0.028 0.991 0.097 0.973 1.000 
0.034 0.992 0.064 0.988 1.000 
0.028 0.992 0.060 0.985 1.000 
0.039 0.989 0.058 0.985 1.000 
0.032 0.991 0.061 0.985 1.000 
0.042 0.988 0.061 0.985 1.000 
0.040 0.986 0.075 0.985 1.000 
0.032 0.990 0.058 0.988 1.000 
0.037 0.990 0.061 0.988 1.000 
0.036 0.989 0.054 0.988 1.000 
0.020 0.994 0.075 0.983 1.000 
0.038 0.992 0.052 0.988 0.978 
0.039 0.990 0.071 0.980 1.000 
0.040 0.989 0.061 0.988 1.000 
0.033 0.993 0.095 0.983 1.000 
0.042 0.986 0.075 0.980 1.000 
0.025 0.992 0.072 0.988 1.000 
0.042 0.986 0.064 0.988 1.000 
0.033 0.990 0.062 0.990 0.997 
0.034 0.990 0.063 0.990 0.997 
0.044 0.984 0.078 0.978 1.000 
0.033 0.988 0.122 0.955 1.000 
0.032 0.992 0.076 0.978 1.000 
0.030 0.991 0.064 0.988 0.997 
0.034 0.988 0.050 0.988 0.981 
0.031 0.990 0.050 0.990 1.000 
0.026 0.991 0.053 0.990 1.000 
0.039 0.989 0.086 0.990 0.994 
0.050 0.988 0.083 0.985 1.000 
0.034 0.988 0.056 0.990 0.984 
0.036 0.988 0.072 0.985 1.000 
0.031 0.990 0.103 0.968 1.000 
0.025 0.994 0.067 0.988 1.000 
0.044 0.985 0.079 0.980 1.000 
0.033 0.988 0.069 0.985 0.997 
0.038 0.989 0.054 0.990 0.997 
0.031 0.992 0.064 0.990 1.000 
0.026 0.991 0.056 0.988 0.997 
0.028 0.991 0.051 0.990 0.997 
0.028 0.991 0.104 0.975 1.000 
0.038 0.986 0.075 0.990 1.000 
0.033 0.990 0.061 0.988 1.000 
0.035 0.987 0.058 0.988 1.000 
0.036 0.988 0.056 0.990 1.000 
0.033 0.991 0.056 0.990 0.997 
0.027 0.990 0.074 0.985 1.000 
0.036 0.991 0.052 0.990 1.000 
0.038 0.990 0.065 0.985 1.000 
0.026 0.992 0.050 0.988 0.997 
0.033 0.990 0.055 0.988 1.000 
0.022 0.992 0.059 0.985 1.000 
0.037 0.990 0.064 0.993 1.000 
0.033 0.992 0.055 0.990 1.000 
0.032 0.991 0.051 0.988 1.000 
0.035 0.991 0.072 0.985 1.000 
0.034 0.990 0.060 0.988 1.000 
0.025 0.991 0.064 0.985 1.000 
0.027 0.992 0.065 0.985 1.000 
0.022 0.992 0.058 0.985 1.000 
0.031 0.989 0.272 0.932 1.000 
0.034 0.990 0.056 0.988 1.000 
0.033 0.986 0.058 0.990 1.000 
0.022 0.993 0.057 0.985 1.000 
0.028 0.992 0.065 0.990 0.981 
0.030 0.992 0.060 0.988 0.991 
0.030 0.991 0.058 0.983 1.000 
0.028 0.992 0.049 0.990 1.000 
0.027 0.992 0.054 0.985 1.000 
0.022 0.992 0.054 0.993 1.000 
0.039 0.990 0.052 0.985 1.000 
0.030 0.991 0.055 0.985 1.000 
0.030 0.990 0.101 0.975 1.000 
0.031 0.989 0.062 0.985 1.000 
0.030 0.991 0.069 0.980 1.000 
0.032 0.990 0.067 0.980 1.000 
0.027 0.991 0.057 0.990 1.000 
0.031 0.992 0.049 0.990 1.000 
0.027 0.992 0.056 0.988 1.000 
0.023 0.992 0.056 0.985 1.000 
0.034 0.990 0.080 0.983 0.978 
0.023 0.993 0.062 0.988 0.997 
0.027 0.993 0.086 0.978 0.994 
0.022 0.992 0.065 0.988 1.000 
0.024 0.994 0.064 0.985 1.000 
0.025 0.992 0.055 0.990 1.000 
0.023 0.993 0.064 0.985 0.994 
0.020 0.994 0.055 0.988 1.000 
0.032 0.993 0.060 0.990 1.000 
0.024 0.993 0.056 0.988 1.000 
0.028 0.992 0.072 0.983 0.997 
0.023 0.994 0.065 0.990 1.000 
0.033 0.992 0.061 0.988 0.997 
0.026 0.994 0.070 0.988 1.000 
0.021 0.993 0.053 0.990 1.000 
0.034 0.990 0.060 0.985 1.000 
0.024 0.994 0.048 0.990 1.000 
0.024 0.991 0.053 0.990 1.000 
0.025 0.992 0.060 0.990 1.000 
0.021 0.993 0.055 0.993 1.000 
0.017 0.995 0.091 0.978 0.997 
0.020 0.995 0.057 0.985 1.000 
0.031 0.989 0.057 0.985 1.000 
0.021 0.994 0.062 0.985 1.000 
0.019 0.992 0.061 0.985 1.000 
0.028 0.993 0.050 0.990 0.997 
0.028 0.992 0.072 0.988 0.984 
0.019 0.995 0.068 0.990 1.000 
0.027 0.993 0.054 0.990 1.000 
0.027 0.994 0.070 0.990 1.000 
0.024 0.991 0.063 0.990 1.000 
0.020 0.993 0.065 0.993 1.000 
0.018 0.994 0.060 0.990 1.000 
0.024 0.992 0.058 0.990 1.000 
0.029 0.990 0.114 0.985 0.987 
0.026 0.994 0.054 0.990 1.000 
0.024 0.993 0.093 0.975 1.000 
0.039 0.991 0.064 0.990 1.000 
0.026 0.993 0.068 0.993 1.000 
0.017 0.993 0.082 0.988 1.000 
0.041 0.989 0.060 0.985 1.000 
0.022 0.993 0.051 0.990 1.000 
0.030 0.989 0.061 0.985 1.000 
0.027 0.994 0.088 0.983 1.000 
0.033 0.991 0.084 0.988 1.000 
0.029 0.990 0.064 0.990 1.000 
0.023 0.991 0.073 0.988 0.997 
0.024 0.991 0.061 0.988 1.000 
0.028 0.992 0.080 0.985 0.984 
0.020 0.991 0.063 0.990 1.000 
0.032 0.989 0.072 0.983 1.000 
0.025 0.992 0.060 0.988 0.997 
0.026 0.994 0.063 0.983 1.000 
0.019 0.995 0.065 0.983 1.000 
0.028 0.992 0.098 0.968 0.997 
0.025 0.991 0.071 0.985 1.000 
0.014 0.995 0.066 0.988 1.000 
0.033 0.991 0.072 0.985 1.000 
0.022 0.995 0.066 0.990 1.000 
0.033 0.993 0.059 0.988 1.000 
0.024 0.992 0.068 0.990 0.987 
0.013 0.994 0.094 0.990 0.991 
0.033 0.989 0.079 0.988 0.994 
0.028 0.992 0.077 0.985 1.000 
0.022 0.993 0.068 0.990 1.000 
0.022 0.993 0.106 0.985 0.997 
0.033 0.991 0.076 0.983 1.000 
0.016 0.995 0.105 0.970 1.000 
0.038 0.993 0.047 0.990 1.000 
0.030 0.992 0.075 0.988 1.000 
0.017 0.995 0.056 0.990 1.000 
0.021 0.994 0.067 0.983 1.000 
0.032 0.992 0.056 0.988 1.000 
0.019 0.992 0.075 0.985 1.000 
0.024 0.992 0.057 0.988 1.000 
0.024 0.993 0.062 0.988 1.000 
0.021 0.991 0.064 0.983 1.000 
0.030 0.993 0.056 0.990 1.000 
0.012 0.996 0.088 0.983 0.994 
0.017 0.994 0.073 0.990 1.000 
0.026 0.994 0.054 0.988 0.994 
0.021 0.994 0.091 0.980 1.000 
0.019 0.994 0.076 0.983 1.000 
0.019 0.995 0.099 0.978 0.994 
0.026 0.992 0.064 0.990 0.968 
0.054 0.985 0.072 0.975 1.000 
0.024 0.993 0.076 0.988 0.981 
0.026 0.992 0.070 0.985 1.000 
0.025 0.994 0.062 0.988 1.000 
0.019 0.995 0.058 0.988 0.997 
0.014 0.994 0.103 0.985 1.000 
0.040 0.989 0.059 0.985 1.000 
0.022 0.994 0.054 0.988 1.000 
0.021 0.994 0.052 0.990 1.000 
0.023 0.992 0.080 0.983 0.994 
0.025 0.993 0.091 0.983 1.000 
0.030 0.991 0.065 0.983 1.000 
0.023 0.992 0.071 0.985 1.000 
0.020 0.992 0.071 0.983 1.000 
0.021 0.994 0.073 0.985 1.000 
0.013 0.995 0.101 0.983 1.000 
0.030 0.990 0.067 0.988 1.000 
0.019 0.992 0.099 0.965 1.000 
0.021 0.995 0.069 0.990 1.000 
0.020 0.993 0.115 0.975 0.978 
0.027 0.990 0.065 0.985 1.000 
0.018 0.992 0.081 0.975 1.000 
0.010 0.997 0.092 0.983 1.000 
0.025 0.992 0.081 0.975 1.000 
0.019 0.994 0.062 0.985 0.997 
0.020 0.995 0.063 0.985 1.000 
0.024 0.992 0.072 0.985 1.000 
0.024 0.992 0.065 0.985 0.994 
0.023 0.992 0.069 0.985 1.000 
0.023 0.994 0.056 0.988 1.000 
0.017 0.993 0.054 0.990 1.000 
0.024 0.992 0.068 0.985 1.000 
0.017 0.994 0.092 0.988 1.000 
0.026 0.990 0.056 0.988 1.000 
0.030 0.989 0.083 0.975 0.997 
0.017 0.995 0.073 0.985 1.000 
0.017 0.994 0.136 0.988 1.000 
0.028 0.992 0.073 0.985 1.000 
0.020 0.993 0.073 0.988 1.000 
0.026 0.988 0.085 0.980 1.000 
0.017 0.994 0.106 0.980 1.000 
0.016 0.995 0.085 0.985 1.000 
0.025 0.993 0.057 0.990 1.000 
0.028 0.992 0.058 0.988 1.000 
0.047 0.990 0.051 0.988 1.000 
0.016 0.993 0.056 0.990 1.000 
0.017 0.995 0.056 0.993 1.000 
0.020 0.994 0.043 0.990 1.000 
0.023 0.992 0.053 0.993 1.000 
0.017 0.994 0.049 0.990 1.000 
0.024 0.993 0.069 0.978 1.000 
0.021 0.993 0.055 0.985 1.000 
0.015 0.996 0.077 0.985 1.000 
0.021 0.994 0.075 0.985 1.000 
0.025 0.994 0.099 0.973 0.785 
0.020 0.993 0.098 0.985 1.000 
0.023 0.993 0.065 0.988 1.000 
0.023 0.993 0.072 0.990 1.000 
0.016 0.995 0.056 0.988 1.000 
0.019 0.995 0.067 0.990 1.000 
0.017 0.993 0.116 0.988 1.000 
0.022 0.995 0.067 0.988 1.000 
0.022 0.994 0.060 0.990 1.000 
0.022 0.994 0.060 0.990 0.997 
0.020 0.993 0.059 0.988 1.000 
0.016 0.995 0.067 0.988 1.000 
0.021 0.994 0.047 0.990 1.000 
0.019 0.994 0.055 0.988 1.000 
0.010 0.996 0.060 0.990 1.000 
0.026 0.993 0.060 0.993 1.000 
0.014 0.995 0.370 0.985 1.000 
0.032 0.989 0.065 0.990 1.000 
0.014 0.995 0.060 0.990 1.000 
0.023 0.994 0.075 0.990 1.000 
0.020 0.994 0.110 0.983 1.000 
0.035 0.992 0.070 0.988 1.000 
0.035 0.995 0.058 0.985 0.997 
0.016 0.995 0.069 0.988 1.000 
0.024 0.993 0.064 0.988 1.000 
0.019 0.994 0.066 0.990 1.000 
0.013 0.995 0.061 0.990 1.000 
0.022 0.990 0.090 0.988 1.000 
0.026 0.992 0.093 0.975 1.000 
0.014 0.996 0.111 0.975 0.997 
0.017 0.994 0.109 0.975 1.000 
0.015 0.994 0.094 0.990 1.000 
0.020 0.995 0.085 0.988 1.000 
0.020 0.992 0.084 0.990 1.000 
0.023 0.995 0.064 0.990 1.000 
0.016 0.996 0.060 0.990 1.000 
0.020 0.993 0.076 0.988 1.000 
0.020 0.994 0.111 0.988 1.000 
0.014 0.994 0.114 0.988 1.000 
0.024 0.993 0.075 0.988 1.000 
0.036 0.992 0.065 0.983 1.000 
0.011 0.997 0.097 0.985 1.000 
0.016 0.994 0.075 0.985 1.000 
0.015 0.996 0.064 0.990 1.000 
0.022 0.990 0.069 0.983 1.000 
0.025 0.992 0.067 0.990 1.000 
0.017 0.995 0.072 0.990 1.000 
0.019 0.993 0.088 0.988 1.000 
0.026 0.991 0.062 0.988 1.000 
0.018 0.994 0.069 0.990 1.000 
0.017 0.996 0.059 0.988 0.997 
0.022 0.993 0.091 0.983 1.000 
0.022 0.993 0.093 0.988 1.000 
0.022 0.992 0.074 0.990 1.000 
0.025 0.992 0.065 0.990 1.000 
0.017 0.993 0.083 0.985 1.000 
0.028 0.993 0.078 0.985 1.000 
0.015 0.995 0.050 0.993 1.000 
0.022 0.994 0.074 0.980 1.000 
0.025 0.994 0.090 0.985 1.000 
0.020 0.996 0.078 0.985 1.000 
0.017 0.996 0.088 0.985 1.000 
0.016 0.995 0.108 0.985 1.000 
0.012 0.994 0.085 0.985 1.000 
0.013 0.996 0.132 0.990 1.000 
0.034 0.991 0.082 0.985 1.000 
0.021 0.992 0.084 0.988 0.991 
0.010 0.996 0.085 0.988 1.000 
0.015 0.997 0.102 0.988 1.000 
0.017 0.996 0.100 0.988 1.000 
0.018 0.995 0.099 0.985 1.000 
0.020 0.993 0.076 0.985 0.981 
0.013 0.996 0.069 0.988 1.000 
0.025 0.994 0.086 0.985 1.000 
0.026 0.990 0.079 0.993 1.000 
0.009 0.997 0.079 0.990 1.000 
0.018 0.995 0.078 0.988 1.000 
0.013 0.995 0.099 0.990 1.000 
0.021 0.995 0.081 0.990 1.000 
0.018 0.995 0.088 0.990 1.000 
0.012 0.995 0.122 0.985 1.000 
0.028 0.995 0.067 0.990 1.000 
0.020 0.993 0.068 0.988 1.000 
0.021 0.994 0.067 0.990 1.000 
0.011 0.996 0.077 0.988 1.000 
0.017 0.994 0.073 0.988 1.000 
0.040 0.992 0.059 0.985 1.000 
0.015 0.995 0.079 0.988 1.000 
0.020 0.995 0.060 0.990 1.000 
0.019 0.994 0.058 0.993 1.000 
0.013 0.996 0.071 0.985 1.000 
0.014 0.995 0.082 0.988 1.000 
0.016 0.995 0.093 0.985 1.000 
0.007 0.997 0.092 0.990 1.000 
0.023 0.992 0.063 0.985 1.000 
0.016 0.995 0.069 0.988 1.000 
0.027 0.992 0.077 0.980 0.991 
0.038 0.991 0.079 0.983 1.000 
0.011 0.996 0.060 0.990 1.000 
0.019 0.995 0.114 0.988 1.000 
0.021 0.994 0.147 0.955 1.000 
0.031 0.993 0.065 0.990 1.000 
0.014 0.995 0.077 0.988 1.000 
0.015 0.996 0.063 0.990 1.000 
0.023 0.993 0.075 0.988 1.000 
0.016 0.995 0.082 0.990 0.991 
0.020 0.993 0.075 0.993 0.991 
0.013 0.995 0.081 0.988 1.000 
0.014 0.995 0.111 0.980 1.000 
0.023 0.993 0.088 0.988 1.000 
0.020 0.993 0.065 0.990 1.000 
0.025 0.994 0.089 0.990 1.000 
0.020 0.995 0.080 0.990 1.000 
0.026 0.994 0.085 0.993 1.000 
0.020 0.994 0.075 0.985 1.000 
0.012 0.995 0.086 0.990 1.000 
0.012 0.997 0.094 0.988 1.000 
0.014 0.996 0.106 0.988 1.000 
0.013 0.996 0.106 0.988 1.000 
0.011 0.995 0.217 0.980 0.997 
0.029 0.991 0.100 0.988 1.000 
0.015 0.993 0.098 0.985 1.000 
0.013 0.995 0.103 0.990 1.000 
0.026 0.991 0.086 0.990 1.000 
0.017 0.994 0.076 0.993 1.000 
0.013 0.996 0.084 0.993 1.000 
0.018 0.995 0.061 0.983 1.000 
0.014 0.995 0.074 0.988 1.000 
0.017 0.994 0.096 0.988 1.000 
0.009 0.997 0.106 0.990 1.000 
0.021 0.994 0.108 0.980 1.000 
0.022 0.994 0.133 0.983 1.000 
0.024 0.990 0.081 0.985 1.000 
0.015 0.996 0.073 0.993 1.000 
0.018 0.996 0.061 0.990 1.000 
0.014 0.995 0.084 0.988 1.000 
0.018 0.995 0.103 0.988 1.000 
0.015 0.994 0.094 0.990 1.000 
0.014 0.996 0.078 0.988 1.000 
0.015 0.995 0.078 0.985 1.000 
0.016 0.994 0.118 0.990 1.000 
0.011 0.996 0.108 0.988 1.000 
0.010 0.996 0.110 0.990 1.000 
0.028 0.991 0.090 0.988 1.000 
0.011 0.995 0.193 0.983 1.000 
0.032 0.994 0.413 0.985 1.000 
0.020 0.993 0.081 0.990 1.000 
0.029 0.995 0.132 0.993 1.000 
0.008 0.996 0.159 0.990 1.000 
0.021 0.993 0.145 0.993 1.000 
0.027 0.991 0.154 0.985 0.997 
0.011 0.996 0.150 0.990 1.000 
0.010 0.994 0.166 0.990 1.000 
0.016 0.996 0.137 0.990 1.000 
0.018 0.994 0.123 0.993 0.706 
0.016 0.995 0.133 0.990 0.991 
0.019 0.994 0.115 0.993 1.000 
0.021 0.993 0.228 0.990 0.981 
0.048 0.992 0.081 0.988 1.000 
0.013 0.995 0.063 0.993 1.000 
0.020 0.995 0.078 0.993 1.000 
0.018 0.995 0.071 0.990 1.000 
0.014 0.996 0.080 0.993 1.000 
0.015 0.995 0.093 0.985 0.994 
0.012 0.996 0.061 0.993 1.000 
0.018 0.994 0.101 0.988 1.000 
0.021 0.994 0.099 0.988 0.997 
0.012 0.996 0.092 0.990 1.000 
0.021 0.994 0.083 0.990 1.000 
0.018 0.995 0.084 0.983 1.000 
0.022 0.991 0.106 0.990 1.000 
0.014 0.995 0.107 0.990 1.000 
0.013 0.993 0.131 0.990 1.000 
0.022 0.994 0.074 0.990 1.000 
0.021 0.993 0.060 0.993 0.997 
0.016 0.994 0.096 0.988 0.997 
0.018 0.993 0.060 0.993 1.000 
0.016 0.997 0.075 0.990 1.000 
0.006 0.996 0.093 0.993 0.981 
0.014 0.995 0.086 0.988 1.000 
0.015 0.996 0.079 0.990 1.000 
0.013 0.996 0.094 0.990 1.000 
0.012 0.995 0.096 0.993 0.997 
0.031 0.995 0.066 0.990 1.000 
0.014 0.995 0.081 0.993 1.000 
0.010 0.994 0.097 0.978 1.000 
0.027 0.993 0.105 0.993 0.997 
0.071 0.992 0.083 0.983 0.997 
0.025 0.994 0.080 0.973 1.000 
0.013 0.995 0.071 0.980 0.997 
0.017 0.995 0.087 0.990 0.997 
0.029 0.993 0.068 0.990 1.000 
0.016 0.995 0.071 0.990 1.000 
0.023 0.993 0.091 0.988 0.997 
0.014 0.995 0.086 0.990 1.000 
0.020 0.993 0.061 0.993 1.000 
0.014 0.996 0.073 0.993 1.000 
0.015 0.996 0.113 0.978 0.997 
0.019 0.994 0.083 0.988 1.000 
0.024 0.993 0.120 0.990 1.000 
0.012 0.996 0.094 0.990 1.000 
0.023 0.995 0.107 0.983 1.000 
0.009 0.997 0.118 0.990 1.000 
0.015 0.997 0.068 0.990 1.000 
0.019 0.995 0.090 0.983 1.000 
0.030 0.993 0.082 0.993 1.000 
0.022 0.993 0.121 0.990 1.000 
0.012 0.996 0.091 0.985 1.000 
0.020 0.995 0.135 0.943 1.000 
0.017 0.995 0.304 0.965 0.991 
0.012 0.994 0.112 0.985 1.000 
0.024 0.993 0.096 0.990 1.000 
0.013 0.996 0.125 0.990 1.000 
0.019 0.994 0.135 0.988 0.991 
0.016 0.993 0.146 0.985 1.000 
0.037 0.994 0.132 0.965 0.997 
0.021 0.993 0.070 0.993 1.000 
0.015 0.997 0.096 0.988 1.000 
0.011 0.996 0.106 0.985 1.000 
0.012 0.996 0.096 0.993 1.000 
0.017 0.995 0.075 0.988 1.000 
0.012 0.997 0.113 0.990 1.000 
0.011 0.996 0.149 0.990 1.000 
0.020 0.995 0.070 0.990 1.000 
0.016 0.996 0.064 0.990 1.000 
0.013 0.996 0.080 0.993 1.000 
0.015 0.996 0.130 0.988 1.000 
0.016 0.995 0.085 0.985 1.000 
0.008 0.998 0.117 0.990 1.000 
0.019 0.994 0.080 0.985 1.000 
0.079 0.988 0.062 0.975 1.000 
0.022 0.997 0.068 0.975 1.000 
0.011 0.996 0.051 0.990 1.000 
0.011 0.996 0.066 0.990 1.000 
0.008 0.997 0.063 0.985 1.000 
0.049 0.992 0.120 0.993 1.000 
0.039 0.991 0.070 0.988 1.000 
0.010 0.995 0.071 0.990 1.000 
0.015 0.995 0.080 0.990 1.000 
0.016 0.995 0.096 0.988 1.000 
0.014 0.995 0.102 0.988 1.000 
0.019 0.994 0.091 0.985 1.000 
0.020 0.996 0.092 0.990 1.000 
0.019 0.995 0.100 0.985 1.000 
0.011 0.996 0.071 0.983 1.000 
0.012 0.995 0.188 0.983 1.000 
0.023 0.996 0.092 0.985 1.000 
0.014 0.994 0.077 0.990 1.000 
0.012 0.995 0.073 0.985 1.000 
0.017 0.994 0.155 0.988 0.997 
0.035 0.993 0.144 0.988 1.000 
0.010 0.996 0.226 0.985 1.000 
0.017 0.994 0.149 0.990 1.000 
0.008 0.996 0.179 0.993 1.000 
0.019 0.994 0.135 0.988 1.000 
0.028 0.992 0.114 0.988 1.000 
0.016 0.994 0.086 0.990 1.000 
0.026 0.995 0.103 0.985 1.000 
0.028 0.994 0.066 0.985 1.000 
0.010 0.996 0.116 0.985 1.000 
0.024 0.992 0.073 0.988 1.000 
0.016 0.995 0.064 0.988 1.000 
0.021 0.994 0.084 0.985 1.000 
0.009 0.996 0.122 0.988 1.000 
0.023 0.994 0.103 0.983 1.000 
0.016 0.994 0.096 0.983 1.000 
0.013 0.996 0.090 0.983 1.000 
0.015 0.996 0.074 0.988 1.000 
0.020 0.993 0.094 0.985 1.000 
0.013 0.996 0.101 0.988 1.000 
0.016 0.996 0.074 0.983 1.000 
0.030 0.992 0.087 0.983 1.000 
0.016 0.994 0.094 0.985 1.000 
0.016 0.994 0.103 0.990 1.000 
0.013 0.996 0.084 0.988 1.000 
0.022 0.993 0.056 0.985 1.000 
0.015 0.995 0.097 0.985 1.000 
0.032 0.996 0.108 0.978 1.000 
0.013 0.995 0.072 0.985 1.000 
0.011 0.996 0.093 0.983 1.000 
0.016 0.996 0.067 0.985 1.000 
0.022 0.994 0.142 0.983 1.000 
0.016 0.994 0.082 0.990 1.000 
0.010 0.997 0.121 0.983 1.000 
0.019 0.995 0.127 0.983 1.000 
0.018 0.994 0.097 0.985 1.000 
0.023 0.995 0.070 0.993 1.000 
0.014 0.996 0.073 0.990 1.000 
0.014 0.997 0.111 0.988 1.000 
0.020 0.993 0.150 0.955 1.000 
0.011 0.997 0.079 0.990 1.000 
0.027 0.992 0.062 0.988 1.000 
0.023 0.992 0.071 0.980 1.000 
0.014 0.995 0.075 0.985 1.000 
0.011 0.995 0.072 0.988 1.000 
0.009 0.996 0.107 0.985 1.000 
0.018 0.995 0.086 0.985 1.000 
0.011 0.997 0.079 0.985 1.000 
0.021 0.994 0.072 0.988 1.000 
0.017 0.994 0.071 0.990 1.000 
0.016 0.995 0.087 0.985 1.000 
0.022 0.994 0.119 0.990 1.000 
0.025 0.994 0.108 0.983 1.000 
0.017 0.995 0.078 0.988 1.000 
0.014 0.996 0.076 0.990 1.000 
0.013 0.995 0.084 0.988 1.000 
0.031 0.993 0.064 0.990 1.000 
0.015 0.995 0.209 0.990 1.000 
0.009 0.996 0.096 0.993 1.000 
0.020 0.994 0.073 0.990 1.000 
0.009 0.997 0.128 0.985 1.000 
0.025 0.991 0.087 0.990 1.000 
0.014 0.996 0.119 0.993 1.000 
0.010 0.997 0.138 0.990 1.000 
0.012 0.995 0.149 0.988 1.000 
0.016 0.995 0.100 0.988 0.968 
0.019 0.994 0.116 0.990 1.000 
0.014 0.996 0.152 0.985 1.000 
0.029 0.992 0.092 0.988 1.000 
0.039 0.990 0.066 0.985 1.000 
0.020 0.994 0.095 0.993 1.000 
0.025 0.995 0.092 0.975 1.000 
0.014 0.995 0.093 0.988 1.000 
0.011 0.996 0.083 0.985 1.000 
0.008 0.998 0.106 0.990 1.000 
0.030 0.994 0.062 0.990 1.000 
0.017 0.995 0.098 0.988 1.000 
0.027 0.992 0.126 0.990 1.000 
0.018 0.994 0.100 0.988 1.000 
0.017 0.995 0.101 0.988 1.000 
0.014 0.996 0.116 0.988 0.997 
0.012 0.997 0.098 0.963 0.997 
0.015 0.997 0.076 0.993 0.994 
0.018 0.995 0.073 0.990 1.000 
0.009 0.998 0.066 0.990 1.000 
0.006 0.997 0.090 0.993 1.000 
0.015 0.995 0.108 0.958 1.000 
0.013 0.997 0.111 0.988 1.000 
0.027 0.997 0.160 0.965 1.000 
0.025 0.993 0.053 0.988 1.000 
0.008 0.998 0.059 0.990 1.000 
0.018 0.994 0.065 0.988 1.000 
0.024 0.992 0.060 0.990 1.000 
0.016 0.995 0.049 0.990 1.000 
0.004 0.999 0.071 0.990 1.000 
0.008 0.997 0.066 0.985 1.000 
0.014 0.997 0.077 0.990 1.000 
0.015 0.996 0.117 0.968 1.000 
0.014 0.994 0.284 0.970 0.915 
0.034 0.993 0.072 0.985 1.000 
0.014 0.996 0.059 0.990 1.000 
0.012 0.997 0.058 0.990 1.000 
0.012 0.996 0.082 0.988 1.000 
0.015 0.995 0.069 0.988 1.000 
0.014 0.995 0.068 0.983 1.000 
0.012 0.995 0.080 0.990 1.000 
0.019 0.994 0.065 0.990 1.000 
0.025 0.994 0.064 0.988 1.000 
0.023 0.993 0.097 0.993 1.000 
0.014 0.995 0.071 0.988 1.000 
0.016 0.994 0.060 0.990 1.000 
0.024 0.994 0.089 0.988 1.000 
0.013 0.996 0.128 0.985 1.000 
0.029 0.994 0.047 0.990 1.000 
0.023 0.995 0.050 0.993 1.000 
0.014 0.997 0.053 0.993 1.000 
0.022 0.994 0.056 0.983 1.000 
0.011 0.996 0.058 0.988 1.000 
0.012 0.997 0.063 0.988 1.000 
0.013 0.997 0.053 0.988 1.000 
0.009 0.998 0.059 0.988 1.000 
0.018 0.995 0.070 0.988 1.000 
0.018 0.996 0.058 0.985 1.000 
0.010 0.997 0.074 0.988 1.000 
0.021 0.993 0.056 0.988 1.000 
0.011 0.996 0.077 0.985 1.000 
0.017 0.995 0.066 0.993 1.000 
0.011 0.996 0.086 0.993 1.000 
0.014 0.997 0.066 0.990 1.000 
0.016 0.995 0.079 0.993 1.000 
0.030 0.991 0.078 0.980 1.000 
0.009 0.998 0.093 0.993 1.000 
0.022 0.993 0.091 0.988 1.000 
0.018 0.994 0.133 0.990 0.997 
0.011 0.998 0.122 0.993 1.000 
0.019 0.994 0.126 0.988 1.000 
0.003 0.999 0.125 0.985 1.000 
0.014 0.997 0.111 0.990 1.000 
0.016 0.995 0.091 0.990 1.000 
0.033 0.995 0.074 0.993 1.000 
0.023 0.995 0.095 0.988 1.000 
0.022 0.994 0.094 0.988 1.000 
0.024 0.992 0.103 0.973 1.000 
0.015 0.994 0.110 0.988 1.000 
0.017 0.995 0.122 0.978 1.000 
0.019 0.996 0.091 0.978 1.000 
0.015 0.994 0.066 0.990 1.000 
0.010 0.996 0.071 0.990 1.000 
0.020 0.994 0.088 0.990 1.000 
0.016 0.996 0.062 0.990 1.000 
0.019 0.992 0.154 0.978 1.000 
0.012 0.996 0.117 0.970 1.000 
0.024 0.995 0.133 0.990 1.000 
0.016 0.994 0.090 0.983 1.000 
0.009 0.997 0.080 0.980 1.000 
0.008 0.996 0.069 0.983 1.000 
0.025 0.994 0.088 0.988 1.000 
0.009 0.997 0.122 0.985 0.744 
0.021 0.996 0.084 0.985 1.000 
0.009 0.996 0.168 0.955 0.994 
0.021 0.996 0.050 0.990 1.000 
0.012 0.997 0.073 0.985 1.000 
0.010 0.996 0.061 0.993 1.000 
0.007 0.996 0.074 0.990 1.000 
0.017 0.995 0.055 0.990 1.000 
0.008 0.998 0.074 0.990 1.000 
0.009 0.995 0.065 0.988 1.000 
0.019 0.995 0.152 0.990 1.000 
0.044 0.994 0.109 0.985 1.000 
0.011 0.996 0.114 0.980 1.000 
0.033 0.995 0.101 0.980 1.000 
0.015 0.996 0.078 0.988 1.000 
0.010 0.997 0.113 0.988 1.000 
0.016 0.995 0.114 0.988 1.000 
0.008 0.997 0.086 0.988 1.000 
0.021 0.996 0.129 0.975 1.000 
0.014 0.995 0.108 0.973 1.000 
0.015 0.994 0.094 0.988 1.000 
0.017 0.994 0.090 0.990 1.000 
0.011 0.997 0.123 0.993 1.000 
0.023 0.992 0.146 0.988 1.000 
0.037 0.991 0.135 0.958 1.000 
0.023 0.994 0.141 0.973 1.000 
0.028 0.995 0.211 0.988 1.000 
0.010 0.995 0.258 0.985 1.000 
0.019 0.994 0.132 0.985 1.000 
0.012 0.997 0.211 0.985 0.997 
0.010 0.996 0.194 0.985 1.000 
0.006 0.997 0.230 0.990 0.994 
0.019 0.997 0.108 0.990 1.000 
0.017 0.994 0.062 0.985 1.000 
0.019 0.994 0.089 0.990 1.000 
0.021 0.993 0.147 0.990 1.000 
0.019 0.994 0.097 0.985 1.000 
0.015 0.995 0.079 0.983 1.000 
0.014 0.995 0.111 0.988 1.000 
0.006 0.998 0.128 0.990 1.000 
0.008 0.998 0.101 0.990 0.930 
0.018 0.994 0.084 0.988 1.000 
0.016 0.995 0.109 0.990 1.000 
0.017 0.995 0.107 0.988 1.000 
0.020 0.993 0.163 0.985 1.000 
0.009 0.997 0.171 0.988 1.000 
0.018 0.993 0.224 0.988 1.000 
0.020 0.997 0.248 0.948 0.978 
0.017 0.996 0.095 0.985 1.000 
0.012 0.997 0.106 0.983 1.000 
0.010 0.998 0.125 0.985 1.000 
0.009 0.996 0.142 0.960 1.000 
0.017 0.996 0.102 0.985 1.000 
0.016 0.995 0.133 0.985 1.000 
0.010 0.995 0.167 0.988 1.000 
0.010 0.997 0.294 0.930 0.997 
0.026 0.995 0.114 0.975 1.000 
0.014 0.995 0.078 0.983 1.000 
0.014 0.996 0.136 0.988 1.000 
0.008 0.997 0.178 0.985 1.000 
0.020 0.992 0.122 0.990 1.000 
0.013 0.996 0.138 0.988 1.000 
0.012 0.996 0.389 0.975 1.000 
0.016 0.996 0.208 0.985 1.000 
0.021 0.993 0.153 0.993 0.981 
0.043 0.994 0.108 0.988 1.000 
0.013 0.994 0.151 0.985 1.000 
0.015 0.996 0.137 0.990 1.000 
0.021 0.994 0.146 0.980 1.000 
0.030 0.992 0.138 0.985 1.000 
0.018 0.995 0.160 0.955 1.000 
0.010 0.996 0.170 0.993 1.000 
0.010 0.996 0.212 0.980 1.000 
0.013 0.995 0.200 0.978 1.000 
0.032 0.994 0.231 0.990 1.000 
0.008 0.997 0.229 0.990 1.000 
0.012 0.997 0.169 0.988 1.000 
0.010 0.997 0.126 0.990 1.000 
0.008 0.998 0.118 0.985 1.000 
0.012 0.997 0.138 0.988 1.000 
0.013 0.996 0.121 0.993 1.000 
0.020 0.996 0.126 0.988 1.000 
0.013 0.996 0.116 0.990 1.000 
0.009 0.996 0.149 0.988 1.000 
0.023 0.993 0.155 0.988 1.000 
0.009 0.996 0.146 0.988 1.000 
0.020 0.993 0.191 0.985 0.997 
0.028 0.994 0.094 0.985 1.000 
0.017 0.996 0.076 0.993 1.000 
0.018 0.995 0.085 0.990 1.000 
0.009 0.997 0.110 0.985 1.000 
0.019 0.993 0.155 0.993 1.000 
0.018 0.995 0.150 0.985 1.000 
0.008 0.996 0.268 0.988 1.000 
0.009 0.998 0.165 0.990 1.000 
0.034 0.993 0.064 0.990 1.000 
0.011 0.998 0.094 0.990 1.000 
0.011 0.996 0.071 0.985 1.000 
0.013 0.996 0.125 0.985 1.000 
0.013 0.994 0.112 0.988 1.000 
0.012 0.997 0.075 0.985 1.000 
0.008 0.998 0.119 0.990 1.000 
0.018 0.993 0.079 0.985 1.000 
0.012 0.995 0.345 0.965 1.000 
0.032 0.994 0.221 0.988 1.000 
0.045 0.994 0.234 0.985 0.981 
0.017 0.994 0.140 0.988 1.000 
0.010 0.997 0.192 0.988 1.000 
0.010 0.997 0.114 0.988 1.000 
0.014 0.997 0.156 0.990 1.000 
0.017 0.994 0.191 0.993 1.000 
0.011 0.995 0.128 0.990 1.000 
0.036 0.994 0.091 0.988 1.000 
0.022 0.995 0.103 0.988 1.000 
0.038 0.994 0.079 0.988 1.000 
0.010 0.997 0.109 0.990 1.000 
0.015 0.996 0.141 0.988 1.000 
0.043 0.993 0.085 0.985 1.000 
0.017 0.994 0.066 0.988 1.000 
0.016 0.995 0.084 0.990 1.000 
0.019 0.995 0.094 0.990 1.000 
0.008 0.997 0.075 0.993 1.000 
0.008 0.997 0.093 0.990 1.000 
0.017 0.994 0.090 0.990 1.000 
0.020 0.994 0.094 0.990 1.000 
0.007 0.998 0.167 0.990 1.000 
0.075 0.993 0.127 0.988 1.000 
0.022 0.993 0.080 0.985 1.000 
0.016 0.995 0.076 0.988 1.000 
0.014 0.995 0.115 0.993 1.000 
0.015 0.996 0.073 0.993 1.000 
0.005 0.998 0.109 0.993 1.000 
0.014 0.995 0.077 0.993 1.000 
0.033 0.994 0.099 0.988 1.000 
0.012 0.996 0.116 0.990 1.000 
0.012 0.996 0.135 0.993 1.000 
0.014 0.996 0.156 0.985 0.997 
0.022 0.995 0.079 0.988 1.000 
0.011 0.997 0.102 0.985 1.000 
0.028 0.992 0.055 0.990 1.000 
0.027 0.994 0.084 0.993 1.000 
0.014 0.997 0.088 0.988 0.978 
0.007 0.998 0.106 0.993 1.000 
0.018 0.995 0.092 0.993 1.000 
0.012 0.996 0.083 0.990 1.000 
0.020 0.993 0.076 0.990 1.000 
0.022 0.997 0.150 0.963 0.994 
0.013 0.996 0.128 0.990 1.000 
0.016 0.997 0.106 0.990 1.000 
0.011 0.996 0.073 0.990 1.000 
0.018 0.994 0.085 0.985 1.000 
0.008 0.996 0.180 0.990 1.000 
0.019 0.997 0.080 0.988 1.000 
0.003 1.000 0.093 0.988 1.000 
0.007 0.997 0.079 0.990 1.000 
0.019 0.994 0.062 0.990 1.000 
0.009 0.997 0.077 0.980 1.000 
0.012 0.996 0.079 0.993 1.000 
0.014 0.995 0.126 0.988 1.000 
0.008 0.996 0.082 0.993 1.000 
0.025 0.992 0.118 0.993 1.000 
0.018 0.996 0.086 0.985 1.000 
0.015 0.997 0.081 0.990 1.000 
0.017 0.993 0.092 0.993 1.000 
0.014 0.997 0.089 0.990 1.000 
0.022 0.993 0.102 0.993 1.000 
0.011 0.997 0.118 0.990 1.000 
0.013 0.995 0.109 0.993 1.000 
0.009 0.997 0.341 0.988 1.000 
0.016 0.996 0.085 0.993 1.000 
0.011 0.996 0.101 0.985 1.000 
0.015 0.995 0.092 0.993 1.000 
0.018 0.995 0.101 0.993 1.000 
0.015 0.994 0.116 0.990 1.000 
0.013 0.995 0.251 0.988 0.994 
0.027 0.992 0.112 0.988 1.000 
0.013 0.996 0.141 0.993 1.000 
0.013 0.994 0.109 0.980 1.000 
0.007 0.998 0.138 0.990 1.000 
0.018 0.995 0.064 0.990 1.000 
0.010 0.997 0.163 0.993 1.000 
0.077 0.991 0.167 0.988 1.000 
0.052 0.994 0.113 0.988 1.000 
0.012 0.996 0.133 0.988 1.000 
0.013 0.995 0.149 0.990 1.000 
0.015 0.996 0.095 0.990 1.000 
0.010 0.996 0.102 0.990 1.000 
0.010 0.997 0.227 0.988 1.000 
0.007 0.998 0.173 0.988 1.000 
0.010 0.996 0.135 0.988 1.000 
0.019 0.993 0.092 0.988 1.000 
0.018 0.994 0.100 0.990 1.000 
0.011 0.995 0.132 0.990 1.000 
0.025 0.995 0.072 0.993 1.000 
0.009 0.996 0.142 0.990 1.000 
0.031 0.995 0.063 0.988 1.000 
0.012 0.994 0.067 0.993 1.000 
0.007 0.997 0.087 0.993 1.000 
0.013 0.996 0.062 0.985 1.000 
0.013 0.996 0.110 0.985 1.000 
0.025 0.997 0.049 0.990 1.000 
0.016 0.996 0.051 0.990 1.000 
0.011 0.997 0.067 0.990 1.000 
0.017 0.994 0.050 0.993 1.000 
0.013 0.996 0.051 0.993 1.000 
0.012 0.996 0.078 0.990 1.000 
0.015 0.994 0.065 0.985 1.000 
0.009 0.997 0.084 0.988 1.000 
0.009 0.997 0.136 0.993 1.000 
0.027 0.995 0.090 0.993 1.000 
0.024 0.993 0.063 0.990 0.997 
0.014 0.996 0.083 0.993 1.000 
0.019 0.997 0.069 0.993 1.000 
0.012 0.996 0.079 0.993 1.000 
0.011 0.997 0.062 0.990 1.000 
0.013 0.995 0.071 0.993 1.000 
0.019 0.993 0.114 0.985 1.000 
0.015 0.996 0.076 0.983 1.000 
0.011 0.996 0.100 0.988 1.000 
0.007 0.997 0.089 0.988 1.000 
0.024 0.993 0.059 0.993 1.000 
0.008 0.998 0.068 0.988 1.000 
0.018 0.996 0.082 0.985 1.000 
0.030 0.992 0.102 0.980 0.937 
0.016 0.994 0.114 0.985 1.000 
0.010 0.997 0.104 0.993 1.000 
0.018 0.995 0.069 0.993 1.000 
0.011 0.996 0.099 0.993 0.747 
0.006 0.997 0.101 0.993 1.000 
0.009 0.997 0.135 0.985 1.000 
0.010 0.996 0.139 0.993 1.000 
0.015 0.996 0.102 0.993 1.000 
0.020 0.993 0.161 0.988 1.000 
0.014 0.997 0.075 0.993 1.000 
0.004 0.999 0.130 0.988 1.000 
0.007 0.998 0.094 0.993 1.000 
0.018 0.995 0.142 0.988 1.000 
0.018 0.996 0.082 0.990 0.984 
0.018 0.992 0.137 0.990 1.000 
0.016 0.995 0.080 0.993 1.000 
0.015 0.996 0.074 0.985 1.000 
0.035 0.992 0.103 0.980 1.000 
0.009 0.996 0.122 0.988 1.000 
0.010 0.998 0.094 0.990 1.000 
0.015 0.995 0.097 0.988 0.994 
0.036 0.993 0.077 0.993 1.000 
0.007 0.997 0.121 0.993 1.000 
0.027 0.994 0.631 0.948 0.994 
0.044 0.995 0.087 0.985 1.000 
0.008 0.997 0.081 0.988 1.000 
0.016 0.994 0.067 0.990 1.000 
0.006 0.997 0.093 0.993 1.000 
0.008 0.998 0.067 0.990 1.000 
0.025 0.992 0.068 0.993 1.000 
0.018 0.997 0.068 0.993 1.000 
0.011 0.997 0.114 0.988 1.000 
0.014 0.994 0.082 0.990 1.000 
0.011 0.995 0.131 0.988 1.000 
0.022 0.995 0.079 0.985 1.000 
0.016 0.995 0.087 0.993 1.000 
0.006 0.997 0.115 0.993 1.000 
0.016 0.994 0.109 0.988 1.000 
0.025 0.995 0.062 0.988 1.000 
0.009 0.997 0.148 0.990 1.000 
0.015 0.995 0.120 0.985 1.000 
0.023 0.995 0.118 0.983 1.000 
0.040 0.993 0.152 0.985 1.000 
0.028 0.994 0.073 0.980 1.000 
0.018 0.994 0.107 0.993 1.000 
0.012 0.996 0.098 0.990 1.000 
0.024 0.995 0.042 0.990 1.000 
0.016 0.995 0.098 0.990 1.000 
0.012 0.997 0.092 0.985 1.000 
0.006 0.997 0.137 0.990 1.000 
0.007 0.998 0.165 0.988 1.000 
0.014 0.998 0.108 0.990 1.000 
0.017 0.997 0.102 0.988 1.000 
0.024 0.994 0.120 0.985 1.000 
0.009 0.997 0.108 0.990 1.000 
0.019 0.995 0.053 0.988 1.000 
0.008 0.998 0.060 0.993 1.000 
0.003 0.998 0.118 0.988 1.000 
0.013 0.996 0.138 0.990 1.000 
0.054 0.991 0.057 0.988 1.000 
0.016 0.995 0.056 0.988 1.000 
0.010 0.999 0.050 0.988 1.000 
0.015 0.996 0.054 0.988 1.000 
0.016 0.994 0.049 0.990 1.000 
0.010 0.998 0.066 0.985 1.000 
0.019 0.995 0.046 0.990 1.000 
