0.300 0.878 0.203 0.922 1.000 
0.178 0.931 0.171 0.958 1.000 
0.142 0.952 0.095 0.985 1.000 
0.142 0.949 0.147 0.945 0.997 
0.114 0.960 0.209 0.910 0.997 
0.129 0.966 0.104 0.978 1.000 
0.110 0.966 0.093 0.983 1.000 
0.104 0.965 0.126 0.953 0.993 
0.099 0.975 0.068 0.975 0.980 
0.087 0.972 0.141 0.927 0.987 
0.102 0.971 0.102 0.983 1.000 
0.088 0.976 0.107 0.980 1.000 
0.096 0.973 0.068 0.988 1.000 
0.069 0.982 0.143 0.938 0.960 
0.061 0.979 0.060 0.980 1.000 
0.072 0.979 0.112 0.965 1.000 
0.065 0.983 0.092 0.965 1.000 
0.084 0.973 0.082 0.980 1.000 
0.083 0.975 0.080 0.975 1.000 
0.054 0.985 0.075 0.980 1.000 
0.070 0.984 0.073 0.980 1.000 
0.087 0.976 0.064 0.985 1.000 
0.050 0.986 0.057 0.980 0.997 
0.064 0.981 0.075 0.973 0.832 
0.070 0.980 0.080 0.963 0.960 
0.060 0.980 0.080 0.968 1.000 
0.070 0.981 0.086 0.985 1.000 
0.061 0.982 0.058 0.988 1.000 
0.053 0.981 0.087 0.963 0.888 
0.059 0.980 0.045 0.988 0.944 
0.064 0.981 0.077 0.970 0.974 
0.053 0.982 0.088 0.963 0.139 
0.059 0.981 0.056 0.983 0.845 
0.052 0.986 0.104 0.960 1.000 
0.064 0.983 0.074 0.975 0.947 
0.046 0.988 0.121 0.955 0.776 
0.053 0.985 0.119 0.950 0.980 
0.054 0.988 0.082 0.983 1.000 
0.052 0.984 0.084 0.975 1.000 
0.054 0.984 0.051 0.988 0.838 
0.053 0.984 0.078 0.970 1.000 
0.058 0.985 0.080 0.970 0.947 
0.042 0.988 0.065 0.975 0.713 
0.055 0.981 0.061 0.978 0.974 
0.052 0.986 0.046 0.985 0.647 
0.044 0.990 0.075 0.975 0.957 
0.048 0.987 0.074 0.985 0.960 
0.050 0.988 0.090 0.973 0.281 
0.063 0.983 0.096 0.968 0.947 
0.046 0.984 0.070 0.970 0.997 
0.051 0.988 0.075 0.975 1.000 
0.051 0.984 0.059 0.980 0.997 
0.039 0.988 0.070 0.975 1.000 
0.042 0.988 0.069 0.980 0.812 
0.045 0.989 0.072 0.980 1.000 
0.035 0.990 0.068 0.975 0.818 
0.056 0.983 0.067 0.983 0.083 
0.042 0.988 0.056 0.978 1.000 
0.046 0.985 0.066 0.978 0.964 
0.041 0.987 0.088 0.965 0.937 
0.035 0.990 0.037 0.995 1.000 
0.050 0.986 0.119 0.948 0.092 
0.034 0.992 0.046 0.988 0.990 
0.042 0.990 0.102 0.955 0.921 
0.043 0.988 0.079 0.975 1.000 
0.045 0.988 0.079 0.968 0.974 
0.054 0.985 0.065 0.970 0.997 
0.048 0.989 0.075 0.970 1.000 
0.046 0.988 0.074 0.975 0.508 
0.044 0.988 0.113 0.955 0.993 
0.042 0.992 0.073 0.978 0.822 
0.038 0.991 0.077 0.975 0.911 
0.041 0.988 0.071 0.973 1.000 
0.034 0.991 0.116 0.948 0.921 
0.043 0.989 0.047 0.985 1.000 
0.038 0.990 0.069 0.973 0.818 
0.042 0.988 0.072 0.970 0.983 
0.036 0.989 0.112 0.953 0.620 
0.042 0.990 0.066 0.978 0.818 
0.037 0.992 0.063 0.978 0.967 
0.033 0.991 0.082 0.970 0.927 
0.055 0.989 0.064 0.980 0.950 
0.045 0.988 0.080 0.970 0.838 
0.036 0.991 0.051 0.985 0.974 
0.038 0.991 0.044 0.983 0.746 
0.041 0.987 0.073 0.988 0.997 
0.037 0.990 0.069 0.973 0.832 
0.041 0.989 0.069 0.973 1.000 
0.035 0.991 0.078 0.965 0.875 
0.044 0.987 0.062 0.980 0.505 
0.040 0.988 0.064 0.978 0.990 
0.040 0.992 0.086 0.970 0.927 
0.041 0.987 0.111 0.948 0.776 
0.037 0.992 0.090 0.963 0.934 
0.045 0.988 0.044 0.983 0.871 
0.042 0.990 0.093 0.983 0.498 
0.031 0.993 0.041 0.985 0.574 
0.047 0.986 0.040 0.988 0.901 
0.035 0.992 0.107 0.955 0.317 
0.036 0.990 0.066 0.980 0.257 
0.030 0.993 0.081 0.970 0.891 
0.034 0.992 0.058 0.983 0.871 
0.035 0.991 0.040 0.990 0.974 
0.042 0.988 0.083 0.975 0.594 
0.037 0.991 0.137 0.935 0.561 
0.031 0.993 0.036 0.990 1.000 
0.030 0.991 0.091 0.965 1.000 
0.041 0.990 0.070 0.978 0.964 
0.030 0.992 0.097 0.963 0.977 
0.033 0.992 0.097 0.960 1.000 
0.047 0.987 0.040 0.990 0.528 
0.037 0.991 0.061 0.980 0.878 
0.024 0.992 0.046 0.980 0.967 
0.041 0.989 0.105 0.958 0.749 
0.028 0.993 0.094 0.963 1.000 
0.038 0.989 0.070 0.978 0.221 
0.033 0.991 0.074 0.978 0.746 
0.026 0.993 0.093 0.970 0.970 
0.035 0.989 0.054 0.983 0.495 
0.038 0.990 0.053 0.980 0.713 
0.036 0.991 0.088 0.958 0.835 
0.033 0.995 0.078 0.965 0.855 
0.028 0.991 0.061 0.978 0.861 
0.032 0.992 0.064 0.978 0.997 
0.028 0.990 0.053 0.980 0.799 
0.045 0.991 0.071 0.970 0.941 
0.029 0.991 0.066 0.975 0.983 
0.039 0.991 0.063 0.973 0.957 
0.033 0.993 0.119 0.940 0.960 
0.025 0.993 0.079 0.975 0.964 
0.033 0.991 0.040 0.985 0.937 
0.033 0.991 0.083 0.963 1.000 
0.028 0.991 0.051 0.980 1.000 
0.031 0.991 0.034 0.985 0.997 
0.028 0.994 0.047 0.980 0.908 
0.038 0.990 0.138 0.943 0.921 
0.043 0.990 0.043 0.988 0.954 
0.030 0.993 0.085 0.965 0.845 
0.035 0.991 0.089 0.963 0.937 
0.036 0.990 0.107 0.950 0.970 
0.028 0.992 0.057 0.985 1.000 
0.033 0.991 0.112 0.955 0.993 
0.035 0.993 0.054 0.980 0.941 
0.033 0.990 0.129 0.943 0.993 
0.041 0.987 0.092 0.968 0.762 
0.028 0.992 0.071 0.980 0.917 
0.030 0.992 0.110 0.950 1.000 
0.025 0.993 0.050 0.980 0.977 
0.027 0.992 0.109 0.973 0.967 
0.035 0.993 0.075 0.975 0.980 
0.048 0.991 0.073 0.980 0.904 
0.026 0.993 0.068 0.980 0.911 
0.030 0.994 0.083 0.975 0.927 
0.032 0.991 0.065 0.980 0.980 
0.031 0.993 0.117 0.948 0.901 
0.027 0.993 0.062 0.978 0.851 
0.044 0.990 0.056 0.978 0.993 
0.033 0.991 0.114 0.953 0.861 
0.032 0.990 0.048 0.980 0.733 
0.030 0.993 0.089 0.970 0.591 
0.022 0.993 0.038 0.983 1.000 
0.030 0.993 0.049 0.990 0.607 
0.036 0.989 0.043 0.983 0.924 
0.032 0.992 0.047 0.983 0.947 
0.024 0.994 0.041 0.985 0.944 
0.033 0.989 0.053 0.990 0.970 
0.027 0.992 0.031 0.990 0.964 
0.026 0.992 0.047 0.985 0.987 
0.023 0.992 0.052 0.983 0.881 
0.030 0.991 0.057 0.985 0.983 
0.028 0.993 0.084 0.970 0.911 
0.022 0.993 0.051 0.983 0.974 
0.033 0.991 0.079 0.970 0.858 
0.033 0.991 0.031 0.988 0.960 
0.034 0.992 0.052 0.983 0.677 
0.038 0.993 0.146 0.940 0.974 
0.028 0.993 0.065 0.980 0.766 
0.023 0.994 0.059 0.983 1.000 
0.027 0.993 0.067 0.978 0.974 
0.032 0.992 0.043 0.988 1.000 
0.027 0.994 0.059 0.983 1.000 
0.031 0.991 0.045 0.983 0.776 
0.022 0.996 0.116 0.950 0.947 
0.028 0.993 0.082 0.965 0.993 
0.036 0.993 0.035 0.983 0.993 
0.027 0.995 0.052 0.980 0.990 
0.036 0.990 0.077 0.960 1.000 
0.029 0.991 0.046 0.980 1.000 
0.028 0.994 0.177 0.930 0.957 
0.040 0.990 0.064 0.978 0.132 
0.034 0.992 0.047 0.983 1.000 
0.030 0.992 0.078 0.965 0.934 
0.029 0.993 0.061 0.975 0.997 
0.026 0.993 0.031 0.990 1.000 
0.026 0.992 0.163 0.930 0.713 
0.037 0.992 0.072 0.983 0.987 
0.027 0.992 0.104 0.950 0.317 
0.021 0.993 0.095 0.960 0.818 
0.027 0.992 0.143 0.930 0.888 
0.027 0.992 0.082 0.963 0.944 
0.032 0.993 0.070 0.975 0.842 
0.022 0.993 0.029 0.983 1.000 
0.030 0.992 0.043 0.988 0.617 
0.025 0.992 0.054 0.980 0.248 
0.026 0.993 0.065 0.975 0.974 
0.034 0.990 0.071 0.973 0.320 
0.027 0.992 0.062 0.983 0.845 
0.027 0.995 0.083 0.970 1.000 
0.025 0.994 0.044 0.988 1.000 
0.022 0.996 0.107 0.960 1.000 
0.033 0.991 0.060 0.980 0.941 
0.023 0.995 0.123 0.948 0.901 
0.029 0.993 0.075 0.963 0.990 
0.031 0.991 0.044 0.983 0.865 
0.017 0.995 0.082 0.973 0.462 
0.029 0.992 0.034 0.983 0.785 
0.025 0.996 0.104 0.953 0.581 
0.026 0.992 0.121 0.938 0.993 
0.023 0.995 0.055 0.983 0.419 
0.033 0.993 0.100 0.955 0.865 
0.028 0.995 0.093 0.963 0.089 
0.029 0.992 0.049 0.983 0.845 
0.025 0.995 0.024 0.993 0.921 
0.029 0.993 0.133 0.948 0.917 
0.029 0.993 0.024 0.990 0.927 
0.030 0.991 0.089 0.955 0.545 
0.032 0.991 0.050 0.983 0.845 
0.022 0.994 0.071 0.980 0.845 
0.027 0.991 0.108 0.943 0.997 
0.022 0.996 0.016 0.995 0.997 
0.042 0.989 0.089 0.958 0.888 
0.022 0.993 0.078 0.960 0.891 
0.024 0.994 0.039 0.983 1.000 
0.025 0.993 0.065 0.970 1.000 
0.025 0.993 0.087 0.978 0.908 
0.032 0.992 0.100 0.955 0.792 
0.027 0.992 0.063 0.983 0.861 
0.034 0.992 0.054 0.980 1.000 
0.029 0.991 0.102 0.945 0.488 
0.032 0.993 0.119 0.945 0.587 
0.017 0.996 0.040 0.988 1.000 
0.023 0.992 0.130 0.960 0.960 
0.031 0.991 0.074 0.970 0.904 
0.025 0.993 0.073 0.968 0.891 
0.022 0.994 0.100 0.953 0.805 
0.018 0.996 0.063 0.975 1.000 
0.022 0.994 0.115 0.950 0.993 
0.020 0.994 0.108 0.935 0.970 
0.023 0.995 0.123 0.938 1.000 
0.030 0.991 0.115 0.943 1.000 
0.022 0.994 0.039 0.988 0.875 
0.022 0.995 0.036 0.988 0.983 
0.023 0.991 0.032 0.983 1.000 
0.024 0.994 0.096 0.948 1.000 
0.025 0.995 0.072 0.983 1.000 
0.020 0.995 0.047 0.983 0.960 
0.036 0.990 0.157 0.922 0.997 
0.038 0.992 0.095 0.955 1.000 
0.020 0.995 0.073 0.973 0.997 
0.024 0.994 0.058 0.983 0.828 
0.030 0.992 0.165 0.935 0.987 
0.023 0.994 0.064 0.978 0.871 
0.026 0.993 0.078 0.965 0.941 
0.028 0.992 0.095 0.960 0.812 
0.019 0.995 0.064 0.978 0.960 
0.026 0.992 0.088 0.965 0.927 
0.028 0.993 0.112 0.945 0.818 
0.019 0.994 0.024 0.990 1.000 
0.023 0.994 0.070 0.970 0.974 
0.028 0.992 0.083 0.973 1.000 
0.024 0.995 0.051 0.980 0.997 
0.028 0.991 0.063 0.983 0.977 
0.026 0.993 0.115 0.955 0.868 
0.025 0.993 0.070 0.975 0.733 
0.023 0.996 0.105 0.968 0.818 
0.021 0.992 0.201 0.932 1.000 
0.031 0.990 0.023 0.990 1.000 
0.018 0.994 0.103 0.973 1.000 
0.034 0.993 0.186 0.925 0.990 
0.025 0.994 0.044 0.983 1.000 
0.022 0.995 0.056 0.983 1.000 
0.024 0.993 0.047 0.983 1.000 
0.021 0.994 0.077 0.965 1.000 
0.022 0.994 0.108 0.950 1.000 
0.031 0.992 0.077 0.968 1.000 
0.025 0.994 0.056 0.980 1.000 
0.024 0.994 0.087 0.955 1.000 
0.021 0.996 0.160 0.935 0.983 
0.025 0.993 0.095 0.955 0.977 
0.030 0.993 0.168 0.943 0.977 
0.023 0.994 0.031 0.988 0.944 
0.022 0.995 0.074 0.973 0.818 
0.017 0.994 0.086 0.978 0.960 
0.026 0.994 0.080 0.970 1.000 
0.030 0.995 0.080 0.973 1.000 
0.019 0.996 0.056 0.983 1.000 
0.027 0.992 0.046 0.983 1.000 
0.029 0.993 0.076 0.963 1.000 
0.031 0.992 0.069 0.970 1.000 
0.022 0.994 0.061 0.978 1.000 
0.032 0.992 0.080 0.968 1.000 
0.028 0.992 0.076 0.980 1.000 
0.020 0.994 0.126 0.955 0.990 
0.026 0.993 0.111 0.948 0.997 
0.025 0.992 0.057 0.980 0.987 
0.022 0.994 0.042 0.980 0.993 
0.024 0.994 0.098 0.965 1.000 
0.027 0.992 0.061 0.983 1.000 
0.017 0.994 0.087 0.970 0.974 
0.028 0.991 0.093 0.958 0.931 
0.029 0.991 0.101 0.953 0.957 
0.029 0.992 0.104 0.955 0.838 
0.018 0.995 0.092 0.965 0.257 
0.025 0.993 0.129 0.943 0.921 
0.023 0.993 0.098 0.965 0.825 
0.025 0.994 0.091 0.968 0.868 
0.023 0.994 0.043 0.983 0.601 
0.021 0.992 0.098 0.955 0.851 
0.028 0.994 0.124 0.950 0.927 
0.014 0.996 0.032 0.988 0.277 
0.018 0.994 0.032 0.988 0.947 
0.029 0.992 0.077 0.973 0.835 
0.013 0.996 0.034 0.990 0.967 
0.028 0.992 0.077 0.973 0.987 
0.025 0.994 0.076 0.973 0.716 
0.024 0.993 0.080 0.973 0.937 
0.025 0.994 0.049 0.988 0.921 
0.037 0.989 0.090 0.963 1.000 
0.036 0.993 0.065 0.980 0.997 
0.027 0.994 0.066 0.980 1.000 
0.027 0.994 0.139 0.943 0.842 
0.023 0.994 0.046 0.988 0.528 
0.028 0.993 0.028 0.990 0.485 
0.021 0.994 0.061 0.975 0.089 
0.027 0.992 0.070 0.965 0.449 
0.022 0.994 0.053 0.978 0.960 
0.026 0.993 0.103 0.960 0.650 
0.025 0.994 0.069 0.970 0.997 
0.017 0.994 0.177 0.927 0.812 
0.041 0.993 0.180 0.925 0.937 
0.018 0.996 0.142 0.932 0.954 
0.017 0.996 0.122 0.943 0.865 
0.026 0.991 0.065 0.980 0.865 
0.020 0.995 0.047 0.980 0.785 
0.027 0.993 0.051 0.983 0.974 
0.025 0.993 0.107 0.953 0.884 
0.022 0.994 0.030 0.983 0.960 
0.020 0.994 0.191 0.927 0.993 
0.025 0.990 0.047 0.988 0.683 
0.022 0.992 0.034 0.983 0.911 
0.015 0.997 0.073 0.968 0.960 
0.024 0.991 0.052 0.980 0.967 
0.022 0.994 0.071 0.970 0.881 
0.024 0.994 0.054 0.983 0.795 
0.024 0.993 0.070 0.973 0.993 
0.025 0.992 0.010 0.998 0.960 
0.033 0.993 0.063 0.975 0.898 
0.026 0.995 0.042 0.983 1.000 
0.015 0.996 0.055 0.993 0.957 
0.033 0.993 0.107 0.960 0.713 
0.018 0.994 0.038 0.983 0.983 
0.013 0.997 0.040 0.985 1.000 
0.018 0.995 0.055 0.973 0.993 
0.022 0.992 0.051 0.978 0.828 
0.024 0.994 0.040 0.983 0.851 
0.017 0.994 0.027 0.988 0.990 
0.012 0.997 0.038 0.983 0.997 
0.022 0.993 0.079 0.970 1.000 
0.028 0.992 0.026 0.990 0.993 
0.026 0.992 0.057 0.983 1.000 
0.022 0.995 0.056 0.978 1.000 
0.029 0.995 0.077 0.973 1.000 
0.038 0.989 0.053 0.973 1.000 
0.026 0.994 0.086 0.963 1.000 
0.019 0.993 0.133 0.950 1.000 
0.025 0.994 0.091 0.958 1.000 
0.019 0.997 0.046 0.983 1.000 
0.029 0.989 0.052 0.978 1.000 
0.018 0.995 0.174 0.927 1.000 
0.020 0.994 0.128 0.943 1.000 
0.019 0.992 0.104 0.955 1.000 
0.021 0.995 0.071 0.978 1.000 
0.025 0.993 0.179 0.958 1.000 
0.036 0.990 0.122 0.958 1.000 
0.018 0.994 0.120 0.945 0.954 
0.020 0.995 0.066 0.975 0.997 
0.044 0.992 0.037 0.985 1.000 
0.019 0.996 0.068 0.975 1.000 
0.014 0.995 0.114 0.968 1.000 
0.021 0.995 0.040 0.988 1.000 
0.026 0.994 0.096 0.960 1.000 
0.015 0.995 0.058 0.978 0.990 
0.019 0.994 0.087 0.973 0.947 
0.019 0.993 0.098 0.958 0.977 
0.025 0.994 0.076 0.975 0.983 
0.025 0.995 0.080 0.968 1.000 
0.020 0.995 0.069 0.973 1.000 
0.023 0.993 0.157 0.932 0.974 
0.029 0.995 0.034 0.988 1.000 
0.015 0.996 0.071 0.968 0.891 
0.035 0.993 0.075 0.968 1.000 
0.025 0.994 0.057 0.975 0.997 
0.021 0.994 0.050 0.985 1.000 
0.022 0.993 0.060 0.978 1.000 
0.024 0.994 0.109 0.955 1.000 
0.023 0.992 0.053 0.975 1.000 
0.022 0.993 0.070 0.970 0.871 
0.018 0.994 0.041 0.983 0.914 
0.024 0.995 0.035 0.980 0.924 
0.016 0.995 0.058 0.978 0.934 
0.026 0.991 0.033 0.990 0.987 
0.022 0.994 0.075 0.973 0.924 
0.018 0.996 0.044 0.980 1.000 
0.037 0.991 0.112 0.958 0.987 
0.024 0.994 0.063 0.975 0.941 
0.018 0.997 0.116 0.960 0.960 
0.017 0.996 0.083 0.975 1.000 
0.015 0.992 0.125 0.953 1.000 
0.026 0.993 0.062 0.978 1.000 
0.025 0.993 0.051 0.980 1.000 
0.016 0.996 0.018 0.993 1.000 
0.026 0.994 0.067 0.975 1.000 
0.019 0.994 0.067 0.980 1.000 
0.029 0.994 0.109 0.958 0.990 
0.027 0.991 0.026 0.993 0.993 
0.021 0.994 0.144 0.945 0.944 
0.017 0.995 0.058 0.980 1.000 
0.021 0.995 0.065 0.970 1.000 
0.016 0.996 0.099 0.963 1.000 
0.026 0.994 0.082 0.965 0.964 
0.024 0.994 0.055 0.975 1.000 
0.018 0.997 0.061 0.983 1.000 
0.014 0.997 0.047 0.988 0.997 
0.017 0.995 0.112 0.960 1.000 
0.031 0.994 0.062 0.975 1.000 
0.018 0.994 0.031 0.988 1.000 
0.015 0.997 0.041 0.983 1.000 
0.024 0.993 0.087 0.973 1.000 
0.020 0.994 0.101 0.963 0.990 
0.020 0.994 0.050 0.983 1.000 
0.019 0.995 0.073 0.973 1.000 
0.025 0.994 0.087 0.973 1.000 
0.024 0.995 0.060 0.978 1.000 
0.027 0.991 0.073 0.973 1.000 
0.033 0.992 0.095 0.963 1.000 
0.015 0.997 0.080 0.973 0.990 
0.018 0.996 0.050 0.983 1.000 
0.017 0.997 0.078 0.965 0.993 
0.015 0.996 0.139 0.945 1.000 
0.035 0.990 0.057 0.980 1.000 
0.024 0.994 0.048 0.980 1.000 
0.014 0.996 0.201 0.932 1.000 
0.026 0.994 0.083 0.968 1.000 
0.022 0.994 0.023 0.993 1.000 
0.020 0.993 0.066 0.983 0.941 
0.019 0.996 0.054 0.985 0.914 
0.030 0.992 0.065 0.975 1.000 
0.021 0.994 0.053 0.985 1.000 
0.018 0.996 0.141 0.940 1.000 
0.019 0.994 0.060 0.973 1.000 
0.026 0.995 0.019 0.993 1.000 
0.026 0.994 0.047 0.985 1.000 
0.031 0.992 0.134 0.953 1.000 
0.021 0.996 0.053 0.985 1.000 
0.019 0.996 0.063 0.978 1.000 
0.033 0.992 0.044 0.980 0.990 
0.031 0.993 0.157 0.940 0.957 
0.017 0.996 0.083 0.965 1.000 
0.022 0.995 0.044 0.985 1.000 
0.020 0.996 0.052 0.985 1.000 
0.026 0.993 0.056 0.978 0.921 
0.017 0.996 0.083 0.973 1.000 
0.018 0.995 0.064 0.975 1.000 
0.017 0.995 0.113 0.958 1.000 
0.023 0.995 0.055 0.983 0.997 
0.021 0.995 0.077 0.973 1.000 
0.017 0.996 0.062 0.983 0.825 
0.018 0.995 0.084 0.973 0.967 
0.031 0.994 0.042 0.983 1.000 
0.019 0.995 0.071 0.973 0.974 
0.018 0.995 0.050 0.980 1.000 
0.033 0.992 0.055 0.980 0.950 
0.021 0.994 0.067 0.975 1.000 
0.015 0.996 0.065 0.978 0.993 
0.015 0.996 0.048 0.983 1.000 
0.017 0.995 0.082 0.978 0.970 
0.025 0.994 0.082 0.973 1.000 
0.021 0.994 0.040 0.988 1.000 
0.031 0.994 0.053 0.980 1.000 
0.015 0.995 0.060 0.978 0.990 
0.013 0.997 0.054 0.975 1.000 
0.023 0.994 0.110 0.970 0.997 
0.019 0.994 0.082 0.973 0.993 
0.032 0.994 0.098 0.970 0.987 
0.012 0.995 0.105 0.970 0.983 
0.021 0.994 0.082 0.975 0.947 
0.018 0.997 0.149 0.945 0.993 
0.018 0.994 0.207 0.930 0.944 
0.019 0.997 0.112 0.958 1.000 
0.019 0.993 0.112 0.965 0.980 
0.022 0.996 0.067 0.975 0.964 
0.030 0.992 0.101 0.968 0.944 
0.026 0.995 0.128 0.958 0.851 
0.034 0.994 0.033 0.990 1.000 
0.021 0.995 0.064 0.978 0.997 
0.023 0.992 0.083 0.970 0.977 
0.025 0.993 0.121 0.950 0.954 
0.023 0.994 0.071 0.975 0.993 
0.016 0.995 0.106 0.955 0.941 
0.019 0.992 0.082 0.968 0.974 
0.029 0.992 0.047 0.983 0.950 
0.015 0.995 0.050 0.983 1.000 
0.017 0.995 0.117 0.958 0.921 
0.020 0.995 0.067 0.973 1.000 
0.015 0.994 0.125 0.968 0.967 
0.042 0.994 0.087 0.965 0.429 
0.015 0.996 0.059 0.978 1.000 
0.020 0.995 0.124 0.953 0.993 
0.018 0.994 0.033 0.983 0.983 
0.031 0.992 0.137 0.940 0.990 
0.033 0.993 0.057 0.975 1.000 
0.026 0.994 0.217 0.910 0.647 
0.024 0.993 0.109 0.953 0.934 
0.033 0.992 0.081 0.968 1.000 
0.020 0.994 0.086 0.970 1.000 
0.015 0.995 0.151 0.945 1.000 
0.022 0.996 0.101 0.963 0.993 
0.023 0.993 0.072 0.973 1.000 
0.018 0.995 0.060 0.985 0.987 
0.019 0.996 0.219 0.922 0.997 
0.018 0.995 0.098 0.958 1.000 
0.024 0.994 0.180 0.925 0.997 
0.026 0.994 0.069 0.973 0.993 
0.019 0.994 0.151 0.935 1.000 
0.020 0.993 0.079 0.973 0.967 
0.029 0.994 0.176 0.920 0.719 
0.031 0.992 0.275 0.902 0.878 
0.015 0.996 0.058 0.975 1.000 
0.016 0.995 0.102 0.965 1.000 
0.016 0.997 0.046 0.983 1.000 
0.021 0.993 0.301 0.905 0.729 
0.020 0.993 0.193 0.912 0.997 
0.016 0.996 0.096 0.965 0.924 
0.014 0.997 0.134 0.960 0.947 
0.059 0.991 0.063 0.973 1.000 
0.020 0.994 0.158 0.935 0.997 
0.030 0.995 0.038 0.988 1.000 
0.013 0.993 0.067 0.978 1.000 
0.019 0.994 0.041 0.985 0.934 
0.021 0.992 0.068 0.973 0.997 
0.017 0.994 0.095 0.968 0.799 
0.021 0.995 0.056 0.973 0.987 
0.015 0.995 0.104 0.963 0.970 
0.030 0.995 0.065 0.975 0.990 
0.008 0.996 0.093 0.975 1.000 
0.014 0.997 0.050 0.983 0.987 
0.017 0.994 0.042 0.985 1.000 
0.016 0.997 0.201 0.927 0.756 
0.027 0.992 0.134 0.945 0.993 
0.023 0.993 0.096 0.970 1.000 
0.024 0.992 0.027 0.990 1.000 
0.020 0.994 0.067 0.978 1.000 
0.022 0.992 0.159 0.948 1.000 
0.048 0.995 0.028 0.990 1.000 
0.013 0.996 0.296 0.910 0.960 
0.033 0.993 0.079 0.975 0.997 
0.027 0.993 0.107 0.958 0.871 
0.071 0.992 0.077 0.968 1.000 
0.021 0.994 0.086 0.958 1.000 
0.017 0.996 0.111 0.950 0.941 
0.039 0.994 0.211 0.922 0.997 
0.024 0.994 0.051 0.978 1.000 
0.021 0.995 0.051 0.978 0.818 
0.028 0.993 0.069 0.973 0.993 
0.014 0.997 0.060 0.973 0.828 
0.027 0.993 0.177 0.935 0.990 
0.021 0.995 0.073 0.975 0.987 
0.020 0.995 0.112 0.958 1.000 
0.015 0.994 0.105 0.970 0.904 
0.025 0.994 0.067 0.975 1.000 
0.017 0.995 0.067 0.975 1.000 
0.020 0.993 0.057 0.980 1.000 
0.010 0.995 0.063 0.978 1.000 
0.019 0.994 0.066 0.978 1.000 
0.020 0.996 0.076 0.970 1.000 
0.027 0.995 0.119 0.958 0.987 
0.023 0.994 0.118 0.955 1.000 
0.018 0.994 0.043 0.983 1.000 
0.039 0.993 0.082 0.960 0.894 
0.015 0.995 0.187 0.925 0.875 
0.013 0.996 0.064 0.973 0.957 
0.022 0.994 0.123 0.938 0.950 
0.016 0.995 0.091 0.973 0.957 
0.025 0.994 0.073 0.973 1.000 
0.020 0.996 0.046 0.980 0.997 
0.014 0.994 0.106 0.963 0.987 
0.016 0.995 0.114 0.953 0.990 
0.016 0.995 0.049 0.980 1.000 
0.021 0.994 0.080 0.960 1.000 
0.018 0.994 0.112 0.960 1.000 
0.020 0.996 0.113 0.960 0.941 
0.020 0.995 0.110 0.953 0.990 
0.009 0.997 0.035 0.988 0.997 
0.020 0.993 0.067 0.978 0.947 
0.032 0.991 0.058 0.978 1.000 
0.016 0.996 0.106 0.970 0.993 
0.046 0.995 0.082 0.980 0.993 
0.023 0.994 0.217 0.932 0.789 
0.015 0.997 0.094 0.968 0.944 
0.035 0.994 0.265 0.917 0.865 
0.017 0.995 0.097 0.958 0.980 
0.016 0.996 0.071 0.978 0.967 
0.021 0.994 0.043 0.988 1.000 
0.015 0.996 0.179 0.930 0.914 
0.017 0.994 0.079 0.975 0.983 
0.024 0.991 0.043 0.985 0.960 
0.012 0.996 0.152 0.948 0.637 
0.015 0.995 0.069 0.975 0.941 
0.022 0.993 0.078 0.963 1.000 
0.016 0.995 0.103 0.963 1.000 
0.022 0.995 0.096 0.968 1.000 
0.019 0.995 0.200 0.930 1.000 
0.028 0.993 0.132 0.953 1.000 
0.020 0.993 0.079 0.973 1.000 
0.017 0.995 0.100 0.963 0.990 
0.016 0.995 0.082 0.973 0.983 
0.018 0.994 0.050 0.988 0.970 
0.022 0.995 0.183 0.927 0.977 
0.022 0.994 0.130 0.948 0.974 
0.013 0.995 0.055 0.978 0.663 
0.039 0.995 0.142 0.935 0.383 
0.020 0.994 0.063 0.968 1.000 
0.014 0.996 0.045 0.988 0.983 
0.025 0.993 0.065 0.983 0.914 
0.017 0.995 0.091 0.965 0.927 
0.015 0.996 0.077 0.970 0.970 
0.015 0.996 0.055 0.980 0.908 
0.023 0.993 0.129 0.945 0.997 
0.016 0.996 0.035 0.988 0.970 
0.027 0.995 0.060 0.978 0.983 
0.020 0.994 0.289 0.910 0.993 
0.021 0.994 0.069 0.968 0.954 
0.018 0.994 0.114 0.958 0.997 
0.042 0.995 0.057 0.978 0.987 
0.019 0.995 0.148 0.945 1.000 
0.020 0.994 0.129 0.958 1.000 
0.034 0.991 0.124 0.950 0.983 
0.039 0.990 0.271 0.910 0.980 
0.018 0.995 0.059 0.985 0.997 
0.012 0.996 0.170 0.945 1.000 
0.016 0.996 0.166 0.940 1.000 
0.016 0.994 0.073 0.978 1.000 
0.015 0.995 0.099 0.960 1.000 
0.021 0.992 0.154 0.950 0.983 
0.017 0.996 0.148 0.945 1.000 
0.016 0.995 0.052 0.978 1.000 
0.022 0.994 0.076 0.963 0.993 
0.022 0.994 0.063 0.970 1.000 
0.012 0.996 0.061 0.980 0.987 
0.019 0.995 0.122 0.948 1.000 
0.015 0.994 0.090 0.988 0.901 
0.025 0.993 0.112 0.965 0.931 
0.038 0.992 0.046 0.988 0.983 
0.018 0.996 0.069 0.975 1.000 
0.017 0.995 0.075 0.980 1.000 
0.027 0.993 0.067 0.978 1.000 
0.018 0.995 0.178 0.932 1.000 
0.021 0.993 0.099 0.965 1.000 
0.010 0.995 0.164 0.940 0.997 
0.009 0.995 0.103 0.958 1.000 
0.021 0.995 0.185 0.935 0.983 
0.029 0.992 0.255 0.915 1.000 
0.016 0.995 0.114 0.963 1.000 
0.016 0.995 0.044 0.985 1.000 
0.021 0.995 0.082 0.968 0.921 
0.011 0.996 0.050 0.985 1.000 
0.017 0.994 0.133 0.963 1.000 
0.012 0.997 0.076 0.975 1.000 
0.016 0.994 0.085 0.965 1.000 
0.016 0.994 0.108 0.963 1.000 
0.034 0.994 0.045 0.988 0.921 
0.017 0.994 0.087 0.970 1.000 
0.018 0.996 0.057 0.988 1.000 
0.011 0.997 0.029 0.990 1.000 
0.027 0.991 0.180 0.932 0.997 
0.013 0.997 0.056 0.988 0.987 
0.028 0.991 0.088 0.973 0.990 
0.020 0.994 0.085 0.973 0.825 
0.022 0.993 0.069 0.978 0.878 
0.027 0.992 0.149 0.950 0.954 
0.017 0.994 0.051 0.985 0.891 
0.015 0.997 0.109 0.963 0.950 
0.016 0.995 0.065 0.983 0.997 
0.016 0.996 0.127 0.963 0.977 
0.012 0.995 0.029 0.988 1.000 
0.017 0.995 0.204 0.922 0.997 
0.021 0.995 0.128 0.950 0.977 
0.019 0.996 0.095 0.963 0.904 
0.024 0.995 0.061 0.985 1.000 
0.026 0.994 0.081 0.975 0.690 
0.026 0.994 0.192 0.930 1.000 
0.022 0.993 0.159 0.950 1.000 
0.018 0.994 0.189 0.925 0.993 
0.016 0.995 0.072 0.980 0.927 
0.018 0.994 0.093 0.965 0.960 
0.013 0.995 0.097 0.958 0.990 
0.017 0.996 0.131 0.953 0.990 
0.023 0.992 0.184 0.920 1.000 
0.038 0.989 0.199 0.915 0.964 
0.024 0.992 0.081 0.970 1.000 
0.023 0.995 0.050 0.980 1.000 
0.021 0.995 0.064 0.980 1.000 
0.016 0.996 0.087 0.963 1.000 
0.019 0.994 0.055 0.980 1.000 
0.011 0.996 0.167 0.935 1.000 
0.016 0.997 0.113 0.958 0.993 
0.018 0.994 0.055 0.983 0.917 
0.013 0.996 0.144 0.958 0.924 
0.032 0.994 0.045 0.990 1.000 
0.020 0.994 0.085 0.968 1.000 
0.016 0.995 0.043 0.985 1.000 
0.025 0.994 0.226 0.922 0.980 
0.030 0.992 0.059 0.980 0.974 
0.012 0.996 0.055 0.978 0.997 
0.019 0.995 0.141 0.940 0.908 
0.039 0.995 0.140 0.950 1.000 
0.017 0.993 0.160 0.943 1.000 
0.018 0.995 0.058 0.983 1.000 
0.015 0.995 0.103 0.963 0.947 
0.010 0.997 0.126 0.953 1.000 
0.013 0.997 0.168 0.945 0.993 
0.015 0.995 0.075 0.973 0.924 
0.026 0.995 0.187 0.935 1.000 
0.017 0.996 0.243 0.915 0.937 
0.023 0.993 0.105 0.960 0.997 
0.013 0.994 0.083 0.965 1.000 
0.022 0.994 0.072 0.970 0.881 
0.016 0.994 0.138 0.965 0.921 
0.022 0.994 0.066 0.983 0.924 
0.024 0.993 0.099 0.958 0.934 
0.017 0.994 0.067 0.975 0.990 
0.014 0.996 0.114 0.963 0.680 
0.014 0.997 0.060 0.975 0.941 
0.015 0.995 0.153 0.950 0.947 
0.033 0.991 0.077 0.963 0.934 
0.017 0.995 0.178 0.938 1.000 
0.014 0.994 0.108 0.960 0.977 
0.020 0.994 0.054 0.983 0.964 
0.013 0.996 0.116 0.955 0.914 
0.020 0.994 0.039 0.983 0.967 
0.023 0.991 0.054 0.973 0.861 
0.025 0.993 0.023 0.993 0.960 
0.023 0.994 0.070 0.978 0.908 
0.014 0.995 0.083 0.968 0.993 
0.016 0.996 0.123 0.958 0.974 
0.014 0.998 0.097 0.965 1.000 
0.024 0.994 0.059 0.983 0.997 
0.019 0.995 0.062 0.983 0.967 
0.018 0.994 0.070 0.975 0.924 
0.012 0.996 0.043 0.988 0.950 
0.030 0.993 0.040 0.985 0.987 
0.016 0.996 0.056 0.983 0.855 
0.018 0.995 0.127 0.953 0.964 
0.015 0.997 0.113 0.955 0.914 
0.020 0.994 0.054 0.973 0.993 
0.031 0.991 0.109 0.963 0.977 
0.018 0.995 0.061 0.975 1.000 
0.014 0.994 0.179 0.945 0.944 
0.022 0.995 0.088 0.970 0.993 
0.007 0.997 0.133 0.963 0.974 
0.016 0.995 0.210 0.915 0.766 
0.015 0.996 0.181 0.945 0.941 
0.033 0.992 0.072 0.968 1.000 
0.021 0.995 0.219 0.915 0.894 
0.016 0.995 0.239 0.915 0.908 
0.022 0.995 0.115 0.953 0.997 
0.014 0.995 0.092 0.970 0.845 
0.022 0.995 0.085 0.973 1.000 
0.021 0.995 0.168 0.943 0.993 
0.017 0.996 0.137 0.955 0.927 
0.025 0.994 0.104 0.960 1.000 
0.037 0.992 0.210 0.932 0.960 
0.022 0.994 0.129 0.960 0.997 
0.052 0.995 0.233 0.932 0.917 
0.033 0.992 0.207 0.932 1.000 
0.026 0.993 0.231 0.920 0.914 
0.026 0.993 0.094 0.968 0.865 
0.019 0.993 0.113 0.958 0.917 
0.019 0.993 0.126 0.955 0.983 
0.015 0.997 0.201 0.930 0.941 
0.013 0.996 0.128 0.955 1.000 
0.024 0.994 0.067 0.983 0.990 
0.027 0.992 0.147 0.943 0.851 
0.015 0.995 0.078 0.968 0.521 
0.013 0.995 0.065 0.980 1.000 
0.013 0.995 0.082 0.975 1.000 
0.010 0.996 0.123 0.970 1.000 
0.015 0.995 0.068 0.978 1.000 
0.014 0.996 0.240 0.912 0.987 
0.013 0.995 0.151 0.973 1.000 
0.034 0.994 0.214 0.960 1.000 
0.028 0.995 0.089 0.965 1.000 
0.022 0.993 0.156 0.935 0.993 
0.023 0.992 0.110 0.958 0.987 
0.021 0.993 0.104 0.958 0.937 
0.013 0.996 0.064 0.983 0.835 
0.028 0.995 0.139 0.945 0.997 
0.017 0.996 0.140 0.950 1.000 
0.013 0.996 0.109 0.953 1.000 
0.022 0.993 0.113 0.958 1.000 
0.017 0.994 0.153 0.948 0.762 
0.027 0.996 0.076 0.973 1.000 
0.012 0.994 0.114 0.960 0.980 
0.019 0.994 0.062 0.980 1.000 
0.010 0.996 0.080 0.968 1.000 
0.022 0.994 0.060 0.985 1.000 
0.012 0.996 0.137 0.955 1.000 
0.017 0.994 0.068 0.975 0.997 
0.013 0.996 0.044 0.985 1.000 
0.012 0.996 0.049 0.988 1.000 
0.017 0.994 0.038 0.985 0.818 
0.021 0.995 0.084 0.965 0.957 
0.018 0.994 0.149 0.948 1.000 
0.021 0.993 0.082 0.970 0.997 
0.018 0.996 0.073 0.975 0.865 
0.019 0.995 0.057 0.980 0.908 
0.026 0.992 0.115 0.955 0.848 
0.024 0.996 0.102 0.958 1.000 
0.018 0.993 0.079 0.970 0.954 
0.012 0.996 0.144 0.955 0.967 
0.017 0.993 0.067 0.980 0.983 
0.010 0.996 0.034 0.985 1.000 
0.019 0.995 0.061 0.980 1.000 
0.017 0.996 0.166 0.938 1.000 
0.020 0.993 0.050 0.988 1.000 
0.006 0.998 0.059 0.980 0.990 
0.028 0.995 0.131 0.963 1.000 
0.044 0.994 0.395 0.965 1.000 
0.060 0.995 0.201 0.963 0.894 
0.044 0.995 0.082 0.980 1.000 
0.022 0.994 0.062 0.980 1.000 
0.021 0.994 0.063 0.985 1.000 
0.039 0.992 0.046 0.988 1.000 
0.013 0.998 0.056 0.988 1.000 
0.020 0.995 0.051 0.985 1.000 
0.016 0.995 0.079 0.975 1.000 
0.021 0.994 0.063 0.980 1.000 
0.019 0.992 0.071 0.970 1.000 
0.017 0.996 0.034 0.988 1.000 
0.015 0.995 0.066 0.978 1.000 
0.019 0.994 0.161 0.940 0.997 
0.028 0.994 0.047 0.988 1.000 
0.027 0.995 0.094 0.965 1.000 
0.016 0.995 0.063 0.980 1.000 
0.016 0.995 0.083 0.973 0.993 
0.020 0.995 0.052 0.985 1.000 
0.029 0.993 0.107 0.960 1.000 
0.014 0.996 0.095 0.985 0.304 
0.037 0.994 0.053 0.985 0.756 
0.017 0.995 0.050 0.988 0.515 
0.018 0.995 0.102 0.960 0.924 
0.016 0.996 0.085 0.983 0.987 
0.033 0.991 0.098 0.968 0.832 
0.014 0.996 0.151 0.938 1.000 
0.015 0.996 0.057 0.985 1.000 
0.019 0.995 0.097 0.968 0.934 
0.018 0.995 0.091 0.975 1.000 
0.018 0.993 0.082 0.965 1.000 
0.012 0.996 0.077 0.973 1.000 
0.025 0.994 0.096 0.950 0.950 
0.021 0.995 0.060 0.988 0.997 
0.018 0.994 0.116 0.950 1.000 
0.033 0.991 0.114 0.953 1.000 
0.009 0.997 0.226 0.915 0.987 
0.014 0.995 0.032 0.988 1.000 
0.026 0.993 0.116 0.958 0.990 
0.017 0.996 0.160 0.970 1.000 
0.029 0.993 0.103 0.955 1.000 
0.023 0.993 0.225 0.922 1.000 
0.036 0.994 0.079 0.965 1.000 
0.017 0.996 0.040 0.988 0.980 
0.015 0.996 0.034 0.988 0.997 
0.022 0.991 0.059 0.980 0.947 
0.016 0.994 0.202 0.922 1.000 
0.024 0.996 0.150 0.935 1.000 
0.017 0.995 0.172 0.930 0.927 
0.018 0.994 0.045 0.983 1.000 
0.020 0.994 0.088 0.970 1.000 
0.015 0.996 0.128 0.943 1.000 
0.017 0.994 0.044 0.985 1.000 
0.022 0.993 0.109 0.955 1.000 
0.011 0.997 0.111 0.958 1.000 
0.008 0.997 0.037 0.988 1.000 
0.024 0.990 0.196 0.927 1.000 
0.014 0.996 0.056 0.985 1.000 
0.035 0.995 0.085 0.970 0.983 
0.024 0.993 0.114 0.948 0.960 
0.024 0.993 0.083 0.963 1.000 
0.012 0.996 0.139 0.940 1.000 
0.011 0.997 0.103 0.963 1.000 
0.021 0.992 0.067 0.978 1.000 
0.016 0.995 0.093 0.963 1.000 
0.014 0.995 0.055 0.983 1.000 
0.016 0.996 0.103 0.958 1.000 
0.016 0.995 0.040 0.985 0.947 
0.011 0.997 0.055 0.978 1.000 
0.013 0.996 0.071 0.973 1.000 
0.031 0.993 0.164 0.945 1.000 
0.017 0.996 0.091 0.983 1.000 
0.035 0.995 0.036 0.988 1.000 
0.016 0.995 0.107 0.958 1.000 
0.018 0.994 0.143 0.943 1.000 
0.016 0.995 0.095 0.965 0.993 
0.030 0.994 0.180 0.932 0.993 
0.013 0.997 0.061 0.983 1.000 
0.016 0.996 0.052 0.985 1.000 
0.021 0.993 0.047 0.983 1.000 
0.023 0.994 0.102 0.965 1.000 
0.015 0.996 0.056 0.980 1.000 
0.022 0.992 0.060 0.980 1.000 
0.014 0.996 0.064 0.980 1.000 
0.017 0.994 0.096 0.958 1.000 
0.014 0.997 0.085 0.970 1.000 
0.010 0.998 0.042 0.988 1.000 
0.022 0.995 0.071 0.975 1.000 
0.018 0.994 0.133 0.953 1.000 
0.019 0.994 0.083 0.975 1.000 
0.019 0.994 0.081 0.970 1.000 
0.026 0.996 0.154 0.943 0.997 
0.011 0.996 0.052 0.983 1.000 
0.013 0.997 0.137 0.948 1.000 
0.020 0.995 0.193 0.950 1.000 
0.021 0.995 0.084 0.965 1.000 
0.019 0.995 0.085 0.970 1.000 
0.020 0.995 0.078 0.970 1.000 
0.018 0.995 0.060 0.980 1.000 
0.014 0.995 0.179 0.938 1.000 
0.020 0.995 0.148 0.938 1.000 
0.017 0.994 0.173 0.932 1.000 
0.019 0.994 0.060 0.975 1.000 
0.020 0.994 0.169 0.955 0.990 
0.012 0.995 0.073 0.978 1.000 
0.015 0.997 0.143 0.950 1.000 
0.021 0.994 0.042 0.988 1.000 
0.018 0.995 0.112 0.958 1.000 
0.018 0.994 0.146 0.948 1.000 
0.020 0.994 0.059 0.978 1.000 
0.015 0.996 0.123 0.955 0.997 
0.018 0.995 0.041 0.988 1.000 
0.021 0.993 0.164 0.940 0.983 
0.014 0.996 0.053 0.983 1.000 
0.037 0.993 0.095 0.955 1.000 
0.012 0.996 0.091 0.963 0.974 
0.022 0.994 0.072 0.975 1.000 
0.014 0.996 0.126 0.958 0.891 
0.009 0.996 0.024 0.988 1.000 
0.014 0.995 0.118 0.953 1.000 
0.015 0.996 0.229 0.922 1.000 
0.016 0.995 0.079 0.975 1.000 
0.015 0.995 0.127 0.953 1.000 
0.023 0.995 0.200 0.935 1.000 
0.018 0.994 0.049 0.983 1.000 
0.013 0.997 0.049 0.988 0.993 
0.021 0.996 0.062 0.985 0.990 
0.012 0.996 0.095 0.965 1.000 
0.015 0.995 0.157 0.945 0.957 
0.018 0.996 0.040 0.988 1.000 
0.021 0.994 0.106 0.958 1.000 
0.009 0.997 0.099 0.955 1.000 
0.020 0.994 0.088 0.965 1.000 
0.023 0.995 0.063 0.983 1.000 
0.037 0.992 0.053 0.980 0.809 
0.033 0.991 0.128 0.978 0.977 
0.017 0.996 0.049 0.988 1.000 
0.018 0.995 0.034 0.990 1.000 
0.018 0.995 0.106 0.960 1.000 
0.019 0.995 0.161 0.938 1.000 
0.016 0.994 0.083 0.978 0.908 
0.011 0.997 0.045 0.985 0.980 
0.016 0.995 0.102 0.955 0.884 
0.019 0.994 0.153 0.943 0.878 
0.033 0.992 0.040 0.985 1.000 
0.015 0.995 0.058 0.980 1.000 
0.016 0.995 0.038 0.988 1.000 
0.014 0.996 0.042 0.988 1.000 
0.012 0.996 0.066 0.978 1.000 
0.016 0.995 0.060 0.985 1.000 
0.010 0.997 0.080 0.983 1.000 
0.017 0.995 0.161 0.950 1.000 
0.037 0.992 0.061 0.975 0.535 
0.015 0.997 0.080 0.973 0.993 
0.024 0.996 0.102 0.958 0.502 
0.020 0.995 0.078 0.978 0.960 
0.016 0.995 0.137 0.943 0.908 
0.023 0.994 0.058 0.980 0.977 
0.013 0.996 0.126 0.963 0.574 
0.020 0.994 0.040 0.985 0.997 
0.031 0.992 0.151 0.943 0.997 
0.018 0.995 0.039 0.985 1.000 
0.010 0.997 0.056 0.983 1.000 
