0.290 0.885 0.196 0.935 1.000 
0.173 0.936 0.160 0.950 1.000 
0.163 0.947 0.148 0.965 1.000 
0.121 0.957 0.175 0.945 1.000 
0.120 0.963 0.077 0.988 1.000 
0.100 0.967 0.065 0.985 1.000 
0.113 0.964 0.145 0.950 1.000 
0.092 0.972 0.115 0.973 1.000 
0.081 0.973 0.117 0.960 1.000 
0.078 0.981 0.093 0.965 1.000 
0.097 0.968 0.071 0.985 1.000 
0.074 0.979 0.096 0.960 1.000 
0.064 0.982 0.061 0.988 1.000 
0.065 0.981 0.103 0.960 1.000 
0.070 0.978 0.106 0.970 1.000 
0.064 0.981 0.105 0.960 1.000 
0.056 0.983 0.105 0.968 1.000 
0.055 0.983 0.126 0.955 1.000 
0.067 0.981 0.119 0.958 1.000 
0.070 0.977 0.105 0.968 1.000 
0.057 0.982 0.110 0.958 1.000 
0.057 0.983 0.104 0.965 1.000 
0.065 0.982 0.088 0.978 1.000 
0.055 0.984 0.085 0.978 0.000 
0.054 0.984 0.064 0.988 1.000 
0.048 0.987 0.124 0.953 1.000 
0.056 0.981 0.109 0.958 1.000 
0.043 0.990 0.084 0.970 1.000 
0.051 0.985 0.071 0.980 1.000 
0.045 0.986 0.084 0.973 1.000 
0.050 0.988 0.126 0.950 1.000 
0.048 0.985 0.184 0.927 1.000 
0.055 0.982 0.114 0.960 1.000 
0.047 0.986 0.118 0.960 1.000 
0.053 0.985 0.084 0.968 1.000 
0.039 0.989 0.068 0.985 0.917 
0.053 0.984 0.093 0.973 0.980 
0.055 0.985 0.144 0.945 0.759 
0.041 0.991 0.077 0.975 1.000 
0.036 0.991 0.128 0.958 1.000 
0.052 0.988 0.094 0.978 1.000 
0.034 0.990 0.124 0.955 1.000 
0.040 0.991 0.102 0.965 1.000 
0.058 0.988 0.112 0.958 1.000 
0.046 0.985 0.089 0.968 0.996 
0.056 0.986 0.101 0.978 1.000 
0.047 0.989 0.100 0.975 0.818 
0.040 0.990 0.083 0.975 1.000 
0.037 0.989 0.087 0.975 0.996 
0.034 0.991 0.090 0.975 1.000 
0.042 0.989 0.096 0.970 1.000 
0.043 0.989 0.103 0.963 1.000 
0.038 0.990 0.062 0.980 1.000 
0.043 0.989 0.140 0.955 1.000 
0.040 0.991 0.182 0.925 1.000 
0.051 0.983 0.110 0.970 0.842 
0.040 0.989 0.112 0.953 1.000 
0.047 0.984 0.095 0.965 0.945 
0.033 0.992 0.092 0.968 0.719 
0.038 0.990 0.112 0.960 0.000 
0.039 0.990 0.081 0.978 1.000 
0.045 0.989 0.097 0.970 1.000 
0.037 0.990 0.076 0.978 0.842 
0.031 0.994 0.129 0.958 1.000 
0.043 0.989 0.054 0.985 0.494 
0.032 0.991 0.078 0.978 0.012 
0.028 0.992 0.090 0.973 0.747 
0.044 0.990 0.086 0.973 1.000 
0.032 0.991 0.146 0.935 0.996 
0.043 0.986 0.091 0.975 1.000 
0.030 0.994 0.071 0.978 1.000 
0.037 0.990 0.080 0.973 1.000 
0.046 0.984 0.085 0.975 1.000 
0.033 0.991 0.072 0.983 0.988 
0.029 0.994 0.067 0.985 1.000 
0.030 0.992 0.051 0.985 1.000 
0.031 0.992 0.076 0.983 0.727 
0.032 0.991 0.081 0.973 0.802 
0.033 0.991 0.074 0.970 1.000 
0.035 0.990 0.086 0.975 1.000 
0.032 0.990 0.082 0.978 1.000 
0.038 0.992 0.097 0.963 1.000 
0.039 0.989 0.100 0.963 1.000 
0.042 0.990 0.100 0.960 1.000 
0.046 0.989 0.077 0.993 0.834 
0.036 0.992 0.077 0.983 1.000 
0.029 0.991 0.227 0.927 0.672 
0.031 0.990 0.094 0.963 0.937 
0.036 0.993 0.102 0.968 1.000 
0.039 0.986 0.094 0.973 0.996 
0.033 0.991 0.073 0.978 0.798 
0.030 0.993 0.117 0.955 1.000 
0.028 0.992 0.111 0.965 0.909 
0.033 0.993 0.086 0.978 0.356 
0.030 0.993 0.117 0.958 0.787 
0.033 0.990 0.125 0.948 0.992 
0.031 0.993 0.086 0.975 0.925 
0.026 0.992 0.097 0.975 0.470 
0.035 0.992 0.073 0.980 0.996 
0.032 0.992 0.248 0.922 0.194 
0.027 0.992 0.101 0.965 0.968 
0.034 0.993 0.121 0.963 0.992 
0.031 0.991 0.090 0.970 0.723 
0.038 0.990 0.144 0.938 0.960 
0.032 0.993 0.176 0.922 1.000 
0.031 0.992 0.088 0.973 1.000 
0.030 0.993 0.188 0.925 1.000 
0.033 0.991 0.136 0.940 0.996 
0.037 0.991 0.094 0.963 0.996 
0.038 0.990 0.101 0.958 0.964 
0.032 0.992 0.139 0.940 0.996 
0.030 0.992 0.099 0.960 1.000 
0.034 0.991 0.096 0.973 0.854 
0.034 0.991 0.208 0.922 0.996 
0.030 0.991 0.286 0.935 1.000 
0.034 0.992 0.108 0.958 1.000 
0.029 0.993 0.052 0.980 1.000 
0.032 0.992 0.148 0.940 1.000 
0.032 0.991 0.093 0.968 1.000 
0.028 0.993 0.057 0.983 0.992 
0.031 0.992 0.105 0.958 1.000 
0.030 0.991 0.185 0.935 1.000 
0.026 0.994 0.085 0.970 1.000 
0.027 0.993 0.136 0.965 0.822 
0.037 0.992 0.164 0.927 0.996 
0.031 0.993 0.168 0.932 0.798 
0.033 0.991 0.068 0.980 0.838 
0.039 0.989 0.069 0.978 0.628 
0.033 0.991 0.202 0.938 1.000 
0.035 0.992 0.096 0.970 0.988 
0.041 0.992 0.291 0.915 0.498 
0.027 0.994 0.118 0.953 0.217 
0.037 0.993 0.136 0.943 0.723 
0.029 0.991 0.130 0.953 0.862 
0.030 0.994 0.130 0.953 1.000 
0.027 0.993 0.110 0.973 0.447 
0.028 0.991 0.142 0.940 1.000 
0.023 0.994 0.204 0.927 1.000 
0.032 0.991 0.109 0.955 0.506 
0.025 0.993 0.158 0.935 0.842 
0.027 0.991 0.105 0.968 1.000 
0.027 0.993 0.078 0.980 0.787 
0.027 0.994 0.083 0.970 1.000 
0.031 0.991 0.211 0.927 0.909 
0.025 0.996 0.123 0.953 0.802 
0.032 0.992 0.058 0.985 0.759 
0.039 0.990 0.126 0.935 1.000 
0.029 0.992 0.082 0.970 0.885 
0.022 0.995 0.136 0.945 0.992 
0.030 0.992 0.053 0.980 0.996 
0.032 0.992 0.145 0.927 0.996 
0.027 0.993 0.067 0.978 0.945 
0.027 0.994 0.081 0.965 0.913 
0.024 0.992 0.103 0.960 1.000 
0.029 0.993 0.136 0.945 1.000 
0.031 0.992 0.097 0.963 0.818 
0.034 0.994 0.070 0.975 1.000 
0.034 0.993 0.056 0.990 0.889 
0.037 0.992 0.052 0.983 0.933 
0.028 0.993 0.097 0.968 0.992 
0.022 0.996 0.172 0.932 0.470 
0.018 0.997 0.192 0.938 1.000 
0.027 0.994 0.068 0.975 0.964 
0.029 0.993 0.158 0.940 0.553 
0.032 0.990 0.120 0.945 0.929 
0.031 0.991 0.119 0.948 1.000 
0.027 0.993 0.157 0.925 1.000 
0.025 0.993 0.148 0.945 0.964 
0.025 0.993 0.150 0.943 1.000 
0.025 0.994 0.191 0.930 0.984 
0.029 0.992 0.271 0.938 0.964 
0.032 0.992 0.154 0.945 0.597 
0.030 0.994 0.150 0.943 0.972 
0.028 0.992 0.145 0.953 0.941 
0.023 0.993 0.100 0.965 0.522 
0.029 0.993 0.134 0.945 0.486 
0.022 0.996 0.109 0.958 0.949 
0.030 0.993 0.167 0.930 0.810 
0.030 0.992 0.213 0.927 0.846 
0.022 0.995 0.148 0.950 0.968 
0.036 0.991 0.152 0.958 0.534 
0.034 0.992 0.077 0.975 0.901 
0.031 0.992 0.131 0.953 0.704 
0.026 0.993 0.198 0.940 0.806 
0.031 0.991 0.129 0.955 0.996 
0.024 0.993 0.131 0.948 0.960 
0.016 0.995 0.180 0.958 0.573 
0.025 0.993 0.145 0.948 0.976 
0.026 0.995 0.135 0.953 0.850 
0.028 0.991 0.111 0.968 1.000 
0.025 0.993 0.126 0.940 0.988 
0.024 0.995 0.092 0.975 0.992 
0.026 0.993 0.180 0.943 0.783 
0.027 0.990 0.183 0.935 0.933 
0.024 0.993 0.105 0.968 0.996 
0.031 0.992 0.130 0.945 0.964 
0.028 0.993 0.137 0.943 0.312 
0.028 0.992 0.090 0.975 0.945 
0.023 0.994 0.098 0.975 0.901 
0.028 0.992 0.117 0.965 0.992 
0.023 0.995 0.205 0.930 0.976 
0.024 0.994 0.099 0.965 0.502 
0.023 0.995 0.108 0.970 0.996 
0.022 0.995 0.143 0.943 1.000 
0.027 0.993 0.114 0.965 0.953 
0.020 0.996 0.182 0.943 0.881 
0.027 0.993 0.188 0.927 0.996 
0.020 0.994 0.195 0.927 0.968 
0.032 0.992 0.150 0.945 0.893 
0.034 0.991 0.214 0.915 0.992 
0.035 0.991 0.136 0.958 0.968 
0.026 0.994 0.110 0.978 0.751 
0.028 0.993 0.143 0.958 0.130 
0.031 0.992 0.292 0.902 0.937 
0.024 0.993 0.119 0.968 0.870 
0.023 0.995 0.136 0.943 0.925 
0.026 0.994 0.116 0.955 0.968 
0.016 0.995 0.183 0.945 0.640 
0.019 0.994 0.130 0.958 0.996 
0.028 0.992 0.133 0.970 0.870 
0.019 0.995 0.145 0.935 0.352 
0.029 0.993 0.149 0.922 0.992 
0.029 0.991 0.111 0.973 0.826 
0.025 0.992 0.225 0.917 0.992 
0.022 0.993 0.127 0.963 0.996 
0.022 0.993 0.130 0.958 0.921 
0.025 0.995 0.063 0.978 1.000 
0.018 0.995 0.134 0.950 0.810 
0.029 0.994 0.156 0.932 0.589 
0.029 0.994 0.118 0.963 0.549 
0.029 0.993 0.195 0.920 1.000 
0.019 0.996 0.196 0.932 1.000 
0.041 0.990 0.139 0.948 0.996 
0.018 0.995 0.125 0.975 0.897 
0.024 0.994 0.121 0.963 1.000 
0.025 0.993 0.176 0.925 1.000 
0.025 0.993 0.132 0.948 0.996 
0.015 0.996 0.144 0.945 0.747 
0.023 0.993 0.336 0.907 0.976 
0.016 0.993 0.118 0.963 0.439 
0.022 0.994 0.073 0.975 0.660 
0.014 0.996 0.156 0.950 0.988 
0.040 0.991 0.233 0.905 0.723 
0.019 0.995 0.136 0.945 0.874 
0.019 0.995 0.127 0.965 0.225 
0.021 0.993 0.063 0.988 0.830 
0.024 0.993 0.093 0.970 0.972 
0.019 0.994 0.240 0.922 0.984 
0.023 0.995 0.064 0.980 0.439 
0.023 0.993 0.108 0.973 1.000 
0.024 0.995 0.195 0.932 0.759 
0.023 0.994 0.171 0.948 0.858 
0.027 0.993 0.227 0.930 0.980 
0.020 0.996 0.195 0.925 1.000 
0.026 0.993 0.094 0.973 0.617 
0.027 0.992 0.171 0.943 0.941 
0.018 0.995 0.091 0.970 0.992 
0.026 0.993 0.077 0.973 0.893 
0.031 0.993 0.132 0.943 0.937 
0.026 0.992 0.193 0.950 0.534 
0.030 0.991 0.129 0.958 0.992 
0.024 0.993 0.129 0.955 0.945 
0.023 0.993 0.209 0.915 0.953 
0.027 0.994 0.198 0.920 0.996 
0.032 0.993 0.122 0.950 0.960 
0.020 0.995 0.165 0.938 0.858 
0.024 0.994 0.203 0.917 0.996 
0.021 0.995 0.197 0.943 1.000 
0.021 0.995 0.120 0.973 0.229 
0.018 0.997 0.146 0.945 0.383 
0.014 0.996 0.184 0.953 0.190 
0.028 0.993 0.140 0.958 0.146 
0.028 0.994 0.127 0.950 1.000 
0.028 0.994 0.143 0.950 0.842 
0.024 0.991 0.153 0.932 0.996 
0.024 0.993 0.295 0.912 0.901 
0.020 0.993 0.131 0.958 0.660 
0.021 0.995 0.226 0.920 0.996 
0.022 0.993 0.210 0.948 0.917 
0.013 0.997 0.084 0.980 0.348 
0.020 0.994 0.181 0.943 0.945 
0.019 0.994 0.238 0.920 0.794 
0.029 0.993 0.233 0.938 0.731 
0.031 0.990 0.139 0.960 0.233 
0.033 0.993 0.138 0.948 0.972 
0.019 0.995 0.378 0.910 0.601 
0.021 0.995 0.552 0.912 0.964 
0.020 0.996 0.299 0.920 0.996 
0.019 0.994 0.196 0.925 0.960 
0.023 0.994 0.173 0.935 0.972 
0.024 0.994 0.147 0.968 1.000 
0.019 0.996 0.262 0.935 0.953 
0.026 0.991 0.109 0.973 0.893 
0.016 0.995 0.144 0.948 0.783 
0.024 0.993 0.196 0.932 1.000 
0.023 0.994 0.207 0.932 0.988 
0.015 0.997 0.107 0.965 1.000 
0.027 0.993 0.288 0.910 0.949 
0.022 0.993 0.332 0.900 1.000 
0.016 0.995 0.127 0.953 1.000 
0.028 0.992 0.251 0.927 0.079 
0.030 0.991 0.113 0.965 0.217 
0.023 0.996 0.099 0.963 0.953 
0.031 0.993 0.347 0.905 0.885 
0.022 0.995 0.197 0.927 0.968 
0.017 0.995 0.163 0.960 0.553 
0.027 0.990 0.136 0.950 0.767 
0.014 0.996 0.117 0.955 1.000 
0.019 0.995 0.154 0.945 0.988 
0.019 0.993 0.252 0.925 1.000 
0.018 0.994 0.152 0.953 1.000 
0.023 0.993 0.146 0.940 0.953 
0.024 0.994 0.232 0.927 0.949 
0.021 0.994 0.283 0.915 0.929 
0.019 0.995 0.179 0.980 0.941 
0.028 0.995 0.294 0.925 0.988 
0.016 0.997 0.087 0.983 0.992 
0.022 0.994 0.156 0.953 0.984 
0.038 0.992 0.242 0.920 0.984 
0.027 0.992 0.211 0.915 0.984 
0.021 0.994 0.251 0.927 0.996 
0.022 0.991 0.305 0.910 1.000 
0.014 0.997 0.154 0.958 0.980 
0.024 0.994 0.117 0.983 0.265 
0.027 0.994 0.203 0.935 0.818 
0.011 0.998 0.172 0.938 0.996 
0.022 0.994 0.144 0.955 0.897 
0.024 0.995 0.301 0.905 0.972 
0.032 0.992 0.345 0.920 0.755 
0.053 0.994 0.215 0.922 0.842 
0.023 0.993 0.291 0.907 1.000 
0.021 0.994 0.236 0.927 0.964 
0.020 0.995 0.120 0.975 0.530 
0.020 0.995 0.236 0.922 0.972 
0.028 0.994 0.180 0.935 0.933 
0.018 0.993 0.268 0.922 1.000 
0.016 0.997 0.263 0.915 0.996 
0.028 0.992 0.695 0.900 0.842 
0.027 0.994 0.157 0.940 1.000 
0.018 0.997 0.246 0.922 1.000 
0.024 0.994 0.312 0.907 1.000 
0.016 0.997 0.299 0.925 0.984 
0.034 0.994 0.237 0.915 1.000 
0.023 0.993 0.196 0.927 1.000 
0.026 0.991 0.108 0.973 0.972 
0.019 0.994 0.140 0.958 1.000 
0.016 0.996 0.181 0.945 1.000 
0.030 0.991 0.204 0.922 0.996 
0.020 0.995 0.176 0.963 0.913 
0.026 0.995 0.347 0.907 1.000 
0.032 0.993 0.142 0.958 0.996 
0.017 0.994 0.206 0.938 1.000 
0.023 0.995 0.220 0.915 0.996 
0.022 0.998 0.176 0.940 1.000 
0.019 0.993 0.193 0.945 0.387 
0.027 0.991 0.260 0.920 0.806 
0.023 0.994 0.277 0.902 0.945 
0.018 0.994 0.312 0.902 0.976 
0.016 0.993 0.195 0.930 1.000 
0.022 0.994 0.088 0.978 0.976 
0.020 0.995 0.175 0.938 1.000 
0.022 0.993 0.122 0.958 0.889 
0.029 0.994 0.147 0.948 1.000 
0.018 0.995 0.210 0.925 0.972 
0.022 0.994 0.206 0.922 0.862 
0.025 0.993 0.380 0.902 0.953 
0.014 0.997 0.160 0.950 0.826 
0.028 0.993 0.138 0.958 1.000 
0.023 0.994 0.123 0.953 0.763 
0.025 0.994 0.176 0.938 1.000 
0.017 0.993 0.428 0.922 0.980 
0.029 0.996 0.242 0.927 0.996 
0.027 0.993 0.268 0.922 1.000 
0.017 0.995 0.159 0.960 0.905 
0.026 0.994 0.190 0.948 1.000 
0.015 0.996 0.197 0.958 1.000 
0.028 0.995 0.116 0.963 0.945 
0.019 0.995 0.185 0.968 0.783 
0.022 0.993 0.310 0.922 1.000 
0.024 0.995 0.265 0.917 1.000 
0.020 0.996 0.182 0.953 0.818 
0.024 0.993 0.203 0.927 0.988 
0.021 0.993 0.300 0.917 0.996 
0.029 0.992 0.211 0.925 1.000 
0.012 0.997 0.398 0.930 0.972 
0.015 0.996 0.135 0.988 0.779 
0.024 0.995 0.218 0.940 0.960 
0.023 0.993 0.093 0.965 1.000 
0.018 0.995 0.079 0.985 1.000 
0.019 0.994 0.220 0.930 0.980 
0.016 0.995 0.125 0.980 0.901 
0.022 0.993 0.132 0.953 1.000 
0.027 0.992 0.258 0.912 0.877 
0.022 0.993 0.158 0.950 0.996 
0.021 0.995 0.166 0.948 0.913 
0.021 0.993 0.249 0.948 0.854 
0.023 0.994 0.200 0.963 1.000 
0.020 0.995 0.198 0.950 0.988 
0.016 0.995 0.229 0.950 0.870 
0.020 0.995 0.172 0.973 0.810 
0.018 0.994 0.096 0.970 1.000 
0.020 0.996 0.148 0.960 0.921 
0.014 0.996 0.278 0.938 0.917 
0.028 0.992 0.132 0.968 0.996 
0.021 0.996 0.342 0.920 0.953 
0.025 0.993 0.221 0.955 0.917 
0.018 0.996 0.203 0.945 1.000 
0.020 0.994 0.226 0.922 0.992 
0.021 0.994 0.267 0.917 0.992 
0.025 0.996 0.075 0.975 1.000 
0.016 0.996 0.097 0.975 0.806 
0.028 0.992 0.401 0.912 0.996 
0.035 0.996 0.213 0.950 1.000 
0.028 0.994 0.320 0.915 1.000 
0.026 0.993 0.207 0.958 0.968 
0.018 0.995 0.485 0.912 1.000 
0.027 0.993 0.164 0.978 0.929 
0.020 0.994 0.241 0.930 1.000 
0.019 0.995 0.396 0.912 1.000 
0.020 0.995 0.344 0.922 1.000 
0.019 0.994 0.234 0.958 1.000 
0.020 0.994 0.245 0.953 1.000 
0.020 0.995 0.151 0.960 0.945 
0.025 0.994 0.243 0.940 0.996 
0.021 0.997 0.133 0.973 0.941 
0.022 0.994 0.241 0.950 0.901 
0.016 0.997 0.251 0.955 0.996 
0.016 0.997 0.301 0.948 0.909 
0.028 0.992 0.164 0.953 1.000 
0.022 0.992 0.221 0.968 0.984 
0.023 0.995 0.216 0.948 1.000 
0.015 0.994 0.224 0.965 0.996 
0.020 0.994 0.156 0.963 1.000 
0.020 0.995 0.068 0.980 0.968 
0.018 0.995 0.190 0.948 0.980 
0.021 0.993 0.239 0.935 0.996 
0.026 0.994 0.216 0.922 1.000 
0.013 0.997 0.346 0.915 1.000 
0.026 0.995 0.127 0.960 1.000 
0.025 0.994 0.169 0.963 0.996 
0.024 0.995 0.290 0.917 0.992 
0.025 0.992 0.200 0.938 1.000 
0.014 0.996 0.232 0.938 0.996 
0.025 0.992 0.334 0.910 0.980 
0.021 0.994 0.204 0.950 1.000 
0.014 0.997 0.356 0.925 1.000 
0.029 0.994 0.185 0.960 1.000 
0.036 0.991 0.318 0.925 1.000 
0.045 0.990 0.315 0.912 1.000 
0.015 0.995 0.232 0.935 1.000 
0.021 0.993 0.272 0.932 1.000 
0.018 0.996 0.228 0.930 0.980 
0.016 0.997 0.318 0.927 0.992 
0.021 0.995 0.206 0.940 1.000 
0.016 0.995 0.279 0.943 0.957 
0.026 0.994 0.094 0.975 1.000 
0.045 0.990 0.282 0.910 0.980 
0.018 0.995 0.313 0.907 0.976 
0.023 0.995 0.170 0.953 0.905 
0.021 0.994 0.531 0.935 0.941 
0.029 0.992 0.197 0.932 0.984 
0.018 0.996 0.297 0.907 1.000 
0.015 0.996 0.320 0.915 1.000 
0.014 0.996 0.256 0.930 0.949 
0.018 0.995 0.292 0.920 1.000 
0.018 0.996 0.215 0.945 1.000 
0.021 0.994 0.356 0.930 1.000 
0.018 0.995 0.257 0.938 1.000 
0.031 0.993 0.379 0.915 0.996 
0.023 0.993 0.126 0.958 0.980 
0.018 0.994 0.289 0.910 0.988 
0.025 0.994 0.257 0.940 0.933 
0.025 0.995 0.210 0.935 0.921 
0.021 0.993 0.111 0.980 0.945 
0.016 0.995 0.300 0.920 1.000 
0.024 0.993 0.115 0.978 0.850 
0.018 0.996 0.313 0.925 0.988 
0.021 0.994 0.238 0.948 1.000 
0.016 0.994 0.305 0.922 1.000 
0.020 0.995 0.294 0.925 0.708 
0.014 0.997 0.202 0.953 0.949 
0.019 0.995 0.166 0.965 0.838 
0.016 0.995 0.197 0.950 1.000 
0.016 0.995 0.158 0.965 0.972 
0.027 0.994 0.141 0.953 1.000 
0.018 0.997 0.200 0.955 1.000 
0.026 0.994 0.303 0.948 1.000 
0.023 0.995 0.175 0.955 1.000 
0.041 0.992 0.336 0.907 0.960 
0.018 0.994 0.378 0.902 0.996 
0.020 0.995 0.193 0.958 0.945 
0.014 0.996 0.336 0.925 0.996 
0.016 0.995 0.198 0.953 0.996 
0.015 0.995 0.384 0.912 0.996 
0.017 0.995 0.155 0.960 0.893 
0.017 0.993 0.279 0.938 1.000 
0.029 0.995 0.078 0.975 0.996 
0.023 0.994 0.096 0.973 0.874 
0.022 0.993 0.266 0.925 1.000 
0.015 0.996 0.228 0.935 0.996 
0.017 0.995 0.393 0.922 0.984 
0.024 0.994 0.207 0.935 0.996 
0.021 0.993 0.203 0.945 0.968 
0.016 0.996 0.310 0.925 0.905 
0.021 0.994 0.207 0.945 0.972 
0.025 0.994 0.318 0.930 0.960 
0.019 0.997 0.378 0.958 0.731 
0.026 0.992 0.224 0.965 0.949 
0.019 0.994 0.331 0.925 0.996 
0.012 0.997 0.309 0.973 0.885 
0.019 0.996 0.303 0.938 0.964 
0.019 0.995 0.344 0.920 1.000 
0.016 0.996 0.460 0.938 0.984 
0.018 0.996 0.429 0.920 0.996 
0.027 0.996 0.231 0.940 0.866 
0.018 0.996 0.453 0.897 0.968 
0.019 0.995 0.213 0.965 1.000 
0.020 0.994 0.450 0.917 0.996 
0.022 0.994 0.236 0.988 1.000 
0.015 0.995 0.419 0.958 0.601 
0.017 0.996 0.320 0.950 0.980 
0.017 0.996 0.376 0.925 0.933 
0.014 0.995 0.428 0.935 0.976 
0.016 0.996 0.294 0.940 1.000 
0.017 0.995 0.297 0.980 0.893 
0.018 0.995 0.356 0.932 0.988 
0.024 0.993 0.238 0.938 0.992 
0.016 0.996 0.306 0.975 0.960 
0.035 0.991 0.310 0.917 0.992 
0.017 0.995 0.331 0.917 1.000 
0.017 0.995 0.223 0.975 0.984 
0.019 0.996 0.272 0.958 0.498 
0.026 0.993 0.380 0.935 0.423 
0.021 0.995 0.377 0.910 1.000 
0.019 0.995 0.369 0.915 1.000 
0.010 0.995 0.301 0.948 1.000 
0.016 0.995 0.310 0.960 1.000 
0.030 0.996 0.274 0.922 1.000 
0.019 0.994 0.243 0.938 0.949 
0.016 0.995 0.163 0.965 0.941 
0.019 0.996 0.189 0.965 0.814 
0.025 0.993 0.304 0.920 0.964 
0.018 0.996 0.278 0.945 0.976 
0.042 0.993 0.296 0.927 1.000 
0.013 0.997 0.261 0.958 0.953 
0.019 0.995 0.295 0.943 1.000 
0.020 0.994 0.469 0.912 0.992 
0.017 0.995 0.238 0.970 0.957 
0.017 0.994 0.306 0.950 0.972 
0.016 0.995 0.259 0.970 1.000 
0.016 0.995 0.358 0.920 1.000 
0.015 0.994 0.433 0.907 1.000 
0.016 0.995 0.220 0.970 0.988 
0.013 0.997 0.376 0.925 1.000 
0.042 0.995 0.150 0.975 0.834 
0.015 0.995 0.380 0.910 0.933 
0.016 0.995 0.285 0.927 1.000 
0.013 0.995 0.604 0.897 0.988 
0.020 0.995 0.228 0.940 0.996 
0.017 0.994 0.318 0.910 1.000 
0.019 0.995 0.166 0.955 0.925 
0.024 0.994 0.303 0.910 0.980 
0.047 0.992 0.228 0.950 0.988 
0.025 0.992 0.155 0.945 1.000 
0.017 0.995 0.088 0.968 0.960 
0.018 0.994 0.126 0.958 0.953 
0.018 0.995 0.076 0.978 0.889 
0.020 0.995 0.083 0.978 0.897 
0.010 0.997 0.211 0.953 0.953 
0.018 0.995 0.262 0.912 1.000 
0.012 0.997 0.310 0.922 0.905 
0.015 0.996 0.267 0.932 0.723 
0.016 0.996 0.255 0.927 0.957 
0.018 0.995 0.213 0.953 0.838 
0.016 0.995 0.107 0.978 0.925 
0.019 0.995 0.178 0.950 0.885 
0.015 0.994 0.383 0.907 0.992 
0.033 0.993 0.286 0.920 0.905 
0.018 0.994 0.211 0.953 0.988 
0.015 0.996 0.217 0.960 0.996 
0.015 0.997 0.230 0.945 0.996 
0.017 0.996 0.547 0.900 0.992 
0.024 0.995 0.140 0.953 0.992 
0.016 0.996 0.301 0.912 0.976 
0.012 0.997 0.283 0.917 0.988 
0.007 0.998 0.142 0.970 1.000 
0.012 0.997 0.184 0.960 0.877 
0.017 0.996 0.096 0.970 1.000 
0.018 0.996 0.136 0.968 0.889 
0.015 0.996 0.091 0.968 1.000 
0.019 0.995 0.323 0.912 0.972 
0.024 0.993 0.192 0.965 0.917 
0.019 0.994 0.208 0.953 1.000 
0.023 0.994 0.201 0.943 1.000 
0.016 0.995 0.235 0.935 0.945 
0.016 0.994 0.180 0.950 0.996 
0.011 0.996 0.164 0.968 0.937 
0.022 0.996 0.224 0.932 0.897 
0.014 0.995 0.137 0.963 0.889 
0.027 0.994 0.198 0.935 1.000 
0.025 0.994 0.113 0.978 0.814 
0.021 0.995 0.134 0.963 0.854 
0.016 0.996 0.319 0.905 1.000 
0.012 0.998 0.217 0.940 0.996 
0.028 0.994 0.138 0.950 0.921 
0.011 0.996 0.092 0.980 0.870 
0.011 0.997 0.274 0.935 1.000 
0.024 0.994 0.125 0.970 0.881 
0.028 0.996 0.145 0.960 1.000 
0.021 0.995 0.182 0.968 0.854 
0.018 0.994 0.214 0.963 1.000 
0.018 0.994 0.185 0.955 0.842 
0.018 0.994 0.327 0.917 0.901 
0.013 0.996 0.238 0.948 0.917 
0.020 0.996 0.161 0.950 0.964 
0.021 0.992 0.255 0.917 0.953 
0.010 0.996 0.181 0.975 0.905 
0.021 0.993 0.254 0.945 0.992 
0.021 0.995 0.073 0.975 0.992 
0.021 0.995 0.147 0.975 0.976 
0.019 0.994 0.199 0.950 0.557 
0.024 0.994 0.237 0.925 0.941 
0.016 0.995 0.272 0.922 0.941 
0.013 0.996 0.178 0.980 0.775 
0.019 0.995 0.285 0.925 0.988 
0.020 0.996 0.296 0.920 0.917 
0.023 0.994 0.270 0.927 0.945 
0.016 0.996 0.204 0.960 0.901 
0.019 0.996 0.120 0.980 0.818 
0.021 0.993 0.157 0.955 0.921 
0.013 0.995 0.175 0.953 0.806 
0.028 0.994 0.293 0.917 0.826 
0.020 0.995 0.246 0.932 0.953 
0.025 0.994 0.150 0.955 0.996 
0.012 0.996 0.323 0.915 0.996 
0.018 0.994 0.273 0.910 0.996 
0.031 0.994 0.243 0.917 0.941 
0.014 0.996 0.199 0.950 0.992 
0.015 0.996 0.140 0.978 0.996 
0.021 0.995 0.119 0.968 0.905 
0.015 0.996 0.229 0.925 0.996 
0.029 0.995 0.259 0.950 0.850 
0.013 0.996 0.268 0.938 1.000 
0.018 0.996 0.260 0.927 1.000 
0.014 0.994 0.332 0.920 1.000 
0.019 0.994 0.179 0.965 1.000 
0.017 0.995 0.200 0.960 0.984 
0.012 0.997 0.151 0.980 0.972 
0.020 0.995 0.167 0.958 0.929 
0.014 0.997 0.196 0.958 1.000 
0.022 0.996 0.237 0.925 1.000 
0.030 0.995 0.125 0.965 0.775 
0.014 0.996 0.193 0.960 0.909 
0.016 0.996 0.180 0.948 1.000 
0.013 0.997 0.192 0.958 0.980 
0.023 0.994 0.169 0.958 0.992 
0.012 0.996 0.407 0.915 0.992 
0.025 0.993 0.322 0.922 0.850 
0.023 0.994 0.210 0.940 1.000 
0.014 0.996 0.174 0.975 0.901 
0.018 0.994 0.340 0.915 0.996 
0.016 0.995 0.297 0.915 1.000 
0.018 0.996 0.212 0.973 0.984 
0.018 0.994 0.184 0.970 0.925 
0.016 0.996 0.154 0.948 0.976 
0.012 0.997 0.279 0.912 0.941 
0.027 0.991 0.338 0.915 0.984 
0.011 0.997 0.233 0.980 0.838 
0.021 0.994 0.189 0.960 1.000 
0.014 0.996 0.282 0.922 0.984 
0.014 0.997 0.255 0.963 1.000 
0.018 0.996 0.378 0.917 0.964 
0.019 0.994 0.139 0.973 0.885 
0.014 0.995 0.163 0.975 0.925 
0.025 0.993 0.177 0.960 0.826 
0.015 0.994 0.318 0.915 0.874 
0.018 0.996 0.248 0.922 0.988 
0.016 0.995 0.149 0.968 0.953 
0.020 0.995 0.220 0.932 0.988 
0.017 0.996 0.347 0.910 1.000 
0.022 0.994 0.170 0.963 0.953 
0.018 0.995 0.164 0.963 0.992 
0.016 0.996 0.286 0.960 0.854 
0.040 0.994 0.207 0.953 0.925 
0.021 0.994 0.405 0.907 0.960 
0.011 0.995 0.194 0.960 1.000 
0.008 0.998 0.177 0.958 0.941 
0.014 0.994 0.133 0.975 0.972 
0.024 0.995 0.133 0.950 1.000 
0.018 0.995 0.240 0.922 1.000 
0.012 0.998 0.198 0.953 1.000 
0.008 0.999 0.131 0.980 0.988 
0.012 0.997 0.562 0.917 1.000 
0.032 0.995 0.192 0.943 1.000 
0.032 0.994 0.166 0.955 0.996 
0.022 0.993 0.162 0.955 1.000 
0.015 0.996 0.152 0.975 0.905 
0.008 0.997 0.169 0.983 0.806 
0.016 0.995 0.249 0.973 0.300 
0.018 0.996 0.146 0.968 0.802 
0.015 0.995 0.245 0.932 1.000 
0.014 0.995 0.158 0.965 0.988 
0.013 0.997 0.115 0.988 0.933 
0.014 0.995 0.179 0.973 0.621 
0.017 0.995 0.288 0.912 0.980 
0.018 0.995 0.177 0.963 0.913 
0.009 0.998 0.379 0.932 1.000 
0.017 0.996 0.347 0.917 0.933 
0.014 0.996 0.138 0.985 0.996 
0.022 0.994 0.174 0.960 1.000 
0.016 0.996 0.219 0.955 0.972 
0.016 0.995 0.170 0.968 0.996 
0.019 0.995 0.254 0.927 0.992 
0.012 0.996 0.284 0.965 0.838 
0.013 0.996 0.229 0.960 0.945 
0.014 0.996 0.314 0.945 0.988 
0.018 0.996 0.874 0.945 0.526 
0.028 0.993 0.439 0.950 1.000 
0.018 0.994 0.418 0.907 0.996 
0.019 0.995 0.271 0.950 0.988 
0.016 0.997 0.336 0.965 0.921 
0.031 0.994 0.199 0.968 0.941 
0.015 0.995 0.253 0.938 1.000 
0.016 0.994 0.307 0.935 0.933 
0.018 0.996 0.223 0.960 0.913 
0.014 0.996 0.199 0.965 0.897 
0.015 0.996 0.394 0.912 0.925 
0.016 0.995 0.356 0.948 0.992 
0.017 0.996 0.168 0.988 0.988 
0.019 0.995 0.211 0.950 0.984 
0.012 0.995 0.317 0.945 0.941 
0.018 0.994 0.159 0.958 0.957 
0.012 0.997 0.329 0.925 0.988 
0.020 0.996 0.259 0.968 0.806 
0.016 0.994 0.203 0.980 0.427 
0.018 0.996 0.213 0.963 0.968 
0.019 0.996 0.173 0.980 0.526 
0.017 0.993 0.418 0.905 0.984 
0.011 0.997 0.155 0.970 0.992 
0.018 0.995 0.260 0.943 0.996 
0.016 0.995 0.205 0.965 1.000 
0.021 0.995 0.941 0.902 0.996 
0.024 0.995 0.271 0.943 0.941 
0.017 0.995 0.309 0.927 0.976 
0.017 0.998 0.249 0.938 0.996 
0.014 0.996 0.342 0.912 1.000 
0.017 0.998 0.632 0.963 0.901 
0.041 0.993 0.499 0.930 0.992 
0.040 0.992 0.380 0.927 0.964 
0.011 0.995 0.391 0.927 1.000 
0.022 0.993 0.389 0.907 1.000 
0.013 0.996 0.244 0.955 1.000 
0.014 0.997 0.220 0.968 0.850 
0.023 0.990 0.284 0.915 0.996 
0.011 0.998 0.322 0.917 1.000 
0.015 0.997 0.112 0.970 0.949 
0.010 0.996 0.220 0.950 0.949 
0.010 0.997 0.296 0.945 1.000 
0.024 0.993 0.197 0.932 1.000 
0.019 0.993 0.302 0.920 0.984 
0.014 0.996 0.234 0.948 0.929 
0.014 0.995 0.347 0.922 1.000 
0.024 0.994 0.277 0.968 0.660 
0.014 0.996 0.214 0.973 0.941 
0.018 0.995 0.345 0.915 1.000 
0.033 0.995 0.152 0.940 0.996 
0.019 0.994 0.195 0.963 0.870 
0.017 0.993 0.207 0.960 1.000 
0.016 0.994 0.437 0.900 1.000 
0.009 0.997 0.411 0.907 1.000 
0.017 0.993 0.230 0.968 1.000 
0.017 0.996 0.299 0.927 1.000 
0.025 0.995 0.442 0.907 0.917 
0.026 0.995 0.148 0.955 1.000 
0.018 0.994 0.204 0.930 0.921 
0.008 0.998 0.096 0.978 0.996 
0.018 0.994 0.093 0.985 0.941 
0.031 0.997 0.143 0.953 0.992 
0.018 0.995 0.152 0.963 0.937 
0.014 0.996 0.252 0.958 0.577 
0.023 0.993 0.259 0.953 0.723 
0.019 0.994 0.282 0.920 0.988 
0.019 0.993 0.126 0.975 0.996 
0.014 0.996 0.208 0.948 0.968 
0.013 0.995 0.201 0.960 0.885 
0.011 0.997 0.227 0.955 0.992 
0.014 0.997 0.410 0.932 1.000 
0.026 0.995 0.233 0.938 1.000 
0.022 0.995 0.220 0.935 0.996 
0.025 0.994 0.208 0.965 0.992 
0.026 0.993 0.133 0.975 0.814 
0.016 0.996 0.256 0.925 0.941 
0.016 0.995 0.275 0.925 0.968 
0.013 0.998 0.162 0.940 1.000 
0.011 0.997 0.135 0.978 0.874 
0.013 0.997 0.115 0.968 1.000 
0.011 0.996 0.129 0.983 1.000 
0.013 0.996 0.409 0.943 1.000 
0.020 0.995 0.156 0.958 0.996 
0.020 0.996 0.143 0.955 1.000 
0.045 0.991 0.453 0.925 1.000 
0.017 0.996 0.372 0.915 1.000 
0.018 0.996 0.310 0.930 1.000 
0.016 0.994 0.220 0.983 0.984 
0.012 0.997 0.567 0.922 1.000 
0.015 0.995 0.115 0.988 1.000 
0.018 0.994 0.246 0.940 0.964 
0.011 0.997 0.191 0.955 0.739 
0.020 0.993 0.176 0.950 0.889 
0.016 0.995 0.278 0.938 1.000 
0.020 0.994 0.240 0.920 1.000 
0.017 0.996 0.182 0.955 1.000 
0.013 0.996 0.177 0.980 1.000 
0.014 0.995 0.156 0.965 0.984 
0.019 0.995 0.465 0.910 0.972 
0.022 0.992 0.295 0.920 1.000 
0.014 0.995 0.284 0.932 0.960 
0.015 0.997 0.129 0.975 0.964 
0.014 0.994 0.245 0.945 0.992 
0.012 0.997 0.213 0.975 0.423 
0.015 0.994 0.194 0.978 0.976 
0.014 0.996 0.358 0.925 1.000 
0.021 0.997 0.196 0.932 0.972 
0.017 0.996 0.132 0.985 0.988 
0.029 0.995 0.237 0.922 1.000 
0.022 0.993 0.138 0.955 1.000 
0.011 0.997 0.206 0.938 1.000 
0.015 0.994 0.183 0.960 0.976 
0.015 0.995 0.177 0.960 0.996 
0.012 0.997 0.140 0.975 1.000 
0.015 0.996 0.223 0.935 0.996 
0.017 0.994 0.197 0.950 1.000 
0.011 0.997 0.183 0.953 1.000 
0.026 0.996 0.190 0.955 1.000 
0.017 0.996 0.253 0.930 1.000 
0.018 0.995 0.156 0.965 1.000 
0.013 0.997 0.126 0.975 1.000 
0.012 0.996 0.303 0.955 1.000 
0.052 0.995 0.355 0.932 1.000 
0.022 0.996 0.265 0.945 0.964 
0.016 0.998 0.307 0.930 1.000 
0.015 0.997 0.280 0.925 1.000 
0.012 0.997 0.272 0.943 1.000 
0.016 0.996 0.162 0.970 0.992 
0.024 0.992 0.706 0.943 0.913 
0.017 0.994 0.201 0.973 1.000 
0.027 0.995 0.238 0.925 0.996 
0.018 0.994 0.305 0.950 1.000 
0.027 0.995 0.317 0.927 1.000 
0.021 0.996 0.193 0.943 1.000 
0.011 0.996 0.245 0.960 1.000 
0.019 0.996 0.250 0.930 1.000 
0.013 0.996 0.265 0.932 1.000 
0.016 0.995 0.252 0.938 1.000 
0.010 0.996 0.372 0.905 1.000 
0.018 0.995 0.136 0.955 1.000 
0.014 0.996 0.144 0.965 0.854 
0.018 0.995 0.119 0.970 1.000 
0.012 0.996 0.150 0.983 1.000 
0.018 0.995 0.223 0.963 0.941 
0.011 0.998 0.143 0.963 1.000 
0.019 0.995 0.224 0.927 1.000 
0.015 0.996 0.299 0.932 0.992 
0.024 0.994 0.262 0.948 0.976 
0.015 0.994 0.223 0.953 1.000 
0.021 0.995 0.295 0.917 0.996 
0.019 0.995 0.217 0.953 1.000 
0.025 0.996 0.405 0.920 0.925 
0.011 0.997 0.226 0.945 1.000 
0.016 0.995 0.370 0.932 1.000 
0.024 0.994 0.326 0.948 1.000 
0.021 0.995 0.361 0.927 1.000 
0.016 0.997 0.228 0.958 0.976 
0.022 0.995 0.267 0.958 0.976 
0.024 0.994 0.188 0.955 1.000 
0.008 0.997 0.260 0.945 0.984 
0.008 0.997 0.146 0.988 0.992 
0.021 0.993 0.267 0.927 1.000 
0.008 0.997 0.367 0.925 1.000 
0.015 0.996 0.196 0.963 1.000 
0.014 0.997 0.222 0.968 1.000 
0.013 0.996 0.223 0.960 1.000 
0.013 0.995 0.315 0.953 1.000 
0.011 0.997 0.278 0.988 1.000 
0.041 0.994 0.211 0.925 1.000 
0.012 0.997 0.188 0.958 1.000 
0.021 0.993 0.248 0.963 1.000 
0.003 0.998 0.294 0.960 1.000 
0.025 0.994 0.288 0.932 1.000 
0.011 0.996 0.241 0.958 1.000 
0.004 0.998 0.230 0.980 0.996 
0.008 0.997 0.267 0.950 1.000 
0.018 0.996 0.207 0.953 1.000 
0.032 0.994 0.257 0.963 0.992 
0.010 0.997 0.402 0.910 1.000 
0.033 0.996 0.325 0.932 0.870 
0.018 0.996 0.353 0.932 0.976 
0.025 0.994 0.320 0.925 1.000 
0.012 0.996 0.300 0.955 0.996 
0.014 0.996 0.353 0.912 1.000 
0.013 0.996 0.315 0.930 1.000 
0.018 0.995 0.272 0.935 1.000 
0.013 0.996 0.246 0.963 1.000 
0.006 0.998 0.225 0.970 1.000 
0.012 0.995 0.370 0.927 1.000 
0.013 0.996 0.248 0.970 1.000 
0.017 0.996 0.228 0.963 1.000 
0.023 0.993 0.357 0.922 1.000 
0.018 0.994 0.307 0.953 0.996 
0.016 0.994 0.259 0.953 1.000 
0.013 0.996 0.129 0.970 1.000 
0.020 0.996 0.304 0.932 1.000 
0.014 0.996 0.280 0.943 1.000 
0.011 0.997 0.256 0.958 1.000 
0.012 0.997 0.293 0.958 1.000 
0.010 0.997 0.452 0.920 1.000 
0.023 0.995 0.222 0.938 0.996 
0.023 0.994 0.168 0.965 1.000 
0.019 0.995 0.112 0.970 1.000 
0.010 0.997 0.265 0.953 1.000 
0.013 0.995 0.309 0.963 1.000 
0.018 0.996 0.208 0.940 1.000 
0.022 0.994 0.140 0.968 1.000 
0.018 0.995 0.330 0.900 1.000 
0.015 0.997 0.177 0.958 1.000 
0.018 0.995 0.215 0.950 1.000 
0.011 0.997 0.528 0.935 0.992 
0.023 0.996 0.261 0.965 0.992 
0.027 0.996 0.273 0.950 1.000 
0.020 0.993 0.374 0.927 1.000 
0.021 0.995 0.199 0.955 1.000 
0.013 0.997 0.374 0.915 1.000 
0.014 0.996 0.330 0.940 1.000 
0.010 0.997 0.464 0.915 0.996 
0.011 0.995 0.337 0.940 1.000 
0.013 0.997 0.276 0.917 1.000 
0.026 0.995 0.198 0.953 0.996 
0.016 0.997 0.306 0.950 0.941 
0.026 0.994 0.273 0.943 1.000 
0.018 0.995 0.350 0.912 1.000 
0.014 0.996 0.280 0.915 1.000 
0.022 0.994 0.203 0.932 0.996 
0.010 0.996 0.289 0.920 1.000 
0.009 0.997 0.320 0.925 1.000 
0.012 0.996 0.161 0.965 1.000 
0.021 0.994 0.386 0.905 0.988 
0.013 0.997 0.168 0.950 0.964 
0.023 0.994 0.270 0.917 1.000 
0.018 0.994 0.274 0.920 0.960 
0.009 0.995 0.238 0.953 0.783 
0.011 0.997 0.126 0.973 0.992 
0.023 0.994 0.130 0.945 1.000 
0.012 0.996 0.186 0.945 1.000 
0.016 0.996 0.092 0.980 0.846 
0.010 0.997 0.487 0.912 1.000 
0.021 0.995 0.221 0.943 1.000 
0.028 0.992 0.230 0.930 0.996 
0.012 0.998 0.216 0.980 0.190 
0.015 0.996 0.153 0.973 0.992 
0.015 0.996 0.291 0.912 0.964 
0.016 0.995 0.212 0.943 1.000 
0.019 0.995 0.187 0.955 0.972 
0.010 0.997 0.172 0.960 0.885 
0.014 0.995 0.175 0.930 1.000 
0.020 0.994 0.095 0.980 0.960 
0.011 0.995 0.212 0.960 0.854 
0.015 0.996 0.130 0.948 1.000 
0.018 0.996 0.423 0.912 1.000 
0.016 0.995 0.112 0.975 0.992 
0.015 0.995 0.172 0.948 1.000 
0.013 0.996 0.216 0.935 1.000 
0.008 0.998 0.163 0.983 0.957 
0.024 0.995 0.360 0.917 1.000 
0.016 0.996 0.272 0.930 0.996 
0.015 0.995 0.116 0.963 0.300 
0.010 0.996 0.181 0.953 1.000 
0.023 0.995 0.218 0.948 0.960 
0.028 0.995 0.387 0.915 0.960 
0.014 0.994 0.183 0.945 0.874 
0.019 0.994 0.225 0.955 0.976 
0.051 0.996 0.222 0.932 0.960 
0.009 0.997 0.265 0.925 0.972 
0.011 0.997 0.230 0.955 0.482 
0.022 0.996 0.172 0.940 1.000 
0.013 0.996 0.178 0.960 0.992 
0.023 0.995 0.147 0.950 0.996 
0.019 0.994 0.224 0.925 0.957 
0.016 0.996 0.190 0.930 0.968 
0.007 0.998 0.133 0.955 0.905 
0.019 0.994 0.145 0.965 0.870 
0.016 0.994 0.164 0.940 1.000 
0.015 0.997 0.165 0.940 0.767 
0.015 0.996 0.091 0.975 0.992 
0.019 0.994 0.216 0.953 1.000 
0.010 0.997 0.289 0.932 0.826 
0.016 0.997 0.283 0.922 0.672 
0.014 0.995 0.199 0.940 0.996 
0.013 0.995 0.296 0.922 1.000 
0.022 0.995 0.103 0.975 0.893 
0.014 0.996 0.120 0.963 1.000 
