0.290 0.897 0.195 0.912 1.000 
0.163 0.952 0.150 0.943 1.000 
0.155 0.947 0.183 0.948 1.000 
0.116 0.959 0.143 0.953 0.989 
0.095 0.966 0.138 0.943 0.704 
0.117 0.960 0.140 0.950 0.996 
0.094 0.971 0.093 0.970 0.824 
0.077 0.973 0.138 0.970 1.000 
0.068 0.980 0.118 0.960 0.482 
0.087 0.974 0.128 0.953 1.000 
0.082 0.974 0.175 0.910 1.000 
0.070 0.978 0.109 0.960 1.000 
0.061 0.982 0.115 0.950 1.000 
0.067 0.980 0.130 0.945 0.630 
0.077 0.977 0.107 0.958 1.000 
0.053 0.982 0.109 0.958 0.996 
0.073 0.985 0.217 0.902 0.996 
0.059 0.985 0.097 0.975 1.000 
0.063 0.984 0.101 0.970 0.165 
0.070 0.979 0.112 0.960 0.070 
0.078 0.976 0.133 0.953 0.930 
0.052 0.983 0.098 0.963 1.000 
0.055 0.984 0.164 0.927 0.958 
0.040 0.991 0.137 0.950 1.000 
0.055 0.986 0.131 0.948 1.000 
0.048 0.986 0.085 0.978 1.000 
0.048 0.986 0.102 0.968 1.000 
0.050 0.989 0.102 0.963 0.662 
0.049 0.987 0.136 0.945 0.986 
0.046 0.986 0.086 0.968 0.975 
0.043 0.987 0.170 0.917 0.137 
0.048 0.987 0.095 0.965 0.965 
0.054 0.984 0.117 0.950 0.993 
0.067 0.982 0.111 0.958 0.965 
0.041 0.987 0.192 0.920 1.000 
0.041 0.988 0.094 0.970 0.144 
0.037 0.989 0.098 0.963 0.996 
0.038 0.992 0.081 0.975 0.665 
0.058 0.984 0.126 0.948 0.792 
0.047 0.987 0.151 0.935 0.996 
0.035 0.989 0.103 0.958 0.641 
0.057 0.986 0.153 0.940 0.813 
0.050 0.988 0.096 0.973 0.613 
0.038 0.986 0.132 0.948 0.944 
0.053 0.985 0.140 0.932 0.898 
0.041 0.988 0.094 0.965 0.908 
0.040 0.990 0.125 0.948 0.951 
0.034 0.993 0.081 0.975 1.000 
0.035 0.991 0.104 0.965 1.000 
0.032 0.990 0.086 0.973 1.000 
0.038 0.989 0.103 0.963 0.901 
0.035 0.992 0.161 0.935 0.993 
0.041 0.988 0.132 0.953 0.961 
0.037 0.988 0.139 0.943 1.000 
0.040 0.987 0.108 0.953 1.000 
0.036 0.990 0.133 0.948 0.011 
0.030 0.993 0.165 0.943 1.000 
0.032 0.990 0.104 0.968 1.000 
0.036 0.989 0.097 0.968 0.986 
0.025 0.994 0.126 0.955 1.000 
0.030 0.991 0.122 0.953 0.898 
0.043 0.988 0.143 0.938 1.000 
0.033 0.993 0.201 0.935 0.785 
0.033 0.990 0.093 0.968 0.440 
0.028 0.992 0.134 0.950 1.000 
0.042 0.988 0.131 0.948 1.000 
0.033 0.990 0.196 0.925 1.000 
0.039 0.988 0.092 0.970 1.000 
0.031 0.993 0.120 0.958 0.345 
0.029 0.993 0.174 0.932 0.835 
0.043 0.987 0.113 0.958 0.993 
0.043 0.988 0.139 0.943 1.000 
0.035 0.990 0.089 0.973 0.908 
0.031 0.990 0.152 0.938 0.965 
0.035 0.991 0.086 0.973 0.975 
0.032 0.991 0.131 0.950 0.778 
0.039 0.990 0.139 0.943 0.993 
0.029 0.992 0.125 0.960 0.004 
0.030 0.992 0.108 0.960 0.961 
0.028 0.992 0.146 0.945 0.880 
0.030 0.991 0.128 0.958 0.958 
0.032 0.992 0.082 0.975 0.979 
0.033 0.991 0.094 0.970 0.077 
0.019 0.996 0.102 0.968 0.923 
0.027 0.995 0.126 0.953 0.996 
0.037 0.991 0.081 0.978 0.996 
0.025 0.992 0.139 0.955 0.996 
0.042 0.991 0.238 0.920 0.947 
0.036 0.992 0.137 0.958 1.000 
0.033 0.991 0.164 0.940 0.965 
0.034 0.989 0.119 0.958 0.986 
0.019 0.995 0.127 0.950 0.975 
0.014 0.996 0.109 0.965 0.595 
0.027 0.992 0.113 0.963 1.000 
0.032 0.989 0.114 0.953 1.000 
0.026 0.991 0.131 0.950 0.996 
0.034 0.991 0.170 0.925 0.989 
0.027 0.993 0.105 0.960 0.996 
0.026 0.994 0.164 0.953 0.996 
0.023 0.995 0.125 0.948 1.000 
0.022 0.996 0.117 0.963 1.000 
0.023 0.995 0.144 0.948 1.000 
0.036 0.990 0.154 0.940 0.863 
0.033 0.990 0.060 0.978 0.996 
0.029 0.991 0.108 0.965 1.000 
0.022 0.993 0.107 0.960 1.000 
0.025 0.993 0.084 0.975 0.993 
0.033 0.994 0.126 0.945 0.965 
0.032 0.993 0.159 0.938 0.891 
0.038 0.990 0.112 0.958 0.465 
0.032 0.992 0.213 0.925 0.937 
0.025 0.993 0.126 0.955 0.996 
0.038 0.990 0.091 0.970 0.873 
0.026 0.993 0.202 0.930 0.356 
0.030 0.993 0.147 0.950 1.000 
0.026 0.992 0.177 0.943 0.975 
0.025 0.995 0.108 0.968 0.989 
0.031 0.992 0.121 0.958 0.979 
0.030 0.993 0.140 0.935 0.764 
0.026 0.993 0.235 0.925 0.859 
0.029 0.991 0.122 0.943 0.947 
0.019 0.995 0.122 0.948 1.000 
0.033 0.992 0.108 0.958 1.000 
0.028 0.993 0.113 0.965 0.996 
0.027 0.991 0.165 0.940 1.000 
0.034 0.993 0.153 0.945 1.000 
0.035 0.991 0.194 0.935 0.996 
0.023 0.995 0.110 0.953 1.000 
0.028 0.991 0.097 0.960 0.996 
0.026 0.990 0.169 0.930 1.000 
0.028 0.990 0.097 0.958 0.996 
0.021 0.993 0.293 0.927 1.000 
0.034 0.988 0.145 0.948 0.996 
0.030 0.993 0.159 0.948 1.000 
0.021 0.995 0.235 0.932 0.996 
0.026 0.992 0.195 0.927 0.996 
0.021 0.995 0.169 0.932 1.000 
0.028 0.991 0.164 0.955 0.877 
0.023 0.994 0.086 0.980 0.919 
0.026 0.993 0.103 0.963 0.996 
0.019 0.993 0.154 0.945 0.993 
0.036 0.992 0.165 0.948 0.996 
0.020 0.993 0.203 0.938 0.947 
0.023 0.996 0.179 0.943 0.873 
0.023 0.996 0.127 0.960 0.370 
0.023 0.993 0.127 0.960 0.039 
0.028 0.991 0.212 0.925 0.951 
0.019 0.996 0.136 0.950 0.996 
0.014 0.996 0.187 0.932 0.923 
0.017 0.995 0.123 0.960 0.880 
0.033 0.991 0.172 0.932 0.996 
0.043 0.989 0.269 0.915 0.993 
0.027 0.991 0.125 0.965 0.951 
0.019 0.994 0.114 0.960 1.000 
0.024 0.992 0.085 0.970 1.000 
0.023 0.993 0.117 0.963 1.000 
0.024 0.991 0.094 0.968 0.359 
0.035 0.993 0.454 0.897 0.996 
0.028 0.990 0.184 0.925 0.996 
0.027 0.993 0.111 0.955 0.025 
0.027 0.992 0.147 0.938 1.000 
0.020 0.995 0.218 0.932 0.574 
0.023 0.995 0.096 0.970 1.000 
0.022 0.996 0.108 0.968 1.000 
0.021 0.995 0.135 0.955 0.982 
0.029 0.993 0.095 0.968 1.000 
0.025 0.993 0.186 0.943 0.951 
0.018 0.996 0.167 0.940 0.937 
0.021 0.994 0.160 0.938 1.000 
0.023 0.994 0.116 0.955 0.996 
0.017 0.995 0.131 0.955 0.915 
0.025 0.994 0.188 0.958 0.151 
0.029 0.992 0.146 0.963 0.947 
0.021 0.993 0.303 0.920 0.384 
0.029 0.993 0.197 0.935 0.599 
0.024 0.993 0.200 0.930 0.440 
0.017 0.997 0.130 0.958 0.000 
0.018 0.996 0.251 0.930 0.877 
0.034 0.991 0.130 0.945 0.141 
0.028 0.994 0.148 0.958 0.986 
0.019 0.996 0.128 0.963 0.349 
0.025 0.993 0.234 0.912 0.739 
0.026 0.994 0.222 0.915 0.384 
0.029 0.995 0.237 0.930 0.996 
0.027 0.992 0.124 0.965 0.021 
0.023 0.994 0.143 0.955 0.996 
0.017 0.995 0.123 0.960 0.968 
0.017 0.995 0.236 0.932 0.937 
0.026 0.995 0.145 0.950 0.982 
0.019 0.996 0.339 0.905 0.725 
0.024 0.993 0.176 0.938 0.996 
0.021 0.993 0.231 0.925 0.102 
0.027 0.993 0.126 0.960 0.996 
0.016 0.996 0.213 0.935 0.968 
0.019 0.995 0.152 0.943 0.099 
0.019 0.995 0.166 0.930 0.236 
0.023 0.995 0.114 0.958 0.919 
0.017 0.995 0.166 0.950 0.810 
0.026 0.992 0.167 0.927 0.887 
0.020 0.995 0.160 0.958 0.232 
0.037 0.991 0.193 0.932 0.884 
0.026 0.994 0.132 0.955 0.845 
0.019 0.996 0.102 0.973 1.000 
0.023 0.995 0.229 0.927 0.996 
0.020 0.993 0.225 0.935 1.000 
0.020 0.992 0.218 0.935 0.996 
0.020 0.995 0.159 0.948 0.996 
0.021 0.994 0.114 0.963 0.996 
0.018 0.995 0.180 0.940 0.859 
0.029 0.995 0.246 0.905 0.827 
0.026 0.993 0.301 0.932 0.711 
0.025 0.994 0.151 0.940 1.000 
0.017 0.993 0.220 0.935 0.313 
0.014 0.997 0.306 0.915 0.775 
0.026 0.994 0.206 0.930 0.838 
0.022 0.993 0.141 0.940 1.000 
0.020 0.995 0.146 0.948 1.000 
0.017 0.996 0.227 0.932 1.000 
0.014 0.996 0.253 0.925 1.000 
0.018 0.995 0.161 0.943 1.000 
0.022 0.995 0.112 0.960 1.000 
0.024 0.993 0.132 0.955 1.000 
0.027 0.993 0.158 0.940 0.817 
0.017 0.995 0.162 0.938 0.820 
0.018 0.996 0.112 0.960 0.137 
0.023 0.993 0.291 0.922 0.989 
0.021 0.995 0.275 0.922 0.993 
0.023 0.994 0.192 0.935 0.996 
0.030 0.994 0.194 0.932 0.996 
0.022 0.995 0.118 0.958 0.662 
0.025 0.992 0.122 0.958 1.000 
0.022 0.994 0.159 0.943 1.000 
0.022 0.994 0.170 0.938 0.996 
0.026 0.996 0.211 0.935 0.958 
0.018 0.996 0.138 0.958 0.771 
0.019 0.996 0.100 0.973 0.996 
0.020 0.992 0.322 0.922 0.996 
0.023 0.993 0.160 0.932 0.951 
0.023 0.994 0.125 0.953 0.996 
0.024 0.993 0.204 0.938 0.982 
0.017 0.993 0.221 0.930 0.996 
0.016 0.995 0.139 0.963 1.000 
0.023 0.996 0.167 0.938 0.715 
0.019 0.995 0.198 0.938 0.996 
0.024 0.994 0.332 0.890 0.873 
0.014 0.997 0.267 0.930 0.996 
0.018 0.995 0.166 0.948 0.996 
0.016 0.996 0.202 0.940 0.937 
0.017 0.993 0.306 0.938 0.644 
0.025 0.996 0.178 0.938 0.827 
0.018 0.995 0.304 0.905 0.979 
0.025 0.993 0.157 0.940 0.989 
0.016 0.996 0.161 0.940 0.993 
0.019 0.994 0.113 0.955 1.000 
0.022 0.995 0.139 0.960 1.000 
0.027 0.993 0.245 0.932 0.996 
0.019 0.995 0.093 0.973 0.996 
0.025 0.993 0.148 0.940 0.993 
0.028 0.996 0.119 0.958 0.996 
0.022 0.996 0.223 0.927 1.000 
0.029 0.995 0.167 0.940 1.000 
0.025 0.993 0.143 0.958 1.000 
0.031 0.993 0.190 0.935 1.000 
0.020 0.996 0.122 0.958 0.996 
0.019 0.993 0.157 0.950 1.000 
0.014 0.996 0.116 0.963 1.000 
0.017 0.994 0.157 0.958 1.000 
0.022 0.995 0.199 0.927 0.996 
0.016 0.996 0.108 0.965 1.000 
0.012 0.996 0.245 0.938 1.000 
0.027 0.993 0.259 0.922 1.000 
0.022 0.994 0.139 0.965 0.996 
0.026 0.993 0.126 0.958 1.000 
0.014 0.997 0.158 0.953 1.000 
0.025 0.993 0.233 0.940 1.000 
0.019 0.993 0.155 0.955 0.993 
0.034 0.993 0.245 0.905 0.996 
0.010 0.998 0.167 0.953 1.000 
0.026 0.993 0.173 0.940 1.000 
0.017 0.996 0.116 0.965 0.996 
0.021 0.993 0.187 0.940 0.986 
0.031 0.993 0.091 0.968 0.570 
0.017 0.995 0.192 0.932 0.996 
0.014 0.996 0.251 0.940 0.996 
0.020 0.993 0.148 0.938 0.996 
0.022 0.993 0.238 0.920 1.000 
0.025 0.995 0.216 0.922 0.993 
0.016 0.997 0.168 0.978 1.000 
0.026 0.993 0.151 0.948 0.982 
0.016 0.994 0.259 0.935 0.937 
0.011 0.996 0.108 0.965 1.000 
0.013 0.996 0.285 0.912 0.930 
0.023 0.996 0.276 0.930 0.912 
0.015 0.995 0.257 0.917 0.898 
0.019 0.995 0.323 0.907 0.958 
0.016 0.995 0.209 0.940 0.817 
0.020 0.995 0.129 0.958 0.954 
0.015 0.995 0.214 0.938 0.595 
0.016 0.995 0.284 0.925 0.951 
0.012 0.996 0.262 0.955 0.996 
0.018 0.995 0.188 0.953 0.852 
0.037 0.993 0.123 0.970 0.391 
0.015 0.995 0.170 0.950 0.979 
0.031 0.992 0.160 0.948 0.986 
0.019 0.994 0.123 0.950 0.831 
0.023 0.993 0.215 0.932 1.000 
0.015 0.997 0.150 0.953 0.905 
0.009 0.995 0.103 0.970 0.792 
0.020 0.992 0.240 0.932 1.000 
0.025 0.993 0.123 0.953 0.739 
0.017 0.995 0.106 0.968 0.419 
0.019 0.996 0.151 0.950 0.014 
0.017 0.995 0.142 0.953 1.000 
0.011 0.997 0.160 0.965 1.000 
0.025 0.994 0.117 0.960 1.000 
0.015 0.995 0.194 0.938 1.000 
0.015 0.997 0.196 0.943 1.000 
0.022 0.994 0.164 0.940 1.000 
0.017 0.994 0.142 0.950 1.000 
0.014 0.996 0.254 0.927 0.813 
0.015 0.996 0.161 0.950 0.954 
0.038 0.992 0.250 0.953 1.000 
0.044 0.992 0.312 0.925 0.986 
0.024 0.994 0.193 0.930 0.989 
0.013 0.996 0.131 0.963 0.993 
0.032 0.993 0.200 0.930 0.975 
0.026 0.993 0.114 0.965 0.947 
0.014 0.998 0.178 0.938 0.366 
0.024 0.993 0.183 0.940 0.250 
0.016 0.997 0.142 0.955 0.989 
0.014 0.996 0.379 0.932 1.000 
0.022 0.993 0.214 0.932 0.996 
0.017 0.996 0.149 0.955 0.211 
0.037 0.993 0.175 0.950 0.877 
0.017 0.995 0.162 0.955 0.982 
0.013 0.997 0.193 0.950 0.880 
0.024 0.993 0.108 0.965 0.989 
0.015 0.996 0.191 0.935 0.993 
0.018 0.995 0.085 0.973 0.996 
0.019 0.994 0.197 0.943 1.000 
0.020 0.995 0.096 0.968 0.387 
0.015 0.997 0.110 0.965 0.996 
0.013 0.996 0.190 0.953 1.000 
0.013 0.995 0.220 0.935 0.989 
0.010 0.997 0.154 0.968 0.951 
0.022 0.992 0.158 0.955 0.961 
0.011 0.997 0.162 0.948 0.993 
0.021 0.995 0.107 0.965 0.993 
0.012 0.996 0.182 0.945 0.975 
0.014 0.995 0.105 0.965 0.979 
0.033 0.993 0.178 0.950 0.993 
0.038 0.993 0.145 0.945 0.866 
0.013 0.996 0.160 0.945 0.944 
0.018 0.995 0.082 0.975 0.979 
0.020 0.996 0.182 0.940 0.975 
0.009 0.998 0.133 0.963 1.000 
0.019 0.993 0.091 0.970 1.000 
0.014 0.996 0.101 0.973 0.972 
0.016 0.996 0.158 0.970 0.405 
0.022 0.996 0.118 0.960 0.996 
0.014 0.996 0.141 0.955 0.993 
0.026 0.991 0.094 0.970 0.996 
0.012 0.995 0.131 0.965 0.961 
0.010 0.998 0.162 0.955 0.996 
0.017 0.996 0.252 0.925 0.975 
0.017 0.996 0.125 0.973 0.982 
0.019 0.996 0.142 0.955 0.996 
0.022 0.996 0.278 0.925 0.901 
0.017 0.994 0.123 0.958 0.940 
0.024 0.994 0.172 0.935 0.965 
0.011 0.998 0.155 0.950 0.944 
0.016 0.996 0.143 0.953 0.986 
0.020 0.994 0.116 0.953 0.989 
0.018 0.995 0.165 0.948 0.926 
0.020 0.996 0.133 0.953 0.827 
0.020 0.993 0.167 0.935 0.996 
0.019 0.995 0.115 0.960 1.000 
0.005 0.998 0.233 0.940 1.000 
0.016 0.996 0.142 0.953 0.968 
0.007 0.998 0.238 0.935 0.989 
0.012 0.997 0.244 0.935 0.627 
0.020 0.995 0.091 0.968 0.232 
0.018 0.995 0.244 0.927 0.986 
0.015 0.996 0.114 0.963 0.989 
0.015 0.994 0.259 0.935 0.933 
0.021 0.995 0.089 0.973 0.729 
0.012 0.997 0.128 0.963 0.989 
0.016 0.995 0.145 0.953 0.803 
0.034 0.993 0.349 0.932 0.697 
0.025 0.995 0.236 0.932 0.021 
0.013 0.997 0.161 0.950 0.489 
0.023 0.996 0.204 0.945 0.310 
0.024 0.996 0.233 0.930 0.743 
0.020 0.994 0.154 0.950 0.996 
0.013 0.998 0.255 0.932 0.986 
0.016 0.995 0.135 0.953 0.996 
0.017 0.996 0.082 0.973 0.996 
0.021 0.994 0.152 0.948 0.641 
0.015 0.996 0.216 0.938 0.979 
0.020 0.996 0.416 0.887 0.708 
0.016 0.996 0.230 0.925 0.968 
0.011 0.997 0.225 0.935 0.982 
0.009 0.996 0.164 0.963 0.954 
0.028 0.992 0.199 0.935 0.996 
0.014 0.996 0.457 0.932 0.880 
0.034 0.993 0.236 0.932 0.926 
0.021 0.994 0.105 0.973 0.982 
0.013 0.995 0.263 0.932 0.856 
0.015 0.995 0.183 0.950 0.761 
0.022 0.993 0.107 0.963 0.525 
0.012 0.997 0.355 0.927 0.944 
0.024 0.994 0.141 0.965 1.000 
0.014 0.997 0.135 0.955 1.000 
0.015 0.996 0.183 0.953 0.923 
0.029 0.994 0.246 0.930 0.993 
0.029 0.992 0.176 0.950 1.000 
0.015 0.997 0.239 0.948 1.000 
0.031 0.996 0.191 0.940 0.877 
0.023 0.995 0.120 0.960 0.968 
0.020 0.995 0.322 0.905 0.979 
0.029 0.993 0.121 0.955 0.690 
0.020 0.993 0.126 0.960 0.461 
0.015 0.994 0.157 0.955 0.232 
0.017 0.995 0.157 0.958 0.894 
0.019 0.995 0.181 0.940 0.982 
0.010 0.997 0.090 0.978 0.989 
0.016 0.996 0.152 0.958 0.063 
0.013 0.996 0.199 0.945 0.014 
0.023 0.992 0.218 0.922 0.148 
0.013 0.996 0.087 0.973 0.954 
0.011 0.997 0.193 0.935 0.996 
0.016 0.997 0.168 0.950 0.613 
0.022 0.996 0.111 0.960 0.972 
0.029 0.993 0.080 0.975 0.264 
0.012 0.996 0.183 0.938 0.852 
0.018 0.994 0.221 0.932 0.989 
0.016 0.996 0.121 0.960 0.102 
0.008 0.999 0.110 0.968 0.894 
0.019 0.996 0.167 0.945 0.996 
0.008 0.999 0.185 0.950 1.000 
0.018 0.995 0.160 0.955 0.898 
0.007 0.998 0.164 0.950 0.996 
0.030 0.992 0.119 0.965 0.993 
0.019 0.997 0.245 0.932 0.989 
0.022 0.994 0.105 0.968 0.035 
0.014 0.995 0.130 0.963 0.546 
0.009 0.998 0.108 0.970 0.877 
0.016 0.997 0.178 0.938 0.444 
0.014 0.996 0.162 0.945 0.102 
0.018 0.995 0.097 0.965 0.007 
0.011 0.998 0.179 0.940 0.930 
0.018 0.996 0.119 0.958 0.278 
0.024 0.995 0.282 0.925 0.025 
0.008 0.999 0.123 0.965 0.004 
0.027 0.993 0.155 0.945 0.000 
0.019 0.994 0.121 0.960 0.018 
0.016 0.996 0.139 0.958 0.095 
0.015 0.995 0.188 0.945 0.493 
0.021 0.995 0.246 0.932 0.338 
0.014 0.996 0.098 0.965 0.408 
0.016 0.998 0.226 0.930 0.894 
0.019 0.995 0.223 0.935 0.982 
0.009 0.998 0.148 0.953 0.306 
0.013 0.996 0.111 0.968 0.891 
0.021 0.994 0.211 0.953 0.109 
0.024 0.995 0.375 0.927 0.912 
0.009 0.998 0.158 0.958 0.736 
0.014 0.996 0.160 0.958 0.500 
0.011 0.997 0.124 0.968 0.035 
0.008 0.998 0.153 0.968 0.018 
0.024 0.992 0.266 0.932 0.891 
0.013 0.996 0.208 0.945 0.092 
0.017 0.995 0.130 0.965 0.324 
0.012 0.997 0.209 0.948 0.993 
0.011 0.996 0.173 0.958 0.004 
0.031 0.993 0.253 0.940 0.028 
0.018 0.997 0.271 0.915 0.211 
0.013 0.996 0.254 0.932 0.042 
0.012 0.998 0.150 0.955 0.004 
0.021 0.995 0.184 0.948 0.183 
0.018 0.995 0.140 0.958 0.060 
0.019 0.996 0.116 0.965 0.187 
0.020 0.996 0.204 0.948 0.982 
0.014 0.995 0.187 0.943 0.081 
0.012 0.997 0.336 0.922 0.475 
0.015 0.997 0.153 0.960 0.264 
0.010 0.998 0.208 0.938 0.996 
0.013 0.998 0.172 0.948 0.915 
0.014 0.997 0.147 0.955 0.838 
0.018 0.995 0.168 0.948 0.940 
0.013 0.997 0.130 0.968 0.025 
0.010 0.997 0.189 0.943 0.187 
0.035 0.992 0.221 0.935 0.877 
0.012 0.995 0.256 0.938 0.370 
0.014 0.997 0.123 0.968 0.324 
0.010 0.996 0.134 0.960 0.919 
0.013 0.993 0.165 0.948 0.778 
0.019 0.995 0.202 0.935 0.338 
0.023 0.994 0.244 0.912 0.951 
0.010 0.997 0.156 0.945 0.299 
0.021 0.997 0.115 0.960 0.570 
0.016 0.995 0.282 0.938 0.254 
0.033 0.996 0.156 0.963 0.775 
0.026 0.995 0.378 0.922 0.989 
0.012 0.997 0.190 0.948 0.595 
0.013 0.997 0.213 0.940 0.754 
0.012 0.996 0.140 0.968 0.000 
0.012 0.998 0.096 0.973 0.018 
0.014 0.995 0.110 0.968 0.014 
0.013 0.996 0.146 0.960 0.018 
0.021 0.996 0.109 0.965 0.296 
0.012 0.996 0.154 0.955 0.004 
0.020 0.993 0.198 0.930 0.099 
0.007 0.998 0.171 0.955 0.630 
0.021 0.996 0.093 0.970 0.004 
0.014 0.995 0.352 0.932 0.553 
0.015 0.996 0.111 0.965 0.127 
0.012 0.995 0.164 0.958 0.982 
0.019 0.995 0.102 0.968 0.000 
0.014 0.996 0.299 0.917 0.479 
0.013 0.996 0.171 0.950 0.007 
0.019 0.995 0.249 0.925 0.190 
0.011 0.998 0.232 0.930 0.866 
0.021 0.995 0.146 0.963 0.599 
0.012 0.997 0.259 0.945 0.813 
0.013 0.997 0.096 0.975 0.292 
0.012 0.996 0.087 0.973 0.004 
0.015 0.997 0.175 0.948 0.007 
0.020 0.994 0.243 0.940 0.004 
0.018 0.996 0.113 0.960 0.014 
0.013 0.997 0.190 0.940 0.004 
0.015 0.997 0.133 0.955 0.000 
0.016 0.996 0.249 0.925 0.014 
0.016 0.995 0.149 0.955 0.211 
0.026 0.994 0.087 0.973 0.011 
0.020 0.996 0.183 0.945 0.908 
0.008 0.997 0.270 0.943 0.845 
0.018 0.996 0.288 0.930 0.004 
0.016 0.996 0.234 0.935 0.937 
0.012 0.995 0.161 0.955 0.004 
0.018 0.996 0.153 0.955 0.004 
0.020 0.995 0.231 0.932 0.088 
0.017 0.996 0.209 0.940 0.000 
0.017 0.993 0.158 0.960 0.088 
0.025 0.993 0.159 0.945 0.856 
0.009 0.998 0.267 0.930 0.218 
0.023 0.997 0.175 0.943 0.201 
0.016 0.997 0.109 0.968 0.908 
0.007 0.998 0.312 0.927 0.993 
0.017 0.996 0.183 0.943 0.796 
0.011 0.997 0.181 0.950 0.609 
0.018 0.996 0.132 0.963 0.894 
0.018 0.996 0.112 0.973 0.021 
0.016 0.996 0.144 0.953 0.806 
0.019 0.995 0.305 0.932 0.718 
0.015 0.997 0.141 0.958 0.028 
0.020 0.996 0.377 0.880 0.954 
0.012 0.997 0.270 0.932 0.993 
0.014 0.995 0.194 0.945 0.912 
0.010 0.995 0.296 0.925 0.863 
0.016 0.995 0.145 0.958 0.035 
0.014 0.997 0.146 0.960 0.004 
0.025 0.995 0.175 0.950 0.028 
0.022 0.995 0.148 0.958 0.053 
0.017 0.996 0.160 0.955 0.063 
0.021 0.993 0.317 0.925 0.039 
0.011 0.997 0.240 0.950 0.042 
0.022 0.995 0.407 0.925 0.944 
0.019 0.994 0.195 0.945 0.789 
0.012 0.997 0.278 0.932 0.989 
0.013 0.998 0.292 0.927 0.732 
0.024 0.994 0.182 0.955 1.000 
0.007 0.998 0.130 0.975 1.000 
0.013 0.996 0.132 0.973 0.993 
0.011 0.997 0.114 0.975 0.352 
0.019 0.996 0.100 0.975 0.028 
0.017 0.996 0.279 0.922 0.919 
0.013 0.996 0.299 0.935 0.912 
0.013 0.996 0.160 0.943 0.215 
0.011 0.998 0.161 0.960 0.387 
0.013 0.997 0.178 0.958 0.356 
0.010 0.996 0.218 0.965 0.574 
0.020 0.993 0.219 0.958 0.989 
0.023 0.993 0.255 0.960 0.218 
0.029 0.996 0.349 0.917 0.954 
0.019 0.995 0.341 0.943 0.539 
0.011 0.997 0.322 0.925 0.743 
0.009 0.996 0.214 0.943 0.257 
0.009 0.997 0.236 0.940 0.940 
0.012 0.996 0.164 0.963 0.651 
0.018 0.997 0.304 0.920 0.873 
0.013 0.997 0.289 0.940 0.194 
0.023 0.993 0.090 0.975 0.106 
0.009 0.997 0.451 0.920 0.891 
0.012 0.997 0.313 0.935 0.109 
0.018 0.996 0.295 0.938 0.898 
0.073 0.992 0.172 0.980 0.542 
0.028 0.995 0.275 0.945 0.958 
0.021 0.996 0.248 0.930 0.989 
0.013 0.995 0.148 0.965 0.187 
0.011 0.997 0.245 0.940 0.680 
0.020 0.995 0.187 0.945 0.877 
0.014 0.996 0.309 0.915 0.028 
0.020 0.994 0.123 0.960 0.011 
0.008 0.998 0.247 0.935 0.518 
0.015 0.995 0.283 0.930 0.095 
0.010 0.997 0.086 0.970 0.070 
0.010 0.997 0.135 0.963 0.373 
0.014 0.996 0.377 0.882 0.901 
0.013 0.996 0.155 0.953 0.965 
0.014 0.995 0.123 0.968 0.032 
0.016 0.995 0.116 0.970 0.993 
0.034 0.995 0.213 0.932 0.824 
0.017 0.994 0.117 0.960 0.007 
0.017 0.995 0.151 0.955 0.271 
0.012 0.997 0.171 0.953 0.176 
0.015 0.997 0.285 0.925 0.169 
0.013 0.996 0.118 0.960 0.134 
0.014 0.996 0.142 0.953 0.387 
0.011 0.997 0.128 0.965 0.053 
0.014 0.998 0.309 0.930 0.901 
0.022 0.993 0.204 0.950 0.810 
0.010 0.997 0.180 0.955 0.109 
0.007 0.997 0.294 0.948 0.229 
0.015 0.996 0.196 0.938 0.000 
0.006 0.997 0.147 0.965 0.004 
0.012 0.997 0.227 0.935 0.715 
0.011 0.998 0.163 0.955 0.993 
0.011 0.997 0.149 0.958 0.775 
0.021 0.996 0.125 0.958 1.000 
0.021 0.997 0.158 0.955 0.870 
0.016 0.994 0.241 0.932 1.000 
0.025 0.996 0.167 0.950 0.947 
0.014 0.997 0.162 0.950 1.000 
0.015 0.997 0.116 0.973 0.053 
0.010 0.997 0.094 0.970 0.986 
0.010 0.997 0.153 0.958 1.000 
0.019 0.993 0.162 0.950 0.915 
0.013 0.997 0.116 0.973 0.975 
0.015 0.996 0.209 0.940 0.979 
0.026 0.992 0.137 0.960 1.000 
0.011 0.998 0.134 0.965 1.000 
0.012 0.997 0.129 0.960 1.000 
0.016 0.996 0.247 0.940 1.000 
0.017 0.994 0.272 0.943 1.000 
0.016 0.996 0.319 0.932 1.000 
0.010 0.998 0.345 0.945 1.000 
0.014 0.997 0.242 0.950 1.000 
0.023 0.995 0.292 0.932 1.000 
0.004 0.998 0.227 0.948 1.000 
0.016 0.995 0.285 0.930 1.000 
0.012 0.997 0.287 0.920 1.000 
0.007 0.997 0.208 0.955 1.000 
0.012 0.998 0.130 0.968 1.000 
0.016 0.995 0.314 0.938 1.000 
0.022 0.992 0.200 0.953 1.000 
0.015 0.995 0.367 0.920 1.000 
0.014 0.998 0.206 0.943 0.996 
0.015 0.997 0.112 0.970 1.000 
0.015 0.995 0.139 0.960 1.000 
0.021 0.996 0.182 0.968 0.996 
0.028 0.995 0.158 0.938 1.000 
0.013 0.997 0.119 0.953 1.000 
0.006 0.998 0.182 0.950 1.000 
0.019 0.996 0.099 0.975 1.000 
0.015 0.997 0.266 0.922 1.000 
0.016 0.996 0.165 0.953 0.996 
0.014 0.997 0.333 0.922 1.000 
0.023 0.993 0.241 0.932 1.000 
0.008 0.998 0.206 0.955 1.000 
0.017 0.996 0.176 0.948 1.000 
0.009 0.998 0.344 0.932 1.000 
0.011 0.995 0.133 0.968 0.996 
0.016 0.996 0.185 0.950 0.996 
0.014 0.996 0.193 0.940 0.965 
0.022 0.993 0.233 0.925 1.000 
0.008 0.997 0.414 0.922 0.996 
0.014 0.997 0.110 0.970 1.000 
0.021 0.996 0.181 0.948 1.000 
0.012 0.996 0.130 0.973 0.979 
0.014 0.997 0.134 0.963 0.996 
0.030 0.998 0.387 0.932 0.996 
0.013 0.997 0.204 0.958 1.000 
0.019 0.993 0.275 0.922 1.000 
0.013 0.996 0.225 0.943 1.000 
0.016 0.995 0.336 0.927 0.996 
0.016 0.995 0.146 0.953 0.996 
0.019 0.996 0.200 0.927 0.996 
0.010 0.998 0.130 0.955 0.996 
0.016 0.997 0.179 0.953 0.958 
0.010 0.997 0.240 0.938 0.694 
0.011 0.997 0.332 0.932 0.845 
0.020 0.993 0.346 0.932 0.958 
0.015 0.996 0.123 0.968 0.919 
0.009 0.996 0.191 0.953 1.000 
0.013 0.998 0.154 0.950 0.996 
0.018 0.996 0.268 0.935 1.000 
0.018 0.995 0.201 0.940 1.000 
0.013 0.997 0.423 0.938 0.993 
0.017 0.997 0.296 0.917 1.000 
0.016 0.996 0.235 0.948 1.000 
0.018 0.996 0.293 0.922 1.000 
0.017 0.996 0.167 0.953 0.996 
0.014 0.997 0.192 0.953 0.993 
0.025 0.994 0.242 0.932 1.000 
0.019 0.995 0.223 0.932 1.000 
0.017 0.995 0.189 0.940 1.000 
0.012 0.997 0.353 0.927 0.996 
0.014 0.997 0.184 0.940 1.000 
0.019 0.994 0.355 0.902 1.000 
0.013 0.997 0.340 0.973 1.000 
0.028 0.993 0.184 0.953 1.000 
0.008 0.998 0.237 0.963 1.000 
0.015 0.994 0.209 0.948 1.000 
0.018 0.995 0.161 0.953 0.996 
0.033 0.996 0.924 0.890 1.000 
0.014 0.996 0.343 0.930 1.000 
0.007 0.998 0.375 0.930 1.000 
0.009 0.997 0.167 0.958 1.000 
0.015 0.996 0.198 0.950 1.000 
0.017 0.995 0.166 0.950 0.993 
0.013 0.997 0.108 0.973 0.996 
0.030 0.997 0.336 0.950 1.000 
0.016 0.996 0.261 0.935 0.993 
0.012 0.996 0.335 0.932 0.996 
0.013 0.996 0.558 0.930 1.000 
0.027 0.995 0.357 0.938 0.979 
0.022 0.992 0.273 0.948 1.000 
0.022 0.996 0.334 0.938 0.996 
0.008 0.997 0.487 0.915 1.000 
0.018 0.994 0.276 0.948 0.993 
0.005 0.999 0.282 0.940 0.975 
0.010 0.998 0.155 0.970 1.000 
0.012 0.996 0.301 0.945 1.000 
0.010 0.997 0.271 0.950 1.000 
0.011 0.997 0.164 0.960 0.996 
0.016 0.995 0.698 0.922 0.996 
0.014 0.997 0.179 0.953 1.000 
0.011 0.995 0.241 0.950 1.000 
0.016 0.996 0.164 0.953 1.000 
0.027 0.996 0.207 0.930 0.014 
0.008 0.998 0.408 0.905 0.965 
0.014 0.996 0.577 0.902 0.989 
0.009 0.998 0.242 0.953 0.982 
0.024 0.993 0.137 0.963 0.982 
0.014 0.995 0.111 0.968 0.975 
0.010 0.996 0.242 0.943 0.996 
0.021 0.996 0.157 0.953 0.454 
0.013 0.997 0.266 0.932 0.796 
0.012 0.996 0.238 0.945 0.975 
0.013 0.997 0.274 0.943 1.000 
0.017 0.995 0.180 0.953 1.000 
0.009 0.998 0.240 0.940 1.000 
0.018 0.997 0.189 0.948 1.000 
0.017 0.994 0.164 0.953 0.986 
0.021 0.995 0.201 0.943 1.000 
0.014 0.996 0.230 0.945 1.000 
0.016 0.995 0.101 0.970 0.993 
0.017 0.994 0.257 0.950 0.996 
0.005 0.999 0.159 0.973 1.000 
0.008 0.996 0.184 0.958 0.968 
0.017 0.996 0.201 0.945 0.986 
0.015 0.996 0.259 0.932 0.986 
0.014 0.997 0.178 0.953 0.954 
0.016 0.995 0.468 0.902 0.989 
0.007 0.998 0.194 0.958 0.894 
0.002 0.999 0.242 0.958 0.993 
0.014 0.997 0.481 0.915 1.000 
0.013 0.997 0.290 0.955 1.000 
0.034 0.992 0.218 0.950 1.000 
0.007 0.998 0.270 0.948 1.000 
0.017 0.995 0.188 0.955 1.000 
0.017 0.995 0.146 0.960 1.000 
0.016 0.996 0.150 0.950 1.000 
0.013 0.995 0.269 0.938 1.000 
0.021 0.994 0.161 0.963 1.000 
0.023 0.992 0.275 0.940 1.000 
0.010 0.997 0.179 0.953 1.000 
0.009 0.996 0.188 0.955 0.993 
0.015 0.998 0.234 0.932 1.000 
0.014 0.995 0.162 0.955 1.000 
0.010 0.998 0.182 0.955 1.000 
0.012 0.997 0.234 0.938 0.993 
0.009 0.996 0.361 0.932 1.000 
0.017 0.993 0.312 0.925 0.986 
0.016 0.997 0.201 0.943 0.989 
0.017 0.997 0.128 0.965 0.989 
0.015 0.995 0.177 0.953 0.989 
0.012 0.997 0.157 0.955 0.979 
0.011 0.996 0.199 0.938 0.908 
0.013 0.996 0.449 0.892 0.940 
0.016 0.995 0.085 0.975 1.000 
0.012 0.996 0.143 0.960 0.982 
0.051 0.995 0.128 0.960 0.958 
0.012 0.995 0.328 0.932 0.588 
0.009 0.998 0.210 0.955 0.930 
0.007 0.998 0.184 0.955 1.000 
0.009 0.996 0.228 0.950 0.993 
0.025 0.996 0.128 0.963 0.683 
0.019 0.996 0.394 0.907 1.000 
0.016 0.996 0.301 0.915 0.993 
0.006 0.997 0.282 0.930 1.000 
0.012 0.997 0.106 0.975 0.704 
0.008 0.997 0.281 0.930 1.000 
0.049 0.992 0.202 0.938 1.000 
0.016 0.995 0.233 0.938 0.996 
0.008 0.998 0.188 0.955 0.996 
0.008 0.998 0.312 0.935 1.000 
0.010 0.995 0.106 0.973 1.000 
0.010 0.998 0.254 0.938 0.954 
0.010 0.996 0.299 0.935 1.000 
0.009 0.998 0.195 0.953 1.000 
0.013 0.996 0.239 0.943 1.000 
0.023 0.997 0.278 0.927 1.000 
0.008 0.998 0.390 0.925 1.000 
0.015 0.995 0.230 0.945 1.000 
0.010 0.996 0.056 0.985 1.000 
0.022 0.997 0.182 0.940 0.986 
0.009 0.998 0.191 0.948 0.993 
0.014 0.994 0.209 0.948 0.901 
0.009 0.997 0.426 0.925 0.933 
0.012 0.997 0.173 0.953 0.637 
0.012 0.995 0.183 0.950 0.926 
0.016 0.997 0.210 0.945 0.880 
0.004 0.998 0.273 0.943 0.989 
0.007 0.998 0.174 0.953 0.891 
0.022 0.993 0.195 0.940 0.873 
0.016 0.995 0.279 0.932 0.982 
0.026 0.997 0.123 0.960 0.384 
0.019 0.996 0.217 0.938 0.933 
0.006 0.999 0.173 0.960 0.000 
0.026 0.993 0.161 0.948 0.694 
0.013 0.997 0.392 0.920 0.803 
0.017 0.995 0.134 0.970 1.000 
0.023 0.993 0.224 0.935 0.859 
0.015 0.996 0.201 0.955 0.859 
0.017 0.995 0.279 0.927 0.989 
0.011 0.997 0.187 0.945 0.588 
0.007 0.999 0.307 0.927 1.000 
0.019 0.994 0.266 0.935 0.588 
0.010 0.997 0.158 0.960 0.232 
0.018 0.997 0.246 0.940 0.849 
0.014 0.996 0.350 0.930 0.852 
0.013 0.997 0.151 0.960 0.891 
0.013 0.996 0.482 0.938 0.415 
0.014 0.996 0.105 0.973 0.021 
0.018 0.996 0.200 0.948 0.644 
0.018 0.994 0.178 0.963 0.923 
0.015 0.997 0.351 0.930 0.993 
0.023 0.995 0.129 0.968 0.835 
0.013 0.996 0.370 0.912 0.599 
0.019 0.997 0.122 0.970 0.366 
0.004 0.999 0.377 0.930 0.440 
0.021 0.992 0.298 0.935 0.842 
0.012 0.995 0.110 0.973 0.835 
0.007 0.997 0.225 0.953 0.658 
0.033 0.993 0.235 0.943 0.887 
0.015 0.995 0.261 0.945 0.972 
0.018 0.997 0.214 0.955 0.000 
0.013 0.997 0.154 0.958 0.817 
0.011 0.997 0.264 0.938 0.954 
0.029 0.995 0.198 0.948 0.989 
0.013 0.996 0.132 0.963 0.996 
0.084 0.997 0.147 0.960 0.951 
0.011 0.998 0.205 0.950 0.993 
0.020 0.996 0.104 0.973 0.993 
0.010 0.997 0.113 0.968 1.000 
0.022 0.996 0.140 0.960 0.996 
0.012 0.997 0.123 0.963 0.993 
0.024 0.996 0.270 0.932 0.996 
0.012 0.997 0.141 0.955 1.000 
0.014 0.997 0.090 0.973 0.982 
0.017 0.995 0.133 0.960 0.993 
0.013 0.997 0.107 0.973 0.975 
0.013 0.997 0.169 0.953 1.000 
0.019 0.996 0.225 0.935 0.996 
0.010 0.998 0.102 0.970 0.993 
0.015 0.997 0.227 0.938 0.951 
0.019 0.996 0.095 0.970 0.356 
0.012 0.998 0.187 0.948 0.458 
0.016 0.995 0.215 0.945 0.958 
0.016 0.995 0.230 0.932 0.996 
0.011 0.998 0.264 0.927 0.989 
0.009 0.997 0.321 0.912 1.000 
0.015 0.995 0.301 0.925 0.993 
0.015 0.996 0.338 0.927 0.951 
0.011 0.997 0.180 0.948 0.845 
0.016 0.996 0.215 0.943 0.989 
0.009 0.996 0.303 0.932 0.993 
0.011 0.996 0.160 0.963 0.993 
0.012 0.997 0.159 0.958 0.993 
0.017 0.996 0.119 0.968 0.933 
0.010 0.997 0.110 0.968 0.975 
0.030 0.994 0.500 0.930 0.993 
0.085 0.993 0.148 0.943 1.000 
0.015 0.996 0.254 0.927 0.996 
0.005 0.998 0.148 0.950 0.996 
0.012 0.996 0.420 0.917 0.380 
0.016 0.993 0.141 0.955 0.993 
0.018 0.997 0.113 0.965 0.863 
0.008 0.998 0.159 0.953 0.996 
0.011 0.997 0.247 0.935 0.975 
0.013 0.996 0.099 0.968 0.475 
0.013 0.996 0.345 0.932 0.993 
0.014 0.996 0.151 0.940 0.989 
0.013 0.996 0.133 0.963 0.775 
0.008 0.997 0.336 0.925 0.979 
0.006 0.998 0.143 0.978 0.845 
0.015 0.996 0.377 0.927 1.000 
0.006 0.998 0.276 0.953 0.627 
0.023 0.996 0.294 0.938 0.905 
0.016 0.997 0.364 0.930 0.937 
0.011 0.997 0.262 0.950 0.496 
0.008 0.999 0.253 0.938 0.989 
0.011 0.995 0.392 0.935 0.989 
0.027 0.994 0.169 0.953 0.000 
0.022 0.996 0.199 0.943 0.996 
0.025 0.995 0.239 0.932 0.989 
0.027 0.995 0.199 0.940 0.996 
0.012 0.996 0.384 0.920 0.905 
0.019 0.993 0.109 0.975 0.673 
0.008 0.998 0.237 0.958 0.570 
0.022 0.994 0.194 0.948 0.996 
0.015 0.995 0.242 0.938 0.894 
0.011 0.997 0.164 0.953 0.986 
0.014 0.996 0.228 0.940 0.986 
0.022 0.993 0.223 0.948 0.996 
0.014 0.996 0.246 0.943 0.951 
0.011 0.996 0.246 0.943 0.975 
0.006 0.998 0.223 0.948 0.975 
0.016 0.996 0.424 0.925 0.996 
0.018 0.994 0.351 0.930 0.961 
0.011 0.997 0.193 0.948 0.827 
0.014 0.997 0.158 0.960 0.789 
0.013 0.996 0.099 0.970 0.757 
0.008 0.998 0.237 0.948 0.926 
0.014 0.994 0.126 0.965 0.993 
0.008 0.996 0.235 0.950 0.923 
0.013 0.997 0.288 0.930 0.989 
0.015 0.995 0.301 0.940 0.968 
0.033 0.994 0.406 0.948 0.095 
0.013 0.998 0.355 0.940 0.989 
0.027 0.995 0.301 0.930 1.000 
0.013 0.997 0.157 0.958 1.000 
0.012 0.998 0.260 0.938 1.000 
0.003 0.999 0.196 0.963 0.996 
0.008 0.998 0.428 0.935 0.996 
0.017 0.996 0.312 0.930 0.852 
0.019 0.995 0.260 0.940 0.930 
0.015 0.996 0.398 0.927 0.665 
0.006 0.998 0.161 0.968 0.972 
0.012 0.995 0.248 0.940 0.996 
0.014 0.996 0.188 0.955 0.859 
0.006 0.998 0.226 0.958 0.683 
0.023 0.996 0.456 0.925 0.982 
0.019 0.996 0.221 0.938 0.993 
0.009 0.997 0.219 0.945 1.000 
0.013 0.996 0.211 0.950 1.000 
0.023 0.997 0.509 0.940 1.000 
0.017 0.996 0.196 0.955 0.993 
0.008 0.998 0.208 0.955 0.996 
0.014 0.997 0.305 0.932 1.000 
0.014 0.996 0.103 0.975 0.996 
0.012 0.997 0.200 0.945 0.993 
0.010 0.997 0.174 0.975 0.996 
0.013 0.997 0.197 0.940 0.993 
0.012 0.998 0.192 0.948 1.000 
0.011 0.998 0.193 0.950 1.000 
0.023 0.996 0.143 0.960 1.000 
0.013 0.996 0.409 0.907 1.000 
0.010 0.997 0.140 0.973 0.996 
0.010 0.997 0.179 0.955 0.996 
0.016 0.997 0.205 0.950 1.000 
0.019 0.994 0.175 0.955 0.859 
0.013 0.995 0.238 0.948 0.958 
0.009 0.997 0.124 0.975 0.933 
0.016 0.995 0.213 0.945 0.803 
0.011 0.997 0.144 0.960 0.088 
0.013 0.996 0.230 0.935 0.986 
0.014 0.996 0.108 0.973 0.127 
0.010 0.998 0.215 0.930 0.979 
0.010 0.997 0.148 0.958 0.592 
0.049 0.995 0.418 0.920 0.961 
0.016 0.996 0.216 0.963 1.000 
0.012 0.997 0.161 0.960 0.620 
0.012 0.997 0.102 0.975 0.982 
0.003 0.999 0.105 0.983 0.993 
0.007 0.998 0.247 0.950 0.986 
0.013 0.997 0.177 0.958 0.982 
0.024 0.995 0.077 0.978 1.000 
0.015 0.996 0.424 0.935 0.993 
0.019 0.997 0.159 0.973 0.996 
0.013 0.997 0.113 0.978 0.278 
0.013 0.995 0.159 0.970 0.958 
0.012 0.998 0.169 0.960 0.778 
0.011 0.997 0.415 0.912 0.757 
0.010 0.997 0.074 0.978 0.926 
0.013 0.996 0.185 0.955 0.996 
0.011 0.997 0.325 0.935 0.993 
0.009 0.997 0.072 0.980 0.993 
