0.309 0.894 0.196 0.955 0.865 
0.197 0.935 0.183 0.935 0.969 
0.166 0.944 0.090 0.985 0.978 
0.155 0.947 0.085 0.978 0.984 
0.133 0.951 0.060 0.985 0.871 
0.119 0.955 0.072 0.988 0.981 
0.118 0.962 0.106 0.960 0.972 
0.106 0.964 0.078 0.985 1.000 
0.085 0.970 0.067 0.983 0.953 
0.098 0.972 0.067 0.983 0.969 
0.109 0.965 0.057 0.988 0.984 
0.090 0.974 0.073 0.980 0.803 
0.092 0.971 0.074 0.985 1.000 
0.085 0.977 0.056 0.988 0.978 
0.085 0.977 0.047 0.993 0.928 
0.079 0.975 0.064 0.990 0.987 
0.074 0.976 0.053 0.990 1.000 
0.067 0.980 0.044 0.990 0.997 
0.078 0.976 0.042 0.993 0.937 
0.068 0.977 0.049 0.990 0.959 
0.058 0.985 0.032 0.995 0.871 
0.072 0.977 0.047 0.993 0.884 
0.060 0.983 0.060 0.988 0.940 
0.064 0.980 0.050 0.990 0.975 
0.072 0.981 0.100 0.950 0.969 
0.083 0.974 0.053 0.990 0.956 
0.051 0.985 0.033 0.993 0.969 
0.071 0.979 0.043 0.990 1.000 
0.058 0.981 0.036 0.995 0.922 
0.070 0.978 0.049 0.990 0.862 
0.056 0.985 0.059 0.993 1.000 
0.062 0.984 0.029 0.993 0.997 
0.062 0.983 0.040 0.990 0.871 
0.055 0.985 0.049 0.988 1.000 
0.061 0.980 0.080 0.973 1.000 
0.049 0.988 0.033 0.995 0.991 
0.065 0.984 0.053 0.990 1.000 
0.058 0.982 0.024 0.995 0.931 
0.063 0.984 0.054 0.990 0.966 
0.054 0.985 0.044 0.988 1.000 
0.058 0.982 0.065 0.975 1.000 
0.063 0.979 0.039 0.993 0.871 
0.048 0.986 0.052 0.985 0.994 
0.059 0.984 0.045 0.990 1.000 
0.046 0.987 0.036 0.995 0.787 
0.044 0.984 0.033 0.993 0.846 
0.053 0.985 0.030 0.993 0.981 
0.063 0.980 0.037 0.993 1.000 
0.050 0.984 0.029 0.993 0.831 
0.058 0.985 0.046 0.990 0.969 
0.042 0.990 0.040 0.993 1.000 
0.048 0.985 0.038 0.990 1.000 
0.049 0.987 0.059 0.983 0.962 
0.049 0.988 0.053 0.990 1.000 
0.049 0.988 0.042 0.990 1.000 
0.046 0.988 0.035 0.993 1.000 
0.042 0.988 0.033 0.993 1.000 
0.042 0.987 0.044 0.988 1.000 
0.036 0.992 0.050 0.988 1.000 
0.044 0.988 0.042 0.990 0.981 
0.044 0.986 0.030 0.988 0.987 
0.048 0.983 0.042 0.988 0.991 
0.055 0.986 0.046 0.995 0.928 
0.053 0.984 0.035 0.990 1.000 
0.042 0.988 0.031 0.993 0.878 
0.053 0.987 0.044 0.993 0.288 
0.046 0.989 0.025 0.993 0.909 
0.066 0.983 0.068 0.990 0.984 
0.043 0.989 0.051 0.990 0.953 
0.037 0.987 0.041 0.993 0.997 
0.067 0.981 0.044 0.993 1.000 
0.043 0.989 0.049 0.980 0.564 
0.038 0.985 0.032 0.990 1.000 
0.043 0.988 0.036 0.993 1.000 
0.034 0.990 0.025 0.993 0.991 
0.041 0.990 0.055 0.995 0.959 
0.049 0.986 0.028 0.993 1.000 
0.038 0.989 0.027 0.990 1.000 
0.049 0.985 0.050 0.985 1.000 
0.046 0.987 0.029 0.993 1.000 
0.050 0.986 0.042 0.988 1.000 
0.041 0.991 0.045 0.983 1.000 
0.057 0.986 0.062 0.990 0.997 
0.039 0.989 0.037 0.993 0.928 
0.048 0.988 0.036 0.990 0.994 
0.051 0.987 0.040 0.990 0.997 
0.034 0.991 0.026 0.993 0.959 
0.044 0.986 0.031 0.993 0.997 
0.037 0.988 0.035 0.993 0.997 
0.036 0.993 0.041 0.990 0.969 
0.027 0.995 0.060 0.975 0.987 
0.035 0.990 0.054 0.985 1.000 
0.040 0.987 0.043 0.993 1.000 
0.038 0.990 0.054 0.990 0.809 
0.051 0.990 0.049 0.985 0.000 
0.043 0.989 0.039 0.990 0.966 
0.036 0.989 0.044 0.988 0.470 
0.037 0.991 0.048 0.988 0.909 
0.055 0.985 0.041 0.990 0.991 
0.037 0.991 0.032 0.990 0.966 
0.042 0.989 0.033 0.990 0.962 
0.039 0.988 0.032 0.990 0.708 
0.036 0.991 0.032 0.993 0.674 
0.051 0.986 0.104 0.963 0.868 
0.041 0.987 0.028 0.993 0.978 
0.030 0.993 0.026 0.993 0.994 
0.050 0.986 0.040 0.988 0.984 
0.037 0.991 0.021 0.995 1.000 
0.035 0.989 0.044 0.980 0.953 
0.044 0.986 0.034 0.993 0.997 
0.045 0.986 0.070 0.973 0.897 
0.038 0.988 0.027 0.995 0.994 
0.034 0.990 0.026 0.995 0.975 
0.040 0.989 0.070 0.970 0.997 
0.037 0.990 0.029 0.993 1.000 
0.035 0.989 0.057 0.985 1.000 
0.034 0.990 0.035 0.990 1.000 
0.025 0.994 0.026 0.995 1.000 
0.045 0.989 0.028 0.993 1.000 
0.033 0.990 0.031 0.998 1.000 
0.046 0.988 0.023 0.995 1.000 
0.037 0.990 0.025 0.995 0.991 
0.038 0.989 0.046 0.983 1.000 
0.035 0.992 0.021 0.993 0.994 
0.032 0.992 0.051 0.993 1.000 
0.036 0.990 0.030 0.993 1.000 
0.034 0.991 0.037 0.990 0.947 
0.039 0.990 0.035 0.993 0.944 
0.037 0.990 0.022 0.998 0.868 
0.034 0.991 0.027 0.993 0.555 
0.032 0.990 0.037 0.993 0.969 
0.044 0.990 0.031 0.988 0.994 
0.053 0.984 0.026 0.998 0.994 
0.036 0.991 0.019 0.993 0.997 
0.031 0.989 0.027 0.990 0.646 
0.033 0.992 0.022 0.993 0.978 
0.040 0.991 0.022 0.993 1.000 
0.025 0.991 0.060 0.988 0.884 
0.032 0.991 0.034 0.993 1.000 
0.031 0.991 0.035 0.995 0.931 
0.040 0.988 0.040 0.993 0.981 
0.028 0.993 0.027 0.995 1.000 
0.035 0.992 0.037 0.990 1.000 
0.043 0.986 0.036 0.990 0.994 
0.034 0.989 0.045 0.985 1.000 
0.034 0.992 0.054 0.983 1.000 
0.035 0.991 0.023 0.993 0.975 
0.038 0.987 0.026 0.993 0.649 
0.028 0.991 0.052 0.983 1.000 
0.022 0.995 0.041 0.988 1.000 
0.029 0.993 0.046 0.993 0.994 
0.039 0.989 0.072 0.968 0.931 
0.031 0.993 0.050 0.985 0.956 
0.046 0.990 0.044 0.985 1.000 
0.038 0.990 0.027 0.993 1.000 
0.025 0.992 0.030 0.993 0.981 
0.029 0.991 0.033 0.993 1.000 
0.028 0.994 0.025 0.990 1.000 
0.031 0.991 0.024 0.995 0.781 
0.036 0.991 0.025 0.995 1.000 
0.032 0.991 0.028 0.990 0.994 
0.031 0.991 0.036 0.995 0.752 
0.042 0.989 0.043 0.995 0.806 
0.029 0.993 0.052 0.983 0.530 
0.031 0.993 0.038 0.995 0.545 
0.028 0.992 0.027 0.995 1.000 
0.037 0.990 0.022 0.998 1.000 
0.029 0.993 0.025 0.993 0.997 
0.023 0.994 0.033 0.990 1.000 
0.035 0.993 0.021 0.993 0.878 
0.033 0.991 0.043 0.985 1.000 
0.032 0.991 0.032 0.993 1.000 
0.036 0.990 0.034 0.990 1.000 
0.025 0.993 0.028 0.990 0.978 
0.029 0.994 0.027 0.990 1.000 
0.027 0.992 0.028 0.993 0.984 
0.037 0.989 0.053 0.975 1.000 
0.023 0.995 0.029 0.990 1.000 
0.034 0.991 0.045 0.990 1.000 
0.037 0.993 0.072 0.968 1.000 
0.031 0.990 0.045 0.980 0.981 
0.030 0.991 0.029 0.993 0.994 
0.025 0.995 0.033 0.988 0.821 
0.027 0.993 0.048 0.990 0.997 
0.026 0.991 0.032 0.990 0.972 
0.028 0.991 0.031 0.993 0.987 
0.020 0.993 0.024 0.995 0.746 
0.030 0.994 0.035 0.990 0.997 
0.026 0.994 0.028 0.995 1.000 
0.034 0.990 0.040 0.983 0.806 
0.036 0.991 0.031 0.990 0.994 
0.028 0.991 0.024 0.990 1.000 
0.021 0.991 0.079 0.965 1.000 
0.029 0.992 0.028 0.993 0.991 
0.038 0.990 0.116 0.948 0.997 
0.028 0.991 0.027 0.993 0.953 
0.023 0.991 0.026 0.993 0.994 
0.030 0.991 0.028 0.993 0.994 
0.033 0.991 0.025 0.995 0.436 
0.023 0.993 0.027 0.990 0.997 
0.024 0.992 0.022 0.993 0.972 
0.037 0.988 0.021 0.993 0.966 
0.030 0.993 0.027 0.990 0.962 
0.039 0.991 0.026 0.993 0.480 
0.031 0.992 0.020 0.993 0.937 
0.038 0.989 0.025 0.995 0.987 
0.036 0.991 0.031 0.993 1.000 
0.032 0.991 0.037 0.988 0.984 
0.026 0.994 0.039 0.993 0.630 
0.037 0.990 0.041 0.988 0.922 
0.030 0.990 0.027 0.993 0.796 
0.022 0.996 0.023 0.995 0.991 
0.031 0.991 0.041 0.980 0.997 
0.029 0.993 0.029 0.990 0.991 
0.029 0.991 0.015 0.995 0.997 
0.020 0.994 0.043 0.978 0.962 
0.024 0.995 0.031 0.990 1.000 
0.031 0.992 0.030 0.990 0.812 
0.036 0.994 0.022 0.995 0.969 
0.022 0.993 0.018 0.995 0.708 
0.024 0.994 0.021 0.995 0.382 
0.033 0.994 0.044 0.990 0.981 
0.036 0.991 0.025 0.995 1.000 
0.025 0.995 0.036 0.990 1.000 
0.027 0.993 0.029 0.993 0.997 
0.030 0.994 0.027 0.995 0.981 
0.022 0.996 0.036 0.985 1.000 
0.037 0.991 0.032 0.993 0.997 
0.024 0.992 0.028 0.990 0.107 
0.020 0.995 0.023 0.993 1.000 
0.039 0.989 0.027 0.995 0.298 
0.027 0.990 0.040 0.993 0.994 
0.022 0.994 0.022 0.995 0.969 
0.021 0.994 0.020 0.993 0.991 
0.030 0.990 0.029 0.993 0.075 
0.019 0.994 0.019 0.995 0.978 
0.033 0.990 0.031 0.993 0.944 
0.018 0.994 0.056 0.980 0.784 
0.023 0.993 0.019 0.995 0.997 
0.033 0.991 0.032 0.993 0.586 
0.021 0.992 0.017 0.998 0.997 
0.021 0.994 0.014 0.998 1.000 
0.022 0.996 0.039 0.988 0.981 
0.029 0.993 0.023 0.995 0.837 
0.039 0.990 0.025 0.993 0.975 
0.030 0.994 0.029 0.993 0.906 
0.032 0.989 0.071 0.973 0.972 
0.027 0.992 0.021 0.995 0.962 
0.030 0.994 0.023 0.998 0.975 
0.025 0.991 0.026 0.995 0.991 
0.029 0.993 0.042 0.990 0.639 
0.029 0.993 0.026 0.993 0.994 
0.033 0.991 0.026 0.993 0.962 
0.022 0.994 0.025 0.995 0.991 
0.040 0.991 0.027 0.993 0.994 
0.034 0.989 0.024 0.993 1.000 
0.021 0.994 0.029 0.995 1.000 
0.040 0.991 0.065 0.960 0.969 
0.032 0.993 0.025 0.993 0.997 
0.035 0.989 0.063 0.970 0.994 
0.034 0.991 0.032 0.990 1.000 
0.036 0.989 0.025 0.993 0.890 
0.034 0.991 0.042 0.993 1.000 
0.031 0.990 0.025 0.993 0.984 
0.032 0.990 0.030 0.993 0.768 
0.019 0.993 0.024 0.993 1.000 
0.019 0.993 0.018 0.995 0.959 
0.024 0.993 0.020 0.998 1.000 
0.025 0.992 0.037 0.995 1.000 
0.030 0.993 0.034 0.985 1.000 
0.035 0.991 0.025 0.993 1.000 
0.043 0.990 0.020 0.995 0.997 
0.027 0.990 0.018 0.998 0.997 
0.029 0.994 0.021 0.995 0.994 
0.019 0.994 0.022 0.993 1.000 
0.027 0.990 0.018 0.995 0.984 
0.030 0.992 0.028 0.993 0.897 
0.024 0.992 0.037 0.985 0.940 
0.034 0.992 0.028 0.985 0.981 
0.047 0.991 0.025 0.998 0.991 
0.021 0.995 0.024 0.993 0.991 
0.022 0.995 0.054 0.978 0.862 
0.040 0.990 0.027 0.990 0.997 
0.026 0.991 0.026 0.995 1.000 
0.012 0.997 0.020 0.995 0.984 
0.026 0.993 0.033 0.990 0.997 
0.040 0.991 0.054 0.983 0.762 
0.021 0.995 0.031 0.988 0.994 
0.027 0.990 0.024 0.993 0.991 
0.035 0.992 0.027 0.995 0.997 
0.029 0.990 0.020 0.995 0.749 
0.029 0.991 0.037 0.990 0.997 
0.025 0.993 0.020 0.995 0.991 
0.017 0.995 0.025 0.995 0.987 
0.017 0.995 0.025 0.995 0.897 
0.022 0.994 0.017 0.995 0.909 
0.031 0.991 0.027 0.993 1.000 
0.031 0.994 0.030 0.990 0.759 
0.032 0.990 0.034 0.993 0.991 
0.045 0.990 0.035 0.993 0.994 
0.023 0.995 0.031 0.993 0.991 
0.038 0.990 0.021 0.995 0.991 
0.025 0.994 0.025 0.993 0.997 
0.021 0.995 0.021 0.995 0.994 
0.021 0.991 0.021 0.995 0.987 
0.036 0.991 0.031 0.993 0.994 
0.023 0.992 0.033 0.993 0.997 
0.029 0.990 0.023 0.993 1.000 
0.029 0.991 0.023 0.993 0.994 
0.029 0.991 0.024 0.993 1.000 
0.036 0.990 0.022 0.995 0.984 
0.017 0.995 0.021 0.998 0.994 
0.030 0.993 0.028 0.990 0.991 
0.026 0.995 0.028 0.993 0.981 
0.026 0.993 0.027 0.993 0.994 
0.021 0.994 0.020 0.993 0.987 
0.022 0.991 0.027 0.990 0.765 
0.020 0.993 0.033 0.990 0.991 
0.023 0.993 0.034 0.990 0.997 
0.028 0.991 0.042 0.993 0.997 
0.029 0.993 0.031 0.990 0.978 
0.026 0.996 0.028 0.995 0.991 
0.022 0.994 0.025 0.993 0.991 
0.032 0.991 0.059 0.978 0.749 
0.031 0.989 0.030 0.993 0.122 
0.019 0.994 0.020 0.995 0.799 
0.025 0.993 0.062 0.980 0.912 
0.030 0.990 0.058 0.975 0.991 
0.019 0.995 0.027 0.990 0.768 
0.024 0.994 0.019 0.993 0.931 
0.027 0.993 0.027 0.993 0.994 
0.016 0.994 0.045 0.980 0.900 
0.030 0.991 0.018 0.998 0.962 
0.019 0.993 0.019 0.995 0.984 
0.018 0.996 0.030 0.990 0.972 
0.015 0.995 0.025 0.995 0.831 
0.031 0.992 0.023 0.998 0.994 
0.027 0.991 0.049 0.978 0.997 
0.015 0.997 0.027 0.990 0.997 
0.024 0.996 0.018 0.995 0.997 
0.022 0.996 0.020 0.995 0.997 
0.022 0.991 0.024 0.995 0.893 
0.022 0.994 0.041 0.985 0.097 
0.038 0.994 0.047 0.980 0.987 
0.026 0.993 0.062 0.993 0.671 
0.047 0.991 0.035 0.993 0.969 
0.026 0.992 0.040 0.980 0.969 
0.031 0.993 0.032 0.993 0.498 
0.033 0.994 0.021 0.995 0.953 
0.024 0.995 0.032 0.990 0.558 
0.036 0.994 0.045 0.980 0.837 
0.021 0.994 0.019 0.995 0.994 
0.019 0.994 0.022 0.998 1.000 
0.054 0.988 0.029 0.990 0.994 
0.023 0.993 0.020 0.990 1.000 
0.031 0.993 0.021 0.993 0.984 
0.031 0.995 0.035 0.990 0.994 
0.031 0.991 0.078 0.965 0.997 
0.026 0.991 0.020 0.995 0.969 
0.027 0.991 0.025 0.993 0.339 
0.029 0.994 0.017 0.995 0.812 
0.023 0.994 0.023 0.993 1.000 
0.025 0.991 0.034 0.985 0.094 
0.023 0.992 0.041 0.983 0.837 
0.017 0.994 0.031 0.988 0.840 
0.019 0.994 0.033 0.988 0.878 
0.017 0.995 0.019 0.998 1.000 
0.031 0.994 0.032 0.990 0.956 
0.020 0.996 0.052 0.993 0.944 
0.030 0.994 0.019 0.995 0.436 
0.020 0.994 0.027 0.993 0.997 
0.024 0.990 0.033 0.988 0.984 
0.034 0.990 0.024 0.995 1.000 
0.016 0.995 0.019 0.995 0.467 
0.022 0.994 0.057 0.978 1.000 
0.027 0.993 0.023 0.995 0.991 
0.026 0.991 0.025 0.995 0.997 
0.025 0.995 0.035 0.985 1.000 
0.021 0.993 0.021 0.993 1.000 
0.019 0.995 0.019 0.995 1.000 
0.020 0.995 0.028 0.995 0.618 
0.027 0.994 0.040 0.983 0.997 
0.012 0.997 0.023 0.993 0.693 
0.017 0.995 0.025 0.988 0.931 
0.015 0.994 0.015 0.995 0.984 
0.040 0.988 0.055 0.983 0.991 
0.026 0.993 0.030 0.993 0.962 
0.019 0.995 0.041 0.988 0.997 
0.026 0.992 0.066 0.978 0.994 
0.013 0.996 0.040 0.988 0.991 
0.046 0.994 0.020 0.993 1.000 
0.028 0.990 0.027 0.993 0.918 
0.025 0.994 0.024 0.993 0.878 
0.031 0.991 0.030 0.990 0.997 
0.018 0.996 0.016 0.995 0.987 
0.033 0.993 0.039 0.990 0.398 
0.025 0.993 0.037 0.988 0.975 
0.023 0.991 0.029 0.993 0.994 
0.028 0.992 0.020 0.995 0.915 
0.015 0.996 0.020 0.998 0.991 
0.022 0.993 0.070 0.988 0.953 
0.020 0.994 0.020 0.995 1.000 
0.027 0.994 0.026 0.995 1.000 
0.029 0.991 0.092 0.975 0.909 
0.018 0.994 0.026 0.993 1.000 
0.021 0.995 0.021 0.993 1.000 
0.019 0.996 0.026 0.988 1.000 
0.021 0.995 0.024 0.995 1.000 
0.026 0.994 0.057 0.985 0.928 
0.015 0.995 0.016 0.995 0.959 
0.015 0.996 0.051 0.983 0.997 
0.023 0.989 0.015 0.995 0.991 
0.025 0.994 0.029 0.990 0.975 
0.024 0.993 0.032 0.985 0.991 
0.028 0.992 0.049 0.980 0.668 
0.013 0.996 0.018 0.995 0.781 
0.027 0.994 0.030 0.993 0.994 
0.013 0.994 0.019 0.995 0.944 
0.036 0.991 0.034 0.990 0.429 
0.017 0.998 0.028 0.993 0.997 
0.014 0.997 0.020 0.995 0.997 
0.022 0.994 0.025 0.990 0.956 
0.024 0.994 0.018 0.998 0.464 
0.023 0.994 0.032 0.983 0.871 
0.036 0.990 0.021 0.995 0.815 
0.029 0.993 0.026 0.993 0.953 
0.024 0.993 0.031 0.993 0.984 
0.029 0.991 0.043 0.988 0.868 
0.017 0.995 0.016 0.998 0.893 
0.014 0.995 0.020 0.995 0.994 
0.015 0.996 0.016 0.995 0.956 
0.027 0.994 0.057 0.978 0.997 
0.020 0.994 0.019 0.995 1.000 
0.022 0.992 0.025 0.993 1.000 
0.025 0.994 0.022 0.995 0.906 
0.020 0.994 0.037 0.978 0.997 
0.022 0.994 0.020 0.993 1.000 
0.017 0.997 0.017 0.998 0.984 
0.025 0.994 0.024 0.993 0.997 
0.022 0.994 0.022 0.995 1.000 
0.017 0.995 0.022 0.995 1.000 
0.027 0.993 0.028 0.993 0.984 
0.025 0.991 0.035 0.990 0.984 
0.022 0.994 0.033 0.988 0.975 
0.018 0.993 0.025 0.990 0.987 
0.014 0.996 0.028 0.993 0.981 
0.032 0.990 0.022 0.993 0.994 
0.024 0.992 0.024 0.993 1.000 
0.020 0.993 0.029 0.988 0.987 
0.022 0.993 0.055 0.978 0.994 
0.019 0.994 0.014 0.998 0.984 
0.021 0.995 0.020 0.995 0.966 
0.022 0.994 0.040 0.993 1.000 
0.040 0.993 0.047 0.988 0.987 
0.024 0.996 0.035 0.990 1.000 
0.021 0.995 0.024 0.993 0.897 
0.019 0.996 0.019 0.995 1.000 
0.023 0.994 0.024 0.993 0.966 
0.025 0.992 0.028 0.993 0.934 
0.021 0.995 0.020 0.998 0.978 
0.033 0.993 0.040 0.983 0.966 
0.019 0.995 0.020 0.993 0.994 
0.009 0.998 0.020 0.995 0.962 
0.023 0.993 0.021 0.993 0.997 
0.019 0.994 0.036 0.988 0.987 
0.032 0.990 0.018 0.995 1.000 
0.023 0.993 0.021 0.993 0.997 
0.030 0.991 0.019 0.998 0.997 
0.021 0.995 0.041 0.985 0.815 
0.041 0.992 0.026 0.993 0.997 
0.026 0.992 0.026 0.993 0.997 
0.044 0.992 0.024 0.995 0.969 
0.032 0.990 0.029 0.993 0.793 
0.030 0.991 0.042 0.988 0.997 
0.033 0.990 0.020 0.995 0.997 
0.009 0.996 0.018 0.998 0.997 
0.027 0.992 0.030 0.990 0.984 
0.012 0.998 0.031 0.990 0.994 
0.017 0.995 0.019 0.998 1.000 
0.030 0.991 0.019 0.995 0.997 
0.015 0.995 0.020 0.993 0.997 
0.014 0.997 0.025 0.990 0.997 
0.025 0.994 0.030 0.990 0.997 
0.015 0.995 0.021 0.993 0.997 
0.021 0.994 0.034 0.990 0.567 
0.018 0.994 0.031 0.990 0.994 
0.028 0.990 0.038 0.983 0.997 
0.024 0.995 0.048 0.988 1.000 
0.018 0.993 0.023 0.993 0.997 
0.017 0.994 0.019 0.995 1.000 
0.024 0.991 0.020 0.995 1.000 
0.020 0.994 0.019 0.995 0.997 
0.023 0.994 0.028 0.990 0.994 
0.026 0.995 0.023 0.993 0.994 
0.029 0.992 0.032 0.988 1.000 
0.030 0.991 0.024 0.993 0.994 
0.059 0.991 0.033 0.993 0.987 
0.018 0.996 0.029 0.990 1.000 
0.016 0.995 0.029 0.990 0.997 
0.027 0.997 0.030 0.988 1.000 
0.030 0.994 0.024 0.993 0.994 
0.035 0.990 0.016 0.995 0.981 
0.020 0.994 0.028 0.995 1.000 
0.021 0.992 0.025 0.993 1.000 
0.024 0.994 0.025 0.993 1.000 
0.035 0.991 0.042 0.983 0.987 
0.036 0.991 0.070 0.978 0.997 
0.022 0.995 0.035 0.988 0.997 
0.027 0.993 0.033 0.990 1.000 
0.019 0.994 0.020 0.995 0.997 
0.017 0.994 0.019 0.998 0.997 
0.026 0.994 0.016 0.998 0.994 
0.021 0.994 0.027 0.993 0.994 
0.019 0.994 0.072 0.970 0.991 
0.019 0.994 0.030 0.993 0.991 
0.017 0.994 0.020 0.998 1.000 
0.029 0.990 0.045 0.983 0.991 
0.024 0.993 0.028 0.993 1.000 
0.028 0.995 0.030 0.990 0.997 
0.023 0.994 0.053 0.978 0.981 
0.019 0.997 0.024 0.995 0.997 
0.017 0.994 0.028 0.990 0.994 
0.019 0.995 0.099 0.975 0.555 
0.025 0.990 0.025 0.995 0.997 
0.020 0.994 0.083 0.968 0.991 
0.020 0.993 0.047 0.995 0.226 
0.037 0.993 0.031 0.990 0.997 
0.027 0.993 0.027 0.993 0.987 
0.017 0.995 0.042 0.985 0.997 
0.013 0.995 0.072 0.985 0.549 
0.011 0.997 0.022 0.995 0.502 
0.021 0.994 0.025 0.990 0.987 
0.012 0.997 0.023 0.995 0.997 
0.030 0.991 0.025 0.993 0.994 
0.024 0.991 0.028 0.993 0.997 
0.014 0.996 0.035 0.990 0.994 
0.020 0.995 0.015 0.995 0.803 
0.024 0.995 0.019 0.995 0.984 
0.060 0.990 0.020 0.995 0.997 
0.018 0.994 0.025 0.993 0.984 
0.017 0.995 0.041 0.983 0.451 
0.040 0.993 0.025 0.993 0.922 
0.020 0.995 0.024 0.995 0.875 
0.023 0.994 0.026 0.990 0.323 
0.022 0.993 0.016 0.998 0.972 
0.015 0.995 0.032 0.993 0.997 
0.035 0.991 0.020 0.995 0.994 
0.033 0.993 0.027 0.993 0.806 
0.023 0.994 0.033 0.990 0.997 
0.010 0.997 0.016 0.998 0.915 
0.035 0.990 0.033 0.988 0.984 
0.017 0.994 0.023 0.995 0.975 
0.010 0.997 0.023 0.993 0.953 
0.019 0.994 0.021 0.995 0.997 
0.029 0.991 0.040 0.985 0.185 
0.019 0.994 0.033 0.990 0.956 
0.015 0.996 0.070 0.973 0.997 
0.010 0.998 0.021 0.995 0.997 
0.022 0.994 0.022 0.993 0.881 
0.018 0.995 0.038 0.988 0.991 
0.009 0.997 0.022 0.995 0.975 
0.027 0.994 0.053 0.978 0.981 
0.018 0.994 0.021 0.993 0.997 
0.014 0.995 0.019 0.995 0.994 
0.035 0.991 0.066 0.965 0.994 
0.026 0.997 0.041 0.988 0.997 
0.023 0.994 0.018 0.995 0.987 
0.017 0.994 0.025 0.993 0.972 
0.033 0.991 0.021 0.995 0.705 
0.022 0.994 0.033 0.988 0.997 
0.016 0.996 0.023 0.993 0.987 
0.022 0.993 0.022 0.995 0.940 
0.019 0.993 0.021 0.995 0.997 
0.028 0.991 0.032 0.990 0.984 
0.017 0.994 0.067 0.978 0.925 
0.021 0.993 0.016 0.998 0.448 
0.021 0.995 0.038 0.983 0.799 
0.032 0.989 0.022 0.995 0.962 
0.022 0.994 0.022 0.993 0.991 
0.026 0.993 0.019 0.995 0.994 
0.023 0.992 0.025 0.993 0.984 
0.024 0.993 0.016 0.995 0.978 
0.017 0.994 0.022 0.993 0.984 
0.012 0.997 0.025 0.993 0.991 
0.033 0.991 0.047 0.980 0.984 
0.013 0.997 0.026 0.993 1.000 
0.015 0.993 0.024 0.990 1.000 
0.018 0.995 0.019 0.995 0.997 
0.014 0.995 0.021 0.993 0.969 
0.014 0.994 0.036 0.990 0.674 
0.039 0.994 0.038 0.990 0.997 
0.016 0.994 0.031 0.995 0.918 
0.015 0.995 0.033 0.995 0.665 
0.011 0.995 0.042 0.995 1.000 
0.037 0.995 0.065 0.990 0.683 
0.029 0.993 0.044 0.980 0.959 
0.013 0.996 0.020 0.993 0.981 
0.014 0.995 0.015 0.995 0.981 
0.029 0.994 0.022 0.993 0.727 
0.018 0.994 0.039 0.990 0.997 
0.037 0.991 0.025 0.995 1.000 
0.031 0.993 0.027 0.990 0.978 
0.009 0.997 0.026 0.990 0.994 
0.022 0.994 0.031 0.990 0.987 
0.013 0.996 0.021 0.995 0.944 
0.013 0.996 0.012 0.998 0.978 
0.034 0.993 0.044 0.995 0.304 
0.027 0.994 0.066 0.963 1.000 
0.020 0.994 0.027 0.993 0.991 
0.011 0.997 0.042 0.988 0.997 
0.022 0.994 0.034 0.988 1.000 
0.021 0.995 0.016 0.995 0.987 
0.014 0.996 0.024 0.993 0.433 
0.023 0.994 0.042 0.985 0.994 
0.021 0.993 0.022 0.995 0.956 
0.017 0.994 0.048 0.978 0.987 
0.024 0.991 0.024 0.993 0.994 
0.015 0.995 0.024 0.993 0.881 
0.013 0.995 0.015 0.995 1.000 
0.024 0.993 0.022 0.993 0.994 
0.035 0.994 0.115 0.948 0.997 
0.017 0.995 0.039 0.988 0.997 
0.016 0.997 0.039 0.990 0.498 
0.020 0.996 0.042 0.985 0.865 
0.022 0.994 0.038 0.988 0.987 
0.019 0.994 0.026 0.993 0.997 
0.027 0.993 0.025 0.995 0.915 
0.031 0.990 0.048 0.983 0.987 
0.023 0.993 0.026 0.993 0.997 
0.012 0.996 0.027 0.990 1.000 
0.028 0.994 0.019 0.998 0.984 
0.027 0.994 0.021 0.995 0.994 
0.020 0.997 0.029 0.990 0.991 
0.018 0.993 0.083 0.960 0.978 
0.013 0.995 0.052 0.980 0.978 
0.027 0.993 0.035 0.988 0.831 
0.019 0.995 0.016 0.998 0.997 
0.019 0.995 0.016 0.998 0.994 
0.023 0.992 0.016 0.998 0.859 
0.023 0.994 0.017 0.998 0.966 
0.028 0.994 0.023 0.993 0.991 
0.024 0.993 0.018 0.995 0.987 
0.024 0.995 0.019 0.995 0.966 
0.016 0.997 0.018 0.998 0.997 
0.020 0.995 0.015 0.995 0.652 
0.028 0.991 0.020 0.998 0.987 
0.015 0.996 0.026 0.988 0.956 
0.018 0.994 0.042 0.988 0.997 
0.027 0.990 0.019 0.995 0.480 
0.016 0.996 0.019 0.998 0.937 
0.016 0.996 0.016 0.998 0.752 
0.036 0.991 0.055 0.978 0.997 
0.012 0.996 0.033 0.993 0.755 
0.020 0.995 0.013 0.998 0.978 
0.016 0.993 0.026 0.993 0.975 
0.020 0.993 0.023 0.993 0.984 
0.012 0.996 0.016 0.995 0.897 
0.023 0.991 0.019 0.995 0.997 
0.016 0.993 0.019 0.995 0.994 
0.016 0.996 0.022 0.993 1.000 
0.021 0.993 0.020 0.993 0.997 
0.015 0.994 0.026 0.990 0.834 
0.015 0.997 0.016 0.995 1.000 
0.018 0.994 0.023 0.993 0.994 
0.017 0.995 0.025 0.993 0.969 
0.018 0.994 0.033 0.993 1.000 
0.016 0.994 0.024 0.993 0.987 
0.062 0.990 0.018 0.995 0.981 
0.024 0.993 0.016 0.995 0.991 
0.015 0.995 0.019 0.995 0.837 
0.013 0.995 0.018 0.995 0.652 
0.023 0.992 0.021 0.995 1.000 
0.026 0.992 0.036 0.985 0.997 
0.027 0.993 0.018 0.995 0.972 
0.015 0.996 0.023 0.995 0.969 
0.018 0.994 0.019 0.998 0.997 
0.015 0.995 0.018 0.995 0.975 
0.010 0.997 0.020 0.995 0.997 
0.024 0.995 0.046 0.980 0.997 
0.018 0.994 0.020 0.995 0.944 
0.016 0.996 0.017 0.995 0.884 
0.017 0.993 0.015 0.995 0.041 
0.018 0.994 0.028 0.993 0.978 
0.026 0.993 0.017 0.995 0.677 
0.019 0.993 0.029 0.995 0.997 
0.031 0.996 0.037 0.993 0.994 
0.030 0.994 0.040 0.988 0.997 
0.015 0.997 0.036 0.990 0.991 
0.021 0.995 0.022 0.993 0.994 
0.020 0.994 0.029 0.990 0.940 
0.022 0.994 0.029 0.990 0.997 
0.013 0.995 0.063 0.965 0.991 
0.022 0.993 0.036 0.983 1.000 
0.030 0.993 0.057 0.975 0.997 
0.013 0.995 0.017 0.995 0.994 
0.027 0.995 0.017 0.995 0.997 
0.026 0.993 0.025 0.993 0.978 
0.014 0.995 0.087 0.960 0.984 
0.035 0.992 0.014 0.998 0.997 
0.020 0.996 0.024 0.993 0.599 
0.025 0.993 0.021 0.995 0.991 
0.007 0.997 0.022 0.993 0.997 
0.035 0.989 0.018 0.995 0.997 
0.012 0.997 0.015 0.995 0.940 
0.015 0.994 0.019 0.995 0.821 
0.016 0.997 0.069 0.993 0.997 
0.031 0.994 0.015 0.998 0.981 
0.014 0.995 0.017 0.998 0.966 
0.033 0.990 0.024 0.993 0.878 
0.023 0.993 0.063 0.980 0.987 
0.020 0.991 0.038 0.988 0.969 
0.021 0.996 0.023 0.993 0.981 
0.035 0.991 0.028 0.990 0.994 
0.013 0.998 0.038 0.988 0.987 
0.015 0.996 0.021 0.993 0.997 
0.022 0.993 0.016 0.998 0.994 
0.019 0.994 0.052 0.973 0.994 
0.021 0.994 0.018 0.995 0.997 
0.015 0.995 0.024 0.990 0.994 
0.021 0.994 0.030 0.988 0.238 
0.016 0.997 0.016 0.995 0.260 
0.015 0.995 0.017 0.998 0.994 
0.017 0.995 0.026 0.993 0.991 
0.026 0.993 0.018 0.998 1.000 
0.020 0.993 0.022 0.990 1.000 
0.022 0.993 0.017 0.995 1.000 
0.013 0.994 0.012 0.995 0.969 
0.029 0.995 0.072 0.985 0.571 
0.019 0.995 0.066 0.975 1.000 
0.020 0.993 0.058 0.973 0.994 
0.058 0.987 0.027 0.988 1.000 
0.015 0.995 0.032 0.985 0.997 
0.020 0.995 0.023 0.990 0.856 
0.014 0.996 0.018 0.995 1.000 
0.019 0.994 0.025 0.993 0.981 
0.018 0.995 0.031 0.990 0.997 
0.018 0.997 0.113 0.958 0.994 
0.027 0.993 0.034 0.990 0.777 
0.015 0.995 0.026 0.990 0.991 
0.032 0.993 0.018 0.995 0.392 
0.021 0.994 0.020 0.995 0.940 
0.016 0.995 0.017 0.995 0.991 
0.011 0.997 0.021 0.995 0.947 
0.011 0.997 0.016 0.995 0.837 
0.033 0.991 0.022 0.990 1.000 
0.020 0.993 0.044 0.985 1.000 
0.022 0.993 0.018 0.995 0.997 
0.026 0.994 0.021 0.993 0.997 
0.016 0.995 0.018 0.995 0.865 
0.015 0.995 0.050 0.978 0.975 
0.022 0.994 0.051 0.970 1.000 
0.010 0.998 0.022 0.993 1.000 
0.035 0.991 0.040 0.985 0.997 
0.017 0.997 0.014 0.995 0.828 
0.028 0.993 0.019 0.993 0.997 
0.022 0.994 0.016 0.995 0.592 
0.009 0.997 0.021 0.995 0.765 
0.030 0.993 0.016 0.995 1.000 
0.011 0.997 0.021 0.993 0.997 
0.018 0.995 0.022 0.993 0.994 
0.035 0.990 0.015 0.998 0.997 
0.009 0.997 0.012 0.998 0.991 
0.026 0.992 0.012 0.995 0.969 
0.022 0.994 0.021 0.993 0.997 
0.015 0.997 0.027 0.990 0.984 
0.019 0.994 0.017 0.995 1.000 
0.035 0.992 0.031 0.995 0.940 
0.038 0.995 0.021 0.995 0.997 
0.026 0.995 0.029 0.988 0.953 
0.018 0.994 0.043 0.980 0.887 
0.051 0.991 0.057 0.973 0.940 
0.016 0.995 0.044 0.983 1.000 
0.011 0.997 0.013 0.995 0.981 
0.021 0.993 0.031 0.993 0.987 
0.028 0.993 0.021 0.995 0.972 
0.018 0.995 0.018 0.995 0.978 
0.015 0.993 0.023 0.995 0.994 
0.026 0.990 0.023 0.993 1.000 
0.008 0.997 0.019 0.995 0.997 
0.023 0.994 0.047 0.980 1.000 
0.018 0.994 0.021 0.993 0.987 
0.019 0.996 0.055 0.978 0.824 
0.022 0.995 0.019 0.993 1.000 
0.030 0.990 0.020 0.993 1.000 
0.014 0.994 0.040 0.988 1.000 
0.031 0.990 0.019 0.993 0.981 
0.015 0.996 0.015 0.995 0.972 
0.018 0.994 0.035 0.990 0.997 
0.018 0.995 0.058 0.973 0.997 
0.013 0.996 0.054 0.985 0.875 
0.024 0.995 0.012 0.998 0.962 
0.023 0.994 0.022 0.993 0.984 
0.008 0.998 0.010 0.998 1.000 
0.022 0.992 0.013 0.995 0.997 
0.019 0.995 0.019 0.993 0.994 
0.022 0.994 0.019 0.993 0.997 
0.020 0.993 0.010 0.998 0.994 
0.013 0.995 0.024 0.993 1.000 
0.016 0.997 0.022 0.993 0.991 
0.007 0.998 0.020 0.993 0.991 
0.022 0.993 0.028 0.993 0.348 
0.012 0.998 0.020 0.995 0.991 
0.013 0.997 0.020 0.993 1.000 
0.017 0.995 0.032 0.988 0.997 
0.021 0.995 0.054 0.983 1.000 
0.012 0.997 0.026 0.993 0.997 
0.018 0.995 0.014 0.998 0.937 
0.016 0.995 0.017 0.998 0.433 
0.017 0.996 0.017 0.993 0.997 
0.049 0.993 0.017 0.995 0.997 
0.045 0.991 0.019 0.993 0.972 
0.011 0.996 0.023 0.993 0.997 
0.021 0.993 0.013 0.995 0.953 
0.018 0.992 0.011 0.998 0.940 
0.016 0.995 0.021 0.993 0.947 
0.021 0.995 0.019 0.995 0.975 
0.115 0.990 0.022 0.993 0.997 
0.008 0.997 0.019 0.995 0.966 
0.020 0.994 0.036 0.985 0.997 
0.018 0.995 0.015 0.995 0.843 
0.012 0.998 0.023 0.993 0.831 
0.024 0.994 0.044 0.983 0.781 
0.019 0.994 0.032 0.990 0.997 
0.024 0.990 0.013 0.995 0.292 
0.012 0.995 0.015 0.995 0.987 
0.015 0.995 0.020 0.995 0.843 
0.016 0.997 0.026 0.990 0.997 
0.027 0.994 0.031 0.990 0.997 
0.014 0.997 0.020 0.993 0.984 
0.021 0.993 0.036 0.990 0.991 
0.023 0.993 0.013 0.995 0.837 
0.009 0.997 0.024 0.993 0.984 
0.016 0.995 0.033 0.990 0.997 
0.021 0.994 0.016 0.995 0.997 
0.015 0.997 0.014 0.998 0.997 
0.021 0.996 0.027 0.993 0.991 
0.026 0.991 0.095 0.958 0.997 
0.011 0.997 0.017 0.995 1.000 
0.017 0.995 0.013 0.995 0.966 
0.028 0.991 0.039 0.988 1.000 
0.033 0.990 0.016 0.995 0.790 
0.046 0.993 0.038 0.990 0.997 
0.017 0.994 0.019 0.995 1.000 
0.018 0.997 0.031 0.993 0.997 
0.014 0.994 0.031 0.993 0.997 
0.025 0.993 0.016 0.995 0.991 
0.017 0.994 0.020 0.995 0.897 
0.014 0.995 0.016 0.998 0.978 
0.010 0.997 0.033 0.988 1.000 
0.027 0.995 0.023 0.993 0.994 
0.020 0.995 0.030 0.990 0.978 
0.022 0.992 0.050 0.983 0.994 
0.017 0.994 0.023 0.995 0.994 
0.012 0.994 0.021 0.993 0.994 
0.010 0.996 0.016 0.995 0.987 
0.015 0.995 0.024 0.993 0.987 
0.044 0.992 0.021 0.995 0.834 
0.019 0.994 0.021 0.995 0.994 
0.030 0.990 0.030 0.993 0.900 
0.010 0.994 0.029 0.993 0.994 
0.020 0.993 0.023 0.995 0.994 
0.017 0.995 0.040 0.985 0.994 
0.031 0.997 0.022 0.995 0.991 
0.012 0.996 0.016 0.998 0.975 
0.014 0.995 0.016 0.998 0.878 
0.032 0.991 0.024 0.993 0.966 
0.018 0.993 0.023 0.990 0.987 
0.017 0.994 0.019 0.995 0.994 
0.012 0.997 0.031 0.985 0.997 
0.019 0.995 0.023 0.993 0.997 
0.016 0.994 0.035 0.990 0.994 
0.020 0.994 0.040 0.993 0.994 
0.018 0.996 0.021 0.995 0.489 
0.015 0.995 0.017 0.995 0.683 
0.008 0.997 0.009 0.998 0.994 
0.019 0.994 0.025 0.993 0.994 
0.013 0.997 0.024 0.988 0.994 
0.031 0.994 0.024 0.993 1.000 
0.030 0.992 0.024 0.990 0.972 
0.022 0.995 0.016 0.995 0.997 
0.018 0.995 0.020 0.995 0.997 
0.015 0.995 0.026 0.990 0.991 
0.012 0.997 0.018 0.993 0.972 
0.013 0.996 0.013 0.998 1.000 
0.036 0.992 0.058 0.975 0.994 
0.010 0.998 0.024 0.993 1.000 
0.036 0.994 0.048 0.978 0.981 
0.026 0.993 0.021 0.993 0.997 
0.015 0.996 0.018 0.995 0.975 
0.018 0.994 0.010 0.998 0.997 
0.014 0.995 0.010 0.998 0.994 
0.015 0.995 0.023 0.995 0.799 
0.009 0.996 0.012 0.998 0.987 
0.033 0.992 0.023 0.993 0.981 
0.015 0.997 0.020 0.998 0.997 
0.015 0.995 0.022 0.993 0.997 
0.011 0.995 0.013 0.998 1.000 
0.039 0.993 0.022 0.993 0.994 
0.020 0.993 0.018 0.995 0.997 
0.032 0.994 0.014 0.995 0.997 
0.015 0.995 0.013 0.998 0.997 
0.014 0.995 0.020 0.995 0.994 
0.026 0.994 0.016 0.998 1.000 
0.030 0.992 0.019 0.993 1.000 
0.011 0.995 0.013 0.998 1.000 
0.020 0.997 0.012 0.998 0.997 
0.062 0.995 0.041 0.988 1.000 
0.032 0.993 0.132 0.958 1.000 
0.020 0.995 0.017 0.995 1.000 
0.007 0.998 0.031 0.995 0.981 
0.093 0.989 0.019 0.995 1.000 
0.022 0.996 0.027 0.993 1.000 
0.014 0.995 0.025 0.993 1.000 
0.014 0.997 0.019 0.993 1.000 
0.009 0.997 0.018 0.995 1.000 
0.017 0.996 0.018 0.995 0.987 
0.018 0.994 0.022 0.995 0.997 
0.016 0.993 0.015 0.995 1.000 
0.014 0.997 0.017 0.995 1.000 
0.017 0.997 0.060 0.973 1.000 
0.026 0.992 0.020 0.995 0.950 
0.019 0.994 0.027 0.993 1.000 
0.030 0.993 0.025 0.993 1.000 
0.016 0.995 0.017 0.995 0.997 
0.009 0.997 0.013 0.998 0.997 
0.027 0.993 0.012 0.995 0.947 
0.011 0.997 0.037 0.995 1.000 
0.015 0.995 0.016 0.995 0.997 
0.019 0.994 0.025 0.995 0.994 
0.051 0.993 0.025 0.993 0.997 
0.016 0.993 0.019 0.993 0.994 
0.017 0.997 0.015 0.998 1.000 
0.034 0.994 0.029 0.990 0.944 
0.012 0.996 0.020 0.995 0.997 
0.014 0.995 0.026 0.993 0.994 
0.016 0.995 0.017 0.998 1.000 
0.014 0.997 0.051 0.980 1.000 
0.012 0.997 0.019 0.995 0.991 
0.018 0.994 0.054 0.975 0.997 
0.022 0.993 0.025 0.993 1.000 
0.021 0.995 0.034 0.993 1.000 
0.017 0.995 0.018 0.995 0.997 
0.020 0.991 0.021 0.993 1.000 
0.021 0.993 0.022 0.993 0.997 
0.029 0.991 0.020 0.993 1.000 
0.019 0.995 0.020 0.995 0.925 
0.012 0.996 0.018 0.995 0.994 
0.016 0.995 0.016 0.995 1.000 
0.023 0.992 0.013 0.998 0.994 
0.022 0.994 0.017 0.995 0.997 
0.018 0.994 0.021 0.993 1.000 
0.009 0.996 0.015 0.995 0.953 
0.035 0.993 0.035 0.988 1.000 
0.017 0.994 0.025 0.993 1.000 
0.012 0.998 0.015 0.998 1.000 
0.021 0.995 0.045 0.985 1.000 
0.012 0.997 0.024 0.993 0.997 
0.015 0.996 0.028 0.993 0.987 
0.019 0.995 0.026 0.993 0.997 
0.016 0.994 0.012 0.998 0.997 
0.017 0.995 0.030 0.985 0.966 
0.017 0.993 0.015 0.995 1.000 
0.003 0.999 0.015 0.998 1.000 
0.020 0.994 0.027 0.990 1.000 
0.016 0.993 0.012 0.998 0.981 
0.020 0.992 0.015 0.995 0.533 
0.030 0.993 0.024 0.993 0.511 
0.019 0.995 0.015 0.995 0.987 
0.010 0.998 0.012 0.995 0.959 
0.016 0.996 0.019 0.993 0.984 
0.014 0.995 0.017 0.995 0.925 
0.028 0.993 0.017 0.995 0.966 
0.016 0.994 0.016 0.998 0.006 
0.076 0.993 0.026 0.995 0.969 
0.027 0.991 0.063 0.978 0.928 
0.016 0.994 0.021 0.995 0.984 
0.009 0.997 0.021 0.995 0.969 
0.014 0.997 0.017 0.995 0.969 
0.024 0.993 0.025 0.995 0.928 
0.016 0.993 0.019 0.995 0.972 
0.009 0.997 0.021 0.995 0.862 
0.021 0.995 0.019 0.995 0.994 
0.010 0.997 0.026 0.993 0.953 
0.016 0.995 0.021 0.995 0.940 
0.013 0.997 0.017 0.995 0.997 
0.013 0.997 0.014 0.995 0.909 
0.026 0.993 0.048 0.983 0.991 
0.018 0.994 0.018 0.998 1.000 
0.020 0.995 0.021 0.995 0.994 
0.008 0.998 0.013 0.998 1.000 
0.017 0.995 0.033 0.990 0.912 
0.020 0.993 0.019 0.993 0.997 
0.018 0.996 0.020 0.995 0.940 
0.015 0.995 0.024 0.995 1.000 
0.031 0.993 0.019 0.995 0.956 
0.014 0.997 0.024 0.995 0.953 
0.009 0.997 0.049 0.980 0.956 
0.016 0.995 0.015 0.995 0.777 
0.010 0.997 0.018 0.995 0.991 
0.016 0.993 0.016 0.995 0.997 
