0.282 0.890 0.236 0.907 1.000 
0.184 0.930 0.196 0.922 1.000 
0.152 0.944 0.139 0.955 1.000 
0.129 0.960 0.101 0.970 1.000 
0.124 0.960 0.103 0.978 1.000 
0.106 0.966 0.133 0.945 1.000 
0.084 0.974 0.085 0.980 1.000 
0.082 0.968 0.107 0.953 1.000 
0.071 0.977 0.152 0.935 0.699 
0.082 0.970 0.151 0.932 0.987 
0.094 0.973 0.103 0.963 1.000 
0.088 0.976 0.088 0.975 1.000 
0.068 0.979 0.093 0.973 0.962 
0.067 0.978 0.112 0.958 1.000 
0.071 0.980 0.079 0.978 1.000 
0.065 0.979 0.088 0.968 0.994 
0.073 0.977 0.086 0.973 0.904 
0.062 0.983 0.072 0.978 0.994 
0.058 0.981 0.079 0.980 0.949 
0.063 0.981 0.091 0.970 0.997 
0.063 0.982 0.097 0.965 0.990 
0.062 0.981 0.096 0.983 0.997 
0.050 0.988 0.086 0.973 0.933 
0.051 0.983 0.077 0.975 0.936 
0.049 0.985 0.076 0.985 1.000 
0.052 0.985 0.075 0.978 1.000 
0.055 0.987 0.095 0.970 0.978 
0.053 0.984 0.069 0.983 0.776 
0.047 0.986 0.099 0.960 0.913 
0.041 0.989 0.126 0.953 0.929 
0.052 0.988 0.091 0.960 0.853 
0.043 0.988 0.086 0.973 0.994 
0.063 0.981 0.093 0.970 0.917 
0.040 0.989 0.072 0.980 0.990 
0.050 0.988 0.077 0.975 0.984 
0.063 0.984 0.076 0.978 1.000 
0.029 0.992 0.073 0.978 1.000 
0.053 0.981 0.085 0.975 1.000 
0.042 0.989 0.061 0.985 1.000 
0.042 0.989 0.066 0.980 0.990 
0.047 0.984 0.066 0.980 1.000 
0.034 0.990 0.073 0.980 1.000 
0.042 0.988 0.065 0.988 1.000 
0.040 0.986 0.056 0.988 0.987 
0.035 0.988 0.109 0.965 0.997 
0.056 0.988 0.078 0.985 1.000 
0.042 0.990 0.076 0.980 0.814 
0.042 0.985 0.087 0.960 1.000 
0.040 0.986 0.086 0.968 0.965 
0.041 0.989 0.071 0.980 0.981 
0.040 0.989 0.071 0.980 0.987 
0.039 0.989 0.072 0.970 0.997 
0.048 0.988 0.068 0.978 0.170 
0.035 0.987 0.063 0.983 0.699 
0.044 0.988 0.069 0.983 1.000 
0.036 0.992 0.082 0.980 0.856 
0.034 0.989 0.070 0.980 0.763 
0.040 0.987 0.066 0.988 0.958 
0.050 0.986 0.112 0.960 1.000 
0.031 0.991 0.060 0.988 0.984 
0.042 0.986 0.081 0.973 1.000 
0.031 0.993 0.086 0.970 0.997 
0.040 0.987 0.084 0.968 1.000 
0.049 0.986 0.062 0.980 0.885 
0.043 0.987 0.070 0.983 1.000 
0.033 0.992 0.222 0.927 0.997 
0.032 0.991 0.062 0.983 0.952 
0.028 0.994 0.066 0.980 0.981 
0.040 0.991 0.068 0.983 0.997 
0.038 0.991 0.081 0.975 0.994 
0.035 0.989 0.127 0.950 0.994 
0.031 0.991 0.057 0.985 0.968 
0.037 0.991 0.076 0.980 0.997 
0.039 0.988 0.110 0.958 0.920 
0.036 0.988 0.088 0.963 0.997 
0.035 0.992 0.094 0.960 1.000 
0.035 0.992 0.061 0.990 0.929 
0.030 0.993 0.102 0.958 0.997 
0.032 0.991 0.164 0.938 0.990 
0.035 0.990 0.064 0.983 1.000 
0.035 0.991 0.088 0.968 1.000 
0.028 0.993 0.057 0.985 0.978 
0.025 0.994 0.079 0.968 0.997 
0.043 0.989 0.055 0.985 1.000 
0.030 0.991 0.193 0.932 0.987 
0.034 0.991 0.079 0.973 0.997 
0.038 0.989 0.062 0.985 0.997 
0.028 0.991 0.071 0.978 1.000 
0.032 0.992 0.072 0.980 0.978 
0.026 0.992 0.064 0.983 0.997 
0.027 0.992 0.076 0.983 0.933 
0.024 0.993 0.135 0.935 0.958 
0.038 0.988 0.076 0.978 0.958 
0.036 0.989 0.132 0.943 0.962 
0.042 0.988 0.068 0.985 1.000 
0.032 0.991 0.060 0.983 0.994 
0.043 0.988 0.067 0.985 1.000 
0.030 0.991 0.094 0.960 0.997 
0.036 0.991 0.118 0.948 0.978 
0.031 0.988 0.069 0.980 0.997 
0.024 0.994 0.076 0.968 0.913 
0.029 0.993 0.068 0.980 1.000 
0.028 0.992 0.105 0.953 0.936 
0.026 0.991 0.065 0.980 0.981 
0.028 0.990 0.076 0.973 0.994 
0.031 0.994 0.072 0.980 1.000 
0.030 0.991 0.060 0.985 1.000 
0.026 0.992 0.055 0.985 1.000 
0.034 0.990 0.152 0.948 0.994 
0.027 0.996 0.055 0.985 1.000 
0.040 0.989 0.108 0.953 0.990 
0.028 0.994 0.065 0.980 1.000 
0.028 0.992 0.077 0.978 0.984 
0.039 0.988 0.079 0.975 1.000 
0.026 0.993 0.067 0.980 0.997 
0.027 0.994 0.057 0.988 1.000 
0.026 0.994 0.070 0.980 1.000 
0.024 0.992 0.063 0.980 0.939 
0.028 0.991 0.065 0.980 0.962 
0.027 0.993 0.052 0.983 0.997 
0.022 0.995 0.073 0.978 1.000 
0.030 0.991 0.058 0.983 1.000 
0.029 0.992 0.126 0.940 1.000 
0.033 0.989 0.081 0.973 1.000 
0.026 0.993 0.066 0.983 1.000 
0.027 0.992 0.073 0.983 1.000 
0.027 0.992 0.067 0.980 0.994 
0.022 0.993 0.091 0.970 0.994 
0.025 0.993 0.059 0.985 0.997 
0.026 0.992 0.083 0.975 0.942 
0.026 0.994 0.048 0.985 1.000 
0.028 0.993 0.077 0.970 0.997 
0.030 0.992 0.142 0.940 0.962 
0.026 0.989 0.052 0.983 1.000 
0.027 0.992 0.053 0.983 0.821 
0.033 0.989 0.062 0.983 0.917 
0.027 0.995 0.076 0.980 0.997 
0.027 0.994 0.069 0.983 0.997 
0.030 0.993 0.085 0.980 0.987 
0.023 0.992 0.071 0.983 0.990 
0.026 0.993 0.066 0.983 0.833 
0.028 0.993 0.048 0.988 0.359 
0.028 0.991 0.064 0.978 1.000 
0.022 0.995 0.080 0.980 1.000 
0.022 0.994 0.062 0.983 1.000 
0.021 0.995 0.064 0.980 0.971 
0.023 0.995 0.063 0.980 0.670 
0.019 0.994 0.090 0.978 0.856 
0.028 0.993 0.093 0.968 0.997 
0.029 0.993 0.072 0.975 0.987 
0.028 0.993 0.068 0.983 0.974 
0.018 0.996 0.094 0.973 0.997 
0.017 0.994 0.139 0.963 0.997 
0.026 0.991 0.116 0.948 1.000 
0.026 0.993 0.065 0.975 0.978 
0.021 0.995 0.090 0.970 1.000 
0.025 0.994 0.076 0.978 1.000 
0.019 0.994 0.084 0.978 1.000 
0.023 0.994 0.128 0.940 1.000 
0.024 0.995 0.089 0.968 1.000 
0.033 0.992 0.076 0.980 0.987 
0.022 0.994 0.073 0.975 1.000 
0.013 0.996 0.059 0.983 1.000 
0.026 0.990 0.071 0.980 1.000 
0.024 0.996 0.113 0.958 1.000 
0.039 0.990 0.129 0.948 0.997 
0.014 0.994 0.111 0.968 0.978 
0.024 0.993 0.104 0.975 0.971 
0.035 0.993 0.080 0.975 0.990 
0.020 0.994 0.074 0.978 0.750 
0.020 0.994 0.057 0.983 0.997 
0.021 0.994 0.056 0.983 1.000 
0.026 0.994 0.056 0.983 1.000 
0.020 0.994 0.114 0.963 0.978 
0.021 0.995 0.105 0.978 1.000 
0.028 0.992 0.065 0.983 1.000 
0.015 0.995 0.059 0.980 1.000 
0.017 0.996 0.060 0.980 1.000 
0.028 0.990 0.069 0.980 0.962 
0.021 0.995 0.082 0.970 0.987 
0.021 0.995 0.064 0.983 0.984 
0.026 0.993 0.091 0.960 0.994 
0.023 0.992 0.153 0.975 1.000 
0.031 0.995 0.062 0.983 0.923 
0.028 0.992 0.079 0.980 0.994 
0.024 0.993 0.185 0.932 0.987 
0.022 0.993 0.075 0.973 0.994 
0.018 0.995 0.062 0.985 0.087 
0.016 0.998 0.081 0.978 1.000 
0.030 0.992 0.077 0.965 0.962 
0.026 0.992 0.133 0.955 1.000 
0.022 0.994 0.091 0.978 0.994 
0.018 0.997 0.071 0.978 0.968 
0.022 0.992 0.084 0.978 0.958 
0.016 0.994 0.077 0.983 0.997 
0.021 0.995 0.140 0.948 1.000 
0.017 0.995 0.057 0.978 1.000 
0.025 0.992 0.090 0.968 1.000 
0.018 0.997 0.050 0.988 1.000 
0.026 0.993 0.060 0.980 1.000 
0.025 0.995 0.101 0.973 1.000 
0.019 0.995 0.083 0.978 0.997 
0.013 0.997 0.055 0.985 1.000 
0.022 0.992 0.123 0.968 0.952 
0.024 0.992 0.061 0.983 0.994 
0.019 0.996 0.061 0.983 0.917 
0.024 0.994 0.049 0.990 1.000 
0.024 0.993 0.052 0.983 0.814 
0.021 0.992 0.100 0.968 0.946 
0.019 0.995 0.066 0.978 1.000 
0.027 0.993 0.125 0.953 0.990 
0.020 0.996 0.060 0.983 0.994 
0.018 0.994 0.050 0.983 0.929 
0.012 0.997 0.052 0.983 0.968 
0.018 0.994 0.057 0.983 0.984 
0.020 0.994 0.060 0.983 1.000 
0.024 0.992 0.048 0.985 1.000 
0.018 0.995 0.086 0.978 0.981 
0.024 0.993 0.158 0.938 0.968 
0.021 0.994 0.063 0.983 1.000 
0.022 0.993 0.067 0.980 1.000 
0.020 0.994 0.052 0.985 1.000 
0.028 0.993 0.057 0.983 1.000 
0.016 0.995 0.054 0.983 0.994 
0.015 0.996 0.120 0.943 0.978 
0.020 0.995 0.064 0.980 0.997 
0.009 0.998 0.070 0.985 1.000 
0.017 0.995 0.062 0.985 0.997 
0.020 0.994 0.093 0.968 1.000 
0.020 0.993 0.076 0.975 0.997 
0.024 0.993 0.071 0.980 0.997 
0.012 0.995 0.076 0.980 1.000 
0.009 0.996 0.112 0.985 1.000 
0.018 0.994 0.071 0.978 1.000 
0.015 0.994 0.065 0.983 1.000 
0.025 0.994 0.063 0.983 1.000 
0.017 0.994 0.061 0.983 0.997 
0.026 0.991 0.091 0.960 0.997 
0.029 0.994 0.075 0.973 1.000 
0.012 0.996 0.065 0.983 1.000 
0.025 0.993 0.054 0.988 0.987 
0.025 0.994 0.099 0.965 1.000 
0.022 0.994 0.061 0.983 1.000 
0.020 0.995 0.129 0.958 1.000 
0.024 0.993 0.071 0.978 1.000 
0.026 0.993 0.081 0.978 1.000 
0.025 0.992 0.095 0.975 1.000 
0.019 0.995 0.067 0.983 0.997 
0.017 0.995 0.074 0.983 1.000 
0.028 0.994 0.087 0.970 1.000 
0.025 0.996 0.070 0.980 0.994 
0.023 0.994 0.061 0.983 1.000 
0.016 0.995 0.056 0.983 1.000 
0.018 0.994 0.069 0.978 1.000 
0.023 0.993 0.069 0.978 1.000 
0.017 0.995 0.106 0.963 1.000 
0.019 0.994 0.078 0.980 0.997 
0.021 0.995 0.119 0.978 1.000 
0.011 0.997 0.050 0.983 1.000 
0.027 0.994 0.054 0.983 0.984 
0.028 0.993 0.065 0.985 0.981 
0.015 0.995 0.082 0.985 1.000 
0.014 0.996 0.096 0.980 0.990 
0.024 0.995 0.109 0.968 0.952 
0.011 0.996 0.077 0.980 0.856 
0.025 0.995 0.075 0.980 0.923 
0.015 0.994 0.082 0.978 0.984 
0.018 0.994 0.259 0.940 0.869 
0.033 0.994 0.064 0.988 1.000 
0.016 0.994 0.066 0.988 1.000 
0.021 0.993 0.115 0.965 0.971 
0.016 0.992 0.072 0.983 0.994 
0.021 0.995 0.076 0.983 1.000 
0.009 0.996 0.119 0.978 1.000 
0.026 0.995 0.090 0.970 0.997 
0.015 0.996 0.062 0.983 0.994 
0.016 0.995 0.067 0.985 1.000 
0.020 0.995 0.066 0.985 1.000 
0.017 0.995 0.084 0.978 0.997 
0.019 0.993 0.092 0.980 1.000 
0.025 0.993 0.089 0.975 0.994 
0.026 0.994 0.070 0.980 1.000 
0.018 0.995 0.059 0.983 1.000 
0.021 0.994 0.070 0.983 0.997 
0.023 0.994 0.062 0.985 0.971 
0.016 0.995 0.070 0.980 1.000 
0.017 0.995 0.091 0.968 0.997 
0.016 0.996 0.111 0.983 0.997 
0.024 0.994 0.054 0.983 0.997 
0.021 0.992 0.087 0.978 0.962 
0.024 0.994 0.059 0.983 1.000 
0.015 0.995 0.066 0.983 0.997 
0.014 0.995 0.127 0.975 0.994 
0.025 0.995 0.113 0.958 0.968 
0.021 0.996 0.063 0.980 0.971 
0.021 0.995 0.070 0.975 0.987 
0.011 0.995 0.050 0.990 0.984 
0.023 0.994 0.084 0.975 0.997 
0.018 0.995 0.074 0.988 1.000 
0.024 0.993 0.084 0.975 1.000 
0.023 0.995 0.071 0.980 0.997 
0.009 0.999 0.072 0.985 1.000 
0.020 0.994 0.078 0.978 0.997 
0.010 0.997 0.073 0.978 0.997 
0.016 0.993 0.068 0.983 0.994 
0.015 0.997 0.058 0.983 0.987 
0.015 0.996 0.063 0.983 0.968 
0.021 0.995 0.057 0.985 1.000 
0.024 0.992 0.112 0.978 0.949 
0.019 0.994 0.060 0.983 0.994 
0.021 0.995 0.061 0.985 0.971 
0.017 0.997 0.061 0.983 0.949 
0.027 0.995 0.057 0.985 1.000 
0.011 0.996 0.109 0.963 0.984 
0.028 0.994 0.102 0.968 1.000 
0.015 0.995 0.114 0.958 1.000 
0.021 0.994 0.082 0.978 1.000 
0.017 0.996 0.062 0.983 0.971 
0.015 0.996 0.099 0.965 0.994 
0.013 0.996 0.121 0.965 1.000 
0.034 0.995 0.107 0.963 0.978 
0.028 0.991 0.056 0.983 1.000 
0.013 0.996 0.074 0.985 0.962 
0.012 0.995 0.073 0.983 0.984 
0.022 0.992 0.070 0.978 0.994 
0.015 0.994 0.081 0.975 0.965 
0.015 0.996 0.080 0.978 0.997 
0.020 0.994 0.104 0.963 0.971 
0.015 0.996 0.053 0.985 1.000 
0.018 0.996 0.074 0.980 0.984 
0.014 0.996 0.057 0.985 0.917 
0.012 0.997 0.072 0.978 0.997 
0.019 0.996 0.105 0.965 0.981 
0.017 0.995 0.054 0.983 1.000 
0.016 0.994 0.062 0.980 0.987 
0.009 0.997 0.074 0.980 0.965 
0.016 0.996 0.049 0.988 0.317 
0.015 0.995 0.065 0.985 0.987 
0.014 0.995 0.058 0.985 0.962 
0.018 0.995 0.066 0.975 0.994 
0.011 0.996 0.069 0.985 0.965 
0.021 0.994 0.087 0.970 0.936 
0.022 0.993 0.063 0.985 0.942 
0.016 0.994 0.084 0.973 0.933 
0.017 0.995 0.089 0.970 0.987 
0.019 0.994 0.061 0.983 0.840 
0.013 0.996 0.064 0.983 0.939 
0.009 0.997 0.068 0.988 0.990 
0.022 0.995 0.080 0.975 0.907 
0.016 0.995 0.177 0.932 0.974 
0.018 0.995 0.085 0.978 0.958 
0.013 0.997 0.056 0.990 0.833 
0.028 0.994 0.065 0.990 1.000 
0.026 0.993 0.079 0.983 1.000 
0.020 0.996 0.070 0.975 1.000 
0.016 0.995 0.068 0.985 0.997 
0.024 0.997 0.091 0.973 0.997 
0.016 0.995 0.074 0.978 0.971 
0.031 0.995 0.104 0.963 0.942 
0.021 0.994 0.088 0.968 0.981 
0.013 0.997 0.046 0.988 1.000 
0.022 0.994 0.103 0.965 0.994 
0.010 0.997 0.106 0.983 0.981 
0.016 0.996 0.084 0.973 0.984 
0.011 0.996 0.064 0.983 0.978 
0.014 0.997 0.123 0.968 0.968 
0.016 0.997 0.066 0.985 0.968 
0.024 0.994 0.083 0.970 0.997 
0.007 0.998 0.068 0.983 1.000 
0.017 0.995 0.065 0.978 0.958 
0.016 0.996 0.082 0.983 0.990 
0.017 0.995 0.083 0.970 1.000 
0.015 0.995 0.069 0.983 0.974 
0.017 0.996 0.071 0.975 0.891 
0.017 0.995 0.082 0.978 0.981 
0.017 0.995 0.063 0.983 0.968 
0.016 0.995 0.066 0.980 0.599 
0.012 0.998 0.061 0.985 0.853 
0.017 0.995 0.067 0.985 0.872 
0.014 0.996 0.082 0.973 0.920 
0.015 0.995 0.074 0.985 0.926 
0.014 0.996 0.061 0.983 1.000 
0.020 0.995 0.067 0.985 0.949 
0.023 0.994 0.071 0.985 0.974 
0.013 0.997 0.047 0.990 1.000 
0.018 0.996 0.063 0.975 1.000 
0.016 0.996 0.051 0.990 1.000 
0.025 0.994 0.056 0.978 0.997 
0.024 0.995 0.128 0.955 0.881 
0.014 0.996 0.076 0.978 1.000 
0.020 0.995 0.077 0.975 1.000 
0.013 0.996 0.076 0.983 0.984 
0.021 0.995 0.087 0.978 0.449 
0.016 0.994 0.077 0.985 0.699 
0.022 0.995 0.080 0.973 0.990 
0.018 0.995 0.049 0.985 0.625 
0.018 0.994 0.046 0.990 0.955 
0.016 0.997 0.050 0.983 0.984 
0.016 0.996 0.055 0.985 0.897 
0.014 0.995 0.059 0.985 1.000 
0.017 0.996 0.059 0.985 0.824 
0.022 0.993 0.076 0.978 0.965 
0.018 0.994 0.054 0.980 0.997 
0.023 0.998 0.074 0.978 1.000 
0.018 0.996 0.068 0.980 0.978 
0.018 0.995 0.059 0.983 0.667 
0.011 0.998 0.058 0.985 0.955 
0.016 0.996 0.050 0.985 0.987 
0.018 0.997 0.044 0.988 0.801 
0.013 0.996 0.071 0.980 0.994 
0.010 0.998 0.107 0.963 0.990 
0.013 0.995 0.061 0.980 0.984 
0.021 0.995 0.103 0.973 0.881 
0.036 0.991 0.089 0.985 0.913 
0.022 0.996 0.076 0.975 0.981 
0.011 0.997 0.074 0.985 0.981 
0.016 0.996 0.063 0.985 0.971 
0.025 0.994 0.067 0.990 0.994 
0.018 0.995 0.107 0.968 0.946 
0.029 0.993 0.096 0.963 0.997 
0.010 0.997 0.105 0.983 0.910 
0.025 0.994 0.146 0.932 1.000 
0.013 0.997 0.060 0.983 0.878 
0.012 0.996 0.074 0.975 1.000 
0.020 0.994 0.050 0.983 1.000 
0.008 0.997 0.062 0.990 0.135 
0.013 0.996 0.074 0.988 0.881 
0.015 0.995 0.064 0.993 0.968 
0.021 0.994 0.114 0.973 0.952 
0.014 0.998 0.130 0.970 0.955 
0.012 0.997 0.109 0.988 0.513 
0.023 0.996 0.088 0.980 0.981 
0.019 0.995 0.074 0.983 0.987 
0.015 0.995 0.062 0.983 0.978 
0.016 0.995 0.051 0.985 0.987 
0.015 0.995 0.044 0.990 1.000 
0.011 0.995 0.078 0.985 0.965 
0.013 0.996 0.066 0.983 0.946 
0.016 0.995 0.090 0.988 0.910 
0.020 0.994 0.099 0.970 0.901 
0.018 0.997 0.096 0.963 0.981 
0.011 0.996 0.077 0.990 0.821 
0.022 0.996 0.056 0.985 0.929 
0.018 0.995 0.126 0.955 0.990 
0.013 0.997 0.051 0.988 0.968 
0.022 0.993 0.083 0.978 0.974 
0.018 0.992 0.099 0.980 0.923 
0.044 0.994 0.090 0.978 1.000 
0.022 0.995 0.044 0.988 1.000 
0.021 0.994 0.069 0.980 0.936 
0.016 0.997 0.047 0.988 0.997 
0.014 0.997 0.058 0.983 0.952 
0.016 0.995 0.054 0.988 1.000 
0.020 0.996 0.109 0.965 0.949 
0.013 0.995 0.096 0.985 0.955 
0.012 0.996 0.076 0.985 0.958 
0.019 0.996 0.069 0.983 0.885 
0.019 0.995 0.074 0.983 0.955 
0.012 0.996 0.076 0.983 0.901 
0.023 0.994 0.083 0.980 0.962 
0.014 0.996 0.076 0.978 0.917 
0.017 0.995 0.118 0.973 0.885 
0.011 0.996 0.078 0.983 0.936 
0.013 0.996 0.072 0.980 0.971 
0.013 0.994 0.076 0.978 0.830 
0.017 0.996 0.110 0.968 0.436 
0.020 0.995 0.051 0.985 0.904 
0.012 0.996 0.115 0.965 0.994 
0.011 0.995 0.104 0.995 0.984 
0.010 0.996 0.113 0.990 0.994 
0.010 0.997 0.123 0.945 0.949 
0.017 0.994 0.068 0.985 0.968 
0.018 0.994 0.118 0.955 0.869 
0.012 0.996 0.040 0.988 0.981 
0.019 0.996 0.068 0.985 0.962 
0.015 0.994 0.061 0.985 0.981 
0.016 0.995 0.047 0.988 0.997 
0.011 0.996 0.069 0.983 0.987 
0.013 0.996 0.095 0.980 0.926 
0.011 0.997 0.127 0.985 0.994 
0.024 0.994 0.058 0.985 1.000 
0.013 0.996 0.136 0.985 0.987 
0.009 0.997 0.113 0.988 0.929 
0.025 0.994 0.128 0.978 0.987 
0.017 0.995 0.072 0.985 0.997 
0.013 0.996 0.079 0.983 0.968 
0.013 0.995 0.136 0.980 0.971 
0.017 0.995 0.060 0.993 1.000 
0.014 0.998 0.178 0.945 0.997 
0.025 0.994 0.092 0.963 0.987 
0.009 0.997 0.068 0.983 1.000 
0.010 0.997 0.069 0.983 0.994 
0.013 0.995 0.065 0.985 0.994 
0.012 0.996 0.049 0.993 0.984 
0.012 0.995 0.060 0.988 1.000 
0.021 0.994 0.077 0.983 1.000 
0.014 0.994 0.102 0.980 0.965 
0.019 0.994 0.076 0.975 0.997 
0.010 0.996 0.077 0.983 0.978 
0.013 0.996 0.053 0.990 0.994 
0.010 0.998 0.068 0.980 0.984 
0.015 0.996 0.095 0.980 0.984 
0.024 0.992 0.057 0.983 1.000 
0.011 0.997 0.071 0.983 0.990 
0.023 0.992 0.100 0.963 0.939 
0.020 0.995 0.049 0.988 0.994 
0.029 0.995 0.059 0.983 0.978 
0.014 0.995 0.083 0.983 0.987 
0.017 0.994 0.118 0.960 0.994 
0.021 0.995 0.049 0.988 1.000 
0.016 0.996 0.056 0.983 0.971 
0.020 0.995 0.054 0.988 0.891 
0.013 0.996 0.126 0.955 0.923 
0.027 0.994 0.151 0.938 0.984 
0.009 0.997 0.063 0.983 1.000 
0.020 0.995 0.143 0.943 0.974 
0.008 0.997 0.130 0.970 1.000 
0.016 0.997 0.067 0.985 0.987 
0.017 0.994 0.099 0.970 0.901 
0.010 0.997 0.076 0.985 0.974 
0.010 0.997 0.086 0.985 0.994 
0.008 0.997 0.080 0.990 0.997 
0.017 0.995 0.068 0.988 0.994 
0.019 0.995 0.055 0.990 0.968 
0.014 0.995 0.099 0.983 0.984 
0.013 0.996 0.127 0.960 0.981 
0.009 0.995 0.062 0.985 0.997 
0.019 0.996 0.080 0.978 0.994 
0.015 0.996 0.082 0.983 0.994 
0.018 0.996 0.089 0.978 0.984 
0.018 0.995 0.060 0.983 0.971 
0.013 0.996 0.075 0.985 0.804 
0.015 0.995 0.093 0.978 0.904 
0.020 0.993 0.061 0.985 0.962 
0.010 0.997 0.065 0.988 0.978 
0.009 0.997 0.087 0.980 0.997 
0.014 0.997 0.080 0.983 0.936 
0.017 0.995 0.073 0.983 0.721 
0.011 0.995 0.085 0.983 0.965 
0.017 0.996 0.144 0.975 0.997 
0.016 0.995 0.059 0.988 1.000 
0.013 0.995 0.099 0.983 0.849 
0.013 0.996 0.090 0.978 0.981 
0.014 0.995 0.138 0.973 0.990 
0.018 0.995 0.089 0.983 0.994 
0.013 0.996 0.091 0.978 0.933 
0.015 0.996 0.163 0.960 0.962 
0.013 0.997 0.125 0.985 0.974 
0.012 0.996 0.112 0.985 0.997 
0.007 0.997 0.102 0.978 0.994 
0.027 0.995 0.041 0.993 1.000 
0.016 0.997 0.076 0.985 0.981 
0.019 0.995 0.075 0.983 0.987 
0.010 0.997 0.081 0.980 0.987 
0.013 0.997 0.048 0.988 0.926 
0.016 0.996 0.039 0.993 0.974 
0.015 0.996 0.045 0.988 0.958 
0.024 0.994 0.073 0.978 0.971 
0.013 0.995 0.071 0.985 0.968 
0.013 0.996 0.070 0.978 0.987 
0.006 0.997 0.125 0.988 0.997 
0.038 0.993 0.082 0.990 0.990 
0.020 0.995 0.073 0.980 0.984 
0.017 0.994 0.066 0.983 0.971 
0.014 0.996 0.072 0.985 0.942 
0.012 0.996 0.099 0.973 0.849 
0.010 0.997 0.107 0.983 0.981 
0.013 0.997 0.077 0.988 1.000 
0.014 0.996 0.054 0.985 0.987 
0.027 0.995 0.043 0.990 1.000 
0.009 0.997 0.081 0.988 0.987 
0.014 0.996 0.190 0.968 0.978 
0.016 0.996 0.096 0.973 0.994 
0.027 0.994 0.085 0.973 1.000 
0.013 0.997 0.106 0.963 0.510 
0.011 0.996 0.073 0.983 0.958 
0.016 0.995 0.082 0.978 0.984 
0.016 0.994 0.092 0.970 0.997 
0.009 0.997 0.096 0.985 0.994 
0.019 0.996 0.058 0.985 0.997 
0.010 0.996 0.062 0.988 0.984 
0.010 0.995 0.076 0.978 0.974 
0.009 0.998 0.047 0.988 1.000 
0.013 0.997 0.061 0.985 0.987 
0.011 0.997 0.100 0.975 0.946 
0.006 0.998 0.046 0.990 0.987 
0.023 0.995 0.053 0.990 0.952 
0.012 0.996 0.040 0.990 0.994 
0.018 0.995 0.067 0.980 0.987 
0.017 0.993 0.045 0.985 0.978 
0.041 0.993 0.061 0.993 0.907 
0.013 0.995 0.064 0.988 0.923 
0.010 0.997 0.087 0.983 0.987 
0.019 0.997 0.068 0.985 0.990 
0.014 0.996 0.069 0.983 0.978 
0.013 0.996 0.055 0.983 0.987 
0.011 0.996 0.065 0.985 0.990 
0.006 0.998 0.113 0.975 0.929 
0.022 0.995 0.104 0.975 0.901 
0.018 0.995 0.057 0.985 0.881 
0.015 0.996 0.078 0.988 0.962 
0.015 0.995 0.107 0.975 0.990 
0.006 0.998 0.078 0.985 0.987 
0.024 0.994 0.055 0.983 0.987 
0.014 0.997 0.066 0.975 0.840 
0.011 0.997 0.081 0.985 0.987 
0.025 0.992 0.118 0.985 0.990 
0.012 0.996 0.116 0.985 0.971 
0.016 0.995 0.067 0.985 0.971 
0.018 0.994 0.105 0.973 0.984 
0.015 0.994 0.125 0.970 0.990 
0.015 0.997 0.098 0.960 0.997 
0.011 0.996 0.105 0.973 0.955 
0.015 0.995 0.095 0.983 1.000 
0.015 0.997 0.080 0.973 1.000 
0.020 0.994 0.224 0.920 0.962 
0.011 0.997 0.086 0.985 0.974 
0.009 0.996 0.081 0.983 0.978 
0.017 0.997 0.129 0.988 1.000 
0.020 0.995 0.226 0.980 0.878 
0.010 0.997 0.098 0.988 0.994 
0.025 0.995 0.053 0.985 0.997 
0.019 0.996 0.066 0.985 0.971 
0.013 0.995 0.039 0.993 0.994 
0.025 0.995 0.081 0.988 0.869 
0.020 0.996 0.070 0.985 0.705 
0.009 0.996 0.057 0.990 0.990 
0.018 0.997 0.044 0.990 0.990 
0.013 0.997 0.075 0.975 0.856 
0.012 0.997 0.077 0.978 0.952 
0.002 0.999 0.069 0.985 0.955 
0.014 0.995 0.064 0.985 0.990 
0.033 0.993 0.056 0.978 1.000 
0.011 0.994 0.100 0.975 0.936 
0.013 0.995 0.063 0.980 1.000 
0.015 0.997 0.057 0.983 0.984 
0.009 0.997 0.078 0.980 0.997 
0.014 0.995 0.100 0.975 0.990 
0.017 0.996 0.062 0.983 0.997 
0.015 0.994 0.127 0.960 0.971 
0.024 0.994 0.068 0.988 0.936 
0.010 0.997 0.112 0.985 0.965 
0.028 0.993 0.085 0.973 0.994 
0.014 0.995 0.076 0.975 0.997 
0.012 0.997 0.070 0.978 0.990 
0.014 0.997 0.061 0.983 0.987 
0.011 0.996 0.048 0.990 1.000 
0.016 0.996 0.082 0.978 0.981 
0.009 0.998 0.084 0.965 0.997 
0.010 0.998 0.074 0.973 0.987 
0.013 0.995 0.054 0.985 1.000 
0.011 0.996 0.064 0.990 0.997 
0.009 0.996 0.122 0.983 0.981 
0.021 0.994 0.059 0.978 1.000 
0.014 0.996 0.069 0.988 0.990 
0.021 0.994 0.080 0.970 0.994 
0.005 0.998 0.095 0.985 0.987 
0.014 0.996 0.042 0.990 0.994 
0.022 0.993 0.049 0.985 0.955 
0.014 0.996 0.060 0.985 0.971 
0.029 0.995 0.073 0.978 0.936 
0.017 0.995 0.044 0.990 0.942 
0.008 0.998 0.054 0.988 0.981 
0.015 0.998 0.064 0.983 0.968 
0.014 0.996 0.082 0.980 0.994 
0.012 0.997 0.055 0.985 1.000 
0.006 0.999 0.066 0.988 0.994 
0.024 0.993 0.127 0.955 0.997 
0.009 0.998 0.087 0.983 0.997 
0.009 0.997 0.080 0.985 0.978 
0.018 0.995 0.040 0.990 1.000 
0.009 0.997 0.071 0.985 0.984 
0.007 0.999 0.064 0.980 1.000 
0.008 0.997 0.111 0.970 0.978 
0.017 0.996 0.062 0.988 0.978 
0.007 0.997 0.063 0.988 1.000 
0.022 0.995 0.059 0.988 1.000 
0.010 0.997 0.041 0.988 1.000 
0.014 0.996 0.119 0.970 0.994 
0.015 0.995 0.074 0.985 1.000 
0.012 0.996 0.101 0.963 1.000 
0.015 0.996 0.072 0.978 0.997 
0.008 0.997 0.090 0.988 0.987 
0.020 0.995 0.054 0.988 1.000 
0.011 0.997 0.112 0.968 0.994 
0.015 0.996 0.060 0.983 0.987 
0.023 0.995 0.095 0.963 0.965 
0.007 0.998 0.064 0.985 0.990 
0.011 0.997 0.077 0.988 0.990 
0.016 0.995 0.071 0.993 1.000 
0.015 0.995 0.128 0.970 0.971 
0.016 0.996 0.069 0.988 0.994 
0.012 0.995 0.132 0.958 0.929 
0.029 0.996 0.048 0.990 1.000 
0.016 0.996 0.140 0.950 1.000 
0.013 0.995 0.105 0.968 1.000 
0.016 0.995 0.105 0.968 1.000 
0.014 0.995 0.065 0.978 1.000 
0.015 0.994 0.074 0.988 1.000 
0.015 0.997 0.065 0.980 0.997 
0.016 0.996 0.086 0.975 0.997 
0.014 0.996 0.059 0.990 1.000 
0.008 0.998 0.071 0.985 1.000 
0.021 0.996 0.062 0.985 0.994 
0.009 0.998 0.138 0.943 0.984 
0.015 0.996 0.058 0.985 1.000 
0.009 0.996 0.128 0.975 1.000 
0.022 0.994 0.081 0.980 1.000 
0.011 0.996 0.062 0.990 1.000 
0.021 0.995 0.064 0.985 0.936 
0.008 0.997 0.083 0.980 0.971 
0.007 0.997 0.056 0.995 0.984 
0.009 0.997 0.056 0.988 0.987 
0.011 0.997 0.050 0.995 0.984 
0.017 0.996 0.099 0.980 0.968 
0.019 0.997 0.044 0.990 0.987 
0.012 0.997 0.034 0.993 0.984 
0.014 0.997 0.044 0.990 0.971 
0.020 0.995 0.062 0.978 0.978 
0.012 0.997 0.062 0.983 0.949 
0.014 0.996 0.058 0.993 0.994 
0.018 0.996 0.101 0.970 0.942 
0.006 0.997 0.080 0.990 0.987 
0.029 0.991 0.069 0.975 0.901 
0.015 0.998 0.098 0.973 0.833 
0.014 0.995 0.055 0.985 1.000 
0.008 0.998 0.073 0.993 1.000 
0.016 0.995 0.100 0.990 0.968 
0.023 0.997 0.043 0.990 0.990 
0.008 0.997 0.075 0.988 0.990 
0.014 0.996 0.057 0.988 1.000 
0.009 0.998 0.069 0.993 0.913 
0.020 0.995 0.099 0.978 0.955 
0.019 0.996 0.041 0.993 0.994 
0.011 0.997 0.037 0.993 1.000 
0.013 0.997 0.044 0.990 0.987 
0.016 0.996 0.071 0.983 0.997 
0.024 0.994 0.065 0.980 0.981 
0.012 0.997 0.090 0.985 0.990 
0.005 0.999 0.099 0.978 0.997 
0.014 0.996 0.094 0.973 0.990 
0.021 0.995 0.056 0.990 0.997 
0.014 0.996 0.060 0.980 0.997 
0.016 0.995 0.145 0.958 0.994 
0.022 0.996 0.104 0.968 1.000 
0.013 0.997 0.069 0.978 0.997 
0.010 0.997 0.058 0.990 1.000 
0.009 0.997 0.116 0.973 0.974 
0.005 0.997 0.087 0.980 1.000 
0.022 0.996 0.086 0.978 0.994 
0.017 0.995 0.099 0.973 1.000 
0.022 0.996 0.059 0.988 1.000 
0.013 0.996 0.073 0.983 0.997 
0.011 0.996 0.074 0.983 0.958 
0.018 0.994 0.086 0.983 0.952 
0.015 0.993 0.164 0.983 0.939 
0.021 0.994 0.054 0.983 0.997 
0.009 0.997 0.180 0.958 0.981 
0.010 0.998 0.088 0.990 0.978 
0.013 0.996 0.123 0.985 0.974 
0.020 0.996 0.077 0.990 0.939 
0.018 0.995 0.115 0.953 0.846 
0.011 0.998 0.061 0.993 0.965 
0.017 0.996 0.077 0.993 0.997 
0.021 0.996 0.156 0.953 0.728 
0.014 0.995 0.162 0.975 0.907 
0.017 0.996 0.063 0.980 0.990 
0.010 0.997 0.077 0.985 0.987 
0.018 0.996 0.083 0.978 0.872 
0.017 0.997 0.061 0.975 0.939 
0.019 0.994 0.064 0.978 0.962 
0.012 0.997 0.059 0.988 0.942 
0.012 0.997 0.079 0.978 0.997 
0.014 0.995 0.127 0.973 0.952 
0.020 0.993 0.067 0.985 0.955 
0.016 0.995 0.064 0.975 0.888 
0.017 0.994 0.065 0.985 0.962 
0.012 0.996 0.124 0.990 0.971 
0.011 0.997 0.058 0.990 0.821 
0.017 0.995 0.155 0.970 0.449 
0.018 0.996 0.049 0.985 0.744 
0.016 0.996 0.107 0.960 0.994 
0.010 0.998 0.061 0.990 0.974 
0.018 0.996 0.125 0.978 0.933 
0.015 0.994 0.058 0.980 0.997 
0.011 0.996 0.090 0.980 0.978 
0.019 0.995 0.072 0.975 0.962 
0.017 0.995 0.093 0.988 0.856 
0.006 0.997 0.086 0.985 0.801 
0.013 0.997 0.097 0.973 0.952 
0.020 0.995 0.052 0.985 0.962 
0.011 0.997 0.093 0.965 0.997 
0.011 0.997 0.074 0.983 0.990 
0.024 0.996 0.073 0.980 0.888 
0.010 0.997 0.093 0.978 0.946 
0.005 0.998 0.202 0.935 0.526 
0.012 0.996 0.098 0.980 0.971 
0.017 0.996 0.069 0.983 0.923 
0.009 0.997 0.081 0.980 0.958 
0.021 0.995 0.043 0.990 0.990 
0.009 0.998 0.057 0.983 0.952 
0.016 0.996 0.091 0.970 0.968 
0.009 0.997 0.100 0.983 0.913 
0.008 0.998 0.082 0.988 0.981 
0.016 0.995 0.058 0.980 0.849 
0.013 0.994 0.154 0.970 0.968 
0.013 0.994 0.102 0.970 0.997 
0.019 0.995 0.099 0.973 0.955 
0.014 0.996 0.102 0.978 0.971 
0.025 0.995 0.042 0.988 0.987 
0.013 0.995 0.073 0.978 0.949 
0.009 0.995 0.063 0.983 0.955 
0.020 0.995 0.077 0.975 0.913 
0.017 0.996 0.051 0.983 0.942 
0.012 0.996 0.068 0.978 0.721 
0.008 0.998 0.051 0.983 0.946 
0.024 0.993 0.083 0.968 0.821 
0.012 0.997 0.065 0.980 0.952 
0.010 0.996 0.112 0.970 0.756 
0.012 0.997 0.351 0.960 0.862 
0.026 0.995 0.074 0.978 0.942 
0.029 0.995 0.107 0.953 0.981 
0.008 0.997 0.086 0.983 0.965 
0.014 0.995 0.066 0.985 0.923 
0.010 0.996 0.085 0.978 0.894 
0.022 0.994 0.073 0.978 0.984 
0.006 0.998 0.148 0.975 0.978 
0.010 0.997 0.140 0.950 0.965 
0.017 0.997 0.059 0.985 0.965 
0.008 0.999 0.117 0.970 0.968 
0.022 0.996 0.120 0.975 0.939 
0.022 0.997 0.076 0.983 0.798 
0.016 0.996 0.073 0.980 0.840 
0.017 0.997 0.148 0.968 0.942 
0.010 0.997 0.099 0.980 0.974 
0.013 0.995 0.149 0.960 0.962 
0.008 0.998 0.116 0.970 0.971 
0.017 0.996 0.165 0.958 0.952 
0.007 0.998 0.087 0.985 0.990 
0.010 0.996 0.186 0.988 0.974 
0.040 0.998 0.068 0.990 1.000 
0.014 0.997 0.046 0.983 0.997 
0.013 0.995 0.110 0.958 0.856 
0.007 0.998 0.103 0.985 0.974 
0.012 0.997 0.130 0.960 0.891 
0.010 0.995 0.098 0.983 0.981 
0.015 0.999 0.083 0.970 0.981 
0.017 0.996 0.104 0.978 0.990 
0.011 0.996 0.099 0.980 0.994 
0.012 0.997 0.102 0.965 0.997 
0.017 0.995 0.144 0.953 0.958 
0.007 0.997 0.164 0.968 0.981 
0.009 0.998 0.120 0.980 0.958 
0.010 0.997 0.161 0.973 0.984 
0.010 0.995 0.225 0.985 0.981 
0.034 0.996 0.098 0.970 0.974 
0.018 0.995 0.122 0.945 0.853 
0.010 0.997 0.245 0.930 0.974 
0.025 0.996 0.091 0.973 0.923 
0.017 0.994 0.062 0.980 0.994 
0.014 0.996 0.096 0.978 0.990 
0.010 0.998 0.079 0.985 0.984 
0.016 0.995 0.071 0.980 0.978 
0.013 0.995 0.122 0.968 0.971 
0.010 0.997 0.173 0.960 0.971 
0.019 0.995 0.142 0.968 0.978 
0.006 0.998 0.195 0.975 0.987 
0.024 0.995 0.152 0.945 0.984 
0.014 0.996 0.096 0.968 0.952 
0.008 0.997 0.067 0.983 0.939 
0.017 0.996 0.054 0.985 0.994 
0.014 0.996 0.079 0.975 0.997 
0.010 0.998 0.072 0.985 0.946 
0.017 0.994 0.254 0.920 0.596 
0.013 0.995 0.203 0.975 0.500 
0.007 0.997 0.120 0.973 0.952 
0.012 0.996 0.116 0.958 0.933 
0.009 0.997 0.091 0.975 0.939 
0.007 0.998 0.082 0.983 0.958 
0.012 0.996 0.200 0.938 0.833 
0.007 0.997 0.117 0.990 0.971 
0.025 0.995 0.086 0.968 0.603 
0.023 0.993 0.061 0.980 0.942 
0.008 0.998 0.072 0.983 0.939 
0.012 0.996 0.097 0.978 0.827 
0.013 0.995 0.078 0.983 0.994 
0.013 0.997 0.092 0.975 0.990 
0.012 0.997 0.060 0.990 0.984 
0.010 0.996 0.162 0.958 0.939 
0.022 0.993 0.104 0.980 0.987 
0.012 0.997 0.107 0.978 0.936 
0.010 0.997 0.137 0.973 0.952 
0.012 0.996 0.109 0.960 0.974 
0.009 0.997 0.074 0.983 0.981 
0.011 0.995 0.040 0.990 0.997 
0.014 0.995 0.113 0.985 0.987 
0.011 0.998 0.080 0.980 0.978 
0.008 0.998 0.085 0.985 0.978 
0.025 0.993 0.108 0.983 0.984 
0.018 0.996 0.076 0.978 0.971 
0.006 0.998 0.131 0.983 0.974 
0.005 0.998 0.211 0.988 0.984 
0.010 0.997 0.090 0.988 0.971 
0.020 0.995 0.122 0.975 0.808 
0.013 0.996 0.076 0.985 0.981 
0.010 0.997 0.151 0.978 0.917 
0.015 0.996 0.151 0.963 0.920 
0.037 0.996 0.116 0.953 0.942 
0.012 0.997 0.198 0.965 0.958 
0.012 0.997 0.063 0.978 1.000 
0.026 0.995 0.098 0.965 0.990 
0.014 0.995 0.044 0.985 1.000 
0.015 0.995 0.067 0.978 0.965 
0.011 0.996 0.073 0.980 0.997 
0.007 0.997 0.035 0.990 0.997 
0.011 0.997 0.057 0.988 1.000 
0.013 0.995 0.058 0.993 1.000 
0.011 0.997 0.130 0.960 0.994 
0.043 0.994 0.043 0.985 0.994 
0.007 0.998 0.093 0.973 0.952 
0.010 0.997 0.053 0.983 0.962 
0.004 0.999 0.050 0.993 1.000 
0.009 0.997 0.056 0.985 0.997 
0.008 0.998 0.114 0.978 0.984 
0.004 0.998 0.116 0.983 0.965 
0.010 0.996 0.133 0.978 0.971 
0.022 0.993 0.089 0.980 1.000 
0.010 0.996 0.058 0.983 0.978 
0.009 0.997 0.094 0.975 0.946 
0.023 0.996 0.064 0.983 0.929 
0.013 0.998 0.068 0.985 0.933 
0.010 0.997 0.040 0.990 0.962 
0.014 0.997 0.096 0.970 0.984 
0.017 0.996 0.110 0.973 0.663 
0.023 0.994 0.059 0.993 1.000 
0.009 0.996 0.071 0.985 0.933 
0.017 0.996 0.037 0.995 0.946 
0.004 0.999 0.044 0.988 0.997 
0.016 0.994 0.069 0.983 0.974 
0.005 0.999 0.058 0.985 0.929 
0.014 0.997 0.147 0.950 0.923 
0.015 0.996 0.081 0.983 0.955 
0.017 0.995 0.164 0.953 0.994 
0.010 0.996 0.156 0.985 0.984 
0.008 0.997 0.100 0.985 0.994 
0.022 0.995 0.064 0.988 0.987 
0.009 0.997 0.046 0.988 0.978 
0.013 0.995 0.104 0.983 0.949 
0.015 0.995 0.061 0.990 0.994 
0.006 0.998 0.141 0.975 0.929 
0.016 0.995 0.128 0.983 0.933 
0.027 0.993 0.284 0.925 0.875 
0.023 0.995 0.095 0.978 0.981 
0.017 0.997 0.079 0.973 1.000 
0.010 0.997 0.048 0.988 0.994 
0.010 0.996 0.040 0.990 0.984 
0.012 0.996 0.039 0.988 0.958 
0.011 0.995 0.064 0.983 0.974 
0.008 0.998 0.115 0.980 0.936 
0.007 0.997 0.059 0.983 0.971 
0.007 0.996 0.248 0.945 0.949 
0.015 0.996 0.071 0.980 0.997 
0.026 0.996 0.066 0.975 0.994 
0.011 0.996 0.039 0.990 0.990 
0.020 0.996 0.087 0.970 0.878 
0.008 0.998 0.073 0.973 0.926 
0.004 0.998 0.071 0.983 0.955 
0.045 0.994 0.075 0.980 0.888 
0.013 0.996 0.093 0.973 0.990 
0.013 0.996 0.067 0.978 0.987 
0.015 0.995 0.106 0.965 0.997 
0.016 0.994 0.043 0.990 0.984 
0.015 0.997 0.047 0.988 1.000 
0.010 0.998 0.066 0.975 0.997 
0.018 0.995 0.117 0.973 0.712 
0.011 0.997 0.210 0.983 0.942 
0.031 0.997 0.129 0.955 0.795 
0.016 0.996 0.178 0.985 0.817 
0.018 0.996 0.122 0.950 0.865 
0.009 0.998 0.072 0.988 0.978 
0.013 0.996 0.065 0.978 1.000 
0.015 0.996 0.119 0.958 0.907 
0.016 0.996 0.106 0.963 0.872 
0.006 0.998 0.076 0.980 0.978 
0.015 0.996 0.081 0.980 0.990 
0.014 0.996 0.105 0.965 0.971 
0.007 0.999 0.057 0.990 0.997 
0.006 0.997 0.096 0.970 0.946 
0.009 0.997 0.095 0.973 0.965 
0.009 0.998 0.120 0.978 0.987 
0.010 0.998 0.039 0.995 0.994 
0.012 0.997 0.132 0.953 0.913 
0.007 0.998 0.068 0.980 1.000 
0.034 0.994 0.079 0.978 1.000 
0.009 0.997 0.117 0.970 1.000 
0.019 0.996 0.082 0.978 0.997 
0.008 0.997 0.145 0.955 0.958 
0.009 0.996 0.250 0.950 0.875 
0.018 0.995 0.241 0.940 0.978 
0.022 0.995 0.070 0.973 0.875 
