0.425 0.816 0.250 0.917 0.284 
0.344 0.852 0.240 0.912 0.202 
0.289 0.886 0.134 0.948 0.324 
0.264 0.901 0.125 0.948 0.703 
0.265 0.896 0.149 0.932 0.266 
0.227 0.916 0.103 0.975 0.517 
0.209 0.920 0.167 0.948 0.743 
0.227 0.919 0.132 0.985 0.621 
0.212 0.926 0.123 0.950 0.752 
0.215 0.921 0.139 0.953 0.817 
0.193 0.928 0.136 0.968 0.853 
0.194 0.923 0.116 0.950 0.642 
0.181 0.935 0.089 0.960 0.737 
0.179 0.933 0.087 0.985 0.853 
0.194 0.929 0.110 0.988 0.875 
0.173 0.942 0.089 0.978 0.844 
0.195 0.932 0.109 0.985 0.856 
0.157 0.945 0.084 0.965 0.813 
0.170 0.939 0.100 0.973 0.826 
0.169 0.938 0.126 0.988 0.899 
0.160 0.944 0.113 0.953 0.853 
0.162 0.941 0.099 0.980 0.872 
0.152 0.948 0.075 0.980 0.801 
0.158 0.943 0.129 0.980 0.951 
0.152 0.949 0.081 0.988 0.884 
0.143 0.949 0.111 0.953 0.829 
0.141 0.953 0.071 0.970 0.850 
0.143 0.952 0.060 0.988 0.881 
0.142 0.952 0.062 0.985 0.905 
0.136 0.949 0.073 0.983 0.890 
0.135 0.952 0.078 0.980 0.807 
0.131 0.953 0.092 0.990 0.914 
0.130 0.958 0.078 0.990 0.896 
0.126 0.957 0.061 0.990 0.850 
0.121 0.960 0.120 0.980 0.924 
0.117 0.956 0.058 0.985 0.896 
0.122 0.955 0.076 0.983 0.924 
0.125 0.958 0.102 0.955 0.847 
0.109 0.959 0.130 0.948 0.859 
0.128 0.954 0.075 0.975 0.829 
0.125 0.959 0.103 0.983 0.924 
0.116 0.957 0.059 0.990 0.893 
0.112 0.966 0.071 0.993 0.872 
0.135 0.951 0.110 0.983 0.942 
0.103 0.965 0.159 0.927 0.768 
0.101 0.964 0.062 0.990 0.914 
0.100 0.965 0.108 0.990 0.908 
0.108 0.961 0.066 0.990 0.908 
0.104 0.961 0.079 0.988 0.862 
0.111 0.960 0.075 0.978 0.914 
0.101 0.966 0.067 0.990 0.942 
0.109 0.960 0.156 0.970 0.948 
0.124 0.957 0.101 0.988 0.948 
0.112 0.966 0.156 0.932 0.789 
0.114 0.957 0.117 0.983 0.954 
0.101 0.965 0.098 0.958 0.905 
0.102 0.960 0.057 0.990 0.924 
0.119 0.958 0.133 0.980 0.917 
0.113 0.965 0.071 0.990 0.936 
0.109 0.959 0.080 0.985 0.927 
0.111 0.960 0.107 0.983 0.954 
0.116 0.967 0.086 0.990 0.927 
0.101 0.966 0.047 0.985 0.850 
0.103 0.966 0.070 0.990 0.927 
0.106 0.964 0.078 0.988 0.920 
0.102 0.963 0.157 0.953 0.976 
0.097 0.971 0.067 0.990 0.927 
0.088 0.964 0.055 0.988 0.939 
0.096 0.969 0.065 0.983 0.905 
0.085 0.968 0.058 0.990 0.905 
0.084 0.974 0.071 0.980 0.911 
0.088 0.973 0.076 0.988 0.948 
0.083 0.970 0.053 0.988 0.948 
0.099 0.972 0.094 0.985 0.920 
0.096 0.965 0.070 0.985 0.951 
0.110 0.964 0.083 0.990 0.924 
0.104 0.962 0.087 0.975 0.936 
0.085 0.967 0.052 0.990 0.920 
0.084 0.973 0.079 0.993 0.927 
0.090 0.970 0.096 0.990 0.933 
0.090 0.968 0.089 0.983 0.930 
0.091 0.970 0.066 0.973 0.887 
0.094 0.971 0.115 0.985 0.957 
0.086 0.971 0.069 0.985 0.927 
0.094 0.967 0.085 0.990 0.911 
0.088 0.973 0.094 0.963 0.884 
0.083 0.972 0.100 0.988 0.954 
0.081 0.974 0.062 0.990 0.936 
0.084 0.970 0.068 0.983 0.899 
0.098 0.966 0.101 0.990 0.911 
0.090 0.971 0.093 0.980 0.933 
0.073 0.977 0.070 0.990 0.942 
0.098 0.963 0.095 0.965 0.911 
0.076 0.974 0.091 0.988 0.930 
0.088 0.962 0.107 0.985 0.963 
0.083 0.971 0.072 0.988 0.914 
0.080 0.969 0.082 0.983 0.911 
0.082 0.972 0.048 0.990 0.933 
0.075 0.977 0.056 0.983 0.933 
0.081 0.976 0.051 0.988 0.945 
0.078 0.977 0.056 0.990 0.905 
0.091 0.968 0.092 0.980 0.963 
0.086 0.971 0.075 0.983 0.920 
0.078 0.978 0.087 0.983 0.924 
0.078 0.972 0.075 0.983 0.881 
0.073 0.978 0.074 0.990 0.945 
0.087 0.970 0.089 0.983 0.951 
0.078 0.972 0.042 0.990 0.890 
0.080 0.976 0.077 0.970 0.927 
0.078 0.977 0.075 0.988 0.954 
0.084 0.968 0.083 0.988 0.966 
0.078 0.978 0.061 0.990 0.966 
0.081 0.975 0.090 0.980 0.945 
0.077 0.975 0.085 0.983 0.960 
0.070 0.979 0.122 0.968 0.972 
0.087 0.969 0.081 0.985 0.917 
0.074 0.974 0.074 0.983 0.917 
0.077 0.972 0.047 0.990 0.942 
0.084 0.969 0.071 0.988 0.945 
0.078 0.978 0.060 0.990 0.948 
0.069 0.977 0.062 0.990 0.939 
0.082 0.972 0.054 0.990 0.924 
0.086 0.969 0.128 0.978 0.917 
0.087 0.970 0.071 0.990 0.948 
0.082 0.972 0.104 0.990 0.933 
0.064 0.982 0.079 0.990 0.954 
0.081 0.972 0.095 0.985 0.957 
0.068 0.977 0.028 0.990 0.920 
0.074 0.973 0.067 0.988 0.951 
0.082 0.972 0.064 0.985 0.951 
0.080 0.977 0.110 0.983 0.972 
0.071 0.975 0.047 0.995 0.899 
0.083 0.971 0.140 0.965 0.951 
0.080 0.975 0.082 0.983 0.933 
0.073 0.977 0.041 0.983 0.853 
0.057 0.982 0.061 0.980 0.942 
0.069 0.982 0.040 0.993 0.924 
0.061 0.978 0.061 0.990 0.914 
0.072 0.976 0.086 0.983 0.939 
0.064 0.980 0.040 0.990 0.911 
0.070 0.974 0.087 0.978 0.920 
0.059 0.983 0.120 0.970 0.911 
0.068 0.978 0.084 0.985 0.960 
0.075 0.974 0.072 0.988 0.936 
0.077 0.973 0.062 0.990 0.930 
0.072 0.975 0.085 0.990 0.942 
0.073 0.976 0.088 0.983 0.960 
0.076 0.973 0.117 0.973 0.960 
0.066 0.976 0.066 0.985 0.902 
0.076 0.978 0.047 0.995 0.902 
0.077 0.973 0.057 0.990 0.930 
0.069 0.980 0.078 0.990 0.948 
0.061 0.980 0.064 0.983 0.893 
0.070 0.975 0.061 0.990 0.951 
0.068 0.978 0.071 0.990 0.933 
0.066 0.979 0.068 0.990 0.930 
0.060 0.980 0.078 0.990 0.945 
0.072 0.973 0.065 0.980 0.905 
0.063 0.977 0.162 0.943 0.979 
0.079 0.973 0.081 0.985 0.960 
0.068 0.978 0.083 0.968 0.875 
0.055 0.982 0.076 0.983 0.960 
0.082 0.977 0.062 0.990 0.945 
0.066 0.978 0.083 0.988 0.963 
0.084 0.970 0.105 0.978 0.972 
0.067 0.978 0.076 0.985 0.942 
0.071 0.976 0.094 0.980 0.963 
0.064 0.978 0.111 0.965 0.957 
0.061 0.980 0.078 0.978 0.960 
0.057 0.982 0.074 0.990 0.957 
0.068 0.979 0.034 0.990 0.927 
0.068 0.976 0.059 0.988 0.942 
0.061 0.978 0.059 0.985 0.945 
0.072 0.978 0.057 0.988 0.945 
0.066 0.981 0.070 0.990 0.945 
0.069 0.972 0.069 0.988 0.930 
0.061 0.982 0.077 0.988 0.948 
0.082 0.973 0.118 0.988 0.966 
0.061 0.980 0.087 0.988 0.963 
0.061 0.980 0.053 0.985 0.890 
0.072 0.979 0.113 0.978 0.969 
0.069 0.978 0.070 0.983 0.908 
0.079 0.971 0.071 0.988 0.920 
0.065 0.979 0.080 0.978 0.948 
0.054 0.984 0.075 0.983 0.933 
0.066 0.980 0.086 0.988 0.951 
0.077 0.972 0.085 0.988 0.945 
0.052 0.985 0.078 0.983 0.954 
0.077 0.974 0.102 0.975 0.969 
0.063 0.980 0.083 0.980 0.969 
0.067 0.978 0.074 0.983 0.957 
0.066 0.979 0.067 0.990 0.951 
0.064 0.979 0.073 0.983 0.963 
0.060 0.982 0.084 0.983 0.957 
0.063 0.980 0.049 0.990 0.939 
0.059 0.984 0.046 0.990 0.930 
0.057 0.982 0.100 0.975 0.972 
0.072 0.976 0.041 0.985 0.924 
0.067 0.978 0.097 0.953 0.902 
0.065 0.977 0.045 0.990 0.942 
0.059 0.982 0.070 0.988 0.954 
0.064 0.980 0.064 0.990 0.942 
0.057 0.979 0.064 0.990 0.951 
0.077 0.977 0.040 0.993 0.924 
0.060 0.980 0.077 0.985 0.957 
0.057 0.983 0.046 0.993 0.936 
0.061 0.980 0.071 0.990 0.924 
0.072 0.976 0.116 0.973 0.969 
0.056 0.983 0.088 0.980 0.960 
0.070 0.980 0.056 0.993 0.936 
0.057 0.984 0.115 0.963 0.979 
0.059 0.981 0.052 0.990 0.939 
0.052 0.983 0.111 0.963 0.966 
0.066 0.977 0.080 0.988 0.960 
0.063 0.978 0.070 0.985 0.927 
0.067 0.982 0.068 0.990 0.951 
0.050 0.986 0.048 0.990 0.942 
0.073 0.976 0.069 0.988 0.942 
0.063 0.981 0.040 0.993 0.933 
0.055 0.985 0.077 0.983 0.960 
0.062 0.980 0.051 0.988 0.942 
0.048 0.985 0.078 0.983 0.963 
0.055 0.983 0.090 0.988 0.948 
0.063 0.978 0.056 0.990 0.924 
0.061 0.979 0.031 0.993 0.920 
0.060 0.982 0.123 0.970 0.976 
0.076 0.977 0.096 0.978 0.972 
0.052 0.983 0.066 0.985 0.966 
0.056 0.983 0.112 0.973 0.969 
0.065 0.976 0.056 0.988 0.966 
0.056 0.980 0.079 0.983 0.954 
0.049 0.984 0.087 0.983 0.960 
0.055 0.977 0.116 0.968 0.972 
0.058 0.984 0.070 0.985 0.954 
0.055 0.980 0.084 0.983 0.960 
0.058 0.980 0.112 0.973 0.972 
0.067 0.978 0.097 0.988 0.957 
0.054 0.982 0.067 0.985 0.945 
0.059 0.977 0.040 0.993 0.939 
0.062 0.977 0.058 0.985 0.951 
0.053 0.983 0.055 0.985 0.896 
0.064 0.978 0.075 0.983 0.954 
0.048 0.982 0.061 0.978 0.905 
0.057 0.980 0.099 0.985 0.948 
0.052 0.980 0.119 0.970 0.966 
0.061 0.978 0.153 0.965 0.979 
0.053 0.982 0.093 0.975 0.954 
0.056 0.977 0.125 0.978 0.969 
0.052 0.980 0.104 0.978 0.960 
0.067 0.976 0.097 0.983 0.957 
0.048 0.982 0.068 0.990 0.954 
0.055 0.980 0.122 0.980 0.963 
0.072 0.980 0.068 0.985 0.948 
0.077 0.972 0.130 0.960 0.972 
0.050 0.980 0.041 0.980 0.890 
0.050 0.983 0.083 0.980 0.957 
0.058 0.980 0.088 0.988 0.951 
0.048 0.982 0.069 0.990 0.942 
0.056 0.980 0.057 0.990 0.924 
0.059 0.980 0.075 0.990 0.948 
0.044 0.986 0.078 0.988 0.954 
0.059 0.975 0.086 0.985 0.942 
0.059 0.983 0.057 0.988 0.939 
0.056 0.984 0.118 0.968 0.969 
0.064 0.978 0.080 0.983 0.939 
0.048 0.984 0.095 0.973 0.963 
0.067 0.980 0.076 0.988 0.936 
0.055 0.982 0.062 0.985 0.936 
0.070 0.978 0.053 0.990 0.924 
0.062 0.977 0.065 0.980 0.948 
0.061 0.984 0.031 0.993 0.917 
0.056 0.985 0.049 0.988 0.917 
0.041 0.985 0.055 0.985 0.902 
0.056 0.976 0.039 0.993 0.930 
0.055 0.984 0.117 0.970 0.963 
0.046 0.984 0.036 0.990 0.902 
0.039 0.988 0.090 0.980 0.972 
0.065 0.977 0.083 0.980 0.951 
0.055 0.985 0.149 0.970 0.972 
0.052 0.982 0.120 0.978 0.969 
0.050 0.985 0.084 0.985 0.963 
0.044 0.988 0.163 0.940 0.972 
0.056 0.979 0.123 0.973 0.954 
0.056 0.980 0.094 0.980 0.963 
0.065 0.974 0.137 0.975 0.969 
0.046 0.982 0.082 0.985 0.954 
0.051 0.984 0.097 0.988 0.951 
0.053 0.980 0.074 0.988 0.939 
0.052 0.981 0.098 0.985 0.954 
0.062 0.977 0.123 0.978 0.957 
0.048 0.985 0.082 0.988 0.951 
0.064 0.977 0.077 0.980 0.960 
0.078 0.978 0.185 0.948 0.963 
0.052 0.980 0.117 0.983 0.972 
0.040 0.986 0.066 0.988 0.945 
0.076 0.977 0.070 0.985 0.948 
0.056 0.983 0.100 0.975 0.960 
0.045 0.984 0.142 0.958 0.969 
0.056 0.976 0.157 0.955 0.963 
0.050 0.984 0.092 0.978 0.960 
0.052 0.984 0.083 0.983 0.954 
0.065 0.979 0.070 0.990 0.948 
0.054 0.983 0.085 0.985 0.951 
0.048 0.985 0.083 0.993 0.924 
0.061 0.983 0.080 0.993 0.951 
0.047 0.986 0.067 0.988 0.951 
0.052 0.980 0.052 0.988 0.927 
0.054 0.982 0.158 0.948 0.969 
0.051 0.983 0.084 0.978 0.954 
0.036 0.987 0.085 0.978 0.939 
0.045 0.986 0.081 0.978 0.948 
0.045 0.984 0.082 0.985 0.957 
0.065 0.980 0.041 0.993 0.917 
0.046 0.986 0.081 0.985 0.969 
0.047 0.983 0.047 0.990 0.930 
0.061 0.981 0.057 0.993 0.924 
0.057 0.979 0.053 0.990 0.920 
0.060 0.981 0.064 0.990 0.936 
0.046 0.986 0.067 0.985 0.936 
0.057 0.982 0.083 0.983 0.954 
0.043 0.983 0.059 0.988 0.948 
0.045 0.983 0.118 0.970 0.966 
0.048 0.983 0.039 0.993 0.933 
0.057 0.982 0.067 0.983 0.957 
0.048 0.982 0.112 0.975 0.976 
0.044 0.985 0.062 0.983 0.945 
0.058 0.981 0.092 0.960 0.966 
0.052 0.983 0.146 0.948 0.969 
0.048 0.985 0.058 0.990 0.963 
0.051 0.983 0.064 0.983 0.954 
0.043 0.984 0.059 0.988 0.933 
0.035 0.987 0.067 0.983 0.954 
0.050 0.985 0.079 0.978 0.963 
0.055 0.983 0.126 0.978 0.976 
0.059 0.978 0.046 0.990 0.924 
0.047 0.988 0.049 0.993 0.936 
0.063 0.979 0.069 0.990 0.948 
0.051 0.982 0.107 0.985 0.954 
0.046 0.983 0.112 0.968 0.979 
0.054 0.983 0.100 0.975 0.963 
0.042 0.988 0.075 0.988 0.948 
0.047 0.985 0.057 0.988 0.936 
0.053 0.981 0.056 0.990 0.945 
0.051 0.983 0.032 0.990 0.939 
0.050 0.986 0.147 0.980 0.972 
0.046 0.985 0.061 0.983 0.960 
0.043 0.986 0.085 0.975 0.951 
0.053 0.983 0.088 0.978 0.951 
0.056 0.980 0.065 0.993 0.942 
0.050 0.982 0.101 0.968 0.966 
0.063 0.980 0.100 0.978 0.966 
0.048 0.986 0.077 0.990 0.927 
0.050 0.982 0.081 0.988 0.948 
0.043 0.986 0.073 0.980 0.951 
0.053 0.984 0.015 0.998 0.902 
0.043 0.983 0.158 0.945 0.982 
0.055 0.979 0.048 0.983 0.939 
0.058 0.984 0.160 0.970 0.960 
0.047 0.984 0.054 0.983 0.939 
0.052 0.982 0.050 0.985 0.936 
0.050 0.985 0.100 0.975 0.969 
0.056 0.982 0.091 0.978 0.969 
0.046 0.988 0.083 0.983 0.963 
0.055 0.983 0.066 0.980 0.960 
0.051 0.980 0.086 0.983 0.966 
0.050 0.983 0.069 0.983 0.963 
0.042 0.983 0.070 0.985 0.939 
0.061 0.982 0.069 0.983 0.942 
0.058 0.982 0.129 0.970 0.982 
0.054 0.983 0.059 0.985 0.942 
0.040 0.987 0.133 0.958 0.969 
0.044 0.986 0.057 0.985 0.933 
0.044 0.985 0.088 0.983 0.951 
0.045 0.983 0.061 0.985 0.939 
0.044 0.985 0.076 0.980 0.948 
0.046 0.983 0.079 0.985 0.933 
0.041 0.985 0.105 0.973 0.963 
0.054 0.983 0.147 0.960 0.982 
0.044 0.988 0.086 0.983 0.960 
0.059 0.982 0.065 0.985 0.939 
0.049 0.984 0.071 0.983 0.939 
0.060 0.978 0.045 0.990 0.920 
0.058 0.985 0.078 0.978 0.951 
0.047 0.984 0.043 0.990 0.939 
0.054 0.982 0.050 0.988 0.939 
0.060 0.983 0.091 0.978 0.954 
0.052 0.980 0.155 0.953 0.979 
0.050 0.982 0.062 0.985 0.945 
0.046 0.983 0.050 0.988 0.939 
0.052 0.982 0.034 0.993 0.905 
0.050 0.983 0.067 0.983 0.957 
0.045 0.986 0.050 0.988 0.924 
0.043 0.988 0.091 0.983 0.969 
0.048 0.983 0.075 0.988 0.942 
0.058 0.983 0.070 0.983 0.957 
0.040 0.985 0.050 0.990 0.942 
0.053 0.982 0.170 0.945 0.982 
0.041 0.989 0.069 0.983 0.948 
0.043 0.986 0.080 0.988 0.951 
0.052 0.983 0.052 0.990 0.945 
0.039 0.988 0.069 0.990 0.942 
0.041 0.986 0.039 0.990 0.927 
0.048 0.988 0.048 0.985 0.933 
0.037 0.989 0.088 0.978 0.963 
0.050 0.980 0.050 0.988 0.945 
0.041 0.988 0.057 0.985 0.948 
0.049 0.984 0.068 0.985 0.954 
0.052 0.983 0.058 0.980 0.957 
0.042 0.988 0.056 0.988 0.948 
0.053 0.984 0.119 0.970 0.972 
0.048 0.986 0.121 0.973 0.969 
0.042 0.984 0.098 0.985 0.951 
0.048 0.984 0.054 0.980 0.939 
0.042 0.985 0.043 0.985 0.942 
0.052 0.984 0.060 0.975 0.951 
0.036 0.988 0.042 0.980 0.939 
0.043 0.984 0.087 0.973 0.960 
0.044 0.985 0.072 0.983 0.957 
0.039 0.987 0.127 0.965 0.966 
0.043 0.984 0.062 0.988 0.936 
0.047 0.985 0.108 0.973 0.963 
0.043 0.988 0.074 0.983 0.954 
0.045 0.984 0.136 0.958 0.957 
0.081 0.979 0.066 0.985 0.948 
0.049 0.986 0.061 0.985 0.936 
0.049 0.985 0.084 0.985 0.939 
0.053 0.981 0.069 0.985 0.945 
0.042 0.984 0.038 0.993 0.933 
0.032 0.990 0.023 0.995 0.911 
0.040 0.986 0.104 0.970 0.960 
0.049 0.978 0.079 0.975 0.936 
0.048 0.986 0.068 0.975 0.957 
0.044 0.988 0.112 0.963 0.972 
0.046 0.985 0.081 0.980 0.954 
0.041 0.986 0.093 0.975 0.960 
0.047 0.983 0.179 0.932 0.979 
0.034 0.988 0.069 0.990 0.942 
0.040 0.986 0.060 0.990 0.942 
0.045 0.983 0.071 0.993 0.945 
0.042 0.984 0.081 0.983 0.948 
0.039 0.989 0.098 0.978 0.957 
0.034 0.984 0.218 0.935 0.979 
0.053 0.982 0.019 0.990 0.875 
0.052 0.981 0.190 0.945 0.972 
0.046 0.986 0.073 0.980 0.948 
0.046 0.985 0.059 0.988 0.930 
0.033 0.985 0.094 0.980 0.966 
0.049 0.983 0.109 0.980 0.948 
0.049 0.988 0.068 0.985 0.948 
0.045 0.984 0.112 0.968 0.966 
0.034 0.990 0.042 0.990 0.939 
0.043 0.984 0.143 0.955 0.969 
0.035 0.989 0.129 0.965 0.954 
0.057 0.980 0.087 0.978 0.954 
0.034 0.986 0.109 0.978 0.957 
0.050 0.984 0.076 0.983 0.936 
0.039 0.985 0.152 0.968 0.963 
0.050 0.985 0.063 0.980 0.942 
0.044 0.985 0.110 0.970 0.972 
0.046 0.984 0.055 0.988 0.933 
0.044 0.987 0.059 0.985 0.936 
0.042 0.985 0.133 0.973 0.960 
0.042 0.984 0.131 0.963 0.972 
0.042 0.986 0.101 0.978 0.960 
0.059 0.978 0.076 0.990 0.939 
0.051 0.984 0.106 0.983 0.948 
0.038 0.991 0.121 0.980 0.963 
0.050 0.985 0.071 0.983 0.960 
0.052 0.985 0.080 0.980 0.942 
0.060 0.980 0.104 0.978 0.963 
0.046 0.989 0.136 0.953 0.939 
0.062 0.985 0.126 0.963 0.969 
0.039 0.985 0.101 0.975 0.960 
0.055 0.985 0.108 0.963 0.969 
0.049 0.983 0.098 0.973 0.963 
0.039 0.985 0.057 0.983 0.954 
0.048 0.984 0.055 0.990 0.945 
0.041 0.986 0.048 0.993 0.939 
0.039 0.988 0.034 0.990 0.933 
0.032 0.987 0.034 0.993 0.951 
0.051 0.982 0.088 0.978 0.960 
0.048 0.986 0.140 0.968 0.976 
0.050 0.983 0.120 0.983 0.982 
0.042 0.985 0.058 0.990 0.957 
0.052 0.985 0.057 0.985 0.948 
0.037 0.988 0.081 0.983 0.954 
0.036 0.988 0.198 0.943 0.979 
0.031 0.990 0.121 0.970 0.969 
0.048 0.985 0.144 0.975 0.966 
0.040 0.989 0.076 0.988 0.945 
0.041 0.988 0.086 0.983 0.960 
0.039 0.986 0.055 0.988 0.945 
0.053 0.982 0.077 0.975 0.963 
0.050 0.983 0.077 0.985 0.960 
0.048 0.985 0.065 0.983 0.954 
0.050 0.983 0.025 0.993 0.917 
0.050 0.985 0.073 0.980 0.963 
0.041 0.987 0.069 0.985 0.957 
0.046 0.984 0.069 0.988 0.945 
0.039 0.989 0.097 0.983 0.951 
0.038 0.986 0.125 0.985 0.963 
0.036 0.988 0.056 0.993 0.939 
0.047 0.982 0.052 0.993 0.942 
0.052 0.985 0.087 0.985 0.939 
0.048 0.989 0.095 0.988 0.945 
0.045 0.985 0.096 0.990 0.942 
0.035 0.989 0.086 0.988 0.939 
0.047 0.984 0.070 0.988 0.942 
0.046 0.984 0.047 0.993 0.927 
0.048 0.988 0.057 0.993 0.945 
0.036 0.988 0.059 0.988 0.945 
0.035 0.990 0.092 0.985 0.960 
0.051 0.982 0.090 0.985 0.954 
0.051 0.988 0.061 0.995 0.927 
0.044 0.985 0.059 0.993 0.933 
0.044 0.987 0.116 0.990 0.948 
0.052 0.983 0.100 0.993 0.927 
0.041 0.986 0.126 0.978 0.966 
0.050 0.984 0.165 0.970 0.972 
0.028 0.990 0.079 0.975 0.948 
0.046 0.984 0.100 0.990 0.933 
0.042 0.986 0.138 0.985 0.957 
0.056 0.983 0.130 0.978 0.951 
0.057 0.980 0.060 0.990 0.927 
0.036 0.988 0.072 0.983 0.951 
0.038 0.984 0.058 0.988 0.951 
0.062 0.984 0.217 0.960 0.979 
0.049 0.985 0.066 0.988 0.954 
0.050 0.980 0.097 0.985 0.948 
0.044 0.985 0.330 0.935 0.982 
0.038 0.988 0.081 0.983 0.917 
0.036 0.986 0.206 0.958 0.976 
0.040 0.987 0.165 0.965 0.966 
0.043 0.984 0.041 0.990 0.933 
0.046 0.980 0.063 0.993 0.936 
0.056 0.980 0.111 0.965 0.972 
0.036 0.986 0.177 0.955 0.988 
0.041 0.989 0.093 0.973 0.960 
0.030 0.991 0.124 0.953 0.976 
0.047 0.985 0.061 0.990 0.930 
0.032 0.989 0.064 0.990 0.957 
0.054 0.982 0.184 0.955 0.969 
0.050 0.985 0.158 0.968 0.969 
0.056 0.986 0.093 0.983 0.957 
0.043 0.987 0.069 0.983 0.966 
0.032 0.992 0.093 0.980 0.960 
0.060 0.980 0.106 0.973 0.966 
0.043 0.985 0.116 0.973 0.969 
0.047 0.985 0.140 0.960 0.969 
0.030 0.990 0.124 0.983 0.951 
0.054 0.984 0.092 0.985 0.960 
0.034 0.985 0.059 0.988 0.942 
0.049 0.983 0.106 0.988 0.960 
0.048 0.983 0.073 0.985 0.942 
0.037 0.986 0.156 0.958 0.976 
0.037 0.990 0.101 0.980 0.957 
0.036 0.990 0.063 0.988 0.942 
0.062 0.982 0.212 0.958 0.966 
0.054 0.980 0.150 0.983 0.966 
0.038 0.986 0.211 0.985 0.960 
0.034 0.986 0.140 0.988 0.942 
0.048 0.983 0.164 0.985 0.951 
0.042 0.984 0.152 0.983 0.969 
0.043 0.985 0.104 0.988 0.945 
0.051 0.984 0.055 0.993 0.942 
0.037 0.987 0.168 0.975 0.972 
0.042 0.985 0.049 0.993 0.914 
0.037 0.990 0.117 0.980 0.951 
0.028 0.991 0.163 0.975 0.963 
0.040 0.987 0.068 0.990 0.914 
0.052 0.983 0.134 0.983 0.969 
0.043 0.985 0.114 0.983 0.954 
0.043 0.989 0.073 0.985 0.942 
0.043 0.985 0.158 0.968 0.969 
0.045 0.986 0.105 0.985 0.948 
0.046 0.985 0.113 0.988 0.957 
0.058 0.984 0.101 0.995 0.930 
0.047 0.986 0.132 0.985 0.951 
0.038 0.985 0.129 0.978 0.963 
0.041 0.988 0.116 0.978 0.957 
0.037 0.984 0.195 0.953 0.966 
0.042 0.983 0.153 0.955 0.966 
0.051 0.986 0.116 0.980 0.957 
0.050 0.984 0.168 0.965 0.966 
0.048 0.989 0.091 0.978 0.942 
0.038 0.989 0.067 0.980 0.939 
0.039 0.986 0.054 0.990 0.936 
0.042 0.988 0.069 0.983 0.948 
0.039 0.988 0.078 0.980 0.948 
0.052 0.985 0.057 0.993 0.942 
0.039 0.985 0.187 0.950 0.982 
0.040 0.988 0.062 0.983 0.951 
0.041 0.987 0.073 0.978 0.951 
0.035 0.992 0.065 0.980 0.951 
0.047 0.984 0.110 0.983 0.948 
0.041 0.989 0.077 0.978 0.951 
0.061 0.981 0.112 0.988 0.939 
0.049 0.985 0.103 0.980 0.957 
0.039 0.986 0.081 0.978 0.945 
0.042 0.984 0.070 0.980 0.948 
0.035 0.985 0.060 0.980 0.945 
0.067 0.977 0.082 0.983 0.954 
0.037 0.989 0.083 0.978 0.954 
0.039 0.985 0.073 0.980 0.939 
0.039 0.988 0.046 0.983 0.948 
0.042 0.984 0.039 0.983 0.942 
0.046 0.983 0.030 0.990 0.924 
0.032 0.988 0.065 0.980 0.942 
0.033 0.989 0.044 0.985 0.933 
0.043 0.983 0.052 0.985 0.939 
0.050 0.984 0.068 0.985 0.942 
0.036 0.989 0.043 0.985 0.927 
0.042 0.986 0.145 0.975 0.957 
0.042 0.987 0.073 0.983 0.951 
0.053 0.983 0.055 0.985 0.936 
0.027 0.991 0.165 0.970 0.966 
0.053 0.983 0.053 0.980 0.945 
0.037 0.987 0.044 0.985 0.927 
0.051 0.986 0.090 0.980 0.960 
0.042 0.989 0.068 0.983 0.936 
0.035 0.989 0.107 0.975 0.954 
0.040 0.984 0.150 0.973 0.951 
0.038 0.986 0.094 0.980 0.942 
0.046 0.984 0.227 0.945 0.979 
0.024 0.992 0.089 0.980 0.951 
0.034 0.989 0.094 0.980 0.948 
0.053 0.983 0.139 0.958 0.966 
0.043 0.985 0.103 0.960 0.960 
0.038 0.990 0.052 0.983 0.942 
0.041 0.988 0.196 0.943 0.976 
0.048 0.986 0.073 0.985 0.948 
0.042 0.987 0.047 0.985 0.905 
0.037 0.987 0.047 0.983 0.948 
0.043 0.987 0.136 0.965 0.979 
0.046 0.985 0.119 0.973 0.963 
0.046 0.985 0.077 0.983 0.945 
0.046 0.986 0.091 0.983 0.936 
0.040 0.986 0.107 0.980 0.972 
0.042 0.988 0.099 0.983 0.969 
0.038 0.988 0.194 0.948 0.976 
0.034 0.989 0.084 0.988 0.957 
0.034 0.988 0.048 0.990 0.948 
0.035 0.991 0.113 0.978 0.963 
0.048 0.988 0.092 0.985 0.948 
0.043 0.985 0.034 0.995 0.917 
0.039 0.986 0.130 0.963 0.963 
0.039 0.988 0.161 0.953 0.972 
0.040 0.989 0.080 0.983 0.954 
0.039 0.986 0.046 0.988 0.939 
0.035 0.989 0.048 0.985 0.933 
0.045 0.987 0.102 0.978 0.957 
0.043 0.988 0.103 0.975 0.957 
0.041 0.985 0.153 0.960 0.969 
0.038 0.987 0.087 0.990 0.945 
0.037 0.990 0.135 0.948 0.976 
0.050 0.983 0.059 0.980 0.948 
0.024 0.992 0.074 0.980 0.960 
0.043 0.985 0.121 0.970 0.972 
0.034 0.989 0.111 0.965 0.972 
0.038 0.986 0.230 0.945 0.979 
0.035 0.989 0.080 0.983 0.951 
0.040 0.988 0.101 0.975 0.954 
0.032 0.986 0.064 0.980 0.954 
0.041 0.984 0.040 0.990 0.933 
0.032 0.990 0.073 0.975 0.954 
0.054 0.986 0.062 0.980 0.927 
0.045 0.986 0.049 0.988 0.942 
0.033 0.990 0.056 0.985 0.945 
0.048 0.984 0.065 0.980 0.948 
0.035 0.991 0.045 0.988 0.930 
0.039 0.986 0.069 0.988 0.957 
0.031 0.988 0.042 0.990 0.917 
0.042 0.984 0.050 0.988 0.939 
0.043 0.987 0.051 0.985 0.942 
0.042 0.985 0.045 0.990 0.933 
0.034 0.989 0.035 0.993 0.911 
0.037 0.992 0.078 0.980 0.939 
0.049 0.984 0.098 0.988 0.954 
0.041 0.989 0.104 0.985 0.957 
0.029 0.991 0.105 0.985 0.948 
0.044 0.986 0.045 0.990 0.920 
0.033 0.990 0.087 0.980 0.951 
0.042 0.985 0.053 0.980 0.942 
0.032 0.988 0.149 0.958 0.972 
0.046 0.980 0.080 0.978 0.951 
0.042 0.988 0.068 0.985 0.942 
0.036 0.988 0.075 0.983 0.954 
0.047 0.986 0.192 0.945 0.972 
0.032 0.985 0.083 0.975 0.951 
0.042 0.985 0.079 0.983 0.948 
0.044 0.989 0.094 0.980 0.951 
0.034 0.988 0.067 0.988 0.936 
0.037 0.990 0.068 0.983 0.945 
0.047 0.983 0.089 0.973 0.948 
0.036 0.989 0.090 0.980 0.966 
0.045 0.986 0.119 0.975 0.963 
0.043 0.989 0.048 0.985 0.939 
0.042 0.985 0.072 0.975 0.942 
0.033 0.988 0.129 0.973 0.972 
0.048 0.984 0.164 0.973 0.972 
0.035 0.988 0.053 0.985 0.948 
0.058 0.985 0.085 0.980 0.945 
0.049 0.986 0.094 0.978 0.960 
0.033 0.991 0.040 0.988 0.936 
0.040 0.984 0.126 0.970 0.966 
0.043 0.985 0.134 0.973 0.969 
0.036 0.984 0.013 0.998 0.887 
0.032 0.989 0.044 0.983 0.945 
0.033 0.990 0.139 0.975 0.976 
0.038 0.988 0.101 0.983 0.957 
0.040 0.987 0.145 0.968 0.969 
0.029 0.989 0.069 0.988 0.954 
0.030 0.991 0.061 0.990 0.936 
0.032 0.989 0.103 0.983 0.954 
0.051 0.988 0.060 0.985 0.951 
0.044 0.984 0.092 0.983 0.945 
0.043 0.985 0.082 0.980 0.948 
0.030 0.989 0.033 0.990 0.924 
0.037 0.988 0.125 0.965 0.960 
0.039 0.984 0.042 0.985 0.930 
0.036 0.987 0.122 0.985 0.951 
0.033 0.990 0.090 0.985 0.960 
0.052 0.987 0.046 0.988 0.936 
0.043 0.984 0.067 0.985 0.936 
0.038 0.989 0.035 0.993 0.924 
0.036 0.990 0.061 0.978 0.948 
0.030 0.989 0.106 0.975 0.963 
0.075 0.983 0.055 0.978 0.945 
0.036 0.984 0.073 0.990 0.948 
0.040 0.985 0.103 0.983 0.960 
0.043 0.985 0.106 0.980 0.966 
0.032 0.988 0.037 0.990 0.936 
0.030 0.989 0.066 0.985 0.948 
0.039 0.988 0.059 0.980 0.942 
0.037 0.988 0.031 0.995 0.914 
0.037 0.990 0.117 0.983 0.948 
0.061 0.980 0.073 0.988 0.939 
0.039 0.983 0.077 0.985 0.945 
0.062 0.983 0.109 0.985 0.942 
0.029 0.989 0.071 0.993 0.917 
0.046 0.985 0.038 0.993 0.887 
0.031 0.989 0.088 0.978 0.951 
0.028 0.991 0.080 0.983 0.933 
0.033 0.987 0.080 0.983 0.933 
0.053 0.985 0.056 0.993 0.908 
0.041 0.984 0.113 0.980 0.948 
0.040 0.987 0.080 0.978 0.948 
0.034 0.988 0.085 0.988 0.927 
0.037 0.988 0.125 0.963 0.951 
0.030 0.988 0.115 0.973 0.948 
0.034 0.990 0.185 0.958 0.957 
0.037 0.987 0.103 0.968 0.945 
0.041 0.988 0.075 0.975 0.948 
0.033 0.991 0.101 0.985 0.951 
0.044 0.988 0.085 0.980 0.936 
0.052 0.985 0.132 0.973 0.966 
0.038 0.988 0.058 0.985 0.951 
0.033 0.988 0.071 0.978 0.957 
0.033 0.986 0.102 0.975 0.963 
0.031 0.987 0.194 0.958 0.982 
0.024 0.993 0.101 0.975 0.960 
0.038 0.987 0.061 0.983 0.936 
0.057 0.983 0.060 0.980 0.942 
0.049 0.984 0.098 0.980 0.920 
0.035 0.985 0.016 0.995 0.902 
0.040 0.988 0.056 0.983 0.933 
0.038 0.989 0.095 0.975 0.963 
0.042 0.986 0.114 0.980 0.969 
0.028 0.990 0.078 0.980 0.957 
0.031 0.986 0.041 0.988 0.917 
0.031 0.987 0.072 0.985 0.933 
0.030 0.989 0.031 0.990 0.924 
0.032 0.990 0.232 0.940 0.985 
0.034 0.988 0.069 0.983 0.942 
0.037 0.986 0.082 0.983 0.951 
0.038 0.989 0.086 0.988 0.936 
0.044 0.987 0.073 0.985 0.942 
0.035 0.990 0.083 0.980 0.954 
0.039 0.988 0.055 0.988 0.924 
0.039 0.985 0.100 0.980 0.957 
0.038 0.985 0.204 0.955 0.972 
0.063 0.980 0.093 0.978 0.939 
0.037 0.988 0.137 0.980 0.954 
0.031 0.990 0.107 0.978 0.951 
0.037 0.985 0.148 0.975 0.960 
0.045 0.989 0.058 0.988 0.939 
0.040 0.988 0.088 0.988 0.939 
0.041 0.988 0.110 0.980 0.957 
0.037 0.988 0.078 0.980 0.951 
0.036 0.989 0.114 0.978 0.951 
0.033 0.990 0.103 0.978 0.948 
0.029 0.991 0.096 0.980 0.948 
0.043 0.986 0.099 0.983 0.945 
0.038 0.985 0.086 0.985 0.942 
0.046 0.988 0.077 0.983 0.957 
0.034 0.987 0.087 0.980 0.948 
0.036 0.990 0.086 0.983 0.942 
0.043 0.984 0.065 0.980 0.939 
0.041 0.988 0.366 0.905 0.969 
0.041 0.985 0.047 0.988 0.933 
0.035 0.987 0.111 0.980 0.951 
0.031 0.989 0.056 0.985 0.942 
0.031 0.991 0.076 0.983 0.945 
0.051 0.980 0.125 0.983 0.957 
0.046 0.986 0.080 0.983 0.945 
0.040 0.988 0.101 0.975 0.960 
0.047 0.983 0.051 0.985 0.927 
0.037 0.986 0.049 0.983 0.933 
0.036 0.988 0.059 0.990 0.948 
0.029 0.990 0.084 0.980 0.957 
0.028 0.990 0.077 0.975 0.951 
0.035 0.990 0.048 0.983 0.948 
0.051 0.981 0.055 0.983 0.942 
0.035 0.987 0.103 0.973 0.957 
0.042 0.985 0.048 0.983 0.951 
0.029 0.991 0.069 0.980 0.963 
0.036 0.991 0.035 0.995 0.920 
0.040 0.989 0.125 0.973 0.954 
0.035 0.989 0.076 0.983 0.930 
0.040 0.986 0.096 0.978 0.960 
0.031 0.990 0.080 0.970 0.957 
0.034 0.990 0.138 0.963 0.972 
0.030 0.989 0.073 0.980 0.954 
0.030 0.989 0.145 0.958 0.969 
0.034 0.984 0.056 0.988 0.948 
0.033 0.989 0.074 0.985 0.945 
0.030 0.990 0.074 0.980 0.960 
0.044 0.988 0.054 0.993 0.896 
0.035 0.990 0.106 0.980 0.954 
0.038 0.987 0.093 0.980 0.957 
0.027 0.991 0.075 0.988 0.945 
0.039 0.990 0.123 0.983 0.957 
0.034 0.990 0.128 0.980 0.954 
0.023 0.990 0.083 0.985 0.954 
0.029 0.989 0.125 0.980 0.969 
0.043 0.989 0.083 0.983 0.945 
0.035 0.989 0.087 0.983 0.951 
0.040 0.988 0.111 0.980 0.960 
0.040 0.987 0.101 0.980 0.954 
0.030 0.990 0.209 0.968 0.969 
0.043 0.986 0.077 0.980 0.948 
0.030 0.991 0.109 0.988 0.942 
0.038 0.986 0.081 0.988 0.951 
0.036 0.989 0.130 0.978 0.954 
0.027 0.990 0.121 0.983 0.951 
0.035 0.988 0.124 0.980 0.951 
0.039 0.986 0.039 0.993 0.902 
0.040 0.988 0.080 0.985 0.951 
0.038 0.987 0.108 0.973 0.963 
0.047 0.985 0.087 0.978 0.963 
0.033 0.988 0.083 0.975 0.951 
0.032 0.990 0.026 0.988 0.914 
0.047 0.984 0.045 0.988 0.936 
0.040 0.986 0.080 0.975 0.951 
0.035 0.989 0.082 0.980 0.951 
0.027 0.994 0.072 0.980 0.951 
0.034 0.988 0.037 0.988 0.917 
0.037 0.987 0.100 0.970 0.963 
0.043 0.988 0.132 0.960 0.960 
0.052 0.986 0.044 0.985 0.951 
0.037 0.989 0.059 0.975 0.954 
0.030 0.990 0.062 0.978 0.954 
0.029 0.989 0.058 0.978 0.939 
0.028 0.991 0.065 0.980 0.945 
0.031 0.989 0.047 0.980 0.920 
0.042 0.983 0.048 0.985 0.936 
0.059 0.982 0.066 0.985 0.942 
0.031 0.989 0.071 0.988 0.936 
0.049 0.988 0.093 0.980 0.951 
0.030 0.991 0.080 0.988 0.942 
0.036 0.988 0.138 0.963 0.963 
0.042 0.987 0.106 0.975 0.957 
0.035 0.988 0.058 0.978 0.933 
0.030 0.988 0.059 0.985 0.939 
0.037 0.989 0.041 0.988 0.927 
0.037 0.989 0.173 0.970 0.957 
0.032 0.991 0.131 0.973 0.954 
0.032 0.990 0.192 0.948 0.969 
0.042 0.988 0.021 0.990 0.911 
0.035 0.990 0.034 0.990 0.939 
0.048 0.986 0.099 0.978 0.954 
0.052 0.986 0.111 0.978 0.960 
0.037 0.989 0.125 0.975 0.945 
0.032 0.989 0.167 0.963 0.960 
0.038 0.989 0.180 0.955 0.966 
0.034 0.987 0.164 0.980 0.954 
0.032 0.989 0.090 0.985 0.933 
0.027 0.992 0.088 0.985 0.957 
0.037 0.990 0.125 0.980 0.960 
0.039 0.988 0.121 0.980 0.960 
0.031 0.991 0.082 0.983 0.948 
0.031 0.989 0.064 0.983 0.939 
0.033 0.990 0.133 0.978 0.957 
0.040 0.987 0.074 0.978 0.954 
0.035 0.988 0.057 0.990 0.951 
0.025 0.992 0.062 0.993 0.927 
0.037 0.988 0.083 0.985 0.942 
0.030 0.988 0.052 0.988 0.945 
0.030 0.991 0.065 0.983 0.948 
0.041 0.985 0.042 0.993 0.933 
0.047 0.990 0.052 0.990 0.933 
0.036 0.989 0.097 0.980 0.939 
0.035 0.989 0.077 0.980 0.957 
0.032 0.992 0.110 0.980 0.957 
0.032 0.990 0.052 0.993 0.902 
0.024 0.991 0.078 0.988 0.951 
0.043 0.987 0.034 0.990 0.914 
0.033 0.989 0.096 0.978 0.945 
0.053 0.978 0.088 0.983 0.942 
0.033 0.988 0.121 0.970 0.951 
0.032 0.988 0.086 0.980 0.945 
0.037 0.988 0.038 0.988 0.914 
0.036 0.988 0.050 0.985 0.948 
0.047 0.985 0.042 0.990 0.948 
0.037 0.985 0.024 0.993 0.939 
0.034 0.990 0.092 0.978 0.960 
0.035 0.984 0.061 0.988 0.945 
0.036 0.986 0.066 0.985 0.951 
0.040 0.989 0.079 0.970 0.957 
0.036 0.989 0.064 0.985 0.936 
0.033 0.991 0.057 0.990 0.942 
0.035 0.989 0.100 0.975 0.960 
0.038 0.985 0.072 0.975 0.960 
0.040 0.991 0.056 0.985 0.942 
0.044 0.989 0.095 0.988 0.957 
0.033 0.987 0.095 0.975 0.960 
0.030 0.990 0.046 0.980 0.945 
0.031 0.990 0.072 0.985 0.951 
0.028 0.990 0.139 0.963 0.960 
0.037 0.986 0.059 0.988 0.942 
0.039 0.986 0.108 0.970 0.954 
0.030 0.987 0.098 0.973 0.954 
0.042 0.987 0.123 0.970 0.951 
0.037 0.990 0.067 0.978 0.948 
0.030 0.991 0.100 0.975 0.954 
0.036 0.987 0.107 0.970 0.954 
0.031 0.990 0.098 0.978 0.948 
0.024 0.990 0.060 0.988 0.942 
0.024 0.991 0.063 0.985 0.942 
0.029 0.990 0.064 0.980 0.951 
0.032 0.986 0.072 0.973 0.960 
0.034 0.986 0.062 0.980 0.945 
0.036 0.984 0.068 0.978 0.942 
0.037 0.989 0.057 0.985 0.945 
0.032 0.989 0.058 0.988 0.945 
0.035 0.990 0.076 0.978 0.945 
0.031 0.992 0.069 0.985 0.933 
0.038 0.988 0.121 0.983 0.945 
0.031 0.990 0.105 0.978 0.960 
0.034 0.987 0.119 0.985 0.948 
0.028 0.992 0.122 0.985 0.945 
0.025 0.989 0.157 0.988 0.936 
0.028 0.991 0.107 0.988 0.948 
0.026 0.992 0.045 0.990 0.936 
0.035 0.984 0.079 0.985 0.939 
0.049 0.984 0.050 0.988 0.939 
0.026 0.992 0.049 0.988 0.939 
0.043 0.988 0.072 0.988 0.945 
0.069 0.983 0.044 0.995 0.917 
0.035 0.988 0.092 0.980 0.963 
0.032 0.991 0.041 0.990 0.927 
0.033 0.990 0.085 0.980 0.945 
0.039 0.989 0.108 0.983 0.951 
0.030 0.990 0.056 0.988 0.936 
0.052 0.987 0.056 0.988 0.936 
0.020 0.993 0.049 0.985 0.933 
0.042 0.991 0.062 0.990 0.930 
0.037 0.987 0.080 0.988 0.936 
0.050 0.982 0.046 0.988 0.893 
0.034 0.986 0.042 0.990 0.933 
0.026 0.990 0.122 0.968 0.969 
0.037 0.989 0.047 0.988 0.948 
0.026 0.992 0.068 0.988 0.911 
0.033 0.988 0.082 0.980 0.948 
0.029 0.989 0.049 0.990 0.936 
0.035 0.989 0.098 0.983 0.942 
0.031 0.988 0.081 0.983 0.945 
0.029 0.993 0.055 0.988 0.945 
0.031 0.989 0.113 0.975 0.957 
0.036 0.990 0.145 0.960 0.963 
0.033 0.990 0.128 0.980 0.963 
0.030 0.991 0.080 0.983 0.920 
0.038 0.988 0.177 0.973 0.969 
0.034 0.991 0.071 0.980 0.948 
0.025 0.990 0.079 0.980 0.960 
0.029 0.989 0.093 0.975 0.951 
0.054 0.989 0.096 0.975 0.945 
0.040 0.985 0.123 0.973 0.954 
0.043 0.988 0.090 0.970 0.954 
0.044 0.986 0.059 0.993 0.927 
0.023 0.995 0.090 0.985 0.945 
0.039 0.986 0.090 0.985 0.933 
0.035 0.990 0.022 0.995 0.890 
0.032 0.987 0.033 0.988 0.927 
0.028 0.992 0.051 0.983 0.945 
0.033 0.991 0.088 0.970 0.945 
0.037 0.989 0.057 0.985 0.917 
0.041 0.983 0.095 0.978 0.942 
0.027 0.989 0.040 0.985 0.936 
0.035 0.986 0.073 0.985 0.945 
