0.294 0.880 0.133 0.948 1.000 
0.170 0.941 0.165 0.932 0.950 
0.135 0.949 0.080 0.970 1.000 
0.120 0.962 0.090 0.983 0.997 
0.129 0.963 0.082 0.985 1.000 
0.109 0.965 0.113 0.948 0.978 
0.102 0.964 0.094 0.978 1.000 
0.088 0.968 0.069 0.975 0.997 
0.092 0.971 0.086 0.980 1.000 
0.074 0.978 0.082 0.973 1.000 
0.085 0.968 0.104 0.953 0.975 
0.071 0.974 0.055 0.985 1.000 
0.078 0.976 0.097 0.980 1.000 
0.069 0.984 0.069 0.980 1.000 
0.064 0.984 0.089 0.983 1.000 
0.079 0.975 0.087 0.958 1.000 
0.060 0.982 0.071 0.973 1.000 
0.073 0.976 0.062 0.983 0.853 
0.063 0.982 0.060 0.980 1.000 
0.067 0.980 0.053 0.985 1.000 
0.067 0.981 0.102 0.978 1.000 
0.055 0.984 0.051 0.985 1.000 
0.067 0.980 0.082 0.983 1.000 
0.069 0.978 0.106 0.985 1.000 
0.057 0.985 0.043 0.990 0.981 
0.080 0.978 0.059 0.983 0.953 
0.062 0.982 0.072 0.985 0.909 
0.055 0.986 0.065 0.978 0.997 
0.055 0.982 0.099 0.968 1.000 
0.067 0.980 0.056 0.983 1.000 
0.060 0.983 0.045 0.990 1.000 
0.057 0.984 0.146 0.927 0.044 
0.049 0.983 0.059 0.983 1.000 
0.062 0.984 0.075 0.980 0.981 
0.062 0.985 0.045 0.988 1.000 
0.054 0.984 0.089 0.960 0.997 
0.057 0.982 0.065 0.980 1.000 
0.055 0.985 0.070 0.968 1.000 
0.047 0.986 0.077 0.965 1.000 
0.052 0.986 0.063 0.985 1.000 
0.063 0.985 0.052 0.990 0.997 
0.052 0.984 0.068 0.970 1.000 
0.049 0.988 0.058 0.978 0.988 
0.045 0.988 0.115 0.953 1.000 
0.044 0.989 0.059 0.988 0.997 
0.042 0.989 0.052 0.985 1.000 
0.045 0.986 0.063 0.980 1.000 
0.043 0.987 0.065 0.978 0.919 
0.054 0.984 0.081 0.968 0.988 
0.044 0.990 0.080 0.965 0.944 
0.049 0.989 0.053 0.983 0.481 
0.038 0.991 0.058 0.985 1.000 
0.051 0.986 0.065 0.978 0.887 
0.039 0.988 0.043 0.983 0.909 
0.042 0.989 0.105 0.958 1.000 
0.046 0.989 0.062 0.983 0.984 
0.058 0.985 0.085 0.968 0.959 
0.036 0.989 0.063 0.983 1.000 
0.048 0.986 0.059 0.985 1.000 
0.036 0.989 0.055 0.978 0.963 
0.038 0.990 0.055 0.988 0.988 
0.048 0.988 0.063 0.980 1.000 
0.039 0.989 0.071 0.975 0.628 
0.034 0.992 0.067 0.978 0.944 
0.050 0.988 0.046 0.985 1.000 
0.039 0.988 0.056 0.980 0.822 
0.033 0.990 0.097 0.958 0.947 
0.029 0.991 0.060 0.975 0.994 
0.036 0.993 0.048 0.983 0.947 
0.035 0.991 0.075 0.970 0.981 
0.056 0.987 0.097 0.965 0.531 
0.039 0.987 0.062 0.975 0.887 
0.049 0.988 0.061 0.983 0.553 
0.031 0.993 0.044 0.985 0.963 
0.048 0.986 0.067 0.970 0.978 
0.038 0.988 0.087 0.965 0.981 
0.035 0.989 0.086 0.965 0.831 
0.047 0.989 0.058 0.980 0.994 
0.036 0.991 0.054 0.983 0.994 
0.033 0.992 0.084 0.968 1.000 
0.034 0.991 0.135 0.950 0.200 
0.040 0.988 0.046 0.988 0.647 
0.031 0.991 0.056 0.980 1.000 
0.032 0.990 0.040 0.990 0.947 
0.034 0.992 0.034 0.993 1.000 
0.034 0.990 0.068 0.965 1.000 
0.044 0.988 0.046 0.988 1.000 
0.034 0.990 0.039 0.990 1.000 
0.033 0.990 0.112 0.950 0.984 
0.037 0.990 0.055 0.980 0.991 
0.034 0.992 0.064 0.973 0.228 
0.043 0.986 0.051 0.980 0.972 
0.034 0.990 0.087 0.963 0.991 
0.039 0.990 0.030 0.993 0.991 
0.041 0.989 0.050 0.978 0.991 
0.029 0.993 0.080 0.963 0.991 
0.042 0.990 0.075 0.975 0.919 
0.037 0.989 0.054 0.975 0.944 
0.034 0.993 0.082 0.970 0.822 
0.049 0.985 0.132 0.945 0.869 
0.036 0.989 0.113 0.950 0.934 
0.032 0.993 0.051 0.983 1.000 
0.040 0.988 0.063 0.975 1.000 
0.034 0.990 0.043 0.983 0.975 
0.036 0.991 0.033 0.993 0.959 
0.035 0.991 0.064 0.978 0.322 
0.030 0.993 0.035 0.990 0.997 
0.038 0.992 0.053 0.988 1.000 
0.033 0.990 0.105 0.970 0.812 
0.058 0.987 0.097 0.958 0.591 
0.032 0.992 0.062 0.975 0.944 
0.027 0.993 0.036 0.988 0.975 
0.033 0.992 0.065 0.970 0.938 
0.047 0.988 0.059 0.970 0.578 
0.029 0.990 0.076 0.968 0.847 
0.040 0.991 0.062 0.978 0.944 
0.034 0.989 0.033 0.990 1.000 
0.028 0.991 0.073 0.973 0.997 
0.036 0.988 0.068 0.973 0.991 
0.020 0.994 0.088 0.968 0.241 
0.036 0.993 0.085 0.970 1.000 
0.042 0.990 0.055 0.978 1.000 
0.034 0.990 0.070 0.973 0.941 
0.038 0.991 0.038 0.988 0.344 
0.031 0.993 0.065 0.975 0.847 
0.036 0.987 0.138 0.938 0.003 
0.040 0.991 0.092 0.970 0.056 
0.028 0.990 0.084 0.968 0.981 
0.034 0.991 0.082 0.973 0.338 
0.032 0.990 0.035 0.993 0.972 
0.022 0.993 0.031 0.990 0.994 
0.042 0.989 0.052 0.983 0.991 
0.036 0.990 0.079 0.965 1.000 
0.030 0.994 0.056 0.983 0.906 
0.033 0.990 0.061 0.975 0.978 
0.026 0.993 0.068 0.975 0.991 
0.037 0.990 0.106 0.955 0.575 
0.034 0.991 0.043 0.985 0.997 
0.025 0.991 0.039 0.985 0.997 
0.038 0.991 0.135 0.948 0.903 
0.043 0.989 0.129 0.953 0.806 
0.026 0.995 0.043 0.985 0.994 
0.026 0.993 0.196 0.935 0.969 
0.041 0.989 0.056 0.988 0.881 
0.026 0.994 0.143 0.943 0.919 
0.041 0.990 0.120 0.950 0.981 
0.034 0.993 0.102 0.963 0.150 
0.033 0.990 0.043 0.990 0.722 
0.032 0.991 0.048 0.990 0.919 
0.027 0.993 0.055 0.978 0.991 
0.024 0.994 0.068 0.975 0.887 
0.023 0.994 0.063 0.978 0.794 
0.034 0.990 0.081 0.973 0.762 
0.029 0.994 0.050 0.985 0.656 
0.032 0.990 0.072 0.975 0.872 
0.032 0.994 0.061 0.975 0.713 
0.029 0.993 0.049 0.990 0.447 
0.044 0.988 0.041 0.990 1.000 
0.032 0.995 0.080 0.975 0.994 
0.030 0.993 0.103 0.958 0.928 
0.025 0.994 0.076 0.973 0.906 
0.042 0.990 0.108 0.960 0.003 
0.030 0.995 0.068 0.975 0.425 
0.022 0.994 0.077 0.973 0.144 
0.023 0.994 0.065 0.975 0.922 
0.026 0.991 0.064 0.975 0.872 
0.021 0.994 0.040 0.985 0.997 
0.029 0.993 0.044 0.985 0.706 
0.030 0.993 0.056 0.978 0.988 
0.028 0.990 0.084 0.985 1.000 
0.057 0.992 0.092 0.965 0.694 
0.030 0.993 0.031 0.985 0.584 
0.029 0.992 0.060 0.978 0.928 
0.024 0.993 0.037 0.985 0.997 
0.025 0.993 0.050 0.980 0.803 
0.027 0.994 0.053 0.978 0.312 
0.032 0.993 0.062 0.978 0.203 
0.033 0.991 0.073 0.978 0.269 
0.022 0.995 0.060 0.978 0.966 
0.019 0.994 0.090 0.968 1.000 
0.025 0.994 0.076 0.970 0.622 
0.035 0.991 0.070 0.965 0.912 
0.041 0.993 0.104 0.953 0.912 
0.033 0.993 0.094 0.960 0.909 
0.032 0.993 0.089 0.965 0.841 
0.026 0.991 0.061 0.978 0.359 
0.022 0.995 0.070 0.970 0.894 
0.024 0.992 0.149 0.948 0.156 
0.030 0.991 0.078 0.975 0.872 
0.032 0.991 0.068 0.965 0.981 
0.028 0.991 0.075 0.968 0.997 
0.019 0.995 0.071 0.980 0.988 
0.019 0.993 0.062 0.965 0.922 
0.036 0.992 0.052 0.978 0.984 
0.029 0.993 0.032 0.990 0.994 
0.026 0.993 0.096 0.960 0.397 
0.030 0.991 0.029 0.990 0.528 
0.016 0.996 0.064 0.973 0.947 
0.028 0.994 0.041 0.988 0.887 
0.023 0.993 0.082 0.960 0.875 
0.038 0.990 0.073 0.968 0.984 
0.028 0.993 0.045 0.983 0.894 
0.027 0.991 0.052 0.983 0.919 
0.024 0.995 0.052 0.983 1.000 
0.024 0.994 0.029 0.993 1.000 
0.031 0.991 0.088 0.970 0.991 
0.041 0.989 0.058 0.973 0.906 
0.026 0.991 0.080 0.965 0.966 
0.028 0.994 0.046 0.983 1.000 
0.036 0.988 0.067 0.968 1.000 
0.026 0.994 0.050 0.983 1.000 
0.038 0.991 0.076 0.965 0.997 
0.026 0.991 0.051 0.978 1.000 
0.027 0.994 0.197 0.920 0.966 
0.032 0.993 0.109 0.950 0.953 
0.019 0.995 0.055 0.973 0.131 
0.027 0.990 0.099 0.950 0.966 
0.022 0.992 0.060 0.980 0.925 
0.019 0.993 0.063 0.985 0.997 
0.019 0.995 0.051 0.988 0.978 
0.024 0.992 0.055 0.980 0.912 
0.031 0.994 0.036 0.990 0.325 
0.045 0.987 0.109 0.953 0.991 
0.028 0.993 0.043 0.985 0.338 
0.028 0.992 0.050 0.983 1.000 
0.031 0.992 0.057 0.980 0.969 
0.024 0.993 0.039 0.985 0.719 
0.027 0.993 0.035 0.988 0.784 
0.031 0.992 0.060 0.973 0.491 
0.026 0.995 0.040 0.990 0.750 
0.026 0.991 0.096 0.963 0.906 
0.032 0.990 0.054 0.983 0.706 
0.027 0.993 0.068 0.968 0.569 
0.028 0.994 0.065 0.973 0.022 
0.028 0.993 0.094 0.958 0.897 
0.023 0.992 0.066 0.970 0.994 
0.025 0.990 0.038 0.983 0.947 
0.031 0.994 0.044 0.983 0.056 
0.024 0.994 0.049 0.985 0.609 
0.027 0.994 0.057 0.983 0.953 
0.027 0.992 0.081 0.968 0.688 
0.030 0.993 0.060 0.978 0.988 
0.031 0.993 0.038 0.990 0.966 
0.025 0.992 0.048 0.988 0.938 
0.027 0.991 0.060 0.975 0.831 
0.016 0.997 0.060 0.978 0.991 
0.026 0.991 0.051 0.985 0.969 
0.024 0.993 0.036 0.988 0.762 
0.019 0.996 0.033 0.990 0.844 
0.029 0.990 0.102 0.960 0.969 
0.031 0.992 0.046 0.985 0.991 
0.018 0.994 0.042 0.990 0.978 
0.024 0.993 0.051 0.983 0.991 
0.028 0.991 0.045 0.983 0.956 
0.029 0.991 0.076 0.968 0.988 
0.029 0.991 0.056 0.980 1.000 
0.022 0.993 0.055 0.980 0.969 
0.017 0.997 0.060 0.978 0.975 
0.024 0.994 0.102 0.960 0.984 
0.028 0.991 0.088 0.963 0.997 
0.033 0.989 0.032 0.990 0.988 
0.029 0.991 0.087 0.955 0.984 
0.027 0.991 0.057 0.975 0.972 
0.026 0.993 0.072 0.970 0.981 
0.019 0.994 0.036 0.988 0.991 
0.023 0.994 0.045 0.983 0.919 
0.022 0.993 0.037 0.985 0.975 
0.023 0.993 0.031 0.985 0.959 
0.027 0.993 0.051 0.980 0.988 
0.026 0.993 0.054 0.975 0.056 
0.022 0.992 0.073 0.973 0.966 
0.013 0.997 0.045 0.983 0.988 
0.022 0.993 0.141 0.945 0.981 
0.022 0.994 0.076 0.965 0.944 
0.027 0.993 0.027 0.990 0.425 
0.024 0.994 0.057 0.978 0.919 
0.022 0.992 0.042 0.988 1.000 
0.021 0.994 0.026 0.990 0.997 
0.025 0.991 0.071 0.965 0.963 
0.023 0.993 0.037 0.988 0.994 
0.030 0.991 0.030 0.990 0.903 
0.029 0.989 0.032 0.988 0.706 
0.018 0.996 0.096 0.965 0.978 
0.031 0.993 0.088 0.960 0.778 
0.022 0.994 0.034 0.993 0.525 
0.026 0.993 0.032 0.990 0.422 
0.024 0.993 0.049 0.980 0.872 
0.020 0.993 0.038 0.980 0.244 
0.021 0.996 0.029 0.993 0.866 
0.027 0.992 0.050 0.978 0.438 
0.021 0.995 0.060 0.978 0.766 
0.022 0.994 0.052 0.980 0.859 
0.030 0.989 0.054 0.978 0.828 
0.028 0.994 0.031 0.993 0.953 
0.022 0.992 0.030 0.993 0.991 
0.042 0.991 0.058 0.970 0.903 
0.032 0.991 0.050 0.978 0.844 
0.029 0.994 0.067 0.968 0.769 
0.028 0.992 0.091 0.955 0.797 
0.016 0.996 0.081 0.965 0.881 
0.029 0.991 0.041 0.988 0.997 
0.039 0.990 0.022 0.993 0.991 
0.023 0.994 0.029 0.990 0.931 
0.020 0.996 0.054 0.983 0.950 
0.025 0.993 0.039 0.988 0.400 
0.024 0.991 0.029 0.990 0.997 
0.019 0.995 0.028 0.993 1.000 
0.040 0.988 0.030 0.990 1.000 
0.024 0.993 0.035 0.990 0.997 
0.015 0.994 0.027 0.990 0.997 
0.022 0.995 0.083 0.963 0.969 
0.015 0.994 0.030 0.993 1.000 
0.019 0.993 0.036 0.988 1.000 
0.021 0.994 0.076 0.970 0.975 
0.023 0.994 0.035 0.993 0.978 
0.020 0.994 0.041 0.985 1.000 
0.022 0.995 0.034 0.990 1.000 
0.036 0.995 0.130 0.940 0.875 
0.026 0.992 0.041 0.983 0.922 
0.025 0.993 0.056 0.978 0.944 
0.019 0.994 0.033 0.990 0.872 
0.020 0.994 0.048 0.983 0.903 
0.026 0.994 0.044 0.985 0.916 
0.027 0.996 0.039 0.985 0.912 
0.018 0.994 0.037 0.980 0.988 
0.025 0.993 0.054 0.978 1.000 
0.015 0.994 0.065 0.978 0.997 
0.034 0.991 0.028 0.988 0.988 
0.030 0.992 0.095 0.955 0.912 
0.024 0.994 0.036 0.983 0.947 
0.016 0.994 0.023 0.988 1.000 
0.030 0.992 0.034 0.990 0.766 
0.024 0.992 0.061 0.975 0.806 
0.027 0.991 0.030 0.990 0.916 
0.022 0.994 0.036 0.983 0.544 
0.020 0.996 0.037 0.985 0.969 
0.024 0.992 0.087 0.960 0.866 
0.017 0.993 0.020 0.990 0.988 
0.021 0.994 0.054 0.980 0.966 
0.026 0.994 0.039 0.985 0.875 
0.027 0.993 0.034 0.988 0.928 
0.018 0.995 0.038 0.985 0.981 
0.018 0.995 0.036 0.988 0.944 
0.019 0.993 0.039 0.988 0.972 
0.016 0.995 0.046 0.983 0.966 
0.016 0.997 0.081 0.970 0.875 
0.020 0.991 0.045 0.985 0.863 
0.034 0.993 0.039 0.983 0.903 
0.023 0.992 0.039 0.985 0.975 
0.023 0.994 0.033 0.993 1.000 
0.023 0.994 0.054 0.983 0.975 
0.023 0.993 0.031 0.990 1.000 
0.015 0.996 0.037 0.990 1.000 
0.026 0.991 0.040 0.985 0.984 
0.026 0.992 0.045 0.983 1.000 
0.034 0.993 0.104 0.955 1.000 
0.021 0.994 0.083 0.963 0.966 
0.031 0.994 0.063 0.978 1.000 
0.027 0.991 0.215 0.907 0.731 
0.013 0.995 0.066 0.978 0.881 
0.025 0.994 0.034 0.988 0.991 
0.023 0.994 0.050 0.980 0.981 
0.027 0.990 0.052 0.983 0.966 
0.021 0.993 0.029 0.993 1.000 
0.021 0.994 0.056 0.970 1.000 
0.021 0.994 0.084 0.965 1.000 
0.023 0.993 0.026 0.990 1.000 
0.015 0.995 0.034 0.985 1.000 
0.013 0.996 0.026 0.993 0.997 
0.017 0.995 0.028 0.990 1.000 
0.017 0.996 0.038 0.983 1.000 
0.050 0.989 0.070 0.983 1.000 
0.019 0.994 0.045 0.983 1.000 
0.019 0.994 0.047 0.988 1.000 
0.018 0.995 0.059 0.980 1.000 
0.019 0.994 0.069 0.970 1.000 
0.019 0.993 0.032 0.988 1.000 
0.021 0.995 0.042 0.980 1.000 
0.047 0.991 0.047 0.983 0.988 
0.033 0.994 0.084 0.958 0.806 
0.027 0.994 0.043 0.983 1.000 
0.016 0.996 0.046 0.985 0.931 
0.025 0.991 0.032 0.990 1.000 
0.011 0.996 0.098 0.960 1.000 
0.015 0.996 0.059 0.983 0.859 
0.026 0.995 0.036 0.985 0.894 
0.025 0.994 0.066 0.973 0.550 
0.027 0.992 0.028 0.993 0.972 
0.015 0.996 0.048 0.985 0.922 
0.022 0.993 0.022 0.993 1.000 
0.022 0.994 0.029 0.990 0.997 
0.025 0.994 0.033 0.985 0.878 
0.033 0.991 0.039 0.985 1.000 
0.026 0.993 0.027 0.990 1.000 
0.016 0.997 0.036 0.988 1.000 
0.020 0.995 0.031 0.993 1.000 
0.023 0.993 0.034 0.990 0.994 
0.024 0.992 0.021 0.990 1.000 
0.025 0.994 0.042 0.983 1.000 
0.028 0.993 0.035 0.990 0.928 
0.030 0.992 0.033 0.990 0.997 
0.015 0.995 0.044 0.983 0.972 
0.022 0.992 0.030 0.990 0.688 
0.011 0.996 0.063 0.978 0.991 
0.019 0.995 0.025 0.993 0.997 
0.017 0.995 0.031 0.990 1.000 
0.017 0.996 0.058 0.983 0.972 
0.019 0.994 0.052 0.983 1.000 
0.020 0.994 0.043 0.980 1.000 
0.029 0.990 0.029 0.990 0.997 
0.022 0.994 0.046 0.983 0.991 
0.017 0.994 0.037 0.985 0.988 
0.019 0.994 0.033 0.985 0.975 
0.026 0.994 0.026 0.993 0.953 
0.022 0.994 0.034 0.985 0.997 
0.016 0.995 0.036 0.988 1.000 
0.034 0.994 0.036 0.990 1.000 
0.019 0.995 0.042 0.980 1.000 
0.020 0.995 0.034 0.988 1.000 
0.031 0.992 0.041 0.985 0.988 
0.015 0.993 0.043 0.983 0.991 
0.019 0.996 0.067 0.965 0.975 
0.017 0.995 0.063 0.978 0.984 
0.010 0.997 0.033 0.990 0.994 
0.020 0.994 0.037 0.988 1.000 
0.012 0.995 0.041 0.983 0.994 
0.023 0.995 0.036 0.988 0.959 
0.015 0.995 0.039 0.985 0.991 
0.015 0.995 0.072 0.973 0.988 
0.034 0.991 0.073 0.988 0.997 
0.018 0.994 0.052 0.978 0.947 
0.018 0.994 0.042 0.985 0.972 
0.012 0.995 0.053 0.988 1.000 
0.030 0.992 0.041 0.988 0.988 
0.019 0.996 0.043 0.988 0.997 
0.013 0.997 0.075 0.973 0.991 
0.015 0.995 0.087 0.970 0.997 
0.014 0.996 0.070 0.973 0.997 
0.013 0.995 0.106 0.968 0.956 
0.037 0.992 0.053 0.980 0.963 
0.047 0.991 0.053 0.975 0.984 
0.013 0.995 0.066 0.975 1.000 
0.016 0.995 0.037 0.988 0.984 
0.009 0.997 0.062 0.983 0.997 
0.024 0.994 0.091 0.960 0.981 
0.011 0.997 0.051 0.993 0.894 
0.017 0.995 0.105 0.958 0.956 
0.017 0.996 0.027 0.993 0.991 
0.027 0.992 0.071 0.985 1.000 
0.009 0.997 0.047 0.985 1.000 
0.017 0.996 0.035 0.988 0.981 
0.023 0.995 0.084 0.975 0.994 
0.013 0.998 0.062 0.980 1.000 
0.013 0.996 0.100 0.970 0.981 
0.011 0.996 0.049 0.978 0.997 
0.022 0.994 0.146 0.943 0.991 
0.022 0.994 0.058 0.978 1.000 
0.020 0.994 0.068 0.970 0.894 
0.016 0.995 0.075 0.968 0.997 
0.024 0.993 0.043 0.983 0.997 
0.014 0.995 0.030 0.993 1.000 
0.031 0.991 0.054 0.980 0.991 
0.016 0.995 0.117 0.958 0.972 
0.012 0.997 0.136 0.955 0.981 
0.018 0.995 0.032 0.990 1.000 
0.020 0.993 0.041 0.988 0.997 
0.015 0.995 0.053 0.985 0.997 
0.019 0.995 0.100 0.973 0.991 
0.022 0.995 0.044 0.988 1.000 
0.020 0.995 0.058 0.980 0.988 
0.027 0.994 0.048 0.983 0.988 
0.018 0.996 0.052 0.980 0.994 
0.019 0.995 0.044 0.983 0.997 
0.019 0.995 0.085 0.970 0.956 
0.024 0.994 0.085 0.983 0.988 
0.026 0.997 0.182 0.935 0.900 
0.026 0.993 0.048 0.980 0.994 
0.026 0.994 0.063 0.980 1.000 
0.026 0.994 0.060 0.970 1.000 
0.014 0.995 0.030 0.993 0.994 
0.014 0.996 0.028 0.990 1.000 
0.022 0.995 0.030 0.988 0.991 
0.020 0.995 0.064 0.973 0.988 
0.023 0.995 0.037 0.985 0.997 
0.031 0.993 0.058 0.983 0.991 
0.012 0.995 0.038 0.990 1.000 
0.025 0.993 0.042 0.988 1.000 
0.015 0.995 0.043 0.980 0.994 
0.019 0.994 0.038 0.985 1.000 
0.021 0.994 0.149 0.932 0.947 
0.017 0.993 0.072 0.983 0.978 
0.012 0.997 0.045 0.983 0.988 
0.015 0.996 0.042 0.988 1.000 
0.022 0.995 0.062 0.975 0.947 
0.016 0.994 0.064 0.968 0.928 
0.020 0.995 0.030 0.990 0.881 
0.017 0.995 0.029 0.993 1.000 
0.035 0.991 0.076 0.975 0.994 
0.030 0.993 0.116 0.980 0.894 
0.036 0.994 0.040 0.985 0.881 
0.013 0.994 0.127 0.975 0.716 
0.020 0.993 0.029 0.985 0.922 
0.009 0.997 0.036 0.988 0.869 
0.016 0.995 0.036 0.988 0.597 
0.011 0.997 0.055 0.980 0.684 
0.025 0.993 0.058 0.973 0.997 
0.013 0.995 0.028 0.990 0.963 
0.021 0.993 0.066 0.973 0.953 
0.020 0.994 0.050 0.980 0.950 
0.021 0.995 0.049 0.985 0.941 
0.021 0.993 0.065 0.973 0.984 
0.008 0.997 0.020 0.993 0.900 
0.025 0.994 0.094 0.953 0.878 
0.027 0.994 0.046 0.983 0.153 
0.026 0.995 0.104 0.953 0.969 
0.018 0.992 0.032 0.990 0.931 
0.022 0.994 0.039 0.990 0.381 
0.020 0.997 0.063 0.980 0.878 
0.013 0.995 0.036 0.985 0.944 
0.014 0.996 0.028 0.990 0.978 
0.027 0.994 0.035 0.988 1.000 
0.018 0.996 0.079 0.970 0.753 
0.017 0.995 0.105 0.953 0.966 
0.016 0.996 0.074 0.978 0.887 
0.023 0.991 0.090 0.960 0.331 
0.016 0.995 0.085 0.965 0.994 
0.011 0.997 0.066 0.978 0.834 
0.010 0.997 0.028 0.990 0.766 
0.010 0.997 0.092 0.965 0.956 
0.018 0.994 0.016 0.995 0.588 
0.011 0.995 0.041 0.983 0.844 
0.015 0.995 0.046 0.983 0.872 
0.020 0.994 0.048 0.985 0.475 
0.009 0.998 0.034 0.988 0.409 
0.029 0.994 0.070 0.970 0.963 
0.023 0.994 0.039 0.985 0.731 
0.028 0.992 0.033 0.990 0.053 
0.017 0.994 0.064 0.978 0.919 
0.022 0.993 0.031 0.985 0.703 
0.020 0.993 0.033 0.988 0.800 
0.009 0.997 0.020 0.995 0.003 
0.019 0.993 0.048 0.980 0.825 
0.017 0.997 0.094 0.960 0.872 
0.013 0.994 0.056 0.978 0.247 
0.017 0.996 0.031 0.993 0.978 
0.013 0.996 0.086 0.963 0.647 
0.020 0.992 0.070 0.985 0.013 
0.018 0.995 0.085 0.983 0.822 
0.016 0.994 0.040 0.988 0.863 
0.011 0.997 0.034 0.990 1.000 
0.018 0.995 0.058 0.988 0.013 
0.028 0.992 0.024 0.993 0.719 
0.016 0.997 0.031 0.990 0.831 
0.022 0.994 0.031 0.990 0.931 
0.018 0.994 0.103 0.960 0.653 
0.033 0.993 0.085 0.965 0.334 
0.020 0.993 0.095 0.968 0.906 
0.028 0.991 0.056 0.978 0.928 
0.024 0.997 0.046 0.985 0.828 
0.009 0.997 0.177 0.948 0.025 
0.018 0.995 0.039 0.988 0.650 
0.012 0.996 0.087 0.968 0.688 
0.021 0.995 0.059 0.975 0.688 
0.016 0.997 0.031 0.993 0.975 
0.021 0.994 0.043 0.990 0.384 
0.011 0.995 0.048 0.985 0.928 
0.026 0.993 0.069 0.975 0.975 
0.013 0.996 0.045 0.988 0.988 
0.028 0.994 0.046 0.983 0.994 
0.018 0.995 0.053 0.980 0.988 
0.016 0.997 0.034 0.990 0.969 
0.028 0.993 0.075 0.970 0.753 
0.017 0.996 0.066 0.975 0.994 
0.014 0.996 0.068 0.978 0.822 
0.021 0.994 0.056 0.980 0.791 
0.010 0.998 0.044 0.985 0.947 
0.015 0.994 0.065 0.980 0.931 
0.010 0.997 0.052 0.985 0.928 
0.015 0.994 0.222 0.930 0.956 
0.024 0.994 0.025 0.993 0.866 
0.021 0.994 0.042 0.983 0.988 
0.018 0.994 0.037 0.990 0.956 
0.019 0.995 0.039 0.988 0.984 
0.013 0.996 0.053 0.980 0.944 
0.022 0.993 0.047 0.983 0.931 
0.018 0.995 0.024 0.993 0.938 
0.014 0.995 0.039 0.985 0.997 
0.012 0.997 0.031 0.993 0.988 
0.020 0.995 0.025 0.990 0.975 
0.010 0.995 0.040 0.990 1.000 
0.024 0.994 0.026 0.993 1.000 
0.015 0.997 0.030 0.993 0.881 
0.015 0.996 0.037 0.988 0.806 
0.029 0.994 0.025 0.990 0.838 
0.014 0.995 0.026 0.990 0.994 
0.012 0.998 0.031 0.990 0.972 
0.030 0.993 0.115 0.968 0.991 
0.021 0.993 0.054 0.983 0.997 
0.026 0.993 0.026 0.993 0.997 
0.010 0.998 0.035 0.993 0.997 
0.015 0.995 0.029 0.993 0.994 
0.018 0.994 0.033 0.988 0.988 
0.017 0.994 0.033 0.988 0.997 
0.014 0.994 0.028 0.993 0.978 
0.011 0.995 0.049 0.985 0.991 
0.018 0.994 0.020 0.993 0.994 
0.014 0.997 0.027 0.993 0.994 
0.020 0.995 0.046 0.983 0.978 
0.014 0.997 0.024 0.990 0.988 
0.005 0.999 0.034 0.990 0.997 
0.019 0.995 0.041 0.985 0.822 
0.009 0.997 0.038 0.993 0.997 
0.020 0.995 0.045 0.988 0.994 
0.036 0.992 0.048 0.983 0.994 
0.016 0.994 0.021 0.993 1.000 
0.015 0.997 0.028 0.993 0.959 
0.030 0.993 0.027 0.990 1.000 
0.016 0.996 0.058 0.975 1.000 
0.015 0.997 0.023 0.993 0.978 
0.017 0.996 0.029 0.988 1.000 
0.015 0.996 0.031 0.990 0.994 
0.013 0.995 0.054 0.980 0.991 
0.012 0.996 0.016 0.993 0.997 
0.018 0.995 0.036 0.988 1.000 
0.016 0.995 0.026 0.993 0.997 
0.016 0.996 0.061 0.980 0.969 
0.016 0.995 0.018 0.995 0.959 
0.033 0.993 0.019 0.993 0.997 
0.012 0.997 0.025 0.993 0.844 
0.019 0.994 0.043 0.980 0.963 
0.010 0.998 0.031 0.990 1.000 
0.023 0.994 0.032 0.990 0.984 
0.011 0.997 0.057 0.980 0.978 
0.013 0.996 0.055 0.990 0.938 
0.017 0.995 0.045 0.983 0.994 
0.022 0.994 0.063 0.973 0.994 
0.016 0.995 0.022 0.990 0.994 
0.014 0.997 0.028 0.990 0.994 
0.013 0.994 0.042 0.983 0.994 
0.035 0.992 0.062 0.978 0.994 
0.015 0.996 0.043 0.983 0.991 
0.020 0.994 0.049 0.980 0.988 
0.010 0.997 0.024 0.993 0.978 
0.023 0.994 0.032 0.990 0.994 
0.019 0.994 0.061 0.973 0.988 
0.015 0.995 0.034 0.988 0.978 
0.025 0.995 0.052 0.983 1.000 
0.016 0.997 0.042 0.988 1.000 
0.017 0.995 0.030 0.993 0.984 
0.030 0.993 0.033 0.993 0.988 
0.015 0.995 0.029 0.993 0.994 
0.006 0.997 0.063 0.980 0.994 
0.019 0.993 0.069 0.970 0.994 
0.018 0.995 0.043 0.983 0.994 
0.015 0.995 0.047 0.983 0.919 
0.026 0.992 0.031 0.990 0.969 
0.026 0.995 0.034 0.988 0.819 
0.014 0.995 0.034 0.988 0.972 
0.028 0.995 0.173 0.930 0.784 
0.019 0.994 0.052 0.983 0.944 
0.023 0.994 0.067 0.973 0.956 
0.018 0.993 0.036 0.985 0.975 
0.013 0.997 0.040 0.985 0.756 
0.009 0.997 0.026 0.993 0.847 
0.014 0.996 0.047 0.983 0.881 
0.011 0.997 0.048 0.985 0.800 
0.048 0.993 0.210 0.920 0.953 
0.016 0.995 0.040 0.990 0.938 
0.009 0.998 0.164 0.953 0.900 
0.027 0.992 0.044 0.985 0.919 
0.014 0.994 0.050 0.980 0.947 
0.015 0.996 0.034 0.990 0.919 
0.016 0.995 0.027 0.990 0.978 
0.012 0.994 0.026 0.993 0.978 
0.019 0.996 0.100 0.960 0.997 
0.008 0.998 0.052 0.988 0.988 
0.010 0.996 0.049 0.990 0.941 
0.009 0.997 0.031 0.993 0.984 
0.014 0.997 0.034 0.993 0.988 
0.008 0.998 0.046 0.988 0.994 
0.019 0.994 0.064 0.980 0.956 
0.014 0.995 0.024 0.990 0.984 
0.019 0.993 0.036 0.988 0.994 
0.019 0.995 0.049 0.983 1.000 
0.019 0.994 0.078 0.985 0.984 
0.023 0.994 0.082 0.965 0.994 
0.030 0.990 0.042 0.985 0.991 
0.020 0.995 0.032 0.993 0.991 
0.011 0.998 0.032 0.993 1.000 
0.017 0.994 0.047 0.985 0.994 
0.017 0.995 0.028 0.993 1.000 
0.026 0.995 0.043 0.985 0.997 
0.020 0.994 0.042 0.990 1.000 
0.026 0.994 0.036 0.988 0.997 
0.017 0.995 0.026 0.993 1.000 
0.019 0.995 0.139 0.953 1.000 
0.017 0.998 0.064 0.980 0.997 
0.022 0.993 0.036 0.990 0.969 
0.017 0.995 0.055 0.978 1.000 
0.020 0.996 0.062 0.975 0.969 
0.015 0.996 0.048 0.985 0.909 
0.028 0.993 0.026 0.993 0.984 
0.017 0.995 0.047 0.980 1.000 
0.010 0.998 0.050 0.983 1.000 
0.014 0.995 0.039 0.993 0.981 
0.015 0.994 0.043 0.995 0.931 
0.029 0.994 0.185 0.927 0.975 
0.030 0.991 0.048 0.983 0.994 
0.016 0.995 0.100 0.960 0.981 
0.020 0.997 0.055 0.983 0.975 
0.027 0.992 0.023 0.993 1.000 
0.015 0.996 0.055 0.980 1.000 
0.012 0.995 0.081 0.965 1.000 
0.008 0.998 0.073 0.978 1.000 
0.023 0.993 0.035 0.990 1.000 
0.009 0.997 0.037 0.988 1.000 
0.013 0.996 0.082 0.980 1.000 
0.050 0.990 0.073 0.970 0.988 
0.013 0.996 0.024 0.993 0.994 
0.013 0.995 0.068 0.968 0.956 
0.010 0.997 0.034 0.988 0.972 
0.014 0.996 0.030 0.990 0.966 
0.020 0.993 0.043 0.985 0.991 
0.034 0.994 0.095 0.955 0.972 
0.014 0.997 0.027 0.990 0.934 
0.019 0.996 0.053 0.983 0.894 
0.011 0.997 0.034 0.988 0.806 
0.019 0.996 0.030 0.993 0.978 
0.015 0.995 0.042 0.985 0.934 
0.013 0.997 0.046 0.990 0.975 
0.016 0.995 0.037 0.990 0.966 
0.019 0.995 0.034 0.990 0.919 
0.022 0.995 0.057 0.983 0.878 
0.014 0.995 0.021 0.993 0.884 
0.011 0.997 0.022 0.993 0.975 
0.016 0.995 0.027 0.993 0.963 
0.017 0.996 0.028 0.993 0.944 
0.016 0.996 0.043 0.983 0.984 
0.019 0.994 0.066 0.975 0.997 
0.014 0.995 0.038 0.990 0.950 
0.011 0.996 0.049 0.985 0.956 
0.012 0.995 0.068 0.978 0.966 
0.010 0.996 0.085 0.965 0.872 
0.019 0.996 0.052 0.980 0.912 
0.026 0.993 0.074 0.968 0.744 
0.011 0.997 0.034 0.990 0.963 
0.024 0.993 0.045 0.985 0.975 
0.011 0.997 0.039 0.988 0.994 
0.027 0.994 0.069 0.970 0.978 
0.016 0.994 0.056 0.980 0.981 
0.017 0.994 0.027 0.990 0.938 
0.017 0.996 0.093 0.963 0.966 
0.015 0.996 0.043 0.985 0.863 
0.031 0.995 0.036 0.990 0.866 
0.029 0.993 0.071 0.978 0.938 
0.017 0.994 0.036 0.985 0.988 
0.029 0.995 0.079 0.990 0.925 
0.019 0.994 0.063 0.975 0.994 
0.018 0.997 0.079 0.968 0.981 
0.013 0.997 0.049 0.985 0.988 
0.008 0.997 0.073 0.978 1.000 
0.032 0.993 0.044 0.985 0.891 
0.014 0.997 0.027 0.993 0.950 
0.017 0.994 0.054 0.978 0.934 
0.013 0.995 0.041 0.990 0.894 
0.019 0.995 0.045 0.990 1.000 
0.022 0.994 0.055 0.980 0.947 
0.012 0.995 0.075 0.975 0.978 
0.010 0.997 0.041 0.990 0.988 
0.050 0.994 0.054 0.983 0.997 
0.025 0.994 0.071 0.983 1.000 
0.026 0.994 0.063 0.988 0.872 
0.012 0.998 0.042 0.990 0.994 
0.020 0.994 0.074 0.975 0.947 
0.018 0.993 0.023 0.993 0.997 
0.014 0.996 0.030 0.990 0.994 
0.026 0.993 0.036 0.985 0.994 
0.022 0.995 0.037 0.988 0.959 
0.026 0.994 0.027 0.993 0.984 
0.009 0.995 0.040 0.988 0.950 
0.027 0.993 0.027 0.993 0.934 
0.039 0.994 0.052 0.983 0.997 
0.012 0.996 0.045 0.988 0.997 
0.012 0.994 0.025 0.993 1.000 
0.014 0.997 0.028 0.993 0.988 
0.021 0.994 0.054 0.978 0.997 
0.016 0.994 0.041 0.988 1.000 
0.006 0.998 0.051 0.988 0.997 
0.016 0.996 0.030 0.993 1.000 
0.022 0.995 0.046 0.985 1.000 
0.017 0.994 0.093 0.955 0.991 
0.020 0.997 0.030 0.993 1.000 
0.024 0.994 0.048 0.980 1.000 
0.020 0.995 0.056 0.988 0.994 
0.010 0.996 0.059 0.978 0.988 
0.024 0.996 0.025 0.993 0.991 
0.020 0.994 0.028 0.993 0.994 
0.015 0.995 0.058 0.975 1.000 
0.022 0.996 0.029 0.990 0.997 
0.018 0.995 0.069 0.963 0.963 
0.021 0.993 0.061 0.973 1.000 
0.017 0.995 0.039 0.990 1.000 
0.024 0.991 0.053 0.980 0.997 
0.017 0.996 0.032 0.988 0.991 
0.029 0.994 0.028 0.993 0.916 
0.008 0.997 0.034 0.993 0.912 
0.018 0.994 0.024 0.993 0.944 
0.007 0.998 0.027 0.993 0.956 
0.014 0.997 0.032 0.988 0.938 
0.027 0.995 0.027 0.988 0.988 
0.010 0.996 0.044 0.985 0.972 
0.008 0.997 0.048 0.988 0.909 
0.025 0.995 0.058 0.980 0.794 
0.013 0.994 0.063 0.978 0.891 
0.020 0.995 0.032 0.990 0.828 
0.014 0.995 0.055 0.978 0.803 
0.020 0.991 0.034 0.985 0.772 
0.019 0.994 0.045 0.985 0.844 
0.022 0.995 0.043 0.983 0.784 
0.016 0.997 0.023 0.990 0.906 
0.012 0.997 0.030 0.990 0.981 
0.030 0.993 0.035 0.990 0.787 
0.015 0.997 0.031 0.990 0.972 
0.020 0.994 0.045 0.983 0.963 
0.028 0.997 0.031 0.990 0.944 
0.054 0.993 0.028 0.993 0.997 
0.016 0.993 0.039 0.988 1.000 
0.016 0.994 0.040 0.990 0.988 
0.012 0.995 0.035 0.993 0.994 
0.014 0.995 0.044 0.988 0.991 
0.064 0.991 0.049 0.983 1.000 
0.032 0.993 0.129 0.948 0.984 
0.012 0.997 0.049 0.983 0.994 
0.012 0.996 0.042 0.993 0.981 
0.017 0.993 0.075 0.970 0.978 
0.013 0.996 0.021 0.993 0.994 
0.018 0.995 0.021 0.993 0.984 
0.015 0.996 0.055 0.978 0.956 
0.037 0.994 0.118 0.960 1.000 
0.016 0.998 0.026 0.993 0.978 
0.016 0.994 0.032 0.993 1.000 
0.014 0.997 0.058 0.978 0.981 
0.010 0.997 0.053 0.985 0.981 
0.021 0.993 0.054 0.980 0.991 
0.005 0.999 0.060 0.988 0.988 
0.014 0.996 0.035 0.993 0.994 
0.012 0.997 0.028 0.993 0.944 
0.015 0.997 0.024 0.993 0.969 
0.021 0.995 0.037 0.993 0.972 
0.017 0.994 0.049 0.978 0.634 
0.010 0.997 0.036 0.985 0.819 
0.017 0.996 0.028 0.993 0.912 
0.011 0.997 0.042 0.988 0.887 
0.027 0.991 0.050 0.985 0.959 
0.015 0.995 0.030 0.993 0.981 
0.018 0.996 0.033 0.990 0.938 
0.019 0.994 0.045 0.985 0.984 
0.022 0.995 0.067 0.973 1.000 
0.020 0.992 0.028 0.990 0.972 
0.024 0.994 0.108 0.950 0.753 
0.020 0.995 0.031 0.990 0.869 
0.014 0.995 0.029 0.993 0.931 
0.012 0.996 0.053 0.985 0.928 
0.019 0.995 0.052 0.980 0.941 
0.011 0.997 0.044 0.983 0.894 
0.010 0.997 0.041 0.985 0.994 
0.010 0.998 0.032 0.990 0.881 
0.056 0.993 0.131 0.963 0.928 
0.027 0.994 0.039 0.985 0.894 
0.011 0.998 0.039 0.990 0.787 
0.015 0.995 0.030 0.988 0.975 
0.015 0.995 0.027 0.990 0.969 
0.007 0.998 0.035 0.990 0.950 
0.022 0.994 0.032 0.990 1.000 
0.020 0.995 0.038 0.990 0.966 
0.023 0.995 0.059 0.975 0.887 
0.013 0.995 0.023 0.993 0.969 
0.012 0.996 0.036 0.988 0.912 
0.019 0.995 0.129 0.948 0.522 
0.020 0.994 0.040 0.988 0.928 
0.010 0.998 0.021 0.993 0.963 
0.005 0.999 0.043 0.993 0.894 
0.017 0.997 0.023 0.993 0.959 
0.008 0.996 0.024 0.993 0.959 
0.024 0.994 0.045 0.985 0.931 
0.008 0.998 0.064 0.980 0.953 
0.017 0.994 0.025 0.990 0.797 
0.014 0.993 0.029 0.990 0.994 
0.009 0.997 0.033 0.990 0.963 
0.012 0.998 0.031 0.990 0.981 
0.027 0.992 0.033 0.990 1.000 
0.018 0.995 0.063 0.978 0.994 
0.012 0.997 0.032 0.985 0.981 
0.011 0.997 0.031 0.990 0.994 
0.021 0.995 0.040 0.985 1.000 
0.010 0.996 0.036 0.990 1.000 
0.013 0.998 0.067 0.988 0.928 
0.044 0.993 0.032 0.988 0.881 
0.013 0.997 0.023 0.990 0.994 
0.013 0.996 0.039 0.988 0.925 
0.019 0.994 0.042 0.988 0.919 
0.011 0.997 0.115 0.955 0.747 
0.014 0.994 0.052 0.985 0.863 
0.018 0.994 0.067 0.975 0.953 
0.022 0.995 0.106 0.973 0.713 
0.016 0.995 0.061 0.978 0.988 
0.008 0.999 0.140 0.945 0.831 
0.011 0.997 0.044 0.988 0.850 
0.012 0.997 0.077 0.980 0.953 
0.011 0.997 0.040 0.985 0.984 
0.015 0.993 0.136 0.970 0.806 
0.015 0.994 0.041 0.985 0.988 
0.014 0.995 0.067 0.980 0.944 
0.010 0.998 0.032 0.993 0.956 
0.020 0.994 0.044 0.983 0.994 
0.011 0.997 0.063 0.980 0.994 
0.028 0.996 0.042 0.983 0.978 
0.011 0.996 0.029 0.993 0.994 
0.016 0.997 0.026 0.993 0.931 
0.012 0.997 0.033 0.988 0.997 
0.012 0.996 0.134 0.950 0.988 
0.014 0.995 0.032 0.993 1.000 
0.018 0.995 0.029 0.993 0.981 
0.014 0.996 0.055 0.980 0.950 
0.013 0.996 0.049 0.983 0.984 
0.013 0.996 0.030 0.993 1.000 
0.015 0.995 0.018 0.993 0.997 
0.011 0.997 0.039 0.983 0.988 
0.025 0.997 0.045 0.995 0.994 
0.023 0.994 0.081 0.980 0.966 
0.038 0.994 0.076 0.975 0.925 
0.014 0.995 0.061 0.988 0.997 
0.014 0.996 0.064 0.978 0.994 
0.023 0.995 0.033 0.990 1.000 
0.017 0.995 0.031 0.990 1.000 
0.034 0.995 0.090 0.965 0.956 
0.055 0.992 0.031 0.993 0.997 
0.030 0.994 0.023 0.993 0.988 
0.009 0.998 0.056 0.978 0.984 
0.011 0.998 0.035 0.993 1.000 
0.011 0.997 0.032 0.990 0.994 
0.013 0.995 0.051 0.983 0.997 
0.031 0.994 0.094 0.965 0.988 
0.013 0.996 0.064 0.978 0.988 
0.009 0.996 0.032 0.993 1.000 
0.010 0.997 0.038 0.990 0.994 
0.026 0.993 0.038 0.988 0.994 
0.011 0.997 0.032 0.990 0.988 
0.016 0.996 0.130 0.960 0.981 
0.027 0.995 0.034 0.993 1.000 
0.014 0.997 0.029 0.993 1.000 
0.016 0.993 0.027 0.993 1.000 
0.026 0.994 0.044 0.985 1.000 
0.013 0.997 0.021 0.995 1.000 
0.020 0.995 0.140 0.955 1.000 
0.007 0.998 0.031 0.990 1.000 
0.020 0.996 0.067 0.975 1.000 
0.017 0.994 0.085 0.963 1.000 
0.011 0.998 0.045 0.985 1.000 
0.010 0.997 0.057 0.978 1.000 
0.016 0.996 0.072 0.978 1.000 
0.019 0.994 0.101 0.960 0.966 
0.023 0.996 0.037 0.990 1.000 
0.053 0.992 0.096 0.960 1.000 
0.028 0.994 0.041 0.990 1.000 
0.015 0.996 0.036 0.988 1.000 
0.019 0.993 0.063 0.983 1.000 
0.036 0.995 0.059 0.975 1.000 
0.015 0.997 0.031 0.990 1.000 
0.021 0.994 0.030 0.993 1.000 
0.015 0.997 0.079 0.965 1.000 
0.016 0.997 0.108 0.960 0.981 
0.019 0.994 0.040 0.990 1.000 
0.009 0.997 0.030 0.993 1.000 
0.008 0.997 0.031 0.993 1.000 
0.025 0.994 0.031 0.993 1.000 
0.012 0.996 0.060 0.990 1.000 
0.030 0.992 0.062 0.975 1.000 
0.012 0.997 0.037 0.990 1.000 
0.015 0.995 0.049 0.985 1.000 
0.008 0.997 0.034 0.993 0.997 
0.013 0.997 0.028 0.993 1.000 
0.012 0.996 0.063 0.978 1.000 
0.008 0.998 0.069 0.970 0.997 
0.024 0.993 0.096 0.958 0.984 
0.017 0.995 0.039 0.988 1.000 
0.019 0.996 0.039 0.990 0.997 
0.014 0.997 0.051 0.978 0.994 
0.016 0.996 0.098 0.960 0.997 
0.015 0.995 0.051 0.983 1.000 
0.008 0.997 0.029 0.993 0.997 
0.025 0.994 0.044 0.988 0.994 
0.013 0.995 0.034 0.990 0.991 
0.021 0.995 0.049 0.988 1.000 
0.026 0.993 0.081 0.968 0.997 
0.013 0.995 0.076 0.973 0.994 
0.022 0.992 0.112 0.958 1.000 
0.013 0.996 0.056 0.985 1.000 
0.014 0.997 0.058 0.983 0.997 
0.009 0.998 0.065 0.978 0.997 
