0.450 0.801 0.261 0.905 0.203 
0.339 0.852 0.220 0.940 0.863 
0.316 0.867 0.170 0.960 0.537 
0.304 0.872 0.168 0.932 0.562 
0.278 0.895 0.146 0.935 0.597 
0.266 0.898 0.132 0.978 0.844 
0.261 0.894 0.069 0.995 0.787 
0.224 0.906 0.088 0.983 0.854 
0.238 0.907 0.114 0.985 0.867 
0.233 0.914 0.155 0.940 0.635 
0.226 0.916 0.131 0.980 0.876 
0.212 0.920 0.125 0.983 0.860 
0.225 0.915 0.087 0.980 0.825 
0.200 0.927 0.091 0.990 0.860 
0.184 0.930 0.091 0.975 0.908 
0.189 0.927 0.067 0.990 0.873 
0.190 0.933 0.088 0.985 0.863 
0.197 0.932 0.103 0.975 0.892 
0.179 0.936 0.085 0.993 0.914 
0.191 0.927 0.083 0.993 0.895 
0.170 0.937 0.095 0.985 0.933 
0.173 0.934 0.061 0.993 0.848 
0.164 0.938 0.059 0.993 0.854 
0.180 0.938 0.078 0.978 0.883 
0.180 0.929 0.085 0.995 0.943 
0.167 0.935 0.058 0.990 0.883 
0.161 0.942 0.080 0.990 0.933 
0.160 0.939 0.068 0.993 0.940 
0.171 0.937 0.064 0.995 0.949 
0.151 0.949 0.075 0.985 0.933 
0.141 0.949 0.081 0.980 0.857 
0.149 0.943 0.049 0.995 0.921 
0.134 0.955 0.050 0.990 0.921 
0.149 0.943 0.115 0.950 0.835 
0.151 0.944 0.096 0.985 0.892 
0.149 0.949 0.114 0.953 0.838 
0.127 0.953 0.060 0.993 0.917 
0.148 0.947 0.064 0.985 0.924 
0.144 0.949 0.065 0.980 0.898 
0.137 0.953 0.068 0.995 0.943 
0.132 0.956 0.041 0.995 0.949 
0.138 0.949 0.069 0.993 0.930 
0.144 0.949 0.050 0.993 0.940 
0.144 0.952 0.052 0.995 0.933 
0.133 0.951 0.056 0.995 0.924 
0.130 0.954 0.065 0.995 0.943 
0.148 0.951 0.068 0.995 0.927 
0.140 0.951 0.043 0.995 0.937 
0.139 0.951 0.055 0.995 0.943 
0.115 0.957 0.049 0.995 0.937 
0.134 0.956 0.051 0.995 0.911 
0.134 0.948 0.074 0.995 0.962 
0.138 0.949 0.067 0.995 0.940 
0.124 0.955 0.126 0.940 0.670 
0.135 0.954 0.080 0.983 0.933 
0.132 0.952 0.053 0.990 0.892 
0.121 0.956 0.068 0.993 0.946 
0.114 0.959 0.051 0.995 0.952 
0.119 0.957 0.060 0.985 0.883 
0.124 0.954 0.058 0.995 0.937 
0.128 0.953 0.056 0.995 0.952 
0.114 0.957 0.056 0.993 0.933 
0.118 0.958 0.067 0.993 0.962 
0.113 0.957 0.043 0.995 0.937 
0.123 0.949 0.040 0.995 0.943 
0.115 0.957 0.064 0.990 0.943 
0.122 0.958 0.089 0.990 0.965 
0.120 0.955 0.046 0.995 0.933 
0.113 0.963 0.080 0.995 0.956 
0.125 0.954 0.071 0.993 0.927 
0.116 0.958 0.066 0.995 0.940 
0.115 0.963 0.053 0.993 0.940 
0.123 0.956 0.093 0.995 0.949 
0.110 0.963 0.059 0.993 0.952 
0.113 0.961 0.069 0.993 0.956 
0.129 0.954 0.051 0.993 0.908 
0.103 0.965 0.049 0.988 0.984 
0.114 0.962 0.053 0.993 0.971 
0.107 0.965 0.100 0.983 0.978 
0.111 0.964 0.065 0.995 0.978 
0.114 0.960 0.057 0.993 0.924 
0.094 0.958 0.050 0.995 0.975 
0.107 0.964 0.048 0.995 0.927 
0.111 0.963 0.053 0.988 0.981 
0.112 0.961 0.053 0.995 0.952 
0.116 0.961 0.077 0.995 0.949 
0.109 0.968 0.055 0.993 0.956 
0.108 0.963 0.053 0.990 0.930 
0.102 0.967 0.071 0.993 0.965 
0.102 0.965 0.036 0.995 0.937 
0.099 0.965 0.066 0.995 0.971 
0.095 0.969 0.076 0.990 0.978 
0.104 0.967 0.072 0.985 0.946 
0.089 0.969 0.048 0.995 0.956 
0.098 0.968 0.062 0.995 0.946 
0.105 0.965 0.087 0.993 0.971 
0.097 0.966 0.060 0.993 0.971 
0.100 0.971 0.076 0.990 0.971 
0.103 0.965 0.055 0.995 0.930 
0.104 0.963 0.081 0.990 0.978 
0.093 0.966 0.047 0.993 0.943 
0.103 0.961 0.061 0.990 0.981 
0.096 0.971 0.032 0.995 0.933 
0.103 0.963 0.102 0.985 0.987 
0.089 0.967 0.047 0.993 0.956 
0.094 0.968 0.062 0.990 0.968 
0.114 0.959 0.038 0.995 0.930 
0.092 0.972 0.203 0.935 0.987 
0.101 0.962 0.058 0.993 0.968 
0.091 0.973 0.049 0.993 0.959 
0.098 0.967 0.039 0.993 0.902 
0.098 0.968 0.045 0.995 0.933 
0.095 0.970 0.084 0.990 0.978 
0.105 0.963 0.081 0.995 0.962 
0.097 0.966 0.049 0.995 0.921 
0.090 0.971 0.047 0.995 0.937 
0.101 0.965 0.052 0.990 0.978 
0.097 0.969 0.070 0.993 0.933 
0.092 0.971 0.085 0.988 0.971 
0.091 0.968 0.059 0.995 0.946 
0.090 0.968 0.045 0.990 0.959 
0.094 0.967 0.066 0.990 0.981 
0.085 0.972 0.063 0.993 0.917 
0.090 0.973 0.046 0.995 0.956 
0.079 0.974 0.049 0.990 0.975 
0.098 0.966 0.043 0.995 0.921 
0.094 0.969 0.098 0.988 0.968 
0.079 0.972 0.050 0.995 0.956 
0.087 0.973 0.117 0.955 0.984 
0.084 0.972 0.045 0.993 0.949 
0.087 0.970 0.094 0.970 0.987 
0.083 0.972 0.061 0.988 0.975 
0.080 0.973 0.035 0.995 0.933 
0.090 0.969 0.040 0.995 0.956 
0.088 0.972 0.066 0.995 0.965 
0.094 0.967 0.071 0.993 0.968 
0.074 0.974 0.027 0.998 0.924 
0.087 0.970 0.037 0.993 0.978 
0.097 0.969 0.040 0.995 0.911 
0.082 0.973 0.044 0.993 0.971 
0.085 0.968 0.056 0.993 0.971 
0.092 0.969 0.057 0.993 0.971 
0.101 0.962 0.082 0.993 0.981 
0.091 0.970 0.058 0.995 0.956 
0.082 0.970 0.066 0.988 0.987 
0.095 0.975 0.077 0.988 0.987 
0.081 0.971 0.058 0.993 0.965 
0.081 0.972 0.045 0.993 0.971 
0.082 0.976 0.053 0.995 0.946 
0.081 0.970 0.055 0.993 0.968 
0.098 0.969 0.069 0.990 0.937 
0.082 0.972 0.041 0.995 0.956 
0.080 0.971 0.051 0.993 0.975 
0.079 0.971 0.066 0.985 0.965 
0.098 0.964 0.045 0.995 0.962 
0.080 0.972 0.082 0.990 0.981 
0.094 0.966 0.045 0.995 0.959 
0.073 0.974 0.034 0.995 0.949 
0.083 0.970 0.060 0.988 0.952 
0.075 0.971 0.109 0.983 0.984 
0.074 0.976 0.083 0.985 0.968 
0.090 0.968 0.074 0.985 0.975 
0.092 0.967 0.060 0.993 0.962 
0.088 0.969 0.045 0.995 0.959 
0.099 0.969 0.060 0.990 0.968 
0.098 0.965 0.192 0.955 0.990 
0.097 0.969 0.044 0.993 0.930 
0.080 0.972 0.039 0.995 0.959 
0.075 0.978 0.065 0.975 0.867 
0.088 0.970 0.041 0.998 0.943 
0.090 0.967 0.048 0.990 0.965 
0.089 0.974 0.080 0.983 0.914 
0.072 0.975 0.067 0.995 0.968 
0.083 0.969 0.037 0.995 0.943 
0.074 0.973 0.042 0.995 0.943 
0.085 0.974 0.072 0.993 0.984 
0.075 0.974 0.044 0.990 0.930 
0.078 0.978 0.039 0.993 0.975 
0.086 0.974 0.091 0.983 0.984 
0.090 0.973 0.054 0.995 0.962 
0.070 0.975 0.043 0.995 0.959 
0.083 0.973 0.061 0.993 0.968 
0.075 0.973 0.059 0.993 0.968 
0.080 0.973 0.044 0.993 0.943 
0.080 0.972 0.060 0.988 0.968 
0.081 0.972 0.053 0.993 0.952 
0.076 0.974 0.067 0.978 0.714 
0.087 0.974 0.053 0.993 0.968 
0.073 0.973 0.044 0.995 0.965 
0.078 0.977 0.067 0.990 0.984 
0.083 0.976 0.054 0.993 0.968 
0.082 0.973 0.087 0.988 0.981 
0.076 0.974 0.022 0.995 0.921 
0.082 0.974 0.050 0.995 0.949 
0.080 0.978 0.066 0.995 0.971 
0.075 0.972 0.034 0.995 0.959 
0.082 0.972 0.061 0.980 0.984 
0.084 0.970 0.046 0.995 0.952 
0.094 0.969 0.361 0.845 0.994 
0.074 0.977 0.052 0.995 0.959 
0.073 0.974 0.033 0.995 0.952 
0.073 0.973 0.035 0.995 0.924 
0.079 0.973 0.045 0.990 0.968 
0.077 0.974 0.033 0.995 0.921 
0.068 0.976 0.075 0.990 0.968 
0.079 0.971 0.080 0.988 0.978 
0.065 0.981 0.040 0.993 0.933 
0.073 0.977 0.059 0.995 0.962 
0.066 0.978 0.075 0.988 0.978 
0.069 0.980 0.038 0.995 0.943 
0.076 0.973 0.029 0.995 0.943 
0.081 0.971 0.038 0.995 0.962 
0.078 0.970 0.044 0.993 0.937 
0.086 0.969 0.062 0.993 0.968 
0.068 0.977 0.031 0.995 0.946 
0.073 0.975 0.040 0.995 0.959 
0.067 0.979 0.034 0.993 0.959 
0.076 0.973 0.084 0.978 0.978 
0.071 0.975 0.033 0.995 0.943 
0.070 0.979 0.069 0.993 0.975 
0.080 0.974 0.048 0.995 0.962 
0.073 0.974 0.044 0.995 0.956 
0.071 0.977 0.033 0.995 0.946 
0.073 0.974 0.045 0.993 0.940 
0.082 0.966 0.029 0.995 0.917 
0.082 0.974 0.052 0.995 0.959 
0.074 0.976 0.043 0.995 0.940 
0.076 0.972 0.055 0.990 0.975 
0.072 0.974 0.046 0.995 0.952 
0.063 0.979 0.045 0.990 0.978 
0.080 0.969 0.046 0.995 0.956 
0.072 0.979 0.037 0.995 0.959 
0.072 0.977 0.050 0.990 0.971 
0.080 0.973 0.032 0.993 0.962 
0.063 0.978 0.048 0.993 0.971 
0.077 0.973 0.032 0.995 0.946 
0.066 0.979 0.051 0.985 0.981 
0.069 0.980 0.055 0.988 0.971 
0.072 0.977 0.025 0.998 0.959 
0.071 0.978 0.024 0.998 0.937 
0.071 0.975 0.061 0.993 0.968 
0.072 0.978 0.089 0.985 0.987 
0.071 0.977 0.045 0.995 0.952 
0.069 0.976 0.042 0.990 0.971 
0.071 0.970 0.037 0.993 0.956 
0.066 0.977 0.055 0.990 0.952 
0.066 0.979 0.055 0.990 0.978 
0.058 0.980 0.033 0.990 0.968 
0.076 0.974 0.031 0.995 0.940 
0.066 0.977 0.051 0.985 0.987 
0.066 0.976 0.038 0.993 0.956 
0.077 0.975 0.067 0.988 0.962 
0.074 0.973 0.047 0.995 0.965 
0.074 0.972 0.024 0.998 0.952 
0.083 0.971 0.046 0.998 0.952 
0.059 0.979 0.023 0.995 0.943 
0.064 0.978 0.060 0.990 0.984 
0.066 0.977 0.035 0.993 0.956 
0.074 0.978 0.042 0.995 0.940 
0.060 0.983 0.046 0.995 0.962 
0.062 0.978 0.029 0.993 0.927 
0.074 0.972 0.052 0.995 0.962 
0.087 0.971 0.078 0.988 0.965 
0.058 0.980 0.067 0.990 0.984 
0.068 0.977 0.043 0.995 0.946 
0.073 0.974 0.045 0.995 0.946 
0.059 0.981 0.027 0.995 0.962 
0.066 0.978 0.032 0.995 0.943 
0.072 0.975 0.034 0.995 0.943 
0.070 0.974 0.039 0.993 0.965 
0.053 0.984 0.030 0.995 0.930 
0.070 0.978 0.053 0.993 0.959 
0.078 0.969 0.034 0.995 0.943 
0.066 0.978 0.041 0.995 0.952 
0.070 0.973 0.062 0.988 0.978 
0.070 0.976 0.045 0.995 0.962 
0.071 0.979 0.038 0.993 0.943 
0.068 0.975 0.033 0.995 0.905 
0.068 0.978 0.065 0.990 0.975 
0.058 0.980 0.027 0.995 0.917 
0.055 0.982 0.029 0.993 0.937 
0.061 0.982 0.131 0.963 0.984 
0.061 0.979 0.043 0.993 0.940 
0.061 0.978 0.039 0.993 0.952 
0.072 0.976 0.030 0.995 0.975 
0.064 0.975 0.030 0.995 0.949 
0.067 0.977 0.052 0.995 0.965 
0.073 0.975 0.050 0.993 0.981 
0.060 0.978 0.025 0.995 0.924 
0.055 0.981 0.031 0.995 0.959 
0.079 0.978 0.041 0.995 0.933 
0.064 0.982 0.036 0.995 0.968 
0.078 0.977 0.033 0.998 0.949 
0.054 0.983 0.046 0.993 0.952 
0.066 0.977 0.024 0.995 0.927 
0.067 0.978 0.038 0.993 0.962 
0.072 0.973 0.051 0.995 0.943 
0.062 0.979 0.055 0.988 0.962 
0.061 0.981 0.029 0.995 0.911 
0.069 0.978 0.059 0.985 0.965 
0.060 0.974 0.040 0.993 0.933 
0.064 0.980 0.083 0.975 0.978 
0.071 0.978 0.052 0.995 0.959 
0.067 0.980 0.035 0.995 0.946 
0.059 0.982 0.036 0.995 0.959 
0.068 0.976 0.030 0.995 0.930 
0.077 0.975 0.049 0.993 0.959 
0.069 0.978 0.039 0.995 0.962 
0.069 0.978 0.031 0.995 0.952 
0.060 0.982 0.040 0.995 0.956 
0.057 0.981 0.040 0.995 0.956 
0.051 0.983 0.046 0.993 0.930 
0.062 0.981 0.045 0.995 0.943 
0.056 0.984 0.057 0.990 0.965 
0.055 0.982 0.053 0.993 0.965 
0.054 0.981 0.054 0.993 0.965 
0.056 0.980 0.067 0.990 0.965 
0.063 0.978 0.048 0.990 0.952 
0.064 0.983 0.034 0.998 0.949 
0.066 0.978 0.095 0.970 0.971 
0.073 0.979 0.053 0.993 0.981 
0.050 0.983 0.033 0.995 0.952 
0.063 0.975 0.033 0.995 0.946 
0.055 0.981 0.029 0.995 0.946 
0.052 0.981 0.068 0.990 0.975 
0.061 0.983 0.052 0.995 0.956 
0.067 0.979 0.050 0.990 0.981 
0.062 0.982 0.033 0.993 0.959 
0.065 0.976 0.041 0.995 0.965 
0.058 0.980 0.024 0.995 0.937 
0.071 0.976 0.048 0.995 0.952 
0.067 0.977 0.043 0.993 0.962 
0.047 0.985 0.040 0.990 0.959 
0.072 0.976 0.030 0.995 0.921 
0.069 0.978 0.043 0.993 0.952 
0.052 0.980 0.036 0.993 0.965 
0.044 0.981 0.025 0.995 0.924 
0.061 0.976 0.032 0.995 0.937 
0.072 0.974 0.028 0.998 0.924 
0.061 0.981 0.031 0.995 0.937 
0.074 0.980 0.046 0.995 0.959 
0.067 0.977 0.031 0.998 0.943 
0.061 0.979 0.028 0.995 0.937 
0.051 0.982 0.118 0.963 0.987 
0.077 0.973 0.052 0.993 0.962 
0.055 0.983 0.040 0.995 0.959 
0.058 0.980 0.023 0.995 0.949 
0.061 0.980 0.039 0.985 0.902 
0.061 0.979 0.050 0.993 0.949 
0.054 0.982 0.031 0.995 0.937 
0.071 0.976 0.047 0.995 0.949 
0.067 0.975 0.078 0.990 0.962 
0.068 0.976 0.048 0.990 0.965 
0.068 0.977 0.069 0.988 0.965 
0.052 0.982 0.029 0.993 0.949 
0.063 0.981 0.042 0.993 0.962 
0.040 0.989 0.027 0.995 0.965 
0.071 0.973 0.052 0.995 0.965 
0.052 0.982 0.032 0.995 0.952 
0.062 0.980 0.041 0.993 0.946 
0.068 0.976 0.054 0.995 0.965 
0.062 0.979 0.049 0.995 0.933 
0.062 0.977 0.041 0.993 0.962 
0.053 0.985 0.026 0.995 0.946 
0.069 0.977 0.034 0.995 0.927 
0.081 0.981 0.054 0.995 0.956 
0.052 0.984 0.050 0.988 0.959 
0.053 0.983 0.030 0.995 0.943 
0.055 0.982 0.053 0.990 0.962 
0.061 0.980 0.120 0.988 0.962 
0.059 0.979 0.041 0.993 0.968 
0.064 0.978 0.047 0.993 0.968 
0.059 0.981 0.072 0.983 0.975 
0.057 0.981 0.030 0.995 0.940 
0.066 0.977 0.034 0.995 0.937 
0.064 0.975 0.031 0.995 0.965 
0.055 0.979 0.035 0.995 0.962 
0.055 0.979 0.036 0.995 0.968 
0.055 0.978 0.040 0.990 0.978 
0.070 0.976 0.041 0.998 0.937 
0.072 0.981 0.053 0.990 0.946 
0.063 0.977 0.053 0.993 0.962 
0.063 0.981 0.043 0.995 0.940 
0.067 0.979 0.050 0.995 0.949 
0.055 0.982 0.033 0.995 0.952 
0.062 0.984 0.028 0.998 0.933 
0.056 0.983 0.033 0.995 0.962 
0.061 0.978 0.037 0.995 0.959 
0.064 0.979 0.026 0.995 0.924 
0.060 0.981 0.039 0.995 0.952 
0.065 0.978 0.027 0.995 0.924 
0.063 0.978 0.029 0.995 0.949 
0.059 0.978 0.036 0.995 0.946 
0.053 0.983 0.043 0.990 0.968 
0.074 0.972 0.036 0.993 0.956 
0.067 0.974 0.059 0.990 0.965 
0.049 0.981 0.032 0.993 0.943 
0.063 0.976 0.031 0.995 0.946 
0.075 0.974 0.045 0.988 0.924 
0.056 0.980 0.043 0.990 0.933 
0.052 0.983 0.032 0.995 0.927 
0.062 0.979 0.065 0.988 0.975 
0.073 0.973 0.029 0.995 0.930 
0.050 0.982 0.022 0.995 0.914 
0.056 0.979 0.033 0.990 0.924 
0.056 0.981 0.035 0.995 0.946 
0.049 0.984 0.044 0.990 0.962 
0.063 0.979 0.037 0.993 0.937 
0.069 0.975 0.042 0.995 0.940 
0.063 0.978 0.035 0.995 0.968 
0.055 0.981 0.034 0.995 0.965 
0.063 0.979 0.046 0.990 0.962 
0.049 0.983 0.044 0.988 0.978 
0.050 0.981 0.028 0.995 0.952 
0.051 0.983 0.027 0.990 0.962 
0.054 0.983 0.028 0.995 0.946 
0.061 0.977 0.028 0.993 0.949 
0.032 0.992 0.022 0.993 0.924 
0.064 0.978 0.043 0.995 0.930 
0.056 0.978 0.040 0.990 0.965 
0.054 0.980 0.030 0.993 0.949 
0.054 0.981 0.041 0.993 0.943 
0.062 0.983 0.060 0.988 0.971 
0.066 0.979 0.043 0.993 0.930 
0.065 0.976 0.037 0.995 0.946 
0.041 0.984 0.039 0.993 0.956 
0.065 0.977 0.053 0.993 0.968 
0.075 0.975 0.028 0.995 0.943 
0.039 0.985 0.034 0.993 0.952 
0.058 0.980 0.044 0.990 0.921 
0.055 0.979 0.044 0.988 0.959 
0.054 0.980 0.035 0.995 0.959 
0.053 0.983 0.045 0.988 0.962 
0.052 0.984 0.038 0.990 0.968 
0.067 0.982 0.042 0.995 0.946 
0.051 0.984 0.056 0.995 0.949 
0.062 0.978 0.031 0.995 0.943 
0.041 0.986 0.036 0.995 0.952 
0.051 0.980 0.035 0.995 0.946 
0.056 0.982 0.066 0.988 0.978 
0.047 0.983 0.048 0.995 0.959 
0.043 0.987 0.032 0.995 0.924 
0.059 0.982 0.026 0.995 0.946 
0.066 0.980 0.051 0.993 0.962 
0.061 0.980 0.073 0.985 0.946 
0.047 0.982 0.027 0.993 0.949 
0.054 0.983 0.040 0.995 0.921 
0.050 0.980 0.050 0.988 0.959 
0.050 0.983 0.032 0.995 0.959 
0.054 0.982 0.032 0.995 0.946 
0.065 0.977 0.030 0.993 0.949 
0.066 0.978 0.039 0.993 0.952 
0.056 0.985 0.031 0.993 0.956 
0.065 0.979 0.058 0.990 0.971 
0.051 0.984 0.043 0.993 0.968 
0.040 0.989 0.052 0.993 0.940 
0.048 0.980 0.036 0.993 0.956 
0.043 0.990 0.062 0.980 0.981 
0.055 0.981 0.029 0.993 0.946 
0.071 0.979 0.052 0.990 0.940 
0.053 0.983 0.028 0.993 0.949 
0.071 0.981 0.061 0.990 0.975 
0.064 0.981 0.039 0.995 0.962 
0.051 0.981 0.031 0.995 0.959 
0.048 0.985 0.029 0.995 0.946 
0.084 0.978 0.073 0.983 0.978 
0.053 0.984 0.031 0.993 0.956 
0.067 0.979 0.036 0.993 0.965 
0.053 0.982 0.040 0.993 0.962 
0.060 0.978 0.035 0.993 0.962 
0.056 0.980 0.050 0.990 0.956 
0.066 0.978 0.032 0.995 0.956 
0.048 0.982 0.038 0.995 0.956 
0.048 0.981 0.032 0.995 0.962 
0.059 0.980 0.038 0.995 0.952 
0.067 0.976 0.049 0.993 0.956 
0.045 0.984 0.034 0.993 0.949 
0.065 0.979 0.074 0.985 0.987 
0.060 0.982 0.031 0.995 0.933 
0.048 0.984 0.040 0.990 0.952 
0.063 0.980 0.034 0.995 0.946 
0.052 0.980 0.053 0.990 0.965 
0.050 0.983 0.032 0.995 0.952 
0.051 0.984 0.034 0.995 0.956 
0.049 0.981 0.025 0.998 0.946 
0.053 0.981 0.041 0.993 0.930 
0.065 0.980 0.038 0.985 0.902 
0.063 0.977 0.032 0.993 0.959 
0.051 0.979 0.058 0.990 0.965 
0.058 0.976 0.026 0.995 0.930 
0.047 0.983 0.039 0.995 0.956 
0.052 0.984 0.048 0.990 0.959 
0.067 0.983 0.042 0.995 0.962 
0.066 0.976 0.060 0.990 0.940 
0.040 0.988 0.051 0.985 0.895 
0.055 0.980 0.032 0.998 0.937 
0.063 0.980 0.050 0.995 0.965 
0.054 0.983 0.042 0.993 0.971 
0.050 0.984 0.047 0.993 0.949 
0.053 0.984 0.045 0.993 0.962 
0.059 0.977 0.055 0.988 0.946 
0.055 0.981 0.030 0.995 0.943 
0.056 0.982 0.023 0.995 0.927 
0.043 0.984 0.024 0.995 0.949 
0.059 0.976 0.024 0.995 0.946 
0.056 0.981 0.025 0.998 0.949 
0.060 0.978 0.036 0.995 0.946 
0.040 0.990 0.029 0.995 0.946 
0.042 0.984 0.024 0.995 0.946 
0.058 0.977 0.020 0.998 0.940 
0.051 0.983 0.046 0.988 0.975 
0.063 0.978 0.035 0.995 0.937 
0.084 0.977 0.032 0.995 0.943 
0.066 0.978 0.034 0.998 0.921 
0.050 0.985 0.029 0.995 0.943 
0.056 0.982 0.055 0.985 0.965 
0.049 0.984 0.035 0.993 0.959 
0.049 0.982 0.037 0.995 0.962 
0.049 0.981 0.035 0.995 0.965 
0.049 0.980 0.029 0.995 0.940 
0.057 0.984 0.034 0.995 0.917 
0.061 0.980 0.025 0.995 0.943 
0.045 0.984 0.025 0.995 0.949 
0.044 0.984 0.026 0.995 0.946 
0.067 0.982 0.020 0.998 0.937 
0.055 0.979 0.027 0.998 0.930 
0.044 0.986 0.033 0.993 0.937 
0.060 0.979 0.027 0.995 0.943 
0.039 0.987 0.040 0.993 0.962 
0.066 0.980 0.030 0.993 0.962 
0.064 0.976 0.028 0.995 0.946 
0.047 0.981 0.032 0.995 0.956 
0.043 0.982 0.088 0.985 0.978 
0.061 0.981 0.042 0.993 0.965 
0.051 0.984 0.023 0.998 0.940 
0.048 0.987 0.058 0.988 0.975 
0.056 0.980 0.042 0.998 0.921 
0.078 0.983 0.044 0.993 0.956 
0.051 0.983 0.033 0.993 0.946 
0.052 0.983 0.041 0.993 0.965 
0.053 0.983 0.091 0.978 0.987 
0.080 0.980 0.047 0.985 0.968 
0.045 0.983 0.049 0.995 0.952 
0.054 0.982 0.031 0.995 0.943 
0.067 0.978 0.029 0.998 0.943 
0.058 0.980 0.029 0.998 0.917 
0.066 0.983 0.041 0.990 0.959 
0.045 0.987 0.053 0.993 0.971 
0.053 0.981 0.044 0.995 0.949 
0.050 0.986 0.021 0.998 0.914 
0.068 0.979 0.053 0.990 0.971 
0.056 0.981 0.043 0.990 0.965 
0.043 0.989 0.029 0.993 0.956 
0.076 0.978 0.054 0.995 0.952 
0.048 0.985 0.035 0.995 0.943 
0.053 0.982 0.065 0.983 0.968 
0.060 0.981 0.053 0.995 0.949 
0.052 0.984 0.092 0.980 0.975 
0.046 0.986 0.047 0.990 0.962 
0.046 0.983 0.038 0.998 0.956 
0.046 0.984 0.028 0.993 0.956 
0.045 0.984 0.041 0.995 0.949 
0.054 0.984 0.040 0.990 0.965 
0.060 0.984 0.046 0.995 0.937 
0.050 0.982 0.038 0.993 0.943 
0.042 0.985 0.042 0.995 0.949 
0.059 0.978 0.036 0.993 0.943 
0.051 0.985 0.030 0.995 0.924 
0.046 0.985 0.044 0.993 0.959 
0.046 0.986 0.040 0.993 0.949 
0.055 0.980 0.024 0.995 0.927 
0.048 0.983 0.032 0.995 0.949 
0.050 0.981 0.030 0.995 0.949 
0.050 0.982 0.044 0.993 0.946 
0.051 0.980 0.031 0.995 0.952 
0.046 0.984 0.035 0.993 0.959 
0.051 0.985 0.050 0.988 0.959 
0.061 0.982 0.059 0.988 0.968 
0.057 0.980 0.063 0.988 0.975 
0.037 0.989 0.025 0.995 0.949 
0.056 0.982 0.036 0.993 0.956 
0.049 0.984 0.033 0.993 0.937 
0.055 0.985 0.038 0.995 0.949 
0.055 0.981 0.042 0.995 0.946 
0.041 0.987 0.046 0.993 0.968 
0.047 0.988 0.032 0.995 0.921 
0.049 0.982 0.028 0.993 0.946 
0.070 0.979 0.037 0.995 0.933 
0.050 0.983 0.029 0.998 0.905 
0.061 0.977 0.041 0.995 0.933 
0.077 0.980 0.043 0.995 0.911 
0.051 0.984 0.039 0.995 0.921 
0.042 0.985 0.038 0.995 0.952 
0.047 0.984 0.029 0.995 0.930 
0.070 0.977 0.059 0.990 0.952 
0.054 0.983 0.046 0.993 0.959 
0.046 0.984 0.041 0.993 0.956 
0.048 0.983 0.030 0.995 0.940 
0.051 0.984 0.037 0.995 0.940 
0.049 0.984 0.032 0.993 0.930 
0.046 0.986 0.031 0.995 0.949 
0.042 0.984 0.056 0.995 0.940 
0.053 0.984 0.028 0.995 0.952 
0.051 0.983 0.060 0.990 0.968 
0.060 0.979 0.042 0.993 0.965 
0.051 0.982 0.034 0.990 0.952 
0.041 0.985 0.034 0.990 0.952 
0.044 0.988 0.025 0.995 0.943 
0.052 0.981 0.032 0.995 0.937 
0.053 0.983 0.027 0.995 0.940 
0.039 0.988 0.039 0.990 0.962 
0.041 0.986 0.026 0.995 0.937 
0.047 0.983 0.038 0.990 0.956 
0.050 0.984 0.032 0.993 0.943 
0.050 0.982 0.033 0.995 0.940 
0.052 0.981 0.034 0.995 0.946 
0.057 0.980 0.037 0.995 0.962 
0.054 0.983 0.084 0.988 0.984 
0.046 0.983 0.031 0.995 0.952 
0.042 0.985 0.044 0.990 0.968 
0.043 0.984 0.031 0.993 0.943 
0.049 0.985 0.024 0.995 0.952 
0.047 0.984 0.048 0.990 0.841 
0.054 0.981 0.023 0.993 0.943 
0.041 0.986 0.028 0.995 0.949 
0.040 0.987 0.029 0.995 0.952 
0.055 0.982 0.024 0.998 0.956 
0.049 0.984 0.045 0.995 0.965 
0.051 0.982 0.025 0.995 0.952 
0.054 0.982 0.034 0.995 0.949 
0.053 0.980 0.028 0.995 0.937 
0.043 0.986 0.045 0.993 0.949 
0.059 0.980 0.042 0.995 0.956 
0.043 0.984 0.047 0.993 0.952 
0.044 0.985 0.031 0.995 0.965 
0.042 0.984 0.038 0.993 0.962 
0.048 0.984 0.023 0.995 0.946 
0.035 0.988 0.036 0.988 0.952 
0.052 0.981 0.044 0.993 0.937 
0.049 0.983 0.042 0.993 0.956 
0.044 0.982 0.043 0.990 0.965 
0.056 0.982 0.029 0.995 0.946 
0.057 0.981 0.028 0.998 0.940 
0.047 0.986 0.028 0.995 0.946 
0.038 0.986 0.026 0.995 0.949 
0.043 0.986 0.038 0.995 0.968 
0.050 0.979 0.027 0.995 0.952 
0.045 0.985 0.024 0.995 0.949 
0.043 0.988 0.040 0.990 0.962 
0.050 0.983 0.019 0.995 0.937 
0.050 0.984 0.026 0.995 0.946 
0.042 0.988 0.034 0.993 0.968 
0.051 0.984 0.024 0.995 0.946 
0.043 0.983 0.030 0.995 0.952 
0.050 0.982 0.031 0.995 0.946 
0.046 0.984 0.031 0.995 0.949 
0.054 0.984 0.035 0.990 0.965 
0.049 0.985 0.045 0.993 0.962 
0.048 0.985 0.031 0.998 0.962 
0.035 0.992 0.023 0.995 0.937 
0.054 0.978 0.045 0.993 0.949 
0.033 0.991 0.054 0.990 0.965 
0.061 0.981 0.064 0.993 0.956 
0.053 0.979 0.040 0.995 0.949 
0.043 0.986 0.047 0.990 0.959 
0.042 0.984 0.034 0.990 0.956 
0.038 0.989 0.037 0.988 0.962 
0.044 0.985 0.027 0.995 0.946 
0.042 0.985 0.038 0.993 0.956 
0.038 0.989 0.054 0.993 0.956 
0.042 0.988 0.026 0.995 0.946 
0.043 0.988 0.042 0.995 0.946 
0.077 0.980 0.047 0.993 0.914 
0.044 0.984 0.063 0.995 0.962 
0.047 0.986 0.068 0.988 0.968 
0.048 0.985 0.029 0.995 0.952 
0.059 0.980 0.035 0.995 0.946 
0.057 0.981 0.032 0.995 0.940 
0.046 0.985 0.037 0.993 0.959 
0.050 0.984 0.036 0.995 0.924 
0.045 0.985 0.053 0.993 0.968 
0.060 0.980 0.037 0.990 0.962 
0.048 0.985 0.023 0.995 0.905 
0.051 0.983 0.024 0.995 0.943 
0.048 0.982 0.034 0.990 0.949 
0.042 0.984 0.034 0.993 0.959 
0.051 0.987 0.026 0.995 0.940 
0.038 0.988 0.034 0.990 0.962 
0.038 0.989 0.019 0.998 0.921 
0.049 0.983 0.034 0.993 0.946 
0.052 0.979 0.038 0.988 0.956 
0.049 0.986 0.033 0.995 0.946 
0.046 0.983 0.034 0.993 0.952 
0.059 0.980 0.025 0.995 0.937 
0.048 0.984 0.036 0.993 0.946 
0.036 0.991 0.043 0.993 0.956 
0.040 0.988 0.028 0.995 0.937 
0.055 0.984 0.023 0.995 0.917 
0.055 0.980 0.032 0.995 0.937 
0.051 0.984 0.036 0.993 0.946 
0.053 0.984 0.060 0.985 0.971 
0.060 0.981 0.026 0.998 0.933 
0.065 0.980 0.033 0.995 0.949 
0.040 0.986 0.020 0.998 0.940 
0.054 0.982 0.034 0.993 0.959 
0.055 0.979 0.028 0.993 0.940 
0.048 0.984 0.058 0.993 0.962 
0.052 0.983 0.026 0.995 0.940 
0.049 0.986 0.023 0.998 0.937 
0.046 0.982 0.023 0.995 0.930 
0.035 0.985 0.034 0.993 0.968 
0.049 0.982 0.027 0.995 0.946 
0.053 0.983 0.037 0.990 0.914 
0.040 0.988 0.027 0.995 0.937 
0.047 0.987 0.021 0.995 0.924 
0.053 0.982 0.037 0.990 0.952 
0.046 0.982 0.031 0.990 0.952 
0.080 0.979 0.068 0.985 0.968 
0.046 0.982 0.037 0.990 0.956 
0.043 0.986 0.032 0.995 0.940 
0.049 0.981 0.034 0.993 0.956 
0.046 0.985 0.028 0.995 0.927 
0.047 0.986 0.045 0.988 0.956 
0.052 0.982 0.051 0.993 0.959 
0.049 0.987 0.032 0.995 0.949 
0.045 0.986 0.025 0.995 0.911 
0.053 0.983 0.033 0.993 0.949 
0.040 0.985 0.033 0.995 0.949 
0.043 0.984 0.035 0.995 0.949 
0.036 0.990 0.024 0.995 0.937 
0.047 0.983 0.033 0.990 0.946 
0.037 0.987 0.054 0.988 0.965 
0.046 0.982 0.029 0.995 0.956 
0.053 0.980 0.034 0.990 0.841 
0.047 0.983 0.023 0.998 0.933 
0.042 0.985 0.042 0.995 0.943 
0.045 0.984 0.023 0.995 0.930 
0.057 0.983 0.028 0.995 0.949 
0.050 0.985 0.041 0.990 0.956 
0.052 0.985 0.023 0.995 0.940 
0.048 0.985 0.024 0.995 0.924 
0.040 0.988 0.026 0.993 0.946 
0.055 0.980 0.030 0.993 0.946 
0.054 0.981 0.025 0.995 0.927 
0.049 0.980 0.044 0.990 0.962 
0.045 0.984 0.030 0.995 0.949 
0.043 0.988 0.024 0.995 0.946 
0.053 0.981 0.021 0.998 0.937 
0.055 0.982 0.029 0.995 0.943 
0.047 0.982 0.026 0.995 0.930 
0.042 0.985 0.017 0.998 0.914 
0.047 0.985 0.023 0.995 0.933 
0.043 0.980 0.037 0.993 0.949 
0.040 0.987 0.061 0.985 0.971 
0.043 0.988 0.022 0.998 0.930 
0.047 0.984 0.022 0.998 0.911 
0.047 0.983 0.030 0.995 0.940 
0.043 0.983 0.036 0.993 0.943 
0.033 0.987 0.022 0.995 0.943 
0.044 0.984 0.032 0.993 0.946 
0.040 0.985 0.160 0.963 0.981 
0.043 0.985 0.041 0.995 0.956 
0.036 0.989 0.024 0.995 0.943 
0.055 0.981 0.029 0.993 0.933 
0.039 0.986 0.038 0.993 0.952 
0.046 0.984 0.034 0.993 0.956 
0.050 0.981 0.036 0.988 0.930 
0.033 0.989 0.038 0.990 0.956 
0.046 0.988 0.088 0.985 0.962 
0.038 0.991 0.059 0.990 0.965 
0.052 0.983 0.024 0.995 0.937 
0.034 0.990 0.034 0.995 0.949 
0.039 0.987 0.022 0.998 0.940 
0.054 0.981 0.059 0.990 0.968 
0.051 0.984 0.033 0.990 0.943 
0.041 0.986 0.101 0.988 0.965 
0.042 0.986 0.022 0.993 0.943 
0.049 0.984 0.028 0.995 0.933 
0.041 0.984 0.041 0.988 0.959 
0.048 0.984 0.037 0.993 0.959 
0.036 0.990 0.033 0.993 0.946 
0.030 0.991 0.029 0.998 0.943 
0.052 0.985 0.068 0.985 0.975 
0.049 0.985 0.040 0.990 0.956 
0.033 0.992 0.046 0.990 0.949 
0.041 0.984 0.038 0.990 0.949 
0.042 0.984 0.031 0.990 0.943 
0.064 0.984 0.025 0.995 0.933 
0.047 0.985 0.035 0.990 0.943 
0.046 0.985 0.035 0.990 0.940 
0.037 0.990 0.036 0.990 0.946 
0.038 0.986 0.020 0.995 0.940 
0.049 0.986 0.019 0.998 0.940 
0.039 0.984 0.025 0.995 0.940 
0.052 0.981 0.021 0.998 0.940 
0.044 0.985 0.025 0.993 0.937 
0.048 0.983 0.036 0.990 0.943 
0.056 0.979 0.027 0.998 0.940 
0.047 0.982 0.025 0.995 0.946 
0.032 0.987 0.047 0.993 0.956 
0.045 0.984 0.023 0.995 0.940 
0.040 0.988 0.065 0.983 0.971 
0.053 0.982 0.023 0.998 0.937 
0.045 0.984 0.030 0.995 0.943 
0.049 0.983 0.053 0.993 0.968 
0.048 0.984 0.022 0.998 0.921 
0.056 0.985 0.063 0.988 0.971 
0.044 0.983 0.050 0.983 0.908 
0.040 0.986 0.060 0.983 0.981 
0.052 0.980 0.044 0.993 0.927 
0.046 0.987 0.053 0.993 0.956 
0.052 0.983 0.036 0.995 0.956 
0.042 0.986 0.028 0.993 0.949 
0.047 0.983 0.026 0.993 0.959 
0.040 0.989 0.035 0.995 0.940 
0.056 0.983 0.030 0.990 0.838 
0.048 0.981 0.020 0.995 0.924 
0.038 0.987 0.032 0.993 0.927 
0.041 0.989 0.032 0.995 0.937 
0.039 0.986 0.026 0.995 0.927 
0.040 0.989 0.036 0.988 0.924 
0.045 0.983 0.045 0.995 0.933 
0.048 0.984 0.065 0.990 0.940 
0.037 0.986 0.056 0.990 0.949 
0.032 0.990 0.040 0.990 0.949 
0.028 0.990 0.038 0.993 0.937 
0.055 0.985 0.046 0.993 0.959 
0.046 0.984 0.024 0.993 0.911 
0.055 0.982 0.027 0.995 0.946 
0.039 0.987 0.027 0.993 0.949 
0.034 0.992 0.029 0.990 0.933 
0.054 0.984 0.023 0.998 0.940 
0.040 0.986 0.031 0.993 0.943 
0.049 0.983 0.033 0.993 0.962 
0.031 0.990 0.027 0.993 0.949 
0.054 0.984 0.035 0.993 0.933 
0.040 0.986 0.031 0.993 0.943 
0.045 0.986 0.038 0.995 0.965 
0.045 0.983 0.032 0.995 0.946 
0.069 0.978 0.063 0.995 0.943 
0.064 0.979 0.031 0.995 0.937 
0.030 0.991 0.035 0.995 0.917 
0.047 0.983 0.045 0.995 0.946 
0.041 0.985 0.042 0.995 0.937 
0.040 0.987 0.054 0.993 0.956 
0.033 0.989 0.052 0.990 0.956 
0.041 0.984 0.020 0.995 0.940 
0.049 0.984 0.025 0.995 0.943 
0.048 0.982 0.058 0.988 0.959 
0.043 0.986 0.034 0.993 0.959 
0.035 0.990 0.020 0.998 0.933 
0.036 0.985 0.034 0.993 0.952 
0.037 0.988 0.034 0.993 0.952 
0.041 0.986 0.021 0.998 0.940 
0.038 0.987 0.025 0.995 0.949 
0.047 0.988 0.040 0.995 0.952 
0.039 0.989 0.075 0.990 0.921 
0.082 0.981 0.052 0.983 0.860 
0.051 0.985 0.072 0.985 0.959 
0.047 0.986 0.040 0.995 0.952 
0.032 0.990 0.071 0.995 0.952 
0.059 0.986 0.036 0.990 0.968 
0.047 0.982 0.041 0.995 0.952 
0.031 0.988 0.039 0.993 0.956 
0.041 0.987 0.032 0.993 0.927 
0.037 0.987 0.033 0.993 0.956 
0.052 0.983 0.039 0.990 0.952 
0.034 0.986 0.036 0.990 0.962 
0.056 0.981 0.037 0.990 0.952 
0.050 0.983 0.032 0.993 0.943 
0.041 0.986 0.025 0.995 0.940 
0.038 0.983 0.037 0.990 0.962 
0.045 0.985 0.028 0.993 0.946 
0.049 0.983 0.044 0.995 0.965 
0.041 0.985 0.052 0.983 0.975 
0.040 0.985 0.030 0.995 0.946 
0.034 0.989 0.022 0.998 0.937 
0.048 0.985 0.045 0.985 0.959 
0.068 0.981 0.025 0.995 0.933 
0.038 0.988 0.043 0.990 0.956 
0.028 0.988 0.022 0.998 0.921 
0.033 0.990 0.030 0.990 0.914 
0.045 0.981 0.061 0.990 0.959 
0.061 0.977 0.019 0.998 0.924 
0.047 0.984 0.024 0.998 0.949 
0.039 0.988 0.025 0.998 0.943 
0.038 0.987 0.017 0.998 0.946 
0.045 0.984 0.022 0.995 0.943 
0.043 0.985 0.024 0.995 0.943 
0.056 0.985 0.039 0.988 0.959 
0.045 0.982 0.022 0.998 0.937 
0.048 0.980 0.050 0.985 0.968 
0.049 0.983 0.033 0.993 0.949 
0.042 0.988 0.051 0.993 0.952 
0.041 0.986 0.023 0.995 0.940 
0.038 0.988 0.029 0.995 0.946 
0.031 0.992 0.020 0.995 0.949 
0.049 0.986 0.055 0.988 0.962 
0.035 0.988 0.044 0.990 0.968 
0.063 0.978 0.030 0.993 0.968 
0.041 0.986 0.031 0.993 0.956 
0.043 0.986 0.049 0.988 0.965 
0.047 0.984 0.042 0.988 0.943 
0.054 0.984 0.056 0.995 0.952 
0.049 0.983 0.024 0.995 0.921 
0.038 0.987 0.035 0.993 0.927 
0.054 0.984 0.033 0.993 0.956 
0.080 0.980 0.025 0.998 0.937 
0.046 0.985 0.021 0.995 0.930 
0.054 0.982 0.024 0.998 0.933 
0.042 0.984 0.022 0.995 0.940 
0.035 0.988 0.038 0.993 0.968 
0.053 0.983 0.049 0.988 0.959 
0.047 0.979 0.033 0.993 0.946 
0.041 0.985 0.026 0.995 0.924 
0.044 0.985 0.024 0.998 0.949 
0.039 0.987 0.042 0.995 0.952 
0.042 0.986 0.029 0.993 0.952 
0.056 0.982 0.022 0.995 0.949 
0.045 0.984 0.037 0.990 0.956 
0.039 0.986 0.029 0.995 0.943 
0.033 0.987 0.027 0.995 0.946 
0.048 0.989 0.038 0.990 0.959 
0.055 0.983 0.031 0.993 0.930 
0.038 0.988 0.027 0.995 0.943 
0.037 0.988 0.023 0.995 0.937 
0.054 0.983 0.034 0.995 0.952 
0.049 0.982 0.032 0.995 0.943 
0.041 0.986 0.034 0.995 0.937 
0.041 0.986 0.034 0.995 0.937 
0.046 0.984 0.031 0.990 0.959 
0.046 0.984 0.031 0.990 0.952 
0.041 0.986 0.045 0.990 0.965 
0.038 0.984 0.020 0.995 0.933 
0.038 0.988 0.027 0.998 0.924 
0.048 0.982 0.024 0.998 0.946 
0.041 0.986 0.038 0.988 0.965 
0.059 0.982 0.030 0.990 0.940 
0.048 0.985 0.051 0.988 0.962 
0.050 0.982 0.025 0.998 0.943 
0.041 0.991 0.039 0.995 0.962 
0.040 0.989 0.025 0.995 0.943 
0.035 0.987 0.029 0.993 0.937 
0.037 0.988 0.039 0.993 0.962 
0.037 0.985 0.024 0.995 0.937 
0.039 0.984 0.031 0.993 0.952 
0.034 0.988 0.035 0.993 0.956 
0.046 0.988 0.029 0.993 0.965 
0.035 0.988 0.030 0.993 0.933 
0.039 0.985 0.023 0.995 0.940 
0.040 0.986 0.035 0.995 0.930 
0.050 0.983 0.043 0.990 0.943 
0.032 0.990 0.050 0.990 0.965 
0.034 0.990 0.033 0.995 0.933 
0.042 0.984 0.038 0.995 0.933 
0.040 0.984 0.035 0.993 0.946 
0.049 0.984 0.040 0.990 0.962 
0.036 0.986 0.048 0.985 0.956 
0.036 0.988 0.052 0.988 0.965 
0.047 0.983 0.057 0.990 0.962 
0.046 0.982 0.034 0.990 0.952 
0.038 0.985 0.051 0.985 0.962 
0.046 0.985 0.024 0.995 0.937 
0.047 0.988 0.060 0.978 0.968 
0.047 0.986 0.023 0.998 0.924 
0.042 0.984 0.022 0.995 0.937 
0.046 0.985 0.032 0.993 0.959 
0.034 0.986 0.029 0.993 0.949 
0.042 0.989 0.034 0.993 0.959 
0.041 0.985 0.034 0.995 0.946 
0.053 0.980 0.028 0.993 0.952 
0.039 0.988 0.021 0.998 0.927 
0.045 0.982 0.023 0.995 0.937 
0.043 0.987 0.029 0.995 0.959 
0.034 0.990 0.032 0.993 0.937 
0.043 0.987 0.035 0.993 0.962 
0.033 0.992 0.037 0.993 0.956 
0.026 0.991 0.023 0.998 0.927 
0.052 0.984 0.022 0.998 0.940 
0.055 0.984 0.132 0.960 0.984 
0.047 0.985 0.023 0.998 0.927 
0.029 0.988 0.032 0.993 0.952 
0.049 0.983 0.028 0.995 0.956 
0.034 0.993 0.053 0.988 0.975 
0.042 0.984 0.023 0.998 0.946 
0.037 0.988 0.028 0.995 0.943 
0.039 0.986 0.031 0.993 0.956 
0.042 0.987 0.026 0.995 0.933 
0.034 0.989 0.035 0.993 0.943 
0.043 0.984 0.023 0.995 0.924 
0.059 0.981 0.029 0.998 0.946 
0.033 0.991 0.033 0.993 0.956 
0.036 0.986 0.028 0.993 0.946 
0.045 0.988 0.027 0.998 0.940 
0.046 0.984 0.048 0.990 0.956 
0.041 0.983 0.026 0.995 0.943 
0.042 0.984 0.034 0.988 0.946 
0.043 0.982 0.027 0.993 0.949 
0.039 0.988 0.019 0.998 0.943 
0.065 0.980 0.032 0.995 0.898 
