0.332 0.874 0.189 0.927 0.990 
0.187 0.934 0.093 0.978 1.000 
0.169 0.943 0.084 0.983 1.000 
0.150 0.946 0.098 0.975 1.000 
0.110 0.962 0.072 0.985 1.000 
0.118 0.961 0.103 0.980 1.000 
0.110 0.966 0.110 0.973 1.000 
0.089 0.971 0.062 0.990 1.000 
0.101 0.968 0.081 0.985 1.000 
0.090 0.972 0.060 0.993 1.000 
0.087 0.972 0.073 0.990 1.000 
0.112 0.967 0.072 0.990 1.000 
0.093 0.969 0.072 0.990 1.000 
0.069 0.980 0.067 0.990 0.994 
0.069 0.980 0.053 0.990 1.000 
0.082 0.977 0.076 0.988 1.000 
0.067 0.980 0.067 0.988 1.000 
0.061 0.980 0.067 0.983 1.000 
0.087 0.974 0.083 0.980 1.000 
0.074 0.977 0.067 0.988 1.000 
0.065 0.982 0.070 0.990 1.000 
0.081 0.977 0.064 0.985 1.000 
0.066 0.982 0.061 0.985 0.997 
0.085 0.979 0.075 0.990 1.000 
0.076 0.978 0.070 0.990 1.000 
0.062 0.976 0.052 0.990 1.000 
0.062 0.981 0.060 0.990 1.000 
0.048 0.985 0.052 0.990 1.000 
0.057 0.978 0.069 0.990 1.000 
0.060 0.983 0.062 0.990 1.000 
0.073 0.977 0.068 0.993 1.000 
0.053 0.985 0.056 0.990 0.984 
0.057 0.983 0.066 0.983 1.000 
0.050 0.986 0.057 0.990 1.000 
0.060 0.983 0.051 0.990 0.981 
0.047 0.988 0.064 0.988 1.000 
0.056 0.982 0.069 0.990 0.990 
0.056 0.981 0.058 0.985 1.000 
0.044 0.985 0.097 0.985 1.000 
0.048 0.986 0.075 0.983 0.990 
0.044 0.986 0.059 0.985 1.000 
0.047 0.985 0.060 0.985 1.000 
0.047 0.988 0.086 0.973 0.994 
0.042 0.987 0.061 0.985 0.987 
0.063 0.982 0.048 0.990 0.997 
0.053 0.985 0.063 0.983 1.000 
0.048 0.988 0.093 0.973 1.000 
0.045 0.988 0.067 0.990 1.000 
0.036 0.989 0.053 0.988 1.000 
0.036 0.990 0.066 0.978 1.000 
0.053 0.984 0.063 0.983 0.997 
0.044 0.988 0.080 0.980 1.000 
0.047 0.984 0.064 0.983 1.000 
0.042 0.990 0.045 0.993 1.000 
0.047 0.987 0.056 0.985 0.994 
0.037 0.989 0.056 0.990 1.000 
0.036 0.991 0.047 0.990 1.000 
0.042 0.988 0.045 0.990 1.000 
0.035 0.988 0.063 0.980 1.000 
0.042 0.988 0.052 0.990 1.000 
0.042 0.988 0.060 0.983 1.000 
0.032 0.990 0.042 0.995 1.000 
0.029 0.993 0.044 0.993 1.000 
0.045 0.987 0.053 0.990 0.981 
0.034 0.988 0.049 0.990 0.997 
0.027 0.992 0.056 0.990 1.000 
0.035 0.990 0.052 0.990 1.000 
0.039 0.991 0.072 0.975 1.000 
0.037 0.991 0.085 0.973 0.984 
0.037 0.988 0.084 0.968 0.997 
0.037 0.991 0.080 0.975 1.000 
0.032 0.991 0.045 0.990 1.000 
0.034 0.991 0.055 0.990 0.997 
0.041 0.990 0.062 0.985 0.984 
0.039 0.988 0.060 0.990 1.000 
0.026 0.993 0.067 0.978 1.000 
0.037 0.990 0.056 0.985 1.000 
0.033 0.990 0.056 0.990 1.000 
0.046 0.985 0.067 0.985 1.000 
0.034 0.988 0.068 0.978 1.000 
0.034 0.988 0.050 0.993 1.000 
0.042 0.989 0.047 0.993 1.000 
0.040 0.988 0.046 0.990 1.000 
0.045 0.989 0.105 0.970 1.000 
0.034 0.990 0.049 0.993 1.000 
0.035 0.991 0.048 0.990 1.000 
0.025 0.992 0.055 0.990 1.000 
0.033 0.990 0.076 0.990 1.000 
0.038 0.989 0.095 0.975 0.990 
0.025 0.991 0.055 0.988 1.000 
0.030 0.990 0.060 0.988 1.000 
0.028 0.992 0.060 0.983 1.000 
0.035 0.988 0.062 0.983 1.000 
0.026 0.993 0.097 0.978 1.000 
0.034 0.990 0.063 0.983 1.000 
0.028 0.993 0.067 0.983 1.000 
0.021 0.995 0.090 0.983 0.940 
0.047 0.983 0.078 0.980 0.997 
0.032 0.990 0.069 0.980 1.000 
0.027 0.993 0.056 0.985 1.000 
0.035 0.990 0.054 0.985 1.000 
0.026 0.995 0.065 0.983 1.000 
0.027 0.993 0.053 0.988 1.000 
0.028 0.992 0.060 0.985 1.000 
0.044 0.989 0.059 0.985 1.000 
0.028 0.992 0.066 0.983 0.965 
0.022 0.992 0.049 0.990 1.000 
0.032 0.990 0.063 0.983 1.000 
0.038 0.990 0.088 0.973 0.997 
0.032 0.990 0.047 0.990 0.997 
0.033 0.990 0.047 0.990 1.000 
0.024 0.993 0.050 0.990 1.000 
0.022 0.995 0.048 0.990 0.997 
0.039 0.986 0.061 0.985 0.997 
0.028 0.992 0.083 0.980 0.997 
0.033 0.991 0.049 0.993 1.000 
0.030 0.990 0.042 0.990 1.000 
0.031 0.991 0.062 0.983 1.000 
0.025 0.993 0.049 0.990 0.997 
0.031 0.992 0.054 0.990 0.997 
0.026 0.993 0.045 0.993 0.997 
0.023 0.994 0.052 0.988 1.000 
0.022 0.994 0.067 0.983 0.994 
0.040 0.990 0.080 0.973 1.000 
0.032 0.989 0.058 0.990 1.000 
0.019 0.995 0.043 0.995 1.000 
0.020 0.993 0.052 0.993 1.000 
0.028 0.989 0.131 0.983 0.987 
0.031 0.993 0.047 0.995 1.000 
0.029 0.992 0.056 0.983 1.000 
0.027 0.991 0.073 0.983 1.000 
0.040 0.988 0.068 0.983 0.975 
0.024 0.993 0.058 0.985 1.000 
0.026 0.992 0.053 0.988 0.727 
0.030 0.990 0.082 0.980 1.000 
0.026 0.993 0.042 0.995 1.000 
0.015 0.994 0.081 0.983 1.000 
0.021 0.991 0.048 0.990 1.000 
0.026 0.994 0.061 0.983 1.000 
0.025 0.989 0.088 0.983 1.000 
0.020 0.995 0.091 0.983 0.743 
0.019 0.995 0.053 0.985 0.997 
0.027 0.989 0.056 0.990 0.949 
0.021 0.995 0.058 0.983 0.978 
0.021 0.993 0.089 0.978 1.000 
0.027 0.991 0.071 0.978 0.990 
0.028 0.994 0.049 0.985 0.971 
0.028 0.992 0.093 0.978 0.908 
0.034 0.991 0.046 0.993 0.930 
0.031 0.992 0.056 0.985 0.968 
0.023 0.993 0.064 0.983 0.898 
0.021 0.995 0.101 0.978 0.962 
0.030 0.989 0.053 0.983 0.959 
0.021 0.993 0.062 0.983 0.997 
0.009 0.997 0.090 0.990 0.994 
0.015 0.994 0.082 0.980 0.997 
0.019 0.995 0.120 0.968 0.962 
0.024 0.992 0.051 0.990 0.908 
0.024 0.993 0.056 0.983 1.000 
0.032 0.993 0.063 0.985 0.962 
0.020 0.995 0.079 0.983 0.568 
0.025 0.993 0.101 0.990 0.937 
0.032 0.993 0.091 0.980 0.997 
0.021 0.992 0.056 0.988 0.448 
0.026 0.992 0.075 0.983 0.663 
0.028 0.992 0.056 0.985 0.943 
0.031 0.990 0.083 0.985 0.848 
0.018 0.993 0.074 0.985 0.324 
0.018 0.996 0.063 0.988 0.540 
0.024 0.992 0.074 0.985 0.298 
0.034 0.990 0.057 0.995 0.968 
0.029 0.992 0.056 0.985 0.997 
0.023 0.992 0.069 0.993 0.981 
0.025 0.993 0.061 0.990 1.000 
0.029 0.989 0.082 0.980 0.997 
0.022 0.993 0.065 0.990 0.968 
0.023 0.994 0.061 0.985 0.914 
0.025 0.992 0.044 0.990 1.000 
0.026 0.991 0.072 0.983 0.902 
0.023 0.995 0.072 0.988 1.000 
0.022 0.994 0.104 0.975 1.000 
0.027 0.992 0.068 0.985 0.994 
0.024 0.992 0.091 0.983 0.997 
0.021 0.992 0.070 0.990 0.937 
0.030 0.995 0.124 0.958 0.232 
0.022 0.996 0.078 0.985 0.905 
0.024 0.992 0.084 0.983 0.302 
0.027 0.992 0.115 0.988 0.990 
0.014 0.995 0.079 0.983 0.978 
0.028 0.993 0.076 0.980 0.949 
0.035 0.993 0.047 0.990 0.971 
0.032 0.989 0.078 0.983 0.876 
0.021 0.992 0.048 0.990 0.902 
0.016 0.996 0.053 0.990 0.768 
0.023 0.993 0.061 0.983 1.000 
0.016 0.996 0.064 0.983 1.000 
0.021 0.993 0.067 0.983 0.832 
0.020 0.992 0.135 0.968 0.968 
0.023 0.993 0.063 0.983 0.765 
0.025 0.992 0.046 0.990 1.000 
0.025 0.993 0.077 0.983 0.838 
0.020 0.996 0.089 0.983 0.990 
0.024 0.994 0.071 0.983 1.000 
0.028 0.993 0.054 0.990 0.543 
0.023 0.992 0.055 0.993 0.968 
0.023 0.993 0.047 0.995 0.994 
0.030 0.990 0.059 0.983 0.990 
0.020 0.993 0.059 0.985 1.000 
0.021 0.995 0.050 0.990 1.000 
0.023 0.995 0.053 0.993 1.000 
0.022 0.993 0.066 0.985 1.000 
0.017 0.995 0.064 0.990 0.997 
0.019 0.994 0.063 0.995 1.000 
0.013 0.996 0.063 0.990 0.889 
0.021 0.995 0.078 0.983 0.952 
0.022 0.995 0.048 0.993 1.000 
0.040 0.989 0.082 0.978 0.990 
0.021 0.993 0.064 0.990 1.000 
0.018 0.994 0.064 0.990 0.756 
0.025 0.993 0.068 0.990 0.267 
0.038 0.991 0.082 0.993 1.000 
0.014 0.997 0.088 0.988 0.984 
0.031 0.994 0.057 0.995 1.000 
0.025 0.992 0.062 0.990 1.000 
0.015 0.995 0.066 0.990 1.000 
0.027 0.994 0.068 0.983 1.000 
0.025 0.993 0.141 0.990 0.952 
0.019 0.993 0.077 0.983 0.997 
0.013 0.996 0.073 0.988 0.946 
0.023 0.992 0.061 0.990 0.930 
0.021 0.993 0.063 0.993 1.000 
0.021 0.996 0.086 0.983 0.949 
0.019 0.993 0.070 0.983 1.000 
0.018 0.996 0.069 0.985 1.000 
0.026 0.993 0.068 0.983 0.952 
0.032 0.992 0.123 0.980 0.930 
0.025 0.994 0.051 0.990 0.994 
0.018 0.993 0.077 0.990 1.000 
0.023 0.992 0.082 0.985 1.000 
0.027 0.994 0.069 0.983 1.000 
0.025 0.994 0.093 0.978 0.952 
0.025 0.992 0.064 0.983 0.511 
0.011 0.997 0.089 0.980 1.000 
0.024 0.992 0.050 0.990 0.975 
0.022 0.994 0.055 0.990 0.978 
0.023 0.993 0.069 0.990 0.797 
0.016 0.995 0.064 0.985 0.959 
0.022 0.995 0.069 0.985 1.000 
0.013 0.996 0.071 0.990 0.990 
0.028 0.993 0.131 0.963 0.965 
0.025 0.993 0.061 0.985 0.994 
0.011 0.996 0.078 0.983 0.997 
0.016 0.995 0.070 0.988 1.000 
0.028 0.990 0.070 0.985 0.978 
0.012 0.995 0.168 0.973 0.987 
0.019 0.993 0.057 0.993 1.000 
0.022 0.995 0.071 0.990 0.978 
0.031 0.992 0.102 0.970 0.975 
0.017 0.995 0.091 0.990 0.940 
0.018 0.994 0.105 0.975 0.714 
0.020 0.994 0.115 0.980 0.873 
0.011 0.997 0.081 0.990 0.956 
0.017 0.993 0.091 0.990 1.000 
0.016 0.995 0.079 0.988 0.990 
0.026 0.994 0.083 0.988 0.984 
0.017 0.996 0.108 0.980 0.924 
0.023 0.994 0.139 0.978 0.921 
0.018 0.995 0.071 0.993 0.949 
0.025 0.992 0.076 0.993 0.895 
0.010 0.997 0.094 0.983 0.987 
0.022 0.993 0.094 0.983 0.984 
0.018 0.997 0.091 0.990 0.997 
0.021 0.994 0.107 0.988 0.886 
0.022 0.995 0.131 0.990 0.765 
0.021 0.995 0.123 0.990 0.790 
0.012 0.996 0.158 0.980 0.994 
0.016 0.994 0.133 0.985 0.990 
0.026 0.994 0.112 0.988 1.000 
0.017 0.995 0.122 0.983 1.000 
0.008 0.997 0.093 0.990 0.987 
0.020 0.996 0.097 0.990 0.971 
0.012 0.996 0.119 0.990 1.000 
0.026 0.992 0.140 0.973 0.981 
0.022 0.993 0.121 0.973 0.914 
0.024 0.995 0.089 0.980 0.956 
0.023 0.993 0.105 0.983 0.975 
0.011 0.996 0.138 0.983 0.863 
0.023 0.993 0.108 0.980 0.997 
0.017 0.993 0.110 0.985 0.994 
0.016 0.994 0.095 0.990 1.000 
0.019 0.995 0.094 0.980 1.000 
0.025 0.994 0.140 0.983 0.949 
0.028 0.992 0.119 0.988 0.997 
0.024 0.995 0.152 0.953 0.978 
0.013 0.996 0.093 0.980 1.000 
0.019 0.993 0.121 0.970 1.000 
0.018 0.993 0.263 0.973 0.965 
0.034 0.992 0.170 0.973 1.000 
0.018 0.994 0.140 0.975 1.000 
0.028 0.995 0.131 0.975 1.000 
0.020 0.995 0.171 0.975 0.987 
0.023 0.993 0.149 0.975 1.000 
0.021 0.992 0.116 0.978 1.000 
0.012 0.998 0.114 0.975 1.000 
0.017 0.996 0.261 0.975 1.000 
0.016 0.993 0.155 0.975 1.000 
0.016 0.995 0.134 0.983 0.994 
0.016 0.994 0.149 0.983 1.000 
0.024 0.991 0.143 0.978 1.000 
0.018 0.995 0.121 0.983 1.000 
0.016 0.995 0.220 0.973 1.000 
0.029 0.993 0.197 0.948 0.984 
0.014 0.996 0.182 0.983 0.997 
0.028 0.992 0.158 0.988 1.000 
0.024 0.992 0.199 0.963 1.000 
0.021 0.995 0.183 0.983 1.000 
0.017 0.995 0.147 0.980 1.000 
0.016 0.993 0.143 0.983 1.000 
0.016 0.995 0.141 0.983 0.975 
0.018 0.994 0.153 0.983 1.000 
0.016 0.996 0.199 0.983 1.000 
0.016 0.995 0.201 0.983 1.000 
0.011 0.994 0.207 0.978 1.000 
0.022 0.992 0.118 0.983 0.959 
0.017 0.995 0.129 0.990 0.997 
0.013 0.997 0.161 0.988 1.000 
0.045 0.992 0.107 0.988 1.000 
0.020 0.997 0.133 0.973 1.000 
0.018 0.995 0.086 0.990 1.000 
0.016 0.996 0.129 0.993 1.000 
0.029 0.993 0.143 0.990 1.000 
0.017 0.996 0.144 0.983 1.000 
0.025 0.995 0.216 0.975 1.000 
0.029 0.990 0.098 0.993 1.000 
0.021 0.996 0.159 0.980 0.984 
0.035 0.992 0.119 0.983 1.000 
0.011 0.997 0.106 0.983 1.000 
0.024 0.993 0.113 0.980 0.968 
0.015 0.995 0.075 0.993 1.000 
0.024 0.994 0.076 0.988 1.000 
0.012 0.997 0.114 0.990 1.000 
0.021 0.994 0.531 0.950 0.394 
0.030 0.993 0.203 0.958 0.422 
0.018 0.995 0.110 0.990 0.981 
0.015 0.996 0.127 0.990 0.978 
0.011 0.995 0.101 0.988 1.000 
0.016 0.995 0.091 0.983 0.981 
0.008 0.998 0.117 0.990 0.959 
0.014 0.996 0.079 0.990 1.000 
0.018 0.996 0.082 0.983 1.000 
0.017 0.995 0.087 0.988 1.000 
0.014 0.994 0.110 0.985 1.000 
0.012 0.996 0.120 0.985 1.000 
0.017 0.995 0.157 0.983 0.987 
0.019 0.995 0.139 0.983 1.000 
0.020 0.994 0.190 0.963 1.000 
0.022 0.992 0.165 0.978 0.997 
0.017 0.995 0.197 0.978 0.987 
0.013 0.996 0.116 0.985 0.949 
0.018 0.993 0.169 0.975 0.937 
0.019 0.995 0.219 0.990 0.832 
0.017 0.997 0.208 0.983 0.822 
0.026 0.993 0.082 0.983 1.000 
0.015 0.994 0.107 0.990 1.000 
0.021 0.992 0.227 0.955 0.990 
0.011 0.997 0.150 0.983 1.000 
0.011 0.998 0.133 0.988 0.994 
0.026 0.994 0.133 0.975 0.994 
0.017 0.995 0.114 0.988 0.997 
0.022 0.994 0.195 0.973 0.917 
0.017 0.997 0.160 0.980 1.000 
0.012 0.997 0.163 0.983 1.000 
0.010 0.997 0.153 0.983 0.994 
0.018 0.992 0.177 0.975 0.997 
0.015 0.995 0.156 0.988 1.000 
0.008 0.997 0.172 0.978 1.000 
0.013 0.996 0.206 0.978 1.000 
0.024 0.992 0.213 0.970 1.000 
0.033 0.990 0.363 0.955 1.000 
0.016 0.996 0.239 0.983 0.984 
0.028 0.993 0.326 0.983 0.930 
0.014 0.997 0.196 0.975 1.000 
0.014 0.996 0.180 0.985 1.000 
0.026 0.991 0.139 0.985 1.000 
0.012 0.997 0.075 0.988 1.000 
0.019 0.995 0.119 0.983 1.000 
0.019 0.995 0.153 0.983 1.000 
0.013 0.997 0.199 0.983 1.000 
0.016 0.996 0.170 0.970 1.000 
0.014 0.994 0.262 0.975 1.000 
0.016 0.996 0.195 0.988 0.997 
0.010 0.997 0.249 0.990 0.994 
0.022 0.995 0.175 0.990 1.000 
0.016 0.994 0.162 0.983 1.000 
0.025 0.994 0.178 0.968 0.994 
0.052 0.991 0.210 0.990 1.000 
0.018 0.995 0.324 0.985 0.971 
0.024 0.993 0.177 0.985 1.000 
0.026 0.993 0.193 0.990 0.990 
0.023 0.994 0.179 0.970 1.000 
0.021 0.992 0.178 0.985 1.000 
0.017 0.993 0.261 0.983 1.000 
0.016 0.995 0.180 0.990 0.997 
0.015 0.996 0.147 0.990 1.000 
0.023 0.994 0.180 0.980 1.000 
0.012 0.997 0.212 0.983 1.000 
0.016 0.995 0.260 0.960 1.000 
0.020 0.994 0.190 0.995 0.997 
0.021 0.994 0.180 0.975 1.000 
0.016 0.993 0.254 0.983 0.997 
0.015 0.996 0.190 0.990 1.000 
0.010 0.997 0.227 0.968 0.975 
0.016 0.996 0.231 0.983 0.990 
0.014 0.996 0.268 0.983 1.000 
0.020 0.993 0.306 0.978 1.000 
0.022 0.993 0.164 0.968 0.759 
0.012 0.997 0.160 0.980 0.816 
0.017 0.995 0.191 0.973 0.968 
0.014 0.997 0.160 0.978 0.946 
0.010 0.996 0.134 0.980 0.981 
0.016 0.995 0.174 0.975 0.663 
0.013 0.997 0.241 0.953 0.892 
0.023 0.993 0.420 0.960 1.000 
0.023 0.993 0.129 0.980 0.987 
0.018 0.995 0.208 0.970 0.965 
0.009 0.997 0.197 0.980 0.997 
0.014 0.995 0.132 0.988 1.000 
0.014 0.996 0.220 0.985 0.990 
0.028 0.994 0.167 0.990 1.000 
0.020 0.995 0.119 0.990 1.000 
0.023 0.993 0.124 0.973 1.000 
0.018 0.996 0.175 0.983 1.000 
0.014 0.997 0.189 0.968 0.975 
0.018 0.995 0.161 0.990 0.997 
0.008 0.998 0.209 0.980 0.994 
0.023 0.995 0.114 0.988 0.997 
0.013 0.996 0.224 0.985 0.997 
0.016 0.996 0.158 0.985 0.997 
0.020 0.993 0.202 0.983 0.987 
0.024 0.994 0.144 0.983 1.000 
0.022 0.993 0.162 0.955 1.000 
0.013 0.997 0.302 0.968 1.000 
0.016 0.995 0.203 0.988 1.000 
0.017 0.995 0.275 0.970 0.997 
0.016 0.997 0.115 0.990 1.000 
0.028 0.994 0.112 0.990 1.000 
0.025 0.993 0.123 0.990 0.965 
0.015 0.998 0.103 0.990 0.997 
0.013 0.997 0.079 0.983 1.000 
0.018 0.995 0.080 0.990 0.997 
0.011 0.996 0.102 0.990 1.000 
0.020 0.995 0.066 0.993 1.000 
0.011 0.996 0.168 0.973 0.975 
0.022 0.996 0.137 0.983 0.990 
0.032 0.996 0.095 0.980 1.000 
0.016 0.996 0.123 0.983 1.000 
0.019 0.996 0.119 0.990 1.000 
0.011 0.997 0.161 0.990 1.000 
0.036 0.992 0.164 0.990 0.997 
0.013 0.996 0.135 0.990 1.000 
0.010 0.997 0.196 0.990 0.997 
0.016 0.995 0.169 0.983 0.997 
0.015 0.996 0.145 0.983 0.997 
0.013 0.997 0.171 0.980 0.997 
0.022 0.992 0.164 0.990 0.997 
0.024 0.992 0.157 0.975 1.000 
0.010 0.997 0.137 0.983 1.000 
0.025 0.992 0.160 0.990 0.997 
0.017 0.995 0.125 0.985 1.000 
0.020 0.996 0.074 0.985 1.000 
0.016 0.996 0.068 0.990 1.000 
0.008 0.997 0.101 0.983 1.000 
0.017 0.994 0.120 0.983 1.000 
0.011 0.996 0.102 0.983 1.000 
0.018 0.996 0.108 0.980 1.000 
0.023 0.993 0.113 0.990 1.000 
0.014 0.996 0.110 0.985 1.000 
0.011 0.997 0.093 0.990 1.000 
0.029 0.993 0.085 0.990 1.000 
0.017 0.996 0.059 0.990 1.000 
0.017 0.995 0.059 0.993 1.000 
0.019 0.995 0.082 0.990 1.000 
0.018 0.994 0.085 0.975 1.000 
0.011 0.997 0.127 0.988 1.000 
0.018 0.994 0.063 0.993 1.000 
0.014 0.996 0.080 0.990 1.000 
0.019 0.994 0.083 0.990 0.997 
0.019 0.991 0.140 0.965 1.000 
0.011 0.995 0.099 0.990 1.000 
0.014 0.996 0.069 0.990 1.000 
0.019 0.994 0.119 0.988 1.000 
0.012 0.997 0.099 0.980 1.000 
0.007 0.996 0.129 0.988 1.000 
0.018 0.995 0.125 0.990 1.000 
0.020 0.993 0.082 0.990 1.000 
0.012 0.996 0.097 0.990 1.000 
0.012 0.997 0.142 0.978 1.000 
0.010 0.997 0.117 0.983 1.000 
0.021 0.992 0.144 0.990 0.997 
0.021 0.995 0.108 0.990 1.000 
0.019 0.996 0.103 0.988 1.000 
0.022 0.993 0.131 0.990 1.000 
0.017 0.995 0.217 0.953 1.000 
0.012 0.997 0.135 0.990 0.990 
0.019 0.997 0.138 0.988 0.997 
0.024 0.993 0.190 0.985 0.997 
0.009 0.997 0.160 0.990 1.000 
0.028 0.991 0.111 0.983 1.000 
0.008 0.996 0.137 0.983 0.959 
0.018 0.995 0.155 0.985 0.997 
0.015 0.996 0.076 0.990 0.994 
0.008 0.998 0.126 0.975 0.994 
0.020 0.995 0.106 0.990 0.994 
0.011 0.996 0.124 0.990 0.933 
0.068 0.993 0.091 0.990 0.990 
0.009 0.996 0.095 0.990 1.000 
0.013 0.996 0.088 0.990 1.000 
0.015 0.996 0.132 0.970 1.000 
0.019 0.995 0.086 0.990 1.000 
0.013 0.997 0.112 0.990 1.000 
0.012 0.997 0.108 0.973 1.000 
0.017 0.995 0.077 0.990 1.000 
0.015 0.996 0.125 0.983 0.997 
0.025 0.993 0.102 0.990 1.000 
0.024 0.994 0.087 0.980 0.997 
0.013 0.995 0.058 0.990 1.000 
0.016 0.995 0.083 0.990 1.000 
0.026 0.995 0.070 0.990 1.000 
0.030 0.992 0.061 0.990 1.000 
0.005 0.999 0.102 0.993 0.994 
0.023 0.995 0.053 0.990 1.000 
0.010 0.997 0.086 0.990 1.000 
0.021 0.993 0.121 0.985 1.000 
0.013 0.996 0.078 0.990 1.000 
0.008 0.998 0.077 0.990 1.000 
0.015 0.996 0.145 0.990 1.000 
0.006 0.997 0.111 0.990 1.000 
0.026 0.993 0.110 0.990 1.000 
0.018 0.995 0.133 0.980 0.997 
0.012 0.996 0.127 0.983 0.994 
0.015 0.996 0.094 0.983 0.997 
0.017 0.995 0.109 0.990 0.975 
0.009 0.997 0.098 0.990 0.994 
0.016 0.995 0.149 0.983 0.911 
0.018 0.996 0.158 0.983 1.000 
0.026 0.993 0.117 0.983 1.000 
0.014 0.995 0.106 0.985 1.000 
0.027 0.991 0.078 0.985 1.000 
0.009 0.997 0.141 0.983 1.000 
0.033 0.995 0.112 0.968 0.968 
0.012 0.997 0.083 0.990 0.997 
0.014 0.996 0.106 0.983 1.000 
0.014 0.995 0.107 0.985 0.987 
0.013 0.996 0.078 0.990 0.994 
0.007 0.997 0.116 0.988 1.000 
0.015 0.996 0.141 0.970 0.952 
0.050 0.993 0.097 0.990 0.994 
0.019 0.994 0.096 0.990 0.994 
0.014 0.996 0.093 0.990 1.000 
0.021 0.993 0.114 0.990 0.984 
0.021 0.992 0.122 0.990 0.994 
0.027 0.996 0.116 0.990 1.000 
0.015 0.996 0.098 0.990 1.000 
0.011 0.995 0.127 0.990 1.000 
0.019 0.997 0.122 0.990 1.000 
0.025 0.993 0.199 0.980 1.000 
0.010 0.997 0.140 0.990 1.000 
0.019 0.994 0.128 0.985 0.994 
0.024 0.995 0.142 0.958 1.000 
0.008 0.998 0.089 0.990 1.000 
0.019 0.995 0.095 0.990 1.000 
0.009 0.998 0.117 0.990 1.000 
0.017 0.993 0.114 0.975 1.000 
0.014 0.996 0.138 0.983 1.000 
0.017 0.994 0.148 0.983 0.971 
0.019 0.992 0.127 0.983 0.984 
0.011 0.996 0.149 0.990 0.997 
0.011 0.997 0.098 0.980 1.000 
0.012 0.997 0.134 0.975 0.997 
0.011 0.997 0.153 0.980 1.000 
0.023 0.996 0.093 0.983 0.997 
0.019 0.995 0.087 0.988 1.000 
0.016 0.996 0.096 0.990 0.994 
0.010 0.995 0.151 0.983 0.990 
0.010 0.996 0.080 0.983 0.994 
0.010 0.997 0.094 0.983 0.994 
0.015 0.996 0.080 0.983 0.994 
0.009 0.996 0.115 0.983 0.994 
0.014 0.995 0.097 0.983 0.990 
0.018 0.994 0.097 0.983 0.870 
0.016 0.995 0.114 0.980 0.844 
0.013 0.997 0.092 0.980 1.000 
0.018 0.991 0.116 0.980 0.997 
0.020 0.994 0.077 0.983 0.984 
0.010 0.998 0.104 0.980 0.994 
0.017 0.997 0.071 0.983 0.987 
0.012 0.997 0.105 0.978 1.000 
0.017 0.997 0.113 0.990 0.994 
0.013 0.995 0.146 0.983 1.000 
0.019 0.992 0.121 0.983 0.994 
0.017 0.995 0.105 0.983 1.000 
0.010 0.996 0.175 0.980 0.994 
0.015 0.995 0.139 0.983 0.987 
0.010 0.998 0.150 0.990 0.997 
0.016 0.996 0.180 0.960 0.990 
0.018 0.996 0.126 0.978 0.978 
0.019 0.992 0.097 0.990 1.000 
0.022 0.995 0.114 0.978 0.997 
0.014 0.994 0.117 0.983 1.000 
0.010 0.997 0.207 0.960 1.000 
0.015 0.995 0.162 0.980 0.984 
0.031 0.994 0.185 0.990 1.000 
0.023 0.996 0.107 0.988 1.000 
0.009 0.996 0.116 0.990 1.000 
0.021 0.995 0.092 0.978 1.000 
0.015 0.998 0.109 0.985 1.000 
0.036 0.990 0.138 0.978 1.000 
0.016 0.997 0.123 0.970 1.000 
0.014 0.997 0.105 0.990 1.000 
0.006 0.998 0.132 0.988 1.000 
0.009 0.998 0.162 0.978 0.990 
0.022 0.992 0.149 0.978 1.000 
0.012 0.996 0.120 0.985 1.000 
0.015 0.997 0.120 0.988 1.000 
0.014 0.995 0.137 0.975 1.000 
0.014 0.997 0.078 0.990 1.000 
0.012 0.995 0.095 0.990 1.000 
0.009 0.997 0.172 0.990 1.000 
0.010 0.997 0.128 0.990 1.000 
0.033 0.995 0.085 0.990 1.000 
0.015 0.996 0.087 0.990 1.000 
0.011 0.996 0.089 0.985 1.000 
0.013 0.997 0.112 0.990 1.000 
0.024 0.993 0.140 0.988 0.987 
0.011 0.997 0.178 0.958 0.997 
0.006 0.998 0.137 0.990 1.000 
0.026 0.996 0.088 0.990 1.000 
0.010 0.996 0.232 0.983 0.997 
0.011 0.998 0.073 0.990 1.000 
0.014 0.998 0.108 0.980 1.000 
0.013 0.996 0.072 0.990 1.000 
0.009 0.997 0.101 0.990 0.968 
0.016 0.995 0.073 0.990 1.000 
0.020 0.995 0.115 0.975 1.000 
0.010 0.998 0.133 0.965 1.000 
0.022 0.991 0.125 0.978 0.965 
0.014 0.997 0.086 0.990 1.000 
0.005 0.998 0.113 0.990 1.000 
0.025 0.995 0.096 0.983 0.975 
0.009 0.998 0.088 0.990 1.000 
0.010 0.996 0.188 0.975 0.997 
0.016 0.996 0.188 0.990 0.898 
0.017 0.995 0.157 0.990 1.000 
0.009 0.997 0.196 0.983 1.000 
0.018 0.996 0.142 0.990 1.000 
0.017 0.997 0.143 0.988 1.000 
0.011 0.997 0.169 0.980 0.997 
0.020 0.993 0.150 0.983 1.000 
0.018 0.995 0.107 0.983 1.000 
0.016 0.994 0.146 0.985 1.000 
0.019 0.996 0.150 0.965 1.000 
0.008 0.997 0.145 0.983 1.000 
0.015 0.995 0.109 0.990 0.994 
0.015 0.996 0.078 0.990 1.000 
0.008 0.997 0.129 0.983 1.000 
0.015 0.996 0.113 0.990 1.000 
0.020 0.993 0.150 0.988 1.000 
0.009 0.997 0.120 0.990 1.000 
0.008 0.997 0.109 0.975 1.000 
0.009 0.997 0.126 0.985 1.000 
0.011 0.996 0.301 0.975 1.000 
0.038 0.997 0.129 0.970 1.000 
0.013 0.995 0.090 0.990 1.000 
0.015 0.996 0.133 0.985 1.000 
0.010 0.996 0.117 0.988 1.000 
0.011 0.997 0.115 0.990 0.987 
0.007 0.997 0.136 0.990 1.000 
0.015 0.995 0.165 0.988 0.987 
0.010 0.996 0.122 0.990 1.000 
0.009 0.996 0.132 0.990 1.000 
0.012 0.995 0.104 0.990 1.000 
0.011 0.996 0.197 0.980 1.000 
0.012 0.996 0.151 0.990 1.000 
0.012 0.997 0.127 0.990 1.000 
0.032 0.996 0.132 0.983 1.000 
0.008 0.998 0.144 0.985 1.000 
0.017 0.995 0.128 0.990 1.000 
0.013 0.996 0.210 0.965 0.981 
0.020 0.996 0.083 0.990 0.978 
0.018 0.996 0.173 0.990 0.997 
0.012 0.996 0.099 0.990 1.000 
0.009 0.998 0.103 0.990 1.000 
0.011 0.996 0.155 0.990 1.000 
0.014 0.995 0.133 0.990 1.000 
0.021 0.995 0.122 0.983 1.000 
0.005 0.998 0.284 0.963 1.000 
0.019 0.996 0.150 0.983 1.000 
0.017 0.996 0.139 0.983 1.000 
0.037 0.993 0.128 0.985 1.000 
0.060 0.995 0.201 0.983 1.000 
0.010 0.998 0.061 0.990 1.000 
0.012 0.997 0.150 0.960 1.000 
0.013 0.996 0.097 0.983 1.000 
0.005 0.998 0.072 0.993 1.000 
0.047 0.990 0.121 0.980 1.000 
0.017 0.994 0.089 0.980 1.000 
0.015 0.996 0.083 0.988 1.000 
0.015 0.996 0.069 0.990 1.000 
0.008 0.998 0.086 0.990 1.000 
0.019 0.995 0.121 0.975 1.000 
0.010 0.997 0.107 0.990 0.997 
0.007 0.998 0.094 0.990 0.990 
0.008 0.997 0.076 0.993 1.000 
0.022 0.995 0.066 0.990 1.000 
0.005 0.998 0.084 0.990 1.000 
0.018 0.995 0.098 0.985 1.000 
0.008 0.997 0.095 0.990 1.000 
0.020 0.995 0.106 0.990 0.997 
0.021 0.995 0.108 0.990 0.889 
0.011 0.996 0.086 0.990 0.987 
0.008 0.996 0.127 0.990 1.000 
0.012 0.997 0.127 0.990 1.000 
0.029 0.995 0.094 0.990 0.997 
0.019 0.995 0.079 0.988 0.997 
0.013 0.996 0.062 0.990 0.981 
0.016 0.993 0.122 0.978 0.997 
0.021 0.996 0.101 0.988 0.994 
0.017 0.994 0.080 0.990 0.987 
0.016 0.996 0.141 0.990 0.987 
0.024 0.996 0.149 0.975 0.990 
0.012 0.994 0.144 0.985 1.000 
0.010 0.997 0.110 0.990 0.997 
0.012 0.996 0.182 0.985 0.987 
0.016 0.996 0.101 0.983 1.000 
0.007 0.998 0.180 0.988 0.997 
0.017 0.994 0.220 0.990 0.959 
0.016 0.998 0.091 0.988 0.971 
0.011 0.997 0.115 0.990 1.000 
0.010 0.999 0.116 0.985 0.997 
0.014 0.997 0.064 0.990 0.965 
0.025 0.991 0.063 0.990 0.632 
0.006 0.998 0.112 0.990 0.990 
0.045 0.997 0.077 0.990 0.975 
0.028 0.991 0.052 0.990 0.981 
0.018 0.995 0.089 0.970 0.997 
0.014 0.997 0.053 0.990 0.997 
0.013 0.996 0.068 0.990 1.000 
0.013 0.996 0.091 0.985 0.981 
0.014 0.996 0.063 0.993 1.000 
0.015 0.994 0.101 0.990 0.994 
0.013 0.997 0.086 0.988 0.997 
0.012 0.996 0.090 0.990 0.997 
0.020 0.992 0.090 0.990 0.997 
0.009 0.997 0.071 0.993 0.997 
0.010 0.995 0.127 0.978 0.997 
0.007 0.997 0.119 0.990 0.997 
0.021 0.993 0.066 0.990 0.990 
0.004 0.999 0.076 0.990 0.997 
0.020 0.993 0.084 0.988 0.997 
0.010 0.995 0.087 0.990 0.997 
0.022 0.993 0.085 0.990 0.997 
0.020 0.995 0.058 0.988 1.000 
0.028 0.996 0.156 0.990 1.000 
0.053 0.993 0.107 0.990 1.000 
0.008 0.998 0.100 0.983 1.000 
0.012 0.996 0.100 0.980 1.000 
0.012 0.995 0.096 0.985 1.000 
0.009 0.997 0.096 0.990 1.000 
0.012 0.996 0.123 0.988 0.978 
0.020 0.995 0.106 0.973 1.000 
0.011 0.997 0.145 0.988 0.997 
0.022 0.995 0.077 0.985 1.000 
0.015 0.996 0.113 0.975 0.975 
0.011 0.998 0.104 0.990 0.997 
0.013 0.995 0.129 0.990 0.984 
0.012 0.998 0.073 0.983 0.997 
0.014 0.995 0.128 0.975 0.997 
0.010 0.996 0.240 0.963 0.933 
0.015 0.995 0.110 0.985 0.971 
0.015 0.995 0.126 0.968 0.978 
0.012 0.997 0.072 0.990 0.994 
0.011 0.998 0.101 0.990 0.933 
0.029 0.992 0.154 0.968 0.984 
0.008 0.997 0.127 0.988 0.987 
0.025 0.993 0.128 0.978 0.952 
0.015 0.995 0.194 0.953 0.883 
0.010 0.997 0.109 0.990 0.997 
0.030 0.991 0.125 0.988 0.994 
0.016 0.997 0.087 0.990 0.994 
0.014 0.997 0.078 0.990 0.997 
0.019 0.994 0.070 0.990 1.000 
0.009 0.997 0.105 0.985 1.000 
0.010 0.996 0.124 0.990 0.994 
0.014 0.994 0.074 0.990 0.987 
0.024 0.995 0.107 0.980 1.000 
0.007 0.998 0.110 0.990 1.000 
0.011 0.997 0.107 0.990 1.000 
0.022 0.995 0.069 0.990 1.000 
0.011 0.997 0.106 0.990 1.000 
0.024 0.994 0.144 0.990 0.994 
0.024 0.996 0.153 0.988 0.997 
0.013 0.996 0.107 0.988 0.997 
0.005 0.998 0.164 0.990 0.997 
0.041 0.993 0.085 0.990 1.000 
0.023 0.993 0.096 0.990 1.000 
0.014 0.994 0.113 0.990 0.994 
0.010 0.997 0.149 0.990 0.997 
0.004 0.998 0.254 0.990 0.994 
0.017 0.997 0.164 0.988 0.994 
0.018 0.995 0.069 0.988 1.000 
0.034 0.993 0.142 0.988 0.987 
0.015 0.997 0.241 0.945 0.952 
0.009 0.997 0.105 0.980 1.000 
0.008 0.998 0.108 0.990 0.997 
0.007 0.997 0.134 0.990 0.997 
0.013 0.998 0.166 0.990 0.994 
0.025 0.993 0.099 0.990 0.994 
0.006 0.998 0.151 0.993 0.994 
0.010 0.997 0.175 0.990 0.997 
0.018 0.996 0.083 0.990 0.997 
0.020 0.995 0.134 0.990 0.990 
0.004 0.998 0.189 0.993 0.949 
0.017 0.997 0.144 0.990 0.994 
0.018 0.997 0.076 0.993 0.997 
0.018 0.993 0.128 0.990 0.997 
0.026 0.995 0.065 0.990 1.000 
0.012 0.996 0.060 0.990 1.000 
0.007 0.998 0.092 0.985 0.994 
0.026 0.995 0.091 0.990 0.994 
0.057 0.992 0.046 0.990 1.000 
0.018 0.996 0.079 0.990 1.000 
0.009 0.997 0.081 0.990 1.000 
0.016 0.995 0.134 0.973 1.000 
0.018 0.995 0.079 0.988 1.000 
0.009 0.997 0.101 0.993 1.000 
0.012 0.996 0.115 0.990 0.997 
0.025 0.992 0.142 0.990 1.000 
0.025 0.995 0.202 0.960 0.997 
0.009 0.997 0.149 0.990 1.000 
0.027 0.996 0.165 0.960 0.997 
0.008 0.997 0.127 0.990 0.997 
0.013 0.997 0.089 0.990 0.997 
0.014 0.995 0.092 0.990 0.997 
0.014 0.995 0.132 0.990 1.000 
0.009 0.997 0.186 0.970 0.997 
0.012 0.995 0.145 0.973 0.997 
0.011 0.996 0.179 0.990 0.994 
0.010 0.997 0.110 0.980 1.000 
0.013 0.997 0.055 0.990 1.000 
0.010 0.997 0.102 0.990 1.000 
0.007 0.998 0.183 0.975 1.000 
0.013 0.996 0.104 0.980 1.000 
0.010 0.998 0.144 0.990 0.997 
0.016 0.995 0.218 0.955 1.000 
0.006 0.998 0.225 0.983 1.000 
0.021 0.991 0.213 0.988 0.997 
0.021 0.995 0.145 0.993 0.997 
0.014 0.994 0.221 0.988 0.997 
0.020 0.994 0.143 0.990 1.000 
0.012 0.996 0.290 0.953 1.000 
0.003 0.999 0.254 0.990 1.000 
0.008 0.997 0.223 0.978 1.000 
0.008 0.997 0.270 0.980 1.000 
0.033 0.994 0.099 0.990 1.000 
0.010 0.997 0.096 0.990 1.000 
0.016 0.995 0.152 0.980 1.000 
0.013 0.995 0.191 0.978 0.997 
0.013 0.994 0.169 0.983 1.000 
0.004 0.999 0.246 0.980 1.000 
0.033 0.992 0.204 0.983 1.000 
0.026 0.994 0.118 0.990 1.000 
0.010 0.998 0.127 0.970 1.000 
0.011 0.998 0.253 0.985 1.000 
0.022 0.996 0.187 0.985 1.000 
0.010 0.997 0.107 0.983 1.000 
0.015 0.997 0.194 0.990 1.000 
0.013 0.997 0.232 0.988 1.000 
0.015 0.996 0.124 0.990 1.000 
0.016 0.996 0.192 0.975 1.000 
0.011 0.996 0.159 0.983 1.000 
0.020 0.995 0.236 0.975 1.000 
0.013 0.996 0.323 0.970 1.000 
0.020 0.994 0.114 0.985 1.000 
0.011 0.997 0.154 0.990 1.000 
0.009 0.998 0.165 0.978 1.000 
0.009 0.998 0.155 0.988 0.997 
0.014 0.996 0.197 0.990 0.997 
0.014 0.997 0.208 0.988 1.000 
0.007 0.997 0.356 0.970 1.000 
0.042 0.996 0.078 0.990 1.000 
0.025 0.996 0.179 0.980 1.000 
0.018 0.994 0.121 0.985 1.000 
0.009 0.997 0.175 0.975 1.000 
0.018 0.995 0.124 0.990 1.000 
0.010 0.998 0.165 0.980 1.000 
0.028 0.993 0.147 0.988 1.000 
0.009 0.997 0.149 0.990 1.000 
0.012 0.995 0.152 0.990 1.000 
0.016 0.996 0.142 0.990 1.000 
0.007 0.998 0.167 0.988 1.000 
0.011 0.997 0.197 0.988 1.000 
0.016 0.997 0.134 0.990 1.000 
0.019 0.992 0.090 0.990 1.000 
0.005 0.998 0.170 0.978 1.000 
0.024 0.995 0.133 0.990 1.000 
0.014 0.997 0.195 0.975 1.000 
0.027 0.995 0.179 0.965 1.000 
0.013 0.996 0.190 0.983 1.000 
0.017 0.996 0.123 0.990 1.000 
0.011 0.996 0.174 0.988 1.000 
0.009 0.997 0.249 0.983 1.000 
0.009 0.998 0.331 0.983 1.000 
0.014 0.996 0.219 0.980 1.000 
0.020 0.995 0.192 0.990 0.994 
0.014 0.996 0.144 0.990 1.000 
0.031 0.993 0.149 0.983 1.000 
0.015 0.995 0.148 0.990 0.997 
0.012 0.996 0.203 0.990 0.997 
0.009 0.997 0.330 0.968 0.994 
0.015 0.996 0.108 0.990 1.000 
0.020 0.993 0.107 0.990 0.997 
0.008 0.998 0.182 0.983 0.997 
0.008 0.998 0.265 0.990 0.997 
0.026 0.997 0.113 0.980 0.997 
0.008 0.997 0.174 0.980 0.997 
0.047 0.996 0.218 0.978 0.997 
0.015 0.995 0.146 0.983 0.997 
0.009 0.997 0.077 0.990 0.997 
0.015 0.996 0.139 0.988 1.000 
0.016 0.994 0.150 0.985 1.000 
0.010 0.997 0.194 0.990 0.984 
0.013 0.996 0.139 0.990 0.997 
0.007 0.998 0.242 0.983 1.000 
0.015 0.997 0.102 0.985 1.000 
0.010 0.997 0.206 0.990 0.997 
0.017 0.995 0.160 0.990 0.997 
0.007 0.998 0.132 0.990 0.997 
0.013 0.996 0.173 0.983 0.997 
0.013 0.997 0.120 0.990 1.000 
0.017 0.997 0.059 0.985 0.997 
0.036 0.991 0.128 0.990 0.578 
0.008 0.997 0.286 0.983 0.200 
0.021 0.998 0.147 0.980 1.000 
0.011 0.996 0.305 0.983 0.997 
0.011 0.997 0.187 0.990 0.997 
0.013 0.998 0.143 0.990 0.997 
0.015 0.995 0.156 0.990 0.990 
0.009 0.997 0.325 0.980 0.997 
0.023 0.994 0.157 0.980 1.000 
0.019 0.995 0.118 0.990 1.000 
0.010 0.998 0.177 0.990 1.000 
0.011 0.998 0.145 0.975 1.000 
0.019 0.994 0.156 0.985 1.000 
0.025 0.994 0.231 0.985 0.994 
0.011 0.997 0.204 0.983 0.997 
0.009 0.998 0.206 0.990 0.997 
0.022 0.995 0.108 0.978 1.000 
0.021 0.993 0.066 0.990 1.000 
0.010 0.996 0.128 0.990 0.997 
0.009 0.997 0.125 0.990 0.997 
0.013 0.997 0.066 0.990 1.000 
0.011 0.995 0.216 0.985 0.997 
0.018 0.993 0.167 0.990 0.994 
0.011 0.997 0.157 0.990 0.994 
0.004 0.999 0.193 0.988 0.997 
0.019 0.996 0.204 0.990 0.997 
0.012 0.996 0.236 0.990 0.997 
0.009 0.998 0.579 0.975 0.997 
0.042 0.993 0.104 0.973 1.000 
0.016 0.995 0.107 0.990 1.000 
0.006 0.999 0.109 0.990 1.000 
0.019 0.995 0.142 0.988 1.000 
0.013 0.996 0.139 0.990 1.000 
0.022 0.992 0.178 0.975 1.000 
0.011 0.998 0.161 0.983 1.000 
0.013 0.995 0.225 0.990 0.987 
0.011 0.996 0.266 0.965 1.000 
0.008 0.998 0.208 0.990 0.997 
0.028 0.994 0.161 0.985 0.997 
0.013 0.995 0.181 0.983 0.997 
0.010 0.997 0.273 0.990 0.971 
0.011 0.994 0.268 0.983 0.997 
0.010 0.998 0.213 0.983 0.997 
0.012 0.996 0.216 0.978 0.997 
0.011 0.995 0.125 0.990 0.997 
0.040 0.992 0.182 0.975 1.000 
0.008 0.996 0.097 0.990 1.000 
0.053 0.990 0.317 0.970 1.000 
0.025 0.997 0.187 0.988 1.000 
0.032 0.993 0.133 0.990 1.000 
0.008 0.997 0.135 0.990 0.997 
0.014 0.996 0.145 0.990 0.997 
0.009 0.997 0.139 0.983 1.000 
0.018 0.996 0.168 0.990 0.965 
0.024 0.992 0.133 0.990 0.990 
0.011 0.998 0.189 0.983 0.997 
0.015 0.995 0.115 0.990 0.997 
0.008 0.998 0.197 0.990 0.994 
0.009 0.997 0.171 0.988 1.000 
0.009 0.997 0.206 0.955 1.000 
