0.292 0.885 0.144 0.960 1.000 
0.155 0.943 0.127 0.990 1.000 
0.128 0.954 0.090 0.973 1.000 
0.129 0.949 0.161 0.950 1.000 
0.128 0.957 0.100 0.975 1.000 
0.100 0.964 0.084 0.990 1.000 
0.097 0.966 0.089 0.973 0.996 
0.088 0.970 0.068 0.983 0.988 
0.094 0.974 0.080 0.973 0.992 
0.069 0.979 0.072 0.983 1.000 
0.075 0.975 0.074 0.978 1.000 
0.089 0.974 0.096 0.973 1.000 
0.078 0.977 0.088 0.988 1.000 
0.060 0.984 0.099 0.973 0.969 
0.068 0.980 0.093 0.963 1.000 
0.059 0.981 0.059 0.990 0.996 
0.060 0.981 0.100 0.965 0.012 
0.060 0.981 0.063 0.985 1.000 
0.068 0.982 0.103 0.965 1.000 
0.060 0.982 0.083 0.973 1.000 
0.076 0.977 0.145 0.940 0.327 
0.060 0.980 0.056 0.988 1.000 
0.047 0.985 0.058 0.990 1.000 
0.074 0.976 0.068 0.990 1.000 
0.059 0.985 0.073 0.985 1.000 
0.070 0.980 0.075 0.975 0.904 
0.044 0.986 0.067 0.978 0.515 
0.045 0.988 0.062 0.988 0.942 
0.049 0.986 0.072 0.973 0.996 
0.054 0.983 0.059 0.990 1.000 
0.050 0.987 0.101 0.970 0.996 
0.039 0.990 0.060 0.990 1.000 
0.048 0.982 0.054 0.990 0.638 
0.042 0.988 0.058 0.988 0.908 
0.051 0.986 0.090 0.973 1.000 
0.048 0.988 0.079 0.973 1.000 
0.044 0.990 0.062 0.978 1.000 
0.051 0.988 0.058 0.990 1.000 
0.060 0.985 0.096 0.968 1.000 
0.042 0.991 0.066 0.990 0.731 
0.045 0.986 0.082 0.975 1.000 
0.034 0.991 0.064 0.980 1.000 
0.039 0.988 0.060 0.988 1.000 
0.051 0.986 0.100 0.968 1.000 
0.040 0.990 0.083 0.975 1.000 
0.048 0.984 0.084 0.973 1.000 
0.045 0.986 0.066 0.990 1.000 
0.031 0.990 0.089 0.973 1.000 
0.037 0.989 0.068 0.975 1.000 
0.036 0.989 0.102 0.965 1.000 
0.038 0.986 0.056 0.983 0.992 
0.041 0.991 0.066 0.983 0.719 
0.038 0.987 0.056 0.985 0.958 
0.029 0.992 0.050 0.990 0.738 
0.041 0.988 0.044 0.993 0.985 
0.041 0.988 0.071 0.983 0.942 
0.042 0.986 0.102 0.970 0.769 
0.044 0.989 0.066 0.983 0.185 
0.033 0.992 0.056 0.985 0.400 
0.032 0.991 0.058 0.985 0.635 
0.042 0.986 0.129 0.968 0.796 
0.044 0.986 0.053 0.990 0.838 
0.038 0.988 0.062 0.985 0.685 
0.037 0.989 0.079 0.973 0.792 
0.039 0.988 0.049 0.990 1.000 
0.036 0.989 0.130 0.965 0.988 
0.037 0.989 0.082 0.975 0.827 
0.032 0.991 0.074 0.975 0.996 
0.037 0.993 0.066 0.985 0.946 
0.042 0.988 0.065 0.988 0.888 
0.046 0.986 0.087 0.970 0.981 
0.033 0.991 0.090 0.975 0.996 
0.042 0.991 0.078 0.978 0.996 
0.045 0.986 0.059 0.983 0.881 
0.036 0.991 0.130 0.968 0.927 
0.031 0.993 0.099 0.973 0.969 
0.028 0.993 0.050 0.990 0.965 
0.036 0.991 0.072 0.985 0.962 
0.033 0.991 0.091 0.973 1.000 
0.031 0.990 0.078 0.980 1.000 
0.042 0.987 0.084 0.975 0.854 
0.038 0.988 0.073 0.975 1.000 
0.036 0.991 0.119 0.958 0.523 
0.038 0.991 0.085 0.975 0.012 
0.031 0.991 0.073 0.975 0.985 
0.026 0.995 0.050 0.990 1.000 
0.041 0.989 0.104 0.965 1.000 
0.039 0.989 0.104 0.963 0.996 
0.029 0.994 0.078 0.988 0.973 
0.034 0.991 0.048 0.988 0.996 
0.027 0.994 0.056 0.988 0.962 
0.033 0.990 0.101 0.973 0.996 
0.027 0.993 0.113 0.973 0.862 
0.038 0.990 0.091 0.973 0.923 
0.036 0.994 0.084 0.978 1.000 
0.036 0.990 0.095 0.973 0.965 
0.026 0.991 0.099 0.975 0.831 
0.028 0.990 0.055 0.985 0.827 
0.033 0.992 0.113 0.973 0.996 
0.029 0.991 0.127 0.973 1.000 
0.039 0.989 0.097 0.980 0.704 
0.032 0.990 0.092 0.978 0.962 
0.028 0.991 0.059 0.988 0.946 
0.033 0.991 0.153 0.965 0.958 
0.020 0.995 0.082 0.975 1.000 
0.029 0.993 0.167 0.953 0.996 
0.028 0.991 0.074 0.978 0.996 
0.028 0.990 0.156 0.963 0.988 
0.029 0.990 0.097 0.988 0.150 
0.024 0.994 0.078 0.988 0.904 
0.037 0.991 0.046 0.993 0.888 
0.031 0.991 0.066 0.983 0.912 
0.026 0.993 0.058 0.988 0.838 
0.031 0.992 0.111 0.975 0.950 
0.032 0.993 0.123 0.973 0.962 
0.028 0.989 0.176 0.963 0.554 
0.022 0.993 0.186 0.960 0.958 
0.029 0.995 0.184 0.960 0.988 
0.030 0.991 0.121 0.980 0.296 
0.033 0.992 0.095 0.988 0.177 
0.039 0.990 0.137 0.960 0.977 
0.024 0.993 0.099 0.980 0.877 
0.025 0.993 0.229 0.958 0.692 
0.029 0.991 0.104 0.973 0.727 
0.026 0.993 0.134 0.973 0.450 
0.021 0.994 0.137 0.983 0.942 
0.030 0.993 0.138 0.970 1.000 
0.026 0.991 0.105 0.990 0.892 
0.026 0.992 0.103 0.975 0.977 
0.027 0.993 0.208 0.955 0.981 
0.022 0.993 0.232 0.968 1.000 
0.023 0.994 0.197 0.968 0.950 
0.034 0.991 0.276 0.925 0.692 
0.031 0.989 0.258 0.955 0.223 
0.040 0.986 0.293 0.945 0.942 
0.025 0.993 0.299 0.953 0.973 
0.027 0.993 0.241 0.958 0.462 
0.020 0.996 0.217 0.955 1.000 
0.024 0.993 0.128 0.970 0.988 
0.028 0.993 0.153 0.960 1.000 
0.028 0.991 0.073 0.975 0.931 
0.023 0.993 0.249 0.945 1.000 
0.039 0.989 0.068 0.975 0.996 
0.035 0.991 0.099 0.973 0.996 
0.038 0.989 0.084 0.990 0.042 
0.017 0.997 0.190 0.970 0.996 
0.025 0.991 0.099 0.970 1.000 
0.019 0.996 0.095 0.988 0.546 
0.034 0.991 0.179 0.953 0.996 
0.050 0.990 0.065 0.985 0.988 
0.028 0.993 0.082 0.975 0.900 
0.024 0.995 0.049 0.990 0.058 
0.021 0.994 0.133 0.968 0.942 
0.020 0.995 0.094 0.980 0.923 
0.021 0.994 0.083 0.973 0.965 
0.031 0.990 0.216 0.955 1.000 
0.016 0.996 0.073 0.990 1.000 
0.024 0.995 0.099 0.978 0.958 
0.024 0.993 0.208 0.963 0.996 
0.023 0.993 0.083 0.980 1.000 
0.025 0.991 0.160 0.968 1.000 
0.038 0.989 0.170 0.968 0.881 
0.026 0.992 0.143 0.985 0.996 
0.026 0.994 0.117 0.983 1.000 
0.026 0.993 0.283 0.968 0.958 
0.028 0.992 0.159 0.988 0.988 
0.038 0.990 0.190 0.965 0.931 
0.021 0.993 0.162 0.970 0.988 
0.022 0.996 0.188 0.958 0.942 
0.024 0.993 0.126 0.980 0.988 
0.027 0.991 0.123 0.973 0.935 
0.018 0.994 0.125 0.985 0.904 
0.020 0.993 0.113 0.988 0.985 
0.019 0.994 0.126 0.988 0.177 
0.027 0.994 0.099 0.990 0.012 
0.022 0.994 0.097 0.973 0.873 
0.025 0.993 0.146 0.970 0.577 
0.020 0.995 0.368 0.988 0.792 
0.031 0.991 0.161 0.990 0.981 
0.030 0.991 0.117 0.975 0.996 
0.024 0.994 0.310 0.960 0.996 
0.018 0.994 0.128 0.980 0.946 
0.031 0.992 0.183 0.963 0.950 
0.020 0.993 0.222 0.973 0.658 
0.018 0.994 0.135 0.980 0.869 
0.017 0.997 0.215 0.970 0.977 
0.026 0.991 0.261 0.970 0.146 
0.018 0.995 0.476 0.950 0.342 
0.023 0.994 0.225 0.968 0.738 
0.020 0.994 0.176 0.965 0.400 
0.019 0.996 0.187 0.978 0.969 
0.034 0.991 0.140 0.973 0.858 
0.021 0.997 0.166 0.970 0.938 
0.027 0.994 0.135 0.968 0.969 
0.024 0.993 0.213 0.958 1.000 
0.031 0.993 0.146 0.980 0.046 
0.028 0.991 0.200 0.970 0.954 
0.019 0.993 0.236 0.968 0.650 
0.017 0.997 0.299 0.965 0.927 
0.035 0.989 0.221 0.970 0.862 
0.029 0.990 0.172 0.970 0.738 
0.019 0.994 0.211 0.973 0.954 
0.018 0.995 0.065 0.993 0.996 
0.023 0.994 0.047 0.990 0.638 
0.022 0.994 0.196 0.973 0.996 
0.019 0.995 0.041 0.990 0.988 
0.022 0.993 0.203 0.973 0.712 
0.025 0.994 0.146 0.963 0.908 
0.013 0.998 0.177 0.988 0.996 
0.028 0.993 0.255 0.955 0.204 
0.023 0.995 0.089 0.980 0.996 
0.018 0.993 0.088 0.990 0.446 
0.030 0.991 0.212 0.950 0.985 
0.017 0.995 0.190 0.983 0.881 
0.031 0.990 0.258 0.968 0.977 
0.028 0.990 0.116 0.968 0.469 
0.020 0.995 0.185 0.970 0.454 
0.021 0.996 0.132 0.960 0.873 
0.018 0.995 0.125 0.973 0.985 
0.017 0.995 0.081 0.988 0.696 
0.023 0.993 0.292 0.973 0.996 
0.027 0.991 0.411 0.955 0.981 
0.030 0.992 0.148 0.970 0.977 
0.021 0.994 0.187 0.970 0.988 
0.020 0.995 0.107 0.975 0.773 
0.020 0.994 0.189 0.973 0.835 
0.028 0.994 0.126 0.973 0.869 
0.018 0.995 0.089 0.975 0.092 
0.028 0.993 0.123 0.978 1.000 
0.024 0.994 0.141 0.973 0.865 
0.021 0.995 0.095 0.973 0.704 
0.018 0.995 0.097 0.980 0.000 
0.021 0.994 0.073 0.978 0.027 
0.028 0.991 0.360 0.953 0.685 
0.026 0.993 0.276 0.953 0.635 
0.022 0.994 0.230 0.953 0.246 
0.017 0.993 0.122 0.975 0.531 
0.018 0.996 0.358 0.960 0.012 
0.012 0.997 0.168 0.990 0.212 
0.027 0.993 0.143 0.990 0.008 
0.014 0.997 0.194 0.973 0.235 
0.016 0.995 0.221 0.970 0.973 
0.026 0.994 0.033 0.993 0.423 
0.030 0.991 0.243 0.945 0.523 
0.018 0.995 0.156 0.990 0.035 
0.017 0.994 0.147 0.980 0.831 
0.012 0.995 0.212 0.988 0.027 
0.019 0.993 0.190 0.975 0.377 
0.022 0.995 0.145 0.978 0.988 
0.020 0.995 0.055 0.993 0.304 
0.026 0.991 0.356 0.978 0.262 
0.019 0.995 0.418 0.970 0.038 
0.023 0.994 0.261 0.973 0.285 
0.014 0.995 0.333 0.970 0.996 
0.020 0.995 0.495 0.970 0.858 
0.024 0.994 0.250 0.973 0.858 
0.018 0.996 0.078 0.973 0.992 
0.023 0.992 0.132 0.980 1.000 
0.017 0.995 0.155 0.968 0.542 
0.016 0.995 0.210 0.965 1.000 
0.017 0.995 0.149 0.968 0.992 
0.020 0.996 0.095 0.973 1.000 
0.017 0.994 0.136 0.985 1.000 
0.025 0.993 0.238 0.970 1.000 
0.019 0.995 0.266 0.973 1.000 
0.018 0.996 0.198 0.975 0.996 
0.017 0.994 0.044 0.985 0.008 
0.022 0.993 0.101 0.975 1.000 
0.035 0.989 0.124 0.973 0.942 
0.019 0.997 0.198 0.980 0.635 
0.014 0.996 0.122 0.970 0.996 
0.015 0.996 0.102 0.975 0.954 
0.018 0.996 0.125 0.975 0.996 
0.020 0.995 0.051 0.993 0.546 
0.024 0.993 0.192 0.990 0.323 
0.021 0.994 0.087 0.988 0.950 
0.029 0.991 0.200 0.970 0.962 
0.017 0.997 0.092 0.965 0.981 
0.019 0.994 0.220 0.970 0.008 
0.025 0.995 0.138 0.970 0.400 
0.022 0.995 0.183 0.980 0.088 
0.023 0.994 0.036 0.993 0.304 
0.024 0.991 0.048 0.983 0.073 
0.015 0.997 0.057 0.990 0.335 
0.020 0.995 0.063 0.978 0.231 
0.016 0.996 0.040 0.993 0.527 
0.027 0.994 0.096 0.983 0.015 
0.024 0.994 0.140 0.980 0.492 
0.036 0.994 0.059 0.978 0.938 
0.017 0.994 0.046 0.993 0.915 
0.031 0.992 0.056 0.988 0.885 
0.014 0.996 0.156 0.965 0.292 
0.037 0.994 0.190 0.960 0.996 
0.022 0.994 0.063 0.980 0.008 
0.022 0.993 0.169 0.968 0.104 
0.015 0.994 0.154 0.973 0.488 
0.020 0.994 0.252 0.965 0.735 
0.019 0.995 0.242 0.958 0.985 
0.015 0.996 0.119 0.970 0.835 
0.019 0.995 0.162 0.968 0.746 
0.022 0.992 0.115 0.970 0.985 
0.016 0.997 0.096 0.968 0.938 
0.017 0.991 0.069 0.978 0.992 
0.022 0.994 0.114 0.988 0.296 
0.013 0.997 0.188 0.973 0.323 
0.017 0.996 0.136 0.970 0.712 
0.019 0.994 0.064 0.975 0.992 
0.017 0.995 0.158 0.988 0.458 
0.025 0.991 0.053 0.980 0.996 
0.023 0.993 0.118 0.970 0.981 
0.027 0.994 0.092 0.978 0.788 
0.021 0.993 0.182 0.970 0.600 
0.031 0.989 0.083 0.978 0.162 
0.024 0.994 0.234 0.960 0.962 
0.014 0.997 0.091 0.978 0.808 
0.013 0.996 0.057 0.990 0.769 
0.017 0.995 0.042 0.988 0.700 
0.019 0.994 0.042 0.990 0.612 
0.017 0.994 0.107 0.970 0.250 
0.008 0.999 0.171 0.970 0.773 
0.030 0.994 0.053 0.983 0.062 
0.024 0.993 0.228 0.965 0.023 
0.021 0.994 0.137 0.968 0.996 
0.027 0.994 0.048 0.983 0.492 
0.014 0.995 0.246 0.968 0.600 
0.019 0.996 0.169 0.978 0.454 
0.028 0.994 0.067 0.978 0.308 
0.017 0.994 0.320 0.968 0.715 
0.028 0.993 0.059 0.980 0.331 
0.019 0.994 0.497 0.975 0.138 
0.025 0.994 0.495 0.948 0.669 
0.028 0.991 0.318 0.965 0.704 
0.017 0.994 0.147 0.985 0.927 
0.019 0.993 0.286 0.975 0.396 
0.020 0.996 0.243 0.970 0.669 
0.016 0.996 0.323 0.970 0.996 
0.011 0.998 0.143 0.985 0.273 
0.015 0.997 0.212 0.973 0.527 
0.025 0.993 0.058 0.990 0.146 
0.019 0.997 0.293 0.970 0.523 
0.014 0.995 0.131 0.985 0.388 
0.015 0.997 0.070 0.990 0.215 
0.035 0.993 0.319 0.930 0.204 
0.033 0.994 0.209 0.973 0.008 
0.019 0.992 0.202 0.975 0.938 
0.023 0.994 0.202 0.968 0.058 
0.020 0.993 0.086 0.970 0.158 
0.020 0.994 0.281 0.965 0.781 
0.019 0.995 0.132 0.968 0.485 
0.017 0.995 0.232 0.965 0.877 
0.009 0.998 0.262 0.965 0.731 
0.027 0.995 0.090 0.970 0.008 
0.020 0.993 0.179 0.965 0.088 
0.020 0.995 0.072 0.975 0.992 
0.018 0.993 0.045 0.990 0.173 
0.013 0.995 0.121 0.973 0.058 
0.013 0.996 0.168 0.963 0.131 
0.018 0.995 0.145 0.970 0.008 
0.018 0.994 0.126 0.970 0.469 
0.021 0.994 0.274 0.953 0.196 
0.021 0.995 0.057 0.978 0.015 
0.014 0.997 0.275 0.975 0.812 
0.014 0.993 0.085 0.975 0.804 
0.014 0.995 0.107 0.975 0.908 
0.024 0.995 0.255 0.975 0.138 
0.016 0.995 0.310 0.973 0.065 
0.029 0.993 0.086 0.975 0.808 
0.014 0.995 0.066 0.988 0.458 
0.014 0.998 0.128 0.980 0.977 
0.009 0.997 0.181 0.980 0.992 
0.024 0.993 0.189 0.965 0.235 
0.011 0.996 0.319 0.970 0.785 
0.010 0.998 0.091 0.980 0.246 
0.020 0.995 0.143 0.970 0.912 
0.018 0.995 0.154 0.973 0.077 
0.018 0.995 0.085 0.973 0.669 
0.031 0.991 0.204 0.968 0.492 
0.005 0.998 0.754 0.955 0.815 
0.016 0.995 0.300 0.965 0.977 
0.017 0.995 0.250 0.970 0.985 
0.021 0.995 0.212 0.963 0.627 
0.021 0.993 0.102 0.980 0.642 
0.045 0.996 0.172 0.963 0.988 
0.022 0.994 0.101 0.970 0.938 
0.022 0.994 0.068 0.973 0.785 
0.018 0.995 0.309 0.955 0.685 
0.014 0.997 0.257 0.970 0.885 
0.021 0.993 0.066 0.975 0.177 
0.018 0.995 0.309 0.955 0.000 
0.025 0.994 0.070 0.973 0.881 
0.024 0.993 0.095 0.968 0.996 
0.015 0.996 0.043 0.993 0.777 
0.011 0.997 0.131 0.968 0.781 
0.021 0.995 0.513 0.948 0.969 
0.007 0.999 0.505 0.958 0.992 
0.014 0.997 0.169 0.968 0.004 
0.010 0.996 0.363 0.970 0.742 
0.027 0.994 0.370 0.958 0.985 
0.019 0.995 0.673 0.963 0.762 
0.021 0.994 0.560 0.970 0.969 
0.022 0.995 0.384 0.968 0.996 
0.015 0.997 0.357 0.970 0.915 
0.015 0.994 0.346 0.988 0.242 
0.021 0.993 0.377 0.973 0.996 
0.014 0.995 0.562 0.958 0.981 
0.018 0.994 1.629 0.920 0.173 
0.021 0.994 0.889 0.970 0.846 
0.014 0.995 0.709 0.988 0.696 
0.007 0.998 0.854 0.980 0.004 
0.035 0.991 0.543 0.970 0.719 
0.022 0.995 0.377 0.970 0.635 
0.020 0.997 0.507 0.980 0.000 
0.011 0.997 0.409 0.973 0.169 
0.020 0.994 0.357 0.970 0.923 
0.016 0.998 0.302 0.988 0.862 
0.021 0.995 0.414 0.965 0.977 
0.041 0.993 0.273 0.980 0.000 
0.026 0.993 0.321 0.968 0.673 
0.015 0.996 0.549 0.963 0.015 
0.014 0.994 0.472 0.973 0.585 
0.015 0.997 0.216 0.990 0.131 
0.010 0.996 0.469 0.980 0.546 
0.026 0.993 0.528 0.983 0.431 
0.017 0.996 0.496 0.963 0.554 
0.018 0.994 0.580 0.968 0.281 
0.017 0.994 0.375 0.943 0.012 
0.020 0.994 0.531 0.965 0.131 
0.026 0.993 0.057 0.978 0.015 
0.021 0.994 0.424 0.968 0.673 
0.012 0.995 0.690 0.965 0.992 
0.017 0.995 0.127 0.960 0.023 
0.018 0.995 0.389 0.955 0.800 
0.012 0.995 0.468 0.960 0.996 
0.021 0.996 0.038 0.990 0.812 
0.019 0.993 0.277 0.960 0.981 
0.020 0.994 0.338 0.968 0.954 
0.011 0.997 0.350 0.968 0.046 
0.024 0.996 0.466 0.963 0.935 
0.019 0.994 0.467 0.968 0.242 
0.016 0.996 0.503 0.985 0.000 
0.012 0.997 0.613 0.985 0.288 
0.021 0.994 0.246 0.985 0.731 
0.016 0.997 0.379 0.970 0.338 
0.011 0.997 0.461 0.973 0.004 
0.019 0.996 0.362 0.948 0.985 
0.019 0.995 0.188 0.970 0.896 
0.015 0.995 0.121 0.973 0.973 
0.008 0.997 0.454 0.935 0.615 
0.021 0.992 0.574 0.953 0.704 
0.021 0.995 0.211 0.970 0.996 
0.028 0.995 0.423 0.973 0.238 
0.014 0.997 0.269 0.973 0.696 
0.035 0.994 0.425 0.970 1.000 
0.023 0.995 0.624 0.943 0.692 
0.030 0.993 0.285 0.960 0.665 
0.019 0.996 0.335 0.963 0.654 
0.022 0.994 0.243 0.963 0.231 
0.019 0.995 0.338 0.965 0.612 
0.018 0.994 0.370 0.958 0.900 
0.014 0.995 0.387 0.965 0.219 
0.023 0.994 0.046 0.983 0.377 
0.016 0.997 0.125 0.968 0.746 
0.017 0.996 0.110 0.975 0.088 
0.013 0.996 0.131 0.975 1.000 
0.033 0.991 0.212 0.968 0.938 
0.012 0.998 0.266 0.960 0.165 
0.026 0.994 0.483 0.980 0.077 
0.019 0.993 0.169 0.985 0.027 
0.022 0.995 0.264 0.980 0.546 
0.016 0.995 0.302 0.978 0.062 
0.011 0.997 0.425 0.960 0.935 
0.014 0.995 0.503 0.958 0.085 
0.022 0.995 0.116 0.975 0.485 
0.016 0.994 0.470 0.990 0.027 
0.014 0.996 0.430 0.980 0.919 
0.014 0.997 0.271 0.988 0.658 
0.015 0.996 0.262 0.980 0.069 
0.017 0.997 0.343 0.970 0.012 
0.026 0.996 0.680 0.965 0.619 
0.018 0.996 0.233 0.973 0.765 
0.013 0.996 0.234 0.973 0.219 
0.011 0.997 0.206 0.970 0.073 
0.025 0.991 0.124 0.980 0.023 
0.012 0.996 0.678 0.968 0.215 
0.013 0.996 0.599 0.960 0.015 
0.014 0.994 0.840 0.973 0.000 
0.016 0.996 0.655 0.970 0.004 
0.012 0.994 0.563 0.990 0.000 
0.030 0.993 0.571 0.960 0.415 
0.011 0.996 0.411 0.973 0.008 
0.016 0.997 0.436 0.968 0.000 
0.020 0.993 0.480 0.973 0.000 
0.024 0.997 0.347 0.965 0.300 
0.016 0.995 0.126 0.980 0.000 
0.014 0.997 0.320 0.980 0.008 
0.019 0.995 0.210 0.988 0.000 
0.033 0.994 0.064 0.975 0.165 
0.022 0.994 0.084 0.978 0.238 
0.032 0.993 0.188 0.968 0.269 
0.017 0.996 0.325 0.955 0.177 
0.010 0.997 0.174 0.975 0.792 
0.028 0.993 0.503 0.958 0.665 
0.024 0.993 0.280 0.990 0.331 
0.018 0.994 0.218 0.980 0.988 
0.016 0.996 0.263 0.965 0.938 
0.016 0.994 0.210 0.970 0.062 
0.015 0.996 0.189 0.973 0.015 
0.013 0.997 0.230 0.973 0.285 
0.017 0.995 0.297 0.945 0.050 
0.013 0.996 0.201 0.970 0.008 
0.021 0.993 0.502 0.983 0.004 
0.069 0.991 0.161 0.960 0.750 
0.016 0.995 0.100 0.975 0.442 
0.013 0.997 0.088 0.975 0.065 
0.014 0.996 0.258 0.955 0.938 
0.015 0.995 0.137 0.973 0.427 
0.015 0.996 0.092 0.975 0.988 
0.014 0.995 0.181 0.973 0.788 
0.010 0.996 0.166 0.975 0.831 
0.017 0.993 0.177 0.968 0.131 
0.013 0.996 0.309 0.963 0.235 
0.011 0.995 0.195 0.973 0.835 
0.024 0.995 0.113 0.973 0.592 
0.022 0.995 0.143 0.973 0.588 
0.013 0.997 0.062 0.983 0.054 
0.014 0.997 0.111 0.973 0.265 
0.014 0.996 0.082 0.975 0.992 
0.015 0.994 0.036 0.993 0.912 
0.016 0.995 0.075 0.975 0.981 
0.039 0.992 0.179 0.970 0.050 
0.014 0.997 0.130 0.968 0.938 
0.030 0.993 0.189 0.973 0.069 
0.013 0.997 0.178 0.973 0.265 
0.012 0.997 0.232 0.983 0.000 
0.017 0.996 0.070 0.978 0.000 
0.019 0.994 0.175 0.973 0.777 
0.015 0.994 0.221 0.973 0.273 
0.015 0.996 0.114 0.975 0.000 
0.015 0.995 0.133 0.975 0.385 
0.009 0.996 0.229 0.965 0.000 
0.030 0.994 0.416 0.970 0.000 
0.016 0.993 0.369 0.970 0.004 
0.027 0.990 0.239 0.973 0.215 
0.007 0.997 0.425 0.960 0.985 
0.019 0.994 0.106 0.983 0.662 
0.015 0.997 0.310 0.983 0.008 
0.015 0.996 0.050 0.990 0.023 
0.017 0.995 0.040 0.993 0.200 
0.031 0.995 0.048 0.983 0.038 
0.010 0.998 0.435 0.988 0.000 
0.013 0.998 0.441 0.950 0.977 
0.033 0.993 0.584 0.932 0.992 
0.019 0.995 0.309 0.965 0.000 
0.018 0.993 0.252 0.973 0.288 
0.012 0.996 0.359 0.963 0.619 
0.012 0.996 0.264 0.973 0.842 
0.017 0.997 0.299 0.973 0.096 
0.027 0.995 0.071 0.983 0.023 
0.022 0.995 0.155 0.975 0.431 
0.025 0.994 0.218 0.963 0.931 
0.009 0.998 0.173 0.970 0.023 
0.009 0.998 0.257 0.973 0.419 
0.022 0.994 0.056 0.978 0.008 
0.010 0.998 0.129 0.970 0.923 
0.029 0.993 0.126 0.968 0.692 
0.024 0.993 0.152 0.975 0.746 
0.027 0.993 0.200 0.988 0.050 
0.039 0.995 0.294 0.973 0.219 
0.014 0.995 0.154 0.980 0.846 
0.020 0.994 0.371 0.970 0.281 
0.020 0.996 0.093 0.973 0.681 
0.026 0.995 0.168 0.973 0.431 
0.015 0.994 0.136 0.973 0.000 
0.019 0.994 0.053 0.983 0.062 
0.015 0.995 0.053 0.978 0.146 
0.010 0.997 0.339 0.950 0.215 
0.013 0.997 0.052 0.983 0.965 
0.024 0.991 0.041 0.993 0.350 
0.015 0.994 0.305 0.963 0.581 
0.021 0.993 0.067 0.980 0.708 
0.009 0.999 0.061 0.988 0.127 
0.010 0.996 0.041 0.990 0.985 
0.016 0.995 0.159 0.970 0.985 
0.022 0.994 0.051 0.983 0.135 
0.005 0.997 0.139 0.973 0.265 
0.030 0.993 0.169 0.958 0.838 
0.013 0.995 0.106 0.973 0.631 
0.017 0.997 0.118 0.970 0.700 
0.008 0.996 0.059 0.985 0.427 
0.018 0.996 0.043 0.988 0.631 
0.014 0.996 0.046 0.993 0.308 
0.040 0.992 0.428 0.943 0.000 
0.024 0.994 0.330 0.988 0.973 
0.020 0.996 0.619 0.980 0.385 
0.026 0.998 0.257 0.980 1.000 
0.016 0.997 0.393 0.985 0.604 
0.014 0.994 0.293 0.965 1.000 
0.025 0.993 0.061 0.983 0.023 
0.011 0.998 0.191 0.973 0.646 
0.006 0.999 0.265 0.985 1.000 
0.031 0.990 0.307 0.970 0.873 
0.015 0.995 0.063 0.980 0.815 
0.009 0.997 0.088 0.978 0.835 
0.021 0.997 0.080 0.975 1.000 
0.018 0.994 0.047 0.988 0.985 
0.016 0.995 0.225 0.973 0.973 
0.008 0.996 0.222 0.968 0.935 
0.012 0.997 0.149 0.973 0.454 
0.014 0.995 0.582 0.950 0.969 
0.021 0.997 0.072 0.983 0.000 
0.012 0.996 0.048 0.993 0.000 
0.013 0.997 0.238 0.968 0.658 
0.018 0.993 0.156 0.973 0.912 
0.008 0.997 0.125 0.988 0.000 
0.023 0.996 0.320 0.990 0.027 
0.011 0.995 0.063 0.990 0.569 
0.012 0.997 0.177 0.968 0.796 
0.018 0.994 0.102 0.990 0.008 
0.008 0.997 0.130 0.975 0.738 
0.011 0.995 0.056 0.993 0.000 
0.019 0.997 0.426 0.975 0.108 
0.017 0.995 0.075 0.983 0.008 
0.014 0.995 0.340 0.990 0.008 
0.024 0.994 0.165 0.990 0.000 
0.027 0.994 0.081 0.990 0.027 
0.028 0.994 0.046 0.993 0.000 
0.007 0.998 0.088 0.985 0.000 
0.013 0.995 0.059 0.993 0.000 
0.013 0.996 0.142 0.968 0.381 
0.008 0.997 0.127 0.973 0.331 
0.019 0.997 0.040 0.993 0.612 
0.014 0.995 0.157 0.973 0.438 
0.026 0.993 0.098 0.973 0.000 
0.015 0.995 0.184 0.965 0.019 
0.013 0.995 0.172 0.968 0.992 
0.020 0.995 0.249 0.960 0.331 
0.011 0.997 0.144 0.985 0.000 
0.022 0.995 0.148 0.965 0.723 
0.019 0.995 0.210 0.965 0.919 
0.020 0.997 0.385 0.973 0.142 
0.011 0.997 0.492 0.965 0.873 
0.024 0.994 0.287 0.968 0.062 
0.014 0.996 0.310 0.973 0.004 
0.008 0.996 0.275 0.973 0.873 
0.008 0.999 0.329 0.970 0.058 
0.009 0.997 0.510 0.965 0.004 
0.012 0.997 0.141 0.990 0.012 
0.013 0.997 0.284 0.973 0.004 
0.029 0.995 0.193 0.978 0.000 
0.015 0.994 0.294 0.968 0.004 
0.020 0.995 0.275 0.968 1.000 
0.006 0.998 0.097 0.983 0.942 
0.024 0.995 0.254 0.973 0.992 
0.010 0.997 0.147 0.973 0.269 
0.020 0.995 0.081 0.973 0.912 
0.017 0.995 0.285 0.963 0.992 
0.024 0.996 0.059 0.980 0.981 
0.014 0.996 0.068 0.983 0.050 
0.017 0.995 0.203 0.963 0.188 
0.011 0.998 0.062 0.985 0.031 
0.012 0.998 0.083 0.973 0.200 
0.020 0.997 0.235 0.968 0.015 
0.012 0.995 0.192 0.970 1.000 
0.017 0.995 0.044 0.990 0.873 
0.013 0.997 0.074 0.980 0.550 
0.012 0.997 0.208 0.978 0.292 
0.016 0.994 0.315 0.975 0.996 
0.013 0.995 0.147 0.980 0.873 
0.032 0.996 0.124 0.968 0.996 
0.019 0.995 0.098 0.973 0.988 
0.012 0.996 0.264 0.938 1.000 
0.015 0.998 0.243 0.950 1.000 
0.011 0.997 0.071 0.978 0.973 
0.010 0.997 0.158 0.973 0.246 
0.018 0.997 0.270 0.955 0.996 
0.029 0.994 0.366 0.988 0.023 
0.025 0.997 0.156 0.973 0.004 
0.013 0.997 0.033 0.993 0.388 
0.007 0.999 0.069 0.980 0.038 
0.013 0.995 0.284 0.970 0.004 
0.012 0.997 0.269 0.965 0.008 
0.013 0.997 0.087 0.978 0.108 
0.011 0.998 0.474 0.943 0.454 
0.009 0.997 0.542 0.968 0.973 
0.011 0.997 0.443 0.945 0.858 
0.012 0.997 0.462 0.968 0.858 
0.019 0.996 0.238 0.973 0.046 
0.036 0.994 0.233 0.965 0.223 
0.011 0.998 0.341 0.970 0.081 
0.013 0.995 0.278 0.973 0.185 
0.022 0.998 0.191 0.963 1.000 
0.014 0.996 0.197 0.975 0.919 
0.019 0.994 0.182 0.963 0.335 
0.012 0.996 0.197 0.983 0.031 
0.017 0.995 0.199 0.968 0.127 
0.019 0.993 0.359 0.953 0.627 
0.011 0.997 0.262 0.970 0.185 
0.018 0.997 0.152 0.970 0.031 
0.009 0.997 0.178 0.975 0.758 
0.013 0.997 0.247 0.968 0.046 
0.014 0.996 0.212 0.955 1.000 
0.008 0.998 0.451 0.958 0.988 
0.007 0.998 0.479 0.953 1.000 
0.012 0.997 0.182 0.958 0.785 
0.029 0.994 0.473 0.963 0.038 
0.015 0.998 0.242 0.975 0.273 
0.029 0.995 0.302 0.960 0.219 
0.011 0.997 0.423 0.958 0.031 
0.017 0.995 0.070 0.993 0.004 
0.016 0.995 0.085 0.990 0.262 
0.012 0.997 0.440 0.945 0.996 
0.025 0.993 0.303 0.980 0.492 
0.010 0.996 0.515 0.953 0.319 
0.017 0.997 0.380 0.963 0.815 
0.021 0.994 0.567 0.975 0.692 
0.020 0.995 0.409 0.955 0.996 
0.014 0.997 0.494 0.943 0.973 
0.026 0.991 1.415 0.940 0.100 
0.012 0.997 0.793 0.965 0.623 
0.019 0.993 0.573 0.960 0.212 
0.010 0.995 0.685 0.965 0.127 
0.020 0.994 0.561 0.980 0.015 
0.013 0.996 0.583 0.975 0.919 
0.017 0.995 0.337 0.973 0.985 
0.011 0.995 0.566 0.970 0.550 
0.015 0.994 0.802 0.948 0.942 
0.006 0.998 0.963 0.988 0.015 
0.014 0.995 0.509 0.985 0.085 
0.021 0.995 0.567 0.975 0.938 
0.012 0.997 0.780 0.968 0.008 
0.009 0.995 0.793 0.990 0.023 
0.011 0.996 0.987 0.990 0.019 
0.015 0.996 1.092 0.975 0.008 
0.017 0.996 1.061 0.968 0.000 
0.008 0.998 1.014 0.965 0.019 
0.016 0.997 0.733 0.960 0.108 
0.005 0.998 1.581 0.975 0.008 
0.036 0.995 0.545 0.973 0.015 
0.026 0.994 0.853 0.975 0.000 
0.017 0.993 0.780 0.970 0.027 
0.018 0.993 0.462 0.980 0.000 
0.016 0.997 1.088 0.975 0.004 
0.029 0.994 0.795 0.970 0.004 
0.014 0.997 0.274 0.980 0.019 
0.012 0.997 0.698 0.970 0.004 
0.016 0.995 0.611 0.990 0.000 
0.035 0.990 0.335 0.975 0.012 
0.007 0.997 0.686 0.975 0.042 
0.021 0.994 0.706 0.980 0.000 
0.018 0.995 0.288 0.990 0.019 
0.013 0.996 0.898 0.970 0.000 
0.024 0.993 0.484 0.990 0.000 
0.023 0.996 0.438 0.973 0.000 
0.016 0.995 0.286 0.973 0.023 
0.010 0.997 0.274 0.983 0.000 
0.014 0.996 0.269 0.980 0.000 
0.019 0.995 0.486 0.970 0.054 
0.010 0.997 0.584 0.975 0.000 
0.019 0.994 1.008 0.968 0.000 
0.007 0.998 0.577 0.968 0.004 
0.024 0.995 0.092 0.970 0.000 
0.016 0.995 0.098 0.973 0.219 
0.010 0.997 0.080 0.978 0.008 
0.017 0.996 0.045 0.993 0.000 
0.012 0.998 0.091 0.973 0.050 
0.011 0.997 0.068 0.978 0.000 
0.008 0.996 0.232 0.970 0.000 
0.028 0.993 0.672 0.975 0.285 
0.023 0.993 0.045 0.990 0.004 
0.009 0.998 0.659 0.978 0.004 
0.026 0.996 0.337 0.958 0.004 
0.007 0.999 0.406 0.968 0.004 
0.016 0.995 0.444 0.990 0.000 
0.025 0.998 0.211 0.975 0.000 
0.021 0.993 0.303 0.975 0.015 
0.012 0.994 0.371 0.970 0.000 
0.013 0.995 0.282 0.988 0.000 
0.019 0.993 0.069 0.978 0.008 
0.023 0.994 0.035 0.993 0.004 
0.015 0.996 0.268 0.985 0.004 
0.013 0.997 0.507 0.963 0.004 
0.014 0.997 0.151 0.980 0.004 
0.009 0.997 1.220 0.968 0.000 
0.023 0.995 0.046 0.988 0.004 
0.009 0.997 0.731 0.965 0.004 
0.010 0.998 0.600 0.968 0.008 
0.011 0.998 0.133 0.975 0.050 
0.014 0.995 0.950 0.983 0.000 
0.018 0.995 0.274 0.983 0.019 
0.028 0.994 0.465 0.968 0.008 
0.016 0.995 0.185 0.970 0.150 
0.014 0.996 0.435 0.970 0.465 
0.009 0.997 0.076 0.990 0.296 
0.016 0.997 0.113 0.970 0.023 
0.008 0.998 0.290 0.963 0.012 
0.013 0.996 0.358 0.970 0.015 
0.015 0.995 0.437 0.970 0.288 
0.014 0.996 0.077 0.993 0.004 
0.016 0.995 0.235 0.965 0.008 
0.016 0.997 0.084 0.978 0.000 
0.010 0.997 0.137 0.980 0.008 
0.015 0.995 0.343 0.965 0.000 
0.006 0.997 0.582 0.975 0.008 
0.021 0.998 0.208 0.980 0.004 
0.010 0.998 0.228 0.978 0.000 
0.011 0.997 0.101 0.975 0.004 
0.017 0.996 0.060 0.983 0.088 
0.011 0.997 0.148 0.973 0.004 
0.011 0.995 0.263 0.975 0.277 
0.012 0.997 0.065 0.980 0.646 
0.015 0.997 0.434 0.975 0.008 
0.010 0.995 0.677 0.945 0.831 
0.010 0.998 0.132 0.975 0.004 
0.022 0.993 0.660 0.940 0.200 
0.010 0.995 0.114 0.975 0.042 
0.022 0.997 0.181 0.968 0.277 
0.020 0.995 0.138 0.970 0.008 
0.008 0.998 0.111 0.975 0.038 
0.010 0.997 0.160 0.975 0.000 
0.008 0.996 0.107 0.975 0.046 
0.011 0.998 0.170 0.965 0.008 
0.020 0.995 0.053 0.990 0.004 
0.012 0.998 0.337 0.980 0.004 
0.023 0.993 0.383 0.955 0.169 
0.003 0.999 0.107 0.970 0.142 
0.014 0.995 0.064 0.983 0.004 
0.012 0.998 0.058 0.993 0.008 
0.026 0.995 0.300 0.953 0.115 
0.017 0.993 0.062 0.983 0.004 
0.014 0.997 0.063 0.983 0.019 
0.014 0.995 0.116 0.970 0.004 
0.017 0.994 0.058 0.983 0.015 
0.014 0.997 0.092 0.978 0.065 
0.014 0.996 0.187 0.958 0.204 
0.047 0.994 0.481 0.958 0.854 
0.011 0.996 0.101 0.973 0.312 
0.011 0.994 0.086 0.988 0.012 
0.011 0.998 0.538 0.973 0.062 
0.015 0.996 0.754 0.965 0.342 
0.014 0.994 0.051 0.993 0.027 
0.029 0.997 0.046 0.990 0.804 
0.014 0.996 0.258 0.975 0.965 
0.018 0.994 0.173 0.980 0.035 
0.009 0.998 0.371 0.965 0.235 
0.021 0.994 0.521 0.945 0.996 
0.013 0.995 0.171 0.975 0.965 
0.062 0.991 0.174 0.960 0.654 
0.005 0.998 0.154 0.970 0.158 
0.012 0.995 0.377 0.968 0.550 
0.010 0.998 0.376 0.978 0.027 
0.015 0.997 0.266 0.968 0.927 
0.013 0.997 0.479 0.968 0.200 
0.022 0.994 0.514 0.968 0.331 
0.030 0.994 0.671 0.968 0.115 
0.028 0.993 0.652 0.968 0.004 
0.013 0.997 0.649 0.965 0.031 
0.015 0.997 0.194 0.975 0.392 
0.027 0.994 0.885 0.978 0.004 
0.065 0.993 0.290 0.975 0.008 
0.011 0.996 0.672 0.968 0.012 
0.022 0.996 0.046 0.990 0.223 
0.022 0.994 0.554 0.988 0.015 
0.017 0.995 0.550 0.970 0.250 
0.007 0.999 0.729 0.945 0.954 
0.011 0.997 0.387 0.968 0.142 
0.015 0.997 0.451 0.988 0.000 
0.011 0.996 0.563 0.990 0.019 
0.022 0.993 0.287 0.968 0.638 
0.013 0.994 0.476 0.983 0.012 
0.015 0.996 0.186 0.985 0.004 
0.011 0.997 0.339 0.980 0.235 
0.021 0.995 0.175 0.970 0.000 
0.026 0.995 0.376 0.965 0.027 
0.011 0.996 0.639 0.953 0.923 
0.002 0.999 0.076 0.983 0.019 
0.011 0.997 0.160 0.970 0.812 
0.019 0.995 0.063 0.978 0.708 
0.013 0.995 0.218 0.975 0.177 
0.017 0.995 0.213 0.975 0.012 
0.011 0.995 0.541 0.988 0.000 
0.010 0.997 0.591 0.975 0.038 
0.013 0.996 0.922 0.968 0.004 
0.014 0.995 0.480 0.973 0.000 
0.020 0.993 0.355 0.973 0.065 
0.009 0.998 0.450 0.970 0.142 
0.017 0.996 0.475 0.968 0.150 
0.011 0.997 0.248 0.973 0.050 
0.016 0.997 0.089 0.990 0.004 
0.010 0.997 0.654 0.965 0.631 
0.021 0.996 0.592 0.968 0.004 
0.027 0.994 0.946 0.973 0.000 
0.015 0.994 0.905 0.968 0.023 
0.017 0.993 0.496 0.970 0.312 
0.016 0.994 1.178 0.950 0.092 
0.014 0.995 1.207 0.970 0.058 
0.025 0.997 0.858 0.965 0.558 
0.013 0.996 1.042 0.970 0.312 
0.011 0.997 0.752 0.990 0.004 
0.014 0.996 0.615 0.965 0.512 
0.009 0.997 0.949 0.965 0.073 
0.006 0.997 0.878 0.960 0.542 
0.046 0.995 0.206 0.980 0.146 
0.032 0.995 0.167 0.988 0.004 
0.011 0.998 0.404 0.975 0.335 
0.012 0.997 0.569 0.963 0.662 
0.026 0.994 0.624 0.973 0.015 
0.014 0.995 0.536 0.968 0.523 
0.010 0.998 0.721 0.965 0.454 
0.008 0.998 0.112 0.973 0.119 
0.022 0.996 0.104 0.973 0.173 
0.011 0.997 0.535 0.950 0.785 
0.012 0.998 0.050 0.993 0.004 
0.020 0.997 0.602 0.990 0.008 
0.020 0.996 0.818 0.968 0.173 
0.022 0.992 0.683 0.968 0.096 
0.015 0.995 0.088 0.975 0.046 
0.016 0.995 0.474 0.973 0.573 
0.019 0.995 0.704 0.973 0.008 
0.036 0.994 0.455 0.975 0.742 
0.011 0.997 0.437 0.990 0.454 
0.014 0.997 0.224 0.980 0.088 
0.026 0.996 0.179 0.983 0.035 
0.005 0.998 0.301 0.973 0.781 
0.010 0.997 0.340 0.970 0.512 
0.014 0.997 0.120 0.968 0.842 
0.022 0.993 0.364 0.973 0.031 
0.014 0.997 0.151 0.990 0.004 
0.011 0.997 0.381 0.970 0.000 
0.020 0.994 0.095 0.975 0.900 
0.011 0.997 0.498 0.968 0.927 
0.013 0.998 0.197 0.968 0.973 
0.033 0.995 0.324 0.965 0.769 
0.015 0.997 0.874 0.973 0.135 
0.028 0.994 0.589 0.970 0.300 
0.009 0.998 0.170 0.968 0.050 
0.016 0.994 0.617 0.973 0.000 
0.013 0.997 0.486 0.970 0.023 
0.017 0.997 0.632 0.968 0.369 
0.012 0.997 0.083 0.978 0.450 
0.010 0.996 0.663 0.973 0.046 
0.024 0.994 0.551 0.975 0.008 
0.018 0.995 0.243 0.985 0.000 
0.013 0.997 0.286 0.973 0.796 
0.007 0.998 0.055 0.993 0.577 
0.020 0.995 0.282 0.970 0.023 
0.010 0.998 0.097 0.978 0.027 
0.014 0.998 0.072 0.985 0.008 
0.019 0.994 0.927 0.950 0.015 
0.017 0.995 0.153 0.968 0.535 
0.022 0.994 0.307 0.975 0.035 
0.009 0.997 1.033 0.965 0.031 
0.016 0.999 0.072 0.983 0.004 
0.003 0.999 0.083 0.978 0.254 
0.017 0.994 0.875 0.975 0.004 
0.010 0.997 0.112 0.985 0.019 
0.017 0.995 0.083 0.993 0.019 
0.019 0.994 0.051 0.983 0.035 
0.019 0.995 0.058 0.980 0.258 
0.013 0.997 0.114 0.973 0.942 
0.007 0.999 0.074 0.983 0.031 
0.015 0.995 0.063 0.978 0.023 
0.030 0.994 0.063 0.978 0.027 
0.013 0.995 0.068 0.978 0.088 
0.010 0.997 0.211 0.960 0.527 
0.007 0.998 0.244 0.970 0.019 
0.029 0.994 0.131 0.975 0.004 
0.019 0.995 0.463 0.960 0.208 
0.014 0.996 0.349 0.980 0.000 
0.010 0.997 0.624 0.975 0.004 
0.017 0.995 0.322 0.975 0.469 
0.016 0.994 0.992 0.950 0.962 
0.092 0.995 0.159 0.975 0.712 
0.019 0.995 0.104 0.978 0.046 
0.010 0.998 0.254 0.968 0.723 
0.006 0.998 0.202 0.975 0.562 
0.027 0.994 0.728 0.973 0.004 
0.023 0.995 0.143 0.975 0.015 
0.013 0.998 0.070 0.988 0.019 
0.026 0.993 0.106 0.975 0.023 
0.010 0.997 0.284 0.985 0.004 
0.010 0.998 0.253 0.975 0.015 
0.012 0.996 0.357 0.975 0.231 
0.010 0.997 0.482 0.978 0.265 
0.022 0.995 0.115 0.970 0.081 
0.013 0.995 0.044 0.993 0.023 
0.010 0.996 0.058 0.990 0.012 
0.011 0.998 0.451 0.973 0.004 
0.010 0.997 0.040 0.993 0.031 
0.010 0.997 0.050 0.990 0.012 
0.005 0.999 0.077 0.975 0.623 
0.017 0.993 0.551 0.953 0.650 
0.011 0.997 0.088 0.985 0.012 
0.037 0.992 0.051 0.985 0.688 
0.012 0.997 0.233 0.973 0.850 
0.011 0.997 0.121 0.975 0.935 
0.012 0.997 0.134 0.975 0.662 
0.014 0.994 0.882 0.948 0.988 
0.007 0.997 0.122 0.985 1.000 
0.020 0.995 0.141 0.978 0.988 
0.048 0.997 0.090 0.978 0.923 
