0.295 0.895 0.173 0.938 0.528 
0.176 0.942 0.172 0.932 0.818 
0.157 0.942 0.192 0.932 0.987 
0.119 0.958 0.122 0.953 0.994 
0.116 0.965 0.157 0.963 1.000 
0.102 0.964 0.167 0.932 0.978 
0.120 0.957 0.110 0.963 0.978 
0.095 0.968 0.108 0.955 1.000 
0.078 0.974 0.132 0.955 1.000 
0.084 0.977 0.104 0.965 0.984 
0.091 0.973 0.148 0.953 1.000 
0.083 0.968 0.120 0.965 1.000 
0.092 0.971 0.120 0.958 1.000 
0.072 0.979 0.106 0.975 1.000 
0.064 0.979 0.103 0.965 0.953 
0.086 0.974 0.134 0.958 1.000 
0.067 0.982 0.093 0.975 1.000 
0.076 0.974 0.117 0.953 0.959 
0.071 0.976 0.119 0.968 1.000 
0.060 0.983 0.104 0.965 1.000 
0.075 0.982 0.126 0.958 1.000 
0.066 0.980 0.112 0.958 1.000 
0.062 0.984 0.112 0.963 0.997 
0.066 0.974 0.091 0.970 1.000 
0.064 0.979 0.103 0.963 0.997 
0.058 0.979 0.103 0.973 1.000 
0.061 0.983 0.101 0.973 1.000 
0.076 0.976 0.129 0.948 1.000 
0.057 0.984 0.114 0.958 1.000 
0.055 0.985 0.132 0.950 0.997 
0.045 0.987 0.095 0.973 1.000 
0.048 0.987 0.077 0.980 0.991 
0.045 0.986 0.084 0.978 1.000 
0.055 0.982 0.090 0.978 1.000 
0.054 0.985 0.114 0.970 1.000 
0.044 0.989 0.103 0.963 0.997 
0.050 0.988 0.074 0.978 1.000 
0.050 0.986 0.107 0.975 1.000 
0.048 0.983 0.086 0.975 1.000 
0.041 0.989 0.116 0.978 1.000 
0.042 0.988 0.087 0.965 1.000 
0.045 0.986 0.078 0.965 0.987 
0.045 0.989 0.085 0.980 1.000 
0.059 0.982 0.120 0.953 0.981 
0.046 0.988 0.067 0.988 1.000 
0.046 0.985 0.098 0.978 1.000 
0.040 0.988 0.108 0.965 1.000 
0.042 0.989 0.089 0.985 1.000 
0.054 0.988 0.078 0.983 0.991 
0.041 0.988 0.088 0.980 1.000 
0.048 0.986 0.116 0.958 0.651 
0.053 0.985 0.096 0.963 0.994 
0.037 0.990 0.070 0.985 1.000 
0.043 0.990 0.078 0.980 1.000 
0.038 0.986 0.078 0.978 1.000 
0.047 0.985 0.088 0.975 1.000 
0.043 0.985 0.045 0.988 0.997 
0.040 0.989 0.070 0.985 0.997 
0.031 0.992 0.078 0.978 1.000 
0.041 0.986 0.080 0.978 1.000 
0.047 0.987 0.071 0.985 1.000 
0.044 0.989 0.069 0.985 1.000 
0.048 0.985 0.072 0.985 1.000 
0.038 0.989 0.054 0.985 1.000 
0.044 0.988 0.057 0.988 0.984 
0.043 0.990 0.068 0.983 1.000 
0.036 0.991 0.099 0.978 0.657 
0.056 0.988 0.079 0.973 0.959 
0.037 0.988 0.112 0.960 0.871 
0.039 0.990 0.070 0.978 0.981 
0.043 0.988 0.081 0.978 0.365 
0.034 0.990 0.069 0.985 0.943 
0.037 0.988 0.055 0.988 0.997 
0.031 0.992 0.073 0.983 0.881 
0.039 0.987 0.074 0.983 0.997 
0.041 0.986 0.069 0.988 0.994 
0.045 0.987 0.075 0.978 1.000 
0.044 0.988 0.073 0.983 0.997 
0.041 0.989 0.082 0.980 1.000 
0.034 0.989 0.066 0.985 1.000 
0.039 0.989 0.057 0.985 0.286 
0.039 0.989 0.057 0.985 0.390 
0.042 0.988 0.074 0.983 0.994 
0.031 0.995 0.071 0.983 0.198 
0.033 0.992 0.089 0.980 0.937 
0.030 0.991 0.055 0.983 1.000 
0.035 0.992 0.069 0.983 0.959 
0.028 0.992 0.081 0.970 0.472 
0.033 0.993 0.072 0.980 0.994 
0.033 0.990 0.074 0.980 0.909 
0.039 0.989 0.070 0.983 0.459 
0.031 0.992 0.076 0.980 0.937 
0.033 0.990 0.072 0.983 0.991 
0.029 0.994 0.078 0.980 0.953 
0.038 0.989 0.077 0.980 0.981 
0.024 0.995 0.069 0.980 0.991 
0.057 0.988 0.060 0.985 0.563 
0.035 0.988 0.053 0.988 0.994 
0.037 0.989 0.063 0.985 0.053 
0.040 0.988 0.070 0.980 1.000 
0.032 0.990 0.058 0.983 0.943 
0.035 0.992 0.089 0.968 0.069 
0.029 0.990 0.066 0.988 0.871 
0.027 0.993 0.071 0.983 0.909 
0.038 0.991 0.054 0.990 0.931 
0.027 0.992 0.059 0.980 0.953 
0.034 0.989 0.081 0.980 1.000 
0.030 0.990 0.065 0.990 0.997 
0.038 0.987 0.059 0.985 0.978 
0.026 0.993 0.088 0.978 0.852 
0.032 0.994 0.063 0.983 0.997 
0.022 0.993 0.074 0.978 1.000 
0.026 0.994 0.093 0.970 0.997 
0.031 0.992 0.053 0.983 1.000 
0.035 0.990 0.048 0.990 1.000 
0.022 0.992 0.072 0.980 0.774 
0.030 0.990 0.091 0.973 0.638 
0.026 0.993 0.060 0.985 0.170 
0.027 0.991 0.060 0.983 0.997 
0.031 0.992 0.062 0.983 0.786 
0.028 0.991 0.088 0.978 0.833 
0.035 0.989 0.071 0.985 0.937 
0.028 0.991 0.112 0.975 1.000 
0.029 0.993 0.064 0.980 0.491 
0.029 0.992 0.052 0.983 0.994 
0.026 0.991 0.065 0.983 1.000 
0.030 0.993 0.057 0.988 0.097 
0.023 0.995 0.055 0.988 0.701 
0.026 0.989 0.060 0.983 0.965 
0.021 0.993 0.067 0.983 0.903 
0.034 0.992 0.067 0.983 0.978 
0.032 0.990 0.067 0.983 1.000 
0.032 0.990 0.078 0.983 0.953 
0.039 0.989 0.066 0.983 0.145 
0.027 0.993 0.057 0.980 0.925 
0.024 0.991 0.049 0.988 0.503 
0.034 0.989 0.055 0.983 0.997 
0.031 0.991 0.052 0.983 0.208 
0.018 0.993 0.078 0.980 1.000 
0.026 0.995 0.053 0.988 0.975 
0.021 0.993 0.057 0.985 0.673 
0.025 0.993 0.069 0.983 0.418 
0.028 0.990 0.050 0.988 0.519 
0.025 0.992 0.058 0.983 0.962 
0.022 0.995 0.058 0.985 1.000 
0.029 0.992 0.069 0.983 0.934 
0.033 0.992 0.066 0.983 1.000 
0.039 0.992 0.060 0.985 0.846 
0.021 0.992 0.052 0.985 0.509 
0.030 0.993 0.055 0.985 1.000 
0.023 0.993 0.059 0.985 0.994 
0.023 0.993 0.070 0.983 1.000 
0.022 0.992 0.067 0.983 0.849 
0.024 0.993 0.051 0.988 1.000 
0.024 0.995 0.046 0.988 1.000 
0.030 0.992 0.058 0.983 1.000 
0.017 0.996 0.086 0.968 1.000 
0.031 0.991 0.063 0.983 0.997 
0.027 0.992 0.063 0.985 0.167 
0.027 0.992 0.055 0.985 0.997 
0.020 0.991 0.047 0.985 0.994 
0.026 0.991 0.049 0.988 0.959 
0.021 0.994 0.060 0.983 0.984 
0.031 0.992 0.075 0.980 0.937 
0.020 0.996 0.056 0.990 1.000 
0.024 0.991 0.048 0.983 0.956 
0.024 0.993 0.058 0.983 0.591 
0.025 0.993 0.063 0.993 1.000 
0.026 0.992 0.048 0.990 1.000 
0.021 0.995 0.079 0.983 0.994 
0.022 0.992 0.048 0.990 0.965 
0.023 0.993 0.047 0.988 0.994 
0.019 0.993 0.063 0.983 0.978 
0.028 0.993 0.065 0.983 0.987 
0.030 0.990 0.063 0.983 1.000 
0.026 0.992 0.081 0.988 0.909 
0.024 0.994 0.061 0.985 1.000 
0.024 0.993 0.066 0.985 0.928 
0.020 0.992 0.068 0.985 0.994 
0.020 0.995 0.065 0.983 0.956 
0.025 0.993 0.073 0.983 0.997 
0.029 0.993 0.063 0.983 1.000 
0.024 0.992 0.070 0.985 0.399 
0.024 0.993 0.056 0.985 0.899 
0.029 0.993 0.065 0.983 0.994 
0.024 0.993 0.054 0.985 0.997 
0.016 0.996 0.150 0.970 1.000 
0.028 0.992 0.060 0.985 0.975 
0.016 0.996 0.069 0.983 1.000 
0.029 0.992 0.081 0.978 1.000 
0.036 0.994 0.093 0.980 1.000 
0.024 0.991 0.058 0.985 1.000 
0.019 0.995 0.070 0.985 1.000 
0.015 0.996 0.069 0.985 1.000 
0.024 0.993 0.072 0.983 1.000 
0.025 0.992 0.067 0.980 0.991 
0.025 0.990 0.070 0.983 0.868 
0.016 0.997 0.055 0.985 0.783 
0.017 0.995 0.070 0.985 0.994 
0.025 0.991 0.076 0.990 1.000 
0.032 0.992 0.067 0.985 1.000 
0.040 0.990 0.057 0.983 1.000 
0.018 0.996 0.050 0.985 0.604 
0.023 0.991 0.060 0.988 0.780 
0.022 0.993 0.107 0.975 0.953 
0.023 0.993 0.096 0.980 0.962 
0.019 0.995 0.099 0.983 0.937 
0.022 0.992 0.072 0.983 0.503 
0.024 0.993 0.055 0.985 0.994 
0.025 0.993 0.087 0.983 0.016 
0.021 0.994 0.061 0.985 0.852 
0.018 0.993 0.086 0.983 0.956 
0.021 0.995 0.070 0.985 0.500 
0.031 0.994 0.045 0.990 0.906 
0.028 0.992 0.082 0.980 0.965 
0.025 0.994 0.092 0.983 0.994 
0.036 0.989 0.100 0.983 0.151 
0.020 0.992 0.067 0.985 0.956 
0.011 0.996 0.100 0.980 0.997 
0.036 0.992 0.075 0.988 1.000 
0.023 0.993 0.092 0.980 0.777 
0.015 0.995 0.058 0.988 0.987 
0.016 0.995 0.064 0.988 0.991 
0.014 0.996 0.078 0.985 0.997 
0.022 0.993 0.075 0.985 1.000 
0.020 0.995 0.070 0.983 1.000 
0.018 0.995 0.125 0.980 0.959 
0.020 0.994 0.078 0.983 0.994 
0.017 0.995 0.075 0.985 0.997 
0.021 0.993 0.059 0.983 0.972 
0.013 0.995 0.067 0.985 0.953 
0.016 0.995 0.062 0.985 0.855 
0.021 0.994 0.129 0.973 0.994 
0.017 0.996 0.077 0.978 0.997 
0.017 0.996 0.059 0.985 1.000 
0.022 0.993 0.078 0.980 1.000 
0.020 0.993 0.087 0.980 0.997 
0.017 0.996 0.047 0.993 1.000 
0.017 0.995 0.069 0.983 0.877 
0.028 0.993 0.086 0.983 1.000 
0.018 0.995 0.076 0.985 0.991 
0.021 0.993 0.081 0.985 0.965 
0.026 0.992 0.085 0.985 0.991 
0.025 0.992 0.064 0.985 1.000 
0.025 0.994 0.098 0.985 1.000 
0.015 0.996 0.096 0.988 0.987 
0.012 0.996 0.141 0.988 0.994 
0.020 0.995 0.090 0.988 0.994 
0.016 0.994 0.101 0.983 1.000 
0.022 0.995 0.109 0.983 0.987 
0.012 0.996 0.082 0.988 0.994 
0.018 0.993 0.165 0.983 0.934 
0.018 0.995 0.077 0.983 0.994 
0.019 0.995 0.100 0.983 0.994 
0.020 0.994 0.082 0.983 0.981 
0.024 0.992 0.093 0.980 0.214 
0.022 0.994 0.100 0.985 0.984 
0.024 0.993 0.127 0.983 0.915 
0.018 0.994 0.118 0.983 1.000 
0.010 0.996 0.126 0.985 1.000 
0.012 0.998 0.219 0.983 1.000 
0.021 0.995 0.078 0.985 0.987 
0.024 0.996 0.082 0.983 1.000 
0.030 0.991 0.092 0.985 0.997 
0.034 0.992 0.104 0.980 0.991 
0.016 0.996 0.109 0.983 0.994 
0.020 0.996 0.094 0.985 0.840 
0.034 0.992 0.098 0.983 0.994 
0.017 0.996 0.108 0.985 0.965 
0.019 0.996 0.118 0.983 0.909 
0.017 0.995 0.112 0.983 1.000 
0.019 0.992 0.110 0.983 0.953 
0.026 0.993 0.083 0.983 1.000 
0.022 0.993 0.121 0.983 0.997 
0.019 0.993 0.113 0.980 0.997 
0.028 0.993 0.072 0.985 1.000 
0.037 0.992 0.071 0.983 0.997 
0.008 0.999 0.092 0.983 1.000 
0.017 0.996 0.098 0.980 1.000 
0.026 0.990 0.091 0.983 1.000 
0.019 0.993 0.107 0.983 1.000 
0.027 0.993 0.075 0.978 0.991 
0.015 0.996 0.077 0.983 1.000 
0.014 0.994 0.083 0.985 0.984 
0.018 0.994 0.078 0.978 1.000 
0.029 0.992 0.060 0.983 1.000 
0.013 0.995 0.087 0.983 0.950 
0.012 0.996 0.111 0.983 0.783 
0.022 0.995 0.076 0.983 0.223 
0.015 0.995 0.072 0.978 1.000 
0.017 0.996 0.072 0.980 0.965 
0.025 0.992 0.080 0.983 0.978 
0.015 0.995 0.086 0.980 1.000 
0.014 0.996 0.081 0.983 1.000 
0.015 0.994 0.062 0.980 1.000 
0.016 0.996 0.110 0.980 0.987 
0.020 0.993 0.046 0.990 0.997 
0.032 0.994 0.058 0.983 0.997 
0.015 0.996 0.055 0.985 1.000 
0.026 0.993 0.102 0.980 0.566 
0.013 0.996 0.084 0.980 1.000 
0.014 0.994 0.070 0.985 0.997 
0.026 0.994 0.061 0.988 0.994 
0.015 0.995 0.169 0.983 0.664 
0.016 0.995 0.384 0.985 0.991 
0.033 0.992 0.130 0.983 0.638 
0.018 0.995 0.175 0.985 0.440 
0.026 0.993 0.107 0.985 0.947 
0.015 0.995 0.106 0.980 0.390 
0.014 0.996 0.154 0.983 0.830 
0.029 0.996 0.178 0.983 0.016 
0.017 0.996 0.090 0.985 0.645 
0.030 0.991 0.141 0.983 0.255 
0.016 0.995 0.155 0.983 0.997 
0.023 0.993 0.070 0.980 0.676 
0.036 0.991 0.122 0.980 0.915 
0.020 0.995 0.113 0.983 0.075 
0.017 0.997 0.113 0.983 0.135 
0.019 0.994 0.187 0.983 0.223 
0.019 0.995 0.108 0.965 0.940 
0.031 0.990 0.064 0.983 0.997 
0.018 0.993 0.044 0.988 0.997 
0.021 0.992 0.070 0.985 0.965 
0.013 0.996 0.087 0.985 0.453 
0.011 0.997 0.102 0.988 0.965 
0.010 0.997 0.108 0.983 0.956 
0.044 0.993 0.096 0.980 0.305 
0.020 0.996 0.138 0.983 0.072 
0.021 0.993 0.101 0.983 0.550 
0.017 0.996 0.100 0.983 0.261 
0.018 0.995 0.076 0.985 0.987 
0.017 0.995 0.093 0.980 0.774 
0.018 0.993 0.090 0.980 0.057 
0.016 0.996 0.095 0.983 0.987 
0.007 0.999 0.100 0.980 0.824 
0.016 0.996 0.180 0.983 0.038 
0.017 0.995 0.079 0.990 0.997 
0.015 0.996 0.110 0.978 0.396 
0.018 0.996 0.158 0.980 0.997 
0.014 0.995 0.073 0.983 1.000 
0.017 0.995 0.113 0.983 1.000 
0.013 0.995 0.143 0.983 1.000 
0.016 0.995 0.159 0.983 0.808 
0.022 0.993 0.088 0.983 0.978 
0.013 0.993 0.074 0.980 0.940 
0.019 0.993 0.508 0.940 0.028 
0.023 0.993 0.133 0.983 0.858 
0.018 0.995 0.087 0.985 0.994 
0.021 0.993 0.145 0.983 1.000 
0.064 0.992 0.217 0.983 1.000 
0.024 0.994 0.091 0.983 1.000 
0.012 0.996 0.105 0.983 0.994 
0.014 0.998 0.146 0.980 0.994 
0.015 0.995 0.123 0.980 1.000 
0.021 0.995 0.124 0.983 0.425 
0.015 0.996 0.089 0.985 1.000 
0.024 0.993 0.090 0.983 1.000 
0.019 0.995 0.266 0.980 0.975 
0.031 0.992 0.070 0.988 1.000 
0.016 0.996 0.097 0.980 0.997 
0.015 0.994 0.180 0.960 1.000 
0.026 0.995 0.073 0.985 0.997 
0.021 0.995 0.070 0.985 0.997 
0.020 0.992 0.097 0.983 0.972 
0.019 0.996 0.071 0.983 1.000 
0.011 0.997 0.130 0.983 0.991 
0.044 0.990 0.072 0.983 1.000 
0.015 0.995 0.093 0.983 0.997 
0.014 0.996 0.092 0.983 0.903 
0.018 0.997 0.131 0.978 0.994 
0.021 0.994 0.101 0.983 0.991 
0.021 0.994 0.151 0.980 0.739 
0.013 0.996 0.083 0.985 0.730 
0.008 0.997 0.098 0.980 0.997 
0.030 0.992 0.074 0.975 0.981 
0.011 0.997 0.059 0.988 0.811 
0.018 0.995 0.073 0.985 0.110 
0.024 0.992 0.057 0.985 0.594 
0.025 0.993 0.062 0.985 1.000 
0.011 0.995 0.066 0.983 1.000 
0.018 0.993 0.064 0.980 0.997 
0.018 0.995 0.069 0.985 0.975 
0.014 0.996 0.078 0.985 0.198 
0.030 0.993 0.071 0.983 0.997 
0.013 0.996 0.081 0.985 0.833 
0.017 0.996 0.066 0.983 0.981 
0.012 0.996 0.081 0.983 1.000 
0.022 0.994 0.070 0.980 0.962 
0.016 0.995 0.061 0.985 1.000 
0.008 0.997 0.084 0.985 0.984 
0.024 0.993 0.077 0.983 0.849 
0.018 0.995 0.061 0.983 0.906 
0.016 0.995 0.063 0.983 0.975 
0.020 0.994 0.082 0.980 0.434 
0.028 0.995 0.129 0.968 0.270 
0.018 0.995 0.107 0.983 0.333 
0.026 0.994 0.060 0.985 0.425 
0.026 0.993 0.054 0.988 0.997 
0.019 0.996 0.056 0.985 0.991 
0.012 0.994 0.067 0.983 0.928 
0.007 0.997 0.060 0.983 1.000 
0.021 0.996 0.058 0.983 1.000 
0.015 0.995 0.092 0.985 0.072 
0.006 0.998 0.076 0.985 0.997 
0.016 0.996 0.107 0.983 1.000 
0.015 0.997 0.076 0.985 0.377 
0.009 0.997 0.113 0.983 0.811 
0.014 0.995 0.083 0.985 0.991 
0.019 0.995 0.078 0.985 0.764 
0.020 0.997 0.091 0.975 0.415 
0.022 0.993 0.079 0.983 0.997 
0.015 0.995 0.088 0.980 0.981 
0.017 0.993 0.080 0.983 0.959 
0.015 0.996 0.098 0.978 0.789 
0.027 0.993 0.091 0.970 0.987 
0.015 0.996 0.070 0.983 1.000 
0.015 0.996 0.050 0.985 1.000 
0.018 0.995 0.058 0.983 0.997 
0.013 0.996 0.059 0.985 1.000 
0.018 0.996 0.092 0.983 0.972 
0.018 0.993 0.078 0.983 1.000 
0.018 0.995 0.072 0.983 0.981 
0.010 0.997 0.098 0.983 1.000 
0.016 0.996 0.079 0.983 0.799 
0.020 0.993 0.089 0.983 1.000 
0.021 0.996 0.072 0.985 1.000 
0.018 0.995 0.080 0.985 1.000 
0.016 0.995 0.091 0.980 1.000 
0.010 0.996 0.122 0.980 1.000 
0.029 0.990 0.092 0.985 0.799 
0.027 0.995 0.066 0.980 1.000 
0.006 0.998 0.111 0.983 0.887 
0.005 0.998 0.080 0.983 1.000 
0.018 0.993 0.098 0.980 0.987 
0.012 0.996 0.125 0.980 0.638 
0.009 0.998 0.125 0.983 0.535 
0.014 0.996 0.204 0.983 0.943 
0.042 0.993 0.087 0.985 0.154 
0.012 0.996 0.073 0.985 0.997 
0.009 0.997 0.186 0.963 0.667 
0.020 0.992 0.084 0.983 1.000 
0.008 0.997 0.090 0.983 0.972 
0.023 0.995 0.068 0.983 0.997 
0.019 0.993 0.061 0.985 1.000 
0.012 0.995 0.094 0.983 1.000 
0.015 0.996 0.069 0.985 0.962 
0.015 0.996 0.050 0.985 1.000 
0.010 0.998 0.080 0.985 0.994 
0.016 0.993 0.092 0.983 0.994 
0.014 0.995 0.249 0.980 0.881 
0.014 0.996 0.087 0.980 1.000 
0.004 0.998 0.110 0.980 0.909 
0.036 0.990 0.209 0.960 0.956 
0.012 0.996 0.113 0.983 1.000 
0.010 0.997 0.086 0.993 1.000 
0.027 0.993 0.097 0.983 0.912 
0.019 0.994 0.093 0.985 0.421 
0.011 0.996 0.122 0.985 0.632 
0.012 0.995 0.076 0.985 0.906 
0.027 0.992 0.067 0.985 0.814 
0.016 0.994 0.062 0.985 1.000 
0.010 0.996 0.056 0.985 1.000 
0.018 0.994 0.046 0.983 1.000 
0.016 0.994 0.071 0.985 0.836 
0.012 0.996 0.052 0.988 0.969 
0.015 0.998 0.066 0.985 0.516 
0.007 0.999 0.084 0.983 0.654 
0.042 0.990 0.053 0.983 0.031 
0.011 0.998 0.094 0.983 0.953 
0.023 0.992 0.078 0.980 0.881 
0.016 0.995 0.059 0.983 0.947 
0.014 0.995 0.065 0.983 0.994 
0.012 0.997 0.099 0.970 0.997 
0.007 0.998 0.073 0.980 0.978 
0.023 0.993 0.079 0.985 1.000 
0.009 0.997 0.097 0.983 0.862 
0.010 0.995 0.155 0.980 0.981 
0.019 0.992 0.057 0.985 1.000 
0.013 0.995 0.074 0.985 0.991 
0.015 0.996 0.066 0.985 0.997 
0.010 0.997 0.084 0.983 1.000 
0.016 0.996 0.092 0.983 0.720 
0.010 0.995 0.081 0.985 0.981 
0.017 0.995 0.082 0.983 1.000 
0.012 0.996 0.076 0.983 1.000 
0.010 0.998 0.089 0.985 1.000 
0.012 0.995 0.168 0.968 0.991 
0.013 0.996 0.082 0.985 0.997 
0.016 0.997 0.104 0.983 0.802 
0.012 0.998 0.076 0.983 1.000 
0.015 0.993 0.081 0.985 1.000 
0.005 0.997 0.130 0.983 0.997 
0.024 0.995 0.066 0.985 1.000 
0.010 0.998 0.140 0.960 0.950 
0.015 0.993 0.087 0.980 0.984 
0.008 0.998 0.078 0.983 0.997 
0.018 0.995 0.141 0.983 0.613 
0.017 0.995 0.134 0.965 0.962 
0.013 0.996 0.072 0.985 0.994 
0.010 0.996 0.232 0.983 0.997 
0.026 0.992 0.050 0.985 0.997 
0.020 0.995 0.260 0.975 0.566 
0.013 0.995 0.057 0.983 1.000 
0.024 0.993 0.200 0.975 0.981 
0.013 0.996 0.076 0.985 1.000 
0.019 0.995 0.089 0.983 0.994 
0.020 0.994 0.079 0.980 0.925 
0.005 0.998 0.126 0.980 0.997 
0.019 0.993 0.085 0.983 0.849 
0.012 0.996 0.072 0.985 0.997 
0.011 0.996 0.085 0.983 0.969 
0.019 0.994 0.061 0.985 0.997 
0.008 0.996 0.079 0.985 0.997 
0.012 0.994 0.066 0.988 1.000 
0.013 0.995 0.113 0.975 1.000 
0.015 0.994 0.074 0.985 0.758 
0.012 0.997 0.055 0.985 0.997 
0.022 0.993 0.054 0.985 0.893 
0.020 0.997 0.060 0.985 0.242 
0.015 0.997 0.055 0.985 0.962 
0.015 0.995 0.054 0.985 0.997 
0.009 0.998 0.078 0.980 0.981 
0.011 0.996 0.105 0.978 0.994 
0.011 0.999 0.083 0.983 0.123 
0.014 0.995 0.081 0.983 0.994 
0.016 0.995 0.047 0.988 0.975 
0.007 0.998 0.057 0.990 1.000 
0.023 0.995 0.054 0.985 0.582 
0.010 0.998 0.095 0.980 0.796 
0.010 0.998 0.055 0.993 1.000 
0.022 0.995 0.065 0.988 0.984 
0.008 0.997 0.113 0.980 0.752 
0.023 0.993 0.089 0.980 1.000 
0.023 0.992 0.089 0.985 0.415 
0.024 0.993 0.089 0.985 0.827 
0.016 0.994 0.055 0.985 0.972 
0.016 0.994 0.116 0.985 0.321 
0.013 0.994 0.135 0.983 0.494 
0.015 0.996 0.097 0.985 0.799 
0.012 0.995 0.132 0.978 0.522 
0.017 0.996 0.073 0.985 0.884 
0.011 0.996 0.156 0.985 0.025 
0.073 0.991 0.148 0.975 0.009 
0.016 0.995 0.107 0.985 0.560 
0.015 0.996 0.099 0.985 0.777 
0.017 0.995 0.078 0.985 0.906 
0.009 0.997 0.094 0.980 0.811 
0.009 0.998 0.109 0.980 0.997 
0.015 0.996 0.073 0.988 0.915 
0.016 0.994 0.116 0.985 0.940 
0.025 0.994 0.079 0.983 0.717 
0.008 0.997 0.070 0.985 1.000 
0.015 0.997 0.128 0.983 1.000 
0.025 0.992 0.159 0.985 0.928 
0.012 0.996 0.178 0.983 1.000 
0.028 0.993 0.120 0.985 1.000 
0.017 0.995 0.130 0.983 0.792 
0.010 0.997 0.183 0.985 0.682 
0.014 0.996 0.135 0.983 0.591 
0.016 0.996 0.108 0.983 0.151 
0.018 0.996 0.096 0.985 0.997 
0.016 0.995 0.074 0.985 0.997 
0.012 0.996 0.137 0.983 0.604 
0.024 0.993 0.083 0.993 0.579 
0.013 0.998 0.515 0.983 0.000 
0.020 0.994 0.078 0.983 0.204 
0.017 0.996 0.097 0.983 0.915 
0.019 0.995 0.099 0.983 0.981 
0.014 0.997 0.201 0.985 0.063 
0.016 0.996 0.096 0.983 0.101 
0.007 0.997 0.113 0.985 0.277 
0.024 0.992 0.139 0.980 0.783 
0.032 0.994 0.056 0.983 1.000 
0.012 0.997 0.115 0.983 0.318 
0.009 0.996 0.102 0.983 0.981 
0.012 0.998 0.077 0.983 0.997 
0.009 0.997 0.105 0.985 0.805 
0.006 0.998 0.110 0.983 0.808 
0.013 0.997 0.101 0.985 0.692 
0.017 0.995 0.107 0.985 0.274 
0.013 0.996 0.135 0.985 0.283 
0.009 0.997 0.156 0.980 0.478 
0.017 0.994 0.086 0.985 1.000 
0.013 0.998 0.095 0.985 0.997 
0.015 0.996 0.143 0.978 0.981 
0.040 0.995 0.098 0.978 0.991 
0.006 0.999 0.104 0.985 0.899 
0.017 0.995 0.092 0.985 0.991 
0.024 0.995 0.093 0.985 0.991 
0.010 0.996 0.091 0.985 0.969 
0.020 0.995 0.091 0.980 0.437 
0.022 0.994 0.358 0.980 0.107 
0.019 0.996 0.118 0.985 0.726 
0.011 0.995 0.462 0.973 0.003 
0.013 0.996 0.267 0.983 0.987 
0.030 0.992 0.220 0.978 0.965 
0.018 0.995 0.512 0.983 0.516 
0.013 0.997 0.245 0.983 0.629 
0.006 0.998 0.391 0.980 0.950 
0.015 0.993 0.239 0.983 0.245 
0.011 0.995 0.234 0.983 0.984 
0.015 0.995 0.074 0.988 0.991 
0.011 0.995 0.322 0.980 0.874 
0.012 0.997 0.122 0.988 0.984 
0.014 0.995 0.145 0.985 0.962 
0.011 0.996 0.164 0.980 0.981 
0.016 0.995 0.336 0.975 0.981 
0.009 0.998 0.421 0.980 0.286 
0.014 0.997 0.250 0.983 0.956 
0.049 0.993 0.135 0.983 0.981 
0.014 0.995 0.100 0.985 0.991 
0.011 0.996 0.161 0.985 0.723 
0.013 0.995 0.079 0.983 1.000 
0.011 0.995 0.128 0.985 0.984 
0.017 0.997 0.116 0.978 0.994 
0.011 0.996 0.084 0.980 1.000 
0.016 0.996 0.123 0.978 1.000 
0.015 0.995 0.108 0.983 0.994 
0.010 0.996 0.092 0.983 1.000 
0.014 0.996 0.119 0.983 1.000 
0.010 0.995 0.120 0.985 1.000 
0.013 0.998 0.102 0.983 0.997 
0.011 0.995 0.107 0.985 1.000 
0.027 0.993 0.118 0.978 1.000 
0.025 0.994 0.151 0.963 0.981 
0.013 0.995 0.149 0.983 0.997 
0.013 0.996 0.113 0.983 1.000 
0.022 0.996 0.145 0.975 1.000 
0.017 0.994 0.124 0.978 1.000 
0.016 0.996 0.109 0.983 1.000 
0.012 0.996 0.089 0.980 1.000 
0.012 0.997 0.113 0.983 1.000 
0.017 0.996 0.074 0.985 1.000 
0.021 0.994 0.134 0.983 0.984 
0.017 0.996 0.096 0.985 0.890 
0.010 0.996 0.110 0.985 1.000 
0.008 0.998 0.148 0.985 0.695 
0.025 0.992 0.078 0.983 0.997 
0.015 0.996 0.118 0.983 0.972 
0.012 0.996 0.136 0.983 0.821 
0.015 0.997 0.081 0.985 0.997 
0.010 0.997 0.073 0.983 0.997 
0.028 0.992 0.062 0.985 0.997 
0.014 0.996 0.077 0.983 1.000 
0.012 0.997 0.106 0.985 1.000 
0.020 0.994 0.073 0.983 1.000 
0.011 0.996 0.079 0.983 0.997 
0.016 0.995 0.092 0.983 0.871 
0.013 0.996 0.078 0.985 0.997 
0.012 0.996 0.113 0.983 0.742 
0.015 0.996 0.086 0.983 0.855 
0.014 0.995 0.117 0.980 0.623 
0.010 0.996 0.086 0.985 0.940 
0.016 0.993 0.107 0.985 0.557 
0.013 0.995 0.094 0.985 0.994 
0.016 0.995 0.086 0.983 0.997 
0.017 0.994 0.089 0.983 0.978 
0.019 0.993 0.114 0.978 0.440 
0.013 0.996 0.117 0.985 0.535 
0.016 0.996 0.083 0.983 1.000 
0.016 0.995 0.112 0.985 0.994 
0.020 0.995 0.162 0.978 0.987 
0.018 0.995 0.122 0.983 1.000 
0.019 0.995 0.104 0.980 0.956 
0.013 0.995 0.154 0.973 0.997 
0.023 0.993 0.092 0.985 1.000 
0.013 0.996 0.177 0.983 0.975 
0.016 0.993 0.099 0.983 0.994 
0.008 0.998 0.141 0.983 0.997 
0.033 0.996 0.070 0.980 1.000 
0.027 0.995 0.188 0.983 1.000 
0.023 0.994 0.105 0.980 1.000 
0.017 0.996 0.118 0.983 1.000 
0.016 0.995 0.119 0.980 1.000 
0.020 0.995 0.120 0.980 0.893 
0.012 0.997 0.114 0.985 0.981 
0.013 0.996 0.181 0.983 0.827 
0.014 0.996 0.209 0.983 0.994 
0.014 0.995 0.329 0.978 0.991 
0.013 0.996 0.153 0.983 0.991 
0.006 0.998 0.209 0.980 0.984 
0.023 0.996 0.149 0.983 0.984 
0.016 0.994 0.119 0.983 1.000 
0.005 0.998 0.217 0.980 0.862 
0.011 0.996 0.179 0.985 0.978 
0.013 0.997 0.153 0.980 0.953 
0.010 0.998 0.172 0.983 0.987 
0.012 0.996 0.142 0.985 0.994 
0.009 0.998 0.299 0.953 0.865 
0.012 0.994 0.194 0.985 0.994 
0.015 0.995 0.147 0.985 0.991 
0.015 0.996 0.198 0.983 0.984 
0.016 0.994 0.267 0.965 0.997 
0.012 0.996 0.196 0.983 0.987 
0.009 0.998 0.276 0.980 0.981 
0.012 0.995 0.541 0.978 0.742 
0.021 0.993 0.448 0.963 0.984 
0.007 0.998 0.425 0.983 0.994 
0.025 0.993 0.370 0.980 0.962 
0.008 0.998 0.185 0.980 0.997 
0.021 0.996 0.169 0.985 0.808 
0.026 0.994 0.091 0.980 1.000 
0.015 0.996 0.094 0.985 1.000 
0.013 0.996 0.085 0.985 0.994 
0.018 0.994 0.084 0.985 0.997 
0.014 0.996 0.091 0.985 1.000 
0.019 0.994 0.117 0.985 0.991 
0.008 0.998 0.199 0.983 0.274 
0.012 0.996 0.168 0.980 0.425 
0.019 0.995 0.093 0.985 1.000 
0.018 0.995 0.130 0.985 1.000 
0.018 0.993 0.104 0.983 1.000 
0.009 0.998 0.137 0.988 1.000 
0.014 0.996 0.154 0.980 1.000 
0.043 0.993 0.234 0.985 0.657 
0.024 0.994 0.289 0.983 1.000 
0.016 0.996 0.179 0.983 1.000 
0.006 0.999 0.123 0.983 1.000 
0.013 0.995 0.135 0.983 1.000 
0.014 0.995 0.285 0.980 1.000 
0.013 0.998 0.134 0.985 1.000 
0.011 0.998 0.122 0.985 0.994 
0.017 0.995 0.098 0.983 1.000 
0.019 0.992 0.130 0.980 1.000 
0.015 0.996 0.262 0.975 1.000 
0.011 0.996 0.116 0.983 1.000 
0.008 0.996 0.132 0.985 0.972 
0.014 0.996 0.111 0.983 1.000 
0.008 0.998 0.158 0.983 1.000 
0.009 0.996 0.110 0.985 1.000 
0.023 0.993 0.087 0.983 1.000 
0.010 0.997 0.152 0.983 1.000 
0.013 0.995 0.127 0.980 1.000 
0.011 0.998 0.121 0.980 0.991 
0.012 0.997 0.143 0.983 1.000 
0.014 0.996 0.113 0.985 1.000 
0.018 0.994 0.153 0.983 1.000 
0.011 0.996 0.171 0.980 0.903 
0.018 0.995 0.291 0.980 1.000 
0.016 0.996 0.302 0.983 1.000 
0.017 0.992 0.215 0.983 1.000 
0.014 0.997 0.130 0.978 1.000 
0.022 0.993 0.093 0.983 1.000 
0.013 0.998 0.098 0.985 1.000 
0.008 0.998 0.131 0.983 1.000 
0.012 0.995 0.091 0.983 1.000 
0.016 0.995 0.104 0.985 1.000 
0.010 0.997 0.129 0.985 0.997 
0.010 0.996 0.147 0.983 1.000 
0.010 0.996 0.100 0.983 0.997 
0.015 0.993 0.242 0.980 0.991 
0.085 0.986 0.059 0.983 0.991 
0.021 0.995 0.260 0.978 1.000 
0.007 0.998 0.204 0.983 0.994 
0.023 0.997 0.221 0.983 0.997 
0.017 0.997 0.400 0.983 0.997 
0.021 0.995 0.096 0.985 1.000 
0.014 0.995 0.242 0.980 0.997 
0.011 0.997 0.325 0.975 1.000 
0.007 0.998 0.463 0.983 1.000 
0.024 0.995 0.096 0.985 0.991 
0.013 0.995 0.163 0.973 0.912 
0.018 0.995 0.166 0.985 0.972 
0.018 0.996 0.086 0.985 1.000 
0.016 0.995 0.382 0.983 0.972 
0.016 0.996 0.081 0.983 0.997 
0.027 0.993 0.125 0.968 0.987 
0.013 0.997 0.183 0.975 0.648 
0.013 0.996 0.116 0.983 0.987 
0.018 0.995 0.292 0.983 0.981 
0.007 0.996 0.158 0.983 1.000 
0.012 0.996 0.137 0.983 0.987 
0.018 0.996 0.290 0.983 0.984 
0.012 0.996 0.330 0.983 0.987 
0.005 0.999 0.319 0.980 0.994 
0.006 0.998 0.185 0.983 1.000 
0.015 0.996 0.329 0.980 1.000 
0.007 0.998 0.220 0.983 1.000 
0.013 0.995 0.420 0.983 1.000 
0.007 0.998 0.685 0.983 0.994 
0.025 0.997 0.209 0.983 0.991 
0.007 0.998 0.175 0.983 0.972 
0.019 0.995 0.108 0.985 1.000 
0.019 0.996 0.100 0.980 1.000 
0.014 0.997 0.193 0.983 0.991 
0.011 0.996 0.215 0.983 0.978 
0.011 0.996 0.151 0.978 0.997 
0.009 0.996 0.128 0.983 0.997 
0.010 0.997 0.210 0.983 0.994 
0.023 0.993 0.213 0.983 0.969 
0.018 0.996 0.094 0.985 0.997 
0.009 0.998 0.222 0.983 1.000 
0.016 0.995 0.190 0.985 0.767 
0.017 0.995 0.152 0.983 0.937 
0.017 0.995 0.086 0.985 1.000 
0.007 0.998 0.172 0.985 0.991 
0.016 0.992 0.158 0.985 0.862 
0.012 0.995 0.166 0.985 0.874 
0.005 0.999 0.176 0.985 0.997 
0.007 0.998 0.343 0.983 1.000 
0.013 0.996 0.108 0.983 1.000 
0.014 0.996 0.773 0.983 0.991 
0.025 0.996 0.279 0.980 0.994 
0.078 0.993 0.429 0.975 0.997 
0.013 0.996 0.162 0.985 0.975 
0.011 0.998 0.252 0.978 0.994 
0.011 0.994 0.522 0.983 1.000 
0.023 0.996 0.113 0.983 0.997 
0.008 0.996 0.118 0.985 1.000 
0.023 0.993 0.116 0.985 0.987 
0.005 0.997 0.132 0.983 1.000 
0.027 0.993 0.063 0.988 1.000 
0.026 0.994 0.110 0.985 0.962 
0.016 0.995 0.118 0.983 0.997 
0.012 0.995 0.107 0.983 0.997 
0.009 0.997 0.094 0.985 0.997 
0.019 0.996 0.072 0.985 1.000 
0.008 0.998 0.092 0.985 1.000 
0.017 0.998 0.061 0.985 1.000 
0.016 0.995 0.070 0.985 1.000 
0.017 0.996 0.076 0.983 1.000 
0.012 0.996 0.090 0.985 1.000 
0.013 0.996 0.084 0.985 1.000 
0.006 0.999 0.120 0.990 1.000 
0.023 0.995 0.109 0.983 1.000 
0.012 0.996 0.221 0.990 0.991 
0.021 0.995 0.163 0.983 0.962 
0.015 0.995 0.229 0.985 0.698 
0.016 0.996 0.303 0.980 0.984 
0.011 0.995 0.159 0.983 0.997 
0.005 0.999 0.266 0.980 0.997 
0.007 0.998 0.561 0.980 0.943 
0.018 0.997 0.310 0.983 0.987 
0.013 0.996 0.099 0.985 0.890 
0.013 0.998 0.317 0.983 0.981 
0.017 0.996 0.404 0.980 0.928 
0.009 0.997 0.433 0.980 0.984 
0.016 0.996 0.445 0.980 0.984 
0.019 0.993 0.075 0.980 1.000 
0.014 0.996 0.072 0.983 0.994 
0.008 0.998 0.068 0.983 1.000 
0.012 0.998 0.128 0.983 0.877 
0.009 0.998 0.190 0.983 0.991 
0.014 0.995 0.086 0.985 1.000 
0.016 0.996 0.105 0.983 0.997 
0.012 0.997 0.097 0.983 0.997 
0.016 0.995 0.126 0.983 1.000 
0.008 0.999 0.206 0.980 1.000 
0.015 0.995 0.116 0.985 1.000 
0.009 0.998 0.218 0.983 1.000 
0.012 0.996 0.077 0.985 1.000 
0.008 0.998 0.223 0.980 0.921 
0.017 0.996 0.238 0.983 0.940 
0.014 0.995 0.448 0.980 0.987 
0.030 0.995 0.124 0.983 0.987 
0.024 0.997 0.083 0.985 0.997 
0.010 0.996 0.090 0.985 0.991 
0.015 0.995 0.114 0.980 0.997 
0.024 0.994 0.153 0.985 0.994 
0.031 0.996 0.129 0.978 0.956 
0.014 0.995 0.104 0.983 0.981 
0.006 0.999 0.131 0.980 0.991 
0.031 0.995 0.076 0.975 0.915 
0.013 0.996 0.075 0.980 0.997 
0.008 0.998 0.091 0.983 0.981 
0.012 0.996 0.082 0.990 1.000 
0.012 0.996 0.086 0.980 1.000 
0.026 0.997 0.157 0.975 0.997 
0.010 0.997 0.074 0.980 0.991 
0.025 0.995 0.061 0.985 1.000 
0.013 0.997 0.147 0.983 1.000 
0.013 0.996 0.095 0.988 1.000 
0.018 0.995 0.090 0.980 1.000 
0.011 0.996 0.098 0.980 1.000 
0.009 0.995 0.070 0.980 1.000 
0.009 0.997 0.097 0.985 0.997 
0.021 0.995 0.273 0.980 0.619 
0.015 0.996 0.110 0.983 1.000 
0.010 0.996 0.178 0.980 1.000 
0.021 0.995 0.180 0.980 1.000 
0.011 0.997 0.468 0.983 0.984 
0.045 0.990 0.094 0.980 1.000 
0.011 0.995 0.082 0.980 1.000 
0.011 0.997 0.106 0.983 1.000 
0.008 0.998 0.100 0.980 1.000 
0.012 0.996 0.164 0.983 1.000 
0.004 0.998 0.365 0.980 0.994 
0.013 0.996 0.279 0.978 1.000 
0.010 0.997 0.158 0.978 1.000 
0.006 0.998 0.260 0.975 1.000 
0.012 0.998 0.167 0.978 0.997 
0.024 0.993 0.092 0.980 1.000 
0.015 0.995 0.133 0.980 1.000 
0.009 0.996 0.121 0.983 1.000 
0.011 0.998 0.195 0.983 1.000 
0.007 0.997 0.085 0.980 1.000 
0.013 0.996 0.150 0.983 1.000 
0.017 0.994 0.161 0.980 1.000 
0.029 0.996 0.125 0.983 0.972 
0.018 0.994 0.082 0.985 1.000 
0.015 0.994 0.079 0.985 1.000 
0.009 0.998 0.104 0.980 1.000 
0.007 0.998 0.158 0.983 0.994 
0.008 0.998 0.072 0.983 1.000 
0.019 0.996 0.123 0.980 1.000 
0.012 0.998 0.082 0.985 1.000 
0.011 0.996 0.174 0.983 1.000 
0.024 0.994 0.364 0.983 0.994 
0.016 0.993 0.226 0.983 0.987 
0.007 0.997 0.416 0.980 0.991 
0.022 0.994 0.223 0.983 0.981 
0.014 0.995 0.212 0.980 1.000 
0.014 0.996 0.201 0.978 1.000 
0.008 0.998 0.279 0.980 0.956 
0.008 0.996 0.401 0.983 0.846 
0.024 0.992 0.128 0.980 0.975 
0.009 0.996 0.062 0.983 1.000 
0.007 0.998 0.414 0.983 0.909 
0.014 0.995 0.344 0.970 0.953 
0.020 0.993 0.371 0.965 0.997 
0.009 0.996 0.337 0.980 0.997 
0.012 0.996 0.498 0.973 0.991 
0.032 0.992 0.276 0.983 0.997 
0.011 0.997 0.226 0.983 0.997 
0.005 0.997 0.107 0.980 0.997 
0.014 0.996 0.167 0.983 0.991 
0.005 0.998 0.115 0.983 0.997 
0.007 0.996 0.193 0.983 0.994 
0.020 0.994 0.760 0.983 0.925 
0.012 0.996 0.645 0.983 0.978 
0.020 0.996 0.122 0.983 0.994 
0.012 0.996 0.084 0.985 0.991 
0.019 0.995 0.097 0.985 0.991 
0.012 0.996 0.091 0.985 1.000 
0.011 0.997 0.288 0.975 0.997 
0.007 0.998 0.135 0.983 1.000 
0.038 0.993 0.099 0.983 0.928 
0.005 0.999 0.083 0.985 0.987 
0.009 0.998 0.107 0.985 0.890 
0.016 0.995 0.249 0.983 0.912 
0.013 0.995 0.089 0.985 1.000 
0.015 0.995 0.123 0.983 0.987 
0.007 0.997 0.174 0.983 0.991 
0.011 0.997 0.182 0.980 0.987 
0.009 0.996 0.295 0.983 0.984 
0.013 0.997 0.093 0.985 0.969 
0.026 0.993 0.117 0.983 0.943 
0.015 0.996 0.109 0.983 0.994 
0.012 0.996 0.051 0.983 1.000 
0.014 0.995 0.095 0.985 0.984 
0.016 0.995 0.061 0.985 0.972 
0.021 0.995 0.124 0.985 0.692 
0.018 0.996 0.165 0.983 0.072 
0.018 0.995 0.058 0.985 0.686 
0.010 0.997 0.121 0.980 0.208 
0.013 0.996 0.046 0.985 1.000 
0.015 0.996 0.175 0.983 0.830 
0.011 0.996 0.261 0.980 0.937 
0.011 0.996 0.142 0.983 0.742 
0.003 0.999 0.186 0.983 0.371 
0.015 0.997 0.118 0.983 0.978 
0.013 0.996 0.344 0.980 0.874 
0.018 0.996 0.117 0.983 0.893 
0.012 0.998 0.271 0.980 0.956 
0.018 0.996 0.288 0.983 0.896 
0.017 0.995 0.219 0.983 0.984 
0.011 0.997 0.183 0.983 0.984 
0.007 0.999 0.151 0.980 0.981 
0.014 0.998 0.127 0.983 0.962 
0.017 0.995 0.266 0.983 0.978 
0.013 0.995 0.097 0.983 1.000 
0.012 0.995 0.319 0.983 0.994 
0.005 0.998 0.117 0.983 1.000 
0.014 0.996 0.115 0.980 0.997 
0.015 0.995 0.126 0.985 0.978 
0.015 0.994 0.113 0.983 0.997 
0.009 0.996 0.082 0.985 1.000 
0.040 0.996 0.369 0.985 0.978 
0.011 0.996 0.230 0.980 0.997 
0.008 0.998 0.277 0.980 0.997 
0.012 0.997 0.295 0.980 0.978 
0.022 0.994 0.117 0.978 1.000 
0.016 0.996 0.106 0.980 0.972 
0.012 0.996 0.110 0.983 0.862 
0.023 0.998 0.085 0.978 1.000 
0.025 0.995 0.075 0.990 0.965 
0.004 0.998 0.143 0.985 0.881 
0.012 0.996 0.110 0.983 0.827 
0.005 0.997 0.079 0.985 0.994 
0.009 0.999 0.168 0.983 0.755 
0.013 0.996 0.076 0.988 0.871 
0.005 0.998 0.148 0.983 0.726 
0.016 0.995 0.128 0.980 0.431 
0.017 0.996 0.048 0.985 0.987 
0.029 0.992 0.101 0.985 0.494 
0.009 0.998 0.094 0.988 0.994 
0.028 0.995 0.116 0.983 0.761 
0.013 0.995 0.111 0.980 0.755 
0.012 0.996 0.042 0.985 0.987 
0.010 0.996 0.058 0.983 0.984 
