0.311 0.875 0.153 0.935 0.893 
0.194 0.935 0.144 0.958 0.980 
0.125 0.957 0.163 0.955 0.993 
0.121 0.964 0.179 0.940 0.993 
0.113 0.964 0.150 0.970 0.964 
0.117 0.961 0.130 0.955 0.932 
0.092 0.968 0.126 0.955 0.987 
0.078 0.975 0.127 0.955 0.993 
0.082 0.973 0.136 0.953 0.997 
0.090 0.973 0.105 0.975 1.000 
0.086 0.974 0.133 0.953 0.980 
0.076 0.973 0.115 0.960 0.990 
0.077 0.975 0.100 0.968 1.000 
0.076 0.977 0.091 0.975 1.000 
0.075 0.982 0.109 0.973 1.000 
0.080 0.976 0.121 0.958 1.000 
0.056 0.984 0.082 0.975 1.000 
0.062 0.980 0.158 0.950 0.990 
0.078 0.977 0.179 0.950 0.997 
0.065 0.978 0.179 0.955 0.990 
0.066 0.978 0.117 0.960 0.987 
0.055 0.982 0.107 0.958 1.000 
0.066 0.977 0.122 0.953 1.000 
0.061 0.983 0.116 0.963 1.000 
0.056 0.985 0.087 0.978 1.000 
0.051 0.985 0.092 0.973 1.000 
0.053 0.985 0.092 0.973 1.000 
0.062 0.985 0.119 0.953 1.000 
0.050 0.986 0.104 0.973 1.000 
0.061 0.981 0.089 0.975 0.987 
0.056 0.980 0.129 0.960 1.000 
0.051 0.987 0.072 0.980 1.000 
0.050 0.986 0.103 0.960 1.000 
0.057 0.983 0.096 0.963 1.000 
0.054 0.986 0.115 0.965 0.961 
0.050 0.985 0.075 0.978 1.000 
0.047 0.988 0.096 0.968 0.993 
0.054 0.984 0.084 0.973 1.000 
0.043 0.986 0.093 0.963 1.000 
0.052 0.984 0.089 0.975 0.980 
0.047 0.989 0.093 0.965 1.000 
0.043 0.988 0.072 0.978 1.000 
0.039 0.986 0.094 0.973 1.000 
0.048 0.988 0.094 0.978 1.000 
0.038 0.989 0.079 0.975 1.000 
0.053 0.982 0.073 0.978 1.000 
0.039 0.988 0.090 0.975 1.000 
0.047 0.989 0.063 0.983 1.000 
0.035 0.990 0.100 0.968 1.000 
0.048 0.988 0.092 0.965 1.000 
0.042 0.988 0.092 0.965 0.997 
0.042 0.988 0.074 0.980 1.000 
0.035 0.992 0.078 0.978 1.000 
0.037 0.990 0.086 0.983 1.000 
0.042 0.988 0.084 0.973 1.000 
0.037 0.989 0.081 0.980 0.971 
0.035 0.987 0.071 0.978 1.000 
0.039 0.986 0.075 0.980 1.000 
0.041 0.993 0.164 0.943 1.000 
0.038 0.990 0.070 0.980 1.000 
0.036 0.991 0.069 0.983 1.000 
0.036 0.992 0.059 0.983 0.997 
0.041 0.988 0.068 0.980 1.000 
0.042 0.989 0.078 0.980 1.000 
0.036 0.989 0.086 0.975 0.990 
0.046 0.986 0.064 0.978 1.000 
0.042 0.988 0.068 0.988 0.997 
0.037 0.989 0.063 0.983 0.997 
0.048 0.989 0.086 0.980 0.997 
0.033 0.992 0.083 0.980 0.984 
0.037 0.989 0.065 0.978 1.000 
0.035 0.989 0.078 0.975 1.000 
0.031 0.993 0.060 0.980 1.000 
0.035 0.992 0.080 0.975 1.000 
0.041 0.989 0.067 0.980 0.997 
0.036 0.990 0.071 0.983 0.993 
0.034 0.990 0.084 0.975 1.000 
0.032 0.991 0.179 0.960 1.000 
0.032 0.988 0.133 0.960 0.987 
0.041 0.989 0.065 0.985 1.000 
0.035 0.992 0.063 0.985 1.000 
0.038 0.988 0.061 0.983 1.000 
0.030 0.991 0.068 0.978 0.997 
0.061 0.986 0.073 0.983 1.000 
0.035 0.990 0.065 0.980 1.000 
0.039 0.989 0.066 0.983 1.000 
0.034 0.993 0.094 0.975 0.980 
0.029 0.995 0.084 0.975 1.000 
0.039 0.987 0.096 0.973 1.000 
0.032 0.992 0.065 0.983 1.000 
0.036 0.990 0.096 0.968 0.893 
0.030 0.993 0.087 0.975 1.000 
0.031 0.992 0.081 0.975 0.967 
0.038 0.987 0.066 0.983 1.000 
0.027 0.993 0.082 0.978 0.990 
0.035 0.991 0.060 0.980 0.997 
0.023 0.996 0.061 0.980 1.000 
0.036 0.992 0.076 0.975 1.000 
0.033 0.992 0.057 0.983 1.000 
0.026 0.993 0.060 0.980 1.000 
0.033 0.992 0.075 0.978 1.000 
0.032 0.989 0.071 0.978 1.000 
0.037 0.992 0.073 0.978 1.000 
0.037 0.990 0.067 0.978 1.000 
0.038 0.989 0.093 0.965 0.964 
0.033 0.992 0.062 0.988 1.000 
0.031 0.992 0.055 0.985 1.000 
0.023 0.995 0.053 0.983 1.000 
0.030 0.992 0.065 0.985 1.000 
0.030 0.992 0.061 0.980 0.993 
0.029 0.991 0.071 0.978 1.000 
0.024 0.993 0.073 0.980 1.000 
0.034 0.989 0.070 0.983 0.902 
0.030 0.992 0.050 0.985 1.000 
0.037 0.990 0.059 0.983 1.000 
0.028 0.993 0.059 0.983 1.000 
0.034 0.990 0.071 0.978 1.000 
0.030 0.994 0.057 0.983 0.671 
0.036 0.990 0.082 0.983 1.000 
0.022 0.992 0.075 0.980 1.000 
0.022 0.995 0.077 0.980 0.993 
0.024 0.993 0.083 0.978 1.000 
0.030 0.990 0.091 0.983 1.000 
0.037 0.992 0.081 0.973 1.000 
0.032 0.992 0.057 0.985 1.000 
0.025 0.992 0.064 0.983 1.000 
0.025 0.993 0.062 0.983 1.000 
0.037 0.989 0.073 0.983 1.000 
0.030 0.993 0.057 0.988 1.000 
0.017 0.995 0.072 0.983 1.000 
0.018 0.996 0.078 0.985 1.000 
0.030 0.992 0.085 0.978 0.993 
0.022 0.995 0.055 0.985 1.000 
0.026 0.995 0.053 0.985 1.000 
0.040 0.989 0.060 0.985 1.000 
0.032 0.991 0.087 0.980 0.990 
0.043 0.989 0.063 0.980 1.000 
0.033 0.989 0.067 0.980 1.000 
0.027 0.992 0.071 0.983 1.000 
0.027 0.995 0.054 0.985 1.000 
0.020 0.995 0.051 0.983 1.000 
0.028 0.992 0.064 0.985 1.000 
0.019 0.996 0.075 0.988 1.000 
0.024 0.995 0.083 0.983 1.000 
0.026 0.993 0.057 0.983 1.000 
0.023 0.995 0.049 0.985 1.000 
0.025 0.993 0.046 0.990 1.000 
0.033 0.988 0.091 0.980 0.850 
0.040 0.991 0.054 0.988 0.935 
0.035 0.991 0.061 0.983 1.000 
0.041 0.989 0.067 0.983 0.980 
0.026 0.992 0.055 0.985 1.000 
0.033 0.990 0.070 0.975 1.000 
0.028 0.992 0.076 0.980 1.000 
0.032 0.992 0.073 0.985 1.000 
0.032 0.991 0.106 0.983 1.000 
0.029 0.994 0.082 0.980 1.000 
0.020 0.995 0.078 0.975 1.000 
0.026 0.993 0.100 0.983 0.997 
0.033 0.992 0.069 0.983 1.000 
0.020 0.994 0.054 0.983 0.922 
0.022 0.995 0.056 0.983 0.765 
0.028 0.993 0.075 0.983 0.860 
0.024 0.993 0.104 0.978 0.782 
0.023 0.993 0.081 0.975 1.000 
0.032 0.990 0.055 0.985 1.000 
0.023 0.995 0.069 0.980 1.000 
0.021 0.996 0.073 0.983 1.000 
0.026 0.992 0.084 0.980 1.000 
0.026 0.992 0.049 0.988 1.000 
0.034 0.987 0.054 0.983 0.997 
0.026 0.993 0.064 0.985 1.000 
0.028 0.992 0.068 0.980 1.000 
0.023 0.993 0.081 0.985 1.000 
0.032 0.993 0.055 0.983 1.000 
0.025 0.993 0.061 0.988 1.000 
0.037 0.992 0.082 0.978 1.000 
0.026 0.993 0.059 0.983 1.000 
0.021 0.996 0.081 0.978 1.000 
0.020 0.995 0.052 0.983 1.000 
0.017 0.996 0.113 0.968 1.000 
0.025 0.993 0.064 0.983 1.000 
0.025 0.990 0.057 0.988 1.000 
0.026 0.990 0.035 0.990 1.000 
0.026 0.995 0.054 0.985 0.997 
0.019 0.995 0.042 0.988 0.990 
0.027 0.993 0.041 0.988 1.000 
0.024 0.992 0.055 0.985 1.000 
0.025 0.993 0.063 0.983 0.987 
0.032 0.994 0.057 0.983 1.000 
0.021 0.994 0.084 0.963 0.990 
0.027 0.992 0.078 0.983 1.000 
0.021 0.994 0.111 0.958 1.000 
0.025 0.994 0.073 0.985 1.000 
0.027 0.991 0.080 0.988 1.000 
0.026 0.990 0.083 0.980 0.997 
0.025 0.994 0.077 0.983 1.000 
0.025 0.990 0.065 0.983 1.000 
0.025 0.995 0.077 0.978 1.000 
0.022 0.995 0.066 0.985 1.000 
0.020 0.995 0.109 0.978 0.808 
0.023 0.993 0.085 0.980 0.990 
0.018 0.993 0.059 0.983 1.000 
0.027 0.992 0.068 0.983 0.928 
0.018 0.995 0.055 0.980 1.000 
0.025 0.993 0.058 0.980 0.912 
0.023 0.993 0.054 0.983 0.997 
0.027 0.992 0.047 0.985 0.971 
0.021 0.995 0.045 0.988 0.984 
0.017 0.995 0.045 0.985 0.990 
0.022 0.994 0.045 0.985 1.000 
0.021 0.995 0.058 0.985 0.997 
0.028 0.993 0.049 0.988 0.990 
0.011 0.998 0.052 0.985 1.000 
0.024 0.993 0.074 0.980 0.775 
0.021 0.994 0.050 0.988 0.990 
0.045 0.990 0.049 0.988 1.000 
0.009 0.997 0.050 0.985 1.000 
0.021 0.995 0.049 0.988 1.000 
0.020 0.995 0.049 0.985 1.000 
0.022 0.993 0.052 0.985 0.990 
0.031 0.990 0.065 0.988 1.000 
0.013 0.997 0.044 0.988 1.000 
0.025 0.992 0.059 0.983 1.000 
0.022 0.995 0.094 0.985 1.000 
0.019 0.995 0.047 0.983 1.000 
0.019 0.996 0.074 0.975 1.000 
0.018 0.995 0.061 0.978 0.997 
0.019 0.993 0.097 0.985 1.000 
0.032 0.991 0.054 0.983 0.879 
0.014 0.995 0.046 0.983 0.997 
0.015 0.995 0.074 0.978 0.948 
0.012 0.998 0.062 0.983 0.990 
0.017 0.993 0.084 0.985 0.925 
0.022 0.994 0.052 0.980 1.000 
0.018 0.994 0.078 0.980 0.941 
0.015 0.997 0.044 0.985 1.000 
0.025 0.990 0.066 0.983 0.980 
0.025 0.993 0.056 0.985 1.000 
0.039 0.993 0.053 0.985 1.000 
0.020 0.996 0.063 0.983 1.000 
0.031 0.993 0.086 0.978 0.997 
0.012 0.998 0.179 0.978 0.997 
0.021 0.994 0.061 0.980 1.000 
0.024 0.992 0.117 0.973 0.381 
0.023 0.993 0.065 0.983 0.997 
0.030 0.993 0.092 0.980 0.915 
0.029 0.994 0.087 0.983 0.980 
0.023 0.993 0.096 0.983 1.000 
0.026 0.993 0.067 0.980 1.000 
0.028 0.992 0.068 0.980 1.000 
0.016 0.996 0.094 0.978 0.997 
0.019 0.996 0.060 0.983 1.000 
0.034 0.992 0.076 0.983 0.974 
0.023 0.994 0.095 0.975 0.710 
0.024 0.993 0.046 0.985 1.000 
0.020 0.993 0.073 0.983 0.997 
0.016 0.996 0.078 0.975 0.990 
0.019 0.996 0.042 0.988 1.000 
0.016 0.996 0.054 0.980 1.000 
0.032 0.993 0.094 0.963 1.000 
0.026 0.990 0.046 0.988 1.000 
0.019 0.995 0.058 0.985 0.984 
0.017 0.996 0.090 0.975 0.993 
0.033 0.992 0.070 0.978 0.993 
0.021 0.995 0.076 0.980 1.000 
0.017 0.996 0.080 0.975 1.000 
0.044 0.990 0.078 0.973 0.993 
0.021 0.995 0.041 0.985 0.997 
0.020 0.994 0.046 0.988 0.984 
0.026 0.994 0.058 0.983 0.622 
0.023 0.995 0.092 0.985 0.993 
0.023 0.994 0.076 0.988 0.980 
0.020 0.994 0.058 0.988 0.577 
0.027 0.993 0.047 0.988 1.000 
0.022 0.994 0.101 0.983 0.974 
0.023 0.993 0.122 0.985 1.000 
0.023 0.993 0.088 0.965 0.984 
0.020 0.995 0.063 0.983 1.000 
0.024 0.993 0.078 0.975 0.889 
0.020 0.995 0.066 0.975 0.987 
0.027 0.995 0.061 0.985 0.987 
0.020 0.994 0.035 0.988 0.997 
0.026 0.992 0.038 0.988 0.987 
0.022 0.993 0.060 0.983 0.951 
0.010 0.996 0.031 0.990 0.980 
0.025 0.992 0.046 0.988 0.365 
0.018 0.995 0.045 0.985 0.300 
0.013 0.997 0.069 0.980 0.990 
0.020 0.992 0.045 0.985 0.993 
0.019 0.996 0.037 0.990 0.704 
0.024 0.995 0.059 0.978 0.993 
0.017 0.998 0.060 0.983 0.984 
0.020 0.993 0.054 0.990 1.000 
0.029 0.992 0.060 0.988 1.000 
0.022 0.995 0.075 0.985 1.000 
0.025 0.992 0.074 0.978 0.997 
0.020 0.996 0.051 0.983 0.997 
0.040 0.992 0.051 0.985 0.919 
0.017 0.994 0.087 0.980 0.990 
0.016 0.995 0.078 0.975 0.987 
0.024 0.992 0.053 0.983 1.000 
0.017 0.994 0.060 0.980 1.000 
0.023 0.992 0.063 0.980 1.000 
0.009 0.997 0.049 0.985 1.000 
0.025 0.992 0.051 0.985 1.000 
0.015 0.996 0.051 0.983 1.000 
0.029 0.993 0.058 0.985 1.000 
0.033 0.992 0.081 0.978 0.769 
0.018 0.995 0.048 0.983 0.997 
0.013 0.995 0.084 0.970 0.997 
0.010 0.995 0.090 0.983 0.997 
0.018 0.995 0.083 0.980 0.980 
0.017 0.996 0.049 0.985 1.000 
0.016 0.995 0.093 0.980 1.000 
0.015 0.996 0.069 0.973 0.997 
0.012 0.998 0.070 0.978 1.000 
0.027 0.993 0.098 0.975 0.928 
0.025 0.993 0.108 0.973 0.779 
0.047 0.992 0.090 0.978 0.987 
0.011 0.996 0.069 0.985 0.997 
0.020 0.995 0.073 0.983 0.990 
0.018 0.995 0.064 0.980 0.993 
0.022 0.995 0.083 0.985 0.883 
0.013 0.996 0.094 0.983 0.997 
0.022 0.994 0.109 0.980 0.993 
0.016 0.995 0.059 0.975 0.997 
0.019 0.993 0.045 0.988 1.000 
0.017 0.995 0.054 0.983 1.000 
0.015 0.996 0.066 0.983 0.997 
0.018 0.994 0.092 0.983 0.967 
0.020 0.992 0.064 0.988 0.997 
0.020 0.995 0.113 0.983 0.993 
0.030 0.992 0.086 0.975 0.987 
0.023 0.994 0.078 0.975 0.997 
0.020 0.995 0.043 0.988 1.000 
0.019 0.995 0.069 0.983 1.000 
0.015 0.995 0.086 0.980 0.573 
0.025 0.994 0.065 0.988 0.990 
0.020 0.993 0.081 0.975 0.902 
0.016 0.994 0.084 0.978 0.961 
0.015 0.994 0.043 0.988 1.000 
0.020 0.992 0.057 0.980 0.993 
0.034 0.992 0.051 0.985 1.000 
0.016 0.996 0.059 0.985 0.215 
0.019 0.996 0.040 0.988 1.000 
0.011 0.996 0.031 0.990 0.997 
0.035 0.993 0.044 0.990 1.000 
0.014 0.995 0.047 0.985 1.000 
0.008 0.998 0.047 0.985 1.000 
0.022 0.994 0.046 0.985 0.997 
0.025 0.992 0.055 0.978 0.997 
0.018 0.994 0.046 0.983 1.000 
0.021 0.995 0.044 0.988 1.000 
0.022 0.993 0.057 0.988 0.993 
0.028 0.993 0.075 0.973 0.974 
0.021 0.993 0.049 0.980 1.000 
0.017 0.995 0.054 0.993 0.987 
0.025 0.994 0.062 0.983 0.919 
0.018 0.997 0.047 0.988 0.993 
0.029 0.993 0.122 0.978 0.775 
0.019 0.995 0.099 0.978 0.909 
0.015 0.995 0.137 0.980 0.948 
0.009 0.997 0.326 0.978 0.902 
0.023 0.995 0.054 0.985 0.980 
0.022 0.995 0.053 0.985 1.000 
0.019 0.993 0.088 0.983 0.945 
0.021 0.995 0.032 0.990 1.000 
0.013 0.995 0.041 0.993 0.993 
0.044 0.992 0.087 0.980 0.993 
0.013 0.995 0.087 0.985 0.993 
0.011 0.996 0.045 0.990 1.000 
0.024 0.993 0.093 0.983 1.000 
0.021 0.994 0.078 0.983 1.000 
0.025 0.992 0.042 0.988 1.000 
0.017 0.995 0.050 0.988 1.000 
0.018 0.993 0.074 0.983 1.000 
0.021 0.992 0.054 0.990 1.000 
0.020 0.993 0.064 0.985 1.000 
0.017 0.996 0.071 0.983 1.000 
0.016 0.997 0.099 0.973 0.993 
0.018 0.993 0.092 0.988 1.000 
0.016 0.995 0.059 0.985 0.997 
0.008 0.996 0.231 0.983 0.990 
0.013 0.996 0.137 0.985 1.000 
0.016 0.995 0.128 0.978 0.987 
0.022 0.994 0.108 0.985 1.000 
0.016 0.996 0.118 0.983 0.987 
0.036 0.990 0.117 0.985 1.000 
0.023 0.997 0.102 0.973 1.000 
0.021 0.993 0.077 0.980 0.980 
0.023 0.994 0.074 0.975 0.997 
0.019 0.996 0.059 0.985 1.000 
0.021 0.992 0.073 0.978 1.000 
0.016 0.994 0.116 0.965 0.951 
0.020 0.996 0.063 0.983 1.000 
0.011 0.996 0.109 0.983 0.977 
0.014 0.996 0.146 0.978 0.997 
0.017 0.995 0.060 0.983 0.993 
0.018 0.993 0.067 0.985 1.000 
0.024 0.995 0.067 0.983 1.000 
0.006 0.997 0.183 0.978 0.993 
0.033 0.990 0.048 0.985 1.000 
0.015 0.995 0.059 0.985 1.000 
0.013 0.997 0.042 0.985 1.000 
0.013 0.995 0.060 0.983 1.000 
0.019 0.996 0.049 0.985 1.000 
0.012 0.995 0.070 0.983 1.000 
0.039 0.993 0.051 0.985 1.000 
0.014 0.995 0.110 0.978 0.980 
0.014 0.996 0.056 0.990 1.000 
0.019 0.995 0.053 0.985 1.000 
0.021 0.996 0.054 0.985 1.000 
0.022 0.993 0.054 0.980 0.997 
0.012 0.997 0.072 0.983 0.997 
0.021 0.993 0.168 0.983 0.909 
0.023 0.992 0.038 0.990 0.997 
0.016 0.996 0.102 0.980 0.883 
0.012 0.997 0.108 0.988 0.997 
0.023 0.994 0.130 0.983 0.642 
0.015 0.996 0.050 0.985 0.964 
0.014 0.998 0.056 0.985 0.990 
0.021 0.993 0.072 0.975 0.993 
0.017 0.995 0.067 0.985 0.980 
0.015 0.998 0.040 0.990 1.000 
0.017 0.993 0.100 0.968 0.997 
0.027 0.994 0.086 0.978 0.997 
0.021 0.995 0.086 0.978 0.997 
0.022 0.996 0.062 0.978 0.997 
0.024 0.993 0.099 0.980 0.993 
0.018 0.993 0.130 0.975 0.984 
0.021 0.996 0.061 0.985 1.000 
0.019 0.995 0.056 0.985 1.000 
0.025 0.995 0.112 0.983 0.945 
0.018 0.997 0.087 0.975 0.997 
0.016 0.996 0.089 0.980 1.000 
0.016 0.996 0.034 0.993 1.000 
0.014 0.996 0.076 0.978 1.000 
0.011 0.996 0.115 0.965 0.993 
0.017 0.995 0.161 0.978 0.984 
0.015 0.996 0.180 0.978 0.984 
0.035 0.994 0.061 0.988 1.000 
0.022 0.994 0.085 0.983 0.993 
0.019 0.996 0.062 0.983 0.997 
0.008 0.996 0.183 0.978 0.977 
0.011 0.996 0.073 0.988 0.987 
0.018 0.997 0.054 0.990 0.990 
0.018 0.995 0.044 0.985 0.990 
0.015 0.995 0.053 0.983 1.000 
0.024 0.993 0.065 0.980 0.954 
0.023 0.995 0.051 0.980 1.000 
0.021 0.993 0.042 0.988 1.000 
0.028 0.993 0.057 0.988 1.000 
0.019 0.993 0.040 0.985 1.000 
0.010 0.998 0.113 0.980 1.000 
0.010 0.995 0.118 0.980 0.993 
0.019 0.995 0.090 0.985 1.000 
0.014 0.995 0.039 0.985 1.000 
0.016 0.995 0.040 0.985 0.997 
0.021 0.995 0.054 0.983 1.000 
0.019 0.994 0.069 0.985 1.000 
0.022 0.995 0.078 0.975 0.997 
0.032 0.994 0.091 0.983 0.997 
0.028 0.996 0.048 0.985 1.000 
0.014 0.995 0.048 0.985 1.000 
0.012 0.995 0.043 0.988 1.000 
0.025 0.995 0.037 0.990 1.000 
0.023 0.993 0.048 0.980 0.997 
0.028 0.995 0.036 0.990 1.000 
0.009 0.996 0.041 0.990 1.000 
0.021 0.995 0.051 0.985 1.000 
0.010 0.999 0.057 0.985 1.000 
0.023 0.995 0.050 0.985 1.000 
0.015 0.996 0.075 0.983 0.993 
0.011 0.997 0.074 0.983 1.000 
0.026 0.995 0.064 0.990 1.000 
0.017 0.996 0.046 0.988 1.000 
0.021 0.993 0.098 0.965 1.000 
0.015 0.996 0.053 0.983 1.000 
0.019 0.995 0.053 0.988 1.000 
0.019 0.995 0.057 0.985 1.000 
0.021 0.993 0.079 0.975 0.993 
0.014 0.995 0.045 0.985 1.000 
0.024 0.996 0.043 0.985 0.997 
0.014 0.996 0.060 0.985 0.997 
0.016 0.995 0.107 0.978 0.997 
0.014 0.996 0.113 0.980 0.980 
0.013 0.996 0.111 0.983 0.997 
0.007 0.998 0.077 0.983 0.997 
0.021 0.994 0.123 0.978 0.980 
0.015 0.995 0.109 0.983 0.987 
0.018 0.995 0.089 0.980 0.971 
0.020 0.996 0.061 0.983 0.990 
0.016 0.997 0.101 0.980 0.993 
0.031 0.993 0.072 0.980 0.993 
0.021 0.996 0.114 0.980 0.945 
0.017 0.996 0.045 0.988 0.990 
0.009 0.995 0.061 0.980 0.993 
0.033 0.993 0.063 0.988 0.997 
0.017 0.995 0.115 0.983 0.993 
0.012 0.998 0.094 0.980 0.997 
0.019 0.994 0.141 0.975 0.993 
0.020 0.993 0.078 0.970 0.984 
0.019 0.994 0.063 0.985 1.000 
0.023 0.995 0.039 0.993 0.993 
0.027 0.995 0.058 0.978 0.993 
0.019 0.995 0.167 0.978 0.993 
0.039 0.994 0.090 0.978 1.000 
0.019 0.994 0.059 0.978 1.000 
0.023 0.994 0.077 0.975 0.997 
0.013 0.995 0.081 0.990 1.000 
0.019 0.996 0.050 0.980 0.997 
0.012 0.996 0.086 0.988 1.000 
0.015 0.996 0.056 0.985 0.997 
0.020 0.993 0.046 0.990 1.000 
0.013 0.998 0.091 0.990 1.000 
0.015 0.995 0.108 0.980 1.000 
0.013 0.995 0.113 0.978 0.879 
0.018 0.996 0.040 0.990 1.000 
0.018 0.996 0.076 0.978 1.000 
0.018 0.995 0.055 0.990 0.993 
0.013 0.995 0.217 0.980 0.987 
0.012 0.997 0.103 0.985 0.990 
0.024 0.993 0.079 0.975 0.980 
0.023 0.995 0.119 0.980 0.980 
0.017 0.995 0.280 0.978 0.987 
0.016 0.996 0.153 0.978 0.980 
0.048 0.995 0.031 0.990 0.993 
0.019 0.997 0.074 0.978 1.000 
0.024 0.993 0.066 0.975 0.990 
0.019 0.996 0.057 0.980 1.000 
0.016 0.996 0.065 0.983 1.000 
0.013 0.996 0.087 0.983 0.997 
0.007 0.997 0.173 0.978 0.997 
0.048 0.990 0.062 0.980 1.000 
0.023 0.995 0.051 0.985 1.000 
0.010 0.998 0.071 0.988 1.000 
0.016 0.996 0.077 0.985 1.000 
0.020 0.993 0.058 0.988 1.000 
0.009 0.998 0.059 0.985 1.000 
0.018 0.995 0.048 0.988 1.000 
0.018 0.996 0.056 0.983 1.000 
0.019 0.993 0.035 0.988 1.000 
0.010 0.998 0.053 0.993 1.000 
0.015 0.996 0.044 0.990 1.000 
0.014 0.995 0.119 0.960 0.857 
0.022 0.994 0.070 0.983 1.000 
0.041 0.995 0.045 0.988 1.000 
0.023 0.997 0.068 0.985 0.997 
0.023 0.995 0.062 0.980 0.997 
0.021 0.996 0.053 0.980 1.000 
0.025 0.995 0.064 0.988 1.000 
0.019 0.995 0.036 0.990 0.993 
0.013 0.998 0.033 0.990 0.993 
0.013 0.995 0.079 0.985 0.990 
0.015 0.995 0.059 0.975 0.997 
0.018 0.993 0.094 0.983 0.993 
0.011 0.995 0.076 0.975 0.993 
0.014 0.995 0.165 0.983 0.993 
0.023 0.995 0.062 0.985 0.997 
0.022 0.995 0.044 0.988 1.000 
0.035 0.993 0.074 0.973 1.000 
0.012 0.997 0.081 0.973 1.000 
0.022 0.994 0.063 0.983 1.000 
0.015 0.994 0.062 0.985 1.000 
0.021 0.993 0.040 0.988 1.000 
0.017 0.997 0.110 0.983 0.984 
0.009 0.998 0.072 0.970 0.993 
0.026 0.993 0.064 0.978 1.000 
0.013 0.996 0.063 0.983 1.000 
0.014 0.998 0.043 0.988 1.000 
0.015 0.996 0.063 0.980 0.997 
0.009 0.996 0.091 0.975 0.993 
0.009 0.996 0.105 0.985 0.993 
0.035 0.995 0.115 0.988 1.000 
0.016 0.995 0.128 0.970 0.997 
0.015 0.996 0.198 0.983 0.993 
0.014 0.995 0.124 0.980 1.000 
0.014 0.997 0.080 0.985 1.000 
0.012 0.996 0.279 0.983 0.993 
0.015 0.995 0.153 0.980 0.993 
0.017 0.995 0.081 0.973 1.000 
0.011 0.998 0.087 0.973 0.997 
0.020 0.995 0.080 0.978 1.000 
0.014 0.997 0.070 0.980 1.000 
0.011 0.997 0.066 0.983 0.997 
0.020 0.994 0.071 0.980 1.000 
0.016 0.994 0.083 0.988 1.000 
0.010 0.997 0.178 0.978 0.997 
0.023 0.996 0.061 0.983 0.997 
0.016 0.996 0.256 0.990 0.993 
0.028 0.995 0.088 0.985 1.000 
0.017 0.995 0.105 0.985 1.000 
0.019 0.994 0.059 0.983 1.000 
0.020 0.994 0.061 0.980 1.000 
0.013 0.995 0.089 0.980 1.000 
0.012 0.997 0.072 0.983 0.997 
0.030 0.993 0.070 0.983 1.000 
0.018 0.994 0.070 0.978 1.000 
0.020 0.993 0.114 0.980 0.948 
0.015 0.996 0.057 0.985 0.997 
0.010 0.996 0.224 0.975 1.000 
0.013 0.996 0.116 0.983 1.000 
0.028 0.992 0.118 0.980 1.000 
0.018 0.995 0.067 0.975 1.000 
0.059 0.993 0.087 0.983 1.000 
0.013 0.996 0.071 0.978 1.000 
0.017 0.996 0.098 0.980 1.000 
0.016 0.995 0.137 0.980 1.000 
0.013 0.996 0.137 0.985 1.000 
0.017 0.995 0.131 0.975 1.000 
0.018 0.993 0.089 0.988 1.000 
0.014 0.996 0.175 0.983 1.000 
0.007 0.998 0.131 0.983 1.000 
0.036 0.993 0.070 0.988 1.000 
0.015 0.995 0.183 0.973 1.000 
0.014 0.995 0.242 0.983 0.997 
0.012 0.996 0.183 0.983 0.997 
0.021 0.994 0.116 0.980 1.000 
0.010 0.998 0.134 0.985 0.987 
0.020 0.996 0.083 0.965 1.000 
0.022 0.994 0.062 0.980 1.000 
0.017 0.997 0.162 0.975 0.997 
0.024 0.992 0.070 0.980 1.000 
0.013 0.996 0.071 0.983 1.000 
0.016 0.994 0.098 0.973 1.000 
0.011 0.996 0.121 0.980 1.000 
0.011 0.997 0.116 0.975 1.000 
0.025 0.995 0.080 0.975 1.000 
0.024 0.993 0.118 0.970 0.993 
0.014 0.996 0.087 0.978 0.997 
0.023 0.993 0.083 0.973 1.000 
0.020 0.996 0.073 0.980 1.000 
0.013 0.996 0.043 0.985 1.000 
0.014 0.996 0.218 0.970 1.000 
0.015 0.996 0.081 0.980 1.000 
0.033 0.989 0.148 0.970 1.000 
0.018 0.995 0.082 0.973 1.000 
0.020 0.994 0.096 0.973 0.997 
0.014 0.996 0.121 0.963 1.000 
0.018 0.993 0.059 0.975 1.000 
0.013 0.995 0.039 0.990 1.000 
0.005 0.999 0.043 0.985 1.000 
0.011 0.996 0.135 0.975 0.990 
0.018 0.995 0.214 0.980 0.176 
0.037 0.995 0.145 0.975 0.977 
0.011 0.997 0.090 0.970 1.000 
0.012 0.996 0.217 0.980 0.997 
0.016 0.995 0.096 0.983 1.000 
0.033 0.996 0.057 0.980 1.000 
0.022 0.993 0.114 0.980 1.000 
0.011 0.995 0.086 0.975 1.000 
0.005 0.999 0.085 0.980 1.000 
0.018 0.996 0.071 0.978 0.997 
0.017 0.995 0.080 0.973 1.000 
0.015 0.995 0.042 0.988 1.000 
0.008 0.996 0.071 0.978 0.977 
0.031 0.992 0.226 0.985 0.967 
0.024 0.992 0.133 0.985 1.000 
0.012 0.996 0.123 0.980 1.000 
0.036 0.996 0.133 0.985 1.000 
0.017 0.995 0.164 0.983 1.000 
0.008 0.999 0.148 0.983 1.000 
0.009 0.996 0.196 0.985 0.967 
0.018 0.996 0.087 0.968 0.997 
0.008 0.998 0.039 0.988 1.000 
0.015 0.995 0.086 0.983 0.997 
0.012 0.996 0.084 0.983 0.997 
0.013 0.997 0.073 0.980 0.866 
0.015 0.996 0.186 0.980 0.697 
0.025 0.995 0.089 0.970 0.951 
0.025 0.992 0.086 0.975 1.000 
0.010 0.997 0.129 0.975 0.997 
0.011 0.996 0.149 0.965 0.997 
0.019 0.996 0.360 0.973 0.984 
0.011 0.996 0.162 0.978 0.997 
0.022 0.995 0.170 0.985 0.993 
0.028 0.993 0.055 0.980 0.997 
0.016 0.996 0.067 0.978 1.000 
0.008 0.998 0.049 0.983 1.000 
0.016 0.996 0.154 0.970 0.974 
0.009 0.998 0.130 0.988 0.993 
0.023 0.995 0.089 0.985 1.000 
0.026 0.993 0.182 0.968 1.000 
0.022 0.994 0.175 0.978 1.000 
0.006 0.996 0.434 0.973 0.987 
0.015 0.996 0.038 0.993 1.000 
0.036 0.994 0.207 0.975 1.000 
0.046 0.990 0.067 0.990 1.000 
0.024 0.996 0.063 0.985 1.000 
0.014 0.997 0.054 0.975 1.000 
0.010 0.996 0.179 0.978 0.938 
0.015 0.996 0.093 0.980 1.000 
0.015 0.995 0.129 0.978 1.000 
0.018 0.995 0.063 0.985 1.000 
0.024 0.995 0.057 0.985 1.000 
0.013 0.997 0.065 0.983 1.000 
0.011 0.998 0.090 0.978 0.990 
0.016 0.995 0.089 0.973 0.987 
0.021 0.995 0.137 0.973 0.987 
0.013 0.997 0.072 0.980 1.000 
0.016 0.996 0.060 0.988 1.000 
0.015 0.996 0.044 0.990 1.000 
0.020 0.995 0.050 0.985 1.000 
0.057 0.994 0.055 0.980 1.000 
0.019 0.996 0.063 0.978 1.000 
0.017 0.995 0.078 0.980 0.788 
0.030 0.994 0.048 0.985 1.000 
0.017 0.996 0.051 0.983 1.000 
0.024 0.993 0.047 0.985 0.987 
0.014 0.996 0.049 0.983 1.000 
0.015 0.995 0.054 0.985 0.893 
0.019 0.994 0.045 0.983 1.000 
0.010 0.996 0.066 0.985 1.000 
0.012 0.998 0.150 0.975 0.993 
0.016 0.995 0.127 0.973 0.993 
0.015 0.993 0.047 0.985 1.000 
0.014 0.995 0.093 0.978 0.717 
0.016 0.997 0.148 0.975 0.860 
0.020 0.995 0.123 0.978 0.987 
0.019 0.996 0.083 0.980 0.987 
0.027 0.991 0.078 0.975 0.997 
0.013 0.996 0.106 0.978 0.912 
0.011 0.997 0.064 0.983 0.997 
0.011 0.997 0.135 0.975 0.883 
0.041 0.993 0.065 0.978 0.554 
0.016 0.995 0.049 0.983 1.000 
0.015 0.997 0.053 0.983 1.000 
0.015 0.998 0.051 0.980 1.000 
0.027 0.994 0.063 0.985 1.000 
0.019 0.995 0.077 0.978 0.863 
0.012 0.998 0.046 0.988 1.000 
0.025 0.993 0.090 0.985 0.984 
0.017 0.995 0.137 0.985 0.254 
0.021 0.994 0.034 0.990 0.993 
0.013 0.996 0.056 0.983 0.987 
0.016 0.995 0.060 0.980 0.668 
0.009 0.996 0.057 0.978 0.967 
0.013 0.996 0.082 0.983 0.971 
0.020 0.995 0.062 0.980 0.990 
0.022 0.995 0.101 0.973 0.668 
0.015 0.996 0.068 0.983 0.977 
0.017 0.996 0.045 0.988 1.000 
0.020 0.995 0.052 0.988 0.987 
0.013 0.997 0.039 0.988 0.984 
0.018 0.993 0.039 0.988 0.945 
0.006 0.998 0.042 0.990 0.997 
0.034 0.996 0.212 0.985 0.984 
0.028 0.993 0.052 0.983 0.990 
0.027 0.995 0.055 0.983 1.000 
0.024 0.993 0.037 0.990 0.919 
0.018 0.995 0.030 0.993 0.935 
0.020 0.996 0.055 0.985 0.990 
0.013 0.996 0.078 0.978 0.860 
0.028 0.995 0.061 0.980 0.912 
0.018 0.994 0.077 0.985 1.000 
0.026 0.993 0.078 0.978 0.749 
0.022 0.995 0.058 0.980 0.961 
0.015 0.993 0.046 0.985 0.997 
0.008 0.998 0.100 0.965 0.971 
0.010 0.997 0.081 0.983 0.997 
0.019 0.994 0.162 0.948 0.997 
0.017 0.994 0.114 0.973 0.967 
0.009 0.996 0.037 0.990 0.993 
0.014 0.996 0.090 0.980 0.313 
0.011 0.996 0.055 0.985 0.948 
0.008 0.997 0.069 0.980 1.000 
0.011 0.998 0.084 0.985 0.997 
0.015 0.996 0.083 0.985 0.837 
0.011 0.997 0.088 0.970 0.997 
0.042 0.993 0.072 0.983 1.000 
0.017 0.993 0.082 0.980 0.990 
0.007 0.998 0.039 0.990 1.000 
0.013 0.995 0.102 0.965 0.997 
0.020 0.995 0.084 0.970 1.000 
0.014 0.996 0.097 0.965 1.000 
0.012 0.996 0.061 0.980 1.000 
0.023 0.993 0.041 0.985 1.000 
0.038 0.996 0.083 0.973 0.993 
0.009 0.996 0.512 0.975 0.476 
0.050 0.995 0.036 0.990 0.993 
0.025 0.993 0.102 0.965 0.993 
0.021 0.996 0.050 0.985 1.000 
0.019 0.994 0.073 0.978 1.000 
0.009 0.998 0.076 0.980 1.000 
0.033 0.997 0.298 0.983 0.759 
0.026 0.993 0.224 0.970 0.827 
0.023 0.995 0.045 0.993 0.977 
0.013 0.995 0.099 0.985 0.951 
0.039 0.993 0.087 0.980 0.987 
0.017 0.993 0.046 0.985 0.863 
0.005 0.998 0.140 0.978 0.941 
0.016 0.997 0.099 0.978 0.993 
0.009 0.998 0.098 0.990 1.000 
0.027 0.994 0.094 0.983 0.987 
0.017 0.993 0.046 0.983 1.000 
0.012 0.995 0.083 0.985 0.935 
0.006 0.999 0.032 0.990 1.000 
0.019 0.995 0.124 0.970 1.000 
0.016 0.996 0.168 0.973 0.993 
0.011 0.996 0.361 0.963 0.948 
0.012 0.996 0.197 0.975 0.974 
0.018 0.996 0.240 0.985 0.974 
0.015 0.994 0.231 0.985 0.941 
0.050 0.995 0.110 0.983 0.941 
0.023 0.997 0.072 0.983 0.909 
0.017 0.995 0.167 0.975 0.932 
0.011 0.997 0.032 0.995 1.000 
0.018 0.995 0.092 0.983 0.990 
0.007 0.998 0.170 0.983 0.974 
0.018 0.998 0.071 0.978 0.902 
0.019 0.995 0.061 0.983 0.993 
0.018 0.994 0.081 0.985 0.990 
0.012 0.995 0.097 0.985 0.990 
0.012 0.996 0.157 0.973 0.987 
0.010 0.998 0.141 0.973 0.993 
0.019 0.993 0.059 0.985 0.958 
0.021 0.994 0.056 0.980 0.993 
0.019 0.995 0.050 0.985 1.000 
0.016 0.995 0.029 0.993 0.997 
0.011 0.996 0.220 0.978 0.938 
0.006 0.999 0.156 0.988 0.977 
0.021 0.997 0.064 0.983 1.000 
0.011 0.997 0.047 0.985 0.993 
0.014 0.994 0.041 0.988 0.997 
0.012 0.996 0.062 0.985 0.993 
0.027 0.993 0.054 0.983 0.993 
0.066 0.989 0.047 0.983 0.993 
0.020 0.995 0.085 0.983 0.987 
0.009 0.997 0.180 0.983 0.945 
0.005 0.998 0.129 0.990 0.990 
0.023 0.996 0.049 0.988 1.000 
0.011 0.997 0.046 0.988 0.997 
0.015 0.996 0.090 0.978 0.997 
0.019 0.995 0.099 0.990 1.000 
0.037 0.992 0.233 0.963 0.984 
0.007 0.997 0.328 0.980 0.567 
0.015 0.995 0.342 0.973 0.896 
0.015 0.996 0.223 0.983 0.993 
0.016 0.996 0.159 0.983 0.993 
0.019 0.993 0.227 0.978 0.984 
0.032 0.994 0.147 0.978 0.993 
0.040 0.994 0.144 0.978 0.993 
0.024 0.994 0.117 0.983 1.000 
0.021 0.994 0.069 0.985 1.000 
0.006 0.996 0.124 0.978 0.997 
0.014 0.996 0.078 0.983 0.997 
0.007 0.998 0.138 0.978 0.993 
0.009 0.997 0.171 0.975 0.990 
0.019 0.996 0.066 0.985 0.993 
0.018 0.994 0.165 0.980 0.977 
0.020 0.995 0.140 0.975 0.993 
0.012 0.997 0.221 0.975 0.987 
0.020 0.995 0.067 0.978 0.993 
0.008 0.998 0.058 0.985 0.993 
0.017 0.995 0.089 0.983 0.993 
0.026 0.993 0.139 0.973 0.993 
0.011 0.997 0.148 0.980 0.987 
0.006 0.997 0.170 0.983 0.980 
0.045 0.990 0.179 0.980 0.922 
0.011 0.997 0.103 0.985 0.941 
0.017 0.996 0.146 0.985 0.987 
0.019 0.995 0.129 0.983 0.984 
0.007 0.998 0.114 0.988 0.990 
0.014 0.996 0.260 0.975 0.616 
0.009 0.996 0.195 0.980 0.987 
0.013 0.996 0.170 0.980 0.977 
0.029 0.990 0.062 0.988 0.993 
0.015 0.994 0.217 0.975 0.990 
0.016 0.996 0.091 0.978 1.000 
0.018 0.995 0.149 0.983 1.000 
0.010 0.996 0.106 0.983 1.000 
0.010 0.996 0.104 0.985 1.000 
0.021 0.995 0.115 0.973 1.000 
0.015 0.996 0.190 0.965 0.990 
0.018 0.995 0.051 0.988 1.000 
0.031 0.992 0.095 0.980 0.993 
0.015 0.996 0.117 0.980 0.997 
0.010 0.998 0.218 0.980 0.990 
0.020 0.995 0.487 0.978 0.993 
0.017 0.995 0.454 0.980 1.000 
0.005 0.998 0.608 0.985 0.977 
0.052 0.992 0.228 0.985 1.000 
0.023 0.996 0.288 0.975 1.000 
0.011 0.998 0.360 0.975 0.997 
0.018 0.995 0.227 0.985 1.000 
0.021 0.993 0.310 0.985 0.990 
0.037 0.994 0.152 0.985 1.000 
0.032 0.993 0.090 0.968 1.000 
0.010 0.998 0.184 0.983 0.993 
0.037 0.995 0.177 0.975 1.000 
0.013 0.997 0.211 0.985 1.000 
0.012 0.997 0.198 0.975 1.000 
0.020 0.995 0.067 0.983 1.000 
0.020 0.997 0.201 0.973 1.000 
0.037 0.993 0.258 0.973 0.990 
0.019 0.993 0.110 0.975 0.997 
0.009 0.998 0.111 0.980 0.990 
0.004 0.999 0.084 0.985 1.000 
0.016 0.996 0.093 0.975 0.997 
0.015 0.994 0.092 0.983 0.987 
0.020 0.993 0.049 0.985 1.000 
0.009 0.996 0.096 0.988 0.964 
0.019 0.996 0.057 0.980 0.967 
0.018 0.993 0.132 0.975 0.997 
0.006 0.999 0.096 0.980 1.000 
0.024 0.996 0.048 0.988 1.000 
0.027 0.994 0.114 0.988 0.984 
0.011 0.997 0.100 0.983 0.990 
0.032 0.992 0.246 0.965 0.984 
0.018 0.996 0.080 0.980 1.000 
0.010 0.997 0.213 0.978 0.997 
0.014 0.995 0.293 0.960 0.990 
0.010 0.998 0.136 0.983 0.997 
0.011 0.998 0.197 0.983 1.000 
0.013 0.995 0.253 0.978 0.997 
0.017 0.996 0.191 0.965 0.987 
0.011 0.998 0.089 0.988 1.000 
0.020 0.993 0.061 0.983 1.000 
0.015 0.996 0.097 0.985 0.984 
0.007 0.996 0.225 0.980 0.313 
0.014 0.996 0.671 0.965 0.026 
0.030 0.996 0.108 0.975 1.000 
0.023 0.993 0.080 0.975 1.000 
0.009 0.996 0.117 0.983 1.000 
0.022 0.993 0.104 0.968 0.997 
0.021 0.995 0.363 0.985 1.000 
0.026 0.995 0.071 0.978 0.997 
0.016 0.996 0.088 0.973 0.997 
0.012 0.997 0.069 0.980 1.000 
0.021 0.995 0.044 0.985 0.997 
0.011 0.995 0.070 0.980 1.000 
0.010 0.998 0.070 0.980 1.000 
0.009 0.998 0.080 0.985 1.000 
0.015 0.995 0.092 0.973 1.000 
0.013 0.996 0.050 0.988 1.000 
0.019 0.995 0.094 0.980 1.000 
0.013 0.996 0.239 0.980 1.000 
0.006 0.998 0.250 0.978 0.984 
0.015 0.995 0.273 0.978 0.997 
0.021 0.994 0.286 0.978 0.990 
0.009 0.996 0.486 0.978 0.990 
0.002 0.999 0.327 0.985 0.993 
0.059 0.995 0.071 0.985 1.000 
0.032 0.993 0.212 0.970 1.000 
0.018 0.995 0.213 0.980 1.000 
0.008 0.997 0.294 0.978 0.987 
0.022 0.995 0.253 0.980 0.990 
0.017 0.993 0.203 0.970 1.000 
0.011 0.996 0.298 0.978 0.993 
0.014 0.997 0.038 0.988 1.000 
0.017 0.994 0.090 0.980 1.000 
0.023 0.993 0.077 0.978 1.000 
0.022 0.998 0.102 0.975 1.000 
0.023 0.995 0.082 0.975 1.000 
0.013 0.995 0.243 0.978 0.984 
0.021 0.994 0.134 0.978 0.997 
0.021 0.995 0.066 0.980 1.000 
0.015 0.996 0.130 0.970 0.997 
0.017 0.994 0.125 0.978 1.000 
0.022 0.994 0.083 0.983 1.000 
0.014 0.996 0.069 0.985 0.984 
0.022 0.995 0.065 0.980 1.000 
0.009 0.997 0.081 0.988 1.000 
0.020 0.998 0.138 0.973 1.000 
0.027 0.993 0.077 0.973 0.997 
0.009 0.998 0.099 0.978 0.997 
0.015 0.996 0.087 0.978 1.000 
0.019 0.996 0.075 0.978 1.000 
0.010 0.998 0.085 0.980 0.984 
0.017 0.994 0.032 0.990 1.000 
0.025 0.995 0.053 0.980 1.000 
0.013 0.995 0.113 0.978 0.945 
0.017 0.995 0.075 0.988 1.000 
0.007 0.997 0.041 0.988 1.000 
0.006 0.997 0.108 0.983 1.000 
0.019 0.995 0.101 0.983 1.000 
0.021 0.993 0.062 0.980 0.993 
0.013 0.997 0.053 0.985 1.000 
0.016 0.997 0.099 0.975 1.000 
0.021 0.993 0.085 0.983 0.997 
0.016 0.995 0.228 0.975 0.932 
0.025 0.993 0.201 0.985 0.977 
0.021 0.994 0.291 0.950 0.932 
0.008 0.997 0.272 0.980 1.000 
0.005 0.998 0.158 0.985 0.993 
0.022 0.996 0.061 0.983 1.000 
0.008 0.998 0.084 0.985 0.993 
0.021 0.994 0.082 0.988 1.000 
0.019 0.995 0.028 0.993 1.000 
0.017 0.996 0.148 0.985 1.000 
0.019 0.996 0.070 0.983 1.000 
0.010 0.996 0.054 0.980 1.000 
0.007 0.997 0.034 0.990 0.997 
0.015 0.995 0.036 0.990 1.000 
0.015 0.995 0.156 0.988 1.000 
0.019 0.993 0.046 0.985 0.997 
0.013 0.995 0.056 0.983 0.951 
0.016 0.996 0.041 0.990 0.987 
0.034 0.995 0.055 0.983 1.000 
