0.346 0.848 0.126 0.965 0.888 
0.207 0.929 0.111 0.978 0.988 
0.172 0.933 0.104 0.953 0.945 
0.175 0.935 0.107 0.955 0.973 
0.138 0.957 0.099 0.983 1.000 
0.122 0.962 0.102 0.965 0.961 
0.130 0.954 0.080 0.980 0.976 
0.119 0.963 0.071 0.985 0.970 
0.116 0.965 0.087 0.965 0.991 
0.098 0.967 0.106 0.958 0.909 
0.095 0.971 0.056 0.990 0.997 
0.084 0.972 0.105 0.958 0.967 
0.101 0.968 0.071 0.988 1.000 
0.088 0.971 0.057 0.988 0.985 
0.089 0.973 0.064 0.988 0.973 
0.079 0.973 0.065 0.993 0.988 
0.094 0.970 0.037 0.993 0.994 
0.065 0.978 0.046 0.993 0.997 
0.080 0.974 0.081 0.988 0.982 
0.091 0.970 0.064 0.988 0.979 
0.066 0.978 0.080 0.990 0.997 
0.057 0.983 0.091 0.968 0.991 
0.085 0.973 0.062 0.975 0.894 
0.050 0.984 0.062 0.990 0.970 
0.068 0.982 0.087 0.970 0.727 
0.067 0.982 0.147 0.960 1.000 
0.061 0.979 0.043 0.990 0.864 
0.080 0.978 0.049 0.988 0.945 
0.087 0.974 0.046 0.990 0.994 
0.070 0.978 0.055 0.988 1.000 
0.058 0.979 0.068 0.968 0.994 
0.056 0.984 0.047 0.988 0.970 
0.055 0.982 0.068 0.993 0.755 
0.045 0.988 0.041 0.993 0.945 
0.065 0.984 0.061 0.988 0.994 
0.067 0.985 0.052 0.988 0.415 
0.061 0.982 0.063 0.983 0.345 
0.061 0.981 0.069 0.988 0.982 
0.059 0.982 0.054 0.985 0.858 
0.046 0.985 0.049 0.990 1.000 
0.063 0.980 0.055 0.990 0.988 
0.051 0.984 0.073 0.993 1.000 
0.055 0.984 0.089 0.985 0.997 
0.061 0.983 0.065 0.990 0.994 
0.061 0.983 0.098 0.978 0.870 
0.050 0.986 0.051 0.993 0.836 
0.045 0.989 0.036 0.993 0.933 
0.046 0.984 0.061 0.975 0.991 
0.070 0.979 0.063 0.990 0.915 
0.063 0.980 0.059 0.975 0.979 
0.065 0.983 0.065 0.988 1.000 
0.050 0.983 0.047 0.990 0.970 
0.050 0.987 0.050 0.983 0.973 
0.061 0.983 0.052 0.990 0.994 
0.058 0.986 0.068 0.990 0.988 
0.049 0.988 0.039 0.990 0.994 
0.052 0.983 0.044 0.990 0.779 
0.048 0.988 0.043 0.988 1.000 
0.051 0.987 0.038 0.990 0.970 
0.042 0.990 0.041 0.990 0.873 
0.049 0.988 0.039 0.990 0.967 
0.049 0.983 0.064 0.970 0.894 
0.043 0.988 0.068 0.985 0.997 
0.038 0.988 0.038 0.990 1.000 
0.040 0.988 0.040 0.990 0.564 
0.046 0.989 0.048 0.985 0.870 
0.043 0.988 0.064 0.985 0.473 
0.062 0.981 0.045 0.988 0.997 
0.062 0.982 0.083 0.968 0.921 
0.060 0.982 0.056 0.988 0.900 
0.052 0.985 0.048 0.990 0.815 
0.041 0.989 0.051 0.985 0.603 
0.044 0.986 0.047 0.990 0.970 
0.053 0.985 0.051 0.990 0.994 
0.046 0.988 0.064 0.988 1.000 
0.050 0.986 0.048 0.988 0.997 
0.046 0.989 0.046 0.990 1.000 
0.045 0.986 0.040 0.990 0.994 
0.053 0.983 0.035 0.993 0.312 
0.035 0.990 0.047 0.988 0.870 
0.040 0.989 0.048 0.990 0.997 
0.050 0.985 0.053 0.990 0.997 
0.035 0.989 0.045 0.993 0.997 
0.037 0.988 0.046 0.990 0.997 
0.038 0.991 0.054 0.990 0.982 
0.043 0.989 0.042 0.990 0.039 
0.039 0.989 0.049 0.990 0.994 
0.036 0.989 0.039 0.993 0.994 
0.044 0.984 0.054 0.990 0.882 
0.042 0.988 0.040 0.990 0.718 
0.047 0.989 0.055 0.985 1.000 
0.041 0.989 0.057 0.988 0.906 
0.049 0.989 0.059 0.988 0.994 
0.033 0.991 0.037 0.993 0.997 
0.036 0.988 0.047 0.990 0.991 
0.043 0.986 0.056 0.988 0.988 
0.046 0.986 0.060 0.980 0.997 
0.033 0.989 0.030 0.993 0.997 
0.042 0.988 0.042 0.993 0.997 
0.046 0.984 0.060 0.985 1.000 
0.040 0.988 0.056 0.983 0.997 
0.048 0.987 0.041 0.993 0.833 
0.044 0.987 0.034 0.993 0.970 
0.037 0.993 0.048 0.990 1.000 
0.040 0.988 0.040 0.993 1.000 
0.039 0.989 0.051 0.980 0.939 
0.038 0.992 0.091 0.985 0.967 
0.035 0.992 0.046 0.990 0.997 
0.031 0.991 0.056 0.988 1.000 
0.032 0.991 0.041 0.990 1.000 
0.035 0.989 0.034 0.990 0.982 
0.040 0.987 0.032 0.990 0.994 
0.034 0.992 0.038 0.985 0.764 
0.037 0.991 0.034 0.993 1.000 
0.043 0.987 0.052 0.990 0.985 
0.039 0.991 0.044 0.990 1.000 
0.034 0.990 0.035 0.990 1.000 
0.039 0.989 0.039 0.993 0.994 
0.024 0.995 0.035 0.993 1.000 
0.040 0.989 0.036 0.993 1.000 
0.043 0.988 0.047 0.985 0.997 
0.032 0.991 0.034 0.990 0.997 
0.029 0.995 0.039 0.990 0.997 
0.046 0.988 0.067 0.988 0.727 
0.054 0.985 0.042 0.990 0.882 
0.033 0.992 0.061 0.988 1.000 
0.034 0.991 0.037 0.988 0.994 
0.041 0.989 0.052 0.988 1.000 
0.027 0.993 0.033 0.990 1.000 
0.038 0.989 0.038 0.988 0.724 
0.029 0.993 0.033 0.993 0.997 
0.043 0.989 0.056 0.988 0.973 
0.039 0.991 0.077 0.988 0.815 
0.034 0.989 0.042 0.990 0.994 
0.036 0.990 0.067 0.990 0.982 
0.035 0.991 0.066 0.988 0.997 
0.039 0.992 0.092 0.985 0.997 
0.045 0.988 0.060 0.990 0.991 
0.036 0.991 0.037 0.993 0.997 
0.041 0.990 0.055 0.988 0.994 
0.032 0.991 0.054 0.975 0.891 
0.025 0.992 0.036 0.990 0.994 
0.024 0.993 0.042 0.990 0.997 
0.039 0.989 0.046 0.990 0.997 
0.039 0.989 0.052 0.990 0.997 
0.029 0.992 0.042 0.990 0.985 
0.033 0.989 0.064 0.990 0.991 
0.050 0.986 0.077 0.988 0.855 
0.040 0.991 0.037 0.990 0.997 
0.046 0.986 0.048 0.988 0.942 
0.038 0.989 0.041 0.990 0.997 
0.041 0.989 0.055 0.970 0.997 
0.032 0.990 0.050 0.988 1.000 
0.031 0.993 0.041 0.988 0.912 
0.025 0.992 0.032 0.990 0.997 
0.026 0.993 0.047 0.990 1.000 
0.031 0.992 0.047 0.988 0.997 
0.019 0.996 0.053 0.990 0.833 
0.030 0.990 0.060 0.988 0.988 
0.026 0.990 0.060 0.988 1.000 
0.030 0.993 0.038 0.988 0.579 
0.040 0.991 0.038 0.993 0.997 
0.037 0.991 0.055 0.988 1.000 
0.027 0.993 0.051 0.988 0.964 
0.025 0.992 0.065 0.985 0.997 
0.031 0.990 0.046 0.993 0.997 
0.024 0.993 0.106 0.985 0.991 
0.029 0.993 0.077 0.985 0.997 
0.029 0.991 0.086 0.988 0.709 
0.032 0.990 0.032 0.993 0.991 
0.031 0.991 0.050 0.988 0.997 
0.035 0.988 0.040 0.990 0.997 
0.027 0.992 0.036 0.990 1.000 
0.033 0.990 0.070 0.988 1.000 
0.025 0.991 0.033 0.990 1.000 
0.028 0.995 0.031 0.993 0.997 
0.041 0.990 0.046 0.990 0.688 
0.035 0.991 0.063 0.988 0.888 
0.039 0.988 0.036 0.988 0.979 
0.037 0.992 0.033 0.990 0.897 
0.021 0.993 0.038 0.990 0.994 
0.034 0.991 0.051 0.995 0.830 
0.036 0.991 0.060 0.985 0.706 
0.032 0.992 0.024 0.993 0.921 
0.021 0.991 0.034 0.990 1.000 
0.046 0.987 0.033 0.990 1.000 
0.032 0.991 0.037 0.990 1.000 
0.033 0.990 0.031 0.995 1.000 
0.040 0.991 0.032 0.993 0.997 
0.025 0.995 0.032 0.990 0.994 
0.040 0.988 0.046 0.983 0.764 
0.026 0.994 0.034 0.993 1.000 
0.023 0.993 0.051 0.993 0.991 
0.022 0.992 0.032 0.990 0.997 
0.032 0.992 0.046 0.990 1.000 
0.025 0.995 0.031 0.990 0.997 
0.034 0.989 0.041 0.988 0.997 
0.038 0.990 0.107 0.988 0.997 
0.030 0.993 0.032 0.990 0.997 
0.024 0.993 0.038 0.990 0.997 
0.031 0.993 0.034 0.990 0.988 
0.026 0.993 0.079 0.985 1.000 
0.028 0.995 0.042 0.990 1.000 
0.030 0.992 0.034 0.993 0.994 
0.034 0.990 0.094 0.990 0.994 
0.026 0.991 0.033 0.990 0.958 
0.024 0.997 0.342 0.938 1.000 
0.033 0.992 0.068 0.990 0.994 
0.042 0.988 0.052 0.990 1.000 
0.023 0.994 0.035 0.993 1.000 
0.025 0.994 0.045 0.990 0.994 
0.029 0.990 0.035 0.993 0.997 
0.022 0.995 0.051 0.990 1.000 
0.030 0.993 0.031 0.990 0.742 
0.036 0.990 0.033 0.990 0.985 
0.033 0.994 0.076 0.988 0.994 
0.029 0.991 0.049 0.988 1.000 
0.028 0.992 0.046 0.993 1.000 
0.030 0.992 0.055 0.993 1.000 
0.019 0.994 0.045 0.993 1.000 
0.027 0.991 0.037 0.990 1.000 
0.031 0.989 0.043 0.990 0.997 
0.029 0.992 0.037 0.993 0.997 
0.031 0.992 0.036 0.990 0.761 
0.027 0.991 0.039 0.993 0.997 
0.029 0.991 0.050 0.980 0.997 
0.035 0.991 0.041 0.988 1.000 
0.026 0.992 0.056 0.988 1.000 
0.039 0.990 0.053 0.990 1.000 
0.029 0.993 0.036 0.990 0.982 
0.027 0.993 0.028 0.990 0.879 
0.016 0.995 0.079 0.990 1.000 
0.023 0.993 0.053 0.990 1.000 
0.034 0.992 0.061 0.990 0.927 
0.038 0.990 0.095 0.985 0.503 
0.031 0.994 0.041 0.993 0.997 
0.026 0.991 0.041 0.993 0.994 
0.016 0.995 0.099 0.983 1.000 
0.024 0.992 0.048 0.990 0.994 
0.018 0.995 0.041 0.990 1.000 
0.026 0.996 0.030 0.993 1.000 
0.023 0.991 0.053 0.990 0.997 
0.023 0.992 0.035 0.993 1.000 
0.028 0.992 0.030 0.993 1.000 
0.021 0.992 0.033 0.990 1.000 
0.028 0.991 0.058 0.983 1.000 
0.029 0.993 0.049 0.993 0.988 
0.032 0.992 0.058 0.988 1.000 
0.021 0.994 0.041 0.993 0.976 
0.021 0.992 0.026 0.993 0.991 
0.029 0.989 0.059 0.990 1.000 
0.019 0.996 0.042 0.990 1.000 
0.031 0.991 0.023 0.993 1.000 
0.030 0.993 0.031 0.993 0.997 
0.028 0.994 0.038 0.990 0.906 
0.024 0.993 0.045 0.990 0.994 
0.029 0.993 0.071 0.985 0.939 
0.014 0.997 0.049 0.993 1.000 
0.039 0.990 0.031 0.990 0.997 
0.028 0.991 0.036 0.993 0.997 
0.039 0.989 0.038 0.988 0.997 
0.021 0.995 0.115 0.973 0.997 
0.018 0.993 0.032 0.993 0.997 
0.021 0.996 0.058 0.990 0.991 
0.073 0.985 0.050 0.990 0.997 
0.040 0.990 0.050 0.990 0.997 
0.025 0.992 0.034 0.993 0.997 
0.027 0.993 0.042 0.993 0.994 
0.022 0.995 0.053 0.993 0.997 
0.026 0.993 0.037 0.990 1.000 
0.026 0.994 0.027 0.990 0.997 
0.028 0.993 0.037 0.990 0.988 
0.034 0.991 0.034 0.993 0.997 
0.027 0.993 0.036 0.993 0.479 
0.033 0.991 0.040 0.995 0.997 
0.034 0.991 0.035 0.990 0.997 
0.028 0.991 0.061 0.988 1.000 
0.030 0.990 0.042 0.990 1.000 
0.027 0.992 0.038 0.990 0.997 
0.023 0.993 0.040 0.990 0.997 
0.038 0.990 0.044 0.985 1.000 
0.033 0.993 0.036 0.990 0.997 
0.029 0.991 0.103 0.978 0.952 
0.037 0.989 0.034 0.990 0.994 
0.024 0.993 0.139 0.985 1.000 
0.029 0.991 0.053 0.990 0.994 
0.025 0.992 0.035 0.990 0.991 
0.030 0.990 0.039 0.990 0.994 
0.029 0.993 0.040 0.990 1.000 
0.022 0.996 0.037 0.990 1.000 
0.024 0.990 0.032 0.993 0.988 
0.027 0.993 0.043 0.993 1.000 
0.019 0.996 0.037 0.993 0.997 
0.027 0.992 0.065 0.985 1.000 
0.014 0.996 0.056 0.990 1.000 
0.032 0.989 0.036 0.993 0.991 
0.017 0.996 0.058 0.988 1.000 
0.035 0.991 0.062 0.978 0.988 
0.023 0.991 0.052 0.993 1.000 
0.030 0.991 0.033 0.993 1.000 
0.023 0.993 0.047 0.985 0.976 
0.023 0.993 0.033 0.993 1.000 
0.021 0.994 0.042 0.990 0.994 
0.019 0.995 0.038 0.990 0.964 
0.032 0.995 0.054 0.990 0.979 
0.024 0.994 0.045 0.990 1.000 
0.018 0.995 0.061 0.993 1.000 
0.027 0.992 0.035 0.993 0.988 
0.024 0.996 0.081 0.985 1.000 
0.019 0.996 0.038 0.993 1.000 
0.023 0.993 0.046 0.993 0.973 
0.020 0.995 0.052 0.993 1.000 
0.028 0.991 0.033 0.993 0.994 
0.021 0.990 0.053 0.988 1.000 
0.026 0.994 0.044 0.990 1.000 
0.021 0.993 0.072 0.988 1.000 
0.017 0.994 0.104 0.983 0.991 
0.026 0.993 0.108 0.985 1.000 
0.024 0.993 0.110 0.988 1.000 
0.027 0.993 0.051 0.990 1.000 
0.026 0.992 0.047 0.993 1.000 
0.021 0.995 0.082 0.985 1.000 
0.023 0.995 0.097 0.988 1.000 
0.020 0.994 0.056 0.990 1.000 
0.023 0.993 0.057 0.988 0.991 
0.021 0.992 0.053 0.990 1.000 
0.024 0.993 0.050 0.993 1.000 
0.023 0.996 0.050 0.993 1.000 
0.030 0.993 0.054 0.993 1.000 
0.019 0.996 0.098 0.988 1.000 
0.017 0.995 0.158 0.960 0.873 
0.027 0.991 0.174 0.988 1.000 
0.024 0.993 0.094 0.990 1.000 
0.030 0.993 0.096 0.990 0.988 
0.028 0.990 0.077 0.988 0.991 
0.019 0.992 0.160 0.988 1.000 
0.025 0.993 0.065 0.988 1.000 
0.017 0.993 0.033 0.990 0.976 
0.029 0.991 0.083 0.988 1.000 
0.026 0.994 0.034 0.990 1.000 
0.026 0.993 0.030 0.993 0.982 
0.018 0.994 0.022 0.993 1.000 
0.011 0.997 0.089 0.980 1.000 
0.019 0.995 0.030 0.993 0.997 
0.023 0.993 0.135 0.990 1.000 
0.022 0.993 0.308 0.988 0.994 
0.026 0.995 0.058 0.993 1.000 
0.014 0.996 0.058 0.990 1.000 
0.022 0.992 0.123 0.988 1.000 
0.024 0.993 0.030 0.990 0.891 
0.023 0.991 0.048 0.980 0.942 
0.020 0.994 0.091 0.983 0.997 
0.028 0.993 0.035 0.990 0.997 
0.018 0.995 0.027 0.990 1.000 
0.027 0.992 0.040 0.990 1.000 
0.021 0.995 0.098 0.988 0.991 
0.029 0.992 0.050 0.988 0.994 
0.019 0.996 0.047 0.990 0.964 
0.022 0.994 0.053 0.988 1.000 
0.027 0.996 0.098 0.988 0.994 
0.036 0.992 0.121 0.988 0.994 
0.021 0.996 0.042 0.990 0.997 
0.024 0.991 0.235 0.990 1.000 
0.025 0.991 0.078 0.988 0.997 
0.019 0.995 0.041 0.990 0.994 
0.024 0.995 0.097 0.988 0.997 
0.033 0.992 0.062 0.990 1.000 
0.038 0.991 0.036 0.990 0.982 
0.031 0.993 0.054 0.993 0.991 
0.029 0.991 0.036 0.993 0.800 
0.021 0.995 0.040 0.993 1.000 
0.016 0.995 0.026 0.993 0.997 
0.023 0.994 0.031 0.993 1.000 
0.018 0.995 0.032 0.990 0.997 
0.021 0.994 0.038 0.993 0.979 
0.020 0.994 0.039 0.993 0.994 
0.028 0.994 0.066 0.985 1.000 
0.034 0.992 0.039 0.990 0.991 
0.024 0.993 0.035 0.995 1.000 
0.031 0.990 0.040 0.993 0.994 
0.020 0.996 0.033 0.993 0.973 
0.031 0.992 0.026 0.993 0.997 
0.018 0.994 0.035 0.993 1.000 
0.018 0.994 0.028 0.993 1.000 
0.019 0.996 0.040 0.993 1.000 
0.014 0.995 0.034 0.993 0.994 
0.029 0.992 0.181 0.990 0.994 
0.050 0.992 0.193 0.990 0.979 
0.020 0.996 0.247 0.990 1.000 
0.040 0.991 0.064 0.983 0.836 
0.020 0.993 0.035 0.993 0.994 
0.019 0.995 0.039 0.993 0.988 
0.028 0.992 0.047 0.993 0.982 
0.033 0.992 0.049 0.993 0.891 
0.022 0.992 0.039 0.993 0.997 
0.017 0.996 0.030 0.990 0.970 
0.013 0.997 0.028 0.990 0.970 
0.020 0.994 0.047 0.993 0.991 
0.014 0.997 0.049 0.993 0.997 
0.025 0.993 0.040 0.988 1.000 
0.019 0.996 0.039 0.995 1.000 
0.028 0.992 0.035 0.993 1.000 
0.026 0.991 0.030 0.993 1.000 
0.016 0.995 0.053 0.993 0.988 
0.025 0.993 0.051 0.993 1.000 
0.047 0.993 0.042 0.993 0.997 
0.029 0.992 0.044 0.993 1.000 
0.018 0.996 0.089 0.993 1.000 
0.028 0.993 0.044 0.990 0.918 
0.024 0.993 0.046 0.993 0.994 
0.018 0.995 0.042 0.993 1.000 
0.022 0.996 0.044 0.993 1.000 
0.030 0.994 0.035 0.990 0.997 
0.017 0.995 0.026 0.993 0.970 
0.020 0.995 0.074 0.993 1.000 
0.018 0.994 0.041 0.990 1.000 
0.018 0.994 0.042 0.993 1.000 
0.018 0.993 0.045 0.993 1.000 
0.030 0.997 0.063 0.990 1.000 
0.017 0.995 0.183 0.988 0.997 
0.022 0.993 0.068 0.990 0.997 
0.023 0.991 0.124 0.988 0.997 
0.021 0.993 0.057 0.993 1.000 
0.020 0.993 0.044 0.993 0.994 
0.026 0.996 0.080 0.990 1.000 
0.023 0.994 0.061 0.993 1.000 
0.026 0.993 0.044 0.993 1.000 
0.017 0.997 0.062 0.990 1.000 
0.025 0.992 0.053 0.990 1.000 
0.022 0.993 0.034 0.993 0.985 
0.020 0.993 0.029 0.993 0.939 
0.017 0.996 0.035 0.993 1.000 
0.021 0.993 0.037 0.993 1.000 
0.023 0.992 0.045 0.993 1.000 
0.022 0.994 0.031 0.993 0.812 
0.020 0.996 0.052 0.990 1.000 
0.018 0.995 0.048 0.993 1.000 
0.020 0.995 0.083 0.990 1.000 
0.019 0.994 0.035 0.990 0.979 
0.017 0.993 0.043 0.993 1.000 
0.013 0.997 0.057 0.993 1.000 
0.020 0.992 0.050 0.993 1.000 
0.020 0.996 0.040 0.993 1.000 
0.035 0.990 0.112 0.988 1.000 
0.022 0.993 0.054 0.993 1.000 
0.021 0.995 0.030 0.993 0.982 
0.055 0.992 0.240 0.975 0.312 
0.018 0.995 0.041 0.993 1.000 
0.015 0.996 0.035 0.993 1.000 
0.016 0.995 0.039 0.988 0.991 
0.014 0.993 0.032 0.993 0.982 
0.023 0.993 0.045 0.988 1.000 
0.014 0.995 0.035 0.993 1.000 
0.024 0.993 0.079 0.990 0.997 
0.022 0.993 0.131 0.988 0.997 
0.009 0.998 0.183 0.990 1.000 
0.030 0.992 0.031 0.993 0.942 
0.011 0.998 0.160 0.988 0.997 
0.023 0.994 0.111 0.990 0.930 
0.023 0.994 0.281 0.988 0.733 
0.022 0.995 0.084 0.990 1.000 
0.022 0.993 0.026 0.993 1.000 
0.014 0.997 0.048 0.988 1.000 
0.020 0.992 0.029 0.988 1.000 
0.017 0.995 0.032 0.993 1.000 
0.016 0.997 0.027 0.993 0.997 
0.024 0.995 0.029 0.990 0.967 
0.017 0.995 0.042 0.988 1.000 
0.011 0.997 0.044 0.983 1.000 
0.015 0.996 0.028 0.993 0.945 
0.020 0.994 0.029 0.993 0.942 
0.030 0.996 0.030 0.993 0.994 
0.057 0.991 0.194 0.983 0.945 
0.020 0.995 0.024 0.990 0.997 
0.040 0.992 0.025 0.993 0.697 
0.016 0.995 0.063 0.990 0.915 
0.019 0.992 0.300 0.975 1.000 
0.030 0.995 0.026 0.993 0.842 
0.031 0.991 0.029 0.993 0.706 
0.037 0.992 0.030 0.990 0.991 
0.015 0.994 0.291 0.988 0.982 
0.020 0.995 0.040 0.993 0.997 
0.030 0.992 0.035 0.990 0.997 
0.018 0.995 0.033 0.993 0.991 
0.020 0.996 0.041 0.993 0.997 
0.016 0.995 0.057 0.993 1.000 
0.020 0.993 0.036 0.993 0.997 
0.031 0.994 0.032 0.990 1.000 
0.018 0.994 0.036 0.993 1.000 
0.027 0.994 0.032 0.993 0.991 
0.035 0.989 0.180 0.990 0.988 
0.021 0.995 0.166 0.990 0.994 
0.020 0.996 0.209 0.990 0.997 
0.018 0.995 0.172 0.990 1.000 
0.027 0.993 0.995 0.988 0.985 
0.015 0.996 0.942 0.988 0.964 
0.032 0.994 1.562 0.988 0.970 
0.018 0.993 1.113 0.988 1.000 
0.030 0.989 0.845 0.988 1.000 
0.023 0.992 0.734 0.990 1.000 
0.019 0.993 0.849 0.990 1.000 
0.014 0.997 0.906 0.988 1.000 
0.022 0.993 0.553 0.990 1.000 
0.013 0.997 0.215 0.990 1.000 
0.034 0.991 0.080 0.960 0.994 
0.020 0.992 0.218 0.988 1.000 
0.019 0.992 0.382 0.990 1.000 
0.018 0.995 0.282 0.990 1.000 
0.020 0.993 0.076 0.993 1.000 
0.018 0.995 0.046 0.993 0.930 
0.019 0.994 0.431 0.985 0.997 
0.031 0.992 0.468 0.990 0.836 
0.011 0.997 0.537 0.990 0.809 
0.022 0.994 0.322 0.985 1.000 
0.017 0.995 0.812 0.990 0.333 
0.022 0.995 0.816 0.990 0.964 
0.021 0.992 0.594 0.990 0.876 
0.026 0.991 0.495 0.990 1.000 
0.021 0.995 0.401 0.990 0.997 
0.032 0.992 0.569 0.990 0.994 
0.017 0.995 0.732 0.990 0.967 
0.020 0.994 0.482 0.990 1.000 
0.013 0.993 0.810 0.988 1.000 
0.013 0.996 0.571 0.990 1.000 
0.009 0.996 0.505 0.983 1.000 
0.021 0.995 1.068 0.990 0.994 
0.038 0.991 0.464 0.990 1.000 
0.019 0.996 0.930 0.990 0.542 
0.018 0.993 0.692 0.990 1.000 
0.015 0.995 0.831 0.990 0.915 
0.015 0.995 1.013 0.988 1.000 
0.011 0.996 0.636 0.990 0.997 
0.020 0.993 0.722 0.988 1.000 
0.019 0.996 0.150 0.975 0.976 
0.023 0.993 0.607 0.988 1.000 
0.052 0.994 0.842 0.988 0.982 
0.031 0.994 0.231 0.985 1.000 
0.033 0.992 0.678 0.988 0.994 
0.017 0.993 0.310 0.990 0.997 
0.010 0.996 0.773 0.990 0.985 
0.024 0.992 0.383 0.988 0.997 
0.015 0.996 0.532 0.990 0.991 
0.012 0.995 0.589 0.990 1.000 
0.016 0.994 0.380 0.990 0.985 
0.037 0.993 0.809 0.990 1.000 
0.019 0.995 0.442 0.993 1.000 
0.014 0.995 0.864 0.990 1.000 
0.034 0.993 0.716 0.988 1.000 
0.029 0.994 0.485 0.985 0.994 
0.038 0.991 0.088 0.988 0.985 
0.011 0.996 0.086 0.990 1.000 
0.014 0.996 1.107 0.990 0.945 
0.019 0.995 1.038 0.990 0.942 
0.018 0.993 0.758 0.990 1.000 
0.017 0.995 0.255 0.990 1.000 
0.026 0.993 0.645 0.988 0.979 
0.028 0.993 0.358 0.988 0.673 
0.020 0.996 0.225 0.988 0.982 
0.019 0.995 0.061 0.990 0.994 
0.027 0.993 0.360 0.988 0.997 
0.027 0.993 0.027 0.993 0.991 
0.015 0.996 0.069 0.990 1.000 
0.016 0.996 0.046 0.993 1.000 
0.013 0.996 0.468 0.990 0.997 
0.034 0.990 0.265 0.990 1.000 
0.019 0.994 0.115 0.988 1.000 
0.025 0.992 0.252 0.990 1.000 
0.020 0.995 0.202 0.990 1.000 
0.018 0.993 0.023 0.993 0.639 
0.018 0.995 0.097 0.988 0.997 
0.014 0.997 0.476 0.978 0.997 
0.006 0.999 0.041 0.993 1.000 
0.025 0.993 0.217 0.990 1.000 
0.011 0.996 0.673 0.990 0.997 
0.016 0.995 0.522 0.990 1.000 
0.022 0.995 0.175 0.988 1.000 
0.019 0.993 0.061 0.993 1.000 
0.020 0.994 0.086 0.993 1.000 
0.025 0.995 0.027 0.993 0.994 
0.013 0.995 0.021 0.993 1.000 
0.013 0.996 0.026 0.993 1.000 
0.013 0.997 0.025 0.993 1.000 
0.021 0.993 0.023 0.993 1.000 
0.010 0.995 0.022 0.993 1.000 
0.007 0.997 0.027 0.993 0.991 
0.018 0.993 0.037 0.993 0.991 
0.025 0.990 0.103 0.990 0.997 
0.025 0.995 0.673 0.990 0.991 
0.005 0.999 0.067 0.993 1.000 
0.016 0.995 0.597 0.990 1.000 
0.012 0.996 0.123 0.993 0.994 
0.021 0.992 0.446 0.988 0.976 
0.016 0.993 1.059 0.988 0.709 
0.014 0.995 0.980 0.990 0.667 
0.017 0.997 0.047 0.995 0.994 
0.017 0.995 0.388 0.988 0.997 
0.039 0.993 0.345 0.988 0.997 
0.023 0.993 0.487 0.990 0.997 
0.026 0.992 0.530 0.985 1.000 
0.024 0.996 0.490 0.985 0.973 
0.012 0.995 0.040 0.993 1.000 
0.026 0.995 0.027 0.993 1.000 
0.021 0.995 0.028 0.990 0.991 
0.042 0.992 0.558 0.990 0.967 
0.020 0.996 0.515 0.988 0.994 
0.015 0.997 1.057 0.990 0.827 
0.015 0.997 1.212 0.988 0.936 
0.015 0.995 0.701 0.990 0.982 
0.038 0.992 0.830 0.958 0.997 
0.017 0.995 0.046 0.993 1.000 
0.015 0.995 0.645 0.990 1.000 
0.018 0.994 0.819 0.988 0.997 
0.013 0.995 0.187 0.988 0.997 
0.019 0.993 0.036 0.993 0.997 
0.020 0.995 0.359 0.988 0.994 
0.022 0.993 0.427 0.988 0.997 
0.011 0.997 0.857 0.988 0.994 
0.027 0.995 0.225 0.990 1.000 
0.028 0.996 0.212 0.988 1.000 
0.011 0.996 0.022 0.993 1.000 
0.014 0.996 0.175 0.990 0.994 
0.043 0.994 0.307 0.988 0.991 
0.021 0.992 0.388 0.988 1.000 
0.052 0.992 0.029 0.990 0.997 
0.024 0.994 0.030 0.993 1.000 
0.011 0.997 0.023 0.993 1.000 
0.021 0.994 0.030 0.993 1.000 
0.019 0.996 0.043 0.993 1.000 
0.023 0.994 0.138 0.988 0.970 
0.021 0.995 0.980 0.988 0.955 
0.018 0.995 0.929 0.988 0.736 
0.013 0.995 0.604 0.990 1.000 
0.017 0.994 1.454 0.985 0.985 
0.020 0.994 0.983 0.990 1.000 
0.022 0.994 0.606 0.988 1.000 
0.018 0.996 0.029 0.990 1.000 
0.019 0.993 0.039 0.993 1.000 
0.007 0.998 0.048 0.993 1.000 
0.023 0.992 0.043 0.993 1.000 
0.013 0.995 0.253 0.990 1.000 
0.020 0.994 0.044 0.993 1.000 
0.016 0.996 0.487 0.988 1.000 
0.012 0.996 0.023 0.990 1.000 
0.023 0.994 0.280 0.988 0.809 
0.020 0.995 0.390 0.988 0.994 
0.022 0.993 0.058 0.988 1.000 
0.018 0.992 0.069 0.990 1.000 
0.022 0.993 0.023 0.993 0.997 
0.035 0.994 0.032 0.990 0.997 
0.026 0.993 0.033 0.993 1.000 
0.025 0.996 0.039 0.990 1.000 
0.021 0.993 0.031 0.990 0.985 
0.017 0.995 0.123 0.988 1.000 
0.010 0.998 0.035 0.993 1.000 
0.024 0.994 0.215 0.990 1.000 
0.027 0.993 0.223 0.990 1.000 
0.012 0.996 0.226 0.988 1.000 
0.012 0.996 0.360 0.990 1.000 
0.034 0.992 0.030 0.993 1.000 
0.019 0.996 0.024 0.993 0.918 
0.028 0.993 0.028 0.993 0.961 
0.007 0.998 0.051 0.993 1.000 
0.011 0.997 0.060 0.993 1.000 
0.020 0.993 0.057 0.993 1.000 
0.020 0.995 0.044 0.990 1.000 
0.039 0.993 0.028 0.990 1.000 
0.017 0.997 0.024 0.993 1.000 
0.015 0.995 0.031 0.993 1.000 
0.016 0.996 0.039 0.993 0.997 
0.014 0.995 0.035 0.993 0.997 
0.018 0.995 0.057 0.990 1.000 
0.023 0.993 0.043 0.993 1.000 
0.009 0.997 0.225 0.990 0.715 
0.028 0.992 0.044 0.993 1.000 
0.010 0.996 0.198 0.988 1.000 
0.017 0.994 0.032 0.993 1.000 
0.008 0.997 0.052 0.993 0.985 
0.017 0.995 0.032 0.990 1.000 
0.021 0.993 0.036 0.990 1.000 
0.015 0.995 0.042 0.990 1.000 
0.023 0.996 0.033 0.993 1.000 
0.021 0.995 0.033 0.993 1.000 
0.024 0.993 0.067 0.988 1.000 
0.017 0.997 0.083 0.990 0.970 
0.031 0.991 0.031 0.993 0.985 
0.021 0.996 0.052 0.993 0.982 
0.014 0.996 0.053 0.990 1.000 
0.021 0.994 0.038 0.990 0.991 
0.015 0.997 0.052 0.993 1.000 
0.030 0.993 0.088 0.993 1.000 
0.015 0.995 0.136 0.993 1.000 
0.014 0.997 0.111 0.993 1.000 
0.014 0.997 0.056 0.995 1.000 
0.017 0.996 0.078 0.993 1.000 
0.018 0.995 0.045 0.993 1.000 
0.010 0.995 0.030 0.995 1.000 
0.013 0.997 0.036 0.993 1.000 
0.013 0.998 0.074 0.990 1.000 
0.023 0.992 0.065 0.993 1.000 
0.027 0.992 0.063 0.990 1.000 
0.024 0.993 0.039 0.988 1.000 
0.035 0.993 0.051 0.993 0.927 
0.014 0.996 0.084 0.988 1.000 
0.021 0.993 0.039 0.990 1.000 
0.016 0.996 0.055 0.993 0.988 
0.038 0.992 0.039 0.993 1.000 
0.015 0.994 0.057 0.993 1.000 
0.012 0.996 0.221 0.985 0.994 
0.020 0.995 0.059 0.993 1.000 
0.019 0.993 0.094 0.990 1.000 
0.016 0.996 0.084 0.990 1.000 
0.013 0.994 0.037 0.993 0.991 
0.016 0.996 0.070 0.990 0.776 
0.013 0.997 0.059 0.993 1.000 
0.020 0.996 0.036 0.993 1.000 
0.014 0.995 0.053 0.993 0.848 
0.019 0.995 0.065 0.990 1.000 
0.014 0.996 0.231 0.985 0.927 
0.007 0.998 0.048 0.993 0.985 
0.031 0.991 0.040 0.993 0.985 
0.013 0.995 0.039 0.993 0.997 
0.016 0.997 0.049 0.990 1.000 
0.020 0.993 0.044 0.993 1.000 
0.031 0.991 0.149 0.988 0.991 
0.016 0.997 0.062 0.990 0.997 
0.013 0.995 0.034 0.993 1.000 
0.023 0.996 0.035 0.993 1.000 
0.024 0.993 0.029 0.993 0.855 
0.013 0.995 0.024 0.993 0.991 
0.010 0.997 0.031 0.990 1.000 
0.012 0.997 0.038 0.993 0.991 
0.026 0.992 0.032 0.990 0.936 
0.012 0.996 0.032 0.993 0.997 
0.033 0.992 0.032 0.993 0.967 
0.013 0.995 0.036 0.993 1.000 
0.023 0.993 0.133 0.988 0.988 
0.016 0.995 0.026 0.993 0.827 
0.023 0.996 0.026 0.993 0.988 
0.014 0.996 0.044 0.993 1.000 
0.027 0.996 0.077 0.990 0.991 
0.014 0.996 0.027 0.993 0.991 
0.015 0.997 0.024 0.993 1.000 
0.018 0.995 0.029 0.990 1.000 
0.016 0.995 0.028 0.993 1.000 
0.021 0.996 0.029 0.990 0.997 
0.033 0.991 0.027 0.993 1.000 
0.021 0.993 0.037 0.988 0.982 
0.013 0.997 0.147 0.990 0.985 
0.011 0.998 0.037 0.990 1.000 
0.022 0.992 0.198 0.988 1.000 
0.010 0.997 0.316 0.988 0.994 
0.015 0.993 0.023 0.995 1.000 
0.008 0.997 0.032 0.988 1.000 
0.024 0.993 0.197 0.990 0.930 
0.017 0.995 0.024 0.993 0.997 
0.034 0.992 0.083 0.988 1.000 
0.021 0.996 0.024 0.993 1.000 
0.018 0.996 0.095 0.988 1.000 
0.012 0.996 0.038 0.990 0.991 
0.025 0.992 0.046 0.990 0.988 
0.017 0.996 0.123 0.985 1.000 
0.023 0.994 0.027 0.993 1.000 
0.019 0.994 0.027 0.990 0.991 
0.019 0.994 0.245 0.990 0.085 
0.014 0.996 0.021 0.990 0.361 
0.011 0.997 0.044 0.993 1.000 
0.050 0.991 0.023 0.993 0.997 
0.026 0.993 0.027 0.993 0.994 
0.021 0.993 0.027 0.993 1.000 
0.017 0.995 0.031 0.993 0.997 
0.012 0.997 0.029 0.993 1.000 
0.018 0.993 0.034 0.990 0.979 
0.024 0.993 0.028 0.990 0.991 
0.049 0.991 0.027 0.993 1.000 
0.024 0.995 0.037 0.993 0.997 
0.024 0.994 0.032 0.993 1.000 
0.014 0.998 0.166 0.988 1.000 
0.018 0.995 0.031 0.993 0.988 
0.012 0.997 0.032 0.990 0.924 
0.019 0.995 0.139 0.988 0.994 
0.023 0.995 0.029 0.990 0.997 
0.012 0.996 0.058 0.993 0.997 
0.013 0.996 0.037 0.993 0.997 
0.012 0.995 0.293 0.988 0.991 
0.033 0.993 0.032 0.993 0.997 
0.017 0.995 0.036 0.990 0.809 
0.016 0.996 0.466 0.985 0.985 
0.012 0.997 0.206 0.990 0.661 
0.014 0.996 0.031 0.993 1.000 
0.058 0.993 0.079 0.988 1.000 
0.011 0.995 0.077 0.990 1.000 
0.019 0.997 0.037 0.993 1.000 
0.017 0.993 0.031 0.993 1.000 
0.020 0.995 0.027 0.995 0.997 
0.026 0.993 0.042 0.993 1.000 
0.031 0.993 0.025 0.993 0.864 
0.021 0.993 0.022 0.993 0.988 
0.007 0.997 0.025 0.990 0.730 
0.019 0.995 0.169 0.990 0.997 
0.009 0.997 0.024 0.993 0.924 
0.012 0.996 0.050 0.988 1.000 
0.016 0.995 0.031 0.993 1.000 
0.030 0.993 0.392 0.988 0.955 
0.013 0.996 0.202 0.990 0.991 
0.021 0.995 0.240 0.990 1.000 
0.025 0.994 0.025 0.993 0.967 
0.015 0.994 0.106 0.990 1.000 
0.018 0.995 0.102 0.990 0.997 
0.016 0.995 0.160 0.990 0.997 
0.015 0.995 0.396 0.988 0.994 
0.021 0.994 0.027 0.990 0.994 
0.023 0.994 0.029 0.990 0.997 
0.012 0.997 0.028 0.993 0.933 
0.013 0.997 0.033 0.990 0.912 
0.005 0.998 0.263 0.978 1.000 
0.018 0.995 0.027 0.993 0.930 
0.017 0.994 0.045 0.993 1.000 
0.016 0.997 0.354 0.990 0.979 
0.030 0.993 0.026 0.993 0.994 
0.017 0.997 0.030 0.990 1.000 
0.023 0.994 0.024 0.995 0.994 
0.023 0.997 0.034 0.993 0.988 
0.022 0.992 0.042 0.988 0.788 
0.014 0.996 0.193 0.985 1.000 
0.013 0.996 0.183 0.990 1.000 
0.030 0.996 1.208 0.990 0.967 
0.049 0.993 1.050 0.990 1.000 
0.009 0.997 1.304 0.990 0.994 
0.020 0.995 1.751 0.990 0.982 
0.010 0.998 1.298 0.993 0.985 
0.026 0.995 0.993 0.985 1.000 
0.037 0.995 0.424 0.990 1.000 
0.019 0.994 1.005 0.990 0.988 
0.029 0.990 0.861 0.983 1.000 
0.011 0.997 0.758 0.990 0.988 
0.060 0.992 0.035 0.990 0.982 
0.015 0.995 0.366 0.990 0.991 
0.010 0.997 0.379 0.990 0.991 
0.015 0.995 0.094 0.990 0.997 
0.017 0.996 0.028 0.993 1.000 
0.023 0.993 0.025 0.993 1.000 
0.024 0.994 0.099 0.988 0.994 
0.011 0.996 0.335 0.990 0.997 
0.014 0.995 4.277 0.990 0.670 
0.027 0.994 2.032 0.988 0.988 
0.027 0.992 1.159 0.988 0.994 
0.020 0.995 1.367 0.988 0.991 
0.014 0.996 1.624 0.990 0.967 
0.016 0.995 1.404 0.990 0.991 
0.013 0.996 1.929 0.990 0.642 
0.019 0.995 1.645 0.990 0.994 
0.026 0.993 2.006 0.990 0.988 
0.025 0.996 1.009 0.988 1.000 
0.015 0.995 1.792 0.988 0.958 
0.019 0.996 1.519 0.990 0.988 
0.011 0.997 1.838 0.990 0.988 
0.014 0.996 2.224 0.990 0.900 
0.023 0.995 1.747 0.983 0.991 
0.025 0.995 0.992 0.988 0.988 
0.019 0.993 2.145 0.988 0.997 
0.026 0.995 0.846 0.988 1.000 
0.031 0.989 1.864 0.990 0.927 
0.018 0.994 1.782 0.988 0.988 
0.017 0.997 1.283 0.988 0.988 
0.018 0.995 1.640 0.990 0.997 
0.019 0.994 1.539 0.990 0.985 
0.011 0.995 1.742 0.988 0.985 
0.023 0.995 0.960 0.988 1.000 
0.028 0.990 1.145 0.985 0.991 
0.014 0.996 1.393 0.990 0.985 
0.011 0.996 1.266 0.990 0.982 
0.040 0.994 1.344 0.988 0.985 
0.018 0.994 1.032 0.988 0.994 
0.013 0.996 1.240 0.990 0.982 
0.014 0.994 1.371 0.990 0.988 
0.014 0.996 0.572 0.990 1.000 
0.016 0.996 1.124 0.990 0.997 
0.022 0.996 0.651 0.990 1.000 
0.023 0.993 1.011 0.983 0.988 
0.021 0.993 0.540 0.990 0.961 
0.008 0.998 0.544 0.990 0.994 
0.014 0.996 0.512 0.990 0.997 
0.015 0.995 1.035 0.988 0.997 
0.016 0.995 0.630 0.990 1.000 
0.014 0.996 0.874 0.990 1.000 
0.016 0.995 0.490 0.990 1.000 
0.017 0.996 0.827 0.990 0.973 
0.016 0.995 0.509 0.988 0.921 
0.010 0.997 1.299 0.990 1.000 
0.011 0.997 1.052 0.990 1.000 
0.018 0.994 1.466 0.990 1.000 
0.018 0.995 1.251 0.990 1.000 
0.018 0.996 1.038 0.990 1.000 
0.012 0.997 0.647 0.988 1.000 
0.041 0.993 0.111 0.990 0.997 
0.012 0.996 0.071 0.990 1.000 
0.007 0.997 0.054 0.993 1.000 
0.035 0.988 0.399 0.988 0.997 
0.014 0.997 0.358 0.990 1.000 
0.018 0.995 0.070 0.990 1.000 
0.018 0.998 0.033 0.993 1.000 
0.020 0.992 0.376 0.983 1.000 
0.013 0.996 0.084 0.993 0.997 
0.028 0.994 0.426 0.993 1.000 
0.008 0.997 0.581 0.993 0.997 
0.012 0.996 0.809 0.990 1.000 
0.013 0.996 1.067 0.990 1.000 
0.020 0.995 1.449 0.993 0.997 
0.019 0.997 0.874 0.990 1.000 
0.038 0.991 0.556 0.990 1.000 
0.028 0.993 0.621 0.990 0.997 
0.015 0.995 1.119 0.990 0.994 
0.021 0.995 0.743 0.990 1.000 
0.022 0.995 0.653 0.993 1.000 
0.017 0.995 0.641 0.990 1.000 
0.013 0.995 0.947 0.990 0.994 
0.025 0.991 0.456 0.988 0.997 
0.019 0.993 0.504 0.990 0.997 
0.006 0.998 0.265 0.990 1.000 
0.018 0.995 0.514 0.988 1.000 
0.013 0.997 0.529 0.988 1.000 
0.051 0.988 0.467 0.990 1.000 
0.011 0.996 0.734 0.990 0.924 
0.014 0.997 0.709 0.990 0.997 
0.015 0.996 0.662 0.985 0.991 
0.018 0.997 1.459 0.990 0.991 
0.051 0.993 0.062 0.993 0.997 
0.012 0.997 0.037 0.993 0.988 
0.112 0.989 0.603 0.990 1.000 
0.018 0.995 0.997 0.990 0.985 
0.016 0.996 0.785 0.990 1.000 
0.016 0.997 0.875 0.990 0.930 
0.010 0.997 0.474 0.990 0.994 
0.019 0.994 0.121 0.993 0.991 
0.014 0.998 0.184 0.990 1.000 
0.023 0.992 0.417 0.993 1.000 
0.013 0.997 0.126 0.990 1.000 
0.014 0.995 0.603 0.993 1.000 
0.013 0.995 1.285 0.993 0.994 
0.007 0.997 0.676 0.990 1.000 
0.026 0.995 0.327 0.978 1.000 
0.020 0.995 0.444 0.990 0.997 
0.015 0.995 0.294 0.988 1.000 
0.010 0.998 0.256 0.990 1.000 
0.028 0.993 0.569 0.990 0.627 
0.015 0.994 0.781 0.988 0.991 
0.026 0.994 0.349 0.988 1.000 
0.131 0.993 0.695 0.985 0.997 
0.013 0.996 1.140 0.990 1.000 
0.024 0.995 0.811 0.990 1.000 
0.022 0.993 1.186 0.990 1.000 
0.016 0.996 1.111 0.990 1.000 
0.011 0.996 1.519 0.990 1.000 
0.034 0.993 1.352 0.990 0.991 
0.016 0.995 1.212 0.990 1.000 
0.041 0.995 1.524 0.990 0.994 
0.013 0.997 1.277 0.990 1.000 
0.061 0.991 0.586 0.990 0.970 
0.015 0.995 0.657 0.990 1.000 
0.030 0.992 0.865 0.993 0.997 
0.019 0.996 0.063 0.990 1.000 
0.017 0.996 0.040 0.993 1.000 
0.018 0.994 0.372 0.988 1.000 
0.012 0.996 0.761 0.988 1.000 
0.014 0.996 1.684 0.988 0.997 
0.014 0.995 1.703 0.990 1.000 
0.028 0.995 1.051 0.990 1.000 
0.025 0.994 0.452 0.990 1.000 
0.023 0.993 1.191 0.988 1.000 
0.012 0.996 1.141 0.990 1.000 
0.014 0.996 1.401 0.990 1.000 
0.030 0.992 0.956 0.975 1.000 
0.012 0.995 0.760 0.990 1.000 
0.008 0.999 0.931 0.990 1.000 
0.026 0.992 1.012 0.990 0.991 
0.019 0.993 1.105 0.993 0.985 
0.016 0.993 0.623 0.990 1.000 
0.012 0.997 1.430 0.990 0.927 
0.031 0.992 0.043 0.993 1.000 
0.009 0.998 0.039 0.993 1.000 
0.016 0.995 0.557 0.988 1.000 
0.009 0.998 1.080 0.988 1.000 
0.016 0.996 1.301 0.990 1.000 
0.022 0.996 0.722 0.988 1.000 
0.006 0.997 0.579 0.990 1.000 
0.020 0.993 1.796 0.990 0.988 
0.024 0.995 1.155 0.993 1.000 
0.012 0.996 1.063 0.993 0.988 
0.013 0.995 0.908 0.990 1.000 
0.018 0.996 0.344 0.988 1.000 
0.012 0.997 0.969 0.990 1.000 
0.027 0.992 0.310 0.990 0.997 
0.013 0.995 0.613 0.990 1.000 
0.012 0.995 1.140 0.990 1.000 
0.018 0.996 1.281 0.990 1.000 
0.029 0.995 1.112 0.990 1.000 
0.021 0.995 1.212 0.990 1.000 
0.015 0.996 0.793 0.990 1.000 
0.011 0.996 1.479 0.980 1.000 
0.015 0.995 1.306 0.990 0.997 
