0.286 0.897 0.168 0.935 1.000 
0.181 0.943 0.127 0.958 1.000 
0.139 0.954 0.170 0.927 0.989 
0.118 0.957 0.110 0.968 1.000 
0.103 0.969 0.109 0.970 1.000 
0.102 0.966 0.100 0.973 0.968 
0.080 0.973 0.092 0.980 1.000 
0.106 0.968 0.107 0.970 1.000 
0.092 0.969 0.112 0.960 1.000 
0.072 0.975 0.082 0.983 1.000 
0.101 0.974 0.115 0.965 1.000 
0.080 0.974 0.108 0.975 1.000 
0.060 0.981 0.108 0.960 1.000 
0.059 0.982 0.109 0.978 1.000 
0.066 0.982 0.092 0.973 0.993 
0.076 0.981 0.123 0.965 0.996 
0.065 0.979 0.087 0.975 1.000 
0.077 0.978 0.118 0.975 1.000 
0.056 0.984 0.076 0.983 0.907 
0.047 0.987 0.080 0.978 1.000 
0.057 0.981 0.103 0.973 1.000 
0.041 0.988 0.098 0.980 1.000 
0.050 0.987 0.090 0.978 1.000 
0.054 0.985 0.095 0.973 1.000 
0.065 0.980 0.091 0.980 0.886 
0.053 0.984 0.071 0.980 1.000 
0.044 0.987 0.086 0.980 1.000 
0.048 0.986 0.114 0.958 0.915 
0.053 0.989 0.078 0.980 1.000 
0.043 0.986 0.100 0.978 0.911 
0.049 0.986 0.090 0.983 0.580 
0.043 0.987 0.077 0.985 0.982 
0.046 0.986 0.099 0.968 1.000 
0.052 0.986 0.083 0.983 0.972 
0.043 0.989 0.106 0.968 1.000 
0.041 0.989 0.074 0.985 0.993 
0.037 0.989 0.111 0.970 1.000 
0.044 0.985 0.098 0.970 0.993 
0.053 0.987 0.087 0.973 0.783 
0.046 0.988 0.095 0.973 0.996 
0.042 0.988 0.091 0.968 0.996 
0.034 0.990 0.092 0.973 1.000 
0.031 0.993 0.103 0.973 0.964 
0.051 0.984 0.065 0.985 1.000 
0.045 0.988 0.088 0.975 1.000 
0.039 0.989 0.086 0.978 0.996 
0.052 0.985 0.096 0.968 1.000 
0.036 0.993 0.091 0.973 0.996 
0.037 0.989 0.140 0.950 0.996 
0.036 0.989 0.126 0.958 0.979 
0.038 0.989 0.074 0.978 1.000 
0.049 0.986 0.111 0.963 0.996 
0.033 0.991 0.103 0.970 0.954 
0.027 0.991 0.081 0.983 1.000 
0.044 0.988 0.093 0.978 1.000 
0.039 0.988 0.135 0.960 1.000 
0.034 0.990 0.075 0.983 0.922 
0.032 0.991 0.082 0.975 1.000 
0.027 0.991 0.087 0.975 0.936 
0.037 0.988 0.088 0.980 0.982 
0.025 0.993 0.078 0.975 0.968 
0.034 0.989 0.077 0.975 0.982 
0.031 0.990 0.119 0.968 0.986 
0.042 0.990 0.094 0.973 1.000 
0.028 0.992 0.094 0.975 0.851 
0.029 0.992 0.086 0.978 1.000 
0.038 0.989 0.086 0.975 1.000 
0.036 0.990 0.090 0.975 0.772 
0.039 0.989 0.071 0.983 0.349 
0.036 0.991 0.068 0.985 0.972 
0.035 0.993 0.071 0.983 0.164 
0.027 0.994 0.074 0.985 0.989 
0.036 0.991 0.073 0.983 0.142 
0.023 0.993 0.082 0.978 1.000 
0.033 0.990 0.074 0.985 0.701 
0.038 0.991 0.073 0.985 0.972 
0.028 0.992 0.099 0.973 0.982 
0.027 0.995 0.069 0.985 0.021 
0.031 0.991 0.073 0.985 0.032 
0.021 0.995 0.097 0.985 0.676 
0.040 0.989 0.129 0.953 1.000 
0.030 0.993 0.079 0.980 0.996 
0.032 0.993 0.093 0.983 0.224 
0.023 0.992 0.149 0.953 0.929 
0.030 0.992 0.124 0.950 0.950 
0.037 0.990 0.079 0.975 0.986 
0.020 0.994 0.088 0.980 0.993 
0.026 0.993 0.083 0.983 0.989 
0.038 0.993 0.089 0.980 1.000 
0.027 0.990 0.094 0.978 0.573 
0.043 0.990 0.091 0.970 1.000 
0.034 0.989 0.103 0.973 0.993 
0.030 0.994 0.083 0.985 0.996 
0.025 0.993 0.065 0.985 0.014 
0.023 0.994 0.060 0.985 0.125 
0.029 0.992 0.065 0.985 0.011 
0.034 0.991 0.065 0.983 0.996 
0.031 0.993 0.126 0.965 1.000 
0.021 0.993 0.084 0.978 0.018 
0.036 0.990 0.072 0.985 0.000 
0.022 0.994 0.067 0.985 0.000 
0.035 0.990 0.176 0.963 0.014 
0.025 0.993 0.139 0.965 0.644 
0.041 0.990 0.102 0.965 0.744 
0.028 0.992 0.069 0.985 0.552 
0.026 0.993 0.065 0.983 0.053 
0.023 0.994 0.065 0.985 0.246 
0.025 0.995 0.067 0.985 0.018 
0.024 0.994 0.076 0.978 0.011 
0.026 0.993 0.078 0.973 0.075 
0.021 0.994 0.136 0.965 0.221 
0.024 0.995 0.078 0.983 0.993 
0.026 0.992 0.088 0.978 0.605 
0.034 0.991 0.136 0.965 1.000 
0.026 0.994 0.093 0.973 0.986 
0.034 0.990 0.183 0.948 1.000 
0.031 0.989 0.118 0.958 0.972 
0.030 0.990 0.111 0.970 0.427 
0.026 0.992 0.120 0.973 0.071 
0.023 0.993 0.086 0.983 0.000 
0.025 0.991 0.131 0.960 0.641 
0.021 0.993 0.076 0.978 0.011 
0.022 0.991 0.088 0.973 0.875 
0.027 0.994 0.133 0.950 0.950 
0.031 0.991 0.104 0.975 0.868 
0.024 0.993 0.074 0.985 0.918 
0.021 0.994 0.098 0.968 0.722 
0.018 0.996 0.092 0.980 0.000 
0.020 0.993 0.101 0.978 0.954 
0.015 0.997 0.139 0.973 0.929 
0.034 0.991 0.116 0.965 0.811 
0.020 0.994 0.149 0.963 0.851 
0.035 0.990 0.123 0.955 0.986 
0.021 0.995 0.106 0.985 0.972 
0.034 0.991 0.069 0.985 0.000 
0.021 0.994 0.094 0.978 0.253 
0.040 0.990 0.070 0.983 0.053 
0.031 0.992 0.064 0.983 0.071 
0.025 0.992 0.080 0.975 0.000 
0.021 0.994 0.107 0.968 0.858 
0.025 0.993 0.106 0.983 0.011 
0.027 0.990 0.095 0.975 0.000 
0.020 0.994 0.075 0.978 0.982 
0.026 0.993 0.099 0.975 0.676 
0.026 0.994 0.104 0.978 0.249 
0.020 0.995 0.063 0.983 0.021 
0.025 0.990 0.127 0.965 0.662 
0.024 0.995 0.089 0.985 0.256 
0.042 0.989 0.086 0.978 0.064 
0.017 0.995 0.070 0.985 0.256 
0.033 0.991 0.140 0.973 0.036 
0.022 0.994 0.100 0.983 0.986 
0.023 0.994 0.100 0.975 0.381 
0.031 0.990 0.088 0.983 0.000 
0.024 0.991 0.085 0.980 0.979 
0.021 0.992 0.087 0.983 0.957 
0.027 0.992 0.080 0.980 0.982 
0.022 0.991 0.110 0.973 0.936 
0.019 0.995 0.089 0.983 0.915 
0.024 0.991 0.083 0.978 0.071 
0.017 0.996 0.083 0.980 0.238 
0.017 0.995 0.079 0.985 0.235 
0.021 0.994 0.127 0.955 0.957 
0.016 0.996 0.065 0.990 0.025 
0.031 0.990 0.144 0.950 0.886 
0.016 0.997 0.093 0.985 0.431 
0.027 0.992 0.144 0.965 0.943 
0.025 0.993 0.110 0.970 0.669 
0.019 0.995 0.112 0.963 0.310 
0.029 0.993 0.096 0.975 0.000 
0.023 0.995 0.124 0.970 0.975 
0.023 0.992 0.101 0.975 0.972 
0.015 0.995 0.140 0.973 0.057 
0.031 0.993 0.129 0.948 0.943 
0.026 0.993 0.105 0.968 0.004 
0.028 0.994 0.100 0.975 0.911 
0.022 0.991 0.117 0.980 0.210 
0.021 0.995 0.117 0.975 0.342 
0.026 0.993 0.126 0.960 0.907 
0.023 0.994 0.085 0.978 0.466 
0.023 0.995 0.192 0.953 0.512 
0.022 0.994 0.119 0.978 0.883 
0.020 0.995 0.117 0.975 0.996 
0.018 0.994 0.122 0.958 0.000 
0.029 0.991 0.129 0.973 0.295 
0.022 0.993 0.106 0.978 0.278 
0.022 0.994 0.155 0.970 0.089 
0.023 0.991 0.115 0.973 0.125 
0.021 0.994 0.173 0.965 0.146 
0.027 0.993 0.076 0.978 0.000 
0.019 0.995 0.102 0.983 0.007 
0.026 0.995 0.180 0.948 0.039 
0.026 0.992 0.087 0.973 0.993 
0.025 0.995 0.101 0.968 0.758 
0.018 0.995 0.114 0.973 0.114 
0.021 0.994 0.122 0.975 0.018 
0.020 0.991 0.152 0.963 0.989 
0.017 0.995 0.144 0.970 0.267 
0.013 0.997 0.163 0.970 0.537 
0.027 0.990 0.150 0.970 0.957 
0.028 0.992 0.200 0.973 0.004 
0.024 0.994 0.168 0.965 0.569 
0.016 0.996 0.128 0.973 0.007 
0.015 0.995 0.159 0.973 0.000 
0.021 0.993 0.120 0.985 0.043 
0.031 0.991 0.150 0.978 0.338 
0.020 0.995 0.106 0.968 0.384 
0.018 0.994 0.079 0.983 0.754 
0.016 0.996 0.107 0.970 0.050 
0.030 0.993 0.129 0.963 0.288 
0.022 0.995 0.094 0.973 0.673 
0.021 0.993 0.074 0.983 0.964 
0.021 0.993 0.149 0.968 0.018 
0.019 0.993 0.112 0.968 0.751 
0.027 0.993 0.114 0.960 0.000 
0.027 0.994 0.116 0.968 0.673 
0.016 0.994 0.180 0.968 0.039 
0.023 0.993 0.103 0.980 0.000 
0.014 0.997 0.159 0.968 0.445 
0.016 0.995 0.181 0.975 0.000 
0.017 0.995 0.181 0.965 0.043 
0.015 0.994 0.199 0.975 0.000 
0.026 0.990 0.168 0.953 0.178 
0.015 0.997 0.252 0.948 0.011 
0.026 0.994 0.107 0.968 0.221 
0.014 0.997 0.188 0.960 0.000 
0.021 0.995 0.087 0.983 0.345 
0.015 0.995 0.106 0.978 0.146 
0.024 0.995 0.120 0.963 0.046 
0.021 0.996 0.177 0.960 0.833 
0.020 0.994 0.100 0.975 0.979 
0.026 0.993 0.094 0.978 0.064 
0.017 0.994 0.098 0.978 0.157 
0.021 0.993 0.129 0.968 0.032 
0.015 0.996 0.144 0.978 0.007 
0.025 0.991 0.178 0.930 0.203 
0.017 0.994 0.121 0.973 0.708 
0.017 0.993 0.203 0.932 0.093 
0.014 0.994 0.127 0.978 0.000 
0.037 0.993 0.118 0.983 0.000 
0.020 0.994 0.256 0.938 0.950 
0.019 0.994 0.220 0.970 0.178 
0.021 0.995 0.173 0.975 0.847 
0.013 0.997 0.213 0.973 0.014 
0.023 0.994 0.178 0.973 0.021 
0.021 0.993 0.173 0.965 0.580 
0.014 0.997 0.195 0.940 0.527 
0.018 0.996 0.146 0.973 0.413 
0.023 0.993 0.139 0.978 0.609 
0.020 0.993 0.168 0.965 0.046 
0.024 0.994 0.156 0.975 0.964 
0.028 0.991 0.263 0.943 0.996 
0.026 0.992 0.138 0.978 0.370 
0.020 0.993 0.135 0.985 0.630 
0.030 0.995 0.098 0.973 0.811 
0.012 0.998 0.118 0.975 0.868 
0.017 0.993 0.131 0.958 0.996 
0.016 0.995 0.104 0.978 0.993 
0.022 0.995 0.129 0.968 1.000 
0.028 0.993 0.125 0.968 0.801 
0.009 0.997 0.171 0.978 0.157 
0.018 0.994 0.125 0.973 0.167 
0.029 0.995 0.146 0.963 0.783 
0.018 0.995 0.130 0.970 0.897 
0.012 0.997 0.109 0.985 0.210 
0.014 0.995 0.144 0.965 0.872 
0.022 0.994 0.137 0.973 0.637 
0.024 0.992 0.158 0.965 0.947 
0.013 0.996 0.136 0.978 0.007 
0.019 0.993 0.127 0.975 0.018 
0.013 0.997 0.252 0.938 0.783 
0.019 0.994 0.154 0.970 0.940 
0.017 0.994 0.110 0.978 0.064 
0.017 0.995 0.170 0.965 0.085 
0.029 0.992 0.115 0.965 0.096 
0.010 0.997 0.149 0.975 0.897 
0.016 0.997 0.107 0.980 0.968 
0.022 0.993 0.183 0.965 0.879 
0.025 0.992 0.111 0.975 0.975 
0.013 0.997 0.114 0.978 0.658 
0.009 0.996 0.166 0.960 0.972 
0.022 0.995 0.159 0.963 0.872 
0.023 0.993 0.157 0.970 0.979 
0.018 0.994 0.131 0.965 0.961 
0.023 0.993 0.148 0.958 0.954 
0.011 0.998 0.123 0.985 0.071 
0.029 0.991 0.151 0.960 0.865 
0.020 0.997 0.142 0.965 0.915 
0.012 0.996 0.251 0.960 0.847 
0.017 0.994 0.124 0.973 0.975 
0.012 0.997 0.192 0.965 0.932 
0.021 0.997 0.146 0.973 0.826 
0.014 0.994 0.205 0.968 0.480 
0.033 0.994 0.174 0.953 0.968 
0.024 0.993 0.189 0.965 0.000 
0.009 0.997 0.176 0.975 0.769 
0.013 0.995 0.196 0.960 0.822 
0.017 0.994 0.146 0.965 0.982 
0.013 0.996 0.138 0.963 0.206 
0.017 0.997 0.145 0.968 0.662 
0.010 0.998 0.156 0.973 0.662 
0.020 0.993 0.117 0.970 0.964 
0.021 0.994 0.136 0.960 0.996 
0.028 0.994 0.150 0.965 0.886 
0.015 0.996 0.282 0.960 0.972 
0.013 0.996 0.142 0.975 0.972 
0.009 0.997 0.112 0.983 0.964 
0.013 0.994 0.136 0.978 0.954 
0.018 0.995 0.133 0.968 0.968 
0.013 0.996 0.125 0.980 0.986 
0.012 0.995 0.153 0.965 0.989 
0.025 0.994 0.160 0.958 0.993 
0.014 0.995 0.115 0.980 0.968 
0.026 0.992 0.148 0.948 0.964 
0.009 0.995 0.127 0.980 0.950 
0.014 0.998 0.086 0.980 0.929 
0.022 0.994 0.070 0.985 0.986 
0.019 0.994 0.132 0.965 0.847 
0.014 0.995 0.086 0.983 1.000 
0.023 0.995 0.156 0.978 0.014 
0.013 0.997 0.157 0.963 0.993 
0.023 0.995 0.092 0.980 0.214 
0.027 0.994 0.169 0.955 1.000 
0.016 0.994 0.192 0.948 1.000 
0.008 0.998 0.190 0.970 0.947 
0.020 0.994 0.151 0.960 0.975 
0.013 0.996 0.169 0.973 0.979 
0.012 0.995 0.310 0.958 0.929 
0.029 0.993 0.125 0.973 0.989 
0.012 0.998 0.139 0.980 0.548 
0.013 0.995 0.157 0.975 0.925 
0.014 0.994 0.221 0.955 0.096 
0.021 0.992 0.176 0.978 0.943 
0.022 0.994 0.113 0.985 0.630 
0.023 0.994 0.109 0.970 0.979 
0.008 0.998 0.129 0.980 0.989 
0.019 0.996 0.179 0.960 0.786 
0.014 0.994 0.189 0.965 0.135 
0.016 0.997 0.183 0.980 0.228 
0.027 0.991 0.269 0.925 0.000 
0.026 0.994 0.112 0.975 1.000 
0.013 0.996 0.138 0.980 0.811 
0.020 0.994 0.137 0.978 0.879 
0.017 0.995 0.188 0.960 0.993 
0.015 0.995 0.105 0.978 1.000 
0.006 0.998 0.127 0.983 1.000 
0.024 0.992 0.216 0.958 1.000 
0.012 0.994 0.258 0.958 0.986 
0.013 0.995 0.218 0.970 1.000 
0.015 0.997 0.140 0.978 1.000 
0.014 0.996 0.159 0.973 0.993 
0.012 0.996 0.146 0.983 0.932 
0.014 0.996 0.218 0.965 0.893 
0.016 0.994 0.175 0.968 0.932 
0.022 0.994 0.143 0.978 0.577 
0.014 0.994 0.188 0.965 0.872 
0.012 0.996 0.145 0.975 0.897 
0.012 0.995 0.252 0.943 0.961 
0.027 0.993 0.195 0.963 0.053 
0.015 0.995 0.234 0.968 0.000 
0.019 0.996 0.149 0.970 0.854 
0.017 0.994 0.147 0.978 0.619 
0.024 0.994 0.105 0.978 1.000 
0.020 0.996 0.197 0.973 1.000 
0.016 0.996 0.171 0.975 1.000 
0.014 0.996 0.225 0.965 1.000 
0.019 0.995 0.176 0.983 1.000 
0.023 0.995 0.194 0.970 1.000 
0.012 0.995 0.230 0.973 0.996 
0.018 0.995 0.169 0.973 0.975 
0.015 0.995 0.184 0.973 0.993 
0.011 0.998 0.154 0.980 0.954 
0.018 0.995 0.096 0.985 1.000 
0.014 0.996 0.211 0.978 0.996 
0.013 0.997 0.199 0.975 0.000 
0.015 0.995 0.142 0.978 0.117 
0.011 0.998 0.206 0.975 0.747 
0.021 0.994 0.147 0.980 0.836 
0.019 0.995 0.149 0.975 0.555 
0.008 0.998 0.182 0.978 0.235 
0.009 0.998 0.439 0.940 0.979 
0.014 0.995 0.339 0.965 0.986 
0.023 0.996 0.293 0.953 0.950 
0.011 0.997 0.238 0.970 0.000 
0.015 0.996 0.155 0.975 0.310 
0.024 0.998 0.323 0.968 0.000 
0.047 0.993 0.165 0.975 0.797 
0.011 0.997 0.169 0.978 0.110 
0.023 0.993 0.140 0.978 0.975 
0.017 0.998 0.141 0.983 0.007 
0.025 0.992 0.087 0.985 0.737 
0.011 0.997 0.133 0.980 0.402 
0.021 0.997 0.111 0.978 0.644 
0.012 0.994 0.515 0.945 0.238 
0.012 0.998 0.167 0.978 0.004 
0.030 0.995 0.159 0.968 0.875 
0.017 0.997 0.154 0.970 0.007 
0.013 0.997 0.137 0.978 0.196 
0.008 0.998 0.183 0.978 0.680 
0.019 0.995 0.144 0.983 0.004 
0.010 0.997 0.177 0.980 0.011 
0.016 0.994 0.158 0.978 0.402 
0.011 0.997 0.152 0.988 0.722 
0.025 0.993 0.123 0.985 0.865 
0.010 0.998 0.133 0.983 0.975 
0.018 0.994 0.150 0.973 0.740 
0.031 0.996 0.253 0.968 0.598 
0.013 0.996 0.181 0.973 0.915 
0.016 0.995 0.114 0.983 0.520 
0.015 0.995 0.103 0.980 0.954 
0.018 0.995 0.125 0.970 0.972 
0.016 0.994 0.159 0.953 0.584 
0.013 0.995 0.150 0.965 0.843 
0.015 0.996 0.118 0.978 0.872 
0.020 0.997 0.115 0.985 1.000 
0.015 0.997 0.150 0.970 0.986 
0.008 0.998 0.259 0.960 0.986 
0.009 0.998 0.383 0.955 0.680 
0.019 0.995 0.174 0.963 1.000 
0.028 0.997 0.141 0.973 0.968 
0.018 0.994 0.161 0.963 1.000 
0.007 0.998 0.182 0.970 0.975 
0.020 0.993 0.258 0.943 0.986 
0.019 0.994 0.125 0.975 0.996 
0.013 0.997 0.138 0.973 1.000 
0.007 0.998 0.242 0.965 0.900 
0.014 0.995 0.166 0.973 0.064 
0.021 0.994 0.124 0.978 0.833 
0.009 0.998 0.237 0.973 0.690 
0.016 0.995 0.229 0.978 0.000 
0.029 0.995 0.153 0.978 0.125 
0.011 0.997 0.111 0.985 0.014 
0.009 0.998 0.101 0.980 0.961 
0.011 0.997 0.118 0.980 0.712 
0.014 0.995 0.149 0.978 0.007 
0.010 0.997 0.136 0.960 0.993 
0.012 0.997 0.246 0.948 0.758 
0.029 0.994 0.113 0.965 1.000 
0.014 0.995 0.107 0.983 0.064 
0.015 0.997 0.151 0.960 0.840 
0.017 0.995 0.099 0.980 0.004 
0.009 0.995 0.183 0.960 0.004 
0.017 0.995 0.137 0.970 0.968 
0.013 0.995 0.160 0.960 0.000 
0.009 0.998 0.147 0.973 0.011 
0.022 0.994 0.275 0.980 0.459 
0.022 0.995 0.162 0.980 0.452 
0.031 0.993 0.173 0.970 0.989 
0.018 0.995 0.273 0.958 0.833 
0.017 0.995 0.177 0.970 0.555 
0.020 0.997 0.156 0.968 0.559 
0.014 0.995 0.231 0.970 0.000 
0.014 0.995 0.155 0.975 0.989 
0.021 0.996 0.110 0.980 0.947 
0.015 0.996 0.197 0.940 0.011 
0.022 0.993 0.097 0.983 0.947 
0.006 0.999 0.203 0.973 0.794 
0.020 0.995 0.135 0.980 0.060 
0.014 0.997 0.115 0.978 0.989 
0.010 0.998 0.123 0.983 0.950 
0.017 0.995 0.169 0.980 0.922 
0.011 0.994 0.294 0.985 0.043 
0.019 0.994 0.140 0.983 1.000 
0.011 0.997 0.195 0.980 0.698 
0.018 0.995 0.251 0.968 0.498 
0.018 0.994 0.192 0.970 0.911 
0.018 0.993 0.241 0.965 0.989 
0.011 0.997 0.245 0.973 0.993 
0.017 0.995 0.261 0.965 0.972 
0.015 0.997 0.212 0.983 0.982 
0.008 0.998 0.274 0.970 0.986 
0.011 0.997 0.303 0.978 0.562 
0.012 0.996 0.265 0.965 0.989 
0.006 0.998 0.261 0.973 1.000 
0.023 0.994 0.236 0.968 0.989 
0.015 0.997 0.274 0.955 0.996 
0.016 0.994 0.341 0.958 0.982 
0.027 0.993 0.128 0.975 1.000 
0.013 0.997 0.139 0.978 1.000 
0.017 0.995 0.155 0.965 1.000 
0.005 0.999 0.180 0.970 0.986 
0.021 0.994 0.151 0.975 0.064 
0.016 0.996 0.203 0.975 0.996 
0.016 0.994 0.180 0.968 0.722 
0.014 0.996 0.180 0.965 0.189 
0.009 0.996 0.378 0.983 0.947 
0.022 0.996 0.409 0.975 0.281 
0.015 0.996 0.466 0.968 0.918 
0.016 0.996 0.316 0.970 0.989 
0.016 0.996 0.273 0.953 0.993 
0.026 0.995 0.187 0.958 0.968 
0.021 0.993 0.164 0.968 0.993 
0.011 0.996 0.239 0.975 0.612 
0.023 0.994 0.207 0.983 0.989 
0.016 0.994 0.194 0.978 1.000 
0.027 0.994 0.343 0.945 1.000 
0.020 0.993 0.256 0.938 0.993 
0.019 0.995 0.302 0.938 0.989 
0.010 0.998 0.153 0.983 1.000 
0.024 0.993 0.126 0.985 1.000 
0.013 0.997 0.183 0.980 0.961 
0.019 0.993 0.185 0.975 0.822 
0.017 0.995 0.175 0.978 1.000 
0.017 0.997 0.143 0.973 1.000 
0.013 0.995 0.191 0.975 0.950 
0.021 0.994 0.256 0.968 0.972 
0.017 0.997 0.146 0.978 0.989 
0.016 0.995 0.276 0.960 0.961 
0.014 0.997 0.172 0.978 1.000 
0.008 0.999 0.172 0.985 0.996 
0.014 0.994 0.223 0.983 1.000 
0.019 0.994 0.170 0.963 1.000 
0.013 0.996 0.238 0.960 0.989 
0.016 0.997 0.150 0.970 0.996 
0.010 0.997 0.242 0.975 0.982 
0.014 0.995 0.265 0.953 0.957 
0.010 0.997 0.192 0.980 1.000 
0.012 0.995 0.211 0.973 0.957 
0.020 0.998 0.448 0.985 0.705 
0.035 0.994 0.382 0.965 0.982 
0.011 0.997 0.390 0.960 0.929 
0.011 0.997 0.276 0.973 1.000 
0.017 0.996 0.279 0.978 1.000 
0.016 0.995 0.345 0.970 1.000 
0.014 0.997 0.356 0.970 0.829 
0.021 0.995 0.270 0.985 0.345 
0.012 0.997 0.288 0.978 1.000 
0.013 0.997 0.267 0.980 0.996 
0.015 0.996 0.374 0.968 1.000 
0.012 0.997 0.427 0.973 0.996 
0.018 0.997 0.434 0.935 0.964 
0.006 0.997 0.311 0.978 1.000 
0.028 0.993 0.283 0.963 0.320 
0.013 0.997 0.123 0.983 0.925 
0.021 0.995 0.451 0.922 0.915 
0.017 0.994 0.400 0.978 0.957 
0.014 0.995 0.380 0.968 0.708 
0.008 0.997 0.448 0.978 0.993 
0.014 0.995 0.345 0.975 0.996 
0.019 0.995 0.436 0.965 0.929 
0.014 0.996 0.323 0.968 0.996 
0.022 0.997 0.153 0.980 0.993 
0.013 0.997 0.276 0.975 0.975 
0.022 0.994 0.319 0.965 0.968 
0.012 0.997 0.404 0.970 0.569 
0.011 0.997 0.436 0.970 0.922 
0.031 0.994 0.478 0.968 1.000 
0.032 0.994 0.350 0.968 0.996 
0.012 0.996 0.431 0.963 0.979 
0.010 0.995 0.382 0.975 1.000 
0.012 0.997 0.312 0.980 1.000 
0.024 0.995 0.293 0.960 0.996 
0.016 0.995 0.183 0.983 1.000 
0.013 0.997 0.231 0.980 1.000 
0.014 0.997 0.254 0.983 0.982 
0.014 0.997 0.296 0.973 0.964 
0.024 0.997 0.208 0.985 0.950 
0.020 0.994 0.210 0.975 0.000 
0.013 0.995 0.196 0.978 0.996 
0.012 0.996 0.325 0.935 1.000 
0.010 0.995 0.286 0.983 1.000 
0.006 0.998 0.258 0.985 1.000 
0.022 0.992 0.192 0.983 1.000 
0.017 0.995 0.269 0.980 1.000 
0.011 0.996 0.308 0.985 0.658 
0.015 0.996 0.293 0.975 1.000 
0.014 0.998 0.464 0.968 0.993 
0.032 0.995 0.389 0.963 0.993 
0.036 0.995 0.200 0.983 0.986 
0.026 0.992 0.196 0.978 1.000 
0.016 0.996 0.224 0.965 0.996 
0.016 0.995 0.224 0.970 1.000 
0.013 0.995 0.377 0.963 0.993 
0.019 0.994 0.245 0.960 1.000 
0.013 0.996 0.194 0.970 1.000 
0.014 0.996 0.275 0.985 1.000 
0.008 0.996 0.337 0.978 1.000 
0.017 0.996 0.415 0.975 1.000 
0.022 0.997 0.313 0.973 0.854 
0.008 0.999 0.273 0.980 0.797 
0.019 0.995 0.256 0.985 0.915 
0.019 0.995 0.131 0.980 1.000 
0.018 0.996 0.220 0.980 0.989 
0.009 0.996 0.378 0.968 0.132 
0.011 0.995 0.365 0.985 0.918 
0.026 0.994 0.206 0.968 0.993 
0.011 0.997 0.217 0.975 1.000 
0.005 0.999 0.287 0.975 1.000 
0.012 0.995 0.313 0.978 1.000 
0.016 0.996 0.198 0.970 1.000 
0.027 0.994 0.097 0.980 1.000 
0.015 0.994 0.232 0.953 1.000 
0.012 0.996 0.249 0.963 1.000 
0.020 0.994 0.199 0.960 1.000 
0.009 0.997 0.216 0.978 1.000 
0.015 0.995 0.242 0.973 0.996 
0.015 0.995 0.276 0.978 0.964 
0.021 0.994 0.174 0.978 0.957 
0.014 0.995 0.212 0.978 0.655 
0.013 0.997 0.188 0.973 1.000 
0.039 0.994 0.258 0.970 1.000 
0.017 0.996 0.261 0.970 1.000 
0.013 0.998 0.198 0.975 1.000 
0.008 0.998 0.284 0.970 1.000 
0.021 0.994 0.228 0.963 1.000 
0.011 0.997 0.179 0.978 1.000 
0.011 0.994 0.302 0.973 0.840 
0.014 0.995 0.271 0.968 1.000 
0.009 0.998 0.321 0.945 0.993 
0.012 0.996 0.216 0.988 0.993 
0.010 0.995 0.263 0.978 0.996 
0.017 0.993 0.323 0.955 1.000 
0.007 0.997 0.238 0.983 1.000 
0.007 0.998 0.296 0.970 1.000 
0.028 0.997 0.178 0.963 0.996 
0.011 0.997 0.211 0.958 0.989 
0.012 0.997 0.192 0.973 0.996 
0.017 0.994 0.192 0.978 0.851 
0.012 0.998 0.162 0.978 0.932 
0.019 0.993 0.245 0.973 1.000 
0.028 0.995 0.289 0.978 0.053 
0.006 0.997 0.373 0.978 0.772 
0.023 0.994 0.239 0.980 1.000 
0.013 0.996 0.298 0.975 1.000 
0.009 0.998 0.334 0.968 1.000 
0.017 0.993 0.305 0.980 1.000 
0.021 0.995 0.292 0.985 1.000 
0.013 0.996 0.264 0.983 1.000 
0.023 0.993 0.257 0.958 1.000 
0.009 0.997 0.263 0.963 1.000 
0.013 0.995 0.268 0.975 1.000 
0.015 0.997 0.414 0.943 0.712 
0.008 0.998 0.284 0.973 0.769 
0.013 0.996 0.254 0.968 0.904 
0.011 0.996 0.493 0.943 0.954 
0.015 0.995 0.233 0.975 0.996 
0.006 0.998 0.498 0.940 0.957 
0.005 0.999 0.448 0.985 0.043 
0.011 0.997 0.198 0.985 0.883 
0.018 0.995 0.225 0.963 0.719 
0.014 0.997 0.341 0.963 0.484 
0.018 0.995 0.361 0.958 1.000 
0.013 0.997 0.319 0.950 0.996 
0.007 0.997 0.316 0.958 0.996 
0.012 0.997 0.278 0.985 1.000 
0.027 0.994 0.298 0.965 0.754 
0.014 0.997 0.393 0.970 0.968 
0.011 0.995 0.474 0.960 1.000 
0.018 0.997 0.287 0.983 1.000 
0.005 0.998 0.392 0.973 1.000 
0.013 0.997 0.309 0.985 1.000 
0.020 0.995 0.452 0.968 1.000 
0.020 0.995 0.457 0.975 0.993 
0.010 0.997 0.337 0.983 1.000 
0.015 0.995 0.458 0.968 0.858 
0.024 0.995 0.300 0.980 1.000 
0.008 0.997 0.508 0.958 1.000 
0.011 0.997 0.314 0.973 1.000 
0.011 0.997 0.304 0.975 1.000 
0.013 0.995 0.349 0.978 1.000 
0.015 0.996 0.479 0.970 0.989 
0.011 0.997 0.388 0.968 1.000 
0.004 0.999 0.748 0.973 0.801 
0.028 0.997 0.292 0.983 1.000 
0.013 0.996 0.253 0.965 0.982 
0.023 0.993 0.296 0.953 0.996 
0.009 0.997 0.248 0.983 0.993 
0.012 0.996 0.386 0.953 0.911 
0.014 0.996 0.280 0.960 0.975 
0.012 0.997 0.391 0.968 0.972 
0.015 0.994 0.441 0.978 0.815 
0.013 0.994 0.453 0.975 0.996 
0.016 0.996 0.345 0.958 0.993 
0.006 0.998 0.410 0.978 0.993 
0.013 0.997 0.473 0.975 0.989 
0.017 0.995 0.536 0.968 1.000 
0.013 0.998 0.306 0.975 1.000 
0.016 0.995 0.275 0.965 1.000 
0.015 0.993 0.354 0.970 0.794 
0.012 0.997 0.203 0.983 1.000 
0.014 0.994 0.454 0.935 0.000 
0.013 0.997 0.261 0.980 0.658 
0.013 0.995 0.246 0.978 0.975 
0.006 0.997 0.356 0.985 0.452 
0.013 0.997 0.288 0.975 0.993 
0.017 0.995 0.314 0.955 0.989 
0.009 0.997 0.349 0.960 0.794 
0.017 0.996 0.392 0.955 0.940 
0.027 0.995 0.201 0.973 0.633 
0.024 0.993 0.285 0.985 0.883 
0.010 0.998 0.208 0.975 0.993 
0.021 0.994 0.195 0.973 0.989 
0.016 0.995 0.264 0.978 0.705 
0.013 0.997 0.215 0.973 1.000 
0.021 0.994 0.386 0.958 0.996 
0.011 0.995 0.317 0.970 0.982 
0.017 0.995 0.300 0.948 0.801 
0.013 0.997 0.243 0.980 0.972 
0.014 0.995 0.233 0.973 0.929 
0.008 0.998 0.294 0.978 0.968 
0.015 0.995 0.296 0.975 0.972 
0.004 0.998 0.295 0.985 1.000 
0.011 0.995 0.301 0.975 1.000 
0.012 0.997 0.268 0.970 0.993 
0.019 0.995 0.504 0.927 0.940 
0.008 0.998 0.358 0.968 0.996 
0.013 0.996 0.447 0.955 0.566 
0.017 0.994 0.345 0.970 0.943 
0.011 0.997 0.340 0.985 0.822 
0.020 0.998 0.342 0.973 0.498 
0.021 0.993 0.297 0.973 0.996 
0.013 0.995 0.322 0.980 1.000 
0.007 0.998 0.229 0.985 1.000 
0.032 0.992 0.385 0.970 0.996 
0.018 0.996 0.335 0.988 1.000 
0.029 0.995 0.513 0.958 0.979 
0.033 0.992 0.196 0.973 1.000 
0.020 0.993 0.288 0.968 0.996 
0.012 0.995 0.363 0.973 0.822 
0.011 0.997 0.403 0.935 0.982 
0.016 0.996 0.292 0.970 0.982 
0.015 0.997 0.236 0.975 1.000 
0.016 0.994 0.462 0.965 0.993 
0.020 0.997 0.480 0.925 0.808 
0.018 0.995 0.306 0.963 0.562 
0.011 0.998 0.386 0.943 0.982 
0.010 0.995 0.421 0.978 0.947 
0.010 0.997 0.509 0.963 0.925 
0.009 0.998 0.912 0.973 0.181 
0.019 0.996 0.475 0.968 0.989 
0.016 0.995 0.333 0.965 1.000 
0.007 0.997 0.394 0.985 0.929 
0.012 0.997 0.574 0.975 0.961 
0.019 0.995 0.304 0.985 1.000 
0.014 0.997 0.486 0.980 0.228 
0.008 0.998 0.429 0.955 0.786 
0.016 0.995 0.359 0.985 0.979 
0.010 0.997 0.376 0.980 1.000 
0.013 0.997 0.435 0.985 1.000 
0.015 0.997 0.438 0.983 0.993 
0.009 0.996 0.518 0.975 1.000 
0.018 0.996 0.435 0.940 0.982 
0.015 0.995 0.599 0.988 0.559 
0.011 0.996 0.542 0.975 0.737 
0.016 0.993 0.442 0.975 1.000 
0.014 0.997 0.665 0.968 0.879 
0.013 0.997 0.446 0.963 1.000 
0.007 0.997 0.394 0.975 1.000 
0.014 0.997 0.363 0.973 0.996 
0.006 0.999 0.723 0.965 0.968 
0.019 0.997 0.424 0.973 0.068 
0.014 0.995 0.515 0.973 0.007 
0.008 0.998 0.375 0.970 1.000 
0.010 0.997 0.352 0.975 1.000 
0.032 0.996 0.249 0.968 1.000 
0.012 0.997 0.484 0.953 1.000 
0.016 0.994 0.318 0.975 1.000 
0.015 0.995 0.320 0.963 1.000 
0.014 0.997 0.337 0.960 1.000 
0.006 0.997 0.350 0.983 0.950 
0.006 0.998 0.346 0.968 1.000 
0.017 0.995 0.215 0.963 1.000 
0.017 0.997 0.516 0.938 0.996 
0.018 0.997 0.272 0.983 1.000 
0.016 0.995 0.314 0.973 0.996 
0.034 0.993 0.273 0.948 0.996 
0.017 0.998 0.460 0.910 0.559 
0.009 0.998 0.490 0.958 0.861 
0.017 0.997 0.341 0.968 0.989 
0.014 0.996 0.360 0.970 1.000 
0.012 0.997 0.366 0.968 1.000 
0.019 0.995 0.276 0.970 1.000 
0.014 0.996 0.289 0.955 0.996 
0.018 0.996 0.268 0.985 0.996 
0.043 0.992 0.208 0.973 0.996 
0.010 0.996 0.186 0.985 0.996 
0.019 0.994 0.517 0.968 1.000 
0.011 0.997 0.470 0.973 1.000 
0.020 0.994 0.228 0.985 1.000 
0.023 0.993 0.345 0.968 0.996 
0.019 0.995 0.314 0.970 0.883 
0.016 0.994 0.302 0.978 1.000 
0.007 0.999 0.414 0.983 1.000 
0.023 0.995 0.155 0.985 1.000 
0.012 0.998 0.257 0.975 1.000 
0.015 0.995 0.307 0.973 1.000 
0.010 0.997 0.343 0.983 1.000 
0.013 0.995 0.396 0.963 1.000 
0.015 0.995 0.416 0.983 1.000 
0.012 0.997 0.787 0.938 0.972 
0.014 0.997 0.286 0.978 1.000 
0.013 0.994 0.351 0.975 1.000 
0.019 0.995 0.246 0.960 1.000 
0.016 0.995 0.225 0.973 1.000 
0.011 0.998 0.221 0.978 1.000 
0.010 0.997 0.238 0.975 1.000 
0.014 0.996 0.241 0.973 1.000 
0.013 0.996 0.252 0.970 1.000 
0.010 0.997 0.235 0.973 1.000 
0.016 0.995 0.321 0.943 1.000 
0.019 0.994 0.310 0.940 0.996 
0.003 0.999 0.994 0.965 0.972 
0.102 0.991 1.305 0.963 1.000 
0.047 0.997 0.745 0.965 1.000 
0.042 0.997 0.805 0.958 1.000 
0.026 0.995 0.364 0.958 1.000 
0.008 0.997 0.355 0.970 1.000 
0.025 0.994 0.465 0.960 0.996 
0.011 0.998 0.327 0.958 0.989 
0.009 0.998 0.345 0.958 0.989 
0.038 0.995 0.472 0.965 0.996 
0.024 0.994 0.243 0.970 1.000 
0.009 0.997 0.280 0.965 1.000 
0.017 0.995 0.229 0.985 1.000 
0.005 0.999 0.440 0.958 1.000 
0.006 0.997 0.462 0.973 1.000 
0.021 0.994 0.418 0.938 1.000 
0.040 0.991 0.514 0.973 1.000 
0.020 0.995 0.325 0.985 1.000 
0.012 0.997 0.419 0.948 0.996 
0.034 0.993 0.221 0.958 0.975 
0.012 0.996 0.373 0.980 0.982 
0.014 0.995 0.265 0.985 0.979 
0.007 0.998 0.345 0.983 0.989 
0.013 0.997 0.242 0.970 0.979 
0.016 0.994 0.354 0.950 0.996 
0.009 0.997 0.339 0.945 0.975 
0.017 0.995 0.316 0.943 1.000 
0.031 0.994 0.354 0.970 1.000 
0.017 0.995 0.342 0.975 1.000 
0.004 0.999 0.512 0.963 1.000 
0.014 0.994 0.320 0.973 1.000 
0.018 0.994 0.386 0.960 1.000 
0.022 0.995 0.281 0.960 1.000 
0.011 0.997 0.293 0.968 1.000 
0.011 0.997 0.352 0.973 1.000 
0.016 0.995 0.479 0.958 1.000 
0.011 0.998 0.422 0.968 1.000 
0.008 0.998 0.292 0.960 1.000 
0.016 0.997 0.271 0.973 1.000 
0.017 0.994 0.322 0.968 1.000 
0.011 0.996 0.320 0.983 1.000 
0.015 0.996 0.270 0.985 1.000 
0.011 0.996 0.305 0.978 1.000 
0.018 0.994 0.727 0.943 1.000 
0.020 0.994 0.450 0.983 1.000 
0.004 0.998 0.391 0.983 1.000 
0.039 0.994 0.244 0.970 1.000 
0.021 0.997 0.286 0.983 1.000 
0.011 0.998 0.344 0.968 1.000 
0.021 0.994 0.267 0.948 1.000 
0.013 0.995 0.453 0.925 1.000 
0.012 0.996 0.341 0.973 1.000 
0.011 0.997 0.194 0.980 1.000 
0.007 0.998 0.342 0.955 1.000 
0.015 0.994 0.338 0.975 1.000 
0.012 0.997 0.305 0.963 1.000 
0.006 0.998 0.289 0.975 1.000 
0.025 0.995 0.139 0.988 1.000 
0.016 0.995 0.244 0.968 1.000 
0.015 0.996 0.220 0.985 1.000 
0.008 0.997 0.233 0.975 1.000 
0.012 0.997 0.153 0.983 1.000 
0.008 0.998 0.211 0.980 1.000 
0.013 0.997 0.235 0.968 1.000 
0.012 0.997 0.298 0.973 1.000 
0.013 0.996 0.182 0.980 1.000 
0.019 0.997 1.234 0.948 1.000 
0.008 0.998 0.373 0.963 1.000 
0.016 0.995 0.417 0.958 1.000 
0.005 0.997 0.547 0.970 1.000 
0.017 0.997 0.460 0.955 1.000 
0.020 0.995 0.377 0.968 1.000 
0.007 0.998 0.389 0.975 1.000 
0.008 0.998 0.371 0.960 1.000 
0.003 0.999 0.470 0.960 1.000 
0.028 0.995 0.230 0.960 1.000 
0.010 0.997 0.227 0.958 0.996 
0.016 0.997 0.211 0.973 1.000 
0.007 0.998 0.406 0.978 1.000 
0.029 0.995 0.258 0.983 1.000 
0.012 0.997 0.337 0.980 1.000 
0.044 0.994 0.220 0.970 1.000 
0.026 0.995 0.182 0.978 1.000 
0.015 0.995 0.258 0.980 1.000 
0.008 0.996 0.238 0.980 1.000 
0.009 0.997 0.313 0.975 1.000 
0.017 0.995 0.336 0.968 1.000 
0.019 0.996 0.413 0.953 1.000 
0.012 0.998 0.282 0.968 1.000 
0.020 0.994 0.313 0.983 1.000 
0.010 0.998 0.282 0.963 1.000 
0.020 0.995 0.172 0.975 1.000 
0.017 0.996 0.235 0.985 1.000 
0.009 0.998 0.310 0.968 1.000 
0.018 0.994 0.360 0.968 1.000 
0.011 0.998 0.254 0.958 1.000 
0.008 0.998 0.441 0.968 1.000 
0.012 0.996 0.344 0.963 1.000 
0.012 0.997 0.337 0.973 1.000 
0.013 0.997 0.214 0.985 1.000 
0.014 0.996 0.351 0.963 1.000 
0.014 0.997 0.297 0.975 1.000 
0.007 0.998 0.280 0.973 1.000 
0.010 0.997 0.280 0.970 1.000 
0.013 0.996 0.223 0.980 0.986 
0.015 0.993 0.223 0.980 1.000 
0.012 0.996 0.362 0.980 0.989 
0.015 0.995 0.259 0.955 1.000 
0.012 0.997 0.320 0.968 1.000 
0.018 0.995 0.188 0.963 1.000 
0.019 0.996 0.244 0.973 1.000 
0.008 0.998 0.301 0.983 1.000 
0.013 0.996 0.289 0.960 1.000 
0.009 0.998 0.340 0.980 1.000 
0.025 0.995 0.188 0.985 1.000 
0.007 0.998 0.268 0.978 1.000 
0.012 0.998 0.349 0.985 1.000 
0.006 0.998 0.327 0.985 1.000 
0.017 0.995 0.343 0.985 1.000 
0.018 0.994 0.263 0.963 1.000 
0.012 0.998 0.272 0.968 1.000 
0.012 0.997 0.476 0.983 0.996 
0.005 0.998 0.646 0.975 1.000 
0.013 0.998 0.490 0.985 1.000 
0.030 0.994 0.307 0.985 1.000 
0.020 0.993 0.264 0.980 1.000 
0.015 0.997 0.222 0.970 1.000 
0.015 0.994 0.266 0.965 0.996 
0.024 0.994 0.350 0.953 1.000 
0.009 0.997 0.253 0.965 1.000 
0.013 0.995 0.303 0.950 1.000 
0.009 0.998 0.349 0.975 1.000 
0.018 0.998 0.244 0.968 1.000 
0.006 0.999 0.228 0.983 1.000 
0.039 0.994 0.306 0.963 0.996 
0.011 0.994 0.333 0.970 0.968 
0.027 0.995 0.173 0.970 1.000 
0.012 0.995 0.303 0.975 0.972 
0.022 0.995 0.223 0.970 1.000 
0.009 0.997 0.312 0.985 0.996 
0.011 0.997 0.327 0.973 0.979 
0.010 0.998 0.252 0.975 1.000 
0.009 0.997 0.246 0.958 1.000 
0.015 0.995 0.227 0.958 0.996 
0.011 0.997 0.291 0.963 0.907 
0.010 0.997 0.282 0.945 0.986 
0.008 0.997 0.302 0.945 1.000 
0.014 0.995 0.361 0.968 1.000 
0.018 0.994 0.432 0.958 1.000 
0.014 0.997 0.408 0.932 0.989 
0.014 0.996 0.269 0.968 1.000 
0.018 0.995 0.348 0.973 0.993 
0.021 0.992 0.172 0.983 1.000 
0.010 0.997 0.656 0.955 0.203 
0.023 0.994 0.214 0.968 1.000 
0.011 0.997 0.540 0.970 0.470 
0.007 0.997 0.430 0.963 0.982 
0.013 0.996 0.351 0.965 1.000 
0.012 0.996 0.402 0.963 0.982 
0.019 0.995 0.208 0.973 1.000 
0.020 0.996 0.387 0.978 0.996 
0.027 0.994 0.266 0.985 1.000 
0.012 0.998 0.282 0.965 0.786 
0.011 0.997 0.323 0.968 0.993 
0.010 0.997 0.457 0.963 0.032 
0.055 0.992 0.224 0.955 1.000 
0.011 0.998 0.202 0.968 1.000 
0.023 0.995 0.256 0.970 0.961 
0.014 0.995 0.356 0.930 1.000 
0.038 0.997 0.101 0.970 1.000 
0.025 0.993 0.158 0.983 0.993 
0.006 0.999 0.154 0.980 0.972 
0.016 0.997 0.191 0.958 0.107 
0.007 0.998 0.162 0.973 1.000 
0.012 0.996 0.145 0.985 1.000 
0.004 0.999 0.254 0.965 0.996 
0.012 0.997 0.185 0.970 0.996 
0.010 0.997 0.340 0.948 0.836 
0.009 0.999 0.205 0.968 0.986 
0.005 0.997 0.324 0.973 0.986 
0.011 0.997 0.234 0.978 0.964 
0.031 0.993 0.188 0.968 1.000 
0.012 0.996 0.147 0.968 0.979 
0.011 0.997 0.211 0.978 0.975 
0.008 0.998 0.176 0.983 0.982 
0.016 0.998 0.174 0.973 1.000 
0.020 0.994 0.205 0.975 1.000 
0.013 0.997 0.206 0.970 1.000 
0.023 0.993 0.196 0.970 1.000 
0.011 0.998 0.202 0.983 1.000 
0.007 0.998 0.189 0.978 1.000 
0.007 0.997 0.260 0.985 1.000 
0.006 0.997 0.286 0.985 1.000 
0.024 0.993 0.202 0.983 0.993 
0.023 0.995 0.163 0.985 1.000 
0.008 0.997 0.189 0.983 1.000 
0.024 0.994 0.150 0.985 0.996 
0.008 0.998 0.179 0.983 0.993 
0.009 0.996 0.441 0.985 0.174 
