0.423 0.821 0.217 0.930 0.297 
0.341 0.858 0.195 0.945 0.125 
0.300 0.880 0.214 0.953 0.753 
0.262 0.895 0.176 0.963 0.819 
0.263 0.898 0.108 0.983 0.781 
0.223 0.916 0.146 0.958 0.800 
0.221 0.916 0.100 0.978 0.769 
0.217 0.920 0.130 0.965 0.762 
0.210 0.926 0.196 0.953 0.909 
0.210 0.926 0.121 0.958 0.794 
0.205 0.930 0.173 0.958 0.822 
0.177 0.938 0.115 0.968 0.838 
0.181 0.932 0.147 0.965 0.919 
0.191 0.932 0.149 0.960 0.884 
0.170 0.943 0.114 0.975 0.872 
0.170 0.934 0.089 0.975 0.838 
0.184 0.932 0.126 0.950 0.684 
0.158 0.948 0.110 0.973 0.847 
0.162 0.943 0.098 0.983 0.853 
0.161 0.944 0.165 0.950 0.938 
0.171 0.939 0.103 0.973 0.859 
0.152 0.945 0.099 0.983 0.881 
0.141 0.951 0.099 0.968 0.844 
0.148 0.946 0.160 0.958 0.941 
0.147 0.953 0.101 0.968 0.847 
0.159 0.940 0.177 0.940 0.963 
0.144 0.949 0.139 0.963 0.925 
0.142 0.948 0.121 0.975 0.928 
0.140 0.952 0.075 0.980 0.809 
0.146 0.952 0.110 0.975 0.925 
0.156 0.944 0.158 0.960 0.919 
0.124 0.960 0.104 0.978 0.903 
0.150 0.948 0.171 0.968 0.928 
0.130 0.959 0.118 0.968 0.922 
0.136 0.958 0.125 0.955 0.863 
0.144 0.951 0.099 0.978 0.897 
0.142 0.946 0.119 0.985 0.878 
0.137 0.951 0.085 0.985 0.925 
0.143 0.954 0.116 0.968 0.931 
0.109 0.966 0.098 0.970 0.912 
0.130 0.958 0.106 0.975 0.928 
0.124 0.954 0.135 0.975 0.950 
0.117 0.959 0.147 0.965 0.938 
0.129 0.958 0.096 0.985 0.844 
0.129 0.958 0.132 0.973 0.934 
0.128 0.958 0.084 0.975 0.891 
0.127 0.950 0.132 0.963 0.953 
0.115 0.957 0.102 0.983 0.934 
0.112 0.964 0.105 0.970 0.919 
0.115 0.961 0.088 0.980 0.919 
0.106 0.965 0.168 0.965 0.959 
0.115 0.959 0.093 0.983 0.881 
0.122 0.957 0.115 0.965 0.894 
0.108 0.961 0.138 0.973 0.947 
0.126 0.960 0.124 0.963 0.941 
0.095 0.964 0.143 0.970 0.947 
0.105 0.964 0.105 0.980 0.928 
0.107 0.956 0.083 0.985 0.906 
0.107 0.967 0.067 0.983 0.884 
0.102 0.962 0.094 0.983 0.912 
0.120 0.956 0.072 0.985 0.884 
0.103 0.970 0.136 0.953 0.950 
0.098 0.967 0.090 0.980 0.931 
0.107 0.964 0.132 0.965 0.934 
0.116 0.961 0.135 0.973 0.922 
0.107 0.964 0.122 0.980 0.925 
0.105 0.963 0.108 0.975 0.925 
0.103 0.963 0.156 0.970 0.938 
0.105 0.966 0.147 0.973 0.931 
0.086 0.972 0.114 0.970 0.906 
0.120 0.960 0.114 0.978 0.931 
0.109 0.961 0.123 0.973 0.938 
0.104 0.966 0.083 0.990 0.900 
0.101 0.968 0.126 0.973 0.953 
0.101 0.968 0.089 0.983 0.878 
0.101 0.963 0.230 0.938 0.963 
0.103 0.966 0.145 0.958 0.953 
0.103 0.961 0.166 0.953 0.953 
0.097 0.966 0.068 0.985 0.887 
0.104 0.965 0.102 0.975 0.931 
0.105 0.971 0.080 0.980 0.909 
0.077 0.973 0.177 0.963 0.956 
0.105 0.967 0.101 0.975 0.922 
0.084 0.969 0.103 0.970 0.938 
0.086 0.972 0.190 0.965 0.938 
0.102 0.963 0.082 0.988 0.916 
0.098 0.966 0.105 0.975 0.934 
0.097 0.966 0.074 0.985 0.919 
0.100 0.971 0.132 0.965 0.947 
0.086 0.974 0.156 0.955 0.956 
0.093 0.969 0.124 0.965 0.950 
0.101 0.966 0.118 0.970 0.941 
0.090 0.973 0.127 0.968 0.938 
0.084 0.970 0.118 0.963 0.944 
0.094 0.968 0.140 0.968 0.925 
0.082 0.972 0.090 0.970 0.941 
0.085 0.972 0.062 0.990 0.884 
0.098 0.965 0.074 0.985 0.891 
0.081 0.973 0.087 0.978 0.941 
0.096 0.970 0.156 0.958 0.947 
0.088 0.967 0.136 0.963 0.944 
0.082 0.971 0.111 0.965 0.944 
0.072 0.975 0.072 0.988 0.922 
0.086 0.974 0.190 0.943 0.966 
0.078 0.973 0.095 0.975 0.938 
0.093 0.967 0.079 0.983 0.922 
0.093 0.966 0.108 0.970 0.938 
0.078 0.973 0.149 0.973 0.950 
0.079 0.970 0.085 0.983 0.916 
0.097 0.964 0.161 0.960 0.947 
0.080 0.977 0.153 0.950 0.959 
0.068 0.975 0.104 0.975 0.928 
0.088 0.971 0.238 0.940 0.969 
0.086 0.967 0.091 0.980 0.938 
0.085 0.967 0.106 0.970 0.944 
0.080 0.974 0.219 0.932 0.975 
0.086 0.970 0.094 0.978 0.931 
0.071 0.977 0.149 0.965 0.956 
0.088 0.971 0.127 0.973 0.934 
0.076 0.978 0.105 0.978 0.931 
0.078 0.975 0.135 0.968 0.941 
0.080 0.975 0.189 0.945 0.963 
0.084 0.973 0.110 0.980 0.941 
0.081 0.970 0.216 0.930 0.966 
0.082 0.975 0.123 0.968 0.944 
0.082 0.971 0.123 0.958 0.950 
0.088 0.972 0.163 0.948 0.953 
0.081 0.971 0.142 0.960 0.956 
0.086 0.971 0.262 0.902 0.978 
0.076 0.976 0.099 0.980 0.922 
0.073 0.971 0.130 0.953 0.950 
0.069 0.977 0.120 0.968 0.953 
0.099 0.964 0.174 0.955 0.953 
0.076 0.975 0.084 0.975 0.941 
0.064 0.976 0.147 0.958 0.959 
0.090 0.971 0.157 0.963 0.956 
0.081 0.968 0.099 0.970 0.950 
0.064 0.978 0.120 0.970 0.950 
0.075 0.972 0.201 0.935 0.969 
0.063 0.978 0.086 0.975 0.934 
0.080 0.970 0.081 0.975 0.925 
0.079 0.973 0.233 0.920 0.975 
0.072 0.973 0.178 0.940 0.959 
0.086 0.973 0.105 0.978 0.938 
0.078 0.971 0.201 0.930 0.969 
0.076 0.976 0.101 0.980 0.925 
0.073 0.978 0.089 0.970 0.938 
0.073 0.975 0.109 0.973 0.953 
0.073 0.974 0.166 0.958 0.959 
0.093 0.967 0.096 0.968 0.941 
0.072 0.976 0.132 0.965 0.953 
0.070 0.973 0.275 0.917 0.975 
0.069 0.977 0.181 0.943 0.966 
0.081 0.977 0.139 0.963 0.953 
0.069 0.976 0.144 0.968 0.953 
0.077 0.973 0.154 0.955 0.959 
0.070 0.976 0.149 0.958 0.966 
0.071 0.973 0.125 0.968 0.963 
0.064 0.980 0.137 0.965 0.941 
0.067 0.980 0.087 0.968 0.944 
0.072 0.977 0.163 0.948 0.966 
0.084 0.971 0.130 0.973 0.950 
0.072 0.977 0.158 0.955 0.963 
0.082 0.976 0.125 0.965 0.963 
0.070 0.977 0.150 0.958 0.950 
0.066 0.978 0.173 0.948 0.969 
0.071 0.974 0.192 0.935 0.972 
0.076 0.972 0.127 0.963 0.959 
0.077 0.976 0.102 0.965 0.947 
0.072 0.976 0.106 0.978 0.928 
0.063 0.979 0.066 0.990 0.894 
0.094 0.968 0.176 0.955 0.959 
0.074 0.974 0.113 0.970 0.953 
0.056 0.982 0.208 0.948 0.969 
0.075 0.973 0.129 0.963 0.956 
0.075 0.976 0.166 0.945 0.963 
0.070 0.975 0.138 0.958 0.959 
0.064 0.979 0.215 0.943 0.969 
0.078 0.976 0.227 0.935 0.969 
0.063 0.980 0.190 0.950 0.966 
0.073 0.974 0.178 0.950 0.966 
0.060 0.982 0.140 0.955 0.953 
0.077 0.974 0.101 0.985 0.938 
0.069 0.978 0.086 0.973 0.934 
0.059 0.980 0.071 0.983 0.938 
0.067 0.980 0.101 0.973 0.947 
0.076 0.976 0.113 0.970 0.950 
0.069 0.980 0.175 0.955 0.953 
0.066 0.978 0.152 0.958 0.953 
0.071 0.974 0.128 0.965 0.944 
0.068 0.974 0.221 0.940 0.963 
0.079 0.975 0.285 0.920 0.963 
0.061 0.982 0.145 0.958 0.956 
0.075 0.973 0.187 0.945 0.959 
0.074 0.974 0.152 0.953 0.953 
0.071 0.974 0.069 0.985 0.928 
0.058 0.983 0.381 0.885 0.978 
0.064 0.974 0.091 0.983 0.934 
0.064 0.982 0.160 0.963 0.959 
0.068 0.979 0.147 0.960 0.959 
0.068 0.976 0.142 0.965 0.950 
0.073 0.974 0.119 0.980 0.947 
0.056 0.981 0.089 0.980 0.941 
0.066 0.979 0.086 0.985 0.938 
0.071 0.978 0.177 0.973 0.953 
0.071 0.972 0.113 0.975 0.953 
0.065 0.978 0.106 0.980 0.947 
0.057 0.980 0.105 0.973 0.947 
0.063 0.977 0.123 0.963 0.966 
0.060 0.978 0.115 0.978 0.963 
0.064 0.980 0.114 0.975 0.947 
0.062 0.980 0.191 0.963 0.966 
0.068 0.978 0.383 0.910 0.981 
0.060 0.978 0.206 0.970 0.959 
0.064 0.980 0.132 0.970 0.956 
0.069 0.974 0.158 0.973 0.956 
0.064 0.975 0.118 0.973 0.956 
0.066 0.974 0.088 0.975 0.944 
0.077 0.974 0.156 0.948 0.963 
0.065 0.978 0.131 0.970 0.953 
0.058 0.977 0.124 0.973 0.959 
0.069 0.975 0.076 0.983 0.931 
0.070 0.977 0.130 0.968 0.959 
0.059 0.982 0.194 0.938 0.969 
0.059 0.979 0.249 0.938 0.972 
0.063 0.982 0.091 0.973 0.947 
0.079 0.975 0.083 0.983 0.925 
0.067 0.976 0.284 0.920 0.978 
0.061 0.983 0.082 0.985 0.922 
0.076 0.973 0.094 0.975 0.950 
0.052 0.981 0.111 0.973 0.956 
0.063 0.978 0.103 0.965 0.956 
0.057 0.976 0.138 0.960 0.950 
0.060 0.980 0.094 0.980 0.931 
0.068 0.981 0.097 0.978 0.938 
0.070 0.974 0.169 0.968 0.953 
0.056 0.982 0.129 0.975 0.963 
0.056 0.979 0.255 0.950 0.969 
0.064 0.976 0.146 0.973 0.959 
0.063 0.978 0.124 0.973 0.941 
0.052 0.980 0.119 0.978 0.953 
0.054 0.979 0.142 0.968 0.963 
0.078 0.973 0.138 0.973 0.950 
0.047 0.986 0.159 0.978 0.928 
0.055 0.982 0.189 0.958 0.963 
0.064 0.974 0.230 0.958 0.966 
0.073 0.980 0.196 0.958 0.963 
0.062 0.977 0.194 0.945 0.972 
0.060 0.982 0.076 0.988 0.928 
0.064 0.978 0.108 0.973 0.959 
0.062 0.982 0.156 0.960 0.966 
0.063 0.979 0.101 0.980 0.934 
0.059 0.979 0.181 0.958 0.972 
0.051 0.984 0.194 0.940 0.972 
0.061 0.978 0.115 0.970 0.956 
0.054 0.984 0.140 0.968 0.959 
0.066 0.979 0.142 0.968 0.925 
0.072 0.970 0.129 0.965 0.956 
0.066 0.979 0.082 0.985 0.944 
0.062 0.981 0.247 0.922 0.975 
0.064 0.979 0.252 0.938 0.972 
0.054 0.984 0.299 0.938 0.972 
0.051 0.979 0.330 0.968 0.947 
0.056 0.978 0.141 0.973 0.944 
0.059 0.980 0.136 0.960 0.963 
0.064 0.978 0.123 0.965 0.972 
0.050 0.985 0.105 0.965 0.959 
0.059 0.978 0.169 0.965 0.963 
0.050 0.985 0.201 0.935 0.972 
0.057 0.979 0.165 0.950 0.966 
0.054 0.981 0.072 0.980 0.941 
0.062 0.979 0.237 0.938 0.975 
0.067 0.975 0.105 0.970 0.963 
0.051 0.983 0.127 0.973 0.969 
0.048 0.983 0.087 0.978 0.941 
0.066 0.977 0.073 0.983 0.934 
0.051 0.983 0.087 0.975 0.934 
0.047 0.985 0.123 0.968 0.950 
0.058 0.980 0.149 0.960 0.966 
0.053 0.984 0.101 0.978 0.941 
0.049 0.984 0.166 0.950 0.969 
0.061 0.979 0.081 0.978 0.944 
0.060 0.983 0.083 0.975 0.950 
0.055 0.979 0.133 0.965 0.953 
0.055 0.981 0.128 0.963 0.963 
0.043 0.986 0.092 0.973 0.956 
0.057 0.978 0.087 0.978 0.941 
0.054 0.977 0.231 0.945 0.975 
0.063 0.976 0.067 0.985 0.931 
0.057 0.984 0.125 0.970 0.938 
0.073 0.974 0.078 0.990 0.859 
0.061 0.978 0.119 0.968 0.950 
0.064 0.978 0.148 0.950 0.959 
0.052 0.979 0.144 0.960 0.963 
0.044 0.985 0.111 0.970 0.963 
0.056 0.984 0.111 0.968 0.963 
0.065 0.978 0.098 0.968 0.953 
0.065 0.983 0.097 0.980 0.941 
0.048 0.984 0.093 0.973 0.938 
0.052 0.980 0.059 0.988 0.906 
0.051 0.982 0.159 0.958 0.959 
0.056 0.979 0.132 0.970 0.950 
0.061 0.981 0.088 0.970 0.953 
0.060 0.977 0.080 0.975 0.938 
0.059 0.978 0.101 0.975 0.928 
0.069 0.974 0.090 0.980 0.934 
0.076 0.978 0.112 0.965 0.953 
0.064 0.980 0.124 0.968 0.959 
0.054 0.983 0.090 0.963 0.953 
0.070 0.977 0.144 0.955 0.963 
0.059 0.981 0.167 0.943 0.969 
0.055 0.983 0.119 0.960 0.950 
0.063 0.984 0.089 0.978 0.934 
0.060 0.980 0.125 0.968 0.963 
0.070 0.974 0.134 0.958 0.966 
0.060 0.980 0.089 0.985 0.931 
0.054 0.983 0.133 0.958 0.963 
0.062 0.979 0.217 0.935 0.975 
0.046 0.983 0.100 0.975 0.956 
0.064 0.978 0.153 0.963 0.944 
0.049 0.983 0.188 0.935 0.963 
0.037 0.986 0.182 0.968 0.953 
0.072 0.979 0.119 0.960 0.959 
0.043 0.986 0.067 0.985 0.922 
0.060 0.980 0.092 0.983 0.916 
0.046 0.986 0.122 0.968 0.956 
0.060 0.981 0.105 0.968 0.959 
0.050 0.982 0.099 0.978 0.953 
0.054 0.979 0.155 0.955 0.963 
0.063 0.978 0.151 0.958 0.963 
0.065 0.978 0.092 0.978 0.941 
0.045 0.985 0.092 0.978 0.938 
0.044 0.988 0.078 0.973 0.944 
0.058 0.980 0.133 0.968 0.969 
0.053 0.982 0.093 0.970 0.938 
0.066 0.976 0.095 0.975 0.944 
0.060 0.983 0.117 0.968 0.969 
0.061 0.980 0.071 0.978 0.941 
0.055 0.983 0.089 0.983 0.925 
0.051 0.983 0.156 0.955 0.972 
0.055 0.983 0.199 0.950 0.972 
0.048 0.985 0.109 0.978 0.938 
0.058 0.980 0.101 0.980 0.956 
0.055 0.983 0.078 0.988 0.934 
0.044 0.986 0.128 0.970 0.950 
0.040 0.986 0.139 0.965 0.947 
0.049 0.984 0.093 0.985 0.928 
0.051 0.978 0.069 0.985 0.931 
0.047 0.982 0.141 0.965 0.966 
0.050 0.984 0.067 0.990 0.931 
0.053 0.980 0.116 0.965 0.963 
0.046 0.985 0.226 0.932 0.975 
0.059 0.984 0.201 0.958 0.966 
0.046 0.985 0.148 0.970 0.956 
0.055 0.984 0.151 0.968 0.963 
0.054 0.982 0.141 0.965 0.953 
0.056 0.982 0.147 0.970 0.966 
0.042 0.984 0.100 0.978 0.947 
0.053 0.983 0.082 0.980 0.941 
0.057 0.984 0.149 0.965 0.969 
0.063 0.976 0.161 0.970 0.953 
0.049 0.987 0.126 0.973 0.966 
0.060 0.980 0.147 0.960 0.953 
0.062 0.981 0.100 0.973 0.950 
0.044 0.986 0.063 0.988 0.928 
0.051 0.982 0.170 0.955 0.975 
0.043 0.987 0.108 0.975 0.950 
0.043 0.986 0.175 0.945 0.975 
0.039 0.983 0.130 0.963 0.966 
0.062 0.980 0.086 0.980 0.925 
0.043 0.987 0.222 0.955 0.972 
0.060 0.980 0.080 0.983 0.934 
0.043 0.983 0.145 0.958 0.959 
0.045 0.985 0.144 0.970 0.963 
0.064 0.983 0.134 0.975 0.963 
0.033 0.987 0.122 0.973 0.959 
0.040 0.986 0.143 0.968 0.959 
0.053 0.983 0.161 0.955 0.969 
0.051 0.982 0.146 0.970 0.969 
0.061 0.978 0.207 0.953 0.972 
0.043 0.984 0.255 0.920 0.975 
0.058 0.977 0.408 0.828 0.981 
0.047 0.985 0.262 0.905 0.975 
0.054 0.983 0.163 0.935 0.972 
0.062 0.980 0.115 0.975 0.944 
0.057 0.984 0.108 0.975 0.950 
0.054 0.983 0.134 0.973 0.953 
0.056 0.982 0.197 0.963 0.972 
0.064 0.978 0.116 0.970 0.944 
0.050 0.983 0.118 0.973 0.959 
0.052 0.983 0.141 0.968 0.969 
0.047 0.983 0.190 0.950 0.969 
0.053 0.984 0.210 0.963 0.969 
0.048 0.985 0.233 0.938 0.972 
0.050 0.983 0.194 0.955 0.966 
0.056 0.981 0.150 0.955 0.969 
0.046 0.984 0.069 0.983 0.959 
0.046 0.986 0.186 0.943 0.966 
0.054 0.983 0.256 0.920 0.972 
0.047 0.985 0.099 0.960 0.969 
0.053 0.984 0.209 0.938 0.972 
0.040 0.989 0.096 0.965 0.959 
0.056 0.982 0.079 0.978 0.950 
0.056 0.984 0.131 0.955 0.972 
0.054 0.982 0.122 0.968 0.947 
0.053 0.983 0.189 0.943 0.972 
0.056 0.980 0.150 0.945 0.969 
0.052 0.985 0.072 0.988 0.944 
0.043 0.985 0.090 0.983 0.950 
0.058 0.982 0.109 0.968 0.963 
0.053 0.985 0.145 0.958 0.975 
0.052 0.982 0.057 0.985 0.919 
0.059 0.986 0.134 0.960 0.963 
0.050 0.985 0.167 0.958 0.966 
0.051 0.982 0.105 0.975 0.941 
0.051 0.982 0.137 0.973 0.966 
0.058 0.983 0.076 0.980 0.931 
0.048 0.987 0.113 0.980 0.963 
0.046 0.984 0.175 0.963 0.963 
0.048 0.984 0.066 0.985 0.956 
0.055 0.984 0.123 0.975 0.972 
0.047 0.985 0.190 0.960 0.972 
0.054 0.983 0.117 0.983 0.919 
0.038 0.987 0.207 0.960 0.959 
0.048 0.986 0.163 0.950 0.959 
0.055 0.981 0.147 0.968 0.950 
0.036 0.990 0.237 0.973 0.959 
0.048 0.986 0.218 0.960 0.963 
0.045 0.983 0.187 0.973 0.969 
0.051 0.983 0.102 0.975 0.944 
0.059 0.981 0.120 0.978 0.938 
0.043 0.987 0.279 0.938 0.972 
0.045 0.982 0.210 0.955 0.972 
0.063 0.977 0.186 0.968 0.938 
0.050 0.986 0.120 0.973 0.953 
0.045 0.988 0.266 0.960 0.941 
0.062 0.980 0.152 0.973 0.944 
0.047 0.984 0.167 0.978 0.934 
0.047 0.987 0.195 0.948 0.966 
0.047 0.986 0.313 0.932 0.978 
0.058 0.983 0.108 0.975 0.941 
0.056 0.983 0.459 0.927 0.981 
0.059 0.982 0.193 0.953 0.956 
0.041 0.986 0.230 0.965 0.966 
0.053 0.982 0.156 0.973 0.969 
0.052 0.983 0.140 0.968 0.963 
0.037 0.988 0.151 0.968 0.963 
0.048 0.985 0.115 0.980 0.944 
0.039 0.988 0.153 0.970 0.959 
0.057 0.982 0.083 0.988 0.912 
0.049 0.984 0.132 0.973 0.953 
0.048 0.983 0.145 0.970 0.959 
0.048 0.983 0.239 0.948 0.972 
0.047 0.982 0.104 0.980 0.959 
0.040 0.985 0.107 0.970 0.934 
0.056 0.985 0.187 0.943 0.969 
0.043 0.987 0.055 0.985 0.925 
0.062 0.976 0.134 0.968 0.963 
0.057 0.983 0.154 0.968 0.966 
0.036 0.986 0.102 0.985 0.947 
0.045 0.984 0.115 0.975 0.963 
0.051 0.984 0.149 0.968 0.972 
0.038 0.986 0.283 0.943 0.972 
0.044 0.987 0.099 0.978 0.950 
0.044 0.984 0.257 0.950 0.972 
0.055 0.979 0.156 0.963 0.963 
0.058 0.980 0.157 0.973 0.959 
0.042 0.984 0.110 0.975 0.944 
0.074 0.978 0.262 0.943 0.969 
0.046 0.981 0.111 0.975 0.944 
0.047 0.983 0.146 0.975 0.950 
0.045 0.982 0.139 0.970 0.966 
0.053 0.984 0.209 0.935 0.975 
0.044 0.988 0.103 0.970 0.972 
0.048 0.982 0.162 0.958 0.956 
0.052 0.986 0.104 0.978 0.956 
0.052 0.986 0.107 0.980 0.931 
0.055 0.982 0.054 0.985 0.922 
0.031 0.988 0.198 0.950 0.969 
0.061 0.981 0.131 0.973 0.950 
0.040 0.986 0.121 0.978 0.938 
0.040 0.986 0.238 0.948 0.975 
0.036 0.986 0.177 0.973 0.944 
0.048 0.986 0.174 0.970 0.953 
0.049 0.986 0.144 0.978 0.947 
0.045 0.983 0.121 0.978 0.950 
0.050 0.983 0.080 0.980 0.928 
0.043 0.989 0.140 0.975 0.959 
0.042 0.990 0.241 0.955 0.969 
0.057 0.980 0.176 0.968 0.966 
0.043 0.986 0.156 0.973 0.959 
0.049 0.981 0.197 0.958 0.972 
0.040 0.988 0.087 0.985 0.944 
0.055 0.986 0.118 0.965 0.966 
0.051 0.986 0.078 0.985 0.944 
0.040 0.985 0.095 0.978 0.950 
0.043 0.988 0.109 0.968 0.963 
0.053 0.987 0.119 0.970 0.956 
0.042 0.986 0.135 0.970 0.969 
0.042 0.987 0.139 0.968 0.972 
0.055 0.980 0.136 0.963 0.966 
0.051 0.984 0.228 0.940 0.972 
0.044 0.983 0.120 0.980 0.959 
0.053 0.982 0.084 0.983 0.934 
0.050 0.985 0.253 0.938 0.978 
0.051 0.982 0.126 0.968 0.953 
0.044 0.985 0.169 0.963 0.978 
0.049 0.984 0.186 0.960 0.972 
0.049 0.982 0.115 0.978 0.950 
0.048 0.980 0.104 0.978 0.947 
0.060 0.978 0.191 0.975 0.934 
0.042 0.983 0.150 0.988 0.922 
0.065 0.980 0.123 0.980 0.941 
0.056 0.982 0.143 0.968 0.969 
0.030 0.990 0.164 0.975 0.959 
0.043 0.986 0.408 0.953 0.972 
0.051 0.984 0.265 0.953 0.969 
0.042 0.990 0.250 0.970 0.966 
0.053 0.981 0.161 0.975 0.959 
0.047 0.984 0.161 0.968 0.966 
0.047 0.986 0.076 0.988 0.919 
0.043 0.985 0.071 0.988 0.916 
0.047 0.983 0.117 0.985 0.922 
0.036 0.990 0.148 0.983 0.931 
0.047 0.985 0.517 0.950 0.975 
0.036 0.989 0.115 0.985 0.941 
0.052 0.982 0.055 0.985 0.909 
0.040 0.988 0.258 0.963 0.969 
0.058 0.982 0.128 0.988 0.928 
0.056 0.981 0.116 0.985 0.934 
0.046 0.986 0.147 0.980 0.934 
0.035 0.989 0.148 0.988 0.947 
0.036 0.988 0.084 0.985 0.934 
0.040 0.989 0.133 0.975 0.956 
0.054 0.985 0.126 0.980 0.938 
0.064 0.976 0.139 0.975 0.925 
0.038 0.987 0.104 0.978 0.941 
0.043 0.984 0.109 0.975 0.947 
0.051 0.983 0.128 0.975 0.959 
0.053 0.980 0.167 0.958 0.969 
0.034 0.987 0.229 0.960 0.966 
0.050 0.977 0.340 0.922 0.972 
0.047 0.984 0.213 0.960 0.969 
0.030 0.988 0.104 0.983 0.947 
0.051 0.982 0.089 0.985 0.947 
0.066 0.988 0.192 0.958 0.975 
0.050 0.986 0.085 0.983 0.953 
0.041 0.986 0.091 0.985 0.947 
0.049 0.982 0.074 0.985 0.919 
0.047 0.984 0.148 0.963 0.956 
0.038 0.987 0.111 0.965 0.947 
0.043 0.987 0.077 0.985 0.941 
0.038 0.986 0.106 0.978 0.963 
0.046 0.987 0.082 0.985 0.950 
0.045 0.983 0.097 0.983 0.956 
0.075 0.977 0.145 0.965 0.969 
0.045 0.986 0.118 0.978 0.963 
0.036 0.989 0.103 0.980 0.959 
0.038 0.987 0.088 0.968 0.956 
0.046 0.985 0.183 0.968 0.959 
0.064 0.986 0.130 0.985 0.938 
0.036 0.989 0.073 0.985 0.931 
0.037 0.987 0.148 0.968 0.972 
0.045 0.984 0.095 0.980 0.956 
0.040 0.989 0.255 0.963 0.966 
0.088 0.976 0.094 0.988 0.912 
0.068 0.983 0.110 0.980 0.963 
0.045 0.984 0.112 0.983 0.931 
0.039 0.986 0.231 0.965 0.969 
0.039 0.987 0.262 0.950 0.969 
0.042 0.988 0.185 0.970 0.966 
0.052 0.982 0.203 0.970 0.966 
0.042 0.987 0.192 0.963 0.966 
0.045 0.984 0.152 0.975 0.938 
0.054 0.981 0.287 0.950 0.975 
0.052 0.983 0.182 0.943 0.972 
0.045 0.984 0.166 0.965 0.972 
0.033 0.989 0.334 0.922 0.978 
0.039 0.986 0.103 0.988 0.906 
0.048 0.982 0.181 0.958 0.966 
0.035 0.988 0.138 0.980 0.947 
0.033 0.989 0.107 0.985 0.938 
0.056 0.984 0.230 0.970 0.947 
0.064 0.978 0.094 0.983 0.919 
0.044 0.983 0.181 0.965 0.953 
0.046 0.984 0.155 0.975 0.950 
0.047 0.982 0.119 0.985 0.925 
0.050 0.984 0.156 0.978 0.950 
0.042 0.987 0.151 0.978 0.947 
0.048 0.983 0.248 0.940 0.966 
0.043 0.983 0.185 0.958 0.966 
0.040 0.986 0.248 0.968 0.963 
0.044 0.985 0.144 0.985 0.934 
0.047 0.983 0.149 0.978 0.941 
0.047 0.985 0.134 0.973 0.947 
0.055 0.979 0.091 0.975 0.941 
0.055 0.983 0.116 0.975 0.944 
0.043 0.986 0.124 0.968 0.947 
0.051 0.983 0.200 0.968 0.963 
0.041 0.986 0.133 0.970 0.947 
0.038 0.988 0.132 0.968 0.959 
0.050 0.985 0.162 0.963 0.969 
0.044 0.986 0.115 0.975 0.950 
0.037 0.986 0.122 0.978 0.963 
0.037 0.988 0.170 0.950 0.966 
0.037 0.986 0.106 0.975 0.953 
0.057 0.986 0.166 0.975 0.953 
0.050 0.986 0.145 0.958 0.953 
0.036 0.988 0.110 0.980 0.953 
0.037 0.989 0.134 0.960 0.972 
0.042 0.984 0.101 0.973 0.959 
0.048 0.984 0.085 0.983 0.934 
0.034 0.989 0.171 0.960 0.966 
0.038 0.988 0.137 0.980 0.956 
0.050 0.980 0.120 0.968 0.969 
0.030 0.988 0.107 0.970 0.969 
0.044 0.985 0.193 0.958 0.956 
0.044 0.982 0.107 0.978 0.947 
0.046 0.984 0.285 0.950 0.966 
0.051 0.985 0.154 0.978 0.969 
0.052 0.980 0.116 0.973 0.969 
0.052 0.985 0.138 0.965 0.950 
0.042 0.985 0.104 0.978 0.959 
0.049 0.980 0.136 0.960 0.953 
0.035 0.986 0.145 0.973 0.956 
0.054 0.981 0.084 0.985 0.931 
0.052 0.982 0.146 0.973 0.950 
0.039 0.989 0.170 0.963 0.969 
0.095 0.980 0.186 0.958 0.956 
0.051 0.977 0.075 0.975 0.953 
0.057 0.987 0.123 0.970 0.969 
0.047 0.983 0.099 0.978 0.950 
0.038 0.988 0.228 0.938 0.975 
0.042 0.985 0.089 0.983 0.922 
0.049 0.985 0.242 0.932 0.975 
0.043 0.988 0.066 0.990 0.912 
0.040 0.983 0.081 0.985 0.928 
0.035 0.988 0.098 0.988 0.941 
0.037 0.990 0.235 0.960 0.963 
0.045 0.986 0.145 0.965 0.963 
0.051 0.983 0.097 0.985 0.950 
0.042 0.985 0.101 0.985 0.944 
0.048 0.982 0.084 0.980 0.934 
0.058 0.980 0.162 0.965 0.963 
0.051 0.982 0.117 0.980 0.925 
0.034 0.988 0.143 0.973 0.959 
0.059 0.984 0.232 0.948 0.966 
0.046 0.985 0.131 0.970 0.966 
0.038 0.985 0.190 0.950 0.969 
0.032 0.987 0.188 0.953 0.975 
0.029 0.990 0.140 0.963 0.966 
0.042 0.988 0.155 0.980 0.941 
0.076 0.983 0.324 0.960 0.953 
0.041 0.987 0.210 0.970 0.963 
0.038 0.988 0.199 0.973 0.950 
0.034 0.989 0.135 0.983 0.931 
0.032 0.988 0.125 0.978 0.950 
0.048 0.982 0.190 0.968 0.953 
0.045 0.987 0.114 0.983 0.894 
0.057 0.985 0.163 0.975 0.956 
0.046 0.983 0.197 0.955 0.966 
0.036 0.989 0.120 0.980 0.956 
0.039 0.988 0.256 0.950 0.966 
0.037 0.984 0.342 0.932 0.966 
0.052 0.982 0.152 0.965 0.956 
0.043 0.985 0.136 0.973 0.947 
0.041 0.985 0.224 0.948 0.969 
0.046 0.986 0.125 0.973 0.922 
0.042 0.988 0.098 0.980 0.925 
0.033 0.988 0.083 0.985 0.928 
0.056 0.980 0.109 0.970 0.956 
0.045 0.983 0.115 0.965 0.950 
0.045 0.983 0.080 0.980 0.934 
0.035 0.986 0.068 0.985 0.919 
0.047 0.985 0.073 0.990 0.931 
0.034 0.987 0.145 0.965 0.950 
0.043 0.986 0.099 0.978 0.947 
0.057 0.982 0.082 0.985 0.931 
0.043 0.983 0.103 0.973 0.950 
0.042 0.985 0.081 0.985 0.941 
0.034 0.985 0.101 0.970 0.953 
0.056 0.983 0.121 0.958 0.963 
0.053 0.986 0.141 0.965 0.947 
0.037 0.988 0.105 0.980 0.938 
0.044 0.986 0.091 0.985 0.912 
0.037 0.987 0.123 0.978 0.950 
0.047 0.986 0.265 0.948 0.963 
0.071 0.983 0.138 0.980 0.934 
0.033 0.989 0.161 0.965 0.956 
0.053 0.984 0.151 0.975 0.956 
0.050 0.983 0.161 0.965 0.959 
0.036 0.991 0.111 0.975 0.934 
0.041 0.985 0.208 0.953 0.975 
0.041 0.988 0.240 0.958 0.966 
0.050 0.983 0.150 0.958 0.953 
0.035 0.990 0.195 0.943 0.966 
0.039 0.988 0.121 0.970 0.959 
0.036 0.989 0.085 0.980 0.947 
0.036 0.985 0.140 0.970 0.950 
0.038 0.988 0.078 0.983 0.925 
0.031 0.992 0.108 0.975 0.944 
0.036 0.987 0.199 0.965 0.963 
0.033 0.988 0.112 0.978 0.941 
0.037 0.992 0.228 0.950 0.966 
0.032 0.989 0.087 0.978 0.953 
0.039 0.984 0.082 0.980 0.931 
0.032 0.989 0.205 0.963 0.966 
0.047 0.986 0.115 0.973 0.953 
0.043 0.986 0.202 0.943 0.972 
0.035 0.988 0.235 0.943 0.972 
0.044 0.985 0.102 0.973 0.953 
0.039 0.986 0.140 0.968 0.963 
0.040 0.987 0.168 0.963 0.956 
0.067 0.982 0.265 0.935 0.969 
0.035 0.987 0.126 0.978 0.947 
0.055 0.988 0.155 0.968 0.941 
0.036 0.988 0.184 0.955 0.959 
0.052 0.986 0.419 0.885 0.975 
0.044 0.983 0.125 0.975 0.912 
0.064 0.984 0.114 0.978 0.944 
0.036 0.988 0.209 0.953 0.972 
0.042 0.986 0.153 0.960 0.963 
0.037 0.987 0.166 0.983 0.938 
0.045 0.986 0.189 0.978 0.956 
0.047 0.985 0.358 0.955 0.972 
0.046 0.984 0.097 0.985 0.950 
0.044 0.985 0.153 0.975 0.963 
0.040 0.985 0.233 0.943 0.969 
0.046 0.985 0.176 0.978 0.909 
0.045 0.989 0.112 0.983 0.934 
0.054 0.983 0.121 0.983 0.956 
0.039 0.986 0.152 0.965 0.959 
0.035 0.985 0.201 0.970 0.959 
0.051 0.985 0.305 0.940 0.972 
0.042 0.984 0.200 0.965 0.956 
0.037 0.988 0.237 0.968 0.966 
0.048 0.986 0.204 0.963 0.966 
0.027 0.990 0.101 0.968 0.944 
0.049 0.984 0.160 0.968 0.953 
0.042 0.985 0.091 0.980 0.919 
0.036 0.989 0.113 0.973 0.950 
0.043 0.986 0.143 0.968 0.963 
0.036 0.988 0.127 0.978 0.950 
0.038 0.991 0.113 0.983 0.944 
0.035 0.989 0.132 0.980 0.944 
0.040 0.987 0.154 0.983 0.956 
0.034 0.988 0.290 0.958 0.969 
0.057 0.983 0.114 0.975 0.959 
0.042 0.984 0.116 0.978 0.947 
0.036 0.986 0.204 0.963 0.959 
0.031 0.990 0.121 0.973 0.947 
0.044 0.986 0.118 0.980 0.947 
0.069 0.984 0.348 0.902 0.981 
0.031 0.988 0.161 0.968 0.966 
0.049 0.984 0.084 0.983 0.934 
0.044 0.983 0.215 0.970 0.959 
0.039 0.985 0.155 0.980 0.950 
0.041 0.990 0.148 0.970 0.966 
0.041 0.987 0.123 0.970 0.944 
0.042 0.984 0.146 0.968 0.956 
0.044 0.983 0.268 0.940 0.969 
0.037 0.990 0.159 0.970 0.953 
0.035 0.989 0.224 0.950 0.969 
0.034 0.989 0.161 0.975 0.956 
0.043 0.984 0.137 0.973 0.950 
0.036 0.989 0.140 0.963 0.947 
0.030 0.988 0.140 0.968 0.966 
0.042 0.986 0.131 0.985 0.953 
0.041 0.985 0.128 0.983 0.947 
0.031 0.988 0.092 0.980 0.950 
0.078 0.985 0.106 0.985 0.928 
0.032 0.991 0.138 0.980 0.950 
0.046 0.987 0.122 0.980 0.950 
0.029 0.990 0.104 0.985 0.928 
0.044 0.985 0.120 0.980 0.966 
0.036 0.986 0.093 0.983 0.938 
0.033 0.988 0.078 0.985 0.925 
0.034 0.986 0.130 0.978 0.953 
0.036 0.988 0.102 0.988 0.931 
0.043 0.986 0.221 0.970 0.963 
0.043 0.989 0.158 0.978 0.944 
0.049 0.985 0.105 0.990 0.903 
0.053 0.984 0.247 0.955 0.969 
0.034 0.988 0.211 0.958 0.966 
0.045 0.985 0.103 0.980 0.944 
0.066 0.984 0.140 0.970 0.953 
0.050 0.983 0.198 0.958 0.966 
0.046 0.984 0.083 0.983 0.944 
0.045 0.983 0.166 0.968 0.969 
0.031 0.991 0.270 0.945 0.972 
0.041 0.984 0.123 0.980 0.953 
0.052 0.984 0.128 0.980 0.916 
0.060 0.980 0.090 0.983 0.931 
0.042 0.990 0.128 0.980 0.928 
0.046 0.986 0.101 0.985 0.925 
0.041 0.984 0.104 0.980 0.950 
0.043 0.984 0.105 0.990 0.953 
0.036 0.988 0.100 0.985 0.941 
0.066 0.986 0.162 0.970 0.963 
0.033 0.989 0.150 0.975 0.956 
0.031 0.990 0.210 0.953 0.966 
0.050 0.982 0.141 0.978 0.950 
0.036 0.986 0.153 0.973 0.963 
0.027 0.990 0.142 0.978 0.956 
0.046 0.982 0.090 0.983 0.941 
0.039 0.988 0.074 0.983 0.931 
0.052 0.985 0.074 0.985 0.928 
0.041 0.985 0.076 0.990 0.938 
0.040 0.989 0.137 0.978 0.963 
0.042 0.985 0.096 0.975 0.959 
0.033 0.984 0.044 0.990 0.897 
0.032 0.990 0.210 0.958 0.969 
0.037 0.987 0.090 0.985 0.938 
0.030 0.989 0.217 0.958 0.969 
0.045 0.985 0.121 0.970 0.959 
0.054 0.983 0.164 0.965 0.963 
0.040 0.985 0.093 0.985 0.941 
0.038 0.988 0.099 0.985 0.941 
0.042 0.985 0.206 0.953 0.963 
0.051 0.984 0.114 0.980 0.953 
0.044 0.987 0.134 0.980 0.938 
0.036 0.986 0.168 0.963 0.953 
0.035 0.988 0.159 0.975 0.956 
0.036 0.987 0.163 0.968 0.966 
0.037 0.985 0.312 0.925 0.975 
0.051 0.985 0.191 0.950 0.969 
0.040 0.983 0.135 0.973 0.959 
0.043 0.987 0.123 0.973 0.956 
0.039 0.989 0.090 0.983 0.944 
0.040 0.987 0.295 0.948 0.972 
0.047 0.983 0.106 0.980 0.941 
0.044 0.982 0.136 0.970 0.956 
0.041 0.985 0.154 0.973 0.959 
0.035 0.989 0.130 0.975 0.950 
0.039 0.988 0.146 0.970 0.963 
0.044 0.985 0.113 0.975 0.959 
0.041 0.983 0.098 0.980 0.950 
0.033 0.989 0.080 0.980 0.944 
0.033 0.986 0.106 0.978 0.947 
0.036 0.987 0.128 0.970 0.950 
0.037 0.990 0.133 0.978 0.950 
0.041 0.988 0.054 0.990 0.841 
0.029 0.989 0.106 0.975 0.944 
0.029 0.987 0.105 0.983 0.953 
0.078 0.985 0.125 0.975 0.959 
0.053 0.987 0.283 0.960 0.963 
0.030 0.988 0.110 0.980 0.938 
0.029 0.986 0.140 0.975 0.947 
0.050 0.981 0.125 0.983 0.934 
0.041 0.984 0.145 0.970 0.956 
0.033 0.985 0.361 0.940 0.975 
0.035 0.985 0.146 0.968 0.959 
0.036 0.989 0.163 0.968 0.963 
0.047 0.986 0.082 0.983 0.944 
0.039 0.985 0.073 0.988 0.897 
0.040 0.988 0.131 0.980 0.950 
0.051 0.984 0.142 0.980 0.953 
0.040 0.989 0.117 0.975 0.950 
0.047 0.984 0.183 0.965 0.956 
0.039 0.989 0.193 0.975 0.953 
0.038 0.989 0.190 0.973 0.963 
0.034 0.986 0.175 0.975 0.953 
0.039 0.987 0.150 0.970 0.959 
0.042 0.988 0.122 0.975 0.953 
0.039 0.984 0.187 0.960 0.966 
0.025 0.992 0.128 0.973 0.950 
0.043 0.989 0.134 0.975 0.953 
0.045 0.985 0.143 0.973 0.963 
0.031 0.986 0.118 0.975 0.956 
0.030 0.991 0.075 0.988 0.928 
0.036 0.991 0.157 0.965 0.956 
0.030 0.990 0.086 0.983 0.931 
0.042 0.986 0.115 0.983 0.944 
0.035 0.991 0.143 0.980 0.953 
0.043 0.988 0.114 0.980 0.941 
0.046 0.986 0.155 0.988 0.941 
0.033 0.989 0.137 0.970 0.947 
0.034 0.988 0.231 0.955 0.969 
0.028 0.991 0.075 0.990 0.894 
0.059 0.985 0.097 0.975 0.928 
0.042 0.987 0.079 0.988 0.934 
0.033 0.989 0.126 0.968 0.947 
0.043 0.987 0.083 0.975 0.947 
0.047 0.986 0.135 0.970 0.966 
0.031 0.990 0.066 0.983 0.916 
0.029 0.989 0.077 0.980 0.925 
0.039 0.986 0.202 0.950 0.966 
0.086 0.978 0.076 0.980 0.938 
0.033 0.991 0.123 0.970 0.963 
0.035 0.986 0.093 0.985 0.938 
0.047 0.985 0.123 0.978 0.953 
0.040 0.986 0.143 0.963 0.969 
0.038 0.988 0.181 0.958 0.966 
0.031 0.989 0.121 0.980 0.941 
0.059 0.983 0.175 0.965 0.966 
0.036 0.989 0.166 0.973 0.950 
0.032 0.991 0.084 0.988 0.847 
0.026 0.991 0.348 0.960 0.969 
0.034 0.989 0.115 0.983 0.884 
0.051 0.988 0.190 0.968 0.966 
0.033 0.986 0.155 0.970 0.950 
0.045 0.989 0.330 0.960 0.956 
0.026 0.991 0.363 0.948 0.969 
0.035 0.988 0.121 0.983 0.928 
0.030 0.992 0.229 0.965 0.956 
0.027 0.991 0.164 0.975 0.953 
0.032 0.986 0.165 0.983 0.938 
0.045 0.987 0.089 0.978 0.903 
0.043 0.988 0.200 0.968 0.963 
0.037 0.986 0.165 0.970 0.963 
0.041 0.988 0.160 0.975 0.953 
0.043 0.989 0.115 0.983 0.934 
0.030 0.991 0.154 0.975 0.950 
0.029 0.991 0.130 0.980 0.947 
0.041 0.985 0.212 0.960 0.956 
0.046 0.986 0.132 0.975 0.956 
0.044 0.984 0.098 0.983 0.944 
0.033 0.987 0.171 0.963 0.966 
0.034 0.990 0.208 0.945 0.956 
0.042 0.985 0.097 0.985 0.950 
0.036 0.987 0.204 0.958 0.966 
0.034 0.988 0.100 0.980 0.931 
0.045 0.988 0.158 0.960 0.972 
0.029 0.991 0.152 0.975 0.950 
0.047 0.986 0.140 0.975 0.953 
0.033 0.988 0.149 0.978 0.950 
0.037 0.986 0.186 0.950 0.966 
0.038 0.987 0.158 0.970 0.966 
0.031 0.988 0.077 0.988 0.903 
0.037 0.988 0.153 0.980 0.950 
0.029 0.992 0.194 0.970 0.963 
0.035 0.988 0.212 0.960 0.959 
0.035 0.988 0.132 0.980 0.947 
0.041 0.986 0.124 0.980 0.925 
0.050 0.980 0.108 0.983 0.944 
0.032 0.989 0.209 0.965 0.953 
0.038 0.989 0.165 0.980 0.944 
0.027 0.991 0.134 0.988 0.931 
0.044 0.984 0.302 0.945 0.972 
0.033 0.987 0.280 0.965 0.956 
0.041 0.989 0.077 0.988 0.891 
0.052 0.984 0.111 0.980 0.938 
0.049 0.980 0.194 0.973 0.959 
0.043 0.991 0.146 0.980 0.950 
0.032 0.993 0.140 0.980 0.950 
0.030 0.989 0.109 0.983 0.931 
0.032 0.990 0.105 0.983 0.938 
0.045 0.989 0.130 0.975 0.950 
0.049 0.981 0.199 0.965 0.963 
0.040 0.986 0.247 0.953 0.963 
0.037 0.987 0.199 0.963 0.959 
0.037 0.988 0.068 0.990 0.891 
0.045 0.984 0.170 0.983 0.953 
0.038 0.986 0.152 0.980 0.950 
0.026 0.993 0.180 0.968 0.959 
0.040 0.986 0.198 0.968 0.956 
0.039 0.986 0.175 0.975 0.959 
0.040 0.989 0.188 0.970 0.953 
0.065 0.977 0.154 0.960 0.953 
0.035 0.991 0.153 0.973 0.944 
0.038 0.990 0.091 0.980 0.944 
0.038 0.985 0.108 0.983 0.953 
0.032 0.987 0.089 0.985 0.938 
0.037 0.989 0.099 0.983 0.944 
0.026 0.991 0.100 0.983 0.922 
0.034 0.988 0.132 0.978 0.947 
0.039 0.983 0.162 0.958 0.963 
0.029 0.992 0.105 0.983 0.941 
0.035 0.988 0.147 0.970 0.963 
0.043 0.984 0.079 0.985 0.925 
0.037 0.986 0.158 0.970 0.963 
0.038 0.987 0.296 0.935 0.966 
0.047 0.984 0.222 0.938 0.969 
0.036 0.988 0.182 0.965 0.969 
0.030 0.988 0.084 0.985 0.916 
0.029 0.989 0.153 0.965 0.956 
0.043 0.986 0.150 0.980 0.922 
0.070 0.986 0.149 0.975 0.947 
0.033 0.991 0.143 0.978 0.947 
0.035 0.988 0.080 0.988 0.894 
0.049 0.982 0.072 0.988 0.909 
0.049 0.984 0.087 0.980 0.950 
0.037 0.988 0.132 0.975 0.959 
0.031 0.988 0.185 0.970 0.956 
0.026 0.991 0.189 0.968 0.963 
0.034 0.987 0.130 0.973 0.956 
0.037 0.990 0.069 0.988 0.919 
0.029 0.988 0.120 0.968 0.950 
0.048 0.985 0.142 0.975 0.966 
0.036 0.989 0.215 0.965 0.956 
0.037 0.987 0.173 0.973 0.969 
0.035 0.988 0.086 0.983 0.941 
0.036 0.989 0.107 0.978 0.941 
0.029 0.992 0.127 0.978 0.963 
0.034 0.986 0.135 0.975 0.956 
0.054 0.983 0.175 0.980 0.956 
0.023 0.989 0.179 0.978 0.963 
0.032 0.988 0.224 0.965 0.959 
0.043 0.986 0.158 0.978 0.950 
0.046 0.984 0.105 0.975 0.928 
