0.420 0.830 0.205 0.963 0.388 
0.277 0.892 0.222 0.930 0.089 
0.261 0.891 0.210 0.927 0.363 
0.243 0.909 0.171 0.932 0.594 
0.218 0.915 0.157 0.960 0.698 
0.208 0.923 0.136 0.970 0.708 
0.204 0.932 0.139 0.975 0.868 
0.198 0.932 0.159 0.940 0.680 
0.186 0.934 0.123 0.960 0.778 
0.172 0.942 0.151 0.970 0.735 
0.179 0.938 0.147 0.963 0.748 
0.186 0.936 0.151 0.940 0.714 
0.185 0.937 0.149 0.958 0.742 
0.165 0.938 0.118 0.965 0.791 
0.159 0.943 0.131 0.960 0.846 
0.153 0.948 0.130 0.953 0.812 
0.148 0.949 0.139 0.943 0.775 
0.161 0.943 0.144 0.953 0.825 
0.145 0.945 0.113 0.965 0.831 
0.145 0.951 0.164 0.955 0.917 
0.158 0.947 0.103 0.965 0.825 
0.132 0.953 0.111 0.968 0.898 
0.137 0.952 0.099 0.965 0.880 
0.137 0.951 0.129 0.965 0.880 
0.132 0.953 0.128 0.963 0.880 
0.136 0.955 0.148 0.945 0.880 
0.143 0.952 0.113 0.960 0.886 
0.130 0.959 0.105 0.968 0.874 
0.138 0.951 0.112 0.973 0.895 
0.126 0.951 0.134 0.970 0.942 
0.121 0.956 0.103 0.968 0.834 
0.113 0.959 0.138 0.955 0.868 
0.122 0.960 0.121 0.960 0.920 
0.123 0.959 0.132 0.960 0.889 
0.121 0.960 0.107 0.968 0.862 
0.121 0.960 0.136 0.953 0.889 
0.118 0.963 0.123 0.955 0.852 
0.118 0.961 0.170 0.968 0.948 
0.130 0.959 0.146 0.968 0.929 
0.126 0.958 0.115 0.968 0.898 
0.122 0.962 0.129 0.965 0.920 
0.125 0.957 0.104 0.970 0.883 
0.110 0.964 0.126 0.965 0.905 
0.118 0.959 0.120 0.965 0.917 
0.117 0.962 0.140 0.968 0.942 
0.120 0.960 0.100 0.973 0.877 
0.112 0.960 0.147 0.938 0.843 
0.114 0.963 0.150 0.968 0.917 
0.111 0.964 0.121 0.963 0.911 
0.112 0.963 0.105 0.975 0.917 
0.117 0.960 0.153 0.963 0.877 
0.114 0.959 0.141 0.963 0.917 
0.091 0.970 0.143 0.973 0.951 
0.106 0.966 0.115 0.965 0.932 
0.097 0.970 0.109 0.975 0.917 
0.090 0.970 0.134 0.963 0.942 
0.103 0.969 0.121 0.970 0.963 
0.109 0.964 0.116 0.968 0.889 
0.101 0.970 0.104 0.978 0.920 
0.096 0.974 0.108 0.978 0.914 
0.103 0.966 0.117 0.968 0.898 
0.089 0.972 0.128 0.975 0.951 
0.092 0.972 0.110 0.970 0.938 
0.097 0.968 0.121 0.960 0.892 
0.104 0.966 0.108 0.975 0.935 
0.095 0.970 0.139 0.940 0.889 
0.097 0.966 0.115 0.963 0.883 
0.075 0.973 0.121 0.970 0.935 
0.110 0.966 0.102 0.968 0.877 
0.100 0.970 0.108 0.970 0.923 
0.102 0.961 0.098 0.970 0.898 
0.098 0.966 0.098 0.983 0.923 
0.097 0.968 0.097 0.970 0.917 
0.099 0.968 0.094 0.970 0.926 
0.091 0.968 0.136 0.970 0.960 
0.089 0.969 0.111 0.973 0.926 
0.093 0.970 0.111 0.970 0.926 
0.090 0.972 0.155 0.968 0.966 
0.084 0.973 0.119 0.963 0.948 
0.094 0.970 0.099 0.980 0.948 
0.090 0.968 0.115 0.978 0.960 
0.079 0.974 0.104 0.978 0.929 
0.096 0.966 0.104 0.960 0.837 
0.082 0.976 0.129 0.968 0.951 
0.083 0.972 0.121 0.968 0.902 
0.090 0.974 0.106 0.975 0.945 
0.096 0.968 0.098 0.973 0.892 
0.085 0.970 0.101 0.970 0.917 
0.079 0.977 0.120 0.955 0.849 
0.090 0.970 0.107 0.970 0.948 
0.089 0.970 0.099 0.975 0.932 
0.094 0.970 0.152 0.963 0.963 
0.074 0.978 0.093 0.980 0.942 
0.082 0.973 0.145 0.965 0.951 
0.085 0.974 0.122 0.958 0.862 
0.094 0.970 0.086 0.973 0.871 
0.086 0.969 0.103 0.980 0.932 
0.096 0.971 0.089 0.980 0.914 
0.077 0.970 0.148 0.960 0.957 
0.100 0.968 0.124 0.975 0.942 
0.088 0.969 0.089 0.973 0.920 
0.091 0.974 0.093 0.983 0.908 
0.087 0.969 0.089 0.978 0.917 
0.091 0.973 0.109 0.975 0.905 
0.075 0.978 0.106 0.975 0.942 
0.086 0.970 0.096 0.978 0.932 
0.081 0.973 0.105 0.973 0.957 
0.080 0.976 0.119 0.975 0.951 
0.076 0.977 0.095 0.970 0.898 
0.084 0.968 0.096 0.970 0.923 
0.081 0.970 0.112 0.970 0.935 
0.070 0.975 0.079 0.975 0.926 
0.077 0.974 0.145 0.975 0.942 
0.087 0.972 0.119 0.978 0.938 
0.071 0.978 0.106 0.975 0.942 
0.078 0.973 0.096 0.980 0.942 
0.082 0.974 0.080 0.980 0.877 
0.069 0.977 0.092 0.973 0.917 
0.077 0.977 0.101 0.978 0.948 
0.073 0.976 0.091 0.973 0.886 
0.080 0.977 0.143 0.973 0.954 
0.079 0.977 0.087 0.980 0.942 
0.074 0.974 0.103 0.978 0.945 
0.082 0.976 0.077 0.975 0.880 
0.079 0.975 0.116 0.978 0.942 
0.067 0.980 0.110 0.978 0.957 
0.078 0.980 0.110 0.980 0.942 
0.070 0.977 0.105 0.973 0.911 
0.085 0.975 0.107 0.978 0.898 
0.076 0.974 0.089 0.975 0.929 
0.078 0.971 0.083 0.975 0.920 
0.076 0.977 0.104 0.973 0.926 
0.071 0.977 0.093 0.973 0.914 
0.076 0.976 0.092 0.975 0.920 
0.075 0.978 0.118 0.983 0.945 
0.069 0.977 0.095 0.970 0.908 
0.075 0.973 0.091 0.973 0.892 
0.072 0.978 0.088 0.970 0.926 
0.069 0.978 0.081 0.980 0.948 
0.075 0.980 0.084 0.970 0.895 
0.072 0.979 0.116 0.975 0.945 
0.065 0.980 0.111 0.978 0.945 
0.068 0.978 0.100 0.983 0.948 
0.067 0.979 0.109 0.970 0.954 
0.069 0.980 0.092 0.983 0.935 
0.068 0.978 0.146 0.973 0.963 
0.078 0.978 0.118 0.980 0.951 
0.080 0.976 0.117 0.968 0.963 
0.072 0.973 0.086 0.980 0.942 
0.070 0.976 0.071 0.975 0.917 
0.078 0.977 0.132 0.973 0.963 
0.073 0.972 0.134 0.968 0.969 
0.077 0.973 0.082 0.980 0.942 
0.079 0.972 0.081 0.980 0.929 
0.059 0.982 0.088 0.975 0.923 
0.071 0.978 0.075 0.978 0.911 
0.083 0.973 0.121 0.973 0.960 
0.074 0.979 0.078 0.980 0.920 
0.065 0.978 0.101 0.980 0.932 
0.062 0.978 0.107 0.978 0.954 
0.061 0.980 0.131 0.975 0.932 
0.075 0.976 0.106 0.973 0.932 
0.075 0.978 0.095 0.978 0.920 
0.061 0.980 0.115 0.978 0.954 
0.063 0.980 0.088 0.980 0.886 
0.069 0.973 0.080 0.980 0.938 
0.074 0.978 0.124 0.975 0.948 
0.078 0.973 0.111 0.983 0.945 
0.065 0.980 0.078 0.973 0.914 
0.061 0.978 0.080 0.975 0.923 
0.070 0.973 0.097 0.978 0.908 
0.069 0.976 0.191 0.960 0.969 
0.063 0.978 0.132 0.965 0.951 
0.073 0.975 0.164 0.958 0.966 
0.069 0.978 0.096 0.973 0.957 
0.071 0.976 0.122 0.978 0.957 
0.062 0.978 0.131 0.970 0.957 
0.065 0.977 0.097 0.980 0.945 
0.057 0.980 0.091 0.980 0.945 
0.073 0.977 0.077 0.973 0.935 
0.069 0.980 0.123 0.973 0.951 
0.071 0.977 0.129 0.980 0.929 
0.053 0.981 0.079 0.978 0.905 
0.059 0.982 0.131 0.973 0.951 
0.066 0.980 0.131 0.970 0.963 
0.069 0.978 0.121 0.973 0.948 
0.072 0.976 0.086 0.980 0.945 
0.078 0.973 0.089 0.983 0.923 
0.059 0.980 0.110 0.978 0.948 
0.069 0.977 0.085 0.975 0.914 
0.057 0.978 0.132 0.965 0.969 
0.052 0.985 0.090 0.980 0.942 
0.065 0.977 0.090 0.983 0.932 
0.060 0.979 0.091 0.978 0.942 
0.067 0.977 0.106 0.973 0.957 
0.056 0.980 0.071 0.980 0.938 
0.068 0.978 0.085 0.980 0.938 
0.056 0.980 0.108 0.980 0.954 
0.074 0.978 0.115 0.980 0.951 
0.053 0.985 0.100 0.978 0.942 
0.063 0.981 0.114 0.978 0.954 
0.063 0.979 0.087 0.983 0.942 
0.055 0.981 0.104 0.980 0.942 
0.060 0.979 0.092 0.980 0.935 
0.058 0.979 0.133 0.973 0.963 
0.058 0.980 0.093 0.978 0.938 
0.055 0.982 0.104 0.973 0.926 
0.073 0.978 0.088 0.983 0.920 
0.063 0.982 0.094 0.975 0.914 
0.064 0.981 0.151 0.970 0.963 
0.052 0.985 0.088 0.978 0.926 
0.062 0.978 0.101 0.970 0.942 
0.057 0.983 0.073 0.978 0.920 
0.064 0.980 0.178 0.960 0.966 
0.058 0.982 0.089 0.985 0.935 
0.067 0.980 0.080 0.975 0.938 
0.071 0.973 0.079 0.973 0.905 
0.064 0.982 0.091 0.975 0.960 
0.063 0.981 0.098 0.973 0.960 
0.069 0.974 0.088 0.973 0.957 
0.044 0.989 0.103 0.975 0.932 
0.059 0.982 0.108 0.978 0.963 
0.049 0.984 0.101 0.980 0.948 
0.058 0.982 0.146 0.970 0.963 
0.069 0.978 0.084 0.983 0.938 
0.062 0.980 0.093 0.978 0.932 
0.056 0.982 0.080 0.978 0.938 
0.060 0.982 0.082 0.978 0.920 
0.058 0.984 0.093 0.980 0.917 
0.057 0.984 0.074 0.980 0.938 
0.055 0.985 0.110 0.973 0.932 
0.052 0.983 0.081 0.970 0.920 
0.061 0.983 0.164 0.963 0.972 
0.058 0.980 0.086 0.983 0.911 
0.071 0.974 0.100 0.985 0.948 
0.059 0.982 0.081 0.983 0.942 
0.061 0.978 0.087 0.975 0.929 
0.057 0.984 0.078 0.985 0.935 
0.061 0.982 0.073 0.980 0.935 
0.063 0.975 0.095 0.978 0.945 
0.058 0.981 0.090 0.983 0.942 
0.053 0.984 0.080 0.978 0.923 
0.044 0.986 0.107 0.978 0.957 
0.067 0.979 0.097 0.978 0.951 
0.051 0.984 0.091 0.978 0.923 
0.059 0.978 0.083 0.978 0.926 
0.053 0.982 0.144 0.955 0.966 
0.047 0.988 0.112 0.975 0.957 
0.055 0.982 0.074 0.980 0.935 
0.056 0.982 0.071 0.975 0.942 
0.061 0.982 0.073 0.975 0.892 
0.047 0.988 0.092 0.980 0.938 
0.059 0.982 0.083 0.975 0.926 
0.062 0.978 0.082 0.978 0.926 
0.062 0.978 0.060 0.980 0.892 
0.054 0.984 0.090 0.980 0.935 
0.059 0.983 0.131 0.968 0.966 
0.051 0.983 0.086 0.980 0.923 
0.060 0.980 0.093 0.973 0.920 
0.068 0.977 0.098 0.978 0.935 
0.063 0.979 0.083 0.983 0.929 
0.058 0.984 0.089 0.973 0.951 
0.047 0.986 0.081 0.978 0.945 
0.055 0.986 0.066 0.975 0.923 
0.042 0.989 0.138 0.973 0.923 
0.059 0.981 0.096 0.973 0.929 
0.052 0.982 0.092 0.978 0.951 
0.057 0.982 0.118 0.975 0.966 
0.067 0.977 0.112 0.973 0.954 
0.059 0.981 0.107 0.978 0.942 
0.055 0.984 0.119 0.973 0.963 
0.066 0.981 0.101 0.980 0.948 
0.057 0.983 0.075 0.978 0.917 
0.050 0.985 0.078 0.978 0.929 
0.053 0.981 0.086 0.980 0.923 
0.056 0.982 0.090 0.978 0.954 
0.053 0.985 0.101 0.968 0.954 
0.054 0.982 0.078 0.975 0.935 
0.045 0.987 0.073 0.980 0.923 
0.049 0.986 0.092 0.973 0.942 
0.058 0.981 0.085 0.970 0.960 
0.059 0.979 0.071 0.978 0.932 
0.050 0.984 0.077 0.980 0.932 
0.042 0.986 0.095 0.980 0.954 
0.052 0.983 0.068 0.983 0.920 
0.065 0.980 0.131 0.970 0.929 
0.055 0.979 0.166 0.968 0.972 
0.046 0.985 0.102 0.983 0.920 
0.053 0.981 0.155 0.973 0.948 
0.062 0.982 0.147 0.978 0.935 
0.065 0.978 0.125 0.973 0.938 
0.052 0.981 0.073 0.980 0.926 
0.050 0.985 0.111 0.978 0.935 
0.052 0.982 0.135 0.978 0.932 
0.045 0.985 0.122 0.980 0.935 
0.050 0.982 0.141 0.975 0.966 
0.048 0.984 0.070 0.978 0.917 
0.053 0.985 0.116 0.975 0.951 
0.063 0.977 0.094 0.973 0.945 
0.053 0.985 0.073 0.980 0.920 
0.050 0.985 0.075 0.975 0.929 
0.042 0.987 0.090 0.978 0.920 
0.042 0.985 0.103 0.975 0.957 
0.060 0.980 0.104 0.983 0.948 
0.056 0.982 0.086 0.975 0.911 
0.050 0.986 0.100 0.970 0.948 
0.044 0.985 0.085 0.983 0.938 
0.057 0.981 0.113 0.985 0.954 
0.055 0.981 0.110 0.980 0.954 
0.050 0.986 0.105 0.975 0.945 
0.058 0.980 0.125 0.965 0.966 
0.040 0.988 0.109 0.975 0.926 
0.053 0.982 0.076 0.975 0.889 
0.053 0.984 0.123 0.968 0.960 
0.056 0.985 0.097 0.978 0.954 
0.043 0.986 0.104 0.975 0.954 
0.050 0.981 0.092 0.983 0.960 
0.064 0.983 0.079 0.973 0.917 
0.051 0.981 0.083 0.980 0.945 
0.051 0.984 0.093 0.975 0.957 
0.054 0.982 0.071 0.978 0.917 
0.059 0.979 0.100 0.978 0.938 
0.063 0.982 0.118 0.978 0.951 
0.038 0.987 0.080 0.980 0.942 
0.038 0.989 0.139 0.970 0.963 
0.055 0.982 0.122 0.970 0.951 
0.052 0.984 0.127 0.978 0.966 
0.043 0.984 0.083 0.980 0.932 
0.048 0.984 0.116 0.978 0.917 
0.045 0.985 0.143 0.980 0.938 
0.047 0.982 0.124 0.983 0.938 
0.053 0.983 0.081 0.980 0.938 
0.048 0.984 0.106 0.980 0.951 
0.037 0.988 0.151 0.975 0.954 
0.046 0.984 0.171 0.975 0.957 
0.047 0.986 0.089 0.985 0.929 
0.057 0.979 0.089 0.980 0.951 
0.058 0.984 0.143 0.978 0.969 
0.058 0.982 0.092 0.978 0.957 
0.050 0.982 0.075 0.983 0.929 
0.047 0.988 0.116 0.978 0.917 
0.051 0.983 0.097 0.980 0.932 
0.060 0.979 0.095 0.975 0.929 
0.047 0.982 0.082 0.980 0.942 
0.051 0.985 0.131 0.985 0.960 
0.050 0.985 0.116 0.978 0.938 
0.039 0.989 0.086 0.978 0.948 
0.054 0.978 0.157 0.973 0.975 
0.053 0.983 0.117 0.973 0.951 
0.050 0.987 0.083 0.978 0.898 
0.049 0.982 0.084 0.983 0.954 
0.043 0.984 0.091 0.973 0.954 
0.040 0.990 0.124 0.963 0.969 
0.048 0.985 0.158 0.960 0.969 
0.063 0.978 0.072 0.980 0.926 
0.051 0.983 0.089 0.980 0.926 
0.058 0.981 0.081 0.980 0.917 
0.062 0.982 0.058 0.980 0.926 
0.047 0.983 0.089 0.980 0.945 
0.049 0.982 0.099 0.983 0.954 
0.048 0.986 0.124 0.975 0.960 
0.038 0.986 0.097 0.983 0.948 
0.044 0.986 0.093 0.980 0.948 
0.054 0.981 0.109 0.978 0.945 
0.047 0.988 0.071 0.978 0.923 
0.049 0.982 0.093 0.978 0.945 
0.051 0.984 0.117 0.970 0.948 
0.055 0.980 0.066 0.978 0.920 
0.053 0.984 0.091 0.978 0.938 
0.048 0.988 0.107 0.983 0.932 
0.038 0.986 0.136 0.978 0.957 
0.051 0.985 0.093 0.978 0.926 
0.042 0.989 0.154 0.980 0.960 
0.053 0.982 0.138 0.975 0.957 
0.044 0.983 0.087 0.983 0.923 
0.053 0.985 0.123 0.970 0.954 
0.048 0.983 0.087 0.975 0.945 
0.054 0.983 0.085 0.983 0.935 
0.048 0.984 0.079 0.980 0.929 
0.053 0.982 0.124 0.970 0.963 
0.049 0.983 0.073 0.978 0.911 
0.044 0.988 0.098 0.983 0.917 
0.046 0.982 0.091 0.973 0.957 
0.036 0.987 0.068 0.983 0.932 
0.039 0.989 0.081 0.975 0.917 
0.045 0.986 0.098 0.973 0.926 
0.045 0.985 0.093 0.980 0.938 
0.051 0.986 0.114 0.978 0.945 
0.046 0.985 0.091 0.975 0.942 
0.055 0.980 0.106 0.973 0.929 
0.060 0.979 0.083 0.975 0.902 
0.049 0.981 0.099 0.980 0.926 
0.039 0.985 0.123 0.975 0.942 
0.048 0.984 0.105 0.983 0.938 
0.040 0.986 0.101 0.980 0.945 
0.058 0.983 0.141 0.968 0.951 
0.055 0.984 0.076 0.975 0.938 
0.047 0.986 0.071 0.983 0.917 
0.041 0.986 0.123 0.968 0.957 
0.056 0.984 0.128 0.970 0.954 
0.035 0.988 0.089 0.978 0.942 
0.049 0.985 0.134 0.968 0.957 
0.050 0.984 0.102 0.975 0.957 
0.040 0.990 0.114 0.978 0.960 
0.047 0.982 0.076 0.975 0.929 
0.040 0.989 0.135 0.965 0.963 
0.058 0.984 0.113 0.973 0.960 
0.040 0.986 0.095 0.978 0.945 
0.055 0.981 0.209 0.925 0.966 
0.047 0.985 0.144 0.968 0.966 
0.043 0.988 0.105 0.970 0.960 
0.046 0.984 0.116 0.975 0.954 
0.040 0.985 0.095 0.978 0.945 
0.041 0.983 0.096 0.980 0.938 
0.055 0.987 0.093 0.980 0.938 
0.055 0.985 0.161 0.968 0.963 
0.049 0.983 0.100 0.980 0.929 
0.046 0.984 0.102 0.973 0.942 
0.040 0.986 0.088 0.978 0.926 
0.045 0.985 0.147 0.968 0.963 
0.050 0.982 0.084 0.978 0.942 
0.048 0.984 0.134 0.975 0.963 
0.053 0.984 0.106 0.980 0.945 
0.029 0.992 0.124 0.975 0.963 
0.040 0.989 0.090 0.980 0.926 
0.049 0.982 0.076 0.983 0.932 
0.053 0.982 0.089 0.978 0.951 
0.051 0.981 0.106 0.973 0.960 
0.044 0.988 0.141 0.953 0.966 
0.046 0.983 0.076 0.983 0.935 
0.040 0.985 0.083 0.978 0.923 
0.046 0.983 0.113 0.975 0.960 
0.044 0.985 0.069 0.978 0.932 
0.051 0.985 0.071 0.978 0.914 
0.045 0.983 0.091 0.975 0.948 
0.041 0.991 0.100 0.978 0.960 
0.050 0.984 0.057 0.980 0.898 
0.043 0.988 0.105 0.970 0.957 
0.039 0.985 0.098 0.973 0.945 
0.037 0.985 0.066 0.980 0.932 
0.066 0.979 0.078 0.980 0.929 
0.045 0.984 0.070 0.978 0.935 
0.048 0.985 0.080 0.980 0.942 
0.059 0.982 0.075 0.983 0.929 
0.037 0.988 0.065 0.983 0.932 
0.045 0.983 0.067 0.983 0.926 
0.048 0.986 0.083 0.980 0.945 
0.032 0.990 0.118 0.963 0.954 
0.047 0.985 0.134 0.968 0.966 
0.049 0.985 0.072 0.980 0.911 
0.040 0.986 0.116 0.978 0.957 
0.039 0.988 0.176 0.975 0.963 
0.042 0.988 0.081 0.978 0.926 
0.043 0.989 0.112 0.983 0.926 
0.050 0.980 0.102 0.970 0.951 
0.044 0.985 0.133 0.970 0.954 
0.051 0.980 0.106 0.975 0.938 
0.039 0.986 0.207 0.963 0.972 
0.039 0.988 0.136 0.970 0.963 
0.038 0.985 0.132 0.980 0.945 
0.047 0.982 0.083 0.983 0.945 
0.033 0.991 0.124 0.970 0.963 
0.041 0.983 0.165 0.963 0.969 
0.042 0.988 0.157 0.978 0.929 
0.029 0.988 0.112 0.975 0.966 
0.043 0.981 0.087 0.980 0.932 
0.053 0.984 0.093 0.973 0.942 
0.051 0.985 0.142 0.978 0.960 
0.032 0.989 0.118 0.973 0.945 
0.052 0.982 0.120 0.980 0.960 
0.036 0.986 0.086 0.980 0.942 
0.042 0.986 0.091 0.980 0.929 
0.048 0.985 0.075 0.978 0.938 
0.039 0.985 0.102 0.978 0.957 
0.042 0.987 0.104 0.978 0.945 
0.040 0.986 0.081 0.983 0.920 
0.045 0.986 0.151 0.963 0.960 
0.049 0.984 0.095 0.978 0.951 
0.033 0.988 0.082 0.983 0.942 
0.052 0.985 0.096 0.980 0.954 
0.029 0.988 0.090 0.978 0.935 
0.047 0.985 0.135 0.973 0.935 
0.048 0.988 0.146 0.975 0.942 
0.042 0.984 0.127 0.978 0.935 
0.035 0.989 0.284 0.960 0.960 
0.041 0.985 0.277 0.973 0.932 
0.047 0.985 0.137 0.973 0.942 
0.054 0.985 0.198 0.978 0.957 
0.062 0.981 0.115 0.980 0.948 
0.055 0.986 0.152 0.975 0.920 
0.041 0.983 0.141 0.973 0.942 
0.038 0.987 0.115 0.978 0.929 
0.040 0.986 0.145 0.975 0.954 
0.036 0.988 0.125 0.973 0.966 
0.044 0.984 0.105 0.978 0.951 
0.038 0.986 0.088 0.983 0.951 
0.045 0.987 0.106 0.973 0.957 
0.040 0.988 0.152 0.970 0.929 
0.055 0.984 0.204 0.968 0.969 
0.042 0.984 0.078 0.973 0.923 
0.046 0.985 0.086 0.983 0.938 
0.036 0.988 0.155 0.978 0.954 
0.038 0.985 0.161 0.978 0.951 
0.043 0.984 0.146 0.970 0.951 
0.025 0.990 0.197 0.973 0.942 
0.037 0.988 0.183 0.985 0.945 
0.038 0.983 0.134 0.970 0.957 
0.041 0.986 0.133 0.975 0.935 
0.036 0.987 0.074 0.975 0.905 
0.040 0.988 0.118 0.980 0.932 
0.042 0.985 0.096 0.975 0.938 
0.045 0.985 0.097 0.978 0.929 
0.049 0.986 0.137 0.980 0.935 
0.036 0.989 0.079 0.978 0.917 
0.037 0.988 0.125 0.970 0.957 
0.036 0.989 0.092 0.978 0.938 
0.055 0.986 0.134 0.975 0.951 
0.044 0.988 0.138 0.975 0.951 
0.052 0.982 0.137 0.980 0.948 
0.041 0.986 0.129 0.983 0.948 
0.048 0.985 0.086 0.983 0.914 
0.044 0.988 0.192 0.973 0.954 
0.038 0.986 0.086 0.973 0.889 
0.057 0.984 0.100 0.975 0.923 
0.046 0.988 0.120 0.978 0.954 
0.045 0.984 0.099 0.980 0.938 
0.040 0.983 0.079 0.983 0.932 
0.045 0.987 0.063 0.978 0.917 
0.034 0.989 0.181 0.978 0.951 
0.045 0.985 0.076 0.978 0.917 
0.049 0.984 0.088 0.975 0.908 
0.032 0.986 0.132 0.975 0.938 
0.036 0.985 0.102 0.978 0.929 
0.039 0.987 0.060 0.980 0.914 
0.043 0.987 0.113 0.983 0.957 
0.047 0.984 0.078 0.978 0.914 
0.027 0.991 0.112 0.985 0.945 
0.036 0.990 0.149 0.983 0.951 
0.034 0.990 0.107 0.980 0.945 
0.039 0.988 0.063 0.980 0.923 
0.049 0.984 0.149 0.975 0.966 
0.048 0.986 0.098 0.980 0.945 
0.032 0.990 0.080 0.983 0.926 
0.035 0.989 0.123 0.980 0.945 
0.036 0.988 0.095 0.978 0.938 
0.034 0.988 0.073 0.983 0.926 
0.038 0.989 0.081 0.978 0.917 
0.040 0.986 0.141 0.983 0.954 
0.035 0.989 0.123 0.985 0.945 
0.033 0.990 0.134 0.975 0.957 
0.032 0.990 0.158 0.975 0.945 
0.038 0.989 0.117 0.980 0.938 
0.044 0.986 0.126 0.980 0.951 
0.037 0.991 0.125 0.980 0.938 
0.044 0.988 0.126 0.978 0.926 
0.034 0.989 0.121 0.978 0.923 
0.044 0.985 0.182 0.968 0.969 
0.033 0.988 0.114 0.968 0.945 
0.038 0.990 0.090 0.983 0.942 
0.042 0.987 0.083 0.978 0.920 
0.040 0.986 0.061 0.978 0.898 
0.038 0.990 0.158 0.975 0.951 
0.030 0.992 0.079 0.983 0.920 
0.046 0.987 0.092 0.980 0.929 
0.038 0.989 0.095 0.978 0.942 
0.047 0.986 0.061 0.980 0.932 
0.048 0.981 0.072 0.978 0.935 
0.036 0.991 0.067 0.980 0.926 
0.033 0.986 0.079 0.983 0.938 
0.039 0.988 0.096 0.978 0.951 
0.027 0.990 0.088 0.973 0.938 
0.039 0.988 0.107 0.970 0.954 
0.033 0.986 0.076 0.975 0.938 
0.027 0.991 0.067 0.980 0.935 
0.046 0.983 0.059 0.973 0.908 
0.038 0.988 0.070 0.983 0.926 
0.031 0.989 0.100 0.973 0.945 
0.029 0.991 0.110 0.978 0.908 
0.039 0.991 0.134 0.973 0.945 
0.037 0.986 0.161 0.978 0.938 
0.057 0.984 0.083 0.978 0.911 
0.042 0.984 0.127 0.980 0.957 
0.042 0.986 0.197 0.975 0.948 
0.031 0.990 0.143 0.985 0.960 
0.042 0.986 0.091 0.983 0.938 
0.044 0.986 0.193 0.973 0.911 
0.056 0.980 0.169 0.975 0.948 
0.042 0.986 0.095 0.975 0.932 
0.039 0.985 0.110 0.980 0.942 
0.046 0.985 0.093 0.980 0.929 
0.048 0.985 0.087 0.980 0.945 
0.046 0.984 0.106 0.978 0.908 
0.041 0.986 0.062 0.983 0.926 
0.036 0.989 0.083 0.980 0.957 
0.035 0.986 0.092 0.980 0.917 
0.032 0.990 0.082 0.975 0.920 
0.028 0.988 0.144 0.973 0.942 
0.042 0.986 0.114 0.980 0.938 
0.032 0.990 0.097 0.983 0.942 
0.044 0.989 0.056 0.983 0.911 
0.043 0.986 0.161 0.980 0.957 
0.034 0.988 0.220 0.975 0.957 
0.047 0.982 0.101 0.980 0.935 
0.037 0.991 0.117 0.980 0.942 
0.049 0.985 0.156 0.980 0.951 
0.042 0.986 0.063 0.983 0.911 
0.034 0.987 0.166 0.978 0.938 
0.030 0.991 0.124 0.978 0.942 
0.044 0.985 0.085 0.978 0.942 
0.033 0.988 0.072 0.988 0.926 
0.053 0.987 0.095 0.983 0.914 
0.049 0.984 0.127 0.975 0.948 
0.028 0.990 0.138 0.978 0.948 
0.040 0.985 0.168 0.983 0.945 
0.040 0.989 0.205 0.975 0.942 
0.036 0.989 0.133 0.980 0.929 
0.034 0.989 0.114 0.978 0.945 
0.026 0.990 0.101 0.983 0.938 
0.043 0.985 0.131 0.978 0.935 
0.046 0.989 0.071 0.983 0.923 
0.035 0.989 0.128 0.980 0.951 
0.029 0.990 0.090 0.985 0.948 
0.040 0.989 0.129 0.973 0.948 
0.036 0.988 0.073 0.980 0.932 
0.041 0.984 0.130 0.980 0.923 
0.041 0.989 0.307 0.978 0.923 
0.041 0.985 0.122 0.978 0.957 
0.036 0.988 0.087 0.978 0.938 
0.041 0.983 0.117 0.980 0.951 
0.032 0.987 0.075 0.978 0.938 
0.031 0.988 0.085 0.980 0.938 
0.035 0.988 0.094 0.978 0.935 
0.038 0.985 0.147 0.975 0.898 
0.047 0.985 0.278 0.970 0.948 
0.045 0.986 0.093 0.980 0.929 
0.036 0.988 0.162 0.980 0.954 
0.037 0.988 0.107 0.980 0.945 
0.033 0.988 0.107 0.980 0.942 
0.034 0.990 0.129 0.973 0.926 
0.036 0.990 0.080 0.980 0.935 
0.033 0.988 0.101 0.980 0.948 
0.038 0.988 0.055 0.975 0.905 
0.039 0.991 0.066 0.980 0.923 
0.047 0.983 0.065 0.980 0.883 
0.033 0.988 0.094 0.975 0.942 
0.037 0.986 0.093 0.978 0.923 
0.038 0.986 0.092 0.980 0.932 
0.033 0.990 0.077 0.983 0.938 
0.037 0.986 0.079 0.978 0.935 
0.043 0.987 0.127 0.973 0.948 
0.034 0.989 0.066 0.978 0.926 
0.041 0.986 0.060 0.978 0.920 
0.033 0.990 0.128 0.983 0.935 
0.035 0.985 0.183 0.975 0.951 
0.032 0.989 0.134 0.980 0.951 
0.053 0.985 0.124 0.970 0.942 
0.037 0.988 0.121 0.975 0.938 
0.040 0.989 0.132 0.978 0.951 
0.040 0.987 0.053 0.980 0.914 
0.036 0.986 0.070 0.978 0.932 
0.036 0.989 0.084 0.975 0.948 
0.036 0.992 0.061 0.983 0.917 
0.040 0.988 0.076 0.978 0.938 
0.045 0.982 0.071 0.978 0.935 
0.036 0.990 0.095 0.978 0.954 
0.039 0.987 0.068 0.980 0.911 
0.029 0.991 0.084 0.980 0.938 
0.040 0.988 0.117 0.978 0.929 
0.040 0.983 0.063 0.980 0.923 
0.024 0.993 0.118 0.978 0.954 
0.023 0.993 0.147 0.960 0.969 
0.029 0.989 0.077 0.978 0.948 
0.043 0.988 0.081 0.978 0.917 
0.042 0.988 0.100 0.975 0.951 
0.030 0.989 0.066 0.980 0.932 
0.039 0.986 0.077 0.978 0.938 
0.041 0.989 0.079 0.978 0.926 
0.021 0.994 0.087 0.975 0.954 
0.041 0.989 0.084 0.983 0.938 
0.032 0.986 0.067 0.983 0.929 
0.037 0.988 0.135 0.975 0.951 
0.039 0.988 0.113 0.973 0.951 
0.033 0.989 0.063 0.980 0.926 
0.038 0.989 0.111 0.985 0.951 
0.034 0.990 0.068 0.978 0.923 
0.037 0.986 0.091 0.978 0.938 
0.042 0.989 0.081 0.985 0.926 
0.046 0.986 0.085 0.978 0.938 
0.043 0.986 0.057 0.978 0.911 
0.032 0.990 0.083 0.983 0.938 
0.041 0.986 0.100 0.978 0.932 
0.033 0.989 0.144 0.970 0.948 
0.049 0.984 0.107 0.980 0.948 
0.039 0.986 0.047 0.983 0.926 
0.036 0.989 0.079 0.980 0.945 
0.025 0.991 0.094 0.980 0.945 
0.032 0.993 0.078 0.983 0.935 
0.038 0.990 0.077 0.983 0.932 
0.039 0.983 0.092 0.980 0.948 
0.038 0.987 0.079 0.975 0.938 
0.046 0.985 0.046 0.985 0.880 
0.045 0.987 0.057 0.983 0.923 
0.036 0.991 0.101 0.975 0.951 
0.039 0.987 0.095 0.983 0.945 
0.043 0.989 0.080 0.980 0.923 
0.041 0.985 0.104 0.980 0.951 
0.031 0.989 0.102 0.983 0.954 
0.041 0.987 0.082 0.978 0.920 
0.038 0.985 0.088 0.980 0.920 
0.040 0.986 0.074 0.983 0.929 
0.033 0.990 0.124 0.973 0.938 
0.046 0.985 0.059 0.980 0.932 
0.032 0.991 0.057 0.983 0.923 
0.035 0.988 0.082 0.988 0.938 
0.033 0.988 0.074 0.975 0.905 
0.038 0.988 0.096 0.985 0.929 
0.033 0.986 0.183 0.985 0.951 
0.048 0.987 0.126 0.985 0.942 
0.048 0.982 0.143 0.978 0.938 
0.039 0.988 0.142 0.980 0.945 
0.036 0.989 0.231 0.978 0.945 
0.040 0.984 0.143 0.980 0.926 
0.048 0.985 0.065 0.983 0.926 
0.024 0.993 0.194 0.978 0.942 
0.046 0.987 0.070 0.980 0.920 
0.025 0.990 0.132 0.978 0.960 
0.029 0.987 0.097 0.975 0.926 
0.039 0.988 0.109 0.978 0.929 
0.035 0.990 0.096 0.980 0.932 
0.033 0.990 0.074 0.978 0.932 
0.038 0.985 0.096 0.983 0.938 
0.035 0.988 0.074 0.988 0.902 
0.051 0.984 0.069 0.983 0.917 
0.032 0.990 0.087 0.983 0.920 
0.041 0.988 0.077 0.983 0.923 
0.043 0.986 0.172 0.968 0.954 
0.042 0.986 0.199 0.978 0.960 
0.030 0.989 0.111 0.980 0.938 
0.039 0.988 0.080 0.985 0.929 
0.041 0.988 0.094 0.988 0.945 
0.036 0.987 0.091 0.985 0.954 
0.026 0.989 0.100 0.983 0.926 
0.029 0.990 0.087 0.985 0.942 
0.022 0.994 0.064 0.978 0.929 
0.039 0.988 0.114 0.983 0.932 
0.044 0.985 0.048 0.978 0.898 
0.042 0.980 0.068 0.983 0.926 
0.033 0.989 0.086 0.980 0.926 
0.043 0.985 0.064 0.980 0.892 
0.034 0.988 0.056 0.983 0.914 
0.038 0.988 0.077 0.983 0.917 
0.043 0.988 0.059 0.980 0.914 
0.033 0.991 0.102 0.973 0.948 
0.040 0.989 0.089 0.980 0.935 
0.029 0.989 0.063 0.983 0.914 
0.036 0.986 0.122 0.973 0.911 
0.034 0.991 0.087 0.985 0.938 
0.032 0.989 0.111 0.983 0.948 
0.059 0.982 0.043 0.980 0.911 
0.035 0.986 0.104 0.978 0.951 
0.024 0.992 0.052 0.985 0.942 
0.036 0.990 0.068 0.985 0.935 
0.034 0.992 0.076 0.983 0.932 
0.041 0.988 0.091 0.980 0.942 
0.043 0.984 0.099 0.983 0.951 
0.037 0.988 0.092 0.978 0.926 
0.039 0.985 0.116 0.980 0.948 
0.044 0.987 0.126 0.978 0.957 
0.038 0.985 0.098 0.983 0.942 
0.037 0.991 0.084 0.983 0.942 
0.031 0.989 0.134 0.970 0.957 
0.028 0.991 0.076 0.978 0.945 
0.033 0.989 0.183 0.965 0.963 
0.026 0.991 0.113 0.980 0.948 
0.034 0.990 0.189 0.980 0.954 
0.038 0.988 0.127 0.983 0.951 
0.031 0.989 0.065 0.980 0.935 
0.034 0.988 0.149 0.973 0.957 
0.031 0.988 0.116 0.980 0.948 
0.034 0.989 0.101 0.980 0.935 
0.034 0.990 0.083 0.985 0.926 
0.029 0.990 0.100 0.983 0.942 
0.050 0.982 0.085 0.983 0.935 
0.025 0.993 0.198 0.978 0.954 
0.039 0.989 0.102 0.978 0.963 
0.032 0.991 0.063 0.978 0.917 
0.027 0.988 0.088 0.980 0.942 
0.042 0.991 0.078 0.978 0.917 
0.033 0.989 0.103 0.978 0.957 
0.032 0.989 0.077 0.978 0.942 
0.026 0.990 0.144 0.973 0.957 
0.035 0.987 0.102 0.975 0.951 
0.025 0.990 0.104 0.980 0.948 
0.033 0.992 0.157 0.980 0.957 
0.034 0.990 0.132 0.978 0.942 
0.039 0.989 0.112 0.983 0.935 
0.034 0.988 0.083 0.978 0.929 
0.038 0.988 0.125 0.975 0.905 
0.026 0.988 0.101 0.980 0.948 
0.040 0.989 0.090 0.980 0.942 
0.032 0.990 0.149 0.980 0.954 
0.031 0.986 0.164 0.978 0.954 
0.047 0.985 0.107 0.980 0.938 
0.039 0.988 0.101 0.978 0.932 
0.034 0.989 0.194 0.975 0.920 
0.048 0.986 0.136 0.978 0.920 
0.040 0.987 0.122 0.980 0.951 
0.033 0.988 0.152 0.978 0.926 
0.024 0.994 0.170 0.973 0.957 
0.039 0.987 0.113 0.980 0.929 
0.037 0.986 0.187 0.978 0.938 
0.043 0.986 0.112 0.978 0.942 
0.023 0.991 0.131 0.983 0.938 
0.027 0.991 0.148 0.975 0.926 
0.032 0.989 0.167 0.968 0.945 
0.048 0.986 0.122 0.983 0.929 
0.028 0.994 0.096 0.983 0.926 
0.037 0.988 0.081 0.978 0.923 
0.033 0.991 0.095 0.980 0.932 
0.019 0.995 0.093 0.980 0.938 
0.029 0.990 0.180 0.980 0.963 
0.034 0.989 0.073 0.978 0.935 
0.016 0.993 0.082 0.980 0.935 
0.036 0.985 0.083 0.968 0.926 
0.035 0.993 0.167 0.975 0.951 
0.037 0.990 0.082 0.978 0.929 
0.025 0.991 0.077 0.980 0.938 
0.038 0.988 0.122 0.980 0.945 
0.035 0.989 0.067 0.983 0.938 
0.027 0.992 0.099 0.980 0.948 
0.027 0.990 0.060 0.980 0.920 
0.038 0.986 0.060 0.978 0.905 
0.036 0.989 0.069 0.985 0.935 
0.046 0.984 0.113 0.980 0.938 
0.035 0.989 0.157 0.975 0.938 
0.035 0.988 0.175 0.978 0.957 
0.033 0.991 0.267 0.980 0.951 
0.026 0.991 0.166 0.985 0.942 
0.037 0.988 0.081 0.978 0.926 
0.042 0.988 0.083 0.978 0.917 
0.027 0.993 0.101 0.968 0.945 
0.032 0.990 0.115 0.978 0.917 
0.040 0.988 0.100 0.985 0.942 
0.054 0.988 0.169 0.973 0.951 
0.044 0.985 0.204 0.980 0.954 
0.038 0.990 0.123 0.978 0.945 
0.039 0.985 0.089 0.970 0.938 
0.042 0.986 0.082 0.978 0.898 
0.021 0.993 0.122 0.978 0.951 
0.034 0.988 0.176 0.973 0.945 
0.022 0.991 0.217 0.975 0.917 
0.028 0.992 0.066 0.980 0.892 
0.031 0.989 0.136 0.978 0.948 
0.030 0.986 0.170 0.978 0.960 
0.039 0.989 0.132 0.968 0.954 
0.029 0.991 0.112 0.975 0.945 
0.035 0.991 0.126 0.975 0.926 
0.045 0.988 0.098 0.975 0.852 
0.025 0.993 0.147 0.980 0.945 
0.033 0.989 0.165 0.978 0.938 
0.021 0.993 0.236 0.978 0.948 
0.033 0.990 0.127 0.978 0.932 
0.022 0.993 0.151 0.978 0.929 
0.027 0.991 0.171 0.978 0.935 
0.035 0.987 0.108 0.988 0.942 
0.037 0.988 0.112 0.978 0.945 
0.033 0.988 0.077 0.978 0.926 
0.028 0.989 0.074 0.975 0.923 
0.041 0.987 0.092 0.978 0.926 
0.027 0.993 0.143 0.978 0.938 
0.045 0.988 0.131 0.980 0.926 
0.043 0.991 0.087 0.978 0.892 
0.042 0.987 0.072 0.978 0.926 
0.025 0.992 0.125 0.978 0.938 
0.040 0.989 0.060 0.980 0.926 
0.031 0.988 0.096 0.983 0.929 
0.025 0.989 0.121 0.975 0.932 
0.032 0.989 0.080 0.978 0.951 
0.046 0.986 0.072 0.975 0.923 
0.028 0.991 0.107 0.983 0.920 
0.033 0.989 0.144 0.955 0.963 
0.037 0.989 0.059 0.983 0.923 
0.036 0.988 0.064 0.983 0.942 
0.035 0.988 0.062 0.980 0.911 
0.023 0.993 0.119 0.975 0.948 
0.042 0.987 0.097 0.978 0.892 
0.034 0.988 0.049 0.980 0.905 
0.024 0.991 0.120 0.970 0.954 
0.037 0.989 0.083 0.985 0.945 
0.027 0.991 0.135 0.978 0.948 
0.030 0.991 0.116 0.980 0.917 
0.035 0.989 0.148 0.985 0.945 
0.033 0.989 0.111 0.975 0.945 
0.027 0.989 0.077 0.983 0.935 
0.028 0.992 0.089 0.975 0.932 
0.037 0.985 0.100 0.973 0.923 
0.022 0.991 0.115 0.983 0.945 
0.029 0.991 0.105 0.978 0.920 
0.047 0.986 0.073 0.978 0.926 
0.019 0.992 0.101 0.983 0.938 
0.027 0.991 0.067 0.978 0.902 
0.045 0.986 0.088 0.978 0.932 
0.031 0.990 0.084 0.975 0.932 
0.032 0.993 0.121 0.983 0.945 
0.063 0.985 0.107 0.978 0.855 
0.039 0.990 0.094 0.973 0.935 
0.031 0.992 0.087 0.983 0.938 
0.028 0.990 0.091 0.980 0.920 
0.031 0.991 0.128 0.975 0.935 
0.018 0.993 0.125 0.985 0.948 
0.027 0.990 0.051 0.978 0.908 
0.038 0.987 0.099 0.973 0.917 
0.036 0.990 0.115 0.983 0.954 
0.043 0.988 0.223 0.975 0.957 
0.033 0.989 0.082 0.978 0.926 
0.031 0.988 0.077 0.978 0.923 
0.033 0.989 0.083 0.980 0.935 
0.038 0.985 0.071 0.975 0.929 
0.039 0.987 0.072 0.975 0.868 
0.025 0.993 0.091 0.970 0.895 
0.041 0.990 0.067 0.978 0.926 
0.028 0.991 0.125 0.978 0.942 
0.022 0.994 0.087 0.978 0.942 
0.036 0.990 0.196 0.975 0.957 
0.028 0.993 0.119 0.975 0.920 
0.037 0.983 0.119 0.975 0.948 
0.034 0.991 0.167 0.968 0.963 
0.026 0.991 0.140 0.973 0.954 
0.032 0.989 0.245 0.975 0.951 
0.034 0.987 0.127 0.978 0.923 
0.028 0.989 0.170 0.970 0.954 
0.025 0.991 0.124 0.980 0.948 
0.029 0.991 0.119 0.975 0.926 
0.040 0.986 0.094 0.973 0.923 
0.032 0.990 0.172 0.973 0.935 
0.023 0.990 0.188 0.975 0.957 
0.027 0.991 0.195 0.970 0.945 
0.026 0.993 0.177 0.975 0.932 
0.036 0.990 0.162 0.975 0.908 
0.047 0.986 0.186 0.975 0.920 
0.033 0.989 0.142 0.973 0.902 
0.031 0.991 0.115 0.983 0.938 
0.025 0.991 0.131 0.975 0.898 
0.043 0.986 0.084 0.980 0.932 
0.048 0.985 0.101 0.978 0.954 
0.021 0.992 0.170 0.978 0.938 
0.023 0.994 0.157 0.978 0.942 
0.051 0.984 0.087 0.985 0.923 
0.030 0.991 0.475 0.968 0.954 
0.025 0.990 0.128 0.978 0.948 
0.031 0.990 0.172 0.975 0.942 
0.020 0.993 0.173 0.975 0.945 
0.035 0.988 0.115 0.975 0.932 
0.032 0.988 0.071 0.980 0.932 
0.032 0.989 0.120 0.980 0.935 
0.021 0.991 0.113 0.983 0.938 
0.029 0.990 0.131 0.973 0.951 
0.028 0.990 0.145 0.970 0.945 
0.031 0.989 0.075 0.978 0.923 
0.041 0.984 0.105 0.978 0.951 
0.030 0.991 0.078 0.975 0.920 
0.045 0.988 0.078 0.978 0.911 
0.032 0.992 0.146 0.978 0.954 
0.035 0.989 0.103 0.975 0.914 
0.031 0.990 0.178 0.980 0.945 
0.032 0.990 0.118 0.978 0.920 
0.032 0.990 0.187 0.975 0.957 
0.032 0.990 0.138 0.973 0.945 
0.032 0.990 0.124 0.978 0.945 
0.027 0.991 0.172 0.980 0.957 
0.023 0.989 0.121 0.975 0.948 
0.029 0.991 0.209 0.978 0.945 
0.047 0.989 0.113 0.975 0.948 
0.035 0.987 0.156 0.973 0.935 
0.026 0.991 0.125 0.978 0.957 
0.028 0.992 0.160 0.973 0.938 
0.031 0.990 0.074 0.978 0.938 
0.036 0.989 0.119 0.975 0.935 
0.027 0.993 0.217 0.978 0.945 
0.030 0.990 0.113 0.978 0.945 
0.039 0.984 0.079 0.975 0.945 
0.029 0.991 0.170 0.973 0.969 
0.065 0.986 0.121 0.978 0.948 
0.034 0.989 0.113 0.978 0.929 
0.026 0.992 0.086 0.973 0.929 
0.034 0.989 0.138 0.978 0.923 
0.022 0.990 0.113 0.975 0.948 
0.044 0.985 0.092 0.975 0.942 
0.020 0.993 0.208 0.975 0.920 
0.046 0.987 0.085 0.975 0.935 
0.046 0.989 0.064 0.978 0.920 
0.025 0.991 0.096 0.975 0.935 
0.037 0.989 0.060 0.978 0.923 
0.024 0.991 0.084 0.978 0.942 
0.036 0.984 0.067 0.983 0.935 
0.035 0.990 0.072 0.978 0.920 
0.038 0.988 0.116 0.975 0.935 
0.037 0.988 0.107 0.975 0.942 
0.037 0.987 0.113 0.980 0.954 
0.034 0.988 0.099 0.975 0.945 
