0.446 0.798 0.218 0.932 0.264 
0.338 0.856 0.201 0.927 0.450 
0.317 0.872 0.218 0.950 0.824 
0.275 0.893 0.183 0.930 0.604 
0.267 0.884 0.191 0.948 0.673 
0.268 0.895 0.152 0.935 0.720 
0.227 0.908 0.134 0.945 0.664 
0.218 0.919 0.118 0.968 0.811 
0.229 0.912 0.135 0.945 0.742 
0.220 0.918 0.182 0.943 0.792 
0.227 0.918 0.157 0.948 0.783 
0.209 0.922 0.150 0.935 0.758 
0.205 0.924 0.143 0.938 0.777 
0.196 0.927 0.106 0.965 0.840 
0.197 0.932 0.120 0.965 0.903 
0.196 0.922 0.161 0.965 0.921 
0.175 0.940 0.156 0.973 0.877 
0.188 0.929 0.122 0.968 0.877 
0.186 0.932 0.168 0.963 0.928 
0.157 0.939 0.100 0.970 0.808 
0.177 0.939 0.147 0.968 0.903 
0.182 0.936 0.147 0.958 0.865 
0.181 0.930 0.120 0.978 0.899 
0.167 0.939 0.131 0.970 0.827 
0.160 0.943 0.141 0.973 0.899 
0.156 0.946 0.108 0.975 0.877 
0.164 0.945 0.143 0.970 0.906 
0.159 0.944 0.141 0.965 0.824 
0.157 0.945 0.141 0.978 0.871 
0.146 0.943 0.131 0.963 0.915 
0.157 0.933 0.141 0.935 0.745 
0.135 0.956 0.092 0.970 0.852 
0.145 0.947 0.117 0.958 0.833 
0.138 0.953 0.158 0.943 0.921 
0.157 0.942 0.136 0.970 0.928 
0.131 0.953 0.130 0.963 0.928 
0.131 0.954 0.135 0.965 0.921 
0.142 0.952 0.127 0.965 0.903 
0.130 0.953 0.126 0.963 0.896 
0.125 0.958 0.140 0.965 0.925 
0.137 0.952 0.135 0.968 0.925 
0.124 0.955 0.182 0.940 0.950 
0.126 0.953 0.111 0.980 0.887 
0.122 0.955 0.173 0.953 0.925 
0.138 0.949 0.095 0.975 0.849 
0.117 0.958 0.122 0.973 0.906 
0.126 0.956 0.112 0.975 0.925 
0.125 0.949 0.105 0.975 0.890 
0.126 0.956 0.134 0.968 0.943 
0.120 0.958 0.135 0.955 0.903 
0.119 0.959 0.103 0.973 0.890 
0.113 0.963 0.153 0.953 0.953 
0.128 0.958 0.126 0.963 0.921 
0.119 0.958 0.129 0.960 0.934 
0.107 0.967 0.128 0.978 0.925 
0.109 0.965 0.115 0.970 0.896 
0.097 0.967 0.118 0.968 0.906 
0.119 0.956 0.130 0.965 0.865 
0.121 0.955 0.134 0.932 0.796 
0.113 0.963 0.112 0.965 0.893 
0.114 0.961 0.107 0.968 0.887 
0.124 0.961 0.112 0.965 0.896 
0.101 0.964 0.153 0.963 0.937 
0.126 0.952 0.133 0.968 0.928 
0.108 0.959 0.110 0.963 0.884 
0.119 0.961 0.121 0.975 0.887 
0.112 0.960 0.128 0.960 0.906 
0.109 0.966 0.159 0.955 0.937 
0.111 0.961 0.135 0.970 0.934 
0.100 0.966 0.148 0.963 0.940 
0.111 0.964 0.122 0.968 0.918 
0.103 0.963 0.111 0.975 0.925 
0.096 0.968 0.123 0.973 0.947 
0.093 0.963 0.147 0.958 0.931 
0.092 0.973 0.138 0.965 0.915 
0.106 0.965 0.094 0.973 0.921 
0.089 0.971 0.120 0.968 0.931 
0.109 0.961 0.121 0.973 0.928 
0.106 0.961 0.126 0.968 0.915 
0.106 0.963 0.152 0.963 0.918 
0.088 0.968 0.115 0.973 0.931 
0.108 0.966 0.108 0.973 0.925 
0.109 0.960 0.123 0.970 0.937 
0.097 0.966 0.124 0.970 0.940 
0.105 0.963 0.107 0.970 0.915 
0.097 0.970 0.145 0.970 0.943 
0.110 0.968 0.147 0.960 0.928 
0.104 0.967 0.106 0.975 0.925 
0.105 0.961 0.115 0.968 0.918 
0.091 0.969 0.155 0.965 0.950 
0.087 0.968 0.103 0.973 0.909 
0.084 0.971 0.125 0.970 0.915 
0.102 0.967 0.091 0.978 0.912 
0.090 0.971 0.110 0.968 0.881 
0.089 0.967 0.129 0.973 0.925 
0.088 0.971 0.125 0.968 0.940 
0.101 0.961 0.147 0.968 0.921 
0.092 0.969 0.147 0.960 0.925 
0.103 0.966 0.151 0.965 0.899 
0.085 0.968 0.108 0.978 0.906 
0.091 0.969 0.146 0.965 0.934 
0.084 0.972 0.111 0.973 0.934 
0.099 0.967 0.130 0.965 0.921 
0.081 0.969 0.115 0.968 0.890 
0.078 0.972 0.099 0.973 0.890 
0.089 0.968 0.106 0.975 0.937 
0.088 0.969 0.122 0.975 0.931 
0.088 0.972 0.134 0.975 0.934 
0.098 0.964 0.095 0.975 0.925 
0.090 0.972 0.085 0.978 0.931 
0.078 0.972 0.110 0.975 0.896 
0.090 0.969 0.081 0.980 0.906 
0.095 0.967 0.081 0.980 0.912 
0.096 0.966 0.133 0.963 0.943 
0.097 0.966 0.155 0.950 0.953 
0.073 0.978 0.134 0.968 0.934 
0.075 0.973 0.140 0.953 0.956 
0.083 0.968 0.126 0.968 0.943 
0.082 0.973 0.154 0.950 0.962 
0.087 0.968 0.227 0.917 0.965 
0.090 0.972 0.132 0.965 0.921 
0.086 0.976 0.104 0.975 0.903 
0.092 0.964 0.103 0.975 0.918 
0.096 0.967 0.146 0.958 0.947 
0.099 0.968 0.079 0.978 0.915 
0.080 0.973 0.143 0.953 0.953 
0.089 0.968 0.082 0.980 0.912 
0.090 0.965 0.110 0.963 0.899 
0.095 0.968 0.122 0.963 0.947 
0.089 0.969 0.120 0.973 0.947 
0.089 0.970 0.156 0.958 0.940 
0.080 0.976 0.135 0.945 0.877 
0.093 0.966 0.100 0.980 0.906 
0.074 0.974 0.138 0.960 0.953 
0.088 0.976 0.117 0.973 0.931 
0.080 0.971 0.158 0.955 0.950 
0.082 0.970 0.155 0.963 0.956 
0.089 0.966 0.180 0.965 0.925 
0.068 0.973 0.122 0.968 0.921 
0.093 0.966 0.114 0.960 0.947 
0.087 0.966 0.124 0.968 0.956 
0.079 0.976 0.114 0.973 0.909 
0.076 0.973 0.137 0.970 0.937 
0.082 0.970 0.122 0.970 0.953 
0.080 0.976 0.108 0.973 0.928 
0.086 0.969 0.129 0.963 0.947 
0.096 0.968 0.172 0.943 0.953 
0.074 0.977 0.116 0.960 0.931 
0.080 0.970 0.123 0.978 0.887 
0.080 0.972 0.140 0.968 0.940 
0.083 0.969 0.116 0.973 0.921 
0.081 0.971 0.125 0.965 0.931 
0.085 0.971 0.098 0.970 0.934 
0.075 0.976 0.121 0.973 0.918 
0.082 0.973 0.128 0.965 0.852 
0.089 0.972 0.125 0.973 0.947 
0.078 0.974 0.176 0.960 0.953 
0.083 0.968 0.097 0.973 0.906 
0.069 0.977 0.112 0.970 0.943 
0.081 0.976 0.157 0.960 0.953 
0.078 0.974 0.124 0.970 0.947 
0.080 0.972 0.105 0.965 0.934 
0.087 0.971 0.102 0.973 0.925 
0.089 0.972 0.103 0.978 0.906 
0.083 0.970 0.121 0.968 0.909 
0.074 0.974 0.103 0.973 0.915 
0.079 0.973 0.092 0.978 0.909 
0.079 0.979 0.122 0.970 0.918 
0.080 0.976 0.108 0.968 0.934 
0.070 0.974 0.140 0.970 0.899 
0.077 0.971 0.113 0.970 0.921 
0.070 0.975 0.148 0.965 0.931 
0.081 0.971 0.155 0.950 0.953 
0.086 0.969 0.164 0.965 0.943 
0.081 0.970 0.104 0.973 0.862 
0.076 0.969 0.125 0.973 0.906 
0.069 0.977 0.127 0.973 0.912 
0.062 0.981 0.188 0.960 0.959 
0.075 0.977 0.090 0.978 0.899 
0.089 0.968 0.100 0.975 0.912 
0.055 0.984 0.109 0.965 0.915 
0.077 0.973 0.108 0.970 0.903 
0.076 0.976 0.123 0.973 0.925 
0.077 0.976 0.133 0.965 0.931 
0.080 0.972 0.146 0.953 0.931 
0.072 0.978 0.104 0.973 0.915 
0.073 0.972 0.098 0.973 0.918 
0.068 0.976 0.182 0.948 0.953 
0.074 0.971 0.102 0.975 0.937 
0.067 0.973 0.092 0.973 0.912 
0.070 0.979 0.094 0.978 0.903 
0.069 0.979 0.145 0.965 0.947 
0.072 0.972 0.098 0.978 0.915 
0.069 0.974 0.091 0.973 0.865 
0.077 0.975 0.098 0.980 0.921 
0.080 0.971 0.097 0.970 0.890 
0.065 0.979 0.123 0.970 0.928 
0.069 0.973 0.125 0.978 0.925 
0.061 0.978 0.169 0.968 0.950 
0.059 0.977 0.108 0.978 0.928 
0.074 0.977 0.130 0.968 0.943 
0.071 0.974 0.107 0.973 0.890 
0.067 0.978 0.121 0.973 0.925 
0.066 0.974 0.101 0.973 0.931 
0.076 0.971 0.132 0.963 0.928 
0.066 0.978 0.111 0.970 0.931 
0.056 0.982 0.123 0.965 0.928 
0.076 0.971 0.141 0.960 0.943 
0.057 0.981 0.109 0.973 0.906 
0.075 0.976 0.151 0.963 0.943 
0.078 0.977 0.165 0.955 0.956 
0.075 0.973 0.156 0.965 0.959 
0.060 0.982 0.154 0.965 0.943 
0.074 0.977 0.126 0.973 0.940 
0.054 0.981 0.091 0.978 0.893 
0.066 0.972 0.107 0.975 0.918 
0.067 0.978 0.112 0.973 0.849 
0.073 0.978 0.212 0.953 0.959 
0.064 0.979 0.128 0.968 0.937 
0.062 0.982 0.179 0.963 0.937 
0.062 0.980 0.101 0.975 0.918 
0.069 0.977 0.116 0.965 0.937 
0.064 0.980 0.113 0.975 0.928 
0.059 0.983 0.140 0.973 0.937 
0.063 0.979 0.085 0.978 0.884 
0.085 0.966 0.127 0.970 0.918 
0.082 0.972 0.164 0.955 0.940 
0.070 0.977 0.119 0.973 0.871 
0.060 0.979 0.157 0.968 0.934 
0.064 0.979 0.134 0.963 0.943 
0.074 0.974 0.122 0.973 0.940 
0.069 0.979 0.136 0.970 0.928 
0.069 0.977 0.123 0.973 0.940 
0.071 0.968 0.085 0.980 0.903 
0.075 0.974 0.114 0.975 0.915 
0.063 0.981 0.144 0.970 0.947 
0.084 0.967 0.071 0.980 0.890 
0.079 0.974 0.146 0.973 0.925 
0.058 0.979 0.087 0.978 0.899 
0.069 0.974 0.084 0.980 0.881 
0.077 0.972 0.119 0.970 0.921 
0.067 0.978 0.068 0.980 0.896 
0.064 0.978 0.096 0.980 0.918 
0.072 0.978 0.082 0.973 0.918 
0.070 0.975 0.103 0.973 0.940 
0.059 0.982 0.117 0.973 0.915 
0.055 0.980 0.104 0.973 0.931 
0.069 0.973 0.168 0.948 0.947 
0.071 0.978 0.147 0.963 0.934 
0.065 0.977 0.094 0.975 0.896 
0.059 0.976 0.095 0.978 0.912 
0.069 0.975 0.155 0.975 0.943 
0.063 0.973 0.102 0.978 0.915 
0.067 0.980 0.142 0.978 0.906 
0.064 0.979 0.129 0.958 0.871 
0.074 0.975 0.125 0.978 0.921 
0.064 0.976 0.161 0.968 0.909 
0.080 0.966 0.107 0.973 0.928 
0.056 0.979 0.095 0.975 0.915 
0.078 0.969 0.081 0.975 0.874 
0.074 0.976 0.099 0.975 0.887 
0.069 0.978 0.111 0.973 0.915 
0.050 0.986 0.137 0.968 0.934 
0.062 0.979 0.106 0.975 0.918 
0.063 0.979 0.132 0.968 0.943 
0.065 0.978 0.097 0.970 0.934 
0.060 0.979 0.101 0.975 0.925 
0.057 0.981 0.109 0.975 0.918 
0.077 0.972 0.103 0.973 0.928 
0.067 0.976 0.103 0.975 0.934 
0.081 0.971 0.092 0.978 0.896 
0.059 0.980 0.109 0.970 0.912 
0.065 0.979 0.086 0.978 0.921 
0.058 0.981 0.108 0.975 0.931 
0.063 0.979 0.099 0.970 0.928 
0.054 0.985 0.110 0.970 0.931 
0.053 0.984 0.179 0.960 0.947 
0.069 0.981 0.161 0.953 0.937 
0.066 0.979 0.102 0.978 0.925 
0.058 0.983 0.152 0.958 0.950 
0.075 0.976 0.161 0.968 0.940 
0.066 0.979 0.167 0.953 0.953 
0.060 0.979 0.134 0.965 0.940 
0.058 0.983 0.116 0.970 0.921 
0.055 0.981 0.117 0.970 0.937 
0.059 0.979 0.135 0.970 0.931 
0.067 0.977 0.109 0.980 0.915 
0.061 0.978 0.111 0.975 0.877 
0.074 0.976 0.110 0.978 0.903 
0.072 0.978 0.108 0.978 0.915 
0.067 0.977 0.131 0.973 0.934 
0.061 0.976 0.135 0.973 0.906 
0.068 0.974 0.198 0.963 0.937 
0.057 0.980 0.154 0.965 0.912 
0.059 0.979 0.093 0.975 0.849 
0.057 0.985 0.125 0.970 0.906 
0.081 0.973 0.138 0.970 0.906 
0.050 0.981 0.137 0.968 0.947 
0.065 0.974 0.172 0.958 0.953 
0.065 0.978 0.138 0.968 0.940 
0.057 0.980 0.204 0.960 0.956 
0.062 0.981 0.109 0.973 0.881 
0.054 0.985 0.178 0.963 0.950 
0.064 0.978 0.120 0.963 0.947 
0.064 0.979 0.110 0.973 0.925 
0.060 0.983 0.110 0.973 0.934 
0.069 0.974 0.081 0.978 0.912 
0.057 0.983 0.110 0.970 0.925 
0.053 0.982 0.118 0.975 0.934 
0.064 0.977 0.123 0.973 0.890 
0.053 0.985 0.129 0.970 0.912 
0.068 0.979 0.108 0.968 0.915 
0.063 0.978 0.084 0.978 0.906 
0.060 0.978 0.125 0.975 0.931 
0.061 0.981 0.115 0.970 0.877 
0.070 0.980 0.173 0.955 0.962 
0.046 0.983 0.079 0.978 0.887 
0.059 0.982 0.125 0.970 0.940 
0.063 0.979 0.097 0.980 0.862 
0.056 0.980 0.127 0.960 0.846 
0.063 0.977 0.140 0.970 0.925 
0.052 0.980 0.160 0.960 0.947 
0.067 0.977 0.094 0.975 0.928 
0.059 0.983 0.093 0.975 0.893 
0.052 0.980 0.070 0.978 0.906 
0.059 0.978 0.166 0.970 0.940 
0.060 0.980 0.107 0.975 0.940 
0.044 0.984 0.169 0.953 0.959 
0.066 0.979 0.134 0.960 0.950 
0.050 0.981 0.088 0.973 0.909 
0.061 0.982 0.154 0.965 0.934 
0.056 0.978 0.169 0.940 0.959 
0.054 0.982 0.154 0.968 0.953 
0.052 0.983 0.109 0.975 0.934 
0.066 0.976 0.137 0.965 0.915 
0.058 0.983 0.169 0.965 0.965 
0.068 0.978 0.180 0.958 0.912 
0.062 0.978 0.132 0.973 0.928 
0.046 0.985 0.145 0.973 0.931 
0.055 0.981 0.154 0.960 0.928 
0.070 0.976 0.141 0.973 0.943 
0.067 0.978 0.116 0.975 0.915 
0.050 0.982 0.174 0.953 0.937 
0.061 0.978 0.136 0.973 0.934 
0.073 0.978 0.118 0.978 0.928 
0.057 0.979 0.102 0.973 0.918 
0.055 0.979 0.162 0.958 0.943 
0.054 0.977 0.091 0.973 0.931 
0.060 0.982 0.139 0.960 0.953 
0.067 0.976 0.092 0.978 0.906 
0.063 0.979 0.105 0.973 0.921 
0.053 0.984 0.126 0.970 0.925 
0.067 0.977 0.060 0.980 0.827 
0.053 0.982 0.156 0.963 0.934 
0.070 0.974 0.075 0.975 0.893 
0.069 0.976 0.109 0.978 0.937 
0.061 0.981 0.179 0.973 0.956 
0.058 0.976 0.131 0.970 0.915 
0.052 0.980 0.138 0.970 0.915 
0.073 0.980 0.127 0.973 0.943 
0.065 0.978 0.116 0.963 0.943 
0.055 0.986 0.084 0.978 0.915 
0.054 0.980 0.102 0.978 0.940 
0.047 0.981 0.114 0.973 0.928 
0.051 0.986 0.106 0.968 0.943 
0.064 0.978 0.089 0.978 0.918 
0.044 0.986 0.086 0.975 0.906 
0.058 0.977 0.114 0.973 0.925 
0.045 0.984 0.176 0.958 0.950 
0.051 0.984 0.129 0.975 0.943 
0.043 0.983 0.145 0.975 0.928 
0.053 0.982 0.117 0.970 0.912 
0.048 0.986 0.148 0.958 0.940 
0.052 0.981 0.100 0.973 0.884 
0.048 0.983 0.114 0.970 0.928 
0.043 0.985 0.107 0.975 0.909 
0.065 0.976 0.148 0.963 0.940 
0.058 0.982 0.107 0.975 0.925 
0.060 0.980 0.108 0.965 0.903 
0.053 0.979 0.146 0.963 0.950 
0.053 0.985 0.064 0.980 0.915 
0.074 0.979 0.099 0.980 0.925 
0.054 0.980 0.096 0.973 0.921 
0.060 0.981 0.106 0.978 0.925 
0.049 0.985 0.139 0.970 0.950 
0.048 0.980 0.110 0.975 0.934 
0.062 0.980 0.227 0.953 0.959 
0.061 0.983 0.148 0.973 0.921 
0.057 0.985 0.110 0.975 0.934 
0.059 0.981 0.137 0.968 0.925 
0.047 0.984 0.101 0.978 0.928 
0.039 0.987 0.137 0.973 0.947 
0.047 0.984 0.154 0.970 0.934 
0.059 0.980 0.076 0.980 0.915 
0.059 0.980 0.079 0.983 0.915 
0.066 0.979 0.104 0.980 0.890 
0.060 0.980 0.095 0.978 0.918 
0.048 0.983 0.115 0.970 0.950 
0.055 0.978 0.115 0.975 0.918 
0.052 0.984 0.117 0.975 0.925 
0.051 0.981 0.163 0.963 0.943 
0.061 0.981 0.124 0.975 0.943 
0.061 0.981 0.079 0.980 0.915 
0.053 0.982 0.088 0.980 0.906 
0.050 0.984 0.108 0.970 0.940 
0.053 0.987 0.118 0.970 0.962 
0.057 0.980 0.088 0.975 0.931 
0.063 0.976 0.069 0.980 0.909 
0.059 0.982 0.088 0.978 0.903 
0.053 0.980 0.087 0.978 0.896 
0.045 0.982 0.088 0.978 0.912 
0.051 0.981 0.230 0.943 0.972 
0.056 0.981 0.060 0.983 0.881 
0.054 0.983 0.098 0.978 0.903 
0.045 0.981 0.165 0.965 0.947 
0.059 0.980 0.118 0.983 0.918 
0.058 0.978 0.115 0.975 0.909 
0.062 0.982 0.120 0.973 0.928 
0.041 0.986 0.131 0.973 0.912 
0.054 0.981 0.166 0.975 0.912 
0.051 0.983 0.131 0.978 0.947 
0.047 0.987 0.112 0.975 0.852 
0.054 0.979 0.085 0.980 0.928 
0.045 0.986 0.203 0.950 0.972 
0.074 0.979 0.161 0.960 0.953 
0.052 0.981 0.123 0.970 0.931 
0.062 0.978 0.108 0.975 0.934 
0.051 0.982 0.135 0.965 0.943 
0.058 0.982 0.100 0.978 0.915 
0.051 0.986 0.089 0.978 0.906 
0.061 0.981 0.090 0.980 0.915 
0.049 0.984 0.135 0.968 0.943 
0.052 0.984 0.089 0.978 0.934 
0.053 0.983 0.098 0.980 0.937 
0.044 0.983 0.105 0.980 0.925 
0.048 0.982 0.143 0.963 0.934 
0.055 0.981 0.095 0.975 0.887 
0.055 0.980 0.149 0.975 0.925 
0.060 0.981 0.095 0.973 0.912 
0.066 0.979 0.115 0.975 0.912 
0.072 0.980 0.118 0.973 0.896 
0.058 0.982 0.135 0.973 0.940 
0.060 0.979 0.104 0.975 0.934 
0.054 0.982 0.125 0.973 0.943 
0.057 0.983 0.078 0.978 0.912 
0.048 0.987 0.144 0.965 0.937 
0.059 0.980 0.104 0.978 0.931 
0.062 0.980 0.102 0.968 0.868 
0.063 0.974 0.108 0.973 0.912 
0.052 0.982 0.087 0.980 0.887 
0.059 0.979 0.175 0.963 0.969 
0.061 0.980 0.136 0.980 0.937 
0.044 0.986 0.211 0.945 0.956 
0.054 0.981 0.134 0.975 0.953 
0.052 0.978 0.078 0.978 0.877 
0.040 0.986 0.141 0.980 0.940 
0.056 0.979 0.095 0.978 0.903 
0.043 0.984 0.079 0.980 0.893 
0.061 0.981 0.189 0.975 0.950 
0.046 0.984 0.128 0.978 0.915 
0.060 0.975 0.121 0.975 0.931 
0.058 0.980 0.110 0.973 0.899 
0.052 0.980 0.097 0.978 0.884 
0.059 0.980 0.121 0.975 0.906 
0.050 0.984 0.141 0.960 0.953 
0.043 0.985 0.142 0.973 0.947 
0.041 0.986 0.110 0.978 0.918 
0.061 0.980 0.094 0.975 0.925 
0.049 0.982 0.122 0.975 0.931 
0.054 0.981 0.120 0.968 0.940 
0.059 0.978 0.110 0.980 0.937 
0.058 0.980 0.103 0.978 0.915 
0.057 0.980 0.107 0.978 0.909 
0.055 0.981 0.132 0.968 0.956 
0.062 0.973 0.106 0.978 0.943 
0.049 0.982 0.094 0.975 0.943 
0.052 0.982 0.080 0.975 0.903 
0.063 0.979 0.147 0.968 0.962 
0.042 0.986 0.227 0.953 0.962 
0.063 0.977 0.129 0.978 0.928 
0.055 0.982 0.149 0.973 0.931 
0.059 0.982 0.143 0.973 0.937 
0.053 0.981 0.095 0.980 0.934 
0.040 0.984 0.117 0.975 0.925 
0.039 0.986 0.126 0.978 0.937 
0.038 0.988 0.131 0.973 0.921 
0.070 0.981 0.087 0.980 0.858 
0.049 0.983 0.130 0.978 0.925 
0.048 0.982 0.134 0.970 0.943 
0.047 0.983 0.110 0.973 0.918 
0.057 0.980 0.094 0.978 0.912 
0.041 0.986 0.120 0.968 0.953 
0.051 0.983 0.125 0.968 0.940 
0.052 0.981 0.133 0.970 0.934 
0.038 0.985 0.059 0.983 0.865 
0.051 0.981 0.143 0.975 0.912 
0.053 0.982 0.119 0.980 0.931 
0.061 0.980 0.091 0.980 0.915 
0.051 0.982 0.120 0.970 0.918 
0.063 0.983 0.083 0.983 0.909 
0.047 0.982 0.123 0.975 0.953 
0.052 0.984 0.096 0.978 0.931 
0.052 0.985 0.108 0.978 0.934 
0.048 0.983 0.122 0.975 0.943 
0.045 0.980 0.100 0.973 0.928 
0.046 0.984 0.070 0.980 0.906 
0.052 0.983 0.080 0.980 0.871 
0.056 0.979 0.139 0.973 0.937 
0.060 0.984 0.086 0.978 0.903 
0.044 0.984 0.121 0.975 0.937 
0.048 0.981 0.118 0.975 0.940 
0.039 0.985 0.119 0.970 0.931 
0.052 0.984 0.068 0.985 0.887 
0.046 0.985 0.114 0.970 0.909 
0.048 0.984 0.111 0.980 0.918 
0.042 0.983 0.155 0.970 0.956 
0.043 0.985 0.108 0.975 0.887 
0.048 0.990 0.120 0.975 0.928 
0.063 0.977 0.125 0.973 0.906 
0.058 0.979 0.097 0.975 0.918 
0.056 0.982 0.078 0.980 0.874 
0.048 0.983 0.119 0.978 0.921 
0.050 0.982 0.150 0.970 0.943 
0.046 0.984 0.100 0.980 0.899 
0.048 0.982 0.111 0.968 0.925 
0.044 0.985 0.127 0.970 0.940 
0.053 0.983 0.089 0.980 0.881 
0.044 0.987 0.100 0.983 0.903 
0.055 0.983 0.091 0.978 0.906 
0.048 0.982 0.101 0.973 0.937 
0.066 0.974 0.111 0.973 0.925 
0.052 0.982 0.132 0.970 0.931 
0.048 0.983 0.169 0.975 0.937 
0.059 0.982 0.106 0.973 0.890 
0.039 0.990 0.131 0.968 0.909 
0.086 0.975 0.095 0.980 0.890 
0.056 0.981 0.149 0.980 0.953 
0.058 0.980 0.122 0.980 0.928 
0.048 0.981 0.075 0.980 0.865 
0.040 0.987 0.093 0.978 0.921 
0.042 0.982 0.091 0.978 0.921 
0.042 0.984 0.086 0.985 0.887 
0.050 0.980 0.078 0.985 0.884 
0.049 0.984 0.123 0.983 0.940 
0.053 0.980 0.145 0.970 0.940 
0.041 0.988 0.111 0.980 0.918 
0.045 0.984 0.079 0.980 0.899 
0.061 0.977 0.072 0.978 0.899 
0.059 0.979 0.100 0.980 0.921 
0.061 0.975 0.055 0.983 0.884 
0.051 0.979 0.067 0.980 0.909 
0.051 0.983 0.090 0.980 0.915 
0.049 0.983 0.112 0.975 0.934 
0.047 0.983 0.092 0.975 0.921 
0.049 0.981 0.097 0.983 0.915 
0.050 0.983 0.110 0.978 0.912 
0.048 0.985 0.094 0.983 0.912 
0.053 0.982 0.086 0.985 0.915 
0.050 0.984 0.111 0.978 0.915 
0.056 0.976 0.114 0.980 0.921 
0.043 0.985 0.067 0.980 0.896 
0.044 0.984 0.110 0.980 0.903 
0.047 0.979 0.090 0.983 0.871 
0.055 0.978 0.113 0.980 0.915 
0.048 0.985 0.110 0.980 0.909 
0.065 0.982 0.085 0.978 0.906 
0.051 0.978 0.080 0.975 0.896 
0.052 0.980 0.074 0.985 0.896 
0.042 0.982 0.081 0.985 0.903 
0.041 0.983 0.135 0.978 0.918 
0.064 0.978 0.116 0.968 0.943 
0.039 0.987 0.140 0.975 0.921 
0.043 0.987 0.171 0.965 0.959 
0.045 0.984 0.124 0.970 0.918 
0.051 0.983 0.102 0.980 0.909 
0.048 0.981 0.100 0.980 0.928 
0.035 0.988 0.133 0.975 0.925 
0.026 0.991 0.130 0.975 0.947 
0.051 0.983 0.095 0.980 0.934 
0.046 0.985 0.105 0.983 0.928 
0.037 0.987 0.097 0.983 0.918 
0.052 0.982 0.091 0.980 0.912 
0.041 0.987 0.100 0.980 0.896 
0.051 0.981 0.159 0.943 0.965 
0.057 0.979 0.096 0.983 0.928 
0.052 0.980 0.088 0.985 0.890 
0.035 0.990 0.100 0.975 0.918 
0.062 0.980 0.080 0.983 0.890 
0.055 0.982 0.126 0.970 0.953 
0.033 0.985 0.081 0.983 0.896 
0.043 0.985 0.073 0.985 0.865 
0.056 0.980 0.111 0.980 0.918 
0.039 0.983 0.099 0.975 0.918 
0.040 0.986 0.115 0.970 0.915 
0.054 0.984 0.108 0.970 0.915 
0.038 0.985 0.091 0.983 0.896 
0.060 0.980 0.150 0.975 0.915 
0.054 0.983 0.089 0.975 0.909 
0.049 0.982 0.115 0.975 0.931 
0.046 0.980 0.117 0.973 0.937 
0.084 0.984 0.126 0.978 0.928 
0.050 0.985 0.085 0.978 0.896 
0.046 0.982 0.111 0.978 0.921 
0.041 0.988 0.108 0.975 0.928 
0.038 0.986 0.065 0.980 0.871 
0.045 0.984 0.130 0.983 0.937 
0.041 0.984 0.100 0.973 0.893 
0.042 0.984 0.111 0.975 0.925 
0.041 0.990 0.145 0.978 0.925 
0.047 0.986 0.117 0.975 0.928 
0.043 0.984 0.083 0.980 0.884 
0.069 0.980 0.076 0.988 0.896 
0.054 0.983 0.092 0.985 0.906 
0.050 0.982 0.113 0.980 0.937 
0.058 0.981 0.111 0.975 0.928 
0.053 0.984 0.095 0.980 0.915 
0.043 0.985 0.075 0.975 0.877 
0.040 0.988 0.102 0.980 0.928 
0.060 0.983 0.113 0.980 0.934 
0.041 0.984 0.143 0.953 0.950 
0.050 0.983 0.093 0.980 0.912 
0.053 0.985 0.080 0.980 0.937 
0.033 0.989 0.087 0.980 0.928 
0.051 0.982 0.107 0.978 0.947 
0.038 0.986 0.073 0.983 0.858 
0.046 0.982 0.094 0.980 0.925 
0.054 0.982 0.106 0.963 0.909 
0.044 0.983 0.114 0.965 0.899 
0.044 0.986 0.122 0.975 0.934 
0.039 0.985 0.112 0.970 0.934 
0.055 0.979 0.118 0.973 0.928 
0.042 0.985 0.113 0.975 0.909 
0.044 0.985 0.134 0.975 0.934 
0.045 0.986 0.103 0.980 0.915 
0.042 0.987 0.101 0.978 0.921 
0.046 0.986 0.144 0.970 0.947 
0.051 0.983 0.150 0.980 0.918 
0.056 0.982 0.129 0.973 0.943 
0.050 0.982 0.112 0.970 0.931 
0.043 0.986 0.092 0.975 0.893 
0.037 0.988 0.147 0.973 0.928 
0.044 0.986 0.208 0.938 0.959 
0.047 0.983 0.072 0.980 0.903 
0.046 0.985 0.092 0.980 0.903 
0.043 0.984 0.086 0.980 0.906 
0.046 0.985 0.066 0.983 0.909 
0.060 0.983 0.168 0.968 0.953 
0.043 0.987 0.159 0.970 0.940 
0.052 0.982 0.121 0.970 0.918 
0.042 0.987 0.102 0.970 0.915 
0.046 0.985 0.120 0.978 0.928 
0.049 0.983 0.120 0.968 0.928 
0.045 0.984 0.068 0.985 0.890 
0.042 0.985 0.105 0.973 0.940 
0.042 0.986 0.095 0.973 0.896 
0.050 0.983 0.152 0.970 0.953 
0.040 0.986 0.088 0.978 0.909 
0.043 0.981 0.084 0.978 0.899 
0.055 0.982 0.125 0.973 0.934 
0.038 0.989 0.089 0.980 0.887 
0.050 0.988 0.098 0.983 0.925 
0.069 0.982 0.085 0.975 0.918 
0.041 0.986 0.076 0.980 0.928 
0.044 0.983 0.103 0.978 0.953 
0.040 0.989 0.069 0.978 0.893 
0.037 0.983 0.112 0.978 0.947 
0.064 0.981 0.070 0.983 0.925 
0.052 0.979 0.105 0.975 0.937 
0.030 0.991 0.067 0.985 0.899 
0.042 0.983 0.140 0.970 0.953 
0.042 0.985 0.061 0.985 0.868 
0.047 0.982 0.067 0.978 0.890 
0.047 0.983 0.082 0.983 0.912 
0.043 0.989 0.114 0.975 0.950 
0.044 0.984 0.065 0.985 0.890 
0.047 0.986 0.078 0.980 0.903 
0.053 0.983 0.068 0.983 0.874 
0.048 0.983 0.084 0.983 0.918 
0.043 0.981 0.080 0.983 0.909 
0.057 0.983 0.074 0.980 0.909 
0.048 0.986 0.060 0.985 0.849 
0.047 0.983 0.068 0.978 0.912 
0.046 0.983 0.167 0.943 0.953 
0.029 0.991 0.072 0.980 0.925 
0.060 0.982 0.072 0.975 0.909 
0.036 0.989 0.091 0.983 0.918 
0.058 0.981 0.079 0.975 0.893 
0.034 0.989 0.110 0.975 0.918 
0.044 0.986 0.129 0.968 0.943 
0.040 0.985 0.112 0.973 0.928 
0.050 0.983 0.099 0.978 0.909 
0.042 0.984 0.067 0.980 0.887 
0.041 0.985 0.119 0.975 0.940 
0.043 0.986 0.098 0.978 0.918 
0.054 0.979 0.137 0.978 0.915 
0.048 0.982 0.127 0.970 0.940 
0.044 0.985 0.070 0.985 0.906 
0.044 0.984 0.117 0.983 0.947 
0.042 0.984 0.133 0.968 0.937 
0.036 0.986 0.100 0.978 0.918 
0.035 0.989 0.244 0.970 0.965 
0.042 0.986 0.095 0.978 0.896 
0.043 0.985 0.090 0.978 0.881 
0.042 0.985 0.202 0.973 0.965 
0.064 0.982 0.053 0.988 0.852 
0.033 0.990 0.103 0.978 0.937 
0.043 0.985 0.080 0.975 0.921 
0.035 0.990 0.081 0.980 0.921 
0.045 0.983 0.070 0.983 0.874 
0.038 0.987 0.112 0.973 0.903 
0.038 0.988 0.193 0.955 0.956 
0.039 0.985 0.169 0.963 0.931 
0.040 0.982 0.150 0.978 0.950 
0.037 0.986 0.071 0.983 0.899 
0.034 0.991 0.155 0.968 0.947 
0.037 0.986 0.190 0.975 0.934 
0.046 0.985 0.080 0.980 0.887 
0.041 0.986 0.109 0.980 0.893 
0.041 0.986 0.121 0.975 0.906 
0.049 0.983 0.120 0.978 0.931 
0.034 0.989 0.179 0.968 0.950 
0.051 0.983 0.082 0.980 0.884 
0.051 0.985 0.136 0.980 0.925 
0.057 0.980 0.092 0.983 0.915 
0.043 0.982 0.055 0.985 0.874 
0.056 0.980 0.124 0.965 0.950 
0.036 0.987 0.159 0.970 0.937 
0.042 0.986 0.075 0.983 0.899 
0.044 0.987 0.153 0.985 0.931 
0.055 0.983 0.121 0.980 0.906 
0.037 0.986 0.248 0.945 0.937 
0.062 0.981 0.167 0.980 0.934 
0.049 0.987 0.265 0.953 0.943 
0.046 0.984 0.133 0.975 0.921 
0.055 0.984 0.179 0.965 0.962 
0.050 0.987 0.081 0.980 0.925 
0.041 0.983 0.107 0.980 0.931 
0.049 0.984 0.149 0.965 0.950 
0.043 0.986 0.080 0.983 0.893 
0.046 0.984 0.148 0.980 0.909 
0.044 0.986 0.149 0.980 0.912 
0.047 0.982 0.099 0.978 0.903 
0.047 0.985 0.128 0.978 0.934 
0.046 0.983 0.123 0.973 0.934 
0.037 0.986 0.196 0.948 0.969 
0.033 0.986 0.081 0.980 0.852 
0.050 0.982 0.218 0.950 0.972 
0.040 0.987 0.083 0.978 0.912 
0.053 0.982 0.103 0.978 0.918 
0.047 0.983 0.095 0.978 0.918 
0.030 0.988 0.075 0.980 0.896 
0.049 0.983 0.127 0.975 0.931 
0.044 0.981 0.111 0.973 0.906 
0.043 0.984 0.093 0.983 0.921 
0.058 0.985 0.098 0.975 0.868 
0.036 0.986 0.120 0.980 0.915 
0.041 0.984 0.114 0.980 0.903 
0.048 0.984 0.077 0.980 0.865 
0.058 0.982 0.104 0.983 0.912 
0.042 0.988 0.104 0.983 0.921 
0.050 0.981 0.095 0.980 0.921 
0.034 0.986 0.122 0.978 0.928 
0.050 0.984 0.164 0.965 0.962 
0.048 0.983 0.068 0.980 0.903 
0.029 0.991 0.117 0.975 0.931 
0.030 0.987 0.098 0.970 0.937 
0.050 0.983 0.102 0.980 0.906 
0.056 0.984 0.084 0.978 0.906 
0.044 0.987 0.125 0.975 0.934 
0.030 0.990 0.097 0.983 0.903 
0.036 0.989 0.142 0.980 0.909 
0.044 0.988 0.100 0.983 0.918 
0.038 0.985 0.148 0.965 0.937 
0.055 0.985 0.138 0.975 0.950 
0.028 0.992 0.090 0.983 0.909 
0.041 0.988 0.230 0.958 0.962 
0.043 0.984 0.182 0.975 0.940 
0.034 0.989 0.100 0.980 0.925 
0.046 0.985 0.139 0.975 0.940 
0.048 0.981 0.136 0.968 0.940 
0.051 0.988 0.104 0.978 0.906 
0.052 0.984 0.133 0.980 0.921 
0.042 0.988 0.100 0.980 0.921 
0.037 0.988 0.090 0.983 0.912 
0.039 0.988 0.162 0.970 0.953 
0.057 0.979 0.145 0.978 0.928 
0.042 0.986 0.135 0.978 0.925 
0.049 0.982 0.217 0.960 0.959 
0.043 0.986 0.134 0.980 0.915 
0.034 0.987 0.153 0.978 0.931 
0.043 0.986 0.083 0.983 0.921 
0.048 0.981 0.220 0.950 0.969 
0.041 0.985 0.130 0.975 0.931 
0.041 0.986 0.127 0.970 0.921 
0.036 0.986 0.215 0.968 0.956 
0.079 0.981 0.153 0.973 0.950 
0.041 0.987 0.115 0.970 0.934 
0.041 0.984 0.111 0.978 0.918 
0.036 0.988 0.111 0.975 0.921 
0.036 0.984 0.122 0.970 0.915 
0.033 0.988 0.157 0.973 0.937 
0.042 0.984 0.098 0.980 0.918 
0.035 0.989 0.114 0.978 0.928 
0.056 0.983 0.086 0.980 0.915 
0.042 0.984 0.121 0.983 0.921 
0.030 0.988 0.097 0.983 0.912 
0.036 0.984 0.154 0.963 0.950 
0.050 0.985 0.171 0.970 0.943 
0.042 0.986 0.110 0.980 0.918 
0.037 0.989 0.186 0.970 0.940 
0.038 0.987 0.123 0.975 0.906 
0.058 0.982 0.070 0.985 0.884 
0.036 0.988 0.093 0.980 0.899 
0.042 0.982 0.129 0.973 0.912 
0.045 0.986 0.139 0.978 0.931 
0.043 0.985 0.126 0.973 0.937 
0.041 0.988 0.122 0.978 0.931 
0.048 0.988 0.174 0.970 0.965 
0.034 0.987 0.072 0.983 0.909 
0.039 0.985 0.130 0.978 0.943 
0.042 0.984 0.108 0.983 0.918 
0.034 0.986 0.109 0.985 0.918 
0.043 0.986 0.119 0.983 0.931 
0.043 0.985 0.117 0.973 0.940 
0.032 0.991 0.103 0.980 0.912 
0.038 0.986 0.098 0.973 0.940 
0.031 0.989 0.169 0.973 0.947 
0.037 0.985 0.145 0.975 0.937 
0.040 0.987 0.118 0.975 0.947 
0.037 0.991 0.122 0.973 0.947 
0.043 0.984 0.103 0.973 0.921 
0.035 0.988 0.079 0.978 0.928 
0.044 0.983 0.066 0.985 0.899 
0.040 0.986 0.089 0.983 0.934 
0.038 0.984 0.244 0.943 0.972 
0.048 0.985 0.097 0.980 0.937 
0.042 0.986 0.079 0.983 0.909 
0.042 0.988 0.144 0.975 0.956 
0.052 0.985 0.154 0.965 0.937 
0.049 0.982 0.084 0.980 0.921 
0.039 0.983 0.071 0.983 0.899 
0.038 0.986 0.086 0.983 0.906 
0.032 0.992 0.144 0.975 0.943 
0.031 0.987 0.097 0.978 0.931 
0.033 0.990 0.117 0.978 0.928 
0.040 0.985 0.192 0.978 0.956 
0.034 0.988 0.120 0.973 0.950 
0.039 0.989 0.158 0.968 0.953 
0.054 0.982 0.204 0.965 0.956 
0.044 0.983 0.104 0.985 0.918 
0.040 0.988 0.120 0.975 0.893 
0.052 0.980 0.123 0.965 0.940 
0.037 0.988 0.287 0.930 0.975 
0.051 0.981 0.098 0.975 0.934 
0.049 0.983 0.118 0.980 0.925 
0.059 0.981 0.085 0.983 0.912 
0.045 0.984 0.087 0.978 0.912 
0.046 0.985 0.068 0.988 0.884 
0.039 0.986 0.145 0.970 0.943 
0.036 0.986 0.086 0.983 0.893 
0.046 0.982 0.163 0.970 0.962 
0.030 0.988 0.130 0.968 0.940 
0.043 0.986 0.117 0.983 0.928 
0.038 0.989 0.163 0.975 0.921 
0.052 0.984 0.109 0.983 0.921 
0.044 0.986 0.101 0.980 0.937 
0.036 0.989 0.086 0.985 0.903 
0.045 0.985 0.100 0.980 0.925 
0.040 0.986 0.178 0.973 0.962 
0.052 0.985 0.081 0.983 0.921 
0.039 0.987 0.090 0.983 0.915 
0.043 0.985 0.104 0.980 0.937 
0.042 0.983 0.118 0.978 0.943 
0.042 0.989 0.067 0.983 0.896 
0.043 0.982 0.088 0.975 0.940 
0.024 0.991 0.100 0.973 0.928 
0.044 0.984 0.101 0.973 0.950 
0.047 0.986 0.117 0.965 0.943 
0.034 0.989 0.108 0.978 0.925 
0.039 0.984 0.079 0.983 0.915 
0.040 0.988 0.062 0.983 0.884 
0.032 0.992 0.066 0.980 0.884 
0.053 0.987 0.066 0.985 0.899 
0.040 0.987 0.209 0.958 0.972 
0.042 0.986 0.093 0.980 0.934 
0.036 0.986 0.128 0.980 0.953 
0.048 0.984 0.061 0.988 0.887 
0.039 0.985 0.090 0.983 0.893 
0.039 0.989 0.106 0.968 0.943 
0.041 0.989 0.094 0.980 0.887 
0.048 0.981 0.085 0.983 0.912 
0.036 0.988 0.076 0.983 0.906 
0.041 0.987 0.078 0.980 0.925 
0.031 0.988 0.098 0.983 0.915 
0.026 0.992 0.134 0.973 0.937 
0.048 0.982 0.094 0.980 0.871 
0.047 0.986 0.100 0.970 0.934 
0.054 0.986 0.098 0.970 0.934 
0.051 0.984 0.093 0.975 0.931 
0.036 0.989 0.112 0.973 0.937 
0.047 0.983 0.119 0.965 0.940 
0.038 0.988 0.168 0.978 0.956 
0.033 0.988 0.092 0.980 0.909 
0.036 0.986 0.144 0.980 0.934 
0.045 0.988 0.125 0.983 0.928 
0.040 0.986 0.114 0.978 0.934 
0.038 0.984 0.088 0.985 0.915 
0.032 0.989 0.105 0.978 0.953 
0.040 0.982 0.101 0.978 0.921 
0.050 0.986 0.081 0.985 0.925 
0.052 0.985 0.177 0.953 0.959 
0.051 0.986 0.098 0.978 0.915 
0.041 0.986 0.105 0.980 0.921 
0.039 0.984 0.110 0.975 0.918 
0.045 0.986 0.109 0.983 0.918 
0.041 0.988 0.197 0.950 0.947 
0.039 0.984 0.112 0.973 0.943 
0.043 0.982 0.142 0.973 0.947 
0.046 0.984 0.144 0.973 0.950 
0.047 0.988 0.155 0.973 0.959 
0.041 0.989 0.184 0.943 0.962 
0.029 0.990 0.139 0.978 0.940 
0.038 0.984 0.110 0.978 0.921 
0.035 0.987 0.097 0.978 0.925 
0.032 0.989 0.092 0.980 0.918 
0.040 0.988 0.068 0.980 0.855 
0.044 0.986 0.097 0.978 0.887 
0.042 0.984 0.092 0.980 0.881 
0.045 0.983 0.168 0.965 0.972 
0.030 0.991 0.123 0.978 0.928 
0.032 0.988 0.140 0.980 0.940 
0.048 0.988 0.170 0.963 0.959 
0.040 0.988 0.070 0.980 0.871 
0.046 0.982 0.127 0.980 0.915 
0.032 0.990 0.150 0.973 0.940 
0.048 0.982 0.118 0.978 0.943 
0.044 0.982 0.074 0.983 0.899 
0.050 0.980 0.091 0.983 0.855 
0.030 0.987 0.141 0.980 0.931 
0.042 0.986 0.105 0.978 0.937 
0.053 0.984 0.078 0.983 0.918 
0.040 0.983 0.063 0.983 0.909 
0.047 0.985 0.115 0.978 0.943 
0.040 0.988 0.113 0.980 0.937 
0.037 0.985 0.123 0.963 0.953 
0.048 0.985 0.091 0.980 0.868 
0.040 0.989 0.097 0.975 0.950 
0.030 0.989 0.091 0.980 0.934 
0.034 0.988 0.108 0.983 0.921 
0.040 0.988 0.057 0.985 0.849 
0.036 0.989 0.122 0.975 0.937 
0.038 0.987 0.113 0.980 0.943 
0.046 0.984 0.139 0.978 0.947 
0.036 0.989 0.102 0.983 0.921 
0.045 0.987 0.087 0.983 0.909 
0.049 0.984 0.096 0.970 0.881 
0.049 0.984 0.086 0.980 0.912 
0.046 0.985 0.144 0.975 0.943 
0.035 0.989 0.106 0.980 0.937 
0.049 0.986 0.064 0.983 0.928 
0.041 0.984 0.081 0.980 0.893 
0.042 0.986 0.095 0.980 0.931 
0.043 0.990 0.131 0.975 0.931 
0.032 0.985 0.102 0.978 0.931 
0.039 0.987 0.098 0.980 0.934 
0.028 0.988 0.130 0.970 0.953 
0.031 0.990 0.084 0.983 0.921 
0.033 0.991 0.062 0.985 0.899 
0.039 0.987 0.083 0.983 0.906 
0.049 0.980 0.122 0.983 0.940 
0.024 0.991 0.099 0.980 0.915 
0.051 0.989 0.124 0.975 0.947 
0.031 0.989 0.220 0.958 0.956 
0.037 0.990 0.074 0.978 0.915 
0.047 0.981 0.104 0.978 0.921 
0.024 0.992 0.156 0.978 0.950 
0.034 0.988 0.083 0.980 0.934 
0.060 0.985 0.061 0.988 0.918 
0.038 0.986 0.073 0.985 0.915 
0.030 0.988 0.116 0.983 0.947 
0.033 0.988 0.100 0.980 0.934 
0.035 0.986 0.107 0.980 0.934 
0.034 0.990 0.067 0.988 0.893 
0.047 0.985 0.061 0.983 0.899 
0.036 0.987 0.084 0.978 0.928 
0.048 0.989 0.082 0.978 0.921 
0.048 0.982 0.101 0.980 0.925 
0.033 0.989 0.092 0.975 0.903 
0.039 0.986 0.098 0.980 0.934 
0.034 0.989 0.088 0.978 0.915 
0.033 0.990 0.080 0.983 0.918 
0.034 0.989 0.084 0.975 0.921 
0.035 0.988 0.084 0.983 0.925 
0.038 0.988 0.105 0.973 0.934 
0.044 0.984 0.061 0.985 0.877 
0.046 0.987 0.079 0.983 0.903 
0.039 0.988 0.117 0.983 0.928 
0.029 0.988 0.120 0.973 0.934 
0.031 0.989 0.136 0.983 0.934 
0.034 0.989 0.088 0.985 0.925 
