0.348 0.851 0.220 0.912 0.978 
0.219 0.907 0.164 0.927 0.913 
0.190 0.927 0.152 0.943 1.000 
0.152 0.948 0.100 0.965 0.984 
0.163 0.946 0.111 0.970 1.000 
0.139 0.951 0.126 0.978 1.000 
0.114 0.961 0.107 0.988 1.000 
0.123 0.961 0.097 0.963 1.000 
0.099 0.964 0.062 0.985 1.000 
0.117 0.966 0.108 0.963 0.990 
0.105 0.963 0.077 0.983 1.000 
0.092 0.969 0.060 0.988 1.000 
0.091 0.971 0.122 0.955 0.997 
0.078 0.974 0.077 0.988 1.000 
0.090 0.972 0.052 0.988 1.000 
0.088 0.971 0.079 0.975 1.000 
0.090 0.972 0.103 0.978 1.000 
0.083 0.973 0.072 0.980 0.949 
0.086 0.968 0.084 0.978 1.000 
0.077 0.976 0.050 0.990 0.994 
0.066 0.979 0.107 0.953 0.830 
0.074 0.974 0.062 0.980 1.000 
0.083 0.973 0.069 0.980 0.997 
0.082 0.978 0.067 0.993 1.000 
0.064 0.981 0.063 0.988 1.000 
0.063 0.981 0.054 0.990 1.000 
0.060 0.981 0.052 0.988 0.984 
0.064 0.978 0.053 0.990 1.000 
0.065 0.976 0.072 0.980 1.000 
0.062 0.982 0.069 0.990 1.000 
0.056 0.985 0.063 0.980 0.997 
0.074 0.976 0.070 0.983 1.000 
0.066 0.980 0.076 0.983 1.000 
0.054 0.983 0.152 0.927 0.926 
0.056 0.981 0.056 0.985 0.997 
0.052 0.985 0.072 0.983 1.000 
0.062 0.982 0.110 0.953 1.000 
0.061 0.980 0.073 0.983 1.000 
0.054 0.985 0.060 0.988 0.888 
0.054 0.983 0.067 0.983 0.926 
0.054 0.983 0.053 0.985 0.981 
0.066 0.981 0.083 0.968 1.000 
0.061 0.984 0.061 0.990 0.987 
0.050 0.985 0.065 0.983 0.984 
0.055 0.983 0.062 0.990 0.990 
0.057 0.982 0.064 0.980 1.000 
0.062 0.981 0.064 0.983 0.978 
0.044 0.988 0.048 0.990 0.997 
0.051 0.985 0.088 0.968 1.000 
0.046 0.988 0.058 0.990 0.846 
0.045 0.986 0.048 0.990 0.926 
0.054 0.987 0.050 0.990 0.788 
0.053 0.985 0.045 0.993 1.000 
0.048 0.988 0.046 0.993 1.000 
0.054 0.986 0.056 0.988 0.997 
0.050 0.984 0.057 0.988 1.000 
0.051 0.985 0.049 0.988 0.997 
0.047 0.985 0.048 0.988 0.295 
0.041 0.989 0.064 0.983 0.949 
0.039 0.989 0.103 0.958 1.000 
0.046 0.986 0.058 0.983 0.987 
0.053 0.982 0.064 0.985 0.853 
0.041 0.987 0.047 0.990 0.994 
0.047 0.987 0.063 0.983 1.000 
0.050 0.986 0.053 0.988 0.942 
0.060 0.982 0.051 0.990 1.000 
0.049 0.985 0.051 0.990 1.000 
0.050 0.987 0.075 0.980 0.885 
0.041 0.988 0.045 0.995 0.994 
0.044 0.989 0.146 0.935 0.997 
0.048 0.985 0.057 0.980 0.990 
0.046 0.986 0.048 0.990 1.000 
0.037 0.991 0.047 0.990 1.000 
0.036 0.990 0.039 0.993 1.000 
0.036 0.991 0.050 0.990 1.000 
0.037 0.991 0.042 0.988 0.997 
0.042 0.988 0.044 0.993 1.000 
0.045 0.987 0.070 0.980 0.994 
0.032 0.989 0.043 0.993 1.000 
0.050 0.986 0.061 0.985 1.000 
0.039 0.987 0.066 0.980 0.997 
0.037 0.988 0.046 0.990 0.990 
0.035 0.989 0.044 0.988 0.817 
0.049 0.987 0.048 0.988 1.000 
0.049 0.986 0.044 0.988 0.997 
0.036 0.988 0.056 0.993 0.987 
0.033 0.991 0.052 0.993 1.000 
0.033 0.989 0.039 0.995 1.000 
0.034 0.992 0.040 0.990 1.000 
0.045 0.987 0.049 0.988 1.000 
0.046 0.986 0.045 0.990 1.000 
0.036 0.988 0.042 0.993 1.000 
0.038 0.988 0.048 0.988 1.000 
0.044 0.987 0.046 0.985 1.000 
0.041 0.990 0.036 0.993 1.000 
0.040 0.988 0.052 0.983 1.000 
0.039 0.990 0.045 0.990 1.000 
0.040 0.989 0.054 0.988 0.994 
0.038 0.988 0.033 0.993 1.000 
0.037 0.988 0.051 0.990 1.000 
0.038 0.990 0.043 0.990 1.000 
0.035 0.990 0.046 0.990 0.997 
0.020 0.996 0.042 0.990 1.000 
0.024 0.994 0.051 0.988 1.000 
0.048 0.985 0.043 0.990 0.990 
0.056 0.985 0.075 0.978 0.936 
0.034 0.991 0.037 0.990 1.000 
0.044 0.989 0.042 0.993 1.000 
0.032 0.992 0.054 0.985 1.000 
0.033 0.991 0.056 0.990 1.000 
0.041 0.989 0.042 0.993 1.000 
0.032 0.991 0.043 0.993 0.990 
0.032 0.991 0.050 0.993 1.000 
0.032 0.991 0.056 0.990 0.984 
0.049 0.983 0.095 0.993 0.994 
0.037 0.991 0.041 0.990 0.971 
0.024 0.991 0.054 0.990 0.942 
0.034 0.993 0.051 0.988 0.984 
0.038 0.986 0.091 0.973 1.000 
0.041 0.990 0.046 0.990 0.997 
0.034 0.991 0.071 0.975 0.990 
0.031 0.992 0.058 0.988 1.000 
0.037 0.989 0.036 0.990 0.997 
0.032 0.987 0.042 0.990 0.997 
0.030 0.992 0.040 0.995 1.000 
0.035 0.991 0.047 0.990 1.000 
0.029 0.992 0.036 0.993 1.000 
0.037 0.991 0.063 0.985 1.000 
0.033 0.990 0.060 0.985 1.000 
0.027 0.993 0.039 0.995 0.997 
0.055 0.983 0.047 0.990 1.000 
0.033 0.991 0.051 0.988 0.997 
0.029 0.994 0.049 0.995 1.000 
0.031 0.989 0.049 0.990 0.654 
0.031 0.990 0.039 0.990 0.987 
0.040 0.987 0.053 0.993 1.000 
0.029 0.991 0.047 0.993 1.000 
0.058 0.986 0.053 0.995 0.939 
0.036 0.990 0.059 0.985 1.000 
0.027 0.993 0.039 0.990 1.000 
0.042 0.986 0.054 0.990 0.997 
0.031 0.991 0.042 0.993 1.000 
0.057 0.982 0.047 0.990 1.000 
0.038 0.989 0.055 0.990 0.990 
0.030 0.992 0.048 0.993 0.997 
0.033 0.990 0.063 0.985 0.994 
0.025 0.994 0.040 0.993 0.997 
0.028 0.992 0.088 0.983 0.997 
0.035 0.990 0.068 0.993 1.000 
0.028 0.992 0.056 0.988 1.000 
0.037 0.990 0.049 0.993 1.000 
0.022 0.994 0.042 0.990 0.994 
0.026 0.992 0.079 0.975 1.000 
0.042 0.989 0.040 0.990 1.000 
0.031 0.994 0.049 0.990 1.000 
0.032 0.993 0.064 0.985 1.000 
0.021 0.994 0.042 0.990 0.997 
0.035 0.989 0.057 0.993 1.000 
0.025 0.992 0.039 0.990 1.000 
0.030 0.989 0.056 0.988 1.000 
0.028 0.993 0.051 0.990 1.000 
0.023 0.992 0.047 0.990 1.000 
0.030 0.992 0.047 0.993 1.000 
0.020 0.993 0.028 0.993 0.958 
0.038 0.988 0.050 0.988 0.997 
0.028 0.993 0.048 0.990 0.987 
0.030 0.992 0.041 0.990 0.997 
0.028 0.992 0.039 0.990 1.000 
0.020 0.994 0.057 0.988 1.000 
0.031 0.989 0.056 0.985 1.000 
0.028 0.994 0.040 0.990 1.000 
0.023 0.992 0.038 0.990 1.000 
0.024 0.993 0.084 0.983 1.000 
0.032 0.992 0.043 0.990 1.000 
0.033 0.989 0.062 0.988 0.987 
0.027 0.991 0.051 0.988 1.000 
0.026 0.991 0.056 0.990 1.000 
0.025 0.993 0.039 0.993 1.000 
0.038 0.988 0.043 0.993 1.000 
0.025 0.993 0.040 0.990 1.000 
0.025 0.994 0.042 0.993 1.000 
0.026 0.993 0.042 0.990 1.000 
0.023 0.994 0.037 0.990 1.000 
0.027 0.993 0.061 0.988 1.000 
0.035 0.991 0.056 0.993 1.000 
0.051 0.991 0.049 0.988 1.000 
0.031 0.993 0.062 0.983 0.997 
0.033 0.991 0.059 0.990 1.000 
0.026 0.993 0.039 0.990 1.000 
0.033 0.991 0.048 0.990 1.000 
0.026 0.994 0.042 0.990 1.000 
0.042 0.989 0.055 0.990 0.962 
0.024 0.994 0.039 0.990 1.000 
0.031 0.991 0.064 0.990 1.000 
0.025 0.992 0.052 0.990 1.000 
0.025 0.990 0.047 0.993 1.000 
0.028 0.991 0.046 0.993 1.000 
0.029 0.993 0.041 0.990 1.000 
0.024 0.993 0.040 0.995 1.000 
0.026 0.991 0.040 0.990 1.000 
0.026 0.993 0.042 0.990 1.000 
0.024 0.994 0.035 0.993 0.987 
0.021 0.994 0.045 0.990 1.000 
0.023 0.996 0.034 0.993 1.000 
0.026 0.991 0.050 0.988 1.000 
0.037 0.990 0.037 0.995 1.000 
0.019 0.995 0.049 0.990 1.000 
0.036 0.988 0.063 0.988 1.000 
0.020 0.995 0.048 0.990 0.981 
0.030 0.991 0.045 0.993 1.000 
0.032 0.993 0.036 0.993 1.000 
0.028 0.991 0.038 0.993 1.000 
0.028 0.990 0.036 0.993 1.000 
0.015 0.997 0.046 0.990 0.997 
0.023 0.994 0.035 0.990 0.994 
0.032 0.988 0.049 0.990 0.997 
0.025 0.993 0.051 0.990 1.000 
0.033 0.992 0.047 0.990 1.000 
0.018 0.992 0.040 0.990 1.000 
0.020 0.994 0.058 0.988 1.000 
0.022 0.995 0.048 0.990 1.000 
0.021 0.989 0.044 0.995 1.000 
0.030 0.991 0.034 0.993 1.000 
0.040 0.989 0.050 0.993 1.000 
0.032 0.992 0.034 0.993 1.000 
0.021 0.994 0.038 0.993 1.000 
0.029 0.994 0.030 0.995 1.000 
0.021 0.995 0.041 0.990 1.000 
0.029 0.994 0.047 0.993 1.000 
0.022 0.992 0.033 0.993 1.000 
0.020 0.994 0.036 0.990 1.000 
0.019 0.994 0.030 0.993 1.000 
0.025 0.994 0.031 0.993 1.000 
0.033 0.991 0.030 0.995 1.000 
0.021 0.993 0.042 0.993 0.994 
0.027 0.993 0.069 0.990 1.000 
0.031 0.987 0.039 0.993 1.000 
0.016 0.995 0.039 0.993 1.000 
0.039 0.988 0.074 0.993 0.984 
0.029 0.989 0.044 0.990 1.000 
0.016 0.996 0.066 0.988 1.000 
0.024 0.994 0.039 0.993 1.000 
0.021 0.993 0.049 0.988 0.990 
0.022 0.994 0.040 0.993 1.000 
0.024 0.993 0.046 0.993 1.000 
0.042 0.987 0.038 0.993 1.000 
0.022 0.994 0.043 0.993 1.000 
0.015 0.996 0.032 0.993 1.000 
0.021 0.993 0.050 0.993 1.000 
0.024 0.994 0.046 0.988 1.000 
0.014 0.997 0.038 0.990 1.000 
0.029 0.992 0.071 0.975 1.000 
0.029 0.992 0.040 0.993 0.907 
0.025 0.994 0.051 0.988 1.000 
0.017 0.995 0.050 0.993 1.000 
0.026 0.992 0.039 0.990 1.000 
0.031 0.990 0.045 0.995 1.000 
0.027 0.993 0.049 0.988 1.000 
0.025 0.991 0.042 0.993 0.984 
0.024 0.994 0.056 0.985 0.997 
0.016 0.996 0.043 0.990 0.987 
0.018 0.994 0.066 0.995 1.000 
0.033 0.993 0.043 0.993 0.974 
0.024 0.996 0.048 0.988 0.997 
0.016 0.996 0.042 0.993 1.000 
0.019 0.994 0.049 0.990 1.000 
0.025 0.993 0.045 0.990 1.000 
0.026 0.994 0.040 0.990 1.000 
0.040 0.990 0.039 0.993 0.994 
0.028 0.993 0.039 0.993 1.000 
0.025 0.994 0.045 0.993 0.997 
0.025 0.995 0.028 0.995 1.000 
0.031 0.992 0.051 0.990 1.000 
0.043 0.986 0.041 0.990 0.997 
0.020 0.994 0.043 0.990 0.987 
0.021 0.994 0.035 0.993 1.000 
0.017 0.996 0.038 0.993 0.997 
0.021 0.995 0.042 0.990 0.994 
0.028 0.993 0.048 0.988 0.994 
0.019 0.993 0.051 0.988 0.997 
0.030 0.990 0.041 0.990 0.987 
0.019 0.995 0.060 0.993 0.997 
0.024 0.993 0.046 0.993 1.000 
0.030 0.991 0.036 0.993 1.000 
0.025 0.992 0.039 0.993 0.990 
0.033 0.990 0.050 0.990 0.968 
0.026 0.992 0.049 0.993 0.981 
0.023 0.995 0.039 0.993 1.000 
0.028 0.991 0.048 0.993 1.000 
0.021 0.990 0.059 0.988 0.994 
0.025 0.993 0.060 0.990 1.000 
0.030 0.993 0.050 0.990 1.000 
0.017 0.994 0.041 0.993 1.000 
0.027 0.991 0.041 0.993 1.000 
0.024 0.993 0.046 0.993 1.000 
0.025 0.994 0.037 0.993 1.000 
0.020 0.995 0.037 0.993 0.997 
0.023 0.995 0.044 0.993 0.987 
0.024 0.993 0.043 0.993 1.000 
0.021 0.990 0.039 0.993 0.997 
0.019 0.994 0.042 0.993 1.000 
0.025 0.992 0.097 0.988 0.997 
0.023 0.993 0.039 0.993 1.000 
0.037 0.995 0.043 0.993 1.000 
0.021 0.994 0.040 0.993 1.000 
0.016 0.998 0.037 0.990 1.000 
0.017 0.996 0.048 0.988 1.000 
0.031 0.992 0.084 0.980 1.000 
0.023 0.994 0.042 0.993 1.000 
0.025 0.993 0.048 0.993 1.000 
0.036 0.988 0.047 0.993 1.000 
0.029 0.992 0.045 0.993 1.000 
0.021 0.993 0.048 0.993 1.000 
0.020 0.995 0.036 0.990 1.000 
0.024 0.993 0.045 0.988 1.000 
0.031 0.991 0.037 0.993 1.000 
0.015 0.995 0.047 0.993 1.000 
0.016 0.996 0.041 0.993 0.997 
0.024 0.992 0.043 0.993 1.000 
0.026 0.993 0.100 0.988 0.997 
0.027 0.995 0.043 0.995 1.000 
0.021 0.994 0.036 0.993 1.000 
0.014 0.996 0.036 0.993 1.000 
0.024 0.992 0.038 0.993 1.000 
0.027 0.992 0.040 0.990 1.000 
0.022 0.992 0.040 0.990 1.000 
0.015 0.995 0.030 0.995 1.000 
0.010 0.996 0.036 0.993 1.000 
0.021 0.992 0.039 0.993 1.000 
0.014 0.996 0.043 0.993 1.000 
0.027 0.990 0.055 0.990 0.997 
0.034 0.990 0.038 0.993 1.000 
0.029 0.993 0.055 0.980 1.000 
0.020 0.994 0.040 0.993 1.000 
0.024 0.994 0.059 0.980 1.000 
0.017 0.994 0.037 0.990 0.984 
0.030 0.993 0.031 0.993 1.000 
0.021 0.993 0.034 0.993 1.000 
0.020 0.994 0.038 0.993 1.000 
0.031 0.993 0.044 0.990 1.000 
0.017 0.995 0.039 0.993 1.000 
0.030 0.992 0.047 0.990 1.000 
0.019 0.994 0.056 0.985 1.000 
0.029 0.993 0.045 0.990 0.949 
0.018 0.994 0.044 0.993 1.000 
0.023 0.994 0.043 0.993 1.000 
0.011 0.996 0.047 0.993 0.994 
0.018 0.993 0.065 0.988 1.000 
0.017 0.993 0.040 0.993 1.000 
0.025 0.994 0.082 0.973 1.000 
0.021 0.995 0.064 0.980 1.000 
0.012 0.996 0.045 0.993 1.000 
0.016 0.995 0.061 0.988 1.000 
0.028 0.994 0.035 0.993 1.000 
0.027 0.992 0.045 0.988 0.997 
0.023 0.994 0.044 0.990 1.000 
0.012 0.997 0.081 0.970 0.994 
0.027 0.992 0.074 0.975 1.000 
0.021 0.994 0.082 0.983 1.000 
0.026 0.993 0.041 0.993 1.000 
0.035 0.993 0.095 0.960 1.000 
0.015 0.995 0.052 0.988 1.000 
0.022 0.994 0.052 0.988 1.000 
0.025 0.995 0.051 0.990 1.000 
0.018 0.994 0.040 0.993 1.000 
0.020 0.994 0.045 0.993 1.000 
0.022 0.993 0.045 0.993 1.000 
0.023 0.994 0.043 0.995 1.000 
0.022 0.995 0.073 0.990 1.000 
0.023 0.994 0.056 0.990 1.000 
0.027 0.993 0.056 0.993 1.000 
0.025 0.995 0.046 0.993 1.000 
0.015 0.996 0.079 0.988 0.962 
0.025 0.991 0.040 0.993 1.000 
0.053 0.990 0.040 0.990 0.968 
0.021 0.994 0.030 0.993 1.000 
0.019 0.995 0.037 0.993 1.000 
0.029 0.992 0.035 0.993 0.997 
0.018 0.995 0.040 0.993 1.000 
0.025 0.995 0.046 0.993 1.000 
0.015 0.995 0.055 0.985 1.000 
0.017 0.995 0.044 0.988 0.997 
0.026 0.992 0.043 0.993 1.000 
0.023 0.995 0.060 0.983 1.000 
0.023 0.994 0.058 0.983 0.997 
0.018 0.995 0.044 0.990 1.000 
0.029 0.992 0.043 0.995 1.000 
0.015 0.994 0.036 0.993 1.000 
0.018 0.996 0.045 0.993 1.000 
0.020 0.993 0.036 0.995 1.000 
0.022 0.994 0.044 0.995 1.000 
0.014 0.994 0.051 0.993 1.000 
0.031 0.993 0.050 0.990 1.000 
0.033 0.993 0.087 0.970 0.984 
0.011 0.995 0.046 0.993 1.000 
0.025 0.991 0.063 0.985 1.000 
0.019 0.994 0.046 0.993 1.000 
0.023 0.994 0.040 0.993 1.000 
0.015 0.996 0.055 0.993 1.000 
0.017 0.995 0.042 0.990 1.000 
0.022 0.993 0.049 0.993 1.000 
0.025 0.995 0.042 0.993 1.000 
0.017 0.994 0.045 0.990 1.000 
0.025 0.996 0.043 0.993 0.997 
0.021 0.995 0.039 0.990 1.000 
0.024 0.994 0.041 0.993 1.000 
0.019 0.996 0.103 0.993 1.000 
0.023 0.991 0.036 0.993 0.997 
0.016 0.994 0.049 0.993 0.968 
0.020 0.996 0.040 0.993 1.000 
0.017 0.994 0.062 0.990 1.000 
0.017 0.994 0.050 0.993 1.000 
0.018 0.994 0.044 0.988 0.885 
0.018 0.994 0.038 0.993 1.000 
0.018 0.993 0.051 0.990 1.000 
0.022 0.993 0.037 0.993 1.000 
0.022 0.994 0.034 0.993 0.984 
0.009 0.998 0.052 0.988 1.000 
0.023 0.994 0.048 0.990 0.952 
0.030 0.993 0.047 0.988 1.000 
0.022 0.995 0.038 0.993 0.962 
0.017 0.994 0.051 0.990 0.981 
0.019 0.992 0.049 0.993 0.997 
0.017 0.994 0.072 0.990 1.000 
0.018 0.995 0.051 0.985 0.997 
0.017 0.996 0.039 0.993 1.000 
0.016 0.995 0.060 0.990 0.997 
0.027 0.992 0.090 0.983 0.933 
0.013 0.995 0.039 0.993 1.000 
0.028 0.993 0.043 0.993 1.000 
0.019 0.993 0.056 0.990 1.000 
0.019 0.994 0.040 0.990 1.000 
0.018 0.994 0.043 0.993 1.000 
0.024 0.994 0.067 0.985 0.981 
0.035 0.991 0.036 0.993 1.000 
0.013 0.996 0.053 0.993 1.000 
0.017 0.994 0.039 0.993 1.000 
0.018 0.993 0.054 0.993 0.997 
0.019 0.995 0.064 0.993 1.000 
0.023 0.992 0.056 0.993 1.000 
0.020 0.993 0.196 0.988 0.997 
0.037 0.991 0.034 0.990 1.000 
0.024 0.994 0.042 0.993 1.000 
0.013 0.997 0.089 0.993 1.000 
0.029 0.993 0.034 0.993 1.000 
0.023 0.992 0.046 0.993 1.000 
0.012 0.996 0.079 0.985 0.997 
0.016 0.994 0.072 0.985 0.997 
0.024 0.993 0.054 0.985 0.987 
0.021 0.996 0.037 0.993 1.000 
0.022 0.993 0.044 0.988 0.994 
0.012 0.996 0.050 0.990 0.994 
0.019 0.994 0.094 0.980 0.981 
0.021 0.993 0.045 0.988 0.997 
0.011 0.996 0.039 0.990 0.997 
0.017 0.994 0.040 0.993 1.000 
0.019 0.992 0.099 0.978 1.000 
0.022 0.994 0.056 0.983 1.000 
0.024 0.995 0.034 0.993 1.000 
0.018 0.995 0.046 0.990 0.997 
0.023 0.995 0.084 0.985 0.990 
0.016 0.994 0.041 0.993 1.000 
0.016 0.995 0.046 0.993 1.000 
0.036 0.992 0.053 0.993 1.000 
0.026 0.991 0.058 0.993 0.997 
0.019 0.993 0.063 0.990 1.000 
0.011 0.995 0.048 0.993 1.000 
0.026 0.994 0.039 0.993 1.000 
0.015 0.994 0.038 0.995 1.000 
0.019 0.996 0.046 0.993 0.997 
0.026 0.994 0.044 0.990 1.000 
0.020 0.995 0.060 0.995 1.000 
0.023 0.993 0.042 0.990 1.000 
0.029 0.992 0.043 0.990 0.936 
0.013 0.995 0.037 0.993 1.000 
0.016 0.993 0.038 0.993 1.000 
0.019 0.994 0.044 0.990 1.000 
0.009 0.996 0.104 0.988 1.000 
0.024 0.995 0.041 0.993 1.000 
0.012 0.997 0.035 0.993 1.000 
0.016 0.995 0.034 0.993 0.997 
0.014 0.995 0.035 0.993 1.000 
0.020 0.994 0.043 0.995 1.000 
0.027 0.992 0.057 0.980 1.000 
0.014 0.995 0.045 0.993 0.958 
0.024 0.995 0.047 0.990 1.000 
0.023 0.992 0.062 0.985 1.000 
0.011 0.994 0.064 0.993 1.000 
0.026 0.994 0.058 0.993 0.974 
0.022 0.995 0.056 0.990 0.984 
0.034 0.993 0.036 0.993 1.000 
0.014 0.996 0.044 0.993 1.000 
0.019 0.995 0.035 0.993 1.000 
0.019 0.992 0.043 0.993 1.000 
0.017 0.992 0.036 0.993 1.000 
0.029 0.995 0.058 0.980 1.000 
0.029 0.994 0.055 0.985 0.997 
0.013 0.995 0.039 0.993 1.000 
0.012 0.995 0.052 0.993 1.000 
0.027 0.996 0.039 0.993 1.000 
0.018 0.994 0.044 0.993 1.000 
0.018 0.997 0.040 0.990 1.000 
0.024 0.994 0.103 0.983 0.994 
0.013 0.996 0.053 0.993 1.000 
0.012 0.997 0.037 0.995 0.942 
0.017 0.995 0.051 0.990 0.997 
0.024 0.992 0.033 0.993 1.000 
0.012 0.995 0.029 0.995 1.000 
0.027 0.993 0.031 0.995 1.000 
0.019 0.993 0.039 0.993 1.000 
0.030 0.994 0.037 0.993 0.994 
0.014 0.995 0.137 0.948 0.990 
0.019 0.996 0.038 0.990 1.000 
0.016 0.995 0.036 0.993 0.997 
0.019 0.996 0.054 0.985 0.994 
0.016 0.997 0.037 0.990 0.997 
0.019 0.994 0.034 0.990 1.000 
0.010 0.997 0.051 0.985 1.000 
0.030 0.995 0.037 0.990 0.897 
0.026 0.993 0.040 0.990 1.000 
0.014 0.994 0.035 0.993 1.000 
0.016 0.993 0.046 0.993 0.997 
0.014 0.996 0.054 0.993 1.000 
0.028 0.992 0.064 0.990 0.997 
0.016 0.995 0.050 0.985 0.997 
0.027 0.993 0.037 0.990 0.997 
0.012 0.996 0.043 0.990 1.000 
0.019 0.994 0.038 0.993 1.000 
0.013 0.998 0.052 0.985 1.000 
0.018 0.995 0.028 0.993 1.000 
0.019 0.994 0.034 0.993 1.000 
0.025 0.992 0.035 0.993 0.971 
0.017 0.996 0.034 0.993 1.000 
0.016 0.996 0.034 0.993 1.000 
0.018 0.994 0.092 0.975 0.990 
0.033 0.994 0.034 0.995 1.000 
0.012 0.997 0.033 0.993 0.978 
0.017 0.995 0.030 0.995 1.000 
0.025 0.993 0.028 0.995 1.000 
0.025 0.994 0.035 0.993 1.000 
0.025 0.994 0.035 0.993 1.000 
0.025 0.994 0.040 0.993 1.000 
0.016 0.997 0.037 0.993 1.000 
0.015 0.996 0.054 0.985 1.000 
0.020 0.996 0.036 0.993 1.000 
0.012 0.997 0.045 0.988 1.000 
0.017 0.996 0.047 0.985 1.000 
0.017 0.994 0.041 0.990 1.000 
0.018 0.995 0.046 0.990 0.997 
0.032 0.992 0.038 0.990 1.000 
0.018 0.993 0.041 0.993 1.000 
0.013 0.996 0.118 0.985 0.997 
0.028 0.994 0.059 0.988 1.000 
0.016 0.995 0.057 0.985 1.000 
0.012 0.994 0.059 0.993 1.000 
0.025 0.994 0.039 0.993 1.000 
0.017 0.995 0.032 0.995 1.000 
0.022 0.993 0.031 0.993 0.984 
0.023 0.995 0.035 0.993 1.000 
0.027 0.994 0.034 0.993 1.000 
0.018 0.993 0.051 0.990 1.000 
0.021 0.996 0.038 0.993 0.978 
0.022 0.994 0.032 0.993 1.000 
0.054 0.991 0.044 0.990 1.000 
0.021 0.994 0.036 0.993 1.000 
0.036 0.989 0.050 0.983 1.000 
0.017 0.996 0.032 0.993 1.000 
0.013 0.997 0.036 0.993 1.000 
0.017 0.995 0.044 0.988 1.000 
0.010 0.997 0.032 0.993 1.000 
0.027 0.994 0.041 0.993 1.000 
0.022 0.995 0.046 0.985 1.000 
0.019 0.994 0.034 0.993 1.000 
0.043 0.991 0.090 0.963 1.000 
0.017 0.995 0.033 0.993 1.000 
0.010 0.996 0.032 0.993 1.000 
0.018 0.994 0.036 0.993 1.000 
0.015 0.996 0.053 0.988 1.000 
0.011 0.996 0.032 0.993 1.000 
0.013 0.996 0.036 0.993 1.000 
0.011 0.997 0.037 0.993 1.000 
0.026 0.995 0.038 0.990 1.000 
0.015 0.995 0.037 0.993 1.000 
0.016 0.994 0.035 0.993 1.000 
0.018 0.994 0.048 0.985 0.942 
0.017 0.995 0.036 0.993 0.994 
0.022 0.994 0.043 0.988 1.000 
0.020 0.993 0.036 0.993 1.000 
0.016 0.995 0.046 0.990 0.968 
0.009 0.996 0.073 0.990 0.933 
0.022 0.995 0.054 0.988 0.997 
0.030 0.995 0.042 0.988 1.000 
0.012 0.997 0.036 0.998 1.000 
0.026 0.993 0.037 0.993 1.000 
0.028 0.994 0.022 0.995 1.000 
0.022 0.994 0.035 0.990 1.000 
0.019 0.997 0.064 0.983 0.962 
0.018 0.994 0.045 0.988 1.000 
0.028 0.993 0.033 0.993 1.000 
0.020 0.995 0.028 0.993 0.974 
0.019 0.993 0.030 0.993 1.000 
0.009 0.997 0.038 0.993 1.000 
0.026 0.994 0.036 0.993 1.000 
0.012 0.996 0.044 0.990 1.000 
0.014 0.996 0.043 0.988 1.000 
0.012 0.997 0.070 0.988 0.994 
0.020 0.994 0.052 0.988 0.997 
0.020 0.994 0.036 0.993 1.000 
0.017 0.994 0.045 0.988 1.000 
0.016 0.994 0.038 0.993 1.000 
0.033 0.991 0.047 0.988 1.000 
0.024 0.993 0.037 0.990 1.000 
0.009 0.997 0.043 0.993 1.000 
0.027 0.994 0.065 0.988 0.984 
0.039 0.997 0.047 0.988 1.000 
0.017 0.993 0.034 0.993 1.000 
0.017 0.996 0.049 0.988 1.000 
0.024 0.992 0.046 0.985 1.000 
0.011 0.996 0.037 0.993 1.000 
0.024 0.993 0.034 0.993 0.997 
0.025 0.994 0.041 0.993 1.000 
0.019 0.994 0.058 0.983 1.000 
0.010 0.997 0.036 0.993 1.000 
0.023 0.992 0.053 0.988 1.000 
0.020 0.995 0.034 0.993 1.000 
0.025 0.990 0.041 0.993 1.000 
0.025 0.995 0.035 0.993 1.000 
0.016 0.994 0.041 0.993 1.000 
0.016 0.996 0.035 0.993 1.000 
0.016 0.996 0.042 0.993 1.000 
0.017 0.996 0.046 0.993 1.000 
0.020 0.994 0.031 0.993 1.000 
0.018 0.995 0.049 0.988 1.000 
0.023 0.993 0.064 0.988 1.000 
0.019 0.996 0.035 0.993 1.000 
0.015 0.995 0.067 0.988 1.000 
0.010 0.997 0.056 0.988 1.000 
0.020 0.995 0.035 0.993 1.000 
0.018 0.994 0.035 0.993 1.000 
0.016 0.997 0.040 0.993 1.000 
0.015 0.996 0.042 0.993 1.000 
0.022 0.994 0.035 0.993 1.000 
0.020 0.994 0.042 0.988 1.000 
0.011 0.996 0.041 0.990 1.000 
0.013 0.996 0.031 0.993 1.000 
0.016 0.994 0.048 0.993 1.000 
0.012 0.996 0.065 0.985 1.000 
0.013 0.995 0.034 0.995 1.000 
0.025 0.994 0.044 0.985 0.997 
0.013 0.997 0.064 0.985 1.000 
0.015 0.995 0.045 0.993 1.000 
0.018 0.995 0.045 0.990 1.000 
0.014 0.996 0.029 0.993 1.000 
0.024 0.993 0.040 0.993 0.994 
0.008 0.996 0.141 0.990 0.997 
0.024 0.996 0.046 0.990 0.997 
0.012 0.997 0.040 0.993 1.000 
0.014 0.996 0.038 0.993 1.000 
0.022 0.994 0.036 0.993 1.000 
0.015 0.996 0.042 0.993 1.000 
0.030 0.991 0.051 0.993 1.000 
0.034 0.990 0.050 0.990 1.000 
0.009 0.997 0.032 0.993 1.000 
0.024 0.994 0.035 0.993 1.000 
0.012 0.995 0.039 0.993 1.000 
0.015 0.996 0.045 0.990 1.000 
0.013 0.995 0.038 0.993 1.000 
0.018 0.996 0.057 0.988 0.994 
0.016 0.996 0.032 0.993 1.000 
0.026 0.992 0.046 0.985 0.958 
0.018 0.994 0.043 0.993 1.000 
0.011 0.997 0.053 0.990 1.000 
0.019 0.995 0.041 0.993 1.000 
0.014 0.994 0.035 0.993 1.000 
0.023 0.991 0.043 0.990 1.000 
0.010 0.998 0.065 0.993 1.000 
0.031 0.989 0.039 0.993 1.000 
0.006 0.998 0.036 0.995 1.000 
0.020 0.995 0.051 0.990 1.000 
0.016 0.995 0.045 0.990 0.997 
0.013 0.995 0.049 0.988 0.990 
0.018 0.995 0.037 0.993 0.997 
0.018 0.997 0.046 0.990 1.000 
0.016 0.995 0.032 0.993 1.000 
0.023 0.994 0.033 0.993 1.000 
0.031 0.992 0.044 0.990 0.997 
0.016 0.997 0.037 0.995 1.000 
0.014 0.996 0.037 0.993 1.000 
0.022 0.992 0.037 0.993 0.997 
0.014 0.996 0.045 0.990 1.000 
0.009 0.998 0.033 0.993 1.000 
0.026 0.993 0.072 0.990 1.000 
0.025 0.994 0.032 0.995 1.000 
0.009 0.996 0.031 0.995 1.000 
0.015 0.996 0.038 0.993 1.000 
0.017 0.993 0.054 0.988 1.000 
0.012 0.996 0.092 0.988 1.000 
0.028 0.993 0.036 0.993 0.997 
0.012 0.997 0.032 0.993 1.000 
0.025 0.995 0.051 0.993 1.000 
0.016 0.995 0.054 0.990 0.994 
0.017 0.994 0.047 0.990 1.000 
0.020 0.994 0.042 0.993 1.000 
0.009 0.998 0.064 0.983 1.000 
0.020 0.992 0.042 0.993 1.000 
0.008 0.997 0.090 0.990 1.000 
0.015 0.997 0.042 0.995 1.000 
0.021 0.994 0.032 0.993 1.000 
0.018 0.996 0.049 0.993 1.000 
0.017 0.996 0.047 0.990 1.000 
0.017 0.994 0.046 0.993 1.000 
0.010 0.997 0.042 0.990 1.000 
0.022 0.994 0.041 0.993 1.000 
0.007 0.998 0.067 0.990 1.000 
0.017 0.995 0.045 0.993 1.000 
0.027 0.992 0.045 0.990 1.000 
0.008 0.997 0.055 0.990 1.000 
0.028 0.995 0.041 0.993 1.000 
0.014 0.997 0.051 0.990 0.997 
0.014 0.996 0.037 0.995 1.000 
0.020 0.996 0.035 0.993 1.000 
0.035 0.995 0.042 0.990 1.000 
0.016 0.995 0.044 0.993 1.000 
0.010 0.996 0.062 0.990 1.000 
0.010 0.997 0.097 0.988 1.000 
0.020 0.994 0.041 0.990 0.997 
0.013 0.996 0.042 0.990 1.000 
0.020 0.995 0.039 0.993 1.000 
0.025 0.995 0.036 0.993 0.997 
0.015 0.995 0.049 0.993 1.000 
0.031 0.992 0.046 0.993 1.000 
0.011 0.996 0.040 0.993 1.000 
0.026 0.995 0.045 0.990 1.000 
0.012 0.996 0.043 0.993 1.000 
0.009 0.996 0.049 0.993 1.000 
0.046 0.991 0.045 0.993 1.000 
0.020 0.996 0.047 0.990 1.000 
0.024 0.994 0.037 0.993 1.000 
0.015 0.996 0.040 0.990 1.000 
0.009 0.998 0.049 0.993 1.000 
0.012 0.997 0.056 0.990 1.000 
0.030 0.993 0.045 0.990 1.000 
0.013 0.996 0.074 0.993 1.000 
0.015 0.994 0.056 0.995 1.000 
0.031 0.995 0.047 0.990 1.000 
0.015 0.996 0.046 0.993 1.000 
0.013 0.996 0.060 0.990 1.000 
0.013 0.994 0.053 0.990 0.997 
0.015 0.996 0.033 0.993 1.000 
0.016 0.996 0.027 0.995 1.000 
0.020 0.995 0.036 0.993 1.000 
0.016 0.996 0.045 0.990 1.000 
0.014 0.995 0.038 0.993 1.000 
0.015 0.995 0.048 0.990 1.000 
0.015 0.995 0.030 0.998 1.000 
0.012 0.997 0.055 0.993 1.000 
0.012 0.995 0.053 0.993 1.000 
0.015 0.995 0.036 0.993 1.000 
0.032 0.993 0.032 0.993 1.000 
0.013 0.996 0.064 0.990 0.958 
0.017 0.996 0.033 0.993 1.000 
0.016 0.995 0.032 0.993 0.990 
0.016 0.995 0.042 0.990 1.000 
0.014 0.996 0.056 0.993 1.000 
0.038 0.991 0.030 0.995 1.000 
0.018 0.996 0.039 0.990 0.978 
0.024 0.995 0.030 0.995 1.000 
0.019 0.995 0.031 0.995 0.994 
0.016 0.996 0.042 0.990 1.000 
0.012 0.996 0.038 0.993 1.000 
0.017 0.994 0.042 0.988 1.000 
0.023 0.994 0.027 0.998 1.000 
0.013 0.996 0.044 0.993 1.000 
0.026 0.994 0.034 0.993 1.000 
0.020 0.995 0.040 0.990 1.000 
0.019 0.995 0.047 0.988 1.000 
0.015 0.995 0.050 0.990 0.987 
0.018 0.995 0.034 0.995 1.000 
0.014 0.996 0.044 0.990 0.997 
0.029 0.993 0.034 0.993 1.000 
0.016 0.995 0.053 0.990 0.994 
0.015 0.996 0.059 0.988 0.994 
0.018 0.995 0.062 0.993 0.990 
0.011 0.996 0.052 0.993 1.000 
0.012 0.994 0.032 0.995 1.000 
0.019 0.993 0.056 0.985 1.000 
0.010 0.995 0.044 0.993 1.000 
0.013 0.997 0.035 0.995 0.997 
0.017 0.996 0.048 0.995 1.000 
0.013 0.994 0.044 0.993 1.000 
0.010 0.998 0.038 0.990 1.000 
0.005 0.998 0.054 0.993 1.000 
0.020 0.994 0.053 0.993 1.000 
0.018 0.994 0.044 0.990 0.997 
0.015 0.995 0.049 0.995 1.000 
0.010 0.996 0.054 0.993 1.000 
0.038 0.991 0.055 0.985 0.994 
0.015 0.994 0.046 0.993 1.000 
0.010 0.996 0.054 0.993 1.000 
0.012 0.998 0.050 0.990 1.000 
0.004 0.999 0.086 0.993 1.000 
0.021 0.996 0.034 0.995 1.000 
0.017 0.995 0.043 0.993 1.000 
0.011 0.997 0.054 0.993 1.000 
0.016 0.993 0.055 0.990 1.000 
0.037 0.994 0.037 0.990 1.000 
0.021 0.994 0.034 0.990 0.997 
0.014 0.996 0.047 0.990 1.000 
0.015 0.995 0.040 0.990 1.000 
0.017 0.994 0.112 0.975 0.990 
0.016 0.994 0.107 0.990 0.994 
0.009 0.997 0.066 0.980 1.000 
0.011 0.997 0.038 0.990 1.000 
0.022 0.993 0.033 0.993 1.000 
0.032 0.995 0.049 0.990 0.994 
0.016 0.995 0.042 0.990 1.000 
0.006 0.999 0.047 0.993 1.000 
0.012 0.997 0.114 0.985 1.000 
0.031 0.995 0.045 0.995 1.000 
0.025 0.994 0.078 0.993 1.000 
0.017 0.993 0.044 0.993 1.000 
0.020 0.996 0.024 0.995 1.000 
0.017 0.993 0.065 0.993 1.000 
0.009 0.997 0.060 0.993 1.000 
0.016 0.996 0.032 0.995 1.000 
0.021 0.993 0.079 0.973 0.984 
0.013 0.996 0.050 0.990 1.000 
0.013 0.997 0.056 0.993 1.000 
0.050 0.995 0.032 0.993 1.000 
0.025 0.994 0.038 0.993 1.000 
0.019 0.995 0.031 0.993 1.000 
0.007 0.997 0.045 0.995 1.000 
0.013 0.997 0.070 0.990 1.000 
0.021 0.995 0.040 0.990 1.000 
0.011 0.996 0.091 0.990 0.997 
0.008 0.998 0.035 0.995 1.000 
0.020 0.995 0.058 0.988 0.997 
0.013 0.995 0.028 0.995 1.000 
0.015 0.996 0.028 0.995 1.000 
0.042 0.991 0.028 0.995 1.000 
0.005 0.998 0.048 0.993 0.994 
0.013 0.996 0.064 0.988 0.994 
0.012 0.998 0.030 0.995 1.000 
0.022 0.995 0.052 0.983 1.000 
0.012 0.996 0.052 0.990 1.000 
0.014 0.995 0.037 0.993 1.000 
0.018 0.994 0.213 0.983 0.994 
0.018 0.994 0.035 0.995 1.000 
0.013 0.996 0.061 0.995 1.000 
0.012 0.997 0.060 0.993 1.000 
0.015 0.996 0.034 0.993 1.000 
0.023 0.997 0.040 0.993 1.000 
0.012 0.997 0.057 0.990 1.000 
0.007 0.997 0.092 0.988 1.000 
0.013 0.996 0.038 0.993 1.000 
0.013 0.996 0.045 0.990 0.997 
0.013 0.996 0.058 0.993 1.000 
0.018 0.995 0.082 0.980 0.994 
0.017 0.996 0.031 0.993 1.000 
0.015 0.997 0.030 0.993 1.000 
0.012 0.996 0.031 0.995 1.000 
0.016 0.994 0.042 0.993 1.000 
0.029 0.994 0.037 0.990 1.000 
0.019 0.994 0.036 0.993 1.000 
0.014 0.997 0.047 0.993 0.997 
0.015 0.995 0.057 0.993 1.000 
0.015 0.997 0.053 0.993 0.997 
0.026 0.993 0.033 0.993 1.000 
0.013 0.996 0.041 0.995 1.000 
0.030 0.993 0.042 0.993 1.000 
0.011 0.997 0.053 0.993 1.000 
0.012 0.997 0.043 0.993 1.000 
0.027 0.994 0.038 0.988 1.000 
0.016 0.995 0.096 0.980 0.990 
0.017 0.996 0.039 0.990 1.000 
0.017 0.996 0.046 0.988 1.000 
0.021 0.995 0.047 0.988 1.000 
0.018 0.996 0.042 0.990 1.000 
0.025 0.995 0.034 0.993 1.000 
0.013 0.996 0.042 0.993 1.000 
0.013 0.996 0.033 0.993 1.000 
0.013 0.995 0.032 0.993 1.000 
0.012 0.995 0.052 0.993 0.997 
0.010 0.996 0.051 0.990 0.994 
0.007 0.998 0.032 0.995 1.000 
0.022 0.995 0.062 0.988 0.997 
0.024 0.994 0.032 0.993 0.997 
0.017 0.994 0.027 0.993 1.000 
0.012 0.994 0.042 0.993 1.000 
0.011 0.998 0.032 0.993 1.000 
0.030 0.995 0.047 0.988 0.994 
0.017 0.997 0.034 0.993 1.000 
0.016 0.996 0.055 0.980 1.000 
0.013 0.995 0.036 0.993 1.000 
0.011 0.997 0.024 0.995 1.000 
0.019 0.993 0.041 0.993 1.000 
0.012 0.995 0.050 0.990 1.000 
0.013 0.996 0.025 0.995 1.000 
0.020 0.994 0.041 0.990 1.000 
0.012 0.996 0.055 0.988 1.000 
0.020 0.994 0.045 0.993 0.994 
0.015 0.994 0.036 0.995 1.000 
0.015 0.997 0.035 0.995 1.000 
0.032 0.995 0.047 0.995 1.000 
0.015 0.997 0.039 0.995 1.000 
0.027 0.991 0.038 0.993 1.000 
0.008 0.997 0.043 0.995 1.000 
0.017 0.995 0.074 0.983 1.000 
0.009 0.997 0.062 0.988 1.000 
0.016 0.994 0.042 0.993 1.000 
0.009 0.997 0.038 0.995 1.000 
0.011 0.997 0.043 0.993 1.000 
0.013 0.995 0.052 0.993 1.000 
0.010 0.997 0.042 0.993 1.000 
0.010 0.995 0.041 0.990 1.000 
0.023 0.995 0.063 0.993 1.000 
0.011 0.997 0.052 0.993 1.000 
0.017 0.995 0.045 0.993 1.000 
0.017 0.996 0.056 0.990 1.000 
0.023 0.993 0.031 0.995 0.997 
0.041 0.993 0.040 0.990 1.000 
0.013 0.995 0.069 0.990 1.000 
0.016 0.995 0.039 0.990 1.000 
0.015 0.995 0.044 0.993 1.000 
0.016 0.995 0.045 0.993 1.000 
0.013 0.995 0.045 0.990 1.000 
0.008 0.998 0.038 0.995 1.000 
0.020 0.994 0.035 0.990 1.000 
0.009 0.998 0.052 0.990 1.000 
0.023 0.995 0.024 0.995 1.000 
0.012 0.997 0.049 0.988 1.000 
0.015 0.994 0.043 0.993 1.000 
0.020 0.992 0.041 0.990 1.000 
0.009 0.997 0.032 0.993 1.000 
0.021 0.994 0.029 0.993 1.000 
0.014 0.994 0.037 0.993 1.000 
0.010 0.997 0.044 0.993 1.000 
0.025 0.994 0.036 0.993 1.000 
0.014 0.995 0.172 0.930 1.000 
0.014 0.994 0.034 0.993 1.000 
0.011 0.996 0.030 0.995 1.000 
0.022 0.996 0.038 0.993 0.997 
0.027 0.994 0.062 0.988 1.000 
0.011 0.995 0.046 0.993 1.000 
0.013 0.997 0.038 0.993 1.000 
0.030 0.993 0.064 0.988 0.997 
0.016 0.995 0.050 0.993 1.000 
0.013 0.994 0.053 0.993 1.000 
0.027 0.995 0.046 0.988 1.000 
0.008 0.997 0.064 0.988 1.000 
0.008 0.997 0.043 0.993 1.000 
0.025 0.994 0.032 0.993 0.997 
0.013 0.996 0.045 0.993 1.000 
0.022 0.993 0.045 0.993 1.000 
0.012 0.997 0.038 0.993 1.000 
0.018 0.995 0.058 0.985 1.000 
0.015 0.995 0.057 0.990 1.000 
0.019 0.992 0.031 0.995 1.000 
0.019 0.993 0.040 0.993 0.997 
0.013 0.996 0.052 0.993 0.994 
0.006 0.998 0.064 0.993 1.000 
0.019 0.995 0.038 0.993 1.000 
0.024 0.993 0.027 0.995 0.997 
0.012 0.996 0.068 0.988 1.000 
0.022 0.994 0.049 0.990 1.000 
0.019 0.995 0.067 0.988 0.997 
0.015 0.997 0.045 0.990 1.000 
0.010 0.996 0.038 0.993 1.000 
0.012 0.996 0.079 0.990 1.000 
0.030 0.996 0.061 0.988 1.000 
0.025 0.995 0.051 0.988 0.997 
0.012 0.996 0.033 0.995 1.000 
0.009 0.998 0.053 0.990 0.997 
0.007 0.997 0.066 0.990 0.984 
0.013 0.997 0.034 0.995 0.994 
0.013 0.996 0.041 0.993 1.000 
0.013 0.998 0.035 0.990 0.997 
0.009 0.996 0.040 0.993 1.000 
0.037 0.992 0.033 0.993 1.000 
0.023 0.994 0.037 0.993 1.000 
0.012 0.996 0.049 0.993 1.000 
0.014 0.995 0.039 0.993 1.000 
0.012 0.997 0.035 0.993 1.000 
0.011 0.996 0.046 0.990 1.000 
0.017 0.996 0.049 0.990 0.997 
0.017 0.994 0.058 0.985 0.990 
0.016 0.994 0.031 0.993 1.000 
0.011 0.997 0.031 0.998 1.000 
0.020 0.995 0.046 0.990 1.000 
0.012 0.997 0.052 0.990 1.000 
0.011 0.997 0.047 0.990 1.000 
0.016 0.995 0.079 0.990 0.994 
0.011 0.998 0.108 0.980 0.865 
0.022 0.992 0.037 0.990 1.000 
0.017 0.994 0.041 0.990 1.000 
0.026 0.992 0.040 0.990 0.997 
0.015 0.996 0.049 0.993 1.000 
0.016 0.996 0.032 0.995 1.000 
0.020 0.995 0.049 0.993 1.000 
0.010 0.997 0.047 0.993 0.997 
