0.273 0.891 0.170 0.983 1.000 
0.173 0.936 0.137 0.960 1.000 
0.145 0.954 0.129 0.990 1.000 
0.137 0.955 0.195 0.930 0.990 
0.107 0.968 0.262 0.920 0.753 
0.111 0.972 0.118 0.960 1.000 
0.109 0.967 0.117 0.973 1.000 
0.096 0.966 0.091 0.975 1.000 
0.097 0.972 0.103 0.978 1.000 
0.069 0.973 0.102 0.973 0.997 
0.081 0.977 0.083 0.978 0.997 
0.090 0.971 0.135 0.945 0.872 
0.087 0.975 0.117 0.980 1.000 
0.080 0.981 0.132 0.978 1.000 
0.082 0.977 0.132 0.958 1.000 
0.064 0.982 0.080 0.975 0.972 
0.061 0.983 0.084 0.968 0.462 
0.081 0.973 0.086 0.975 0.760 
0.072 0.978 0.115 0.975 0.521 
0.064 0.981 0.089 0.970 0.938 
0.058 0.984 0.086 0.973 0.983 
0.068 0.980 0.086 0.973 1.000 
0.062 0.980 0.139 0.943 0.990 
0.059 0.987 0.134 0.953 0.160 
0.067 0.980 0.081 0.985 0.167 
0.074 0.977 0.108 0.975 0.938 
0.070 0.982 0.075 0.980 1.000 
0.069 0.984 0.075 0.980 0.955 
0.068 0.978 0.121 0.950 1.000 
0.054 0.985 0.099 0.968 1.000 
0.064 0.980 0.079 0.975 1.000 
0.048 0.985 0.110 0.953 1.000 
0.062 0.984 0.088 0.975 1.000 
0.051 0.985 0.121 0.963 1.000 
0.051 0.985 0.072 0.980 1.000 
0.052 0.985 0.067 0.980 0.997 
0.041 0.990 0.071 0.980 1.000 
0.056 0.981 0.070 0.985 1.000 
0.050 0.988 0.068 0.975 1.000 
0.061 0.984 0.070 0.980 1.000 
0.049 0.988 0.089 0.973 1.000 
0.046 0.989 0.076 0.978 1.000 
0.043 0.988 0.080 0.978 1.000 
0.042 0.989 0.093 0.965 1.000 
0.042 0.988 0.148 0.940 0.899 
0.040 0.989 0.079 0.983 0.788 
0.054 0.988 0.110 0.960 0.990 
0.051 0.984 0.092 0.978 0.944 
0.046 0.990 0.085 0.980 0.934 
0.046 0.985 0.098 0.970 1.000 
0.041 0.990 0.071 0.980 1.000 
0.047 0.989 0.086 0.973 0.434 
0.047 0.987 0.099 0.975 0.375 
0.052 0.986 0.123 0.953 1.000 
0.050 0.985 0.167 0.940 0.250 
0.043 0.988 0.092 0.975 0.965 
0.040 0.991 0.090 0.975 0.979 
0.034 0.991 0.104 0.970 0.837 
0.053 0.985 0.105 0.970 0.941 
0.037 0.991 0.085 0.975 1.000 
0.054 0.982 0.128 0.950 0.302 
0.043 0.989 0.133 0.948 0.031 
0.052 0.985 0.136 0.958 0.219 
0.039 0.991 0.075 0.983 1.000 
0.039 0.990 0.121 0.968 0.993 
0.039 0.991 0.105 0.970 0.142 
0.037 0.991 0.073 0.983 0.997 
0.039 0.990 0.143 0.950 0.667 
0.046 0.989 0.115 0.970 0.976 
0.042 0.989 0.121 0.955 0.993 
0.046 0.990 0.117 0.958 0.997 
0.043 0.989 0.118 0.963 0.913 
0.032 0.990 0.092 0.975 1.000 
0.038 0.990 0.083 0.975 1.000 
0.044 0.986 0.103 0.970 0.934 
0.033 0.990 0.089 0.975 1.000 
0.037 0.991 0.101 0.973 1.000 
0.042 0.990 0.132 0.958 1.000 
0.038 0.990 0.198 0.915 0.462 
0.038 0.990 0.088 0.978 0.965 
0.042 0.990 0.179 0.927 0.885 
0.052 0.984 0.147 0.940 1.000 
0.036 0.990 0.170 0.968 1.000 
0.043 0.988 0.261 0.910 1.000 
0.038 0.990 0.088 0.970 1.000 
0.044 0.988 0.091 0.975 1.000 
0.039 0.991 0.204 0.948 0.962 
0.037 0.989 0.157 0.970 1.000 
0.044 0.990 0.125 0.968 1.000 
0.038 0.989 0.142 0.953 0.951 
0.031 0.993 0.123 0.978 0.396 
0.052 0.990 0.162 0.960 0.972 
0.039 0.991 0.159 0.955 0.951 
0.028 0.992 0.156 0.953 0.406 
0.042 0.990 0.132 0.955 0.858 
0.030 0.991 0.092 0.978 1.000 
0.032 0.991 0.130 0.963 1.000 
0.042 0.989 0.153 0.935 1.000 
0.037 0.991 0.118 0.965 1.000 
0.032 0.993 0.099 0.970 1.000 
0.042 0.989 0.211 0.948 1.000 
0.043 0.990 0.139 0.963 0.993 
0.044 0.989 0.097 0.973 0.990 
0.043 0.990 0.107 0.960 1.000 
0.037 0.990 0.094 0.968 1.000 
0.030 0.992 0.136 0.948 0.997 
0.031 0.992 0.122 0.958 1.000 
0.040 0.988 0.130 0.955 0.993 
0.033 0.993 0.087 0.978 1.000 
0.031 0.991 0.090 0.975 1.000 
0.049 0.988 0.089 0.980 1.000 
0.027 0.992 0.095 0.980 1.000 
0.030 0.992 0.098 0.980 1.000 
0.034 0.991 0.117 0.970 0.979 
0.033 0.991 0.142 0.958 0.997 
0.034 0.992 0.146 0.950 1.000 
0.037 0.990 0.169 0.955 0.993 
0.027 0.993 0.147 0.975 0.865 
0.030 0.993 0.135 0.973 1.000 
0.031 0.992 0.109 0.978 1.000 
0.048 0.990 0.179 0.935 0.917 
0.034 0.990 0.257 0.948 0.997 
0.036 0.988 0.098 0.980 1.000 
0.032 0.991 0.132 0.963 0.993 
0.033 0.991 0.104 0.978 1.000 
0.031 0.992 0.124 0.960 0.983 
0.029 0.992 0.181 0.958 0.118 
0.037 0.990 0.123 0.968 0.990 
0.029 0.991 0.155 0.950 0.771 
0.028 0.992 0.082 0.978 1.000 
0.034 0.992 0.100 0.970 0.757 
0.034 0.992 0.097 0.970 0.976 
0.027 0.991 0.113 0.970 1.000 
0.041 0.992 0.201 0.938 0.799 
0.025 0.993 0.117 0.978 1.000 
0.030 0.989 0.142 0.970 0.976 
0.035 0.991 0.177 0.940 0.903 
0.030 0.991 0.110 0.975 0.990 
0.037 0.989 0.172 0.932 0.986 
0.045 0.987 0.115 0.970 0.938 
0.031 0.992 0.093 0.975 0.993 
0.030 0.992 0.111 0.963 0.993 
0.027 0.991 0.170 0.943 0.424 
0.032 0.990 0.177 0.945 0.924 
0.035 0.994 0.108 0.965 0.899 
0.030 0.993 0.090 0.988 1.000 
0.040 0.988 0.105 0.975 0.917 
0.028 0.995 0.086 0.975 0.649 
0.038 0.993 0.127 0.968 0.059 
0.025 0.995 0.117 0.975 0.920 
0.033 0.990 0.147 0.938 0.580 
0.026 0.993 0.098 0.973 0.573 
0.026 0.993 0.131 0.958 0.455 
0.036 0.991 0.113 0.975 0.483 
0.038 0.989 0.128 0.963 0.583 
0.033 0.992 0.145 0.943 0.611 
0.030 0.992 0.072 0.978 0.924 
0.044 0.989 0.203 0.943 0.427 
0.045 0.987 0.129 0.973 0.972 
0.035 0.990 0.128 0.965 0.847 
0.037 0.989 0.142 0.938 0.767 
0.036 0.990 0.139 0.955 0.719 
0.023 0.993 0.148 0.965 0.993 
0.028 0.993 0.156 0.958 0.438 
0.035 0.989 0.110 0.965 0.747 
0.034 0.991 0.088 0.968 0.997 
0.023 0.993 0.124 0.955 1.000 
0.024 0.991 0.165 0.958 0.997 
0.030 0.993 0.095 0.973 0.861 
0.029 0.992 0.122 0.968 0.997 
0.035 0.993 0.194 0.963 1.000 
0.032 0.992 0.127 0.960 0.694 
0.026 0.992 0.146 0.970 0.545 
0.026 0.992 0.315 0.917 0.736 
0.029 0.992 0.128 0.953 1.000 
0.035 0.990 0.168 0.945 0.833 
0.024 0.992 0.233 0.915 0.983 
0.026 0.992 0.191 0.945 0.927 
0.030 0.992 0.167 0.950 0.799 
0.033 0.990 0.252 0.927 0.188 
0.034 0.993 0.147 0.953 0.875 
0.027 0.992 0.151 0.950 0.872 
0.026 0.993 0.277 0.927 0.090 
0.038 0.990 0.149 0.973 1.000 
0.022 0.995 0.178 0.978 0.764 
0.028 0.994 0.136 0.980 0.986 
0.032 0.990 0.243 0.925 0.889 
0.030 0.993 0.144 0.968 0.691 
0.029 0.992 0.108 0.978 0.944 
0.037 0.990 0.076 0.980 0.983 
0.033 0.992 0.151 0.963 0.847 
0.030 0.993 0.152 0.965 1.000 
0.028 0.991 0.155 0.968 0.955 
0.026 0.993 0.150 0.970 1.000 
0.025 0.994 0.093 0.985 1.000 
0.020 0.993 0.143 0.968 0.958 
0.032 0.991 0.115 0.973 0.997 
0.032 0.990 0.141 0.948 0.812 
0.032 0.986 0.153 0.973 0.997 
0.024 0.995 0.155 0.950 0.997 
0.023 0.993 0.142 0.975 0.997 
0.027 0.992 0.136 0.965 1.000 
0.029 0.991 0.210 0.975 0.948 
0.033 0.990 0.124 0.965 1.000 
0.022 0.993 0.158 0.970 1.000 
0.033 0.992 0.087 0.983 0.990 
0.025 0.993 0.111 0.980 0.997 
0.022 0.995 0.077 0.980 0.979 
0.032 0.990 0.219 0.965 0.990 
0.032 0.991 0.320 0.950 0.962 
0.024 0.995 0.216 0.975 0.951 
0.032 0.992 0.176 0.973 1.000 
0.021 0.994 0.183 0.978 1.000 
0.024 0.992 0.259 0.960 0.882 
0.024 0.994 0.216 0.943 0.628 
0.029 0.990 0.200 0.970 0.802 
0.025 0.992 0.238 0.927 0.934 
0.052 0.989 0.148 0.973 0.993 
0.027 0.995 0.095 0.980 0.990 
0.026 0.992 0.126 0.973 0.837 
0.025 0.993 0.130 0.965 0.222 
0.029 0.989 0.118 0.973 0.997 
0.031 0.992 0.146 0.960 0.990 
0.022 0.995 0.179 0.973 0.062 
0.037 0.991 0.131 0.958 0.983 
0.027 0.994 0.132 0.980 0.906 
0.027 0.993 0.261 0.938 0.510 
0.025 0.993 0.213 0.955 0.993 
0.038 0.991 0.196 0.953 0.993 
0.039 0.992 0.127 0.968 1.000 
0.027 0.992 0.205 0.917 0.979 
0.027 0.993 0.162 0.948 0.997 
0.024 0.992 0.138 0.965 1.000 
0.022 0.993 0.107 0.978 0.965 
0.019 0.993 0.196 0.970 0.972 
0.033 0.990 0.120 0.978 1.000 
0.031 0.990 0.207 0.950 0.986 
0.018 0.994 0.243 0.935 0.795 
0.034 0.990 0.126 0.975 0.590 
0.022 0.995 0.141 0.960 0.944 
0.019 0.995 0.182 0.960 0.358 
0.027 0.994 0.124 0.963 0.830 
0.032 0.990 0.097 0.975 0.990 
0.028 0.992 0.142 0.948 0.997 
0.023 0.994 0.099 0.975 0.997 
0.028 0.992 0.130 0.955 0.885 
0.034 0.992 0.070 0.980 0.997 
0.021 0.994 0.355 0.940 0.885 
0.027 0.993 0.224 0.960 1.000 
0.034 0.992 0.151 0.973 0.990 
0.025 0.992 0.181 0.970 0.906 
0.027 0.993 0.134 0.978 0.312 
0.022 0.995 0.138 0.975 0.875 
0.029 0.993 0.191 0.963 1.000 
0.028 0.995 0.101 0.983 1.000 
0.024 0.992 0.178 0.960 0.986 
0.029 0.991 0.112 0.990 0.997 
0.027 0.993 0.220 0.927 0.993 
0.018 0.993 0.113 0.983 1.000 
0.044 0.990 0.172 0.978 1.000 
0.021 0.992 0.228 0.968 0.993 
0.030 0.995 0.253 0.948 0.997 
0.026 0.992 0.219 0.960 0.997 
0.030 0.991 0.141 0.978 1.000 
0.019 0.995 0.189 0.973 0.997 
0.024 0.992 0.167 0.968 0.997 
0.022 0.993 0.275 0.925 0.826 
0.024 0.992 0.190 0.980 1.000 
0.039 0.990 0.140 0.978 0.997 
0.028 0.992 0.132 0.975 1.000 
0.023 0.995 0.165 0.975 1.000 
0.024 0.992 0.122 0.980 1.000 
0.035 0.991 0.141 0.975 0.976 
0.017 0.996 0.334 0.920 0.844 
0.027 0.991 0.200 0.943 1.000 
0.017 0.996 0.240 0.953 0.997 
0.028 0.993 0.127 0.975 1.000 
0.020 0.993 0.222 0.945 1.000 
0.029 0.993 0.125 0.983 0.920 
0.032 0.992 0.174 0.958 0.990 
0.034 0.990 0.169 0.960 0.990 
0.023 0.993 0.172 0.970 1.000 
0.020 0.995 0.200 0.943 1.000 
0.022 0.995 0.114 0.980 1.000 
0.028 0.992 0.146 0.978 0.993 
0.026 0.995 0.134 0.970 1.000 
0.023 0.995 0.098 0.983 1.000 
0.024 0.993 0.133 0.980 1.000 
0.027 0.990 0.160 0.975 0.993 
0.018 0.997 0.145 0.970 1.000 
0.031 0.993 0.108 0.975 1.000 
0.022 0.993 0.096 0.988 1.000 
0.023 0.995 0.187 0.940 0.997 
0.032 0.991 0.141 0.958 0.983 
0.025 0.994 0.163 0.968 0.990 
0.032 0.992 0.095 0.973 1.000 
0.017 0.997 0.140 0.958 1.000 
0.025 0.994 0.088 0.985 1.000 
0.023 0.994 0.102 0.973 1.000 
0.025 0.993 0.264 0.915 1.000 
0.022 0.994 0.115 0.983 1.000 
0.026 0.993 0.149 0.953 1.000 
0.030 0.990 0.209 0.922 1.000 
0.020 0.993 0.191 0.930 1.000 
0.015 0.996 0.108 0.975 1.000 
0.021 0.994 0.172 0.958 0.997 
0.026 0.993 0.082 0.990 1.000 
0.025 0.994 0.143 0.963 1.000 
0.020 0.994 0.237 0.938 1.000 
0.031 0.993 0.184 0.968 1.000 
0.024 0.991 0.178 0.965 0.979 
0.028 0.991 0.156 0.978 0.997 
0.019 0.995 0.210 0.978 1.000 
0.029 0.991 0.237 0.917 0.962 
0.016 0.995 0.127 0.980 1.000 
0.021 0.994 0.115 0.973 1.000 
0.022 0.994 0.139 0.975 0.990 
0.024 0.994 0.234 0.960 0.993 
0.032 0.992 0.116 0.978 0.955 
0.022 0.993 0.087 0.978 0.993 
0.028 0.991 0.107 0.980 0.993 
0.021 0.994 0.193 0.930 0.878 
0.032 0.992 0.185 0.945 0.979 
0.022 0.992 0.173 0.950 0.997 
0.019 0.994 0.152 0.983 1.000 
0.021 0.995 0.186 0.958 0.976 
0.018 0.996 0.145 0.985 0.792 
0.019 0.993 0.231 0.960 0.983 
0.011 0.997 0.193 0.978 0.934 
0.022 0.995 0.282 0.925 0.170 
0.022 0.993 0.186 0.970 0.802 
0.025 0.992 0.212 0.963 0.122 
0.020 0.995 0.187 0.955 0.427 
0.022 0.992 0.190 0.973 0.781 
0.029 0.992 0.145 0.978 0.997 
0.027 0.991 0.154 0.975 1.000 
0.031 0.991 0.328 0.973 0.903 
0.035 0.993 0.179 0.970 0.983 
0.019 0.995 0.156 0.980 0.990 
0.016 0.996 0.189 0.968 0.990 
0.015 0.997 0.270 0.935 1.000 
0.031 0.992 0.178 0.963 0.990 
0.022 0.995 0.131 0.978 0.997 
0.028 0.993 0.191 0.965 0.976 
0.016 0.995 0.164 0.973 1.000 
0.017 0.995 0.171 0.978 0.993 
0.016 0.994 0.160 0.978 0.972 
0.016 0.995 0.147 0.970 0.997 
0.024 0.993 0.158 0.968 0.906 
0.014 0.996 0.115 0.980 1.000 
0.024 0.993 0.158 0.973 0.986 
0.035 0.992 0.081 0.970 1.000 
0.023 0.993 0.109 0.970 1.000 
0.016 0.995 0.126 0.970 1.000 
0.024 0.993 0.265 0.950 0.979 
0.021 0.994 0.135 0.978 0.965 
0.023 0.995 0.107 0.975 1.000 
0.021 0.994 0.150 0.978 0.990 
0.025 0.992 0.137 0.968 1.000 
0.027 0.992 0.179 0.953 1.000 
0.021 0.992 0.150 0.965 1.000 
0.024 0.996 0.169 0.953 0.955 
0.013 0.997 0.157 0.980 0.951 
0.025 0.994 0.121 0.975 0.899 
0.024 0.995 0.243 0.980 0.997 
0.029 0.995 0.291 0.973 0.983 
0.021 0.996 0.226 0.968 1.000 
0.038 0.992 0.315 0.973 0.983 
0.025 0.993 0.358 0.945 1.000 
0.027 0.993 0.345 0.980 0.799 
0.020 0.994 0.463 0.980 0.056 
0.050 0.992 0.228 0.953 1.000 
0.015 0.995 0.263 0.973 0.948 
0.021 0.992 0.157 0.983 1.000 
0.024 0.992 0.185 0.975 0.819 
0.020 0.995 0.225 0.958 0.910 
0.026 0.993 0.209 0.978 0.924 
0.018 0.995 0.217 0.980 0.990 
0.022 0.992 0.238 0.940 0.878 
0.022 0.993 0.157 0.980 0.809 
0.021 0.993 0.189 0.975 0.990 
0.021 0.995 0.135 0.983 0.715 
0.016 0.993 0.246 0.983 0.368 
0.013 0.998 0.211 0.978 0.983 
0.016 0.996 0.365 0.963 0.976 
0.025 0.993 0.175 0.980 1.000 
0.020 0.996 0.237 0.988 0.958 
0.032 0.993 0.224 0.965 0.997 
0.026 0.994 0.240 0.980 0.934 
0.014 0.993 0.327 0.930 1.000 
0.016 0.995 0.230 0.980 1.000 
0.025 0.995 0.236 0.970 0.997 
0.015 0.996 0.170 0.975 1.000 
0.019 0.993 0.257 0.968 0.927 
0.017 0.995 0.215 0.983 0.979 
0.017 0.994 0.357 0.988 0.014 
0.024 0.995 0.231 0.978 0.997 
0.019 0.993 0.262 0.980 0.986 
0.019 0.996 0.202 0.980 0.976 
0.023 0.993 0.310 0.953 0.997 
0.024 0.993 0.358 0.970 0.965 
0.039 0.992 0.391 0.983 0.632 
0.060 0.990 0.280 0.927 1.000 
0.022 0.995 0.241 0.975 1.000 
0.021 0.995 0.292 0.970 1.000 
0.030 0.993 0.255 0.973 1.000 
0.025 0.994 0.294 0.948 1.000 
0.013 0.995 0.266 0.978 0.993 
0.024 0.995 0.300 0.955 1.000 
0.018 0.996 0.354 0.958 0.997 
0.025 0.995 0.306 0.980 0.823 
0.019 0.995 0.274 0.975 1.000 
0.018 0.996 0.322 0.980 0.965 
0.027 0.993 0.257 0.980 0.910 
0.022 0.992 0.287 0.975 0.955 
0.022 0.994 0.195 0.960 1.000 
0.026 0.993 0.261 0.965 0.976 
0.017 0.996 0.225 0.980 0.997 
0.017 0.994 0.198 0.980 0.997 
0.019 0.997 0.239 0.970 1.000 
0.016 0.995 0.267 0.980 0.913 
0.050 0.990 0.178 0.980 1.000 
0.037 0.993 0.224 0.980 1.000 
0.019 0.995 0.295 0.945 1.000 
0.018 0.994 0.242 0.980 0.997 
0.016 0.995 0.292 0.980 0.958 
0.019 0.995 0.358 0.922 0.997 
0.018 0.994 0.217 0.980 1.000 
0.014 0.996 0.271 0.938 1.000 
0.033 0.991 0.114 0.980 1.000 
0.021 0.995 0.447 0.905 1.000 
0.019 0.993 0.182 0.983 0.868 
0.015 0.995 0.306 0.927 0.816 
0.018 0.993 0.166 0.975 0.993 
0.019 0.995 0.190 0.978 0.146 
0.015 0.995 0.195 0.970 0.972 
0.020 0.994 0.165 0.980 0.969 
0.022 0.993 0.319 0.978 0.635 
0.019 0.995 0.376 0.955 0.885 
0.023 0.992 0.348 0.980 0.972 
0.034 0.990 0.501 0.958 0.997 
0.024 0.991 0.320 0.973 0.941 
0.011 0.997 0.290 0.980 1.000 
0.026 0.991 0.389 0.988 0.007 
0.022 0.996 0.213 0.983 0.872 
0.021 0.993 0.242 0.988 0.403 
0.018 0.996 0.241 0.973 0.736 
0.016 0.995 0.314 0.973 0.403 
0.020 0.995 0.234 0.983 0.986 
0.027 0.991 0.288 0.963 0.948 
0.014 0.996 0.320 0.975 0.837 
0.024 0.993 0.435 0.930 0.028 
0.027 0.993 0.352 0.927 0.628 
0.024 0.994 0.337 0.965 0.667 
0.023 0.992 0.289 0.953 0.997 
0.022 0.993 0.252 0.973 0.983 
0.017 0.995 0.364 0.948 0.983 
0.012 0.996 0.376 0.980 0.951 
0.028 0.992 0.440 0.968 0.965 
0.032 0.993 0.310 0.932 0.986 
0.022 0.997 0.215 0.975 0.993 
0.018 0.997 0.297 0.980 0.965 
0.025 0.993 0.285 0.940 0.983 
0.015 0.995 0.292 0.980 0.694 
0.046 0.993 0.189 0.968 0.819 
0.015 0.997 0.198 0.958 0.674 
0.017 0.996 0.158 0.983 0.611 
0.016 0.994 0.195 0.968 1.000 
0.022 0.995 0.234 0.935 1.000 
0.016 0.996 0.128 0.980 1.000 
0.014 0.996 0.161 0.980 1.000 
0.014 0.996 0.196 0.978 1.000 
0.017 0.995 0.312 0.920 1.000 
0.025 0.992 0.190 0.983 1.000 
0.028 0.994 0.175 0.970 1.000 
0.025 0.994 0.165 0.965 1.000 
0.015 0.995 0.153 0.968 1.000 
0.027 0.992 0.243 0.965 1.000 
0.027 0.995 0.199 0.978 1.000 
0.016 0.996 0.171 0.980 1.000 
0.031 0.993 0.398 0.938 1.000 
0.027 0.993 0.213 0.978 1.000 
0.028 0.993 0.194 0.965 1.000 
0.017 0.993 0.218 0.978 1.000 
0.016 0.996 0.207 0.975 1.000 
0.021 0.993 0.289 0.932 1.000 
0.014 0.997 0.185 0.978 1.000 
0.019 0.995 0.168 0.983 1.000 
0.011 0.996 0.286 0.975 1.000 
0.021 0.995 0.265 0.943 1.000 
0.025 0.995 0.226 0.950 1.000 
0.020 0.995 0.268 0.932 0.986 
0.020 0.994 0.261 0.943 1.000 
0.020 0.994 0.336 0.927 1.000 
0.014 0.996 0.269 0.950 1.000 
0.028 0.993 0.228 0.945 1.000 
0.019 0.997 0.224 0.950 1.000 
0.023 0.994 0.268 0.940 1.000 
0.028 0.993 0.243 0.950 1.000 
0.025 0.992 0.213 0.975 1.000 
0.024 0.992 0.215 0.975 1.000 
0.021 0.994 0.385 0.922 0.986 
0.021 0.994 0.399 0.912 1.000 
0.024 0.993 0.190 0.978 1.000 
0.024 0.995 0.239 0.973 1.000 
0.018 0.996 0.219 0.965 1.000 
0.018 0.995 0.212 0.968 1.000 
0.025 0.993 0.190 0.973 0.958 
0.015 0.997 0.280 0.958 1.000 
0.016 0.995 0.257 0.955 1.000 
0.031 0.992 0.175 0.980 1.000 
0.023 0.993 0.311 0.943 1.000 
0.018 0.996 0.243 0.960 1.000 
0.010 0.996 0.272 0.975 1.000 
0.018 0.995 0.224 0.980 1.000 
0.017 0.996 0.244 0.980 1.000 
0.027 0.993 0.255 0.978 1.000 
0.031 0.991 0.310 0.973 1.000 
0.022 0.992 0.315 0.945 1.000 
0.029 0.993 0.219 0.968 1.000 
0.016 0.995 0.215 0.980 1.000 
0.016 0.994 0.280 0.965 0.976 
0.019 0.995 0.236 0.978 1.000 
0.015 0.995 0.249 0.980 1.000 
0.014 0.996 0.265 0.980 1.000 
0.016 0.995 0.285 0.960 1.000 
0.033 0.990 0.187 0.960 1.000 
0.018 0.994 0.180 0.978 1.000 
0.025 0.995 0.213 0.975 0.986 
0.027 0.991 0.269 0.960 1.000 
0.013 0.996 0.289 0.973 0.997 
0.020 0.996 0.332 0.927 1.000 
0.014 0.995 0.269 0.968 1.000 
0.020 0.995 0.234 0.975 1.000 
0.025 0.994 0.108 0.985 1.000 
0.021 0.993 0.242 0.973 0.972 
0.012 0.995 0.243 0.973 1.000 
0.024 0.993 0.334 0.938 0.622 
0.017 0.996 0.207 0.978 0.934 
0.012 0.996 0.208 0.980 1.000 
0.018 0.996 0.219 0.960 0.993 
0.018 0.995 0.164 0.980 1.000 
0.021 0.992 0.221 0.970 0.962 
0.020 0.995 0.238 0.980 1.000 
0.020 0.994 0.270 0.983 0.993 
0.018 0.994 0.231 0.980 0.993 
0.021 0.995 0.191 0.980 1.000 
0.020 0.993 0.243 0.968 1.000 
0.030 0.994 0.180 0.970 0.986 
0.018 0.993 0.199 0.978 0.986 
0.014 0.995 0.229 0.973 0.993 
0.032 0.989 0.159 0.970 1.000 
0.019 0.995 0.148 0.988 1.000 
0.028 0.992 0.206 0.968 0.993 
0.015 0.996 0.286 0.943 0.983 
0.015 0.997 0.214 0.978 0.993 
0.015 0.996 0.254 0.920 1.000 
0.020 0.994 0.107 0.980 1.000 
0.015 0.995 0.139 0.980 1.000 
0.021 0.993 0.170 0.980 1.000 
0.014 0.996 0.184 0.978 1.000 
0.019 0.993 0.185 0.965 1.000 
0.019 0.995 0.156 0.980 0.993 
0.018 0.994 0.312 0.915 1.000 
0.020 0.995 0.269 0.953 0.990 
0.024 0.994 0.266 0.932 1.000 
0.025 0.992 0.191 0.958 0.983 
0.021 0.995 0.138 0.980 1.000 
0.013 0.996 0.189 0.963 1.000 
0.019 0.995 0.258 0.925 1.000 
0.011 0.997 0.146 0.983 0.997 
0.023 0.993 0.246 0.950 0.997 
0.017 0.995 0.146 0.970 0.997 
0.009 0.998 0.183 0.970 1.000 
0.021 0.996 0.202 0.973 0.979 
0.012 0.996 0.273 0.965 0.986 
0.022 0.994 0.201 0.980 0.934 
0.019 0.995 0.220 0.960 0.997 
0.020 0.996 0.278 0.950 0.958 
0.012 0.996 0.243 0.973 0.816 
0.026 0.994 0.223 0.980 0.587 
0.014 0.995 0.287 0.958 0.844 
0.020 0.996 0.192 0.960 0.906 
0.020 0.995 0.173 0.975 0.997 
0.016 0.996 0.175 0.970 0.903 
0.016 0.995 0.168 0.980 1.000 
0.019 0.996 0.260 0.925 0.865 
0.027 0.992 0.187 0.983 1.000 
0.020 0.995 0.122 0.980 1.000 
0.015 0.996 0.174 0.983 0.986 
0.016 0.997 0.075 0.983 1.000 
0.015 0.997 0.144 0.970 1.000 
0.015 0.995 0.142 0.978 1.000 
0.025 0.993 0.170 0.980 1.000 
0.022 0.992 0.192 0.963 1.000 
0.015 0.996 0.142 0.980 1.000 
0.016 0.995 0.180 0.973 0.990 
0.019 0.993 0.224 0.965 1.000 
0.015 0.995 0.222 0.970 1.000 
0.016 0.993 0.194 0.980 1.000 
0.022 0.993 0.189 0.968 0.997 
0.029 0.992 1.132 0.917 0.198 
0.030 0.993 0.226 0.978 1.000 
0.011 0.996 0.249 0.980 0.865 
0.017 0.994 0.261 0.968 1.000 
0.010 0.996 0.241 0.958 1.000 
0.016 0.996 0.224 0.960 0.889 
0.020 0.993 0.188 0.975 0.993 
0.013 0.996 0.198 0.980 0.990 
0.014 0.993 0.185 0.980 1.000 
0.025 0.995 0.171 0.968 1.000 
0.017 0.995 0.169 0.965 1.000 
0.025 0.995 0.140 0.980 0.997 
0.021 0.994 0.103 0.983 1.000 
0.013 0.996 0.125 0.983 1.000 
0.022 0.995 0.116 0.980 0.997 
0.013 0.994 0.093 0.983 1.000 
0.012 0.995 0.190 0.950 1.000 
0.019 0.994 0.168 0.978 1.000 
0.014 0.994 0.236 0.960 1.000 
0.014 0.997 0.127 0.983 1.000 
0.018 0.995 0.164 0.978 1.000 
0.023 0.992 0.206 0.978 1.000 
0.025 0.994 0.146 0.983 1.000 
0.016 0.996 0.249 0.927 1.000 
0.019 0.996 0.197 0.948 1.000 
0.015 0.994 0.324 0.925 1.000 
0.018 0.996 0.249 0.943 1.000 
0.023 0.993 0.178 0.958 1.000 
0.023 0.993 0.306 0.915 1.000 
0.030 0.991 0.439 0.915 0.993 
0.026 0.989 0.251 0.940 1.000 
0.016 0.995 0.322 0.940 1.000 
0.014 0.994 0.284 0.943 1.000 
0.014 0.996 0.287 0.968 1.000 
0.013 0.996 0.243 0.978 1.000 
0.017 0.995 0.203 0.983 1.000 
0.021 0.993 0.128 0.980 1.000 
0.015 0.994 0.245 0.960 1.000 
0.020 0.993 0.202 0.953 0.997 
0.016 0.996 0.224 0.948 1.000 
0.021 0.995 0.142 0.975 1.000 
0.021 0.995 0.181 0.960 1.000 
0.019 0.994 0.122 0.965 1.000 
0.014 0.996 0.188 0.955 1.000 
0.015 0.995 0.214 0.935 0.958 
0.018 0.993 0.134 0.978 0.997 
0.017 0.996 0.142 0.978 1.000 
0.017 0.995 0.082 0.980 1.000 
0.013 0.996 0.261 0.980 0.986 
0.023 0.995 0.167 0.978 0.521 
0.012 0.995 0.155 0.970 1.000 
0.015 0.997 0.149 0.980 0.997 
0.016 0.996 0.229 0.922 1.000 
0.017 0.997 0.137 0.980 1.000 
0.023 0.995 0.192 0.945 0.993 
0.017 0.995 0.167 0.975 0.979 
0.021 0.996 0.187 0.983 0.774 
0.020 0.995 0.192 0.968 0.976 
0.011 0.998 0.171 0.983 1.000 
0.018 0.996 0.193 0.980 0.997 
0.020 0.993 0.182 0.960 0.944 
0.018 0.995 0.131 0.983 0.976 
0.014 0.995 0.171 0.978 0.455 
0.012 0.997 0.116 0.983 0.990 
0.014 0.995 0.077 0.990 1.000 
0.018 0.995 0.116 0.983 0.983 
0.013 0.997 0.146 0.980 1.000 
0.019 0.996 0.169 0.975 0.993 
0.010 0.998 0.234 0.945 1.000 
0.012 0.997 0.268 0.980 0.521 
0.022 0.996 0.099 0.980 0.990 
0.014 0.997 0.139 0.975 1.000 
0.020 0.995 0.275 0.922 0.792 
0.021 0.993 0.154 0.983 0.545 
0.017 0.996 0.142 0.970 0.764 
0.022 0.993 0.110 0.978 0.903 
0.013 0.997 0.122 0.978 0.951 
0.019 0.993 0.124 0.978 1.000 
0.020 0.993 0.272 0.938 0.812 
0.015 0.997 0.151 0.978 0.972 
0.010 0.996 0.212 0.968 0.986 
0.013 0.996 0.163 0.983 0.771 
0.020 0.994 0.169 0.960 0.986 
0.018 0.996 0.087 0.983 0.934 
0.014 0.995 0.106 0.983 0.934 
0.013 0.997 0.142 0.988 0.170 
0.022 0.996 0.106 0.980 0.962 
0.014 0.996 0.099 0.988 0.955 
0.020 0.996 0.128 0.980 0.979 
0.017 0.995 0.193 0.983 0.017 
0.024 0.993 0.132 0.988 0.177 
0.017 0.994 0.166 0.980 0.465 
0.020 0.996 0.126 0.983 0.017 
0.018 0.995 0.113 0.983 0.365 
0.024 0.995 0.142 0.975 0.288 
0.014 0.996 0.188 0.963 0.906 
0.011 0.997 0.145 0.983 0.257 
0.013 0.996 0.203 0.978 0.840 
0.015 0.996 0.111 0.983 0.965 
0.017 0.994 0.141 0.983 0.962 
0.020 0.995 0.164 0.978 1.000 
0.015 0.995 0.217 0.950 1.000 
0.017 0.995 0.186 0.980 1.000 
0.019 0.995 0.221 0.975 1.000 
0.022 0.993 0.211 0.968 1.000 
0.014 0.996 0.219 0.983 1.000 
0.020 0.995 0.150 0.983 0.965 
0.020 0.996 0.192 0.980 0.983 
0.017 0.993 0.248 0.980 0.993 
0.012 0.996 0.206 0.983 1.000 
0.012 0.998 0.190 0.983 1.000 
0.017 0.994 0.255 0.978 1.000 
0.020 0.995 0.239 0.932 1.000 
0.015 0.995 0.263 0.963 1.000 
0.019 0.995 0.237 0.978 1.000 
0.012 0.997 0.234 0.975 1.000 
0.015 0.996 0.298 0.968 1.000 
0.025 0.993 0.569 0.975 0.976 
0.033 0.994 0.365 0.975 1.000 
0.018 0.995 0.332 0.958 1.000 
0.028 0.997 0.370 0.917 1.000 
0.008 0.998 0.620 0.940 1.000 
0.035 0.993 0.406 0.980 1.000 
0.027 0.993 0.442 0.943 1.000 
0.015 0.996 0.454 0.960 1.000 
0.025 0.995 0.334 0.963 1.000 
0.017 0.996 0.399 0.965 1.000 
0.012 0.996 0.358 0.960 0.962 
0.011 0.996 0.397 0.975 0.733 
0.022 0.993 0.303 0.978 0.983 
0.032 0.992 0.119 0.980 1.000 
0.014 0.996 0.130 0.978 1.000 
0.023 0.994 0.122 0.980 0.806 
0.018 0.992 0.125 0.980 0.965 
0.019 0.995 0.154 0.953 1.000 
0.014 0.997 0.137 0.980 1.000 
0.022 0.995 0.132 0.983 0.844 
0.014 0.998 0.168 0.980 0.726 
0.014 0.997 0.145 0.973 1.000 
0.016 0.995 0.124 0.980 0.910 
0.015 0.996 0.174 0.985 0.639 
0.021 0.995 0.188 0.983 0.677 
0.015 0.995 0.208 0.980 0.969 
0.019 0.996 0.406 0.983 0.253 
0.025 0.993 0.203 0.960 1.000 
0.011 0.997 0.187 0.980 0.979 
0.016 0.995 0.141 0.983 0.906 
0.017 0.995 0.164 0.980 0.990 
0.010 0.997 0.233 0.958 0.993 
0.014 0.995 0.336 0.927 0.993 
0.025 0.996 0.210 0.980 0.972 
0.014 0.996 0.193 0.980 0.993 
0.018 0.996 0.208 0.983 0.976 
0.017 0.995 0.285 0.940 1.000 
0.021 0.995 0.396 0.983 1.000 
0.048 0.995 0.362 0.988 0.983 
0.020 0.995 0.227 0.965 1.000 
0.014 0.997 0.151 0.983 1.000 
0.011 0.998 0.173 0.983 0.993 
0.017 0.995 0.193 0.983 0.983 
0.015 0.996 0.274 0.960 0.997 
0.022 0.995 0.167 0.968 1.000 
0.021 0.991 0.218 0.975 1.000 
0.010 0.997 0.300 0.980 1.000 
0.025 0.994 0.170 0.988 1.000 
0.016 0.996 0.282 0.980 1.000 
0.017 0.995 0.387 0.920 1.000 
0.018 0.994 0.300 0.948 1.000 
0.020 0.995 0.327 0.963 1.000 
0.017 0.996 0.131 0.983 1.000 
0.020 0.995 0.287 0.932 1.000 
0.022 0.993 0.128 0.980 1.000 
0.012 0.993 0.167 0.980 1.000 
0.014 0.995 0.234 0.968 1.000 
0.022 0.995 0.190 0.978 1.000 
0.016 0.996 0.164 0.980 1.000 
0.023 0.995 0.440 0.950 1.000 
0.014 0.997 0.238 0.978 1.000 
0.030 0.993 0.103 0.983 1.000 
0.015 0.997 0.091 0.983 1.000 
0.010 0.996 0.164 0.980 1.000 
0.017 0.996 0.158 0.983 1.000 
0.014 0.996 0.155 0.983 1.000 
0.019 0.995 0.177 0.975 1.000 
0.018 0.992 0.222 0.958 1.000 
0.018 0.995 0.181 0.975 1.000 
0.015 0.995 0.171 0.978 0.990 
0.025 0.993 0.237 0.940 1.000 
0.009 0.997 0.180 0.980 1.000 
0.020 0.995 0.130 0.978 0.990 
0.015 0.996 0.112 0.983 1.000 
0.015 0.995 0.202 0.985 0.993 
0.022 0.993 0.319 0.955 0.983 
0.019 0.991 0.325 0.978 0.993 
0.021 0.996 0.126 0.975 1.000 
0.009 0.996 0.138 0.978 1.000 
0.010 0.997 0.196 0.948 1.000 
0.018 0.997 0.084 0.980 1.000 
0.014 0.996 0.118 0.980 1.000 
0.016 0.995 0.136 0.978 1.000 
0.007 0.997 0.270 0.958 1.000 
0.015 0.994 0.113 0.990 1.000 
0.008 0.997 0.163 0.978 1.000 
0.026 0.993 0.068 0.988 1.000 
0.014 0.996 0.134 0.980 1.000 
0.017 0.994 0.160 0.980 1.000 
0.014 0.996 0.145 0.978 1.000 
0.011 0.998 0.251 0.965 1.000 
0.030 0.996 0.345 0.953 0.938 
0.025 0.992 0.185 0.968 1.000 
0.015 0.996 0.221 0.973 0.997 
0.012 0.998 0.212 0.973 0.979 
0.017 0.992 0.204 0.980 0.927 
0.012 0.996 0.246 0.965 0.976 
0.014 0.995 0.279 0.978 0.656 
0.017 0.992 0.469 0.927 0.677 
0.017 0.996 0.214 0.983 0.997 
0.022 0.994 0.300 0.970 0.958 
0.013 0.996 0.318 0.983 0.993 
0.021 0.993 0.553 0.915 0.917 
0.013 0.996 0.394 0.980 0.972 
0.038 0.995 0.264 0.980 1.000 
0.019 0.993 0.319 0.980 0.979 
0.022 0.995 0.325 0.973 1.000 
0.016 0.997 0.333 0.980 0.983 
0.015 0.995 0.328 0.983 1.000 
0.012 0.996 0.302 0.985 1.000 
0.017 0.995 0.231 0.983 1.000 
0.007 0.997 0.268 0.983 1.000 
0.016 0.996 0.248 0.980 1.000 
0.010 0.998 0.283 0.970 1.000 
0.033 0.990 0.410 0.975 0.990 
0.015 0.995 0.374 0.983 0.997 
0.012 0.997 0.368 0.970 1.000 
0.013 0.993 0.389 0.978 1.000 
0.018 0.995 0.419 0.983 0.986 
0.021 0.993 0.198 0.975 1.000 
0.018 0.996 0.231 0.973 1.000 
0.019 0.995 0.280 0.960 0.972 
0.016 0.995 0.323 0.955 0.840 
0.014 0.996 0.225 0.978 0.997 
0.024 0.994 0.329 0.953 1.000 
0.022 0.996 0.260 0.983 1.000 
0.015 0.996 0.233 0.985 1.000 
0.018 0.993 0.323 0.975 0.986 
0.008 0.996 0.383 0.988 0.976 
0.021 0.997 0.267 0.973 0.997 
0.008 0.998 0.269 0.980 0.997 
0.042 0.995 0.308 0.960 1.000 
0.023 0.995 0.146 0.980 1.000 
0.018 0.995 0.172 0.978 1.000 
0.020 0.993 0.383 0.975 0.882 
0.010 0.996 0.437 0.932 0.986 
0.014 0.997 0.494 0.930 0.868 
0.018 0.995 0.367 0.975 0.448 
0.017 0.995 0.337 0.935 0.997 
0.014 0.996 0.292 0.983 0.903 
0.016 0.996 0.357 0.980 0.177 
0.013 0.998 0.298 0.978 0.979 
0.011 0.997 0.291 0.980 0.896 
0.013 0.996 0.329 0.975 0.913 
0.027 0.995 0.301 0.983 0.903 
0.015 0.996 0.243 0.980 0.993 
0.014 0.996 0.311 0.978 0.951 
0.016 0.995 0.292 0.968 0.851 
0.012 0.997 0.203 0.983 1.000 
0.013 0.996 0.251 0.975 0.993 
0.013 0.997 0.270 0.968 1.000 
0.014 0.997 0.244 0.980 0.969 
0.020 0.994 0.271 0.978 0.990 
0.011 0.996 0.287 0.978 0.990 
0.016 0.994 0.252 0.978 0.979 
0.009 0.997 0.290 0.980 0.990 
0.016 0.995 0.288 0.980 0.986 
0.011 0.996 0.368 0.958 0.997 
0.013 0.996 0.424 0.963 0.983 
0.008 0.998 0.494 0.965 0.979 
0.014 0.996 0.469 0.943 0.993 
0.029 0.994 0.324 0.945 0.993 
0.018 0.996 0.196 0.983 0.976 
0.022 0.993 0.431 0.943 0.972 
0.013 0.995 0.417 0.955 0.990 
0.012 0.996 0.324 0.973 0.976 
0.015 0.996 0.322 0.965 0.997 
0.016 0.997 0.283 0.980 0.990 
0.014 0.995 0.297 0.983 0.993 
0.016 0.995 0.172 0.980 1.000 
0.021 0.993 0.209 0.975 0.972 
0.015 0.995 0.249 0.978 0.983 
0.013 0.996 0.270 0.980 0.976 
0.015 0.995 0.176 0.963 0.993 
0.026 0.993 0.203 0.983 0.958 
0.012 0.997 0.157 0.980 0.986 
0.010 0.997 0.270 0.978 0.663 
0.018 0.996 0.480 0.950 0.990 
0.036 0.992 0.391 0.948 1.000 
0.023 0.995 0.298 0.978 0.972 
0.028 0.996 0.378 0.950 0.962 
0.015 0.995 0.379 0.950 0.993 
0.013 0.997 0.387 0.970 1.000 
0.012 0.998 0.435 0.970 0.983 
0.006 0.998 0.509 0.963 0.997 
0.014 0.996 0.385 0.980 0.983 
0.017 0.995 0.596 0.963 0.872 
0.031 0.992 0.457 0.963 0.604 
0.024 0.994 0.362 0.963 0.931 
0.014 0.995 0.506 0.970 0.250 
0.025 0.997 0.290 0.968 0.722 
0.011 0.996 0.476 0.963 0.170 
0.021 0.994 0.340 0.968 0.517 
0.012 0.997 0.507 0.915 0.733 
0.013 0.996 0.324 0.963 0.875 
0.016 0.996 0.259 0.973 0.972 
0.015 0.996 0.412 0.932 0.997 
0.020 0.995 0.309 0.973 0.972 
0.013 0.995 0.283 0.990 0.997 
0.025 0.994 0.592 0.948 0.986 
0.018 0.993 0.540 0.970 0.986 
0.009 0.997 0.598 0.953 0.997 
0.012 0.996 0.667 0.943 0.983 
0.013 0.994 0.705 0.940 0.997 
0.026 0.997 0.378 0.978 0.990 
0.011 0.996 0.408 0.978 1.000 
0.019 0.994 0.561 0.935 0.941 
0.019 0.995 0.391 0.978 0.972 
0.021 0.995 0.391 0.983 0.972 
0.019 0.992 0.414 0.985 0.830 
0.012 0.996 0.522 0.948 0.993 
0.021 0.994 0.528 0.920 0.965 
0.017 0.992 0.510 0.960 0.965 
0.019 0.995 0.641 0.983 0.944 
0.015 0.998 0.474 0.960 0.990 
0.010 0.998 0.577 0.975 0.979 
0.016 0.996 0.625 0.970 0.972 
0.039 0.992 0.303 0.930 1.000 
0.023 0.993 0.354 0.953 0.997 
0.013 0.996 0.317 0.970 0.993 
0.014 0.996 0.303 0.978 0.986 
0.035 0.992 0.139 0.970 1.000 
0.019 0.995 0.303 0.915 1.000 
0.018 0.995 0.253 0.927 1.000 
0.016 0.993 0.164 0.980 1.000 
0.017 0.996 0.245 0.945 1.000 
0.019 0.996 0.322 0.932 0.997 
0.013 0.997 0.250 0.958 1.000 
0.011 0.997 0.261 0.980 0.993 
0.015 0.995 0.236 0.975 0.997 
0.012 0.997 0.220 0.978 0.990 
0.017 0.995 0.467 0.968 0.983 
0.021 0.996 0.411 0.915 0.997 
0.030 0.996 0.265 0.980 1.000 
0.018 0.995 0.233 0.973 1.000 
0.012 0.996 0.289 0.953 1.000 
0.014 0.995 0.297 0.953 1.000 
0.015 0.993 0.233 0.983 1.000 
0.033 0.992 0.394 0.983 0.990 
0.017 0.996 0.327 0.940 1.000 
0.015 0.996 0.285 0.948 1.000 
0.015 0.995 0.335 0.958 0.997 
0.012 0.996 0.264 0.978 0.997 
0.010 0.997 0.365 0.948 0.997 
0.011 0.997 0.244 0.985 0.986 
0.016 0.994 0.419 0.920 0.997 
0.011 0.997 0.339 0.978 0.990 
0.021 0.995 0.211 0.980 1.000 
0.020 0.995 0.223 0.983 0.990 
0.012 0.997 0.400 0.975 0.983 
0.018 0.995 0.275 0.985 1.000 
0.016 0.996 0.334 0.978 0.997 
0.025 0.995 1.020 0.932 0.993 
0.026 0.993 0.636 0.948 1.000 
0.032 0.995 0.408 0.968 0.997 
0.012 0.996 0.339 0.970 1.000 
0.022 0.995 0.556 0.925 0.997 
0.013 0.996 0.587 0.938 0.997 
0.036 0.992 0.206 0.970 1.000 
0.017 0.995 0.483 0.935 0.993 
0.013 0.997 0.353 0.963 0.997 
0.012 0.996 0.389 0.945 0.997 
0.016 0.995 0.325 0.975 0.997 
0.010 0.997 0.540 0.917 0.997 
0.017 0.995 0.231 0.973 0.997 
0.023 0.995 0.341 0.927 1.000 
0.011 0.996 0.246 0.970 0.997 
0.013 0.996 0.202 0.978 0.986 
0.019 0.994 0.199 0.980 1.000 
0.013 0.996 0.404 0.922 0.997 
0.052 0.996 0.218 0.965 1.000 
0.018 0.995 0.161 0.983 1.000 
0.022 0.994 0.164 0.980 1.000 
0.011 0.996 0.157 0.978 1.000 
0.016 0.997 0.137 0.978 1.000 
0.028 0.993 0.140 0.973 1.000 
0.011 0.996 0.172 0.983 0.997 
0.018 0.996 0.153 0.970 1.000 
0.013 0.996 0.129 0.988 1.000 
0.023 0.993 0.201 0.940 0.993 
0.026 0.992 0.177 0.970 1.000 
0.012 0.996 0.441 0.912 0.958 
