0.337 0.855 0.280 0.920 1.000 
0.198 0.929 0.168 0.955 1.000 
0.160 0.946 0.130 0.955 1.000 
0.138 0.947 0.122 0.970 1.000 
0.126 0.957 0.157 0.940 0.987 
0.126 0.957 0.134 0.948 1.000 
0.098 0.970 0.105 0.980 1.000 
0.103 0.964 0.073 0.985 1.000 
0.091 0.972 0.085 0.978 1.000 
0.084 0.973 0.151 0.973 1.000 
0.098 0.970 0.087 0.985 0.997 
0.078 0.976 0.090 0.975 0.798 
0.086 0.973 0.081 0.988 1.000 
0.074 0.978 0.073 0.988 1.000 
0.069 0.981 0.086 0.985 0.997 
0.075 0.980 0.071 0.988 1.000 
0.067 0.979 0.074 0.983 1.000 
0.062 0.980 0.097 0.960 1.000 
0.063 0.979 0.141 0.943 1.000 
0.070 0.971 0.095 0.968 1.000 
0.058 0.982 0.138 0.948 1.000 
0.073 0.976 0.085 0.980 0.981 
0.066 0.979 0.118 0.945 0.896 
0.060 0.983 0.059 0.988 0.994 
0.053 0.981 0.074 0.983 0.871 
0.058 0.984 0.067 0.988 1.000 
0.059 0.981 0.080 0.968 1.000 
0.046 0.984 0.093 0.960 0.968 
0.055 0.982 0.078 0.980 1.000 
0.066 0.979 0.075 0.975 1.000 
0.052 0.983 0.080 0.973 0.968 
0.038 0.985 0.066 0.983 0.994 
0.048 0.986 0.089 0.960 0.994 
0.050 0.985 0.127 0.948 0.987 
0.054 0.983 0.099 0.960 1.000 
0.054 0.985 0.131 0.945 1.000 
0.054 0.983 0.117 0.955 0.991 
0.041 0.989 0.118 0.955 0.997 
0.046 0.987 0.091 0.965 1.000 
0.037 0.989 0.102 0.970 0.997 
0.050 0.988 0.075 0.983 1.000 
0.030 0.992 0.069 0.983 1.000 
0.046 0.989 0.081 0.970 1.000 
0.049 0.982 0.072 0.983 0.997 
0.042 0.988 0.143 0.948 0.987 
0.042 0.985 0.126 0.953 1.000 
0.039 0.989 0.103 0.958 0.991 
0.032 0.989 0.109 0.960 0.997 
0.043 0.990 0.168 0.940 0.997 
0.040 0.989 0.078 0.980 0.975 
0.049 0.987 0.082 0.985 1.000 
0.042 0.988 0.078 0.983 1.000 
0.035 0.991 0.147 0.945 0.997 
0.063 0.980 0.069 0.988 1.000 
0.037 0.989 0.107 0.953 0.965 
0.040 0.989 0.058 0.988 0.991 
0.032 0.990 0.126 0.948 1.000 
0.036 0.988 0.067 0.985 0.991 
0.037 0.991 0.067 0.985 0.994 
0.033 0.991 0.081 0.978 1.000 
0.039 0.988 0.132 0.950 1.000 
0.037 0.989 0.078 0.975 1.000 
0.033 0.992 0.077 0.978 1.000 
0.035 0.989 0.095 0.965 0.987 
0.042 0.988 0.078 0.983 1.000 
0.029 0.993 0.089 0.968 1.000 
0.036 0.991 0.112 0.955 0.987 
0.034 0.992 0.072 0.975 1.000 
0.021 0.994 0.055 0.988 0.997 
0.034 0.989 0.076 0.978 1.000 
0.034 0.991 0.129 0.945 1.000 
0.032 0.991 0.082 0.983 1.000 
0.039 0.990 0.064 0.983 1.000 
0.035 0.987 0.080 0.980 1.000 
0.022 0.991 0.077 0.983 1.000 
0.031 0.991 0.097 0.968 0.413 
0.028 0.991 0.077 0.980 0.953 
0.034 0.989 0.075 0.985 1.000 
0.035 0.990 0.077 0.978 0.991 
0.030 0.992 0.073 0.983 1.000 
0.029 0.991 0.059 0.985 0.959 
0.034 0.990 0.144 0.948 0.994 
0.027 0.993 0.088 0.960 0.997 
0.026 0.992 0.089 0.970 1.000 
0.032 0.988 0.127 0.940 1.000 
0.027 0.991 0.123 0.953 1.000 
0.031 0.992 0.075 0.973 1.000 
0.028 0.991 0.093 0.963 1.000 
0.022 0.993 0.122 0.955 1.000 
0.028 0.991 0.158 0.950 0.987 
0.031 0.990 0.113 0.955 1.000 
0.033 0.991 0.095 0.970 1.000 
0.020 0.994 0.074 0.983 1.000 
0.033 0.990 0.091 0.965 1.000 
0.036 0.991 0.094 0.958 1.000 
0.034 0.989 0.057 0.985 1.000 
0.031 0.991 0.108 0.958 1.000 
0.015 0.997 0.089 0.970 1.000 
0.028 0.992 0.082 0.973 1.000 
0.033 0.991 0.119 0.955 0.994 
0.025 0.992 0.106 0.958 0.981 
0.033 0.992 0.084 0.973 1.000 
0.022 0.993 0.094 0.975 1.000 
0.032 0.991 0.058 0.990 1.000 
0.017 0.995 0.154 0.955 0.997 
0.024 0.994 0.115 0.963 0.991 
0.028 0.992 0.109 0.980 1.000 
0.038 0.990 0.117 0.955 1.000 
0.025 0.995 0.140 0.953 1.000 
0.027 0.992 0.080 0.985 1.000 
0.030 0.992 0.078 0.975 0.965 
0.029 0.990 0.147 0.943 0.987 
0.030 0.989 0.138 0.953 1.000 
0.031 0.993 0.134 0.945 1.000 
0.034 0.990 0.117 0.950 1.000 
0.030 0.993 0.067 0.988 1.000 
0.021 0.993 0.078 0.985 1.000 
0.023 0.993 0.150 0.950 1.000 
0.031 0.994 0.081 0.980 1.000 
0.026 0.993 0.128 0.950 1.000 
0.021 0.994 0.119 0.960 0.997 
0.020 0.996 0.092 0.973 1.000 
0.036 0.989 0.106 0.970 0.991 
0.022 0.995 0.056 0.988 1.000 
0.019 0.994 0.069 0.985 1.000 
0.019 0.993 0.063 0.988 1.000 
0.033 0.993 0.063 0.985 1.000 
0.026 0.992 0.066 0.988 1.000 
0.035 0.991 0.056 0.990 1.000 
0.022 0.991 0.079 0.978 1.000 
0.024 0.994 0.149 0.948 1.000 
0.025 0.994 0.082 0.975 1.000 
0.027 0.994 0.178 0.945 1.000 
0.018 0.994 0.119 0.955 1.000 
0.023 0.993 0.124 0.960 1.000 
0.023 0.993 0.063 0.980 1.000 
0.034 0.993 0.087 0.978 1.000 
0.022 0.994 0.146 0.955 1.000 
0.023 0.992 0.103 0.970 1.000 
0.031 0.992 0.097 0.965 1.000 
0.027 0.992 0.080 0.980 1.000 
0.022 0.990 0.227 0.938 1.000 
0.034 0.991 0.133 0.943 0.937 
0.024 0.992 0.147 0.948 1.000 
0.023 0.994 0.201 0.948 1.000 
0.027 0.992 0.140 0.955 1.000 
0.019 0.995 0.092 0.968 1.000 
0.027 0.991 0.070 0.985 1.000 
0.020 0.993 0.117 0.955 1.000 
0.024 0.994 0.141 0.950 0.997 
0.018 0.997 0.117 0.965 1.000 
0.025 0.992 0.069 0.980 1.000 
0.019 0.995 0.083 0.990 1.000 
0.030 0.992 0.116 0.965 1.000 
0.024 0.990 0.130 0.978 1.000 
0.025 0.995 0.076 0.980 1.000 
0.015 0.996 0.132 0.965 0.814 
0.025 0.993 0.086 0.975 1.000 
0.031 0.991 0.096 0.963 0.997 
0.019 0.993 0.088 0.978 0.997 
0.024 0.993 0.124 0.958 0.962 
0.018 0.995 0.077 0.980 0.991 
0.026 0.990 0.089 0.973 0.997 
0.034 0.994 0.128 0.953 0.978 
0.021 0.995 0.096 0.965 0.997 
0.035 0.991 0.140 0.948 0.987 
0.026 0.992 0.084 0.973 0.981 
0.028 0.992 0.119 0.950 0.965 
0.025 0.994 0.084 0.968 0.968 
0.023 0.992 0.111 0.963 0.997 
0.020 0.996 0.167 0.953 0.927 
0.019 0.992 0.147 0.953 0.978 
0.021 0.993 0.060 0.988 0.997 
0.019 0.994 0.129 0.948 0.978 
0.024 0.993 0.134 0.948 0.871 
0.016 0.996 0.181 0.950 1.000 
0.029 0.994 0.104 0.978 0.991 
0.021 0.995 0.066 0.988 1.000 
0.023 0.995 0.124 0.955 0.987 
0.016 0.995 0.112 0.975 0.984 
0.021 0.995 0.102 0.975 0.994 
0.026 0.992 0.081 0.978 0.997 
0.022 0.994 0.087 0.978 0.994 
0.024 0.991 0.143 0.958 0.987 
0.024 0.994 0.159 0.958 1.000 
0.020 0.994 0.123 0.968 0.871 
0.024 0.993 0.153 0.970 0.991 
0.025 0.993 0.148 0.960 0.994 
0.017 0.997 0.077 0.985 0.987 
0.020 0.993 0.203 0.940 0.912 
0.018 0.995 0.123 0.960 0.984 
0.021 0.992 0.193 0.948 0.997 
0.023 0.994 0.112 0.968 0.997 
0.022 0.995 0.173 0.945 1.000 
0.015 0.996 0.105 0.975 1.000 
0.019 0.995 0.114 0.960 0.931 
0.013 0.996 0.073 0.985 1.000 
0.013 0.996 0.158 0.968 1.000 
0.023 0.994 0.093 0.980 1.000 
0.020 0.994 0.111 0.980 1.000 
0.023 0.994 0.096 0.983 0.956 
0.022 0.996 0.100 0.970 0.994 
0.022 0.994 0.070 0.988 1.000 
0.027 0.992 0.121 0.965 1.000 
0.021 0.992 0.113 0.985 1.000 
0.019 0.995 0.137 0.985 0.994 
0.033 0.994 0.099 0.975 1.000 
0.025 0.990 0.105 0.973 1.000 
0.020 0.994 0.094 0.975 1.000 
0.021 0.994 0.068 0.988 1.000 
0.026 0.992 0.117 0.950 0.991 
0.022 0.994 0.082 0.988 1.000 
0.021 0.994 0.097 0.978 1.000 
0.017 0.995 0.134 0.973 1.000 
0.017 0.994 0.135 0.968 1.000 
0.026 0.993 0.119 0.955 0.997 
0.016 0.994 0.113 0.965 1.000 
0.025 0.993 0.154 0.963 1.000 
0.029 0.994 0.096 0.990 1.000 
0.027 0.991 0.120 0.983 1.000 
0.012 0.995 0.161 0.960 0.997 
0.017 0.995 0.142 0.968 1.000 
0.022 0.994 0.196 0.935 0.984 
0.023 0.997 0.143 0.953 0.981 
0.024 0.995 0.154 0.958 0.877 
0.019 0.995 0.150 0.958 0.994 
0.023 0.994 0.179 0.948 0.984 
0.018 0.994 0.115 0.988 0.991 
0.016 0.995 0.131 0.983 0.984 
0.019 0.994 0.180 0.973 0.968 
0.020 0.993 0.143 0.983 1.000 
0.032 0.994 0.094 0.975 1.000 
0.020 0.994 0.082 0.988 0.994 
0.017 0.995 0.089 0.983 1.000 
0.023 0.992 0.090 0.983 1.000 
0.021 0.993 0.247 0.943 1.000 
0.015 0.995 0.088 0.983 1.000 
0.024 0.992 0.156 0.960 1.000 
0.018 0.995 0.103 0.978 1.000 
0.027 0.995 0.183 0.975 1.000 
0.022 0.996 0.357 0.975 1.000 
0.011 0.997 0.136 0.988 1.000 
0.026 0.994 0.139 0.988 1.000 
0.022 0.994 0.198 0.968 1.000 
0.014 0.997 0.152 0.958 1.000 
0.015 0.994 0.114 0.980 1.000 
0.025 0.992 0.110 0.988 1.000 
0.018 0.994 0.195 0.953 1.000 
0.018 0.994 0.120 0.983 1.000 
0.017 0.996 0.194 0.960 1.000 
0.028 0.993 0.125 0.958 1.000 
0.021 0.995 0.224 0.950 0.978 
0.014 0.996 0.160 0.973 1.000 
0.018 0.996 0.103 0.980 1.000 
0.017 0.996 0.081 0.990 1.000 
0.018 0.997 0.152 0.968 1.000 
0.019 0.995 0.185 0.968 1.000 
0.029 0.992 0.159 0.950 1.000 
0.022 0.996 0.119 0.978 1.000 
0.014 0.996 0.206 0.948 1.000 
0.021 0.995 0.237 0.938 0.921 
0.021 0.994 0.192 0.955 1.000 
0.023 0.993 0.096 0.985 1.000 
0.017 0.995 0.155 0.983 1.000 
0.015 0.996 0.141 0.985 1.000 
0.015 0.995 0.214 0.963 1.000 
0.014 0.995 0.145 0.983 1.000 
0.022 0.994 0.176 0.968 1.000 
0.025 0.994 0.243 0.960 0.997 
0.020 0.994 0.178 0.973 1.000 
0.018 0.995 0.161 0.963 1.000 
0.022 0.996 0.135 0.973 1.000 
0.022 0.993 0.137 0.960 1.000 
0.013 0.996 0.156 0.968 1.000 
0.022 0.995 0.083 0.985 1.000 
0.021 0.993 0.116 0.975 1.000 
0.015 0.994 0.120 0.985 1.000 
0.022 0.995 0.112 0.970 0.987 
0.013 0.995 0.176 0.958 1.000 
0.017 0.994 0.111 0.973 0.991 
0.011 0.996 0.209 0.950 0.994 
0.025 0.993 0.122 0.980 0.978 
0.020 0.993 0.113 0.975 1.000 
0.015 0.995 0.103 0.980 0.984 
0.022 0.994 0.151 0.978 1.000 
0.022 0.993 0.102 0.973 1.000 
0.018 0.996 0.111 0.970 1.000 
0.020 0.995 0.099 0.985 1.000 
0.019 0.994 0.127 0.965 1.000 
0.015 0.996 0.079 0.990 1.000 
0.021 0.995 0.129 0.955 1.000 
0.016 0.995 0.123 0.965 1.000 
0.016 0.994 0.114 0.968 1.000 
0.029 0.994 0.248 0.943 1.000 
0.022 0.996 0.160 0.988 1.000 
0.017 0.995 0.193 0.968 1.000 
0.015 0.995 0.209 0.973 1.000 
0.011 0.995 0.252 0.973 1.000 
0.025 0.992 0.207 0.973 1.000 
0.011 0.998 0.309 0.965 1.000 
0.017 0.993 0.299 0.975 1.000 
0.025 0.996 0.221 0.958 1.000 
0.019 0.994 0.151 0.953 1.000 
0.022 0.992 0.157 0.980 1.000 
0.024 0.994 0.144 0.978 1.000 
0.021 0.993 0.248 0.950 1.000 
0.008 0.997 0.194 0.980 1.000 
0.017 0.994 0.122 0.990 1.000 
0.020 0.994 0.222 0.958 1.000 
0.014 0.995 0.197 0.980 1.000 
0.027 0.995 0.227 0.975 1.000 
0.012 0.997 0.155 0.983 1.000 
0.031 0.995 0.167 0.978 1.000 
0.013 0.993 0.176 0.968 1.000 
0.019 0.997 0.170 0.970 1.000 
0.020 0.994 0.198 0.958 1.000 
0.022 0.993 0.199 0.945 1.000 
0.016 0.996 0.169 0.975 1.000 
0.020 0.994 0.166 0.965 0.997 
0.011 0.996 0.244 0.963 1.000 
0.010 0.996 0.190 0.960 1.000 
0.014 0.995 0.184 0.968 1.000 
0.023 0.996 0.116 0.968 1.000 
0.017 0.995 0.137 0.980 1.000 
0.021 0.993 0.147 0.980 1.000 
0.009 0.995 0.184 0.985 1.000 
0.024 0.993 0.119 0.980 1.000 
0.015 0.995 0.104 0.988 1.000 
0.033 0.993 0.134 0.980 1.000 
0.019 0.993 0.127 0.983 1.000 
0.029 0.994 0.174 0.945 0.991 
0.017 0.995 0.128 0.978 1.000 
0.020 0.993 0.156 0.970 1.000 
0.024 0.995 0.168 0.965 1.000 
0.010 0.996 0.182 0.983 1.000 
0.018 0.995 0.180 0.960 1.000 
0.016 0.995 0.184 0.980 1.000 
0.020 0.994 0.165 0.983 0.975 
0.032 0.994 0.133 0.963 1.000 
0.021 0.993 0.178 0.973 1.000 
0.012 0.996 0.148 0.980 1.000 
0.018 0.993 0.145 0.975 1.000 
0.009 0.997 0.131 0.985 0.896 
0.013 0.996 0.143 0.983 1.000 
0.015 0.995 0.126 0.983 1.000 
0.020 0.994 0.133 0.978 0.981 
0.012 0.996 0.214 0.970 1.000 
0.024 0.994 0.147 0.978 0.994 
0.020 0.995 0.111 0.985 1.000 
0.014 0.997 0.139 0.973 1.000 
0.013 0.996 0.157 0.970 1.000 
0.023 0.995 0.086 0.980 1.000 
0.018 0.994 0.114 0.975 0.997 
0.027 0.992 0.094 0.978 1.000 
0.010 0.996 0.154 0.980 1.000 
0.024 0.995 0.168 0.968 1.000 
0.026 0.996 0.172 0.968 1.000 
0.023 0.992 0.170 0.963 1.000 
0.008 0.996 0.151 0.978 1.000 
0.012 0.996 0.123 0.988 1.000 
0.014 0.996 0.137 0.985 1.000 
0.014 0.995 0.117 0.993 1.000 
0.017 0.996 0.077 0.988 1.000 
0.014 0.996 0.127 0.985 1.000 
0.019 0.993 0.116 0.985 1.000 
0.009 0.998 0.212 0.978 1.000 
0.013 0.996 0.142 0.978 1.000 
0.024 0.993 0.242 0.945 1.000 
0.014 0.996 0.133 0.988 1.000 
0.011 0.996 0.228 0.953 1.000 
0.015 0.995 0.271 0.958 0.997 
0.016 0.995 0.137 0.980 1.000 
0.017 0.996 0.183 0.973 1.000 
0.015 0.996 0.186 0.970 1.000 
0.012 0.995 0.336 0.950 1.000 
0.018 0.995 0.163 0.968 1.000 
0.013 0.996 0.199 0.963 1.000 
0.014 0.994 0.306 0.963 1.000 
0.014 0.996 0.326 0.960 1.000 
0.017 0.995 0.154 0.978 1.000 
0.011 0.996 0.231 0.983 1.000 
0.008 0.997 0.209 0.988 1.000 
0.017 0.995 0.762 0.938 1.000 
0.025 0.994 0.208 0.948 1.000 
0.009 0.997 0.242 0.975 1.000 
0.010 0.997 0.191 0.973 1.000 
0.014 0.996 0.128 0.988 1.000 
0.008 0.997 0.129 0.988 1.000 
0.025 0.993 0.161 0.953 1.000 
0.021 0.994 0.165 0.960 1.000 
0.017 0.994 0.148 0.975 1.000 
0.027 0.994 0.169 0.993 1.000 
0.018 0.993 0.282 0.963 1.000 
0.017 0.995 0.189 0.975 1.000 
0.017 0.995 0.199 0.985 1.000 
0.015 0.995 0.214 0.985 1.000 
0.015 0.995 0.236 0.958 1.000 
0.016 0.994 0.249 0.973 1.000 
0.017 0.994 0.239 0.970 0.997 
0.009 0.998 0.173 0.985 1.000 
0.011 0.997 0.193 0.990 1.000 
0.022 0.993 0.238 0.983 1.000 
0.015 0.995 0.280 0.988 1.000 
0.028 0.995 0.373 0.958 1.000 
0.012 0.996 0.327 0.983 1.000 
0.028 0.995 0.253 0.975 1.000 
0.022 0.995 0.189 0.988 1.000 
0.015 0.995 0.290 0.980 1.000 
0.013 0.997 0.212 0.973 1.000 
0.012 0.996 0.525 0.953 1.000 
0.011 0.996 0.323 0.963 1.000 
0.016 0.995 0.234 0.980 1.000 
0.018 0.993 0.264 0.955 1.000 
0.012 0.996 0.223 0.985 1.000 
0.009 0.997 0.139 0.990 1.000 
0.014 0.995 0.162 0.990 1.000 
0.006 0.998 0.376 0.958 1.000 
0.022 0.996 0.139 0.980 1.000 
0.019 0.993 0.192 0.948 1.000 
0.013 0.996 0.159 0.983 1.000 
0.010 0.996 0.221 0.968 1.000 
0.030 0.994 0.136 0.955 1.000 
0.014 0.995 0.159 0.980 1.000 
0.017 0.994 0.133 0.983 1.000 
0.018 0.994 0.158 0.980 1.000 
0.015 0.996 0.172 0.980 1.000 
0.029 0.993 0.233 0.943 1.000 
0.008 0.998 0.201 0.970 1.000 
0.016 0.996 0.124 0.983 1.000 
0.016 0.996 0.129 0.988 0.997 
0.013 0.997 0.178 0.973 0.997 
0.012 0.996 0.198 0.970 1.000 
0.009 0.997 0.240 0.980 1.000 
0.013 0.996 0.332 0.938 1.000 
0.022 0.996 0.120 0.983 1.000 
0.016 0.995 0.127 0.985 1.000 
0.019 0.995 0.139 0.983 1.000 
0.013 0.996 0.219 0.960 1.000 
0.025 0.995 0.146 0.975 1.000 
0.009 0.996 0.158 0.983 1.000 
0.014 0.996 0.225 0.968 1.000 
0.040 0.993 0.281 0.955 1.000 
0.019 0.995 0.252 0.968 1.000 
0.017 0.994 0.211 0.980 1.000 
0.027 0.997 0.173 0.983 1.000 
0.015 0.997 0.154 0.983 1.000 
0.028 0.995 0.180 0.983 1.000 
0.017 0.994 0.144 0.985 1.000 
0.020 0.994 0.232 0.935 1.000 
0.012 0.995 0.249 0.950 1.000 
0.023 0.996 0.141 0.985 1.000 
0.014 0.995 0.121 0.978 1.000 
0.021 0.993 0.163 0.953 1.000 
0.015 0.996 0.119 0.978 1.000 
0.012 0.995 0.089 0.990 1.000 
0.015 0.996 0.156 0.980 1.000 
0.006 0.997 0.236 0.978 1.000 
0.025 0.995 0.133 0.980 1.000 
0.018 0.994 0.232 0.975 1.000 
0.029 0.993 0.156 0.983 1.000 
0.020 0.996 0.250 0.938 1.000 
0.019 0.995 0.169 0.980 1.000 
0.018 0.996 0.154 0.970 1.000 
0.013 0.996 0.125 0.988 1.000 
0.019 0.993 0.104 0.988 1.000 
0.025 0.992 0.132 0.983 1.000 
0.014 0.996 0.100 0.988 1.000 
0.031 0.993 0.392 0.970 1.000 
0.017 0.996 0.232 0.988 1.000 
0.018 0.995 0.238 0.978 1.000 
0.018 0.996 0.347 0.985 0.994 
0.036 0.993 0.262 0.975 1.000 
0.016 0.996 0.299 0.970 1.000 
0.016 0.995 0.256 0.980 1.000 
0.028 0.994 0.151 0.965 1.000 
0.011 0.996 0.161 0.978 1.000 
0.023 0.994 0.113 0.990 1.000 
0.013 0.996 0.161 0.983 1.000 
0.006 0.999 0.227 0.983 1.000 
0.020 0.995 0.140 0.988 1.000 
0.019 0.995 0.122 0.990 1.000 
0.015 0.995 0.171 0.973 1.000 
0.007 0.998 0.174 0.985 1.000 
0.014 0.995 0.356 0.943 1.000 
0.019 0.993 0.153 0.953 1.000 
0.009 0.997 0.183 0.970 1.000 
0.005 0.998 0.172 0.988 1.000 
0.011 0.997 0.163 0.985 1.000 
0.020 0.994 0.142 0.985 1.000 
0.014 0.996 0.174 0.988 1.000 
0.015 0.996 0.118 0.983 1.000 
0.012 0.998 0.151 0.963 1.000 
0.013 0.997 0.154 0.973 1.000 
0.010 0.997 0.215 0.948 0.975 
0.010 0.996 0.159 0.985 1.000 
0.018 0.996 0.109 0.980 1.000 
0.015 0.997 0.103 0.985 1.000 
0.023 0.995 0.099 0.985 1.000 
0.011 0.996 0.106 0.985 1.000 
0.014 0.995 0.212 0.960 1.000 
0.014 0.995 0.122 0.983 1.000 
0.009 0.996 0.093 0.988 1.000 
0.019 0.992 0.133 0.970 1.000 
0.012 0.997 0.146 0.975 1.000 
0.015 0.995 0.125 0.983 1.000 
0.015 0.994 0.214 0.968 0.991 
0.034 0.993 0.176 0.988 1.000 
0.021 0.993 0.148 0.988 1.000 
0.018 0.994 0.140 0.985 1.000 
0.027 0.994 0.124 0.970 1.000 
0.012 0.996 0.097 0.985 1.000 
0.019 0.995 0.125 0.975 1.000 
0.009 0.996 0.134 0.985 1.000 
0.021 0.996 0.064 0.985 1.000 
0.017 0.997 0.110 0.973 1.000 
0.015 0.995 0.071 0.985 1.000 
0.009 0.997 0.146 0.965 1.000 
0.011 0.995 0.098 0.985 1.000 
0.014 0.995 0.104 0.980 1.000 
0.008 0.998 0.128 0.983 1.000 
0.017 0.995 0.107 0.983 0.997 
0.021 0.992 0.085 0.980 1.000 
0.014 0.997 0.148 0.960 1.000 
0.014 0.996 0.067 0.988 1.000 
0.019 0.994 0.139 0.965 1.000 
0.011 0.997 0.118 0.988 1.000 
0.009 0.998 0.160 0.988 1.000 
0.013 0.996 0.214 0.953 1.000 
0.017 0.996 0.146 0.963 1.000 
0.006 0.997 0.169 0.970 1.000 
0.019 0.995 0.081 0.990 1.000 
0.013 0.995 0.131 0.978 1.000 
0.017 0.994 0.137 0.963 1.000 
0.006 0.997 0.396 0.938 1.000 
0.006 0.997 0.182 0.970 1.000 
0.014 0.995 0.242 0.968 1.000 
0.007 0.997 0.269 0.968 1.000 
0.016 0.997 0.146 0.983 1.000 
0.014 0.997 0.279 0.978 1.000 
0.029 0.994 0.259 0.943 1.000 
0.011 0.997 0.152 0.968 1.000 
0.029 0.993 0.107 0.985 1.000 
0.011 0.997 0.132 0.983 1.000 
0.009 0.998 0.118 0.968 1.000 
0.033 0.992 0.142 0.980 1.000 
0.015 0.996 0.148 0.978 1.000 
0.015 0.996 0.281 0.960 0.981 
0.015 0.997 0.151 0.978 1.000 
0.016 0.995 0.091 0.985 1.000 
0.016 0.995 0.250 0.930 0.943 
0.010 0.997 0.126 0.973 1.000 
0.010 0.995 0.101 0.990 1.000 
0.020 0.993 0.176 0.958 0.997 
0.011 0.996 0.180 0.983 1.000 
0.015 0.996 0.187 0.965 1.000 
0.033 0.995 0.159 0.955 0.997 
0.021 0.995 0.129 0.973 0.991 
0.014 0.996 0.088 0.985 0.997 
0.012 0.996 0.084 0.988 1.000 
0.013 0.996 0.103 0.983 1.000 
0.015 0.996 0.097 0.985 1.000 
0.013 0.995 0.156 0.975 1.000 
0.012 0.996 0.101 0.980 1.000 
0.020 0.994 0.119 0.983 1.000 
0.023 0.994 0.233 0.975 0.997 
0.028 0.995 0.213 0.983 0.994 
0.011 0.997 0.197 0.990 1.000 
0.036 0.996 0.155 0.983 1.000 
0.014 0.996 0.154 0.985 1.000 
0.014 0.995 0.155 0.985 1.000 
0.013 0.997 0.197 0.990 1.000 
0.021 0.995 0.159 0.990 1.000 
0.015 0.996 0.205 0.983 1.000 
0.020 0.994 0.288 0.945 0.994 
0.023 0.997 0.166 0.980 1.000 
0.013 0.996 0.140 0.983 1.000 
0.025 0.992 0.118 0.985 1.000 
0.007 0.997 0.206 0.983 1.000 
0.009 0.997 0.157 0.968 1.000 
0.016 0.995 0.238 0.978 0.997 
0.030 0.997 0.100 0.985 1.000 
0.019 0.996 0.113 0.978 0.994 
0.017 0.996 0.103 0.983 1.000 
0.015 0.996 0.127 0.975 1.000 
0.007 0.997 0.109 0.973 1.000 
0.009 0.997 0.120 0.983 1.000 
0.018 0.996 0.133 0.973 1.000 
0.021 0.994 0.325 0.960 1.000 
0.014 0.997 0.137 0.985 1.000 
0.018 0.996 0.110 0.975 1.000 
0.008 0.997 0.132 0.980 1.000 
0.012 0.996 0.130 0.980 1.000 
0.016 0.995 0.102 0.980 0.997 
0.013 0.994 0.087 0.985 0.997 
0.008 0.998 0.144 0.985 1.000 
0.026 0.993 0.253 0.943 1.000 
0.007 0.996 0.172 0.988 1.000 
0.017 0.994 0.195 0.932 0.997 
0.014 0.995 0.179 0.968 1.000 
0.017 0.997 0.167 0.953 1.000 
0.016 0.996 0.162 0.958 1.000 
0.010 0.997 0.300 0.935 1.000 
0.019 0.995 0.084 0.988 1.000 
0.010 0.996 0.129 0.983 1.000 
0.011 0.995 0.186 0.963 1.000 
0.009 0.997 0.130 0.983 1.000 
0.020 0.997 0.065 0.985 0.997 
0.015 0.995 0.082 0.985 1.000 
0.011 0.998 0.111 0.980 1.000 
0.014 0.995 0.144 0.965 0.997 
0.020 0.995 0.077 0.980 1.000 
0.022 0.995 0.066 0.985 1.000 
0.008 0.997 0.128 0.970 1.000 
0.013 0.995 0.090 0.985 1.000 
0.015 0.996 0.061 0.990 1.000 
0.009 0.997 0.101 0.985 1.000 
0.005 0.999 0.095 0.988 1.000 
0.015 0.996 0.069 0.990 1.000 
0.013 0.996 0.168 0.983 1.000 
0.009 0.998 0.079 0.985 1.000 
0.007 0.998 0.076 0.988 1.000 
0.017 0.994 0.108 0.973 1.000 
0.015 0.995 0.135 0.980 1.000 
0.006 0.997 0.119 0.988 1.000 
0.014 0.995 0.101 0.990 1.000 
0.008 0.998 0.169 0.985 1.000 
0.017 0.996 0.147 0.963 1.000 
0.012 0.997 0.197 0.960 1.000 
0.015 0.994 0.121 0.985 1.000 
0.021 0.992 0.107 0.983 1.000 
0.010 0.997 0.129 0.978 1.000 
0.022 0.995 0.174 0.985 1.000 
0.011 0.998 0.138 0.985 1.000 
0.015 0.996 0.186 0.985 1.000 
0.023 0.995 0.145 0.983 1.000 
0.011 0.998 0.113 0.990 0.978 
0.012 0.996 0.190 0.965 0.984 
0.010 0.997 0.152 0.988 0.994 
0.017 0.996 0.092 0.988 0.997 
0.011 0.996 0.120 0.988 1.000 
0.022 0.995 0.079 0.985 1.000 
0.011 0.996 0.132 0.970 1.000 
0.012 0.996 0.124 0.978 1.000 
0.016 0.994 0.121 0.978 1.000 
0.010 0.998 0.103 0.980 1.000 
0.019 0.996 0.192 0.975 1.000 
0.025 0.993 0.176 0.983 1.000 
0.036 0.990 0.088 0.985 1.000 
0.011 0.996 0.101 0.983 1.000 
0.010 0.997 0.089 0.983 1.000 
0.022 0.993 0.218 0.948 0.987 
0.012 0.996 0.101 0.985 1.000 
0.011 0.996 0.070 0.990 1.000 
0.011 0.995 0.067 0.990 1.000 
0.024 0.993 0.091 0.970 1.000 
0.005 0.998 0.107 0.983 1.000 
0.013 0.997 0.082 0.985 1.000 
0.017 0.995 0.080 0.988 0.997 
0.010 0.997 0.177 0.973 1.000 
0.012 0.995 0.114 0.985 1.000 
0.022 0.996 0.096 0.975 1.000 
0.010 0.996 0.083 0.985 1.000 
0.020 0.997 0.118 0.975 0.997 
0.016 0.994 0.115 0.985 1.000 
0.012 0.997 0.064 0.988 1.000 
0.009 0.997 0.113 0.975 0.991 
0.013 0.996 0.079 0.983 1.000 
0.013 0.996 0.151 0.963 1.000 
0.016 0.995 0.151 0.963 1.000 
0.006 0.998 0.159 0.953 1.000 
0.010 0.996 0.134 0.968 0.902 
0.012 0.995 0.150 0.973 1.000 
0.019 0.995 0.085 0.985 1.000 
0.008 0.998 0.176 0.968 0.987 
0.011 0.997 0.198 0.985 0.984 
0.019 0.996 0.175 0.975 1.000 
0.019 0.995 0.205 0.955 1.000 
0.026 0.995 0.084 0.975 0.972 
0.014 0.995 0.054 0.990 1.000 
0.009 0.996 0.113 0.973 0.975 
0.017 0.995 0.229 0.953 0.918 
0.013 0.996 0.079 0.985 0.987 
0.011 0.996 0.109 0.975 1.000 
0.018 0.996 0.128 0.990 1.000 
0.016 0.997 0.092 0.978 0.994 
0.014 0.995 0.074 0.985 0.991 
0.011 0.996 0.140 0.965 0.950 
0.010 0.997 0.086 0.985 1.000 
0.016 0.996 0.064 0.990 0.997 
0.006 0.998 0.105 0.978 0.852 
0.012 0.996 0.095 0.985 0.839 
0.017 0.994 0.083 0.988 1.000 
0.016 0.994 0.091 0.988 0.972 
0.014 0.997 0.106 0.970 0.994 
0.016 0.995 0.087 0.988 0.950 
0.012 0.997 0.071 0.988 0.991 
0.006 0.998 0.069 0.990 1.000 
0.010 0.997 0.103 0.985 1.000 
0.011 0.997 0.107 0.988 0.997 
0.007 0.997 0.136 0.988 1.000 
0.010 0.996 0.092 0.990 0.978 
0.012 0.996 0.078 0.990 1.000 
0.007 0.997 0.220 0.970 1.000 
0.010 0.998 0.112 0.990 1.000 
0.019 0.995 0.097 0.990 0.984 
0.016 0.996 0.145 0.978 0.975 
0.013 0.997 0.124 0.990 1.000 
0.012 0.997 0.139 0.988 1.000 
0.016 0.995 0.125 0.990 1.000 
0.030 0.993 0.084 0.985 1.000 
0.015 0.996 0.276 0.932 1.000 
0.013 0.996 0.132 0.985 1.000 
0.015 0.996 0.088 0.988 1.000 
0.010 0.997 0.107 0.980 1.000 
0.022 0.995 0.133 0.983 1.000 
0.007 0.998 0.223 0.975 0.997 
0.021 0.996 0.078 0.988 1.000 
0.016 0.995 0.083 0.990 1.000 
0.012 0.997 0.107 0.980 1.000 
0.016 0.995 0.079 0.990 1.000 
0.010 0.997 0.077 0.990 1.000 
0.008 0.997 0.118 0.985 1.000 
0.019 0.993 0.116 0.975 1.000 
0.014 0.996 0.105 0.973 1.000 
0.009 0.996 0.195 0.985 1.000 
0.008 0.997 0.154 0.988 1.000 
0.014 0.996 0.096 0.983 1.000 
0.007 0.998 0.075 0.990 1.000 
0.021 0.993 0.118 0.988 0.997 
0.034 0.997 0.056 0.990 1.000 
0.012 0.997 0.174 0.945 0.997 
0.013 0.997 0.091 0.980 1.000 
0.013 0.996 0.084 0.988 1.000 
0.019 0.995 0.163 0.970 1.000 
0.021 0.995 0.098 0.970 0.997 
0.009 0.997 0.079 0.985 1.000 
0.016 0.997 0.073 0.985 1.000 
0.009 0.997 0.135 0.958 0.994 
0.013 0.997 0.087 0.980 1.000 
0.015 0.996 0.100 0.970 0.994 
0.008 0.997 0.122 0.983 0.994 
0.013 0.997 0.152 0.950 1.000 
0.010 0.996 0.129 0.965 1.000 
0.015 0.996 0.115 0.980 1.000 
0.013 0.996 0.156 0.985 1.000 
0.013 0.996 0.080 0.985 1.000 
0.010 0.996 0.094 0.990 1.000 
0.012 0.996 0.102 0.990 1.000 
0.014 0.995 0.113 0.990 1.000 
0.013 0.997 0.093 0.990 1.000 
0.032 0.994 0.124 0.970 1.000 
0.009 0.998 0.080 0.990 1.000 
0.012 0.997 0.128 0.985 1.000 
0.014 0.997 0.180 0.968 0.997 
0.016 0.996 0.126 0.968 1.000 
0.010 0.996 0.125 0.978 1.000 
0.007 0.997 0.218 0.963 1.000 
0.014 0.995 0.170 0.955 1.000 
0.014 0.995 0.090 0.985 1.000 
0.010 0.996 0.123 0.973 0.991 
0.018 0.995 0.071 0.988 1.000 
0.010 0.997 0.086 0.990 1.000 
0.010 0.997 0.189 0.963 1.000 
0.017 0.995 0.097 0.990 1.000 
0.024 0.996 0.101 0.970 0.991 
0.009 0.998 0.102 0.973 0.940 
0.005 0.999 0.096 0.990 1.000 
0.012 0.997 0.096 0.988 1.000 
0.023 0.994 0.114 0.983 0.978 
0.010 0.997 0.111 0.988 1.000 
0.010 0.995 0.130 0.988 0.997 
0.011 0.996 0.266 0.975 0.918 
0.017 0.997 0.098 0.990 1.000 
0.018 0.996 0.132 0.970 0.956 
0.011 0.997 0.162 0.958 0.981 
0.008 0.998 0.098 0.990 1.000 
0.010 0.998 0.107 0.980 0.978 
0.011 0.998 0.242 0.960 1.000 
0.010 0.997 0.124 0.985 1.000 
0.013 0.997 0.074 0.988 1.000 
0.017 0.996 0.090 0.988 1.000 
0.012 0.996 0.175 0.960 1.000 
0.014 0.998 0.125 0.988 1.000 
0.015 0.996 0.148 0.980 1.000 
0.006 0.997 0.125 0.990 1.000 
0.010 0.996 0.146 0.988 1.000 
0.014 0.997 0.186 0.965 0.978 
0.016 0.997 0.287 0.990 1.000 
0.014 0.996 0.393 0.988 1.000 
0.013 0.997 0.334 0.985 1.000 
0.039 0.992 0.080 0.988 1.000 
0.021 0.997 0.112 0.983 1.000 
0.029 0.994 0.160 0.983 1.000 
0.020 0.994 0.249 0.985 1.000 
0.011 0.996 0.233 0.983 1.000 
0.015 0.997 0.091 0.990 1.000 
0.016 0.996 0.163 0.965 1.000 
0.017 0.996 0.190 0.975 0.997 
0.016 0.995 0.192 0.975 0.997 
0.009 0.997 0.229 0.963 0.997 
0.018 0.994 0.242 0.975 1.000 
0.011 0.995 0.176 0.985 1.000 
0.010 0.997 0.209 0.968 1.000 
0.010 0.997 0.251 0.983 1.000 
0.027 0.994 0.206 0.968 1.000 
0.010 0.997 0.268 0.932 0.997 
0.007 0.997 0.156 0.985 1.000 
0.007 0.997 0.208 0.985 1.000 
0.011 0.996 0.253 0.983 0.994 
0.018 0.997 0.237 0.988 0.991 
0.013 0.996 0.172 0.985 0.991 
0.011 0.996 0.137 0.985 1.000 
0.027 0.996 0.112 0.980 1.000 
0.012 0.997 0.163 0.983 0.987 
0.010 0.997 0.196 0.963 1.000 
0.006 0.996 0.154 0.985 1.000 
0.015 0.995 0.124 0.985 1.000 
0.012 0.995 0.128 0.985 1.000 
0.007 0.998 0.130 0.988 1.000 
0.016 0.995 0.072 0.988 1.000 
0.010 0.996 0.125 0.985 1.000 
0.009 0.996 0.297 0.970 1.000 
0.025 0.994 0.184 0.975 1.000 
0.012 0.997 0.100 0.983 1.000 
0.009 0.997 0.104 0.985 1.000 
0.009 0.998 0.120 0.983 1.000 
0.007 0.997 0.120 0.988 1.000 
0.023 0.995 0.179 0.983 1.000 
0.024 0.997 0.431 0.990 1.000 
0.040 0.996 0.208 0.978 0.978 
0.011 0.998 0.202 0.988 1.000 
0.037 0.995 0.168 0.978 0.994 
0.014 0.995 0.153 0.985 1.000 
0.014 0.996 0.190 0.980 1.000 
0.014 0.998 0.239 0.975 1.000 
0.016 0.993 0.210 0.983 1.000 
0.009 0.996 0.161 0.985 1.000 
0.007 0.997 0.624 0.968 1.000 
0.011 0.998 0.215 0.978 1.000 
0.012 0.997 0.232 0.988 1.000 
0.009 0.997 0.239 0.950 0.991 
0.007 0.998 0.257 0.970 1.000 
0.016 0.995 0.194 0.990 1.000 
0.007 0.997 0.413 0.975 1.000 
0.013 0.995 0.257 0.955 0.997 
0.015 0.997 0.472 0.963 0.997 
0.022 0.994 0.367 0.943 1.000 
0.016 0.995 0.184 0.980 1.000 
0.005 0.999 0.174 0.988 1.000 
0.011 0.997 0.233 0.973 1.000 
0.014 0.997 0.256 0.975 1.000 
0.009 0.997 0.439 0.965 0.997 
0.029 0.996 0.121 0.990 1.000 
0.019 0.995 0.179 0.983 0.987 
0.010 0.997 0.207 0.988 1.000 
0.022 0.997 0.260 0.990 0.991 
0.016 0.996 0.200 0.988 1.000 
0.007 0.997 0.195 0.990 1.000 
0.021 0.995 0.143 0.990 1.000 
0.007 0.996 0.160 0.990 1.000 
0.014 0.996 0.253 0.990 1.000 
0.028 0.994 0.147 0.983 1.000 
0.006 0.998 0.210 0.983 0.997 
0.029 0.994 0.151 0.985 0.981 
0.010 0.997 0.195 0.985 0.997 
0.009 0.997 0.216 0.983 0.997 
0.013 0.997 0.209 0.988 1.000 
0.013 0.996 0.189 0.990 1.000 
0.002 0.999 0.199 0.988 1.000 
0.024 0.995 0.190 0.988 1.000 
0.013 0.995 0.274 0.985 0.962 
0.012 0.997 0.254 0.990 0.987 
0.013 0.997 0.138 0.985 1.000 
0.006 0.999 0.219 0.990 1.000 
0.009 0.997 0.353 0.988 0.997 
0.009 0.998 0.161 0.990 1.000 
0.027 0.993 0.151 0.983 1.000 
0.014 0.996 0.438 0.943 0.915 
0.015 0.995 0.201 0.988 1.000 
0.009 0.997 0.240 0.983 1.000 
0.016 0.996 0.153 0.985 1.000 
0.015 0.995 0.261 0.985 1.000 
0.015 0.995 0.260 0.990 1.000 
0.010 0.998 0.227 0.988 1.000 
0.012 0.997 0.304 0.965 0.978 
0.015 0.997 0.342 0.970 1.000 
0.021 0.995 0.275 0.975 0.940 
0.012 0.997 0.206 0.968 1.000 
0.010 0.997 0.197 0.983 1.000 
0.010 0.997 0.266 0.970 1.000 
0.007 0.998 0.270 0.988 1.000 
0.024 0.997 0.284 0.973 1.000 
0.008 0.998 0.348 0.988 1.000 
0.011 0.996 0.211 0.990 1.000 
0.007 0.998 0.316 0.990 1.000 
0.015 0.993 0.232 0.988 1.000 
0.029 0.994 0.237 0.975 1.000 
0.013 0.996 0.182 0.988 1.000 
0.014 0.997 0.142 0.970 1.000 
0.022 0.998 0.100 0.990 1.000 
0.009 0.997 0.150 0.985 1.000 
0.009 0.997 0.224 0.990 1.000 
0.030 0.994 0.179 0.990 1.000 
0.013 0.996 0.246 0.990 1.000 
0.013 0.996 0.135 0.985 1.000 
0.025 0.994 0.152 0.970 1.000 
0.010 0.997 0.299 0.980 1.000 
0.012 0.996 0.209 0.983 1.000 
0.012 0.996 0.136 0.985 0.997 
0.014 0.997 0.164 0.968 1.000 
0.014 0.996 0.066 0.990 1.000 
0.013 0.997 0.089 0.988 0.997 
0.016 0.996 0.131 0.980 1.000 
0.010 0.997 0.162 0.958 1.000 
0.013 0.998 0.168 0.990 1.000 
0.013 0.996 0.231 0.990 1.000 
0.008 0.997 0.161 0.988 1.000 
0.006 0.998 0.308 0.970 0.997 
0.019 0.995 0.081 0.988 0.997 
0.006 0.999 0.169 0.980 1.000 
0.020 0.996 0.221 0.975 1.000 
0.012 0.996 0.246 0.975 1.000 
0.011 0.996 0.227 0.978 1.000 
0.017 0.995 0.174 0.965 0.987 
0.004 0.999 0.261 0.990 1.000 
0.021 0.997 0.193 0.988 1.000 
0.008 0.998 0.209 0.990 1.000 
0.015 0.995 0.276 0.950 1.000 
0.008 0.998 0.267 0.985 1.000 
0.021 0.996 0.232 0.980 0.956 
0.009 0.997 0.232 0.983 0.984 
0.009 0.997 0.272 0.983 1.000 
0.009 0.997 0.346 0.963 0.965 
0.035 0.995 0.123 0.985 1.000 
0.008 0.998 0.124 0.990 1.000 
0.006 0.998 0.140 0.988 1.000 
0.025 0.996 0.336 0.973 0.981 
0.012 0.996 0.137 0.975 1.000 
0.016 0.996 0.127 0.985 1.000 
0.017 0.995 0.129 0.980 0.991 
0.004 0.998 0.160 0.980 1.000 
0.029 0.997 0.151 0.983 1.000 
0.017 0.998 0.162 0.963 0.997 
0.012 0.995 0.129 0.980 1.000 
0.010 0.997 0.124 0.978 0.994 
0.004 0.998 0.127 0.985 1.000 
0.014 0.996 0.114 0.983 1.000 
0.013 0.997 0.142 0.980 0.997 
0.009 0.997 0.097 0.988 1.000 
0.023 0.995 0.167 0.975 1.000 
0.013 0.996 0.159 0.963 1.000 
0.013 0.996 0.173 0.970 1.000 
0.014 0.996 0.204 0.983 0.994 
0.008 0.997 0.316 0.968 0.994 
0.018 0.996 0.284 0.930 1.000 
0.013 0.994 0.229 0.985 1.000 
0.027 0.994 0.146 0.965 1.000 
0.013 0.996 0.158 0.985 1.000 
0.009 0.997 0.369 0.978 1.000 
0.008 0.997 0.270 0.935 0.994 
0.010 0.998 0.213 0.953 1.000 
0.009 0.996 0.151 0.975 1.000 
0.009 0.996 0.310 0.963 1.000 
0.004 0.998 0.251 0.988 1.000 
0.015 0.997 0.098 0.990 1.000 
0.008 0.997 0.151 0.975 1.000 
0.009 0.997 0.211 0.973 0.997 
0.015 0.996 0.129 0.978 1.000 
0.010 0.997 0.120 0.978 1.000 
0.011 0.996 0.277 0.943 1.000 
0.014 0.996 0.097 0.990 1.000 
0.018 0.996 0.214 0.950 1.000 
0.028 0.994 0.177 0.980 1.000 
0.036 0.994 0.271 0.983 1.000 
0.013 0.996 0.258 0.963 0.997 
0.004 0.998 0.382 0.988 1.000 
0.008 0.997 0.368 0.938 1.000 
0.007 0.997 0.265 0.990 1.000 
0.011 0.997 0.289 0.980 1.000 
0.010 0.997 0.424 0.953 0.968 
0.018 0.994 0.193 0.990 1.000 
0.026 0.994 0.177 0.980 1.000 
0.012 0.995 0.214 0.988 1.000 
0.011 0.997 0.145 0.983 1.000 
0.010 0.998 0.144 0.990 1.000 
0.016 0.995 0.176 0.983 1.000 
0.009 0.996 0.153 0.990 1.000 
0.015 0.996 0.187 0.960 1.000 
0.014 0.995 0.271 0.990 1.000 
0.023 0.998 0.189 0.953 1.000 
0.008 0.997 0.191 0.968 1.000 
0.010 0.996 0.160 0.988 1.000 
0.007 0.998 0.176 0.983 1.000 
0.010 0.997 0.176 0.990 1.000 
0.007 0.997 0.198 0.965 1.000 
0.006 0.997 0.197 0.990 1.000 
0.009 0.998 0.217 0.983 1.000 
0.005 0.998 0.213 0.983 1.000 
0.013 0.995 0.205 0.983 1.000 
0.039 0.993 0.108 0.990 1.000 
