0.276 0.897 0.138 0.978 1.000 
0.163 0.945 0.093 0.980 1.000 
0.138 0.955 0.102 0.968 1.000 
0.119 0.961 0.101 0.988 1.000 
0.121 0.961 0.090 0.973 1.000 
0.100 0.969 0.122 0.960 0.984 
0.093 0.975 0.113 0.973 1.000 
0.092 0.971 0.059 0.990 1.000 
0.086 0.968 0.087 0.980 1.000 
0.084 0.977 0.102 0.965 1.000 
0.086 0.969 0.064 0.980 1.000 
0.074 0.976 0.097 0.978 1.000 
0.081 0.979 0.113 0.978 1.000 
0.076 0.976 0.106 0.965 1.000 
0.075 0.982 0.091 0.965 1.000 
0.074 0.982 0.108 0.968 1.000 
0.069 0.982 0.067 0.985 1.000 
0.060 0.982 0.107 0.978 1.000 
0.065 0.981 0.091 0.970 1.000 
0.070 0.980 0.052 0.993 1.000 
0.078 0.979 0.088 0.978 1.000 
0.068 0.980 0.065 0.978 1.000 
0.065 0.982 0.049 0.993 1.000 
0.069 0.979 0.084 0.965 1.000 
0.061 0.983 0.052 0.990 1.000 
0.063 0.983 0.074 0.970 1.000 
0.057 0.981 0.081 0.968 1.000 
0.056 0.983 0.071 0.970 1.000 
0.062 0.983 0.063 0.975 1.000 
0.071 0.979 0.073 0.978 1.000 
0.057 0.980 0.074 0.993 1.000 
0.060 0.982 0.051 0.990 1.000 
0.071 0.979 0.074 0.990 1.000 
0.059 0.985 0.091 0.963 1.000 
0.047 0.988 0.068 0.985 0.978 
0.055 0.983 0.041 0.990 1.000 
0.049 0.986 0.052 0.980 1.000 
0.052 0.985 0.085 0.963 1.000 
0.051 0.983 0.050 0.985 1.000 
0.043 0.987 0.047 0.988 1.000 
0.046 0.988 0.060 0.990 1.000 
0.051 0.986 0.066 0.983 1.000 
0.056 0.986 0.040 0.990 1.000 
0.046 0.988 0.075 0.980 1.000 
0.053 0.984 0.050 0.993 0.978 
0.055 0.985 0.079 0.985 1.000 
0.041 0.987 0.045 0.990 1.000 
0.045 0.988 0.057 0.993 1.000 
0.061 0.986 0.050 0.993 1.000 
0.045 0.990 0.045 0.990 1.000 
0.041 0.986 0.036 0.993 1.000 
0.057 0.983 0.057 0.990 1.000 
0.040 0.989 0.076 0.980 1.000 
0.049 0.985 0.045 0.993 1.000 
0.047 0.986 0.037 0.993 0.714 
0.045 0.989 0.049 0.988 1.000 
0.048 0.986 0.102 0.963 0.981 
0.045 0.990 0.056 0.980 0.994 
0.053 0.986 0.096 0.960 0.845 
0.037 0.990 0.056 0.983 0.519 
0.042 0.991 0.035 0.993 1.000 
0.044 0.987 0.082 0.978 1.000 
0.053 0.988 0.046 0.993 1.000 
0.035 0.990 0.048 0.988 1.000 
0.042 0.988 0.093 0.965 1.000 
0.038 0.990 0.050 0.988 1.000 
0.041 0.988 0.050 0.985 1.000 
0.042 0.989 0.040 0.993 1.000 
0.037 0.989 0.040 0.993 1.000 
0.040 0.989 0.029 0.993 0.984 
0.037 0.989 0.052 0.985 0.988 
0.034 0.991 0.054 0.985 1.000 
0.048 0.986 0.041 0.990 0.988 
0.045 0.985 0.043 0.988 0.699 
0.041 0.990 0.077 0.978 0.981 
0.033 0.991 0.101 0.973 0.984 
0.044 0.989 0.082 0.968 0.012 
0.045 0.986 0.048 0.988 0.814 
0.040 0.989 0.047 0.988 0.556 
0.027 0.993 0.084 0.965 0.991 
0.035 0.993 0.048 0.985 0.997 
0.046 0.989 0.054 0.985 0.988 
0.044 0.988 0.041 0.990 0.988 
0.039 0.989 0.059 0.983 0.997 
0.038 0.990 0.039 0.990 0.963 
0.040 0.989 0.067 0.985 1.000 
0.033 0.992 0.038 0.988 0.963 
0.037 0.989 0.054 0.985 1.000 
0.049 0.990 0.055 0.985 1.000 
0.042 0.988 0.056 0.983 1.000 
0.042 0.986 0.030 0.993 0.997 
0.040 0.993 0.046 0.990 1.000 
0.044 0.990 0.075 0.975 1.000 
0.036 0.991 0.052 0.985 1.000 
0.041 0.991 0.053 0.985 0.981 
0.033 0.992 0.038 0.990 1.000 
0.038 0.992 0.039 0.990 1.000 
0.035 0.991 0.061 0.983 1.000 
0.034 0.992 0.036 0.993 1.000 
0.039 0.991 0.048 0.980 0.596 
0.031 0.993 0.030 0.993 0.264 
0.035 0.990 0.043 0.985 0.913 
0.032 0.992 0.119 0.958 1.000 
0.036 0.989 0.023 0.993 0.857 
0.025 0.993 0.116 0.953 0.997 
0.053 0.988 0.045 0.993 0.298 
0.039 0.989 0.031 0.990 0.932 
0.047 0.988 0.028 0.990 0.991 
0.048 0.989 0.037 0.990 1.000 
0.032 0.994 0.037 0.988 0.519 
0.043 0.990 0.052 0.988 0.997 
0.034 0.991 0.059 0.978 1.000 
0.035 0.990 0.101 0.958 0.997 
0.030 0.992 0.061 0.980 0.494 
0.030 0.990 0.040 0.988 1.000 
0.034 0.991 0.044 0.990 0.193 
0.028 0.990 0.067 0.975 0.963 
0.042 0.989 0.043 0.993 0.972 
0.033 0.990 0.045 0.988 1.000 
0.035 0.990 0.028 0.995 0.991 
0.032 0.992 0.044 0.993 0.994 
0.026 0.992 0.032 0.993 0.429 
0.027 0.994 0.046 0.988 0.994 
0.033 0.993 0.035 0.990 0.012 
0.039 0.988 0.025 0.990 0.814 
0.030 0.992 0.032 0.990 0.997 
0.033 0.992 0.027 0.993 0.429 
0.031 0.991 0.026 0.993 0.901 
0.028 0.995 0.039 0.990 0.829 
0.032 0.993 0.041 0.990 0.003 
0.031 0.993 0.062 0.978 1.000 
0.032 0.991 0.045 0.988 0.957 
0.032 0.992 0.046 0.985 0.938 
0.028 0.992 0.030 0.990 0.981 
0.035 0.992 0.092 0.968 0.972 
0.031 0.992 0.038 0.988 0.997 
0.038 0.989 0.029 0.998 0.994 
0.034 0.992 0.042 0.990 0.957 
0.028 0.993 0.053 0.980 0.994 
0.029 0.990 0.030 0.995 0.981 
0.031 0.992 0.154 0.973 1.000 
0.031 0.991 0.063 0.978 1.000 
0.030 0.993 0.028 0.993 0.978 
0.031 0.992 0.063 0.975 1.000 
0.035 0.988 0.086 0.973 0.994 
0.033 0.990 0.030 0.993 0.969 
0.028 0.992 0.050 0.980 0.997 
0.028 0.995 0.024 0.995 0.491 
0.041 0.990 0.035 0.993 0.925 
0.036 0.991 0.036 0.988 0.481 
0.039 0.990 0.077 0.973 0.947 
0.029 0.993 0.039 0.988 1.000 
0.029 0.992 0.042 0.985 0.972 
0.036 0.989 0.039 0.990 0.994 
0.035 0.993 0.035 0.990 1.000 
0.027 0.991 0.031 0.995 0.969 
0.029 0.990 0.071 0.973 0.720 
0.038 0.990 0.032 0.995 0.373 
0.025 0.993 0.021 0.995 0.019 
0.022 0.995 0.019 0.995 0.988 
0.026 0.992 0.027 0.993 0.957 
0.031 0.991 0.034 0.990 0.593 
0.039 0.990 0.023 0.995 0.776 
0.027 0.992 0.025 0.993 0.991 
0.026 0.995 0.029 0.993 0.522 
0.040 0.989 0.056 0.988 0.289 
0.031 0.992 0.036 0.993 0.000 
0.027 0.991 0.038 0.993 0.109 
0.044 0.989 0.072 0.980 0.056 
0.024 0.993 0.043 0.983 1.000 
0.040 0.992 0.039 0.993 0.112 
0.029 0.993 0.029 0.995 1.000 
0.024 0.995 0.045 0.985 1.000 
0.032 0.990 0.059 0.983 0.981 
0.022 0.994 0.134 0.965 0.916 
0.038 0.990 0.066 0.973 0.618 
0.027 0.993 0.088 0.965 0.957 
0.025 0.994 0.072 0.978 0.984 
0.024 0.994 0.016 0.995 0.994 
0.045 0.990 0.051 0.985 0.612 
0.035 0.990 0.029 0.995 0.506 
0.029 0.992 0.025 0.993 0.988 
0.037 0.990 0.021 0.993 0.994 
0.023 0.994 0.067 0.978 1.000 
0.029 0.992 0.021 0.995 1.000 
0.036 0.991 0.057 0.995 1.000 
0.029 0.991 0.065 0.973 0.000 
0.035 0.991 0.026 0.993 0.994 
0.031 0.993 0.035 0.990 0.857 
0.025 0.992 0.041 0.993 0.994 
0.025 0.995 0.028 0.993 1.000 
0.024 0.994 0.039 0.983 0.972 
0.022 0.993 0.044 0.983 0.006 
0.028 0.995 0.036 0.990 0.870 
0.024 0.994 0.038 0.985 1.000 
0.030 0.993 0.042 0.983 0.689 
0.027 0.991 0.025 0.995 1.000 
0.024 0.995 0.092 0.965 1.000 
0.029 0.992 0.024 0.995 1.000 
0.030 0.993 0.025 0.995 1.000 
0.033 0.990 0.053 0.978 1.000 
0.024 0.993 0.040 0.985 1.000 
0.021 0.995 0.058 0.983 0.997 
0.023 0.994 0.047 0.985 1.000 
0.027 0.993 0.039 0.988 1.000 
0.022 0.995 0.051 0.978 1.000 
0.022 0.995 0.047 0.980 1.000 
0.053 0.993 0.040 0.988 0.997 
0.022 0.994 0.022 0.993 1.000 
0.030 0.991 0.033 0.995 1.000 
0.039 0.990 0.041 0.985 1.000 
0.026 0.990 0.033 0.988 1.000 
0.029 0.992 0.089 0.968 1.000 
0.028 0.992 0.027 0.995 1.000 
0.043 0.988 0.048 0.983 1.000 
0.025 0.995 0.042 0.995 1.000 
0.031 0.994 0.051 0.980 0.960 
0.031 0.992 0.051 0.985 1.000 
0.031 0.989 0.071 0.975 1.000 
0.022 0.995 0.024 0.993 1.000 
0.025 0.992 0.060 0.983 1.000 
0.033 0.993 0.025 0.995 1.000 
0.023 0.993 0.025 0.995 1.000 
0.035 0.990 0.046 0.988 1.000 
0.032 0.992 0.027 0.995 1.000 
0.032 0.994 0.030 0.995 1.000 
0.029 0.992 0.041 0.993 1.000 
0.039 0.991 0.083 0.953 1.000 
0.026 0.995 0.038 0.985 1.000 
0.027 0.994 0.074 0.970 0.963 
0.027 0.994 0.028 0.993 1.000 
0.023 0.995 0.030 0.993 1.000 
0.018 0.995 0.015 0.995 1.000 
0.025 0.991 0.085 0.973 1.000 
0.021 0.996 0.083 0.985 1.000 
0.037 0.989 0.032 0.993 0.804 
0.024 0.995 0.031 0.990 0.984 
0.024 0.993 0.051 0.988 1.000 
0.028 0.993 0.052 0.978 1.000 
0.025 0.993 0.044 0.985 0.969 
0.023 0.996 0.038 0.988 0.997 
0.022 0.993 0.033 0.993 1.000 
0.028 0.993 0.059 0.980 1.000 
0.024 0.994 0.041 0.985 1.000 
0.028 0.992 0.029 0.990 1.000 
0.018 0.994 0.044 0.988 1.000 
0.020 0.996 0.020 0.993 1.000 
0.034 0.992 0.049 0.983 1.000 
0.023 0.993 0.026 0.990 0.991 
0.014 0.995 0.025 0.993 1.000 
0.020 0.995 0.025 0.993 1.000 
0.039 0.990 0.036 0.988 1.000 
0.018 0.993 0.038 0.985 1.000 
0.024 0.992 0.038 0.988 1.000 
0.020 0.992 0.037 0.985 1.000 
0.030 0.993 0.035 0.988 1.000 
0.030 0.991 0.058 0.975 0.991 
0.022 0.993 0.053 0.985 1.000 
0.022 0.995 0.024 0.995 1.000 
0.037 0.991 0.025 0.990 1.000 
0.022 0.995 0.034 0.990 1.000 
0.020 0.996 0.042 0.985 1.000 
0.015 0.996 0.058 0.980 1.000 
0.017 0.996 0.025 0.995 1.000 
0.031 0.990 0.067 0.978 1.000 
0.028 0.992 0.064 0.980 1.000 
0.018 0.996 0.074 0.980 0.724 
0.016 0.995 0.073 0.983 1.000 
0.026 0.993 0.041 0.990 1.000 
0.020 0.993 0.054 0.985 1.000 
0.019 0.996 0.039 0.985 1.000 
0.023 0.992 0.034 0.995 0.435 
0.026 0.993 0.024 0.995 1.000 
0.025 0.993 0.020 0.995 1.000 
0.025 0.992 0.041 0.988 0.947 
0.021 0.993 0.024 0.993 1.000 
0.022 0.991 0.067 0.975 1.000 
0.033 0.993 0.019 0.995 1.000 
0.027 0.993 0.040 0.985 1.000 
0.024 0.992 0.030 0.995 1.000 
0.024 0.992 0.035 0.990 1.000 
0.015 0.995 0.022 0.995 1.000 
0.028 0.991 0.042 0.985 1.000 
0.026 0.995 0.048 0.988 1.000 
0.027 0.992 0.026 0.993 1.000 
0.021 0.995 0.049 0.985 1.000 
0.020 0.991 0.057 0.978 0.786 
0.027 0.991 0.065 0.973 1.000 
0.020 0.994 0.026 0.988 1.000 
0.037 0.988 0.023 0.998 1.000 
0.026 0.995 0.029 0.993 1.000 
0.031 0.993 0.029 0.995 1.000 
0.027 0.991 0.038 0.983 0.615 
0.032 0.991 0.034 0.990 0.994 
0.016 0.995 0.022 0.995 1.000 
0.018 0.995 0.062 0.978 1.000 
0.030 0.992 0.028 0.990 1.000 
0.024 0.993 0.035 0.985 0.835 
0.028 0.993 0.049 0.983 1.000 
0.017 0.996 0.033 0.990 0.975 
0.027 0.994 0.033 0.988 1.000 
0.021 0.996 0.054 0.975 1.000 
0.021 0.992 0.116 0.943 0.994 
0.022 0.995 0.054 0.980 0.876 
0.029 0.992 0.030 0.993 0.997 
0.017 0.996 0.053 0.985 1.000 
0.020 0.994 0.080 0.968 0.978 
0.022 0.992 0.021 0.993 1.000 
0.020 0.994 0.037 0.988 1.000 
0.033 0.990 0.029 0.993 0.972 
0.017 0.995 0.044 0.990 0.876 
0.018 0.995 0.040 0.988 1.000 
0.039 0.993 0.033 0.993 0.966 
0.021 0.993 0.021 0.995 0.972 
0.023 0.992 0.041 0.985 0.981 
0.022 0.993 0.021 0.993 0.929 
0.020 0.994 0.065 0.978 0.994 
0.024 0.993 0.037 0.988 1.000 
0.027 0.995 0.023 0.995 1.000 
0.016 0.996 0.037 0.988 0.997 
0.033 0.990 0.020 0.995 1.000 
0.022 0.993 0.026 0.993 1.000 
0.025 0.993 0.031 0.993 1.000 
0.030 0.994 0.021 0.995 1.000 
0.035 0.990 0.036 0.988 1.000 
0.020 0.995 0.027 0.993 0.789 
0.026 0.995 0.036 0.993 0.208 
0.022 0.993 0.034 0.990 1.000 
0.023 0.995 0.027 0.995 0.898 
0.022 0.994 0.033 0.993 1.000 
0.013 0.996 0.033 0.993 0.457 
0.016 0.995 0.067 0.978 0.059 
0.024 0.993 0.059 0.973 1.000 
0.030 0.992 0.030 0.995 0.988 
0.023 0.994 0.020 0.993 1.000 
0.022 0.992 0.021 0.993 1.000 
0.019 0.995 0.026 0.993 1.000 
0.019 0.994 0.019 0.993 0.587 
0.023 0.994 0.022 0.995 0.407 
0.017 0.994 0.027 0.993 0.696 
0.023 0.993 0.030 0.993 0.062 
0.027 0.994 0.038 0.990 0.314 
0.039 0.994 0.027 0.993 1.000 
0.029 0.994 0.042 0.993 1.000 
0.021 0.996 0.022 0.993 1.000 
0.027 0.993 0.034 0.990 0.627 
0.023 0.994 0.053 0.983 0.562 
0.023 0.993 0.035 0.985 0.963 
0.020 0.996 0.048 0.983 0.801 
0.018 0.995 0.053 0.983 0.276 
0.016 0.994 0.016 0.995 0.916 
0.031 0.992 0.057 0.983 0.997 
0.015 0.996 0.089 0.980 0.000 
0.033 0.994 0.034 0.988 0.307 
0.021 0.994 0.106 0.980 0.000 
0.036 0.993 0.029 0.990 0.997 
0.018 0.996 0.030 0.990 0.003 
0.025 0.995 0.031 0.993 0.084 
0.018 0.995 0.059 0.980 0.031 
0.020 0.995 0.030 0.993 0.966 
0.024 0.994 0.074 0.975 0.972 
0.020 0.994 0.042 0.988 0.186 
0.023 0.994 0.022 0.995 1.000 
0.011 0.998 0.041 0.985 1.000 
0.020 0.994 0.027 0.993 0.907 
0.029 0.992 0.034 0.990 1.000 
0.029 0.991 0.020 0.993 0.997 
0.021 0.993 0.028 0.990 1.000 
0.012 0.995 0.057 0.983 0.969 
0.016 0.996 0.054 0.983 0.997 
0.029 0.992 0.030 0.993 1.000 
0.024 0.995 0.037 0.988 0.994 
0.019 0.992 0.051 0.978 1.000 
0.029 0.992 0.022 0.988 0.385 
0.042 0.990 0.033 0.985 1.000 
0.016 0.996 0.033 0.990 1.000 
0.012 0.996 0.014 0.995 1.000 
0.027 0.994 0.046 0.990 0.677 
0.040 0.994 0.053 0.980 0.693 
0.023 0.993 0.052 0.983 0.994 
0.014 0.995 0.025 0.990 0.988 
0.023 0.995 0.014 0.993 0.941 
0.032 0.990 0.120 0.940 0.798 
0.020 0.995 0.083 0.968 1.000 
0.025 0.992 0.067 0.980 1.000 
0.023 0.993 0.046 0.983 0.994 
0.025 0.992 0.037 0.985 1.000 
0.015 0.996 0.014 0.995 0.997 
0.021 0.995 0.025 0.995 1.000 
0.017 0.995 0.025 0.995 1.000 
0.016 0.996 0.045 0.985 1.000 
0.027 0.994 0.052 0.980 0.438 
0.020 0.995 0.024 0.995 0.916 
0.016 0.996 0.045 0.983 1.000 
0.017 0.993 0.071 0.975 0.994 
0.028 0.993 0.144 0.940 0.512 
0.017 0.993 0.028 0.995 0.866 
0.017 0.996 0.021 0.993 1.000 
0.048 0.993 0.053 0.980 1.000 
0.036 0.993 0.024 0.995 0.848 
0.021 0.993 0.029 0.988 1.000 
0.043 0.989 0.040 0.983 1.000 
0.014 0.995 0.046 0.983 1.000 
0.029 0.992 0.075 0.963 1.000 
0.009 0.998 0.027 0.993 1.000 
0.015 0.996 0.025 0.993 1.000 
0.028 0.992 0.033 0.990 1.000 
0.019 0.995 0.032 0.993 1.000 
0.028 0.992 0.042 0.988 1.000 
0.017 0.994 0.042 0.988 1.000 
0.025 0.992 0.028 0.995 1.000 
0.016 0.996 0.036 0.985 1.000 
0.038 0.990 0.033 0.993 0.543 
0.028 0.992 0.025 0.995 0.997 
0.022 0.992 0.096 0.950 1.000 
0.019 0.993 0.039 0.995 0.814 
0.012 0.997 0.029 0.993 1.000 
0.032 0.991 0.043 0.988 1.000 
0.016 0.996 0.110 0.958 1.000 
0.026 0.992 0.041 0.985 1.000 
0.019 0.995 0.038 0.985 1.000 
0.017 0.992 0.047 0.980 1.000 
0.022 0.995 0.032 0.995 1.000 
0.027 0.992 0.067 0.978 0.997 
0.017 0.995 0.026 0.993 1.000 
0.022 0.993 0.033 0.990 1.000 
0.026 0.994 0.074 0.978 1.000 
0.020 0.994 0.039 0.990 1.000 
0.020 0.992 0.047 0.985 1.000 
0.018 0.994 0.022 0.993 0.984 
0.022 0.993 0.053 0.980 1.000 
0.015 0.996 0.031 0.990 0.022 
0.023 0.996 0.064 0.980 1.000 
0.020 0.994 0.075 0.975 1.000 
0.033 0.993 0.054 0.983 0.966 
0.024 0.993 0.034 0.995 1.000 
0.017 0.994 0.031 0.995 0.994 
0.032 0.992 0.028 0.990 1.000 
0.024 0.995 0.037 0.988 1.000 
0.016 0.995 0.059 0.975 1.000 
0.012 0.996 0.052 0.983 1.000 
0.022 0.992 0.040 0.983 1.000 
0.026 0.993 0.030 0.993 1.000 
0.015 0.993 0.042 0.985 1.000 
0.012 0.998 0.025 0.993 1.000 
0.026 0.994 0.034 0.993 1.000 
0.021 0.994 0.028 0.993 1.000 
0.016 0.993 0.101 0.968 1.000 
0.018 0.995 0.042 0.990 1.000 
0.025 0.993 0.050 0.988 1.000 
0.018 0.995 0.038 0.990 0.817 
0.029 0.993 0.038 0.990 1.000 
0.018 0.995 0.039 0.988 1.000 
0.013 0.994 0.049 0.985 1.000 
0.013 0.994 0.031 0.990 1.000 
0.018 0.995 0.027 0.993 1.000 
0.018 0.996 0.088 0.970 1.000 
0.016 0.995 0.028 0.995 1.000 
0.024 0.994 0.058 0.975 1.000 
0.012 0.996 0.045 0.995 1.000 
0.027 0.994 0.045 0.980 1.000 
0.017 0.995 0.021 0.993 1.000 
0.016 0.994 0.041 0.985 1.000 
0.014 0.992 0.032 0.995 1.000 
0.016 0.995 0.018 0.995 1.000 
0.014 0.996 0.033 0.988 1.000 
0.022 0.990 0.047 0.983 0.981 
0.020 0.992 0.039 0.988 0.994 
0.019 0.995 0.029 0.988 1.000 
0.016 0.995 0.027 0.990 1.000 
0.010 0.997 0.026 0.993 0.988 
0.017 0.996 0.059 0.975 1.000 
0.020 0.995 0.024 0.985 0.997 
0.037 0.990 0.031 0.993 0.792 
0.024 0.993 0.045 0.983 0.988 
0.016 0.995 0.078 0.985 0.270 
0.022 0.992 0.065 0.980 0.984 
0.014 0.995 0.023 0.995 1.000 
0.018 0.994 0.035 0.990 0.991 
0.011 0.996 0.016 0.995 1.000 
0.018 0.995 0.071 0.970 1.000 
0.012 0.996 0.023 0.990 0.941 
0.027 0.990 0.040 0.985 1.000 
0.013 0.996 0.046 0.983 0.953 
0.018 0.993 0.029 0.990 1.000 
0.025 0.994 0.023 0.990 1.000 
0.020 0.995 0.029 0.988 1.000 
0.012 0.995 0.045 0.983 0.925 
0.009 0.995 0.042 0.985 0.925 
0.041 0.993 0.021 0.995 0.062 
0.026 0.993 0.054 0.980 0.913 
0.021 0.995 0.048 0.980 0.994 
0.023 0.992 0.030 0.993 0.130 
0.012 0.996 0.033 0.988 0.981 
0.031 0.992 0.052 0.988 0.699 
0.012 0.998 0.024 0.993 0.568 
0.026 0.993 0.042 0.985 0.516 
0.019 0.994 0.040 0.985 0.599 
0.013 0.996 0.074 0.968 1.000 
0.013 0.997 0.029 0.993 0.509 
0.028 0.992 0.024 0.995 0.960 
0.024 0.992 0.033 0.988 0.925 
0.020 0.994 0.017 0.995 0.997 
0.018 0.994 0.022 0.988 1.000 
0.011 0.996 0.030 0.988 1.000 
0.040 0.992 0.067 0.975 0.848 
0.019 0.995 0.023 0.990 0.873 
0.012 0.996 0.008 0.998 0.994 
0.029 0.995 0.014 0.998 1.000 
0.018 0.993 0.049 0.980 0.640 
0.020 0.993 0.017 0.995 0.957 
0.015 0.996 0.009 0.998 1.000 
0.025 0.996 0.068 0.975 0.851 
0.017 0.995 0.039 0.983 0.078 
0.015 0.996 0.020 0.995 0.189 
0.026 0.992 0.060 0.978 0.292 
0.030 0.994 0.067 0.983 0.261 
0.029 0.995 0.123 0.950 0.615 
0.024 0.992 0.016 0.995 1.000 
0.032 0.992 0.025 0.995 1.000 
0.018 0.996 0.063 0.983 1.000 
0.011 0.997 0.027 0.993 0.997 
0.024 0.993 0.050 0.983 0.981 
0.008 0.998 0.039 0.988 0.972 
0.035 0.990 0.035 0.990 0.991 
0.027 0.990 0.023 0.995 0.348 
0.020 0.993 0.053 0.983 0.339 
0.015 0.995 0.030 0.990 0.932 
0.012 0.996 0.027 0.990 0.997 
0.019 0.995 0.065 0.978 0.680 
0.020 0.994 0.025 0.995 0.969 
0.020 0.995 0.054 0.978 0.003 
0.020 0.993 0.031 0.990 0.677 
0.013 0.995 0.019 0.993 0.693 
0.023 0.995 0.025 0.993 0.898 
0.024 0.994 0.031 0.985 0.907 
0.019 0.994 0.045 0.988 0.935 
0.015 0.992 0.024 0.995 0.665 
0.019 0.995 0.029 0.990 0.978 
0.012 0.996 0.029 0.993 0.307 
0.018 0.996 0.032 0.990 1.000 
0.020 0.993 0.022 0.995 0.022 
0.024 0.992 0.024 0.993 0.866 
0.030 0.992 0.029 0.990 0.158 
0.019 0.996 0.033 0.990 0.879 
0.014 0.996 0.028 0.993 0.484 
0.026 0.994 0.032 0.990 0.972 
0.019 0.996 0.024 0.993 0.075 
0.015 0.996 0.028 0.993 0.770 
0.016 0.996 0.029 0.990 0.994 
0.011 0.995 0.032 0.990 0.705 
0.022 0.996 0.028 0.995 0.988 
0.017 0.995 0.019 0.993 0.102 
0.022 0.996 0.050 0.990 0.637 
0.034 0.992 0.029 0.993 0.994 
0.014 0.996 0.020 0.993 1.000 
0.023 0.995 0.036 0.993 0.559 
0.015 0.994 0.029 0.993 0.006 
0.010 0.996 0.043 0.983 0.991 
0.018 0.996 0.032 0.993 0.957 
0.020 0.993 0.049 0.983 1.000 
0.016 0.996 0.018 0.993 0.562 
0.026 0.997 0.053 0.983 0.997 
0.031 0.992 0.104 0.958 0.575 
0.016 0.995 0.038 0.988 0.789 
0.012 0.995 0.026 0.993 0.745 
0.015 0.994 0.023 0.995 0.991 
0.020 0.995 0.027 0.995 0.957 
0.013 0.998 0.061 0.980 0.991 
0.019 0.995 0.062 0.980 1.000 
0.017 0.995 0.024 0.995 0.997 
0.014 0.998 0.046 0.995 0.997 
0.023 0.993 0.029 0.993 1.000 
0.015 0.996 0.020 0.993 1.000 
0.020 0.995 0.036 0.993 1.000 
0.035 0.992 0.026 0.993 1.000 
0.017 0.996 0.037 0.990 1.000 
0.022 0.993 0.082 0.970 0.988 
0.023 0.994 0.022 0.995 1.000 
0.017 0.993 0.029 0.995 1.000 
0.017 0.995 0.047 0.983 0.888 
0.032 0.994 0.027 0.995 0.997 
0.009 0.998 0.021 0.995 1.000 
0.017 0.996 0.021 0.993 1.000 
0.014 0.998 0.045 0.985 0.997 
0.014 0.995 0.025 0.993 0.997 
0.013 0.996 0.028 0.993 0.599 
0.017 0.995 0.046 0.988 0.991 
0.020 0.992 0.020 0.995 0.969 
0.021 0.996 0.029 0.990 0.429 
0.027 0.993 0.029 0.988 1.000 
0.026 0.993 0.026 0.995 0.991 
0.007 0.998 0.022 0.995 1.000 
0.009 0.996 0.038 0.990 1.000 
0.026 0.992 0.029 0.990 1.000 
0.026 0.992 0.033 0.988 1.000 
0.015 0.995 0.035 0.990 0.988 
0.018 0.996 0.042 0.985 1.000 
0.021 0.996 0.021 0.995 0.795 
0.015 0.996 0.025 0.993 0.957 
0.026 0.992 0.030 0.990 0.997 
0.013 0.996 0.014 0.995 1.000 
0.034 0.992 0.019 0.995 0.562 
0.022 0.995 0.025 0.993 0.988 
0.013 0.995 0.057 0.983 1.000 
0.027 0.991 0.029 0.993 0.050 
0.012 0.994 0.023 0.993 0.988 
0.028 0.990 0.018 0.993 1.000 
0.010 0.996 0.031 0.993 1.000 
0.018 0.995 0.030 0.990 0.978 
0.019 0.994 0.019 0.995 1.000 
0.014 0.996 0.024 0.993 1.000 
0.015 0.996 0.036 0.988 0.972 
0.026 0.995 0.017 0.995 1.000 
0.006 0.998 0.034 0.985 1.000 
0.016 0.996 0.025 0.993 1.000 
0.019 0.995 0.037 0.988 1.000 
0.019 0.992 0.013 0.995 1.000 
0.041 0.995 0.083 0.970 0.745 
0.014 0.996 0.022 0.993 1.000 
0.018 0.996 0.023 0.995 1.000 
0.015 0.996 0.026 0.993 1.000 
0.017 0.995 0.043 0.993 1.000 
0.017 0.996 0.025 0.995 0.997 
0.012 0.995 0.021 0.995 1.000 
0.020 0.993 0.101 0.965 1.000 
0.015 0.996 0.036 0.988 1.000 
0.022 0.994 0.054 0.980 1.000 
0.015 0.996 0.034 0.988 1.000 
0.013 0.995 0.058 0.980 1.000 
0.014 0.996 0.026 0.995 1.000 
0.026 0.993 0.013 0.995 1.000 
0.018 0.996 0.019 0.995 1.000 
0.020 0.996 0.036 0.988 0.997 
0.030 0.994 0.150 0.963 0.720 
0.017 0.995 0.029 0.995 0.984 
0.031 0.993 0.020 0.995 0.898 
0.023 0.995 0.046 0.980 0.984 
0.010 0.999 0.022 0.995 1.000 
0.009 0.998 0.016 0.993 1.000 
0.028 0.995 0.038 0.985 0.354 
0.021 0.995 0.032 0.985 0.916 
0.023 0.995 0.032 0.990 0.975 
0.018 0.993 0.011 0.998 1.000 
0.017 0.994 0.014 0.998 0.997 
0.011 0.996 0.019 0.995 0.972 
0.027 0.993 0.010 0.995 0.981 
0.014 0.996 0.057 0.983 1.000 
0.014 0.997 0.039 0.990 1.000 
0.016 0.995 0.016 0.995 1.000 
0.014 0.995 0.098 0.953 1.000 
0.015 0.998 0.023 0.993 1.000 
0.020 0.996 0.048 0.983 1.000 
0.016 0.996 0.025 0.995 1.000 
0.009 0.996 0.034 0.995 1.000 
0.018 0.993 0.016 0.995 1.000 
0.017 0.995 0.017 0.995 0.984 
0.011 0.999 0.024 0.993 1.000 
0.010 0.998 0.023 0.995 0.994 
0.019 0.993 0.007 0.998 1.000 
0.018 0.996 0.024 0.993 0.997 
0.016 0.995 0.022 0.993 0.997 
0.015 0.996 0.023 0.993 0.901 
0.021 0.994 0.019 0.995 1.000 
0.012 0.996 0.013 0.995 1.000 
0.019 0.996 0.043 0.983 0.981 
0.026 0.993 0.025 0.995 1.000 
0.017 0.995 0.048 0.978 1.000 
0.022 0.993 0.021 0.995 1.000 
0.021 0.993 0.058 0.980 1.000 
0.015 0.996 0.022 0.995 0.997 
0.020 0.996 0.022 0.995 0.997 
0.017 0.993 0.017 0.995 0.997 
0.018 0.996 0.024 0.990 0.627 
0.014 0.996 0.020 0.995 0.994 
0.007 0.997 0.025 0.995 1.000 
0.013 0.996 0.030 0.990 1.000 
0.028 0.993 0.023 0.993 1.000 
0.015 0.995 0.030 0.993 1.000 
0.022 0.993 0.024 0.993 0.997 
0.016 0.997 0.031 0.990 1.000 
0.014 0.995 0.022 0.995 1.000 
0.024 0.995 0.036 0.988 0.997 
0.012 0.995 0.020 0.995 1.000 
0.012 0.996 0.024 0.993 1.000 
0.023 0.993 0.024 0.995 0.969 
0.025 0.992 0.028 0.993 1.000 
0.012 0.997 0.021 0.993 1.000 
0.019 0.994 0.030 0.990 1.000 
0.013 0.996 0.019 0.995 1.000 
0.019 0.993 0.039 0.988 1.000 
0.009 0.997 0.019 0.993 1.000 
0.019 0.995 0.018 0.995 1.000 
0.020 0.994 0.034 0.988 1.000 
0.016 0.993 0.024 0.990 1.000 
0.018 0.995 0.073 0.973 1.000 
0.017 0.995 0.017 0.993 1.000 
0.012 0.996 0.032 0.988 1.000 
0.025 0.995 0.019 0.993 0.997 
0.029 0.992 0.016 0.993 1.000 
0.013 0.997 0.023 0.993 0.997 
0.016 0.996 0.014 0.995 1.000 
0.032 0.988 0.055 0.978 1.000 
0.009 0.997 0.020 0.995 1.000 
0.010 0.996 0.014 0.993 1.000 
0.028 0.996 0.031 0.993 1.000 
0.027 0.994 0.024 0.993 1.000 
0.010 0.996 0.014 0.995 1.000 
0.019 0.994 0.025 0.993 1.000 
0.018 0.993 0.091 0.970 1.000 
0.030 0.990 0.031 0.993 1.000 
0.013 0.996 0.019 0.993 1.000 
0.012 0.995 0.037 0.990 1.000 
0.022 0.995 0.021 0.995 1.000 
0.017 0.995 0.015 0.995 1.000 
0.012 0.997 0.022 0.993 0.997 
0.010 0.997 0.057 0.983 0.997 
0.016 0.995 0.048 0.980 1.000 
0.017 0.996 0.027 0.993 1.000 
0.022 0.996 0.021 0.995 1.000 
0.017 0.995 0.021 0.990 1.000 
0.012 0.998 0.028 0.993 1.000 
0.012 0.995 0.028 0.993 1.000 
0.013 0.998 0.039 0.995 1.000 
0.015 0.997 0.038 0.988 1.000 
0.015 0.998 0.030 0.988 1.000 
0.029 0.992 0.033 0.990 1.000 
0.019 0.993 0.026 0.995 1.000 
0.018 0.995 0.021 0.995 1.000 
0.008 0.998 0.035 0.993 1.000 
0.022 0.994 0.031 0.993 1.000 
0.016 0.997 0.048 0.980 1.000 
0.018 0.998 0.017 0.993 1.000 
0.029 0.990 0.017 0.995 1.000 
0.026 0.993 0.021 0.993 1.000 
0.020 0.993 0.051 0.985 1.000 
0.010 0.997 0.035 0.995 1.000 
0.004 0.998 0.061 0.985 1.000 
0.018 0.996 0.051 0.990 1.000 
0.019 0.995 0.029 0.995 1.000 
0.023 0.993 0.040 0.985 1.000 
0.014 0.995 0.025 0.993 1.000 
0.017 0.995 0.036 0.988 1.000 
0.011 0.998 0.020 0.993 1.000 
0.013 0.996 0.027 0.995 1.000 
0.019 0.995 0.044 0.988 1.000 
0.013 0.996 0.036 0.985 1.000 
0.017 0.996 0.034 0.993 1.000 
0.054 0.993 0.032 0.993 1.000 
0.011 0.996 0.051 0.985 1.000 
0.008 0.997 0.035 0.995 1.000 
0.008 0.995 0.036 0.995 1.000 
0.015 0.996 0.028 0.993 1.000 
0.013 0.995 0.038 0.990 1.000 
0.021 0.995 0.041 0.985 1.000 
0.017 0.996 0.043 0.990 1.000 
0.010 0.999 0.076 0.978 1.000 
0.017 0.996 0.041 0.985 1.000 
0.028 0.992 0.065 0.980 1.000 
0.016 0.997 0.043 0.988 1.000 
0.013 0.998 0.025 0.995 1.000 
0.020 0.993 0.023 0.995 1.000 
0.031 0.993 0.126 0.950 1.000 
0.020 0.993 0.054 0.983 1.000 
0.010 0.997 0.030 0.995 1.000 
0.017 0.996 0.040 0.985 1.000 
0.016 0.996 0.038 0.988 1.000 
0.018 0.994 0.026 0.993 1.000 
0.019 0.995 0.054 0.980 1.000 
0.013 0.996 0.029 0.993 1.000 
0.028 0.993 0.035 0.988 1.000 
0.018 0.996 0.065 0.975 1.000 
0.014 0.996 0.067 0.975 1.000 
0.014 0.995 0.024 0.995 1.000 
0.019 0.995 0.037 0.988 1.000 
0.016 0.996 0.030 0.993 1.000 
0.011 0.996 0.039 0.985 1.000 
0.018 0.994 0.040 0.985 1.000 
0.015 0.998 0.059 0.980 1.000 
0.012 0.997 0.049 0.985 1.000 
0.015 0.995 0.029 0.993 0.997 
0.016 0.995 0.028 0.993 1.000 
0.012 0.996 0.021 0.995 1.000 
0.010 0.997 0.024 0.995 1.000 
0.015 0.995 0.023 0.995 1.000 
0.020 0.995 0.039 0.988 1.000 
0.016 0.995 0.028 0.993 1.000 
0.017 0.995 0.074 0.970 1.000 
0.012 0.995 0.046 0.983 1.000 
0.012 0.997 0.018 0.995 1.000 
0.022 0.993 0.027 0.993 1.000 
0.015 0.998 0.021 0.995 1.000 
0.023 0.992 0.035 0.990 1.000 
0.012 0.997 0.048 0.985 1.000 
0.012 0.997 0.041 0.985 1.000 
0.025 0.996 0.028 0.990 1.000 
0.018 0.995 0.047 0.985 1.000 
0.011 0.996 0.026 0.995 1.000 
0.015 0.995 0.035 0.985 1.000 
0.013 0.997 0.026 0.990 1.000 
0.017 0.994 0.019 0.993 1.000 
0.014 0.996 0.028 0.985 1.000 
0.017 0.995 0.026 0.993 1.000 
0.023 0.994 0.059 0.978 1.000 
0.012 0.996 0.082 0.973 0.997 
0.011 0.996 0.021 0.993 1.000 
0.016 0.996 0.036 0.990 1.000 
0.061 0.991 0.058 0.980 1.000 
0.023 0.992 0.072 0.968 0.994 
0.017 0.993 0.043 0.985 0.997 
0.011 0.997 0.037 0.985 1.000 
0.010 0.996 0.032 0.993 1.000 
0.012 0.996 0.025 0.993 1.000 
0.014 0.996 0.023 0.995 0.997 
0.010 0.998 0.023 0.993 1.000 
0.015 0.995 0.042 0.990 1.000 
0.021 0.993 0.084 0.958 1.000 
0.013 0.996 0.057 0.985 1.000 
0.015 0.994 0.025 0.993 1.000 
0.014 0.996 0.018 0.993 1.000 
0.012 0.997 0.025 0.993 1.000 
0.019 0.994 0.022 0.993 1.000 
0.022 0.993 0.036 0.988 0.988 
0.010 0.997 0.027 0.995 0.994 
0.015 0.993 0.163 0.983 0.745 
0.017 0.995 0.031 0.988 1.000 
0.007 0.996 0.035 0.988 1.000 
0.041 0.993 0.026 0.993 1.000 
0.014 0.996 0.019 0.995 0.997 
0.033 0.995 0.027 0.993 1.000 
0.014 0.996 0.016 0.993 1.000 
0.011 0.996 0.030 0.990 1.000 
0.025 0.996 0.044 0.993 1.000 
0.017 0.995 0.040 0.988 1.000 
0.014 0.995 0.033 0.993 1.000 
0.016 0.996 0.092 0.983 1.000 
0.009 0.996 0.047 0.990 1.000 
0.018 0.992 0.069 0.985 1.000 
0.011 0.995 0.050 0.995 1.000 
0.024 0.993 0.029 0.990 1.000 
0.013 0.995 0.027 0.993 1.000 
0.032 0.995 0.044 0.985 1.000 
0.015 0.996 0.037 0.988 1.000 
0.012 0.996 0.019 0.995 1.000 
0.007 0.998 0.028 0.990 1.000 
0.024 0.993 0.026 0.995 1.000 
0.028 0.996 0.046 0.985 1.000 
0.012 0.995 0.024 0.993 1.000 
0.017 0.996 0.057 0.985 1.000 
0.011 0.996 0.014 0.995 1.000 
0.014 0.993 0.035 0.993 1.000 
0.009 0.996 0.021 0.993 1.000 
0.025 0.992 0.061 0.978 1.000 
0.022 0.995 0.117 0.970 0.997 
0.017 0.993 0.049 0.983 1.000 
0.008 0.996 0.124 0.965 1.000 
0.026 0.996 0.084 0.973 1.000 
0.023 0.992 0.058 0.980 1.000 
0.011 0.996 0.016 0.993 1.000 
0.014 0.996 0.026 0.990 1.000 
0.018 0.995 0.042 0.980 1.000 
0.011 0.995 0.030 0.990 1.000 
0.026 0.991 0.054 0.980 1.000 
0.029 0.994 0.026 0.993 1.000 
0.018 0.993 0.081 0.975 1.000 
0.018 0.996 0.020 0.995 1.000 
0.014 0.997 0.029 0.995 1.000 
0.011 0.997 0.027 0.995 1.000 
0.012 0.996 0.027 0.993 1.000 
0.012 0.996 0.025 0.995 1.000 
0.012 0.998 0.009 0.995 1.000 
0.016 0.995 0.016 0.993 1.000 
0.022 0.992 0.020 0.993 1.000 
0.005 0.998 0.036 0.993 1.000 
0.017 0.994 0.026 0.993 1.000 
0.023 0.994 0.024 0.993 1.000 
0.011 0.996 0.018 0.995 1.000 
0.007 0.998 0.035 0.985 1.000 
0.025 0.992 0.068 0.988 1.000 
0.018 0.996 0.020 0.995 1.000 
0.018 0.995 0.017 0.995 1.000 
0.011 0.996 0.035 0.990 1.000 
0.013 0.997 0.026 0.990 1.000 
0.032 0.994 0.045 0.988 1.000 
0.019 0.994 0.012 0.995 1.000 
0.029 0.993 0.043 0.988 1.000 
0.026 0.994 0.027 0.990 1.000 
0.007 0.998 0.014 0.995 1.000 
0.023 0.992 0.029 0.990 1.000 
0.019 0.994 0.014 0.998 1.000 
0.018 0.996 0.079 0.963 1.000 
0.019 0.993 0.032 0.988 1.000 
0.022 0.994 0.039 0.985 1.000 
0.012 0.996 0.045 0.980 1.000 
0.027 0.995 0.022 0.993 1.000 
0.018 0.993 0.087 0.970 1.000 
0.014 0.996 0.041 0.988 1.000 
0.021 0.994 0.052 0.990 1.000 
0.020 0.995 0.018 0.995 1.000 
0.009 0.997 0.023 0.995 1.000 
0.022 0.993 0.024 0.993 1.000 
0.010 0.996 0.046 0.985 1.000 
0.010 0.996 0.044 0.985 1.000 
0.008 0.997 0.060 0.980 0.997 
0.019 0.994 0.053 0.985 0.991 
0.024 0.996 0.017 0.995 1.000 
0.012 0.998 0.052 0.993 1.000 
0.024 0.995 0.055 0.983 1.000 
0.013 0.996 0.056 0.980 1.000 
0.021 0.995 0.042 0.985 1.000 
0.010 0.996 0.026 0.993 1.000 
0.016 0.995 0.030 0.993 1.000 
0.013 0.996 0.057 0.980 1.000 
0.026 0.993 0.033 0.993 1.000 
0.013 0.996 0.033 0.988 1.000 
0.013 0.995 0.062 0.980 1.000 
0.018 0.995 0.042 0.985 1.000 
0.020 0.993 0.051 0.990 1.000 
0.019 0.996 0.029 0.995 1.000 
0.008 0.998 0.023 0.995 1.000 
0.017 0.996 0.020 0.995 1.000 
0.008 0.997 0.030 0.995 1.000 
0.013 0.997 0.025 0.993 1.000 
0.020 0.994 0.023 0.995 1.000 
0.013 0.995 0.072 0.978 1.000 
0.020 0.993 0.019 0.995 1.000 
0.032 0.993 0.097 0.958 1.000 
0.014 0.996 0.027 0.993 1.000 
0.006 0.998 0.037 0.988 1.000 
0.007 0.998 0.033 0.995 1.000 
0.018 0.994 0.043 0.985 1.000 
0.014 0.997 0.031 0.993 1.000 
0.019 0.993 0.038 0.985 1.000 
0.020 0.994 0.039 0.990 1.000 
0.024 0.992 0.026 0.993 1.000 
0.015 0.995 0.020 0.995 1.000 
0.008 0.998 0.014 0.998 1.000 
0.017 0.996 0.019 0.993 1.000 
0.015 0.996 0.014 0.995 1.000 
0.011 0.995 0.035 0.995 1.000 
0.019 0.993 0.049 0.988 1.000 
0.015 0.995 0.047 0.993 1.000 
0.011 0.997 0.032 0.990 1.000 
0.005 0.999 0.061 0.983 1.000 
0.025 0.995 0.022 0.995 1.000 
0.020 0.994 0.034 0.988 1.000 
0.006 0.999 0.073 0.985 1.000 
0.023 0.994 0.026 0.993 1.000 
0.009 0.998 0.037 0.995 1.000 
0.012 0.999 0.053 0.985 1.000 
0.018 0.997 0.037 0.988 1.000 
0.018 0.996 0.030 0.993 1.000 
0.011 0.997 0.029 0.990 1.000 
0.017 0.995 0.022 0.995 1.000 
0.017 0.996 0.019 0.993 1.000 
0.022 0.994 0.033 0.993 1.000 
0.016 0.995 0.030 0.995 0.975 
0.015 0.995 0.025 0.993 1.000 
0.016 0.996 0.033 0.988 1.000 
0.021 0.992 0.026 0.995 1.000 
0.020 0.993 0.041 0.988 1.000 
0.006 0.998 0.053 0.988 1.000 
0.015 0.995 0.065 0.985 1.000 
0.014 0.997 0.032 0.990 1.000 
0.014 0.996 0.110 0.965 1.000 
0.012 0.996 0.033 0.993 1.000 
0.012 0.996 0.044 0.995 1.000 
0.018 0.994 0.040 0.995 1.000 
0.009 0.996 0.089 0.968 1.000 
0.023 0.996 0.040 0.988 1.000 
0.021 0.995 0.040 0.985 1.000 
0.016 0.995 0.034 0.995 1.000 
0.012 0.997 0.023 0.995 1.000 
0.017 0.995 0.041 0.985 1.000 
0.018 0.998 0.017 0.995 1.000 
0.013 0.998 0.104 0.968 1.000 
0.016 0.997 0.061 0.990 1.000 
0.014 0.995 0.027 0.990 1.000 
0.024 0.995 0.040 0.988 1.000 
0.026 0.995 0.027 0.990 1.000 
0.018 0.995 0.025 0.995 1.000 
0.013 0.995 0.024 0.995 1.000 
0.018 0.995 0.044 0.985 1.000 
0.024 0.993 0.027 0.993 1.000 
0.027 0.995 0.022 0.995 1.000 
0.010 0.998 0.023 0.993 1.000 
0.014 0.997 0.035 0.988 1.000 
0.009 0.998 0.027 0.995 1.000 
0.014 0.996 0.033 0.988 1.000 
0.017 0.995 0.042 0.988 1.000 
0.009 0.997 0.045 0.990 1.000 
0.021 0.993 0.013 0.998 1.000 
0.049 0.993 0.048 0.983 1.000 
0.018 0.995 0.034 0.993 1.000 
0.008 0.998 0.070 0.985 1.000 
0.023 0.993 0.040 0.988 1.000 
0.013 0.996 0.050 0.985 1.000 
0.015 0.996 0.042 0.985 1.000 
0.017 0.994 0.051 0.990 1.000 
0.018 0.995 0.024 0.995 0.997 
