0.283 0.903 0.210 0.920 1.000 
0.155 0.945 0.197 0.917 1.000 
0.125 0.954 0.232 0.910 0.975 
0.114 0.970 0.131 0.950 1.000 
0.096 0.968 0.182 0.943 1.000 
0.113 0.969 0.122 0.950 1.000 
0.091 0.974 0.133 0.948 1.000 
0.080 0.971 0.155 0.938 1.000 
0.086 0.976 0.099 0.963 1.000 
0.078 0.976 0.092 0.970 1.000 
0.076 0.974 0.097 0.963 1.000 
0.073 0.976 0.085 0.975 1.000 
0.089 0.973 0.100 0.963 1.000 
0.075 0.977 0.078 0.980 1.000 
0.064 0.976 0.105 0.953 1.000 
0.068 0.977 0.071 0.978 1.000 
0.072 0.977 0.098 0.970 0.856 
0.071 0.977 0.064 0.983 1.000 
0.053 0.985 0.084 0.965 1.000 
0.062 0.983 0.080 0.963 1.000 
0.057 0.982 0.059 0.988 1.000 
0.067 0.981 0.094 0.963 1.000 
0.054 0.983 0.064 0.980 1.000 
0.054 0.988 0.133 0.948 1.000 
0.052 0.982 0.108 0.965 1.000 
0.054 0.985 0.067 0.980 1.000 
0.049 0.987 0.080 0.980 1.000 
0.048 0.986 0.101 0.968 1.000 
0.048 0.986 0.063 0.980 1.000 
0.058 0.982 0.081 0.973 1.000 
0.049 0.987 0.096 0.955 0.978 
0.051 0.989 0.070 0.980 1.000 
0.061 0.983 0.074 0.978 1.000 
0.050 0.988 0.052 0.985 1.000 
0.061 0.985 0.082 0.970 1.000 
0.048 0.986 0.162 0.948 0.968 
0.039 0.991 0.100 0.978 1.000 
0.039 0.990 0.073 0.978 1.000 
0.045 0.988 0.105 0.958 0.996 
0.052 0.986 0.091 0.963 0.989 
0.043 0.986 0.074 0.983 0.231 
0.042 0.989 0.075 0.978 0.975 
0.048 0.983 0.043 0.988 0.986 
0.045 0.988 0.086 0.963 0.108 
0.050 0.988 0.123 0.948 0.949 
0.039 0.990 0.063 0.978 1.000 
0.045 0.987 0.055 0.985 1.000 
0.053 0.986 0.046 0.990 1.000 
0.054 0.984 0.078 0.980 1.000 
0.045 0.986 0.059 0.983 0.986 
0.048 0.985 0.111 0.953 1.000 
0.054 0.985 0.166 0.943 0.996 
0.041 0.990 0.068 0.988 0.982 
0.039 0.989 0.061 0.980 1.000 
0.037 0.990 0.059 0.988 1.000 
0.041 0.990 0.077 0.980 0.877 
0.036 0.992 0.071 0.973 1.000 
0.034 0.990 0.046 0.983 1.000 
0.061 0.984 0.061 0.985 1.000 
0.030 0.992 0.114 0.958 0.733 
0.037 0.990 0.067 0.978 1.000 
0.042 0.991 0.092 0.963 0.978 
0.032 0.990 0.051 0.983 1.000 
0.038 0.990 0.041 0.985 1.000 
0.044 0.988 0.046 0.988 1.000 
0.029 0.993 0.054 0.980 1.000 
0.041 0.990 0.061 0.988 1.000 
0.050 0.989 0.065 0.985 0.993 
0.040 0.990 0.073 0.978 1.000 
0.040 0.989 0.053 0.985 0.993 
0.038 0.990 0.075 0.983 1.000 
0.042 0.986 0.059 0.988 0.982 
0.038 0.988 0.060 0.985 0.989 
0.035 0.989 0.080 0.973 0.917 
0.035 0.990 0.052 0.985 0.996 
0.033 0.989 0.058 0.983 1.000 
0.044 0.986 0.052 0.983 1.000 
0.036 0.988 0.073 0.973 1.000 
0.037 0.989 0.051 0.983 0.971 
0.031 0.993 0.050 0.980 1.000 
0.041 0.991 0.067 0.983 0.996 
0.037 0.990 0.065 0.983 1.000 
0.034 0.990 0.045 0.985 0.982 
0.034 0.990 0.109 0.965 0.971 
0.035 0.993 0.059 0.983 1.000 
0.024 0.995 0.042 0.988 1.000 
0.044 0.988 0.069 0.978 1.000 
0.034 0.992 0.058 0.983 0.924 
0.032 0.992 0.079 0.978 0.964 
0.039 0.990 0.073 0.980 1.000 
0.035 0.992 0.065 0.985 0.968 
0.025 0.993 0.066 0.978 0.939 
0.031 0.991 0.073 0.978 0.924 
0.039 0.988 0.066 0.975 1.000 
0.032 0.992 0.087 0.980 0.986 
0.030 0.992 0.047 0.985 1.000 
0.027 0.992 0.047 0.983 1.000 
0.031 0.990 0.172 0.960 1.000 
0.034 0.989 0.217 0.927 0.935 
0.033 0.990 0.069 0.980 1.000 
0.033 0.992 0.074 0.978 0.996 
0.024 0.995 0.070 0.975 1.000 
0.026 0.994 0.130 0.958 1.000 
0.026 0.992 0.061 0.985 0.996 
0.036 0.988 0.102 0.965 1.000 
0.031 0.992 0.085 0.968 1.000 
0.041 0.986 0.053 0.985 1.000 
0.029 0.990 0.082 0.968 1.000 
0.028 0.992 0.074 0.973 0.989 
0.029 0.993 0.079 0.985 0.884 
0.019 0.996 0.056 0.983 1.000 
0.035 0.990 0.101 0.960 1.000 
0.031 0.990 0.089 0.970 1.000 
0.029 0.992 0.196 0.948 1.000 
0.033 0.990 0.104 0.950 1.000 
0.031 0.992 0.112 0.968 1.000 
0.037 0.989 0.058 0.985 1.000 
0.032 0.992 0.058 0.985 1.000 
0.046 0.989 0.072 0.970 1.000 
0.031 0.992 0.062 0.983 1.000 
0.026 0.989 0.164 0.940 1.000 
0.033 0.993 0.077 0.985 1.000 
0.034 0.990 0.061 0.983 1.000 
0.025 0.993 0.088 0.980 0.986 
0.026 0.992 0.079 0.975 1.000 
0.025 0.991 0.061 0.983 1.000 
0.024 0.993 0.079 0.973 1.000 
0.024 0.995 0.084 0.980 1.000 
0.030 0.991 0.102 0.978 1.000 
0.029 0.996 0.087 0.975 1.000 
0.025 0.995 0.081 0.980 1.000 
0.024 0.994 0.084 0.975 1.000 
0.042 0.991 0.121 0.970 1.000 
0.026 0.992 0.118 0.978 1.000 
0.032 0.994 0.067 0.983 1.000 
0.035 0.990 0.078 0.985 1.000 
0.037 0.990 0.067 0.985 1.000 
0.025 0.995 0.096 0.975 1.000 
0.025 0.994 0.087 0.978 1.000 
0.028 0.992 0.077 0.975 1.000 
0.034 0.992 0.087 0.980 0.996 
0.030 0.995 0.056 0.985 1.000 
0.029 0.991 0.081 0.975 1.000 
0.028 0.993 0.113 0.963 1.000 
0.025 0.993 0.108 0.965 1.000 
0.028 0.990 0.077 0.983 1.000 
0.025 0.995 0.053 0.985 1.000 
0.040 0.990 0.129 0.943 0.996 
0.033 0.995 0.081 0.978 0.982 
0.028 0.995 0.045 0.988 0.935 
0.036 0.992 0.080 0.983 0.556 
0.024 0.993 0.106 0.975 1.000 
0.030 0.990 0.131 0.963 1.000 
0.018 0.995 0.056 0.985 1.000 
0.036 0.989 0.104 0.970 1.000 
0.024 0.994 0.100 0.975 1.000 
0.025 0.993 0.123 0.975 1.000 
0.029 0.992 0.193 0.943 1.000 
0.036 0.992 0.100 0.970 1.000 
0.021 0.995 0.066 0.983 1.000 
0.033 0.992 0.049 0.985 0.996 
0.026 0.995 0.061 0.985 1.000 
0.019 0.995 0.049 0.985 1.000 
0.032 0.991 0.062 0.980 1.000 
0.023 0.992 0.072 0.980 1.000 
0.035 0.991 0.082 0.975 0.996 
0.034 0.990 0.071 0.978 1.000 
0.025 0.993 0.124 0.958 1.000 
0.016 0.996 0.072 0.978 1.000 
0.026 0.991 0.102 0.965 1.000 
0.025 0.991 0.073 0.980 1.000 
0.021 0.995 0.100 0.968 0.996 
0.034 0.994 0.139 0.935 0.924 
0.030 0.992 0.128 0.958 0.986 
0.030 0.994 0.064 0.980 1.000 
0.022 0.995 0.107 0.965 0.989 
0.033 0.992 0.062 0.980 0.996 
0.025 0.995 0.160 0.927 0.989 
0.026 0.995 0.070 0.983 1.000 
0.024 0.994 0.074 0.978 1.000 
0.024 0.990 0.081 0.968 1.000 
0.026 0.992 0.056 0.983 1.000 
0.016 0.995 0.079 0.975 0.993 
0.037 0.990 0.093 0.978 1.000 
0.029 0.993 0.069 0.980 0.996 
0.025 0.993 0.109 0.968 1.000 
0.017 0.997 0.062 0.980 0.993 
0.036 0.990 0.071 0.978 0.996 
0.029 0.992 0.069 0.980 1.000 
0.023 0.991 0.095 0.970 1.000 
0.023 0.993 0.091 0.970 0.989 
0.029 0.993 0.065 0.980 0.996 
0.018 0.995 0.076 0.978 0.986 
0.027 0.993 0.085 0.968 1.000 
0.037 0.989 0.121 0.960 1.000 
0.021 0.995 0.052 0.985 1.000 
0.028 0.993 0.133 0.945 0.996 
0.019 0.995 0.122 0.960 0.978 
0.022 0.994 0.129 0.948 0.986 
0.025 0.994 0.096 0.968 0.989 
0.028 0.991 0.066 0.980 1.000 
0.018 0.994 0.129 0.970 0.863 
0.032 0.988 0.049 0.985 0.989 
0.025 0.993 0.052 0.980 0.989 
0.018 0.996 0.075 0.975 0.996 
0.027 0.993 0.082 0.975 1.000 
0.018 0.995 0.050 0.985 0.996 
0.022 0.995 0.051 0.985 0.996 
0.020 0.995 0.063 0.978 0.986 
0.024 0.994 0.061 0.983 1.000 
0.032 0.990 0.069 0.970 0.996 
0.025 0.995 0.075 0.973 1.000 
0.021 0.993 0.059 0.980 1.000 
0.019 0.994 0.046 0.988 1.000 
0.023 0.995 0.096 0.970 1.000 
0.017 0.995 0.082 0.970 1.000 
0.021 0.994 0.073 0.983 0.996 
0.022 0.993 0.159 0.958 0.917 
0.031 0.992 0.073 0.975 0.989 
0.016 0.995 0.107 0.965 0.989 
0.022 0.995 0.115 0.960 0.975 
0.022 0.995 0.069 0.975 0.975 
0.016 0.994 0.050 0.985 0.989 
0.020 0.996 0.066 0.985 0.989 
0.020 0.993 0.063 0.985 0.924 
0.023 0.994 0.075 0.975 0.993 
0.020 0.993 0.048 0.985 0.989 
0.018 0.995 0.076 0.975 0.982 
0.024 0.994 0.054 0.985 0.978 
0.022 0.994 0.063 0.985 0.989 
0.019 0.996 0.100 0.965 0.978 
0.031 0.994 0.061 0.985 0.996 
0.022 0.994 0.088 0.973 1.000 
0.020 0.993 0.065 0.985 1.000 
0.015 0.996 0.087 0.973 0.993 
0.032 0.993 0.078 0.970 0.996 
0.026 0.993 0.128 0.953 1.000 
0.012 0.996 0.060 0.983 1.000 
0.025 0.992 0.070 0.980 1.000 
0.020 0.994 0.115 0.953 0.993 
0.019 0.996 0.086 0.973 1.000 
0.025 0.993 0.080 0.983 1.000 
0.024 0.992 0.161 0.930 1.000 
0.024 0.994 0.096 0.968 1.000 
0.019 0.994 0.070 0.985 1.000 
0.019 0.996 0.139 0.940 1.000 
0.022 0.995 0.097 0.970 0.982 
0.023 0.993 0.093 0.975 0.996 
0.019 0.996 0.066 0.985 1.000 
0.019 0.995 0.063 0.980 1.000 
0.021 0.992 0.067 0.983 1.000 
0.023 0.993 0.079 0.975 1.000 
0.042 0.992 0.057 0.980 1.000 
0.030 0.993 0.075 0.975 1.000 
0.036 0.993 0.079 0.975 1.000 
0.021 0.994 0.108 0.970 1.000 
0.027 0.994 0.062 0.980 1.000 
0.021 0.995 0.108 0.955 1.000 
0.023 0.993 0.086 0.973 1.000 
0.025 0.996 0.125 0.955 1.000 
0.022 0.995 0.057 0.978 1.000 
0.020 0.994 0.065 0.983 0.989 
0.031 0.992 0.107 0.963 1.000 
0.015 0.996 0.127 0.963 1.000 
0.026 0.993 0.071 0.978 1.000 
0.017 0.995 0.076 0.978 1.000 
0.029 0.996 0.063 0.980 1.000 
0.022 0.997 0.064 0.980 1.000 
0.015 0.995 0.091 0.973 1.000 
0.013 0.996 0.096 0.975 1.000 
0.015 0.996 0.120 0.973 1.000 
0.018 0.995 0.132 0.948 0.993 
0.027 0.994 0.045 0.983 1.000 
0.025 0.994 0.086 0.970 1.000 
0.018 0.995 0.058 0.983 1.000 
0.021 0.995 0.117 0.975 1.000 
0.033 0.993 0.093 0.975 1.000 
0.022 0.993 0.090 0.975 1.000 
0.019 0.995 0.049 0.985 1.000 
0.013 0.998 0.051 0.985 1.000 
0.029 0.993 0.071 0.978 1.000 
0.027 0.991 0.080 0.973 1.000 
0.022 0.993 0.107 0.973 1.000 
0.023 0.995 0.098 0.975 1.000 
0.026 0.992 0.067 0.980 1.000 
0.027 0.993 0.092 0.973 1.000 
0.012 0.998 0.088 0.975 1.000 
0.021 0.995 0.090 0.978 1.000 
0.018 0.995 0.064 0.983 1.000 
0.022 0.995 0.142 0.953 1.000 
0.023 0.993 0.059 0.980 1.000 
0.022 0.993 0.053 0.985 1.000 
0.018 0.994 0.051 0.985 1.000 
0.018 0.995 0.054 0.980 1.000 
0.016 0.993 0.037 0.985 1.000 
0.018 0.995 0.097 0.970 1.000 
0.024 0.993 0.090 0.970 1.000 
0.024 0.992 0.050 0.985 0.993 
0.019 0.992 0.083 0.985 0.957 
0.027 0.993 0.101 0.960 1.000 
0.018 0.994 0.042 0.985 1.000 
0.021 0.993 0.056 0.980 1.000 
0.019 0.995 0.072 0.978 1.000 
0.014 0.996 0.071 0.980 1.000 
0.024 0.993 0.043 0.985 1.000 
0.014 0.996 0.057 0.985 1.000 
0.025 0.994 0.081 0.980 1.000 
0.016 0.995 0.111 0.973 1.000 
0.019 0.993 0.026 0.993 1.000 
0.019 0.996 0.089 0.975 1.000 
0.032 0.992 0.228 0.930 1.000 
0.018 0.995 0.126 0.938 1.000 
0.012 0.996 0.054 0.985 1.000 
0.024 0.992 0.093 0.970 1.000 
0.016 0.995 0.035 0.985 0.996 
0.024 0.995 0.064 0.980 1.000 
0.024 0.993 0.088 0.973 1.000 
0.016 0.995 0.094 0.978 0.989 
0.019 0.994 0.068 0.978 1.000 
0.020 0.993 0.135 0.975 0.910 
0.031 0.995 0.057 0.985 1.000 
0.020 0.993 0.080 0.975 0.989 
0.014 0.996 0.212 0.943 0.971 
0.018 0.995 0.058 0.985 1.000 
0.018 0.996 0.088 0.975 0.989 
0.032 0.995 0.082 0.975 1.000 
0.019 0.993 0.070 0.983 0.996 
0.026 0.993 0.063 0.983 1.000 
0.022 0.995 0.073 0.975 1.000 
0.015 0.997 0.127 0.958 0.116 
0.020 0.996 0.088 0.973 0.982 
0.024 0.995 0.045 0.985 0.895 
0.018 0.996 0.298 0.912 0.996 
0.033 0.989 0.069 0.980 1.000 
0.021 0.995 0.066 0.980 0.996 
0.019 0.993 0.077 0.978 0.996 
0.013 0.997 0.065 0.980 1.000 
0.015 0.996 0.065 0.983 0.986 
0.017 0.995 0.071 0.978 1.000 
0.021 0.997 0.062 0.985 1.000 
0.017 0.995 0.073 0.980 0.921 
0.020 0.995 0.035 0.990 1.000 
0.016 0.995 0.070 0.980 0.996 
0.025 0.993 0.051 0.985 1.000 
0.018 0.995 0.084 0.978 1.000 
0.027 0.995 0.109 0.958 0.996 
0.029 0.992 0.107 0.963 1.000 
0.018 0.993 0.115 0.953 0.964 
0.027 0.992 0.082 0.975 0.960 
0.016 0.996 0.099 0.970 1.000 
0.014 0.996 0.085 0.975 1.000 
0.024 0.995 0.097 0.973 1.000 
0.021 0.994 0.127 0.973 0.498 
0.021 0.993 0.081 0.980 1.000 
0.020 0.996 0.108 0.968 0.924 
0.013 0.996 0.087 0.980 0.957 
0.027 0.996 0.106 0.958 0.993 
0.017 0.996 0.083 0.973 0.989 
0.020 0.994 0.051 0.985 0.816 
0.017 0.996 0.054 0.985 0.989 
0.012 0.996 0.154 0.973 0.282 
0.025 0.994 0.064 0.983 0.245 
0.019 0.995 0.066 0.985 0.982 
0.022 0.994 0.089 0.973 0.679 
0.026 0.993 0.089 0.970 0.094 
0.021 0.992 0.124 0.945 1.000 
0.013 0.996 0.048 0.985 0.989 
0.020 0.995 0.076 0.975 1.000 
0.029 0.994 0.073 0.978 0.502 
0.058 0.992 0.089 0.975 1.000 
0.023 0.995 0.061 0.985 1.000 
0.020 0.994 0.089 0.978 1.000 
0.030 0.993 0.055 0.985 1.000 
0.029 0.995 0.091 0.975 1.000 
0.015 0.994 0.111 0.985 1.000 
0.022 0.993 0.069 0.978 1.000 
0.013 0.996 0.094 0.975 0.996 
0.024 0.996 0.238 0.917 1.000 
0.029 0.993 0.061 0.978 0.989 
0.015 0.996 0.130 0.965 1.000 
0.012 0.996 0.147 0.965 1.000 
0.031 0.993 0.120 0.953 1.000 
0.016 0.995 0.124 0.958 1.000 
0.019 0.994 0.097 0.973 1.000 
0.035 0.995 0.141 0.950 1.000 
0.028 0.993 0.102 0.968 1.000 
0.016 0.995 0.115 0.978 0.996 
0.016 0.995 0.082 0.975 1.000 
0.018 0.993 0.075 0.978 0.675 
0.020 0.996 0.043 0.985 1.000 
0.012 0.996 0.056 0.988 1.000 
0.023 0.993 0.096 0.988 0.643 
0.020 0.994 0.058 0.985 0.989 
0.018 0.995 0.105 0.973 1.000 
0.011 0.997 0.114 0.968 1.000 
0.020 0.995 0.094 0.973 1.000 
0.015 0.996 0.035 0.990 1.000 
0.023 0.992 0.125 0.975 1.000 
0.017 0.995 0.176 0.968 0.996 
0.015 0.995 0.080 0.975 1.000 
0.013 0.996 0.075 0.983 1.000 
0.019 0.995 0.103 0.973 1.000 
0.027 0.995 0.426 0.958 1.000 
0.028 0.993 0.092 0.975 1.000 
0.038 0.992 0.123 0.958 1.000 
0.017 0.996 0.141 0.970 0.993 
0.009 0.995 0.806 0.907 0.000 
0.021 0.995 0.186 0.932 0.996 
0.014 0.996 0.069 0.980 1.000 
0.007 0.997 0.163 0.968 0.996 
0.024 0.993 0.101 0.975 1.000 
0.011 0.996 0.068 0.980 0.996 
0.015 0.995 0.148 0.975 0.978 
0.020 0.996 0.051 0.985 1.000 
0.019 0.994 0.118 0.973 1.000 
0.012 0.996 0.068 0.980 1.000 
0.020 0.994 0.077 0.985 1.000 
0.025 0.995 0.055 0.985 0.986 
0.025 0.992 0.072 0.978 1.000 
0.014 0.996 0.199 0.985 0.989 
0.022 0.993 0.689 0.968 0.960 
0.037 0.993 0.371 0.960 0.996 
0.029 0.995 0.311 0.930 0.996 
0.042 0.992 0.143 0.945 1.000 
0.016 0.998 0.055 0.985 1.000 
0.015 0.996 0.074 0.975 1.000 
0.029 0.993 0.133 0.965 1.000 
0.021 0.995 0.077 0.975 1.000 
0.018 0.994 0.120 0.968 0.982 
0.024 0.994 0.065 0.980 0.874 
0.024 0.994 0.091 0.973 0.513 
0.019 0.993 0.217 0.948 1.000 
0.020 0.997 0.098 0.968 0.643 
0.017 0.994 0.112 0.963 0.996 
0.020 0.994 0.105 0.970 1.000 
0.015 0.997 0.069 0.978 0.996 
0.015 0.995 0.100 0.973 1.000 
0.018 0.995 0.098 0.975 0.996 
0.013 0.996 0.081 0.978 0.993 
0.020 0.993 0.066 0.980 1.000 
0.013 0.996 0.045 0.985 0.870 
0.014 0.996 0.065 0.985 0.949 
0.019 0.995 0.101 0.963 1.000 
0.016 0.994 0.057 0.985 0.996 
0.022 0.994 0.069 0.978 1.000 
0.015 0.995 0.078 0.978 1.000 
0.016 0.994 0.080 0.978 0.996 
0.019 0.995 0.081 0.978 0.993 
0.011 0.996 0.151 0.965 0.971 
0.035 0.992 0.135 0.940 0.993 
0.019 0.995 0.064 0.980 1.000 
0.020 0.993 0.254 0.985 0.989 
0.022 0.994 0.071 0.985 0.993 
0.014 0.994 0.093 0.973 1.000 
0.014 0.994 0.194 0.922 1.000 
0.010 0.995 0.118 0.975 0.993 
0.016 0.998 0.084 0.983 0.996 
0.020 0.995 0.140 0.945 1.000 
0.024 0.993 0.110 0.973 1.000 
0.023 0.993 0.098 0.973 1.000 
0.016 0.998 0.061 0.985 1.000 
0.020 0.994 0.086 0.975 1.000 
0.013 0.997 0.114 0.968 0.993 
0.027 0.992 0.126 0.983 0.989 
0.040 0.995 0.063 0.985 1.000 
0.017 0.996 0.061 0.985 1.000 
0.020 0.995 0.192 0.948 0.993 
0.009 0.997 0.223 0.953 1.000 
0.017 0.997 0.105 0.968 1.000 
0.017 0.995 0.100 0.968 1.000 
0.017 0.995 0.097 0.980 0.921 
0.019 0.995 0.067 0.985 0.993 
0.017 0.995 0.118 0.955 1.000 
0.017 0.997 0.105 0.980 0.986 
0.014 0.996 0.076 0.985 0.968 
0.021 0.994 0.117 0.968 0.639 
0.019 0.993 0.040 0.988 0.993 
0.020 0.993 0.073 0.975 1.000 
0.007 0.999 0.113 0.970 0.996 
0.015 0.995 0.070 0.985 1.000 
0.020 0.994 0.043 0.988 1.000 
0.022 0.993 0.128 0.963 1.000 
0.015 0.995 0.075 0.978 1.000 
0.015 0.996 0.101 0.973 1.000 
0.016 0.995 0.099 0.980 1.000 
0.026 0.993 0.121 0.955 1.000 
0.013 0.996 0.119 0.958 1.000 
0.014 0.997 0.098 0.975 1.000 
0.017 0.996 0.310 0.980 1.000 
0.021 0.994 0.095 0.970 1.000 
0.018 0.995 0.087 0.975 1.000 
0.020 0.994 0.134 0.950 1.000 
0.017 0.996 0.140 0.948 1.000 
0.011 0.996 0.053 0.983 1.000 
0.017 0.996 0.060 0.983 1.000 
0.017 0.997 0.117 0.983 0.993 
0.033 0.992 0.071 0.978 1.000 
0.016 0.995 0.064 0.983 0.996 
0.018 0.994 0.175 0.963 0.996 
0.016 0.997 0.071 0.980 1.000 
0.019 0.995 0.080 0.985 0.877 
0.011 0.996 0.364 0.965 0.798 
0.021 0.994 0.106 0.970 0.686 
0.019 0.993 0.289 0.955 0.704 
0.023 0.995 0.121 0.963 0.863 
0.019 0.995 0.086 0.973 0.733 
0.021 0.992 0.187 0.935 0.394 
0.015 0.995 0.056 0.985 0.968 
0.016 0.996 0.077 0.985 0.978 
0.017 0.995 0.070 0.985 0.747 
0.015 0.994 0.163 0.927 0.347 
0.018 0.995 0.099 0.970 0.841 
0.016 0.997 0.079 0.980 0.935 
0.023 0.996 0.088 0.973 0.906 
0.015 0.996 0.092 0.978 0.357 
0.011 0.997 0.229 0.938 0.960 
0.032 0.996 0.104 0.960 0.715 
0.018 0.996 0.054 0.985 0.116 
0.015 0.995 0.114 0.975 0.531 
0.022 0.993 0.053 0.985 0.986 
0.032 0.994 0.050 0.985 0.996 
0.014 0.996 0.100 0.975 1.000 
0.018 0.995 0.123 0.970 0.921 
0.025 0.996 0.098 0.970 1.000 
0.021 0.996 0.115 0.958 0.971 
0.015 0.995 0.116 0.968 0.996 
0.016 0.995 0.075 0.980 1.000 
0.014 0.997 0.101 0.975 0.502 
0.015 0.996 0.061 0.985 0.809 
0.023 0.994 0.117 0.975 0.069 
0.018 0.995 0.107 0.955 0.989 
0.014 0.995 0.062 0.985 0.996 
0.013 0.996 0.135 0.965 0.939 
0.016 0.994 0.121 0.978 0.989 
0.013 0.995 0.205 0.925 1.000 
0.017 0.993 0.479 0.955 0.964 
0.018 0.996 0.140 0.948 0.996 
0.019 0.994 0.168 0.953 0.921 
0.014 0.995 0.108 0.968 0.996 
0.016 0.993 0.083 0.978 0.996 
0.013 0.994 0.065 0.983 1.000 
0.016 0.993 0.076 0.983 1.000 
0.006 0.997 0.114 0.973 1.000 
0.006 0.998 0.142 0.983 1.000 
0.022 0.995 0.061 0.985 0.993 
0.021 0.992 0.130 0.950 1.000 
0.010 0.997 0.058 0.988 1.000 
0.029 0.994 0.079 0.975 0.116 
0.010 0.995 0.061 0.985 0.404 
0.024 0.993 0.088 0.970 0.498 
0.011 0.998 0.104 0.970 0.968 
0.013 0.997 0.117 0.975 1.000 
0.019 0.996 0.072 0.980 1.000 
0.029 0.994 0.126 0.950 1.000 
0.031 0.993 0.140 0.963 0.996 
0.017 0.995 0.113 0.970 1.000 
0.018 0.993 0.099 0.970 0.928 
0.012 0.997 0.110 0.975 0.617 
0.015 0.994 0.081 0.983 0.906 
0.015 0.994 0.110 0.965 1.000 
0.020 0.993 0.068 0.978 1.000 
0.018 0.996 0.150 0.945 1.000 
0.015 0.998 0.144 0.955 0.986 
0.017 0.996 0.082 0.978 0.957 
0.011 0.998 0.217 0.975 0.903 
0.017 0.995 0.060 0.985 0.978 
0.021 0.991 0.089 0.975 0.762 
0.013 0.995 0.118 0.968 0.588 
0.015 0.996 0.074 0.975 0.993 
0.013 0.997 0.095 0.973 1.000 
0.008 0.998 0.106 0.970 1.000 
0.014 0.996 0.095 0.973 1.000 
0.019 0.995 0.077 0.978 1.000 
0.013 0.995 0.092 0.985 0.884 
0.012 0.998 0.085 0.980 1.000 
0.019 0.993 0.089 0.980 0.126 
0.013 0.995 0.057 0.985 0.921 
0.015 0.996 0.123 0.973 0.004 
0.017 0.993 0.059 0.985 0.856 
0.018 0.997 0.062 0.980 0.993 
0.015 0.995 0.055 0.988 0.061 
0.014 0.996 0.199 0.953 0.047 
0.014 0.998 0.051 0.988 0.556 
0.025 0.992 0.143 0.948 0.993 
0.014 0.996 0.083 0.978 1.000 
0.021 0.996 0.065 0.993 0.993 
0.017 0.996 0.369 0.943 0.931 
0.023 0.993 0.085 0.975 0.960 
0.008 0.998 0.104 0.968 0.581 
0.011 0.996 0.098 0.983 0.574 
0.020 0.998 0.136 0.948 0.726 
0.016 0.996 0.075 0.985 0.245 
0.020 0.993 0.065 0.985 0.910 
0.010 0.998 0.076 0.985 0.711 
0.019 0.995 0.092 0.978 0.653 
0.012 0.998 0.076 0.985 1.000 
0.014 0.996 0.139 0.953 0.989 
0.013 0.996 0.159 0.953 0.989 
0.021 0.993 0.145 0.973 0.986 
0.012 0.997 0.065 0.988 1.000 
0.021 0.996 0.356 0.948 0.227 
0.013 0.998 0.136 0.963 1.000 
0.013 0.998 0.068 0.985 1.000 
0.015 0.996 0.109 0.965 1.000 
0.014 0.996 0.121 0.960 1.000 
0.019 0.995 0.137 0.943 1.000 
0.021 0.995 0.089 0.975 1.000 
0.013 0.998 0.066 0.985 1.000 
0.016 0.996 0.112 0.968 1.000 
0.017 0.996 0.119 0.970 1.000 
0.009 0.998 0.098 0.980 1.000 
0.007 0.997 0.079 0.985 1.000 
0.019 0.994 0.171 0.948 1.000 
0.035 0.994 0.099 0.978 1.000 
0.009 0.998 0.705 0.950 1.000 
0.012 0.995 0.107 0.975 1.000 
0.015 0.996 0.112 0.970 0.996 
0.014 0.996 0.160 0.940 1.000 
0.015 0.996 0.152 0.955 1.000 
0.024 0.992 0.091 0.983 1.000 
0.012 0.996 0.187 0.940 0.993 
0.013 0.998 0.135 0.968 1.000 
0.016 0.995 0.146 0.965 0.989 
0.043 0.995 0.071 0.980 0.996 
0.019 0.996 0.325 0.927 0.874 
0.015 0.998 0.292 0.965 0.928 
0.025 0.994 0.264 0.960 0.910 
0.025 0.994 0.152 0.938 0.892 
0.023 0.994 0.137 0.953 0.892 
0.022 0.993 0.046 0.985 0.989 
0.009 0.996 0.085 0.983 0.971 
0.018 0.995 0.122 0.955 0.996 
0.009 0.997 0.138 0.978 0.993 
0.007 0.998 0.051 0.988 1.000 
0.033 0.995 0.132 0.953 1.000 
0.011 0.997 0.163 0.932 0.986 
0.020 0.992 0.203 0.970 0.032 
0.013 0.995 0.091 0.973 0.910 
0.013 0.996 0.066 0.985 0.538 
0.018 0.997 0.054 0.985 0.123 
0.011 0.997 0.083 0.975 0.931 
0.019 0.995 0.257 0.978 0.141 
0.015 0.995 0.720 0.970 0.000 
0.013 0.997 0.454 0.975 0.130 
0.017 0.996 0.849 0.973 0.097 
0.011 0.996 0.199 0.973 0.690 
0.028 0.995 0.073 0.980 0.079 
0.015 0.996 0.187 0.930 0.690 
0.013 0.995 0.059 0.985 0.397 
0.011 0.998 0.089 0.980 0.401 
0.022 0.995 0.114 0.968 0.505 
0.020 0.994 0.077 0.978 0.596 
0.015 0.996 0.211 0.927 0.177 
0.014 0.997 0.144 0.950 0.296 
0.010 0.995 0.140 0.958 0.018 
0.014 0.995 0.081 0.983 0.758 
0.016 0.995 0.120 0.963 0.094 
0.014 0.996 0.159 0.935 0.271 
0.020 0.995 0.110 0.965 0.094 
0.016 0.995 0.157 0.943 0.928 
0.012 0.996 0.114 0.970 0.181 
0.014 0.995 0.079 0.985 0.935 
0.040 0.993 0.269 0.932 0.040 
0.005 0.999 0.437 0.938 0.942 
0.053 0.993 0.066 0.980 0.960 
0.023 0.992 0.108 0.953 1.000 
0.007 0.998 0.102 0.978 1.000 
0.035 0.995 0.107 0.968 1.000 
0.025 0.992 0.131 0.940 1.000 
0.019 0.993 0.063 0.985 0.996 
0.022 0.994 0.176 0.940 0.271 
0.027 0.992 0.118 0.963 1.000 
0.017 0.996 0.128 0.953 0.690 
0.009 0.997 0.069 0.985 0.996 
0.025 0.995 0.090 0.973 0.964 
0.012 0.996 0.160 0.955 0.267 
0.024 0.993 0.138 0.953 0.372 
0.016 0.995 0.112 0.975 0.271 
0.016 0.995 0.142 0.935 0.888 
0.012 0.996 0.237 0.917 0.791 
0.014 0.995 0.101 0.975 0.819 
0.008 0.996 0.265 0.930 0.931 
0.014 0.996 0.101 0.978 0.986 
0.021 0.994 0.135 0.963 0.383 
0.020 0.994 0.137 0.943 0.004 
0.021 0.995 0.094 0.975 0.917 
0.016 0.996 0.142 0.963 0.007 
0.009 0.997 0.137 0.965 0.852 
0.014 0.993 0.107 0.980 0.715 
0.017 0.995 0.124 0.973 1.000 
0.019 0.993 0.142 0.963 0.087 
0.018 0.996 0.195 0.925 0.953 
0.014 0.996 0.036 0.988 1.000 
0.014 0.996 0.135 0.965 1.000 
0.028 0.992 0.178 0.940 0.812 
0.004 0.999 0.123 0.975 1.000 
0.014 0.996 0.184 0.930 1.000 
0.016 0.994 0.436 0.892 0.946 
0.016 0.997 0.199 0.973 0.473 
0.019 0.996 0.234 0.960 0.968 
0.020 0.995 0.985 0.975 0.137 
0.044 0.994 0.074 0.978 0.267 
0.027 0.991 0.649 0.958 0.148 
0.010 0.995 0.372 0.970 0.903 
0.030 0.995 0.847 0.932 1.000 
0.021 0.994 1.397 0.930 0.440 
0.012 0.996 1.357 0.980 0.065 
0.032 0.993 0.095 0.965 0.000 
0.020 0.996 1.026 0.948 0.032 
0.042 0.993 0.133 0.943 0.433 
0.014 0.996 0.210 0.940 0.870 
0.013 0.998 0.100 0.973 0.278 
0.016 0.994 0.208 0.938 0.931 
0.018 0.994 0.090 0.975 0.498 
0.016 0.994 0.102 0.975 0.094 
0.012 0.996 0.119 0.963 0.671 
0.021 0.995 0.077 0.978 0.220 
0.015 0.996 0.061 0.985 0.090 
0.017 0.993 0.287 0.943 0.004 
0.024 0.996 0.177 0.930 0.144 
0.014 0.995 0.234 0.930 0.812 
0.009 0.998 0.077 0.983 0.931 
0.016 0.996 0.078 0.983 1.000 
0.014 0.997 0.229 0.925 0.996 
0.022 0.996 0.160 0.935 1.000 
0.009 0.996 0.094 0.980 1.000 
0.010 0.995 0.070 0.983 1.000 
0.025 0.993 0.150 0.970 0.996 
0.009 0.998 0.070 0.983 0.996 
0.016 0.995 0.079 0.983 1.000 
0.013 0.995 0.164 0.945 0.729 
0.020 0.995 0.182 0.932 1.000 
0.016 0.995 0.065 0.985 1.000 
0.013 0.996 0.152 0.975 0.000 
0.009 0.998 0.109 0.973 0.581 
0.008 0.998 0.140 0.975 0.884 
0.016 0.998 0.072 0.980 0.097 
0.011 0.997 0.052 0.988 0.390 
0.017 0.995 0.088 0.988 0.946 
0.022 0.993 0.076 0.980 1.000 
0.012 0.998 0.051 0.985 1.000 
0.010 0.997 0.111 0.978 1.000 
0.009 0.997 0.125 0.975 1.000 
0.018 0.994 0.142 0.963 1.000 
0.009 0.998 0.235 0.922 1.000 
0.021 0.994 0.120 0.983 1.000 
0.023 0.996 0.059 0.983 1.000 
0.014 0.995 0.099 0.973 1.000 
0.018 0.994 0.115 0.980 1.000 
0.032 0.998 0.131 0.975 0.996 
0.027 0.992 0.147 0.973 1.000 
0.013 0.998 0.167 0.973 1.000 
0.030 0.995 0.100 0.975 1.000 
0.016 0.997 0.094 0.980 1.000 
0.013 0.996 0.268 0.912 1.000 
0.015 0.995 0.159 0.940 1.000 
0.017 0.996 0.118 0.975 1.000 
0.014 0.996 0.136 0.958 1.000 
0.025 0.995 0.165 0.940 1.000 
0.013 0.997 0.115 0.975 0.993 
0.011 0.998 0.554 0.973 1.000 
0.026 0.992 0.110 0.960 0.877 
0.013 0.996 0.057 0.980 1.000 
0.011 0.996 0.143 0.960 1.000 
0.012 0.996 0.084 0.980 0.996 
0.008 0.998 0.064 0.985 1.000 
0.014 0.995 0.110 0.975 0.993 
0.016 0.994 0.129 0.953 0.996 
0.012 0.996 0.268 0.920 1.000 
0.019 0.995 0.074 0.980 1.000 
0.010 0.997 0.101 0.975 1.000 
0.009 0.999 0.110 0.968 1.000 
0.026 0.992 0.233 0.920 1.000 
0.017 0.995 0.128 0.963 0.993 
0.020 0.993 0.097 0.970 0.989 
0.018 0.993 0.069 0.978 0.895 
0.009 0.996 0.445 0.963 0.776 
0.016 0.995 0.068 0.975 0.643 
0.017 0.995 0.141 0.935 1.000 
0.013 0.995 0.086 0.975 1.000 
0.007 0.998 0.427 0.973 1.000 
0.003 0.999 0.123 0.985 0.939 
0.021 0.994 0.925 0.968 0.574 
0.022 0.994 1.258 0.965 0.986 
0.023 0.995 0.127 0.965 0.892 
0.058 0.993 0.079 0.975 0.989 
0.035 0.995 0.537 0.958 0.993 
0.021 0.992 0.305 0.983 0.957 
0.018 0.995 0.464 0.968 0.910 
0.011 0.997 0.034 0.990 0.964 
0.034 0.995 0.075 0.980 0.996 
0.016 0.996 0.086 0.975 1.000 
0.010 0.998 0.349 0.958 0.838 
0.017 0.996 0.047 0.985 0.635 
0.012 0.998 0.051 0.985 1.000 
0.024 0.992 0.111 0.968 0.007 
0.015 0.996 0.045 0.985 0.993 
0.017 0.993 0.056 0.985 1.000 
0.007 0.998 0.071 0.980 1.000 
0.010 0.996 0.163 0.968 0.765 
0.017 0.997 0.049 0.988 0.166 
0.010 0.997 0.150 0.960 1.000 
0.006 0.998 0.079 0.983 0.726 
0.013 0.996 0.159 0.975 1.000 
0.005 0.998 0.082 0.988 1.000 
0.014 0.996 0.148 0.978 1.000 
0.030 0.993 0.279 0.912 0.964 
0.014 0.996 0.089 0.975 0.975 
0.013 0.998 0.099 0.975 0.848 
0.020 0.993 0.088 0.983 0.599 
0.021 0.993 0.105 0.983 0.025 
0.024 0.995 0.096 0.970 1.000 
0.017 0.996 0.132 0.960 0.993 
0.013 0.997 0.064 0.985 0.552 
0.012 0.997 0.092 0.973 0.079 
0.022 0.996 0.114 0.965 0.588 
0.017 0.996 0.187 0.938 0.625 
0.013 0.997 0.112 0.983 0.866 
0.012 0.996 0.083 0.985 0.931 
0.025 0.993 0.139 0.950 0.722 
0.011 0.998 0.128 0.953 0.946 
0.011 0.996 0.086 0.988 0.628 
0.022 0.994 0.074 0.978 0.282 
0.021 0.995 0.097 0.968 0.964 
0.015 0.995 0.094 0.973 1.000 
0.011 0.996 0.051 0.988 0.986 
0.015 0.996 0.083 0.980 1.000 
0.012 0.996 0.072 0.988 0.960 
0.011 0.997 0.171 0.965 0.993 
0.025 0.996 0.087 0.973 0.448 
0.011 0.996 0.076 0.983 1.000 
0.017 0.997 0.137 0.970 1.000 
0.015 0.995 0.142 0.965 0.007 
0.011 0.997 0.136 0.983 0.014 
0.039 0.995 0.269 0.902 0.700 
0.020 0.992 0.078 0.983 0.022 
0.016 0.995 0.119 0.975 0.011 
0.009 0.995 0.089 0.988 0.671 
0.014 0.995 0.095 0.978 0.007 
0.012 0.996 0.058 0.988 1.000 
0.009 0.998 0.205 0.953 0.217 
0.055 0.992 0.209 0.970 0.018 
0.029 0.995 0.090 0.985 0.347 
0.024 0.995 0.136 0.968 0.047 
0.015 0.996 0.057 0.985 0.848 
0.011 0.994 0.123 0.978 0.487 
0.019 0.996 0.067 0.988 0.018 
0.014 0.996 0.091 0.980 0.347 
0.025 0.994 0.087 0.978 0.996 
0.015 0.995 0.400 0.900 0.989 
0.009 0.998 0.071 0.988 0.126 
0.022 0.993 0.117 0.958 1.000 
0.016 0.995 0.091 0.980 0.960 
0.016 0.995 0.085 0.975 1.000 
0.014 0.998 0.065 0.988 0.960 
0.010 0.997 0.103 0.988 0.996 
0.026 0.992 0.272 0.978 0.083 
0.029 0.996 0.058 0.988 0.798 
0.010 0.997 0.130 0.975 1.000 
0.013 0.996 0.103 0.975 0.939 
0.019 0.995 0.064 0.988 0.610 
0.017 0.993 0.077 0.980 1.000 
0.032 0.992 0.068 0.975 0.032 
0.005 0.999 0.048 0.988 0.986 
0.016 0.997 0.122 0.970 0.986 
0.016 0.996 0.068 0.980 0.523 
0.031 0.993 0.157 0.930 0.986 
0.014 0.996 0.104 0.975 0.982 
0.015 0.998 0.067 0.983 0.812 
0.024 0.994 0.139 0.960 0.011 
0.023 0.991 0.081 0.978 0.982 
0.008 0.997 0.282 0.965 0.108 
0.021 0.994 0.069 0.985 0.004 
0.015 0.995 0.080 0.980 0.170 
0.006 0.998 0.065 0.983 0.819 
0.006 0.998 0.058 0.983 0.953 
0.024 0.993 0.124 0.958 1.000 
0.017 0.995 0.069 0.985 0.769 
0.017 0.996 0.079 0.980 0.935 
0.013 0.996 0.071 0.985 0.007 
0.013 0.995 0.069 0.985 0.978 
0.019 0.993 0.087 0.980 0.856 
0.013 0.998 0.067 0.983 0.065 
0.013 0.996 0.033 0.988 1.000 
0.022 0.995 0.046 0.988 0.083 
0.012 0.996 0.162 0.980 0.830 
0.018 0.995 0.068 0.988 0.054 
0.019 0.993 0.082 0.978 1.000 
0.014 0.995 0.097 0.975 0.989 
0.014 0.996 0.087 0.980 0.975 
0.021 0.991 0.097 0.978 0.014 
0.021 0.996 0.202 0.925 0.978 
0.016 0.995 0.092 0.975 1.000 
0.019 0.993 0.080 0.983 0.000 
0.019 0.996 0.084 0.985 0.000 
0.015 0.994 0.094 0.970 0.000 
0.033 0.993 0.140 0.975 0.000 
0.019 0.994 0.059 0.988 0.119 
0.014 0.995 0.090 0.980 0.126 
0.013 0.996 0.087 0.985 0.043 
0.020 0.993 0.061 0.988 0.220 
0.011 0.995 0.056 0.988 0.061 
0.017 0.995 0.090 0.975 0.404 
0.011 0.996 0.087 0.983 0.426 
0.008 0.998 0.106 0.980 0.011 
0.023 0.994 0.100 0.973 0.040 
0.007 0.998 0.092 0.978 0.004 
0.009 0.996 0.072 0.980 0.632 
0.009 0.997 0.121 0.983 0.018 
0.023 0.995 0.146 0.932 0.051 
0.008 0.996 0.200 0.965 0.101 
0.019 0.994 0.185 0.965 0.014 
0.011 0.996 0.088 0.978 0.007 
0.007 0.998 0.055 0.985 0.011 
0.015 0.995 0.173 0.983 0.007 
0.007 0.998 0.252 0.980 0.007 
0.022 0.995 0.295 0.983 0.227 
0.018 0.995 0.771 0.963 0.029 
0.022 0.995 0.069 0.985 0.007 
0.011 0.996 0.205 0.978 0.903 
0.012 0.996 0.150 0.983 0.375 
0.011 0.997 0.076 0.988 0.390 
0.014 0.996 0.279 0.983 0.141 
0.040 0.991 0.047 0.988 1.000 
0.013 0.998 0.054 0.985 0.996 
0.015 0.995 0.092 0.983 0.022 
0.014 0.995 0.136 0.975 0.964 
0.013 0.996 0.095 0.975 0.874 
0.012 0.997 0.088 0.963 0.881 
0.014 0.996 0.147 0.975 0.556 
0.018 0.995 0.066 0.985 0.343 
0.011 0.995 0.177 0.953 0.910 
0.027 0.990 0.075 0.983 0.989 
0.013 0.997 0.071 0.985 0.949 
0.015 0.996 0.044 0.988 0.971 
0.011 0.996 0.171 0.970 1.000 
0.018 0.996 0.131 0.983 0.877 
0.024 0.993 0.176 0.943 1.000 
0.014 0.997 0.185 0.960 0.993 
0.017 0.996 0.076 0.983 0.394 
0.011 0.995 0.225 0.965 1.000 
0.024 0.993 0.096 0.980 0.004 
0.013 0.998 0.075 0.983 0.884 
0.015 0.996 0.391 0.915 0.054 
0.021 0.996 0.091 0.980 1.000 
0.010 0.997 0.243 0.943 0.408 
0.017 0.996 0.168 0.965 0.004 
0.019 0.995 0.053 0.985 1.000 
0.008 0.998 0.238 0.963 0.823 
0.014 0.996 0.219 0.965 0.513 
0.010 0.998 0.070 0.985 0.000 
0.019 0.996 0.173 0.973 0.014 
0.013 0.996 0.037 0.988 0.047 
0.017 0.996 0.062 0.983 0.022 
0.023 0.994 0.221 0.980 0.040 
0.018 0.994 0.259 0.978 0.000 
0.009 0.998 0.052 0.985 0.000 
0.023 0.995 0.156 0.938 0.996 
0.018 0.993 0.181 0.938 0.242 
0.012 0.994 0.121 0.978 0.043 
0.010 0.996 0.184 0.978 0.011 
0.019 0.996 0.056 0.985 0.964 
0.014 0.997 0.057 0.983 0.025 
0.010 0.998 0.299 0.940 0.007 
0.019 0.997 0.062 0.983 1.000 
0.010 0.998 0.059 0.985 0.076 
0.014 0.996 0.091 0.980 0.014 
0.016 0.996 0.070 0.985 0.040 
0.016 0.995 0.168 0.965 0.000 
0.019 0.996 0.075 0.978 0.004 
0.012 0.995 0.160 0.950 0.043 
0.016 0.994 0.045 0.985 0.011 
0.014 0.996 0.140 0.968 0.455 
0.014 0.995 0.120 0.968 0.253 
0.015 0.996 0.068 0.983 0.004 
0.026 0.993 0.117 0.965 0.170 
0.011 0.995 0.076 0.983 0.906 
0.021 0.994 0.174 0.938 0.614 
0.005 0.997 0.056 0.985 0.993 
0.015 0.995 0.101 0.983 0.989 
0.021 0.993 0.108 0.960 0.895 
0.020 0.994 0.111 0.978 1.000 
0.010 0.997 0.078 0.980 1.000 
0.016 0.996 0.063 0.985 1.000 
0.012 0.996 0.106 0.983 1.000 
0.015 0.997 0.091 0.973 0.675 
0.024 0.993 0.056 0.983 0.271 
0.026 0.992 0.262 0.965 0.249 
0.014 0.995 0.115 0.980 0.011 
0.009 0.997 0.094 0.983 0.765 
0.013 0.996 0.261 0.978 0.000 
0.039 0.993 0.245 0.945 0.755 
0.020 0.995 0.121 0.983 0.097 
0.010 0.997 0.057 0.985 0.022 
0.013 0.997 0.100 0.973 0.173 
0.007 0.997 0.165 0.968 0.632 
0.012 0.995 0.172 0.985 0.004 
0.023 0.996 0.068 0.988 0.011 
0.005 0.999 0.069 0.985 0.051 
0.011 0.996 0.062 0.988 0.036 
