0.311 0.873 0.192 0.935 0.996 
0.180 0.933 0.121 0.968 1.000 
0.151 0.949 0.165 0.950 1.000 
0.132 0.962 0.126 0.970 1.000 
0.144 0.956 0.115 0.973 1.000 
0.120 0.958 0.155 0.950 1.000 
0.107 0.965 0.129 0.970 0.996 
0.090 0.972 0.096 0.978 1.000 
0.082 0.974 0.108 0.975 1.000 
0.073 0.979 0.128 0.955 1.000 
0.084 0.973 0.114 0.960 0.982 
0.075 0.981 0.113 0.958 0.993 
0.087 0.976 0.118 0.958 0.956 
0.071 0.980 0.115 0.963 0.996 
0.068 0.979 0.095 0.970 0.996 
0.065 0.980 0.109 0.960 0.978 
0.093 0.970 0.082 0.980 0.993 
0.059 0.979 0.085 0.973 1.000 
0.048 0.986 0.120 0.965 0.913 
0.061 0.981 0.088 0.978 0.898 
0.054 0.982 0.099 0.963 0.996 
0.053 0.979 0.087 0.970 1.000 
0.073 0.975 0.082 0.980 1.000 
0.054 0.983 0.098 0.963 1.000 
0.061 0.982 0.129 0.948 0.993 
0.046 0.986 0.081 0.973 1.000 
0.046 0.988 0.089 0.965 0.996 
0.058 0.982 0.089 0.978 0.982 
0.054 0.982 0.089 0.975 1.000 
0.045 0.988 0.082 0.978 1.000 
0.040 0.988 0.080 0.978 1.000 
0.050 0.986 0.138 0.948 0.996 
0.045 0.986 0.097 0.965 1.000 
0.050 0.984 0.097 0.963 1.000 
0.047 0.986 0.103 0.960 1.000 
0.047 0.986 0.087 0.978 1.000 
0.040 0.992 0.117 0.960 1.000 
0.043 0.991 0.117 0.958 1.000 
0.045 0.988 0.117 0.958 1.000 
0.055 0.984 0.100 0.963 1.000 
0.044 0.990 0.095 0.963 1.000 
0.045 0.989 0.073 0.978 1.000 
0.048 0.984 0.079 0.978 1.000 
0.042 0.988 0.082 0.970 1.000 
0.045 0.983 0.080 0.978 1.000 
0.034 0.991 0.094 0.963 1.000 
0.034 0.990 0.077 0.980 0.996 
0.038 0.990 0.131 0.950 0.996 
0.034 0.990 0.080 0.973 1.000 
0.041 0.991 0.116 0.958 0.989 
0.039 0.989 0.108 0.960 0.996 
0.045 0.986 0.089 0.963 0.996 
0.033 0.992 0.118 0.960 1.000 
0.034 0.992 0.098 0.963 0.996 
0.036 0.990 0.111 0.963 0.989 
0.038 0.990 0.065 0.983 0.905 
0.041 0.991 0.117 0.960 0.993 
0.048 0.986 0.083 0.970 1.000 
0.043 0.991 0.084 0.970 1.000 
0.039 0.992 0.078 0.980 1.000 
0.035 0.991 0.090 0.965 0.996 
0.036 0.991 0.124 0.950 1.000 
0.035 0.992 0.106 0.963 0.996 
0.035 0.991 0.093 0.963 0.996 
0.038 0.988 0.113 0.960 1.000 
0.037 0.989 0.116 0.958 0.996 
0.038 0.991 0.100 0.960 0.996 
0.043 0.986 0.111 0.965 0.993 
0.030 0.991 0.121 0.963 0.993 
0.030 0.992 0.066 0.980 0.927 
0.039 0.990 0.104 0.963 0.989 
0.040 0.989 0.094 0.960 0.993 
0.040 0.989 0.090 0.973 0.993 
0.037 0.990 0.120 0.955 0.935 
0.033 0.990 0.125 0.958 1.000 
0.024 0.994 0.079 0.970 0.945 
0.031 0.992 0.229 0.930 0.996 
0.041 0.990 0.132 0.950 0.920 
0.025 0.994 0.063 0.980 1.000 
0.039 0.992 0.156 0.950 0.993 
0.039 0.989 0.138 0.958 0.873 
0.032 0.991 0.108 0.965 0.993 
0.021 0.994 0.106 0.965 0.993 
0.029 0.991 0.083 0.973 1.000 
0.028 0.992 0.088 0.970 1.000 
0.039 0.991 0.096 0.965 0.971 
0.030 0.991 0.075 0.973 0.989 
0.029 0.992 0.088 0.965 1.000 
0.030 0.992 0.148 0.955 0.985 
0.030 0.993 0.112 0.965 0.993 
0.035 0.989 0.086 0.970 0.989 
0.030 0.992 0.099 0.963 0.996 
0.032 0.990 0.064 0.983 0.982 
0.031 0.991 0.084 0.965 0.811 
0.034 0.993 0.103 0.963 0.876 
0.030 0.991 0.102 0.965 0.847 
0.039 0.991 0.085 0.965 0.996 
0.026 0.993 0.068 0.978 1.000 
0.036 0.991 0.074 0.975 0.909 
0.030 0.991 0.146 0.958 0.975 
0.037 0.990 0.117 0.953 1.000 
0.030 0.992 0.083 0.968 0.985 
0.030 0.992 0.126 0.958 1.000 
0.029 0.992 0.098 0.968 0.993 
0.031 0.992 0.075 0.968 0.829 
0.031 0.991 0.126 0.950 0.993 
0.030 0.991 0.111 0.950 0.949 
0.026 0.993 0.110 0.958 0.975 
0.028 0.992 0.086 0.968 0.975 
0.029 0.991 0.202 0.943 0.975 
0.027 0.992 0.116 0.968 0.858 
0.028 0.995 0.094 0.968 0.916 
0.034 0.991 0.138 0.960 1.000 
0.025 0.993 0.094 0.965 0.956 
0.024 0.993 0.157 0.935 1.000 
0.026 0.994 0.089 0.965 0.996 
0.033 0.991 0.055 0.980 0.927 
0.035 0.989 0.130 0.958 0.993 
0.032 0.991 0.113 0.958 1.000 
0.031 0.991 0.114 0.955 1.000 
0.031 0.994 0.095 0.960 0.440 
0.020 0.995 0.078 0.965 0.818 
0.021 0.996 0.057 0.983 0.942 
0.036 0.993 0.070 0.975 0.956 
0.023 0.994 0.160 0.950 0.942 
0.030 0.990 0.146 0.970 0.989 
0.028 0.993 0.090 0.965 0.978 
0.035 0.991 0.072 0.975 0.956 
0.033 0.991 0.062 0.973 0.829 
0.034 0.990 0.091 0.968 0.869 
0.026 0.994 0.172 0.948 0.982 
0.026 0.993 0.084 0.973 0.949 
0.022 0.995 0.084 0.973 0.956 
0.027 0.992 0.150 0.953 0.960 
0.021 0.994 0.123 0.960 0.945 
0.027 0.994 0.088 0.965 0.996 
0.031 0.993 0.119 0.955 0.993 
0.030 0.989 0.092 0.963 1.000 
0.021 0.994 0.065 0.985 0.993 
0.030 0.991 0.085 0.973 1.000 
0.030 0.994 0.060 0.980 0.985 
0.025 0.994 0.065 0.980 0.982 
0.021 0.995 0.107 0.963 1.000 
0.031 0.992 0.069 0.978 1.000 
0.028 0.993 0.086 0.965 1.000 
0.032 0.991 0.092 0.965 1.000 
0.027 0.993 0.074 0.970 1.000 
0.033 0.991 0.158 0.945 1.000 
0.028 0.991 0.132 0.960 0.996 
0.028 0.993 0.051 0.983 0.975 
0.029 0.993 0.119 0.955 0.982 
0.025 0.992 0.133 0.958 0.782 
0.024 0.993 0.153 0.948 0.971 
0.024 0.994 0.089 0.965 0.993 
0.034 0.991 0.097 0.963 1.000 
0.034 0.991 0.090 0.963 1.000 
0.023 0.994 0.178 0.943 0.996 
0.028 0.992 0.056 0.985 0.560 
0.020 0.994 0.119 0.963 1.000 
0.028 0.991 0.090 0.965 0.960 
0.026 0.992 0.077 0.968 1.000 
0.036 0.990 0.121 0.953 1.000 
0.025 0.993 0.065 0.978 0.975 
0.019 0.995 0.086 0.965 1.000 
0.020 0.995 0.090 0.968 0.771 
0.020 0.994 0.114 0.960 0.985 
0.025 0.994 0.085 0.968 0.989 
0.023 0.996 0.064 0.980 0.833 
0.023 0.995 0.137 0.955 0.964 
0.025 0.993 0.133 0.953 0.993 
0.024 0.993 0.049 0.980 0.953 
0.022 0.994 0.089 0.963 1.000 
0.018 0.995 0.072 0.973 0.993 
0.024 0.993 0.123 0.958 0.844 
0.034 0.990 0.090 0.963 0.989 
0.032 0.990 0.175 0.943 0.978 
0.023 0.993 0.106 0.965 0.993 
0.028 0.992 0.073 0.975 0.993 
0.020 0.994 0.096 0.960 0.996 
0.024 0.995 0.088 0.968 0.996 
0.026 0.991 0.103 0.968 0.938 
0.020 0.996 0.077 0.970 0.924 
0.028 0.994 0.095 0.965 0.996 
0.023 0.992 0.061 0.975 0.993 
0.027 0.991 0.108 0.963 0.971 
0.024 0.995 0.083 0.970 0.993 
0.022 0.992 0.068 0.975 1.000 
0.036 0.989 0.119 0.955 0.964 
0.039 0.992 0.108 0.960 0.993 
0.019 0.995 0.105 0.965 1.000 
0.025 0.993 0.077 0.970 1.000 
0.027 0.994 0.077 0.973 0.895 
0.020 0.994 0.092 0.970 0.895 
0.029 0.994 0.078 0.970 0.993 
0.019 0.994 0.179 0.943 1.000 
0.013 0.996 0.145 0.960 0.996 
0.026 0.993 0.147 0.950 0.913 
0.019 0.996 0.075 0.973 0.993 
0.025 0.991 0.169 0.943 1.000 
0.026 0.992 0.111 0.953 0.971 
0.026 0.994 0.162 0.940 0.989 
0.029 0.994 0.111 0.960 0.713 
0.026 0.993 0.120 0.963 1.000 
0.021 0.993 0.100 0.955 1.000 
0.017 0.994 0.119 0.958 1.000 
0.025 0.995 0.118 0.963 0.989 
0.027 0.992 0.100 0.965 0.971 
0.018 0.994 0.148 0.953 1.000 
0.019 0.994 0.097 0.965 0.956 
0.029 0.992 0.143 0.943 1.000 
0.024 0.991 0.162 0.955 0.996 
0.027 0.995 0.140 0.953 0.996 
0.021 0.995 0.158 0.955 1.000 
0.033 0.991 0.135 0.958 0.982 
0.026 0.994 0.087 0.973 0.960 
0.021 0.994 0.149 0.950 0.996 
0.028 0.992 0.138 0.953 0.996 
0.024 0.994 0.120 0.955 0.967 
0.027 0.993 0.227 0.932 0.960 
0.023 0.995 0.101 0.963 0.996 
0.021 0.993 0.065 0.978 0.996 
0.024 0.992 0.101 0.958 1.000 
0.022 0.995 0.077 0.975 0.647 
0.024 0.995 0.082 0.978 0.909 
0.020 0.995 0.195 0.943 1.000 
0.025 0.992 0.109 0.960 0.778 
0.019 0.995 0.089 0.970 0.909 
0.031 0.992 0.113 0.950 0.996 
0.026 0.993 0.105 0.958 0.996 
0.018 0.995 0.056 0.978 0.833 
0.022 0.993 0.069 0.978 0.978 
0.017 0.996 0.086 0.973 0.996 
0.025 0.993 0.101 0.960 1.000 
0.024 0.995 0.126 0.958 0.858 
0.046 0.991 0.110 0.963 0.807 
0.031 0.992 0.075 0.970 0.978 
0.022 0.995 0.123 0.960 0.993 
0.031 0.994 0.143 0.940 1.000 
0.020 0.995 0.110 0.968 0.924 
0.026 0.992 0.157 0.945 0.982 
0.024 0.994 0.069 0.973 0.964 
0.026 0.993 0.131 0.955 0.993 
0.014 0.996 0.095 0.968 0.996 
0.025 0.994 0.120 0.955 0.989 
0.024 0.991 0.161 0.948 0.978 
0.041 0.991 0.123 0.965 0.975 
0.035 0.991 0.107 0.958 0.942 
0.019 0.994 0.062 0.978 0.884 
0.021 0.995 0.099 0.968 0.731 
0.014 0.997 0.114 0.958 0.996 
0.024 0.993 0.127 0.950 0.993 
0.028 0.993 0.093 0.960 0.971 
0.017 0.995 0.143 0.950 0.880 
0.022 0.994 0.166 0.948 0.891 
0.026 0.992 0.157 0.953 0.767 
0.019 0.995 0.079 0.973 0.851 
0.029 0.992 0.094 0.960 0.960 
0.022 0.994 0.147 0.953 0.895 
0.023 0.994 0.129 0.953 0.931 
0.016 0.995 0.183 0.950 0.862 
0.016 0.996 0.062 0.985 0.749 
0.028 0.993 0.082 0.968 0.716 
0.023 0.994 0.074 0.980 0.982 
0.025 0.992 0.149 0.960 0.825 
0.023 0.993 0.080 0.985 0.865 
0.026 0.994 0.099 0.960 0.945 
0.022 0.993 0.129 0.958 0.960 
0.026 0.994 0.093 0.968 0.840 
0.022 0.995 0.094 0.963 0.975 
0.017 0.996 0.153 0.958 0.651 
0.021 0.995 0.105 0.960 0.909 
0.022 0.994 0.075 0.975 0.916 
0.024 0.994 0.074 0.970 0.927 
0.017 0.995 0.044 0.985 0.938 
0.018 0.996 0.054 0.983 0.978 
0.021 0.993 0.120 0.965 0.982 
0.020 0.995 0.054 0.985 0.993 
0.018 0.994 0.105 0.968 0.982 
0.018 0.996 0.077 0.970 0.993 
0.019 0.992 0.106 0.968 0.996 
0.020 0.995 0.085 0.973 0.935 
0.042 0.991 0.128 0.958 0.975 
0.045 0.989 0.118 0.958 0.989 
0.026 0.993 0.086 0.965 0.989 
0.017 0.995 0.042 0.985 0.964 
0.020 0.994 0.083 0.965 0.967 
0.024 0.995 0.117 0.963 0.993 
0.022 0.995 0.105 0.965 0.993 
0.016 0.994 0.079 0.978 0.985 
0.019 0.996 0.089 0.963 0.996 
0.011 0.995 0.123 0.963 0.993 
0.025 0.995 0.195 0.940 0.996 
0.026 0.992 0.081 0.965 0.855 
0.015 0.997 0.074 0.973 0.993 
0.026 0.992 0.145 0.955 0.996 
0.019 0.994 0.096 0.970 0.971 
0.022 0.994 0.092 0.975 0.575 
0.016 0.996 0.075 0.968 0.993 
0.027 0.992 0.095 0.968 0.927 
0.022 0.993 0.059 0.983 0.982 
0.025 0.992 0.200 0.950 0.989 
0.025 0.993 0.100 0.963 0.993 
0.017 0.995 0.089 0.963 0.964 
0.018 0.996 0.055 0.985 0.945 
0.023 0.994 0.084 0.963 0.985 
0.016 0.995 0.101 0.973 0.993 
0.023 0.995 0.113 0.955 0.996 
0.012 0.996 0.078 0.970 1.000 
0.017 0.994 0.150 0.955 0.989 
0.020 0.996 0.077 0.973 0.916 
0.021 0.994 0.083 0.963 0.985 
0.025 0.993 0.068 0.975 0.425 
0.024 0.994 0.071 0.973 0.931 
0.011 0.996 0.111 0.963 0.996 
0.009 0.997 0.171 0.955 0.989 
0.021 0.996 0.113 0.955 0.560 
0.020 0.995 0.117 0.960 0.931 
0.019 0.995 0.082 0.970 0.865 
0.034 0.995 0.109 0.960 0.956 
0.023 0.995 0.081 0.968 0.975 
0.023 0.992 0.099 0.963 0.989 
0.020 0.995 0.167 0.965 0.949 
0.022 0.994 0.138 0.943 1.000 
0.017 0.996 0.121 0.963 1.000 
0.031 0.992 0.087 0.970 0.978 
0.022 0.993 0.078 0.968 1.000 
0.026 0.994 0.168 0.950 0.989 
0.018 0.995 0.115 0.955 0.982 
0.013 0.997 0.100 0.973 0.385 
0.016 0.997 0.110 0.963 0.996 
0.029 0.993 0.091 0.975 0.869 
0.022 0.993 0.113 0.965 0.978 
0.015 0.996 0.079 0.968 0.898 
0.020 0.995 0.073 0.975 0.905 
0.018 0.996 0.079 0.973 0.935 
0.016 0.994 0.134 0.958 0.975 
0.021 0.995 0.053 0.985 0.476 
0.022 0.994 0.148 0.945 1.000 
0.020 0.994 0.112 0.965 0.295 
0.023 0.994 0.234 0.950 0.571 
0.020 0.996 0.090 0.973 0.964 
0.026 0.991 0.112 0.958 0.989 
0.015 0.995 0.145 0.960 0.869 
0.014 0.995 0.121 0.965 0.924 
0.010 0.997 0.125 0.963 0.985 
0.018 0.997 0.137 0.950 0.978 
0.021 0.994 0.086 0.968 0.964 
0.018 0.994 0.199 0.948 0.996 
0.021 0.995 0.059 0.975 0.971 
0.031 0.995 0.137 0.958 1.000 
0.025 0.994 0.149 0.955 0.996 
0.022 0.995 0.080 0.970 1.000 
0.023 0.992 0.109 0.958 0.989 
0.018 0.995 0.092 0.965 0.993 
0.020 0.995 0.118 0.963 0.996 
0.018 0.995 0.089 0.965 0.978 
0.024 0.994 0.056 0.978 0.978 
0.016 0.996 0.148 0.955 0.993 
0.018 0.995 0.053 0.983 0.989 
0.018 0.994 0.110 0.970 0.949 
0.023 0.995 0.111 0.960 0.975 
0.017 0.996 0.113 0.965 0.978 
0.018 0.995 0.135 0.955 0.996 
0.019 0.996 0.107 0.963 1.000 
0.017 0.996 0.144 0.960 1.000 
0.017 0.995 0.169 0.953 1.000 
0.015 0.997 0.141 0.945 1.000 
0.022 0.995 0.108 0.963 0.996 
0.027 0.994 0.242 0.963 0.993 
0.034 0.993 0.099 0.965 1.000 
0.016 0.995 0.094 0.965 1.000 
0.016 0.996 0.087 0.965 1.000 
0.022 0.993 0.137 0.953 1.000 
0.017 0.995 0.180 0.948 1.000 
0.015 0.995 0.085 0.968 0.989 
0.020 0.995 0.152 0.955 0.989 
0.027 0.993 0.118 0.960 0.989 
0.026 0.994 0.153 0.945 1.000 
0.034 0.992 0.103 0.963 0.989 
0.012 0.997 0.110 0.965 0.989 
0.025 0.995 0.104 0.965 0.996 
0.010 0.997 0.100 0.970 0.996 
0.019 0.995 0.133 0.953 0.996 
0.015 0.997 0.095 0.970 0.993 
0.017 0.996 0.100 0.970 0.993 
0.019 0.996 0.147 0.955 0.996 
0.017 0.995 0.154 0.958 1.000 
0.016 0.997 0.080 0.978 0.989 
0.020 0.995 0.104 0.960 1.000 
0.018 0.995 0.109 0.970 0.971 
0.021 0.995 0.121 0.963 0.996 
0.045 0.990 0.156 0.955 0.996 
0.022 0.994 0.142 0.958 0.996 
0.019 0.995 0.109 0.965 0.964 
0.016 0.996 0.102 0.970 0.993 
0.015 0.995 0.104 0.965 0.996 
0.015 0.995 0.115 0.965 0.993 
0.024 0.994 0.165 0.940 0.993 
0.047 0.992 0.146 0.950 0.996 
0.015 0.997 0.096 0.965 0.996 
0.022 0.994 0.121 0.965 0.996 
0.018 0.994 0.117 0.965 0.985 
0.018 0.995 0.096 0.965 0.996 
0.015 0.997 0.054 0.985 0.982 
0.023 0.993 0.143 0.958 0.996 
0.020 0.994 0.054 0.983 0.996 
0.024 0.996 0.114 0.963 0.989 
0.021 0.994 0.111 0.960 0.996 
0.013 0.997 0.170 0.958 0.975 
0.017 0.994 0.109 0.963 0.996 
0.015 0.994 0.062 0.975 0.996 
0.016 0.995 0.174 0.955 0.996 
0.034 0.993 0.103 0.958 0.996 
0.017 0.995 0.193 0.948 0.996 
0.015 0.995 0.132 0.953 1.000 
0.018 0.995 0.292 0.930 1.000 
0.027 0.991 0.076 0.970 0.989 
0.017 0.993 0.137 0.963 0.975 
0.018 0.996 0.163 0.945 0.996 
0.016 0.996 0.113 0.958 0.996 
0.016 0.997 0.087 0.965 0.996 
0.024 0.994 0.142 0.958 0.996 
0.015 0.995 0.126 0.963 0.993 
0.016 0.997 0.186 0.948 0.996 
0.027 0.994 0.132 0.960 0.971 
0.023 0.994 0.078 0.975 0.996 
0.014 0.995 0.130 0.953 0.996 
0.014 0.996 0.284 0.945 0.978 
0.033 0.994 0.092 0.963 0.985 
0.021 0.994 0.123 0.958 0.996 
0.017 0.995 0.123 0.953 0.964 
0.016 0.997 0.112 0.960 0.876 
0.021 0.994 0.097 0.965 0.753 
0.021 0.994 0.089 0.973 0.985 
0.020 0.996 0.111 0.958 0.982 
0.009 0.996 0.106 0.963 0.989 
0.021 0.993 0.108 0.960 0.993 
0.014 0.996 0.115 0.968 0.964 
0.017 0.997 0.125 0.960 0.993 
0.020 0.994 0.083 0.973 0.873 
0.023 0.993 0.096 0.968 0.938 
0.014 0.997 0.115 0.963 0.996 
0.021 0.995 0.112 0.963 0.996 
0.029 0.994 0.095 0.965 0.971 
0.016 0.996 0.081 0.970 0.993 
0.017 0.995 0.081 0.965 0.993 
0.011 0.996 0.103 0.965 0.993 
0.024 0.994 0.111 0.965 0.996 
0.011 0.996 0.161 0.963 0.996 
0.008 0.997 0.320 0.935 0.964 
0.016 0.994 0.115 0.970 0.996 
0.029 0.995 0.105 0.960 0.996 
0.028 0.996 0.051 0.988 1.000 
0.035 0.992 0.135 0.945 1.000 
0.027 0.994 0.105 0.965 0.996 
0.010 0.997 0.127 0.963 0.996 
0.019 0.995 0.114 0.960 0.996 
0.025 0.996 0.104 0.963 0.989 
0.024 0.994 0.118 0.960 0.996 
0.016 0.997 0.163 0.955 0.996 
0.015 0.995 0.225 0.932 0.993 
0.016 0.994 0.156 0.958 0.996 
0.014 0.995 0.162 0.963 0.996 
0.022 0.996 0.183 0.940 0.982 
0.017 0.996 0.148 0.953 0.996 
0.012 0.996 0.146 0.965 0.996 
0.018 0.996 0.116 0.970 0.989 
0.015 0.995 0.075 0.973 0.993 
0.029 0.994 0.129 0.958 0.996 
0.024 0.994 0.191 0.935 0.996 
0.012 0.995 0.132 0.960 0.996 
0.023 0.995 0.226 0.932 0.982 
0.015 0.996 0.150 0.960 0.996 
0.012 0.996 0.154 0.958 0.996 
0.022 0.994 0.135 0.960 0.996 
0.011 0.998 0.209 0.955 0.996 
0.020 0.994 0.071 0.978 0.996 
0.014 0.997 0.142 0.955 0.996 
0.018 0.995 0.248 0.948 1.000 
0.034 0.992 0.167 0.958 1.000 
0.021 0.995 0.122 0.963 1.000 
0.028 0.993 0.119 0.963 0.996 
0.012 0.997 0.120 0.960 0.996 
0.017 0.995 0.148 0.955 0.996 
0.015 0.995 0.131 0.958 0.996 
0.015 0.995 0.159 0.958 0.996 
0.028 0.995 0.134 0.960 0.996 
0.017 0.995 0.133 0.958 0.996 
0.010 0.997 0.125 0.965 0.996 
0.018 0.994 0.165 0.955 0.996 
0.023 0.995 0.094 0.970 0.996 
0.023 0.994 0.235 0.948 0.996 
0.023 0.996 0.140 0.960 0.996 
0.012 0.997 0.116 0.973 0.996 
0.019 0.995 0.174 0.960 0.996 
0.021 0.994 0.188 0.950 0.996 
0.017 0.994 0.207 0.950 0.996 
0.014 0.996 0.169 0.955 0.996 
0.019 0.993 0.127 0.963 0.996 
0.014 0.997 0.108 0.963 0.967 
0.024 0.996 0.162 0.945 0.996 
0.021 0.993 0.089 0.963 0.985 
0.015 0.996 0.153 0.958 0.993 
0.027 0.994 0.103 0.963 0.993 
0.015 0.997 0.099 0.963 0.971 
0.022 0.992 0.183 0.945 0.996 
0.016 0.995 0.087 0.965 0.975 
0.016 0.997 0.158 0.953 0.996 
0.016 0.995 0.134 0.958 0.996 
0.016 0.996 0.137 0.955 0.996 
0.016 0.996 0.140 0.963 0.985 
0.019 0.994 0.112 0.963 0.989 
0.013 0.997 0.154 0.958 0.996 
0.026 0.993 0.085 0.970 0.996 
0.019 0.995 0.135 0.955 0.960 
0.017 0.995 0.201 0.945 0.996 
0.013 0.997 0.099 0.970 0.993 
0.015 0.996 0.096 0.968 0.996 
0.012 0.997 0.119 0.963 0.996 
0.019 0.996 0.081 0.973 0.996 
0.012 0.996 0.152 0.955 0.996 
0.012 0.997 0.135 0.963 0.996 
0.029 0.992 0.184 0.935 0.996 
0.014 0.996 0.165 0.958 1.000 
0.015 0.995 0.120 0.960 0.996 
0.012 0.998 0.108 0.965 0.996 
0.013 0.997 0.122 0.963 0.996 
0.017 0.995 0.083 0.968 0.996 
0.018 0.994 0.082 0.973 0.985 
0.014 0.997 0.157 0.958 0.996 
0.016 0.995 0.218 0.948 1.000 
0.021 0.995 0.104 0.963 0.996 
0.017 0.996 0.163 0.963 0.996 
0.012 0.997 0.158 0.960 0.996 
0.019 0.993 0.138 0.963 0.996 
0.018 0.993 0.153 0.960 0.993 
0.019 0.994 0.106 0.963 0.996 
0.025 0.995 0.164 0.963 0.993 
0.024 0.993 0.125 0.970 0.996 
0.014 0.995 0.210 0.958 0.996 
0.022 0.995 0.061 0.983 0.978 
0.025 0.994 0.181 0.943 0.996 
0.019 0.996 0.124 0.955 0.989 
0.017 0.995 0.141 0.960 0.993 
0.019 0.996 0.107 0.970 0.935 
0.017 0.994 0.315 0.950 0.782 
0.030 0.994 0.127 0.955 0.996 
0.019 0.995 0.173 0.945 0.996 
0.012 0.998 0.091 0.968 0.996 
0.013 0.997 0.151 0.958 0.996 
0.025 0.994 0.106 0.970 1.000 
0.014 0.997 0.102 0.965 0.996 
0.011 0.997 0.144 0.970 0.996 
0.025 0.996 0.164 0.958 0.996 
0.007 0.998 0.112 0.978 0.996 
0.031 0.994 0.104 0.970 0.996 
0.020 0.993 0.195 0.943 0.996 
0.022 0.994 0.092 0.968 0.985 
0.020 0.995 0.172 0.958 0.996 
0.021 0.993 0.077 0.970 0.989 
0.015 0.997 0.140 0.958 0.996 
0.008 0.997 0.171 0.958 0.996 
0.018 0.995 0.178 0.950 0.993 
0.018 0.993 0.171 0.955 0.996 
0.019 0.993 0.108 0.963 0.996 
0.009 0.998 0.181 0.958 0.996 
0.013 0.996 0.164 0.963 0.996 
0.011 0.996 0.208 0.943 1.000 
0.012 0.996 0.149 0.963 0.996 
0.019 0.994 0.191 0.948 0.996 
0.019 0.994 0.157 0.960 0.996 
0.014 0.997 0.112 0.960 0.996 
0.020 0.993 0.074 0.973 0.993 
0.014 0.996 0.147 0.953 0.993 
0.024 0.993 0.212 0.963 1.000 
0.015 0.995 0.265 0.943 0.996 
0.028 0.994 0.126 0.963 0.996 
0.018 0.997 0.163 0.950 0.996 
0.022 0.992 0.090 0.970 0.993 
0.013 0.994 0.179 0.955 0.996 
0.027 0.990 0.218 0.930 0.993 
0.011 0.998 0.274 0.945 0.989 
0.028 0.992 0.203 0.927 0.996 
0.015 0.994 0.095 0.968 0.996 
0.012 0.997 0.271 0.943 0.996 
0.011 0.997 0.118 0.960 0.993 
0.021 0.994 0.177 0.963 0.975 
0.017 0.995 0.108 0.965 0.985 
0.016 0.996 0.128 0.960 0.993 
0.018 0.994 0.076 0.978 0.993 
0.014 0.996 0.119 0.963 0.996 
0.019 0.996 0.149 0.963 0.996 
0.017 0.995 0.105 0.965 0.956 
0.013 0.997 0.112 0.965 0.985 
0.010 0.995 0.170 0.960 0.931 
0.028 0.994 0.101 0.965 0.985 
0.014 0.996 0.273 0.960 0.996 
0.085 0.993 0.163 0.960 0.996 
0.031 0.994 0.114 0.965 0.996 
0.029 0.994 0.139 0.965 0.982 
0.019 0.995 0.133 0.963 0.996 
0.019 0.994 0.166 0.950 0.993 
0.020 0.995 0.259 0.960 0.996 
0.016 0.996 0.081 0.975 0.993 
0.019 0.995 0.219 0.950 0.989 
0.016 0.996 0.183 0.953 0.996 
0.023 0.995 0.238 0.953 0.993 
0.036 0.994 0.148 0.955 0.982 
0.015 0.994 0.126 0.963 0.989 
0.015 0.996 0.062 0.983 0.978 
0.014 0.996 0.138 0.960 0.996 
0.015 0.997 0.064 0.975 0.985 
0.020 0.993 0.058 0.983 0.942 
0.027 0.993 0.134 0.953 0.996 
0.022 0.995 0.096 0.973 0.967 
0.019 0.994 0.112 0.973 0.887 
0.013 0.998 0.122 0.963 0.982 
0.019 0.992 0.140 0.960 0.993 
0.013 0.994 0.244 0.943 0.996 
0.012 0.995 0.119 0.960 0.985 
0.035 0.993 0.157 0.953 0.989 
0.016 0.996 0.062 0.983 0.833 
0.017 0.995 0.229 0.945 0.935 
0.026 0.994 0.151 0.948 0.996 
0.014 0.997 0.142 0.963 0.985 
0.016 0.996 0.084 0.973 0.876 
0.021 0.994 0.095 0.970 0.847 
0.020 0.994 0.281 0.932 0.938 
0.023 0.995 0.116 0.965 0.953 
0.018 0.996 0.132 0.963 0.989 
0.016 0.995 0.118 0.968 0.985 
0.025 0.991 0.083 0.970 0.993 
0.020 0.994 0.126 0.965 0.989 
0.026 0.994 0.187 0.958 0.996 
0.018 0.996 0.188 0.953 0.996 
0.010 0.997 0.150 0.963 0.989 
0.013 0.997 0.104 0.965 0.975 
0.025 0.993 0.139 0.963 0.989 
0.020 0.995 0.130 0.960 0.996 
0.014 0.997 0.181 0.953 0.989 
0.016 0.996 0.139 0.963 0.996 
0.012 0.996 0.182 0.955 0.996 
0.022 0.996 0.164 0.960 0.993 
0.024 0.994 0.084 0.963 0.996 
0.016 0.994 0.163 0.960 0.996 
0.010 0.998 0.150 0.953 0.996 
0.022 0.994 0.176 0.950 0.993 
0.007 0.998 0.145 0.960 0.989 
0.013 0.997 0.175 0.958 0.978 
0.020 0.995 0.205 0.945 0.938 
0.013 0.996 0.211 0.948 0.985 
0.051 0.993 0.169 0.948 0.985 
0.013 0.997 0.141 0.955 0.996 
0.018 0.996 0.230 0.940 0.978 
0.014 0.995 0.165 0.958 0.975 
0.013 0.997 0.124 0.963 0.978 
0.014 0.995 0.173 0.953 0.996 
0.010 0.997 0.197 0.950 0.993 
0.009 0.997 0.122 0.968 0.960 
0.016 0.995 0.201 0.940 0.975 
0.011 0.997 0.131 0.963 0.985 
0.016 0.997 0.131 0.963 0.978 
0.009 0.996 0.196 0.958 0.964 
0.012 0.997 0.251 0.950 0.996 
0.021 0.993 0.153 0.958 0.920 
0.013 0.996 0.196 0.950 0.964 
0.012 0.995 0.094 0.973 0.942 
0.014 0.997 0.151 0.955 0.942 
0.011 0.997 0.304 0.943 0.996 
0.014 0.996 0.213 0.958 0.807 
0.009 0.996 0.188 0.945 0.993 
0.019 0.995 0.234 0.948 0.996 
0.014 0.995 0.211 0.955 0.993 
0.014 0.997 0.127 0.970 0.989 
0.018 0.995 0.130 0.958 0.942 
0.026 0.995 0.239 0.938 0.996 
0.020 0.994 0.123 0.963 0.996 
0.021 0.995 0.153 0.958 0.964 
0.011 0.997 0.099 0.973 0.709 
0.009 0.998 0.145 0.963 0.938 
0.022 0.994 0.167 0.953 0.756 
0.010 0.997 0.260 0.938 0.982 
0.021 0.997 0.152 0.958 0.942 
0.028 0.993 0.143 0.958 0.945 
0.014 0.996 0.220 0.938 0.851 
0.047 0.992 0.187 0.945 0.993 
0.019 0.996 0.126 0.963 0.993 
0.012 0.997 0.115 0.965 0.989 
0.033 0.992 0.305 0.922 0.996 
0.020 0.996 0.143 0.960 0.975 
0.014 0.997 0.128 0.963 0.985 
0.023 0.995 0.151 0.963 0.985 
0.011 0.997 0.139 0.965 1.000 
0.029 0.994 0.125 0.963 0.993 
0.012 0.996 0.214 0.940 0.996 
0.012 0.997 0.116 0.963 0.982 
0.013 0.994 0.188 0.953 0.996 
0.014 0.996 0.166 0.963 0.996 
0.020 0.995 0.158 0.960 0.949 
0.020 0.993 0.261 0.943 0.993 
0.040 0.992 0.136 0.963 0.989 
0.016 0.998 0.214 0.943 0.996 
0.009 0.997 0.148 0.963 0.985 
0.012 0.997 0.160 0.963 0.982 
0.011 0.997 0.164 0.963 0.996 
0.011 0.997 0.266 0.940 1.000 
0.010 0.998 0.227 0.945 0.996 
0.017 0.997 0.226 0.953 0.996 
0.018 0.995 0.124 0.968 0.982 
0.014 0.997 0.124 0.960 0.993 
0.015 0.996 0.247 0.935 0.989 
0.034 0.994 0.118 0.968 0.996 
0.023 0.995 0.216 0.943 0.996 
0.019 0.996 0.147 0.955 0.996 
0.025 0.994 0.129 0.960 0.996 
0.011 0.996 0.102 0.963 0.996 
0.020 0.995 0.138 0.958 0.989 
0.010 0.998 0.104 0.970 0.916 
0.018 0.995 0.145 0.958 0.993 
0.034 0.994 0.133 0.960 0.971 
0.013 0.996 0.136 0.958 0.996 
0.022 0.995 0.164 0.958 0.989 
0.019 0.996 0.114 0.965 0.975 
0.010 0.998 0.104 0.965 0.985 
0.014 0.995 0.118 0.958 0.989 
0.010 0.997 0.125 0.963 0.978 
0.009 0.997 0.104 0.965 0.978 
0.012 0.996 0.145 0.963 0.975 
0.008 0.997 0.101 0.965 0.975 
0.017 0.996 0.091 0.968 0.862 
0.006 0.997 0.120 0.963 0.971 
0.020 0.995 0.100 0.963 0.975 
0.016 0.996 0.140 0.963 0.967 
0.016 0.995 0.091 0.968 0.993 
0.019 0.993 0.137 0.958 0.985 
0.012 0.995 0.323 0.920 0.996 
0.022 0.994 0.225 0.948 0.996 
0.019 0.993 0.144 0.958 0.975 
0.013 0.995 0.150 0.963 0.978 
0.014 0.995 0.215 0.955 0.993 
0.016 0.996 0.091 0.968 0.978 
0.022 0.994 0.158 0.948 0.993 
0.009 0.997 0.153 0.953 0.982 
0.016 0.995 0.085 0.968 0.982 
0.014 0.995 0.119 0.965 0.982 
0.015 0.996 0.145 0.963 0.985 
0.024 0.996 0.216 0.953 0.982 
0.016 0.996 0.161 0.953 0.985 
0.009 0.998 0.112 0.963 0.985 
0.015 0.997 0.129 0.963 0.996 
0.019 0.993 0.153 0.958 0.956 
0.012 0.996 0.112 0.965 0.989 
0.006 0.998 0.197 0.955 0.971 
0.010 0.996 0.107 0.965 0.949 
0.005 0.999 0.063 0.983 0.989 
0.044 0.994 0.080 0.973 0.949 
0.010 0.996 0.200 0.945 0.978 
0.009 0.997 0.086 0.975 0.982 
0.038 0.995 0.112 0.963 0.989 
0.022 0.994 0.110 0.965 0.978 
0.010 0.997 0.207 0.960 0.989 
0.015 0.996 0.163 0.963 0.985 
0.016 0.996 0.283 0.940 0.993 
0.020 0.995 0.180 0.955 0.884 
0.017 0.995 0.163 0.960 0.847 
0.012 0.995 0.212 0.950 0.996 
0.018 0.995 0.185 0.958 0.975 
0.015 0.996 0.115 0.963 0.902 
0.016 0.995 0.202 0.943 0.989 
0.013 0.996 0.159 0.953 0.993 
0.014 0.996 0.084 0.970 0.975 
0.010 0.996 0.203 0.955 0.953 
0.047 0.994 0.055 0.983 0.993 
0.021 0.995 0.194 0.958 0.978 
0.023 0.994 0.191 0.963 0.938 
0.030 0.995 0.192 0.958 0.996 
0.025 0.995 0.073 0.970 0.993 
0.014 0.997 0.122 0.963 0.989 
0.016 0.995 0.238 0.940 0.975 
0.011 0.996 0.151 0.955 0.916 
0.014 0.996 0.183 0.950 0.989 
0.014 0.995 0.165 0.955 0.989 
0.009 0.996 0.281 0.948 0.996 
0.012 0.997 0.154 0.958 0.989 
0.013 0.995 0.132 0.960 0.989 
0.019 0.993 0.113 0.960 0.909 
0.010 0.998 0.138 0.963 0.996 
0.023 0.994 0.189 0.940 0.996 
0.014 0.997 0.176 0.953 0.996 
0.027 0.994 0.135 0.965 0.996 
0.016 0.996 0.078 0.973 0.985 
0.026 0.995 0.156 0.960 0.996 
0.018 0.995 0.149 0.963 0.993 
0.015 0.996 0.130 0.960 0.996 
0.017 0.995 0.138 0.960 0.996 
0.023 0.994 0.070 0.975 0.996 
0.011 0.996 0.203 0.948 0.989 
0.014 0.996 0.064 0.975 0.996 
0.022 0.992 0.162 0.950 0.891 
0.010 0.997 0.123 0.963 0.993 
0.011 0.997 0.104 0.965 0.993 
0.010 0.998 0.142 0.960 0.985 
0.014 0.996 0.317 0.938 0.996 
0.013 0.996 0.099 0.968 0.825 
0.017 0.994 0.046 0.985 0.978 
0.022 0.993 0.099 0.965 0.993 
0.011 0.998 0.213 0.960 0.996 
0.020 0.998 0.168 0.958 0.996 
0.024 0.996 0.126 0.965 0.996 
0.022 0.993 0.147 0.953 0.996 
0.027 0.994 0.108 0.968 0.982 
0.015 0.996 0.158 0.963 0.996 
0.010 0.997 0.274 0.953 0.996 
0.020 0.994 0.154 0.958 0.996 
0.008 0.997 0.276 0.943 0.993 
0.024 0.995 0.133 0.955 0.996 
0.015 0.996 0.125 0.970 0.949 
0.014 0.996 0.059 0.978 0.985 
0.018 0.993 0.148 0.955 0.985 
0.017 0.994 0.182 0.953 0.913 
0.018 0.995 0.108 0.970 0.993 
0.021 0.995 0.176 0.950 0.996 
0.012 0.997 0.127 0.968 0.938 
0.019 0.995 0.212 0.950 0.996 
0.011 0.996 0.122 0.970 0.996 
0.007 0.997 0.416 0.943 0.978 
0.012 0.997 0.097 0.978 0.956 
0.013 0.998 0.086 0.970 0.996 
0.025 0.993 0.238 0.945 0.924 
0.014 0.996 0.138 0.958 0.993 
0.011 0.997 0.144 0.958 0.996 
0.017 0.994 0.214 0.950 0.996 
0.047 0.993 0.214 0.953 0.964 
0.015 0.994 0.220 0.945 0.996 
0.015 0.997 0.302 0.938 0.996 
0.009 0.998 0.171 0.965 0.967 
0.013 0.996 0.133 0.968 0.971 
0.028 0.995 0.156 0.960 0.993 
0.022 0.995 0.174 0.960 0.960 
0.012 0.997 0.184 0.955 0.967 
0.013 0.996 0.103 0.968 0.996 
0.019 0.995 0.126 0.955 0.996 
0.013 0.995 0.186 0.955 0.975 
0.018 0.996 0.140 0.955 0.945 
0.012 0.996 0.121 0.963 0.982 
0.011 0.996 0.117 0.963 0.964 
0.011 0.996 0.111 0.983 0.938 
0.012 0.997 0.064 0.985 0.920 
0.013 0.996 0.102 0.965 0.935 
0.018 0.995 0.220 0.948 0.924 
0.015 0.997 0.056 0.985 0.945 
0.011 0.997 0.157 0.960 0.982 
0.055 0.992 0.169 0.953 0.978 
0.020 0.997 0.130 0.960 0.909 
0.020 0.994 0.151 0.955 0.978 
0.013 0.996 0.175 0.948 0.971 
0.012 0.997 0.076 0.975 0.491 
0.014 0.995 0.212 0.955 0.884 
0.017 0.994 0.095 0.968 0.935 
0.011 0.996 0.120 0.965 0.978 
0.016 0.996 0.137 0.955 0.989 
0.015 0.996 0.170 0.963 0.913 
0.015 0.996 0.365 0.927 0.989 
0.010 0.996 0.347 0.953 0.971 
0.019 0.996 0.114 0.968 0.935 
0.010 0.996 0.213 0.953 0.840 
0.023 0.991 0.144 0.955 0.902 
0.016 0.996 0.218 0.945 0.909 
0.018 0.994 0.066 0.980 0.996 
0.010 0.996 0.384 0.948 0.967 
0.014 0.996 0.269 0.940 0.985 
0.018 0.997 0.194 0.945 0.996 
0.026 0.994 0.196 0.955 0.865 
0.020 0.995 0.134 0.963 0.865 
0.016 0.996 0.107 0.968 0.764 
0.009 0.997 0.167 0.958 0.982 
0.012 0.994 0.149 0.965 0.996 
0.011 0.997 0.220 0.945 0.873 
0.037 0.994 0.183 0.948 0.960 
0.028 0.992 0.057 0.985 0.978 
0.014 0.996 0.090 0.965 0.782 
0.011 0.996 0.088 0.968 0.905 
0.012 0.996 0.100 0.968 0.847 
0.010 0.998 0.158 0.960 0.931 
0.019 0.992 0.179 0.950 0.902 
0.014 0.996 0.181 0.950 0.920 
0.012 0.996 0.258 0.948 0.945 
0.041 0.994 0.208 0.943 0.975 
0.022 0.994 0.107 0.970 0.731 
0.022 0.992 0.128 0.965 0.985 
0.009 0.998 0.145 0.958 0.971 
0.012 0.997 0.113 0.973 0.604 
0.021 0.994 0.135 0.955 0.876 
0.011 0.998 0.194 0.958 0.840 
0.011 0.996 0.144 0.960 0.982 
0.021 0.996 0.463 0.922 0.771 
0.017 0.995 0.123 0.965 0.891 
0.015 0.998 0.128 0.963 0.985 
0.008 0.998 0.078 0.975 0.880 
0.007 0.997 0.174 0.963 0.942 
0.009 0.996 0.081 0.973 0.916 
0.015 0.995 0.191 0.968 0.905 
0.013 0.997 0.193 0.950 0.993 
0.013 0.995 0.188 0.955 1.000 
0.025 0.994 0.193 0.945 0.985 
0.022 0.994 0.084 0.970 0.880 
0.012 0.995 0.113 0.968 0.982 
0.029 0.992 0.116 0.965 0.949 
0.024 0.994 0.165 0.953 0.982 
0.015 0.996 0.150 0.953 0.996 
0.010 0.997 0.126 0.968 0.945 
0.012 0.997 0.179 0.948 0.996 
0.018 0.996 0.184 0.945 0.989 
0.007 0.998 0.167 0.963 0.800 
0.010 0.996 0.133 0.973 0.935 
0.014 0.997 0.050 0.985 0.742 
0.011 0.996 0.118 0.965 0.967 
0.025 0.995 0.155 0.955 0.931 
0.018 0.995 0.069 0.978 0.549 
0.019 0.996 0.109 0.968 0.618 
0.018 0.994 0.143 0.960 0.989 
0.020 0.995 0.075 0.983 0.669 
0.010 0.997 0.068 0.985 0.749 
0.016 0.998 0.161 0.955 0.956 
0.030 0.993 0.093 0.965 0.913 
0.009 0.996 0.133 0.965 0.298 
0.013 0.997 0.188 0.948 0.895 
0.016 0.994 0.158 0.955 0.964 
0.024 0.995 0.180 0.945 0.905 
0.010 0.998 0.101 0.973 0.120 
0.012 0.996 0.122 0.968 0.796 
0.012 0.995 0.239 0.940 0.971 
0.019 0.995 0.172 0.950 0.869 
0.011 0.998 0.099 0.968 0.651 
0.013 0.997 0.131 0.960 0.862 
0.008 0.998 0.164 0.958 0.636 
0.031 0.992 0.133 0.953 0.382 
0.019 0.994 0.254 0.948 0.655 
0.026 0.993 0.155 0.955 0.516 
0.007 0.997 0.098 0.965 0.487 
0.009 0.996 0.122 0.975 0.753 
0.018 0.992 0.169 0.965 0.902 
0.016 0.995 0.077 0.973 0.775 
0.025 0.996 0.117 0.963 1.000 
0.013 0.996 0.150 0.955 0.942 
0.015 0.996 0.084 0.973 0.913 
0.018 0.995 0.130 0.965 0.949 
0.019 0.995 0.103 0.968 0.702 
0.010 0.996 0.153 0.963 0.949 
0.043 0.996 0.120 0.970 0.927 
0.017 0.995 0.170 0.938 0.989 
0.014 0.997 0.090 0.965 0.895 
0.011 0.997 0.136 0.960 0.967 
0.009 0.996 0.193 0.965 0.880 
0.019 0.995 0.106 0.968 0.891 
0.018 0.995 0.092 0.965 0.982 
0.010 0.997 0.117 0.965 0.935 
0.013 0.997 0.139 0.960 0.975 
0.013 0.996 0.089 0.968 0.291 
0.009 0.997 0.107 0.960 0.985 
0.013 0.995 0.204 0.950 0.975 
0.016 0.998 0.083 0.970 0.909 
0.016 0.995 0.208 0.950 0.975 
0.013 0.996 0.132 0.963 0.444 
0.014 0.995 0.133 0.968 0.956 
0.026 0.995 0.205 0.935 0.920 
0.020 0.996 0.142 0.960 0.840 
0.015 0.996 0.122 0.963 0.807 
0.014 0.996 0.056 0.980 0.735 
0.009 0.996 0.164 0.960 0.971 
0.008 0.998 0.181 0.955 0.749 
0.006 0.998 0.168 0.958 0.720 
0.019 0.995 0.094 0.968 0.673 
0.011 0.997 0.120 0.965 0.516 
0.022 0.995 0.074 0.970 0.458 
0.016 0.994 0.213 0.960 0.778 
0.020 0.995 0.135 0.953 0.455 
0.007 0.996 0.137 0.965 0.502 
0.019 0.996 0.104 0.970 0.655 
0.008 0.997 0.121 0.973 0.113 
0.012 0.997 0.212 0.955 0.429 
0.015 0.997 0.146 0.950 0.749 
0.017 0.995 0.166 0.948 0.905 
0.015 0.995 0.111 0.960 0.611 
0.012 0.996 0.135 0.963 0.422 
0.007 0.997 0.203 0.958 0.964 
0.009 0.998 0.119 0.965 0.953 
0.018 0.994 0.180 0.955 0.625 
0.015 0.995 0.170 0.948 0.749 
0.018 0.994 0.096 0.965 0.553 
0.014 0.997 0.122 0.960 0.775 
0.014 0.996 0.061 0.985 0.298 
0.015 0.995 0.174 0.938 0.985 
0.013 0.995 0.139 0.963 0.964 
0.019 0.996 0.171 0.945 0.858 
0.011 0.997 0.107 0.968 0.633 
0.022 0.996 0.174 0.945 0.935 
0.015 0.996 0.155 0.958 0.942 
0.009 0.996 0.193 0.953 0.822 
0.020 0.996 0.086 0.968 0.385 
