0.294 0.891 0.136 0.953 1.000 
0.167 0.941 0.096 0.965 1.000 
0.143 0.954 0.303 0.853 0.980 
0.108 0.958 0.125 0.950 1.000 
0.108 0.961 0.103 0.955 0.993 
0.107 0.964 0.126 0.948 1.000 
0.093 0.973 0.089 0.970 1.000 
0.083 0.974 0.171 0.935 1.000 
0.074 0.973 0.086 0.980 1.000 
0.083 0.969 0.125 0.950 1.000 
0.096 0.975 0.133 0.945 0.993 
0.093 0.967 0.098 0.965 1.000 
0.083 0.970 0.093 0.980 1.000 
0.073 0.978 0.083 0.973 1.000 
0.081 0.977 0.077 0.978 1.000 
0.081 0.976 0.090 0.968 0.990 
0.068 0.980 0.082 0.965 1.000 
0.072 0.977 0.070 0.983 1.000 
0.064 0.982 0.104 0.953 0.956 
0.069 0.980 0.109 0.955 1.000 
0.054 0.984 0.070 0.983 1.000 
0.056 0.981 0.061 0.980 1.000 
0.051 0.986 0.125 0.955 0.990 
0.049 0.985 0.079 0.975 1.000 
0.059 0.984 0.067 0.980 1.000 
0.055 0.984 0.071 0.973 1.000 
0.038 0.990 0.070 0.975 1.000 
0.062 0.985 0.107 0.953 0.997 
0.060 0.984 0.060 0.985 1.000 
0.064 0.982 0.115 0.950 1.000 
0.061 0.985 0.097 0.968 1.000 
0.046 0.989 0.084 0.973 1.000 
0.048 0.988 0.125 0.950 1.000 
0.052 0.984 0.094 0.960 1.000 
0.055 0.985 0.066 0.980 1.000 
0.041 0.990 0.079 0.975 1.000 
0.047 0.986 0.060 0.980 1.000 
0.055 0.985 0.062 0.980 1.000 
0.039 0.989 0.068 0.980 1.000 
0.048 0.985 0.066 0.975 1.000 
0.045 0.986 0.087 0.968 0.983 
0.045 0.986 0.112 0.953 0.997 
0.049 0.986 0.081 0.960 1.000 
0.045 0.988 0.113 0.950 0.997 
0.047 0.987 0.076 0.978 0.997 
0.046 0.990 0.076 0.978 1.000 
0.040 0.990 0.078 0.975 1.000 
0.050 0.988 0.076 0.980 1.000 
0.043 0.984 0.103 0.955 1.000 
0.043 0.990 0.080 0.980 0.819 
0.049 0.986 0.075 0.970 0.960 
0.042 0.988 0.097 0.960 0.822 
0.057 0.984 0.067 0.983 1.000 
0.029 0.991 0.075 0.968 1.000 
0.060 0.985 0.119 0.955 0.990 
0.043 0.990 0.072 0.968 1.000 
0.053 0.987 0.077 0.963 0.993 
0.049 0.988 0.064 0.980 1.000 
0.046 0.988 0.073 0.968 1.000 
0.053 0.983 0.048 0.980 1.000 
0.050 0.986 0.069 0.983 0.010 
0.045 0.988 0.133 0.953 0.950 
0.041 0.989 0.063 0.978 0.456 
0.042 0.988 0.063 0.973 0.460 
0.045 0.989 0.070 0.983 1.000 
0.037 0.991 0.078 0.970 0.661 
0.039 0.990 0.065 0.983 1.000 
0.046 0.988 0.134 0.950 1.000 
0.046 0.985 0.061 0.978 1.000 
0.038 0.987 0.125 0.953 1.000 
0.040 0.990 0.109 0.950 1.000 
0.039 0.990 0.074 0.975 0.963 
0.040 0.990 0.076 0.975 0.987 
0.039 0.990 0.071 0.980 1.000 
0.029 0.994 0.067 0.980 1.000 
0.039 0.988 0.153 0.935 0.993 
0.044 0.989 0.066 0.975 1.000 
0.036 0.991 0.069 0.980 1.000 
0.032 0.989 0.060 0.980 0.836 
0.045 0.988 0.065 0.983 0.990 
0.033 0.990 0.056 0.985 1.000 
0.047 0.990 0.068 0.983 1.000 
0.054 0.983 0.066 0.983 1.000 
0.036 0.989 0.148 0.948 1.000 
0.040 0.990 0.064 0.978 1.000 
0.032 0.991 0.089 0.968 1.000 
0.052 0.988 0.067 0.978 1.000 
0.034 0.993 0.089 0.960 0.977 
0.041 0.989 0.053 0.983 0.997 
0.051 0.987 0.073 0.970 1.000 
0.037 0.989 0.045 0.983 1.000 
0.028 0.993 0.072 0.975 1.000 
0.039 0.989 0.060 0.983 1.000 
0.034 0.991 0.067 0.978 1.000 
0.044 0.990 0.082 0.968 1.000 
0.025 0.994 0.049 0.985 0.748 
0.035 0.991 0.114 0.948 1.000 
0.032 0.988 0.059 0.983 1.000 
0.038 0.993 0.057 0.983 1.000 
0.034 0.991 0.052 0.985 1.000 
0.038 0.989 0.056 0.983 1.000 
0.033 0.993 0.050 0.983 1.000 
0.034 0.991 0.055 0.983 1.000 
0.045 0.987 0.054 0.980 1.000 
0.042 0.986 0.068 0.975 1.000 
0.030 0.993 0.056 0.980 1.000 
0.033 0.990 0.057 0.980 1.000 
0.032 0.993 0.059 0.985 1.000 
0.043 0.986 0.069 0.965 1.000 
0.026 0.993 0.110 0.950 0.980 
0.034 0.989 0.075 0.973 0.930 
0.027 0.994 0.075 0.965 0.997 
0.034 0.991 0.044 0.983 0.997 
0.034 0.990 0.089 0.963 1.000 
0.031 0.991 0.074 0.970 1.000 
0.036 0.990 0.093 0.958 1.000 
0.031 0.992 0.062 0.980 0.993 
0.035 0.988 0.070 0.980 1.000 
0.037 0.989 0.061 0.978 1.000 
0.028 0.992 0.054 0.978 1.000 
0.027 0.991 0.079 0.968 1.000 
0.022 0.994 0.049 0.988 1.000 
0.038 0.989 0.051 0.983 1.000 
0.026 0.994 0.051 0.988 1.000 
0.031 0.994 0.047 0.985 0.987 
0.042 0.986 0.052 0.980 1.000 
0.032 0.990 0.083 0.963 1.000 
0.033 0.994 0.054 0.978 0.973 
0.050 0.984 0.059 0.980 1.000 
0.038 0.990 0.082 0.965 1.000 
0.027 0.993 0.088 0.970 0.973 
0.031 0.993 0.072 0.973 0.990 
0.034 0.990 0.068 0.968 0.993 
0.024 0.994 0.046 0.983 0.993 
0.037 0.990 0.045 0.985 1.000 
0.032 0.990 0.068 0.975 1.000 
0.032 0.989 0.055 0.983 1.000 
0.036 0.991 0.083 0.963 1.000 
0.040 0.990 0.068 0.973 1.000 
0.033 0.991 0.062 0.988 1.000 
0.033 0.990 0.067 0.978 1.000 
0.027 0.995 0.080 0.973 1.000 
0.025 0.994 0.083 0.973 1.000 
0.032 0.993 0.079 0.970 1.000 
0.035 0.990 0.075 0.970 0.956 
0.031 0.994 0.057 0.980 0.983 
0.040 0.989 0.060 0.983 1.000 
0.031 0.993 0.105 0.965 0.997 
0.034 0.990 0.062 0.983 1.000 
0.038 0.991 0.070 0.968 1.000 
0.027 0.994 0.065 0.978 1.000 
0.035 0.992 0.071 0.975 1.000 
0.045 0.991 0.064 0.983 0.997 
0.024 0.993 0.051 0.983 1.000 
0.027 0.994 0.057 0.980 1.000 
0.022 0.994 0.059 0.980 1.000 
0.030 0.992 0.052 0.980 1.000 
0.030 0.994 0.074 0.970 1.000 
0.027 0.994 0.046 0.985 1.000 
0.030 0.990 0.154 0.932 1.000 
0.033 0.991 0.062 0.978 0.997 
0.033 0.990 0.048 0.983 1.000 
0.026 0.993 0.041 0.988 1.000 
0.026 0.992 0.079 0.968 1.000 
0.026 0.990 0.071 0.965 1.000 
0.026 0.993 0.070 0.975 0.765 
0.033 0.991 0.048 0.985 1.000 
0.029 0.992 0.072 0.968 1.000 
0.025 0.994 0.048 0.985 1.000 
0.029 0.990 0.051 0.985 1.000 
0.033 0.992 0.054 0.983 1.000 
0.026 0.993 0.054 0.983 1.000 
0.022 0.994 0.074 0.965 0.993 
0.032 0.989 0.074 0.965 1.000 
0.019 0.994 0.080 0.968 1.000 
0.025 0.992 0.052 0.978 1.000 
0.015 0.995 0.088 0.960 0.997 
0.036 0.993 0.046 0.985 1.000 
0.022 0.993 0.041 0.988 1.000 
0.024 0.991 0.050 0.988 0.987 
0.023 0.994 0.046 0.983 1.000 
0.029 0.993 0.048 0.988 1.000 
0.029 0.992 0.065 0.980 1.000 
0.028 0.994 0.108 0.968 1.000 
0.031 0.994 0.058 0.980 1.000 
0.023 0.994 0.063 0.985 1.000 
0.020 0.994 0.048 0.985 1.000 
0.033 0.992 0.090 0.965 1.000 
0.024 0.993 0.055 0.985 1.000 
0.019 0.995 0.068 0.983 1.000 
0.036 0.990 0.055 0.985 1.000 
0.023 0.996 0.082 0.968 1.000 
0.027 0.991 0.072 0.975 0.997 
0.022 0.994 0.078 0.968 1.000 
0.034 0.991 0.044 0.988 1.000 
0.033 0.990 0.070 0.968 1.000 
0.029 0.993 0.048 0.988 0.997 
0.025 0.992 0.044 0.988 1.000 
0.033 0.991 0.047 0.985 0.990 
0.022 0.995 0.075 0.960 1.000 
0.028 0.992 0.057 0.978 0.990 
0.026 0.994 0.080 0.960 1.000 
0.038 0.991 0.059 0.980 1.000 
0.027 0.991 0.053 0.983 0.993 
0.026 0.991 0.054 0.988 1.000 
0.030 0.993 0.060 0.975 0.987 
0.024 0.991 0.052 0.985 0.990 
0.022 0.994 0.044 0.988 1.000 
0.025 0.994 0.047 0.985 0.956 
0.027 0.990 0.045 0.985 0.983 
0.020 0.996 0.037 0.988 1.000 
0.028 0.992 0.048 0.980 0.997 
0.032 0.990 0.062 0.983 1.000 
0.022 0.994 0.054 0.985 0.940 
0.022 0.993 0.041 0.985 0.990 
0.034 0.990 0.051 0.980 1.000 
0.022 0.995 0.083 0.963 0.983 
0.016 0.995 0.044 0.988 0.997 
0.048 0.991 0.093 0.950 0.940 
0.033 0.993 0.041 0.988 1.000 
0.032 0.989 0.086 0.968 1.000 
0.036 0.990 0.078 0.978 0.983 
0.032 0.992 0.110 0.948 1.000 
0.020 0.995 0.054 0.983 1.000 
0.029 0.990 0.069 0.975 1.000 
0.028 0.991 0.048 0.985 1.000 
0.031 0.992 0.054 0.985 0.997 
0.021 0.993 0.049 0.985 1.000 
0.028 0.993 0.073 0.968 0.987 
0.037 0.990 0.047 0.985 0.997 
0.019 0.993 0.040 0.985 1.000 
0.025 0.991 0.071 0.963 0.987 
0.028 0.991 0.086 0.958 0.983 
0.034 0.993 0.062 0.978 1.000 
0.027 0.993 0.105 0.953 1.000 
0.024 0.993 0.065 0.980 1.000 
0.025 0.994 0.063 0.975 1.000 
0.023 0.994 0.058 0.985 1.000 
0.017 0.995 0.058 0.980 1.000 
0.017 0.996 0.125 0.955 1.000 
0.018 0.997 0.035 0.988 1.000 
0.016 0.995 0.036 0.985 1.000 
0.022 0.991 0.036 0.985 1.000 
0.029 0.994 0.050 0.983 1.000 
0.018 0.994 0.039 0.988 0.997 
0.023 0.993 0.042 0.988 0.903 
0.037 0.990 0.053 0.985 0.966 
0.027 0.990 0.062 0.975 0.869 
0.026 0.993 0.041 0.988 0.960 
0.026 0.993 0.057 0.978 0.896 
0.013 0.994 0.077 0.970 0.611 
0.029 0.994 0.048 0.988 0.956 
0.021 0.993 0.137 0.948 0.966 
0.023 0.995 0.038 0.988 0.997 
0.033 0.991 0.088 0.958 0.846 
0.024 0.994 0.080 0.965 0.919 
0.022 0.996 0.043 0.988 0.997 
0.022 0.993 0.055 0.988 1.000 
0.024 0.993 0.069 0.978 0.886 
0.018 0.996 0.043 0.985 0.832 
0.027 0.992 0.050 0.985 0.819 
0.017 0.994 0.041 0.990 0.500 
0.020 0.993 0.043 0.988 0.997 
0.021 0.995 0.057 0.983 0.916 
0.016 0.994 0.042 0.985 0.997 
0.028 0.992 0.056 0.978 1.000 
0.028 0.994 0.102 0.955 1.000 
0.025 0.992 0.072 0.975 1.000 
0.032 0.994 0.053 0.975 1.000 
0.013 0.997 0.048 0.988 1.000 
0.023 0.994 0.066 0.975 1.000 
0.026 0.994 0.055 0.985 1.000 
0.022 0.993 0.049 0.978 1.000 
0.023 0.995 0.044 0.983 1.000 
0.017 0.994 0.044 0.988 1.000 
0.026 0.990 0.106 0.955 1.000 
0.018 0.995 0.049 0.983 1.000 
0.025 0.994 0.059 0.990 1.000 
0.035 0.990 0.046 0.985 1.000 
0.024 0.994 0.038 0.985 1.000 
0.020 0.994 0.050 0.983 1.000 
0.022 0.992 0.051 0.985 0.997 
0.016 0.997 0.058 0.980 1.000 
0.030 0.991 0.058 0.980 1.000 
0.020 0.994 0.049 0.983 1.000 
0.021 0.995 0.062 0.978 1.000 
0.026 0.994 0.043 0.983 1.000 
0.021 0.994 0.094 0.965 1.000 
0.026 0.993 0.040 0.988 1.000 
0.016 0.995 0.046 0.985 1.000 
0.022 0.996 0.077 0.965 1.000 
0.029 0.991 0.048 0.985 1.000 
0.020 0.993 0.040 0.988 1.000 
0.025 0.994 0.052 0.983 1.000 
0.022 0.994 0.057 0.988 1.000 
0.033 0.989 0.066 0.973 1.000 
0.021 0.995 0.042 0.988 1.000 
0.022 0.994 0.087 0.968 1.000 
0.021 0.993 0.074 0.980 1.000 
0.018 0.996 0.058 0.980 1.000 
0.030 0.994 0.081 0.970 0.883 
0.025 0.993 0.076 0.980 0.993 
0.026 0.993 0.195 0.930 0.993 
0.020 0.994 0.131 0.935 0.977 
0.032 0.990 0.077 0.978 0.497 
0.024 0.992 0.061 0.975 0.614 
0.032 0.992 0.046 0.983 0.993 
0.027 0.993 0.058 0.988 0.678 
0.022 0.991 0.040 0.988 0.946 
0.023 0.995 0.145 0.940 0.993 
0.021 0.993 0.051 0.985 1.000 
0.020 0.994 0.081 0.963 0.960 
0.024 0.994 0.099 0.953 0.987 
0.018 0.992 0.052 0.985 0.983 
0.019 0.994 0.061 0.978 0.990 
0.026 0.994 0.049 0.980 1.000 
0.018 0.994 0.037 0.988 0.997 
0.021 0.993 0.064 0.985 0.930 
0.022 0.994 0.066 0.978 0.698 
0.031 0.991 0.046 0.985 0.997 
0.018 0.994 0.117 0.978 0.775 
0.023 0.996 0.077 0.970 0.943 
0.025 0.993 0.044 0.988 0.970 
0.025 0.988 0.034 0.985 0.993 
0.017 0.994 0.058 0.988 0.711 
0.025 0.992 0.060 0.978 1.000 
0.029 0.990 0.096 0.955 0.990 
0.024 0.994 0.061 0.983 0.681 
0.020 0.991 0.036 0.988 0.983 
0.019 0.995 0.081 0.960 0.990 
0.023 0.994 0.040 0.983 0.993 
0.023 0.993 0.038 0.985 0.987 
0.014 0.995 0.063 0.985 0.977 
0.034 0.991 0.143 0.955 0.997 
0.023 0.994 0.063 0.978 0.987 
0.016 0.995 0.059 0.983 0.936 
0.036 0.991 0.053 0.983 0.762 
0.047 0.993 0.075 0.973 1.000 
0.022 0.995 0.091 0.950 1.000 
0.017 0.995 0.045 0.988 1.000 
0.022 0.993 0.066 0.980 0.956 
0.019 0.993 0.115 0.948 0.997 
0.025 0.991 0.050 0.983 1.000 
0.026 0.995 0.057 0.980 0.993 
0.028 0.993 0.067 0.975 1.000 
0.017 0.997 0.045 0.985 1.000 
0.023 0.993 0.073 0.973 1.000 
0.017 0.994 0.087 0.975 1.000 
0.020 0.994 0.207 0.950 0.836 
0.054 0.989 0.141 0.943 1.000 
0.020 0.993 0.035 0.985 1.000 
0.019 0.995 0.047 0.985 1.000 
0.028 0.991 0.041 0.990 1.000 
0.016 0.996 0.032 0.988 0.990 
0.016 0.995 0.068 0.990 1.000 
0.028 0.994 0.108 0.958 1.000 
0.034 0.991 0.046 0.988 1.000 
0.015 0.997 0.054 0.985 1.000 
0.030 0.992 0.075 0.975 0.973 
0.020 0.995 0.050 0.990 1.000 
0.024 0.994 0.055 0.985 1.000 
0.024 0.994 0.067 0.978 1.000 
0.028 0.992 0.059 0.985 0.836 
0.022 0.994 0.067 0.988 1.000 
0.015 0.997 0.061 0.985 0.859 
0.021 0.995 0.054 0.985 0.930 
0.027 0.993 0.059 0.978 0.987 
0.015 0.995 0.041 0.990 0.993 
0.019 0.995 0.040 0.990 0.993 
0.020 0.994 0.077 0.965 0.758 
0.025 0.994 0.058 0.985 1.000 
0.021 0.995 0.058 0.988 1.000 
0.037 0.991 0.046 0.990 0.977 
0.017 0.996 0.056 0.985 0.886 
0.020 0.994 0.102 0.955 0.966 
0.017 0.995 0.059 0.978 0.997 
0.022 0.994 0.068 0.978 0.990 
0.020 0.994 0.031 0.990 0.930 
0.038 0.990 0.142 0.943 0.993 
0.014 0.995 0.132 0.960 1.000 
0.023 0.994 0.048 0.985 0.990 
0.033 0.991 0.048 0.985 1.000 
0.016 0.994 0.052 0.988 1.000 
0.015 0.997 0.052 0.988 1.000 
0.026 0.991 0.116 0.943 0.963 
0.020 0.995 0.067 0.975 0.990 
0.009 0.998 0.034 0.988 1.000 
0.017 0.997 0.067 0.985 1.000 
0.021 0.994 0.044 0.990 1.000 
0.019 0.995 0.043 0.985 1.000 
0.009 0.999 0.051 0.985 1.000 
0.020 0.993 0.084 0.965 1.000 
0.015 0.995 0.048 0.990 1.000 
0.071 0.991 0.094 0.958 0.997 
0.016 0.995 0.052 0.985 0.980 
0.020 0.994 0.058 0.978 0.997 
0.025 0.993 0.093 0.960 1.000 
0.024 0.993 0.037 0.990 1.000 
0.024 0.993 0.094 0.955 1.000 
0.012 0.997 0.038 0.988 1.000 
0.018 0.995 0.044 0.983 0.997 
0.016 0.997 0.078 0.983 0.829 
0.044 0.991 0.137 0.940 1.000 
0.023 0.993 0.047 0.988 1.000 
0.016 0.995 0.165 0.940 1.000 
0.018 0.993 0.083 0.963 1.000 
0.029 0.994 0.054 0.980 0.960 
0.022 0.991 0.066 0.970 1.000 
0.020 0.995 0.056 0.985 1.000 
0.018 0.994 0.068 0.973 0.997 
0.021 0.995 0.057 0.980 1.000 
0.019 0.994 0.070 0.973 0.997 
0.019 0.995 0.071 0.970 0.990 
0.018 0.995 0.054 0.983 1.000 
0.019 0.994 0.098 0.953 0.846 
0.017 0.996 0.051 0.983 0.805 
0.019 0.994 0.084 0.970 0.980 
0.017 0.995 0.064 0.985 1.000 
0.007 0.998 0.087 0.973 0.990 
0.015 0.995 0.051 0.983 0.987 
0.020 0.995 0.062 0.985 0.987 
0.022 0.992 0.035 0.988 0.775 
0.023 0.993 0.050 0.983 0.695 
0.017 0.995 0.064 0.983 1.000 
0.022 0.993 0.055 0.983 1.000 
0.016 0.995 0.065 0.980 0.990 
0.021 0.997 0.038 0.988 0.997 
0.014 0.994 0.058 0.988 1.000 
0.032 0.993 0.058 0.983 1.000 
0.029 0.993 0.046 0.988 1.000 
0.025 0.993 0.076 0.965 0.966 
0.025 0.994 0.078 0.963 0.993 
0.015 0.995 0.034 0.990 0.973 
0.014 0.995 0.048 0.988 0.993 
0.023 0.993 0.047 0.988 1.000 
0.017 0.995 0.058 0.980 0.792 
0.015 0.996 0.043 0.988 0.993 
0.019 0.992 0.046 0.988 1.000 
0.019 0.993 0.041 0.988 1.000 
0.022 0.993 0.047 0.985 1.000 
0.024 0.993 0.050 0.985 0.953 
0.019 0.993 0.040 0.988 1.000 
0.017 0.993 0.040 0.988 0.997 
0.013 0.997 0.047 0.988 1.000 
0.018 0.993 0.056 0.983 1.000 
0.021 0.994 0.052 0.988 1.000 
0.018 0.995 0.048 0.988 1.000 
0.033 0.994 0.069 0.975 0.990 
0.025 0.992 0.044 0.988 1.000 
0.022 0.993 0.044 0.988 1.000 
0.033 0.990 0.087 0.988 1.000 
0.017 0.995 0.048 0.988 0.993 
0.020 0.993 0.062 0.983 0.997 
0.011 0.995 0.052 0.988 0.997 
0.014 0.996 0.059 0.988 0.997 
0.021 0.995 0.049 0.993 0.993 
0.018 0.994 0.051 0.985 1.000 
0.022 0.994 0.063 0.978 1.000 
0.008 0.997 0.078 0.988 1.000 
0.016 0.995 0.045 0.988 0.993 
0.014 0.994 0.067 0.993 0.983 
0.016 0.995 0.054 0.985 0.815 
0.021 0.995 0.042 0.985 0.248 
0.010 0.997 0.055 0.988 0.980 
0.017 0.994 0.042 0.988 0.832 
0.016 0.995 0.040 0.988 0.742 
0.019 0.994 0.092 0.965 0.946 
0.029 0.991 0.059 0.985 0.997 
0.028 0.995 0.090 0.988 0.930 
0.034 0.994 0.071 0.983 0.302 
0.021 0.993 0.045 0.988 0.597 
0.028 0.993 0.078 0.963 0.829 
0.013 0.996 0.055 0.988 0.735 
0.033 0.993 0.097 0.963 0.537 
0.016 0.996 0.067 0.983 0.795 
0.027 0.996 0.117 0.943 0.758 
0.025 0.994 0.047 0.985 0.742 
0.021 0.994 0.043 0.988 0.973 
0.013 0.998 0.047 0.988 0.973 
0.021 0.995 0.068 0.983 1.000 
0.016 0.996 0.059 0.985 1.000 
0.020 0.994 0.094 0.955 0.983 
0.015 0.994 0.067 0.988 0.846 
0.018 0.992 0.062 0.978 1.000 
0.013 0.997 0.048 0.985 0.779 
0.014 0.995 0.042 0.988 0.225 
0.017 0.998 0.054 0.988 0.839 
0.020 0.994 0.072 0.983 0.980 
0.018 0.996 0.054 0.985 0.926 
0.016 0.994 0.035 0.988 0.987 
0.010 0.998 0.062 0.988 1.000 
0.021 0.995 0.097 0.975 0.621 
0.022 0.994 0.058 0.985 0.977 
0.025 0.995 0.073 0.985 0.916 
0.019 0.995 0.061 0.985 1.000 
0.021 0.993 0.051 0.988 0.993 
0.016 0.995 0.066 0.983 1.000 
0.020 0.994 0.094 0.960 0.913 
0.026 0.993 0.047 0.988 0.909 
0.054 0.993 0.078 0.970 0.990 
0.022 0.994 0.115 0.958 0.993 
0.014 0.996 0.041 0.988 1.000 
0.017 0.994 0.057 0.980 1.000 
0.017 0.995 0.090 0.973 0.899 
0.029 0.991 0.065 0.990 0.698 
0.021 0.994 0.073 0.973 0.977 
0.019 0.996 0.053 0.985 0.997 
0.013 0.995 0.047 0.990 1.000 
0.019 0.992 0.050 0.988 0.966 
0.018 0.996 0.044 0.985 0.960 
0.021 0.994 0.043 0.985 0.809 
0.030 0.993 0.051 0.985 0.993 
0.022 0.994 0.043 0.985 0.997 
0.020 0.994 0.043 0.988 1.000 
0.011 0.995 0.046 0.988 1.000 
0.022 0.994 0.067 0.985 1.000 
0.014 0.995 0.050 0.988 0.990 
0.017 0.996 0.047 0.988 0.826 
0.015 0.996 0.107 0.958 0.980 
0.017 0.995 0.061 0.983 1.000 
0.019 0.995 0.093 0.958 1.000 
0.025 0.992 0.036 0.985 0.805 
0.021 0.992 0.055 0.988 0.956 
0.013 0.996 0.045 0.988 0.460 
0.015 0.997 0.050 0.988 0.953 
0.026 0.993 0.088 0.963 0.946 
0.016 0.995 0.056 0.983 0.956 
0.014 0.995 0.054 0.988 1.000 
0.026 0.993 0.048 0.985 0.990 
0.012 0.995 0.045 0.988 0.631 
0.021 0.994 0.087 0.953 0.980 
0.016 0.995 0.053 0.983 0.164 
0.036 0.989 0.043 0.985 0.946 
0.015 0.996 0.202 0.922 0.987 
0.016 0.994 0.051 0.985 0.765 
0.015 0.997 0.058 0.983 1.000 
0.015 0.994 0.057 0.985 0.980 
0.016 0.994 0.056 0.985 1.000 
0.015 0.997 0.089 0.968 0.997 
0.023 0.993 0.107 0.950 0.859 
0.022 0.994 0.101 0.953 0.997 
0.021 0.994 0.047 0.988 0.997 
0.015 0.994 0.052 0.985 0.940 
0.028 0.993 0.104 0.980 0.990 
0.019 0.996 0.063 0.985 1.000 
0.017 0.996 0.076 0.980 1.000 
0.013 0.996 0.047 0.985 0.909 
0.025 0.995 0.060 0.983 0.970 
0.020 0.995 0.059 0.988 0.997 
0.014 0.995 0.056 0.985 1.000 
0.013 0.996 0.066 0.988 1.000 
0.027 0.994 0.042 0.985 0.393 
0.018 0.993 0.037 0.988 0.990 
0.015 0.995 0.040 0.988 0.993 
0.023 0.993 0.054 0.983 0.950 
0.018 0.994 0.055 0.985 1.000 
0.020 0.995 0.074 0.975 0.997 
0.018 0.993 0.054 0.985 0.970 
0.014 0.995 0.061 0.988 0.946 
0.022 0.995 0.063 0.985 0.987 
0.018 0.994 0.055 0.988 0.862 
0.029 0.995 0.073 0.985 0.960 
0.017 0.995 0.062 0.985 0.883 
0.016 0.994 0.069 0.988 0.946 
0.039 0.990 0.068 0.983 0.879 
0.014 0.996 0.051 0.985 0.876 
0.016 0.997 0.062 0.985 0.762 
0.011 0.997 0.063 0.988 0.970 
0.016 0.995 0.055 0.988 0.953 
0.016 0.993 0.060 0.988 0.715 
0.026 0.995 0.077 0.970 0.664 
0.026 0.993 0.104 0.970 0.997 
0.017 0.996 0.079 0.983 0.708 
0.011 0.997 0.073 0.985 0.993 
0.013 0.996 0.080 0.988 0.997 
0.017 0.993 0.058 0.988 0.997 
0.019 0.996 0.072 0.985 1.000 
0.014 0.997 0.063 0.985 0.997 
0.025 0.993 0.069 0.975 0.909 
0.017 0.995 0.092 0.965 0.987 
0.012 0.996 0.056 0.988 0.997 
0.033 0.994 0.059 0.988 1.000 
0.017 0.995 0.053 0.988 1.000 
0.048 0.990 0.097 0.958 1.000 
0.017 0.996 0.067 0.980 0.997 
0.019 0.993 0.049 0.985 0.997 
0.032 0.997 0.058 0.983 0.997 
0.029 0.991 0.052 0.985 0.983 
0.023 0.992 0.047 0.988 0.993 
0.021 0.995 0.056 0.985 0.993 
0.029 0.993 0.069 0.980 0.849 
0.016 0.994 0.053 0.985 1.000 
0.020 0.995 0.051 0.985 1.000 
0.017 0.997 0.045 0.988 1.000 
0.022 0.993 0.255 0.965 0.980 
0.007 0.999 0.057 0.988 1.000 
0.010 0.997 0.059 0.985 1.000 
0.027 0.995 0.061 0.983 1.000 
0.013 0.994 0.050 0.985 0.997 
0.016 0.993 0.045 0.985 0.997 
0.012 0.996 0.048 0.988 1.000 
0.015 0.997 0.056 0.985 1.000 
0.021 0.994 0.057 0.983 1.000 
0.007 0.998 0.054 0.985 1.000 
0.023 0.995 0.052 0.990 1.000 
0.015 0.997 0.038 0.988 1.000 
0.017 0.995 0.118 0.958 0.997 
0.019 0.995 0.048 0.988 0.997 
0.016 0.995 0.039 0.988 0.980 
0.013 0.995 0.048 0.988 0.993 
0.024 0.994 0.078 0.968 1.000 
0.013 0.995 0.050 0.990 1.000 
0.021 0.995 0.038 0.988 1.000 
0.016 0.996 0.085 0.973 0.997 
0.049 0.993 0.045 0.985 0.973 
0.016 0.997 0.059 0.985 1.000 
0.023 0.995 0.062 0.985 1.000 
0.011 0.997 0.050 0.985 0.993 
0.013 0.997 0.054 0.988 0.993 
0.017 0.994 0.044 0.988 0.997 
0.021 0.994 0.060 0.980 0.896 
0.007 0.995 0.046 0.985 1.000 
0.016 0.996 0.060 0.985 0.997 
0.019 0.994 0.049 0.988 0.943 
0.012 0.996 0.073 0.988 1.000 
0.014 0.995 0.072 0.983 1.000 
0.017 0.994 0.043 0.985 0.993 
0.015 0.995 0.043 0.985 1.000 
0.020 0.994 0.057 0.988 0.987 
0.009 0.998 0.107 0.968 1.000 
0.019 0.995 0.069 0.980 1.000 
0.011 0.997 0.077 0.983 0.960 
0.021 0.994 0.045 0.985 0.997 
0.018 0.994 0.060 0.988 1.000 
0.019 0.994 0.060 0.985 0.973 
0.010 0.997 0.065 0.985 0.987 
0.016 0.995 0.078 0.978 0.997 
0.013 0.997 0.111 0.980 0.997 
0.021 0.995 0.042 0.988 1.000 
0.019 0.996 0.088 0.980 1.000 
0.011 0.997 0.042 0.988 0.997 
0.012 0.994 0.044 0.990 0.993 
0.009 0.997 0.078 0.983 1.000 
0.018 0.996 0.053 0.985 0.993 
0.011 0.995 0.049 0.990 1.000 
0.019 0.994 0.047 0.983 1.000 
0.017 0.994 0.054 0.988 0.993 
0.017 0.997 0.040 0.985 1.000 
0.013 0.996 0.146 0.938 0.970 
0.018 0.994 0.042 0.988 1.000 
0.023 0.994 0.049 0.988 0.997 
0.010 0.998 0.055 0.985 1.000 
0.014 0.995 0.085 0.970 0.997 
0.023 0.994 0.036 0.990 0.960 
0.008 0.997 0.043 0.988 0.993 
0.024 0.994 0.063 0.980 0.990 
0.018 0.994 0.041 0.985 1.000 
0.020 0.994 0.039 0.985 1.000 
0.018 0.996 0.034 0.988 0.997 
0.032 0.994 0.057 0.985 0.990 
0.021 0.994 0.059 0.985 0.993 
0.021 0.994 0.033 0.988 0.997 
0.021 0.994 0.039 0.985 0.997 
0.015 0.997 0.054 0.983 0.990 
0.020 0.995 0.057 0.988 1.000 
0.011 0.997 0.061 0.985 1.000 
0.018 0.994 0.040 0.988 1.000 
0.011 0.995 0.078 0.975 1.000 
0.019 0.995 0.060 0.980 0.990 
0.012 0.996 0.058 0.983 1.000 
0.038 0.993 0.045 0.988 0.997 
0.023 0.993 0.051 0.988 0.997 
0.021 0.992 0.047 0.983 1.000 
0.016 0.995 0.044 0.985 1.000 
0.017 0.996 0.052 0.988 1.000 
0.015 0.994 0.050 0.983 0.997 
0.030 0.995 0.111 0.960 1.000 
0.020 0.992 0.055 0.988 1.000 
0.013 0.995 0.052 0.988 1.000 
0.008 0.995 0.104 0.988 1.000 
0.024 0.993 0.052 0.985 1.000 
0.014 0.997 0.052 0.985 1.000 
0.016 0.994 0.067 0.983 0.990 
0.013 0.995 0.045 0.988 0.779 
0.019 0.996 0.064 0.980 0.997 
0.019 0.995 0.050 0.988 0.960 
0.014 0.994 0.049 0.988 0.943 
0.014 0.996 0.044 0.988 0.950 
0.025 0.991 0.049 0.988 0.433 
0.014 0.996 0.051 0.985 0.953 
0.033 0.995 0.046 0.985 0.711 
0.013 0.996 0.044 0.988 0.829 
0.015 0.995 0.035 0.988 0.664 
0.015 0.995 0.120 0.950 0.674 
0.014 0.995 0.080 0.988 0.852 
0.025 0.997 0.050 0.990 0.379 
0.028 0.993 0.045 0.988 0.997 
0.020 0.993 0.052 0.985 0.591 
0.019 0.994 0.040 0.985 0.480 
0.012 0.997 0.053 0.985 0.977 
0.012 0.997 0.052 0.988 1.000 
0.020 0.993 0.041 0.990 1.000 
0.012 0.997 0.085 0.965 0.997 
0.013 0.996 0.166 0.938 0.886 
0.018 0.994 0.075 0.975 1.000 
0.012 0.997 0.045 0.985 1.000 
0.008 0.998 0.050 0.988 1.000 
0.031 0.993 0.041 0.988 0.993 
0.013 0.997 0.036 0.990 0.997 
0.013 0.996 0.052 0.988 1.000 
0.013 0.997 0.071 0.978 1.000 
0.018 0.994 0.073 0.973 1.000 
0.010 0.996 0.058 0.980 0.990 
0.009 0.997 0.073 0.978 1.000 
0.014 0.994 0.062 0.985 1.000 
0.022 0.995 0.037 0.990 0.997 
0.005 0.998 0.052 0.988 0.990 
0.015 0.996 0.092 0.963 0.993 
0.014 0.996 0.070 0.980 0.997 
0.028 0.996 0.062 0.988 1.000 
0.019 0.997 0.050 0.988 1.000 
0.015 0.997 0.067 0.988 1.000 
0.017 0.995 0.057 0.988 1.000 
0.014 0.995 0.049 0.988 1.000 
0.026 0.993 0.044 0.985 0.997 
0.016 0.994 0.110 0.980 0.963 
0.040 0.994 0.057 0.980 1.000 
0.016 0.995 0.056 0.978 1.000 
0.033 0.995 0.053 0.985 0.997 
0.015 0.997 0.061 0.978 0.993 
0.018 0.995 0.041 0.988 0.997 
0.046 0.997 0.086 0.973 1.000 
0.022 0.994 0.113 0.948 0.993 
0.020 0.994 0.051 0.985 1.000 
0.018 0.995 0.035 0.988 1.000 
0.012 0.996 0.048 0.985 0.997 
0.015 0.996 0.036 0.988 1.000 
0.022 0.994 0.056 0.988 0.866 
0.010 0.996 0.032 0.988 0.997 
0.013 0.994 0.084 0.963 0.997 
0.016 0.995 0.063 0.980 0.997 
0.014 0.997 0.040 0.990 1.000 
0.014 0.996 0.043 0.990 0.983 
0.024 0.994 0.037 0.988 1.000 
0.015 0.996 0.034 0.990 1.000 
0.013 0.996 0.048 0.990 1.000 
0.009 0.997 0.048 0.983 1.000 
0.037 0.990 0.082 0.975 1.000 
0.012 0.996 0.042 0.988 1.000 
0.023 0.995 0.034 0.988 0.997 
0.018 0.994 0.091 0.960 0.869 
0.012 0.996 0.033 0.990 0.983 
0.018 0.997 0.037 0.990 0.997 
0.020 0.993 0.067 0.975 1.000 
0.017 0.996 0.052 0.985 1.000 
0.019 0.994 0.062 0.985 0.997 
0.020 0.994 0.091 0.980 0.997 
0.027 0.993 0.091 0.983 1.000 
0.015 0.996 0.078 0.970 0.987 
0.015 0.995 0.054 0.990 0.990 
0.016 0.995 0.081 0.973 0.980 
0.016 0.995 0.044 0.985 1.000 
0.021 0.995 0.058 0.985 1.000 
0.020 0.997 0.061 0.980 0.997 
0.017 0.994 0.106 0.955 0.997 
0.017 0.994 0.056 0.983 1.000 
0.013 0.995 0.095 0.978 0.983 
0.020 0.995 0.054 0.983 0.997 
0.016 0.995 0.055 0.985 1.000 
0.017 0.996 0.045 0.985 0.997 
0.012 0.996 0.043 0.988 1.000 
0.016 0.994 0.046 0.985 1.000 
0.016 0.995 0.079 0.985 1.000 
0.016 0.995 0.066 0.983 1.000 
0.012 0.997 0.059 0.985 1.000 
0.013 0.995 0.045 0.985 0.987 
0.016 0.994 0.068 0.988 1.000 
0.015 0.994 0.052 0.983 1.000 
0.016 0.996 0.060 0.988 1.000 
0.007 0.998 0.093 0.980 1.000 
0.016 0.997 0.073 0.985 1.000 
0.020 0.994 0.096 0.968 0.997 
0.022 0.995 0.049 0.985 1.000 
0.015 0.993 0.069 0.985 1.000 
0.019 0.993 0.042 0.985 1.000 
0.017 0.994 0.062 0.978 1.000 
0.010 0.996 0.082 0.988 0.916 
0.008 0.997 0.089 0.983 1.000 
0.014 0.995 0.052 0.985 1.000 
0.013 0.995 0.081 0.983 1.000 
0.021 0.995 0.114 0.958 1.000 
0.012 0.995 0.104 0.985 1.000 
0.014 0.996 0.149 0.970 1.000 
0.011 0.996 0.059 0.988 1.000 
0.009 0.997 0.066 0.990 1.000 
0.023 0.995 0.070 0.975 1.000 
0.038 0.995 0.077 0.988 1.000 
0.011 0.997 0.069 0.985 1.000 
0.010 0.996 0.085 0.990 1.000 
0.017 0.996 0.124 0.958 1.000 
0.013 0.997 0.116 0.955 0.997 
0.012 0.997 0.071 0.988 1.000 
0.029 0.993 0.053 0.990 1.000 
0.010 0.997 0.061 0.988 1.000 
0.013 0.997 0.069 0.985 1.000 
0.014 0.997 0.051 0.988 1.000 
0.025 0.992 0.136 0.955 1.000 
0.013 0.995 0.055 0.985 1.000 
0.015 0.995 0.062 0.978 0.997 
0.018 0.995 0.055 0.985 1.000 
0.016 0.997 0.086 0.973 1.000 
0.018 0.994 0.043 0.985 1.000 
0.014 0.995 0.044 0.990 1.000 
0.013 0.994 0.115 0.955 0.997 
0.004 0.998 0.072 0.993 1.000 
0.051 0.994 0.051 0.983 1.000 
0.014 0.996 0.048 0.988 1.000 
0.015 0.995 0.069 0.985 1.000 
0.013 0.997 0.053 0.985 1.000 
0.022 0.997 0.071 0.980 1.000 
0.024 0.993 0.044 0.990 0.997 
0.007 0.998 0.048 0.990 1.000 
0.013 0.995 0.038 0.988 1.000 
0.023 0.994 0.061 0.980 0.936 
0.017 0.995 0.052 0.985 0.997 
0.011 0.998 0.044 0.990 1.000 
0.007 0.997 0.051 0.990 1.000 
0.016 0.997 0.035 0.988 1.000 
0.011 0.996 0.042 0.988 1.000 
0.035 0.994 0.037 0.990 0.926 
0.015 0.997 0.046 0.990 0.866 
0.041 0.994 0.056 0.988 1.000 
0.019 0.995 0.068 0.985 1.000 
0.015 0.995 0.095 0.985 1.000 
0.015 0.994 0.050 0.988 1.000 
0.015 0.997 0.084 0.963 1.000 
0.011 0.995 0.088 0.968 1.000 
0.015 0.995 0.074 0.983 1.000 
0.012 0.996 0.095 0.970 0.997 
0.003 1.000 0.047 0.990 1.000 
0.013 0.995 0.043 0.985 1.000 
0.009 0.996 0.072 0.988 1.000 
0.034 0.993 0.064 0.983 1.000 
0.014 0.997 0.039 0.988 1.000 
0.021 0.994 0.035 0.990 1.000 
0.023 0.995 0.070 0.988 1.000 
0.009 0.998 0.042 0.988 1.000 
0.032 0.994 0.044 0.988 1.000 
0.022 0.996 0.051 0.985 1.000 
0.010 0.997 0.071 0.978 1.000 
0.017 0.995 0.050 0.990 1.000 
0.013 0.995 0.042 0.990 0.997 
0.010 0.996 0.046 0.990 1.000 
0.015 0.994 0.076 0.988 1.000 
0.010 0.997 0.075 0.985 1.000 
0.019 0.995 0.063 0.985 1.000 
0.018 0.995 0.044 0.988 1.000 
0.010 0.996 0.054 0.985 1.000 
0.017 0.997 0.047 0.988 1.000 
0.010 0.997 0.046 0.985 1.000 
0.019 0.994 0.046 0.990 0.997 
0.011 0.996 0.048 0.988 1.000 
0.020 0.997 0.165 0.955 0.993 
0.025 0.994 0.045 0.988 1.000 
0.012 0.995 0.049 0.985 1.000 
0.022 0.996 0.033 0.990 1.000 
0.016 0.994 0.055 0.988 1.000 
0.025 0.994 0.035 0.990 1.000 
0.031 0.993 0.038 0.990 0.966 
0.012 0.998 0.086 0.975 0.923 
0.017 0.993 0.032 0.990 0.997 
0.009 0.998 0.069 0.978 0.987 
0.020 0.996 0.035 0.988 0.970 
0.009 0.996 0.034 0.988 0.997 
0.012 0.997 0.050 0.990 0.993 
0.020 0.993 0.078 0.970 0.685 
0.008 0.999 0.057 0.983 0.832 
0.020 0.997 0.065 0.980 0.886 
0.017 0.994 0.058 0.980 0.983 
0.019 0.995 0.043 0.988 0.997 
0.012 0.997 0.054 0.983 1.000 
0.006 0.998 0.058 0.983 1.000 
0.011 0.995 0.064 0.988 1.000 
0.029 0.995 0.047 0.988 1.000 
0.021 0.995 0.092 0.958 0.997 
0.011 0.997 0.079 0.973 0.997 
0.031 0.994 0.044 0.985 1.000 
0.010 0.996 0.074 0.975 0.997 
0.018 0.995 0.054 0.985 0.997 
0.008 0.998 0.052 0.985 0.997 
0.009 0.998 0.076 0.973 0.990 
0.012 0.995 0.048 0.988 0.997 
0.012 0.995 0.049 0.985 0.997 
0.022 0.993 0.065 0.983 0.997 
0.019 0.995 0.102 0.985 1.000 
0.012 0.997 0.060 0.980 0.993 
0.017 0.994 0.062 0.985 0.997 
0.020 0.995 0.058 0.988 0.993 
0.010 0.997 0.060 0.985 0.997 
0.016 0.995 0.069 0.985 0.997 
0.008 0.998 0.059 0.988 0.997 
0.010 0.997 0.077 0.985 1.000 
0.017 0.997 0.160 0.983 1.000 
0.015 0.996 0.040 0.988 1.000 
0.034 0.993 0.057 0.985 0.872 
0.029 0.995 0.039 0.985 1.000 
0.031 0.990 0.057 0.983 0.879 
0.016 0.997 0.052 0.985 0.849 
0.012 0.997 0.042 0.990 0.993 
0.008 0.997 0.064 0.993 1.000 
0.036 0.995 0.071 0.978 0.980 
0.014 0.995 0.044 0.988 0.993 
0.015 0.997 0.082 0.973 0.903 
0.013 0.997 0.046 0.988 0.809 
0.012 0.997 0.040 0.985 0.997 
0.035 0.993 0.048 0.988 0.668 
0.011 0.996 0.066 0.983 0.346 
0.007 0.998 0.058 0.985 0.997 
0.006 0.998 0.091 0.988 0.507 
0.026 0.991 0.031 0.990 0.980 
0.011 0.997 0.054 0.985 0.886 
0.007 0.998 0.052 0.988 0.883 
0.025 0.993 0.047 0.985 0.990 
0.023 0.993 0.043 0.988 1.000 
0.021 0.994 0.079 0.975 0.990 
0.017 0.995 0.054 0.988 1.000 
0.021 0.993 0.042 0.990 0.997 
0.011 0.996 0.058 0.983 1.000 
0.020 0.994 0.077 0.983 0.997 
0.017 0.996 0.053 0.988 1.000 
0.015 0.997 0.092 0.965 0.997 
0.013 0.997 0.038 0.990 0.997 
0.012 0.998 0.110 0.965 1.000 
0.022 0.993 0.134 0.953 0.997 
0.012 0.997 0.055 0.983 0.601 
0.020 0.994 0.149 0.945 0.970 
0.015 0.996 0.049 0.985 0.970 
0.018 0.994 0.061 0.983 0.997 
0.010 0.998 0.063 0.985 0.936 
0.008 0.997 0.062 0.988 0.946 
0.014 0.995 0.124 0.950 0.805 
0.014 0.995 0.040 0.988 0.997 
0.021 0.993 0.049 0.983 0.869 
0.012 0.996 0.075 0.988 0.930 
0.014 0.996 0.105 0.960 0.956 
0.019 0.996 0.058 0.985 0.369 
0.021 0.994 0.082 0.983 0.983 
0.016 0.996 0.064 0.985 0.906 
0.016 0.995 0.048 0.988 0.980 
0.024 0.993 0.051 0.988 0.966 
0.018 0.995 0.050 0.985 0.997 
0.014 0.995 0.063 0.978 0.909 
0.010 0.996 0.038 0.990 0.990 
0.009 0.998 0.105 0.970 0.993 
0.019 0.995 0.084 0.983 0.581 
0.010 0.997 0.073 0.978 0.960 
0.009 0.997 0.042 0.990 0.990 
0.016 0.995 0.039 0.990 0.997 
0.021 0.994 0.052 0.988 0.497 
0.009 0.996 0.085 0.975 1.000 
0.029 0.991 0.077 0.980 0.977 
0.008 0.998 0.044 0.990 0.990 
0.012 0.998 0.046 0.990 0.258 
0.018 0.994 0.034 0.990 0.960 
0.007 0.997 0.030 0.988 0.963 
0.009 0.997 0.073 0.990 0.859 
0.024 0.994 0.032 0.988 0.611 
0.008 0.998 0.039 0.985 0.953 
0.013 0.996 0.033 0.990 0.943 
0.016 0.995 0.073 0.983 0.919 
0.012 0.996 0.053 0.988 0.883 
0.012 0.997 0.053 0.990 0.953 
0.015 0.997 0.073 0.990 0.654 
0.017 0.997 0.041 0.990 0.493 
0.015 0.994 0.048 0.988 0.433 
0.005 0.999 0.098 0.985 0.570 
0.014 0.997 0.047 0.988 0.990 
0.036 0.994 0.056 0.988 1.000 
0.017 0.995 0.043 0.988 0.940 
0.012 0.997 0.077 0.978 0.500 
0.013 0.998 0.047 0.988 0.674 
0.005 0.999 0.042 0.988 0.752 
0.010 0.997 0.051 0.988 0.990 
0.016 0.995 0.062 0.988 0.886 
0.024 0.995 0.092 0.975 0.332 
0.016 0.998 0.078 0.990 0.674 
0.012 0.995 0.074 0.985 0.795 
0.019 0.996 0.108 0.970 0.899 
0.020 0.996 0.081 0.980 0.997 
0.019 0.995 0.042 0.988 0.872 
0.011 0.998 0.063 0.983 1.000 
0.015 0.995 0.052 0.985 1.000 
0.012 0.997 0.066 0.985 1.000 
0.009 0.998 0.049 0.988 0.923 
0.010 0.997 0.098 0.978 0.993 
0.018 0.993 0.061 0.985 0.983 
0.007 0.998 0.069 0.985 1.000 
0.016 0.997 0.058 0.988 1.000 
0.004 0.999 0.065 0.988 0.993 
0.025 0.993 0.063 0.983 0.060 
