0.313 0.880 0.092 0.973 0.901 
0.216 0.916 0.160 0.943 0.966 
0.167 0.937 0.072 0.983 0.994 
0.136 0.955 0.101 0.975 0.994 
0.134 0.949 0.072 0.973 0.975 
0.112 0.965 0.083 0.978 0.988 
0.116 0.963 0.070 0.975 0.975 
0.103 0.965 0.070 0.983 0.997 
0.097 0.969 0.054 0.988 0.994 
0.109 0.968 0.059 0.988 0.988 
0.105 0.965 0.065 0.990 0.994 
0.089 0.972 0.084 0.985 0.997 
0.080 0.975 0.065 0.980 0.991 
0.096 0.970 0.073 0.975 0.994 
0.084 0.972 0.054 0.990 0.997 
0.082 0.974 0.042 0.990 0.997 
0.083 0.974 0.062 0.988 0.997 
0.072 0.972 0.047 0.993 0.997 
0.080 0.974 0.051 0.990 0.991 
0.066 0.978 0.050 0.988 0.938 
0.068 0.979 0.058 0.978 0.963 
0.074 0.973 0.053 0.978 0.991 
0.068 0.982 0.052 0.993 0.811 
0.086 0.977 0.057 0.990 0.457 
0.060 0.981 0.064 0.983 0.997 
0.062 0.981 0.044 0.993 0.944 
0.061 0.982 0.054 0.983 0.857 
0.062 0.980 0.072 0.973 0.891 
0.061 0.984 0.056 0.990 0.960 
0.063 0.981 0.052 0.990 1.000 
0.061 0.981 0.045 0.988 0.935 
0.068 0.978 0.074 0.990 0.969 
0.050 0.987 0.089 0.983 1.000 
0.063 0.980 0.064 0.983 0.994 
0.060 0.982 0.064 0.988 0.295 
0.044 0.988 0.055 0.988 0.975 
0.051 0.986 0.055 0.990 0.960 
0.066 0.978 0.047 0.990 0.994 
0.036 0.986 0.047 0.990 0.997 
0.058 0.984 0.045 0.990 0.960 
0.056 0.985 0.079 0.985 0.972 
0.067 0.984 0.050 0.993 0.991 
0.064 0.977 0.048 0.990 0.994 
0.039 0.988 0.040 0.990 0.988 
0.037 0.991 0.061 0.983 0.866 
0.044 0.989 0.038 0.993 0.792 
0.046 0.988 0.051 0.993 0.972 
0.061 0.985 0.066 0.993 0.994 
0.035 0.989 0.041 0.993 0.994 
0.040 0.987 0.040 0.993 0.978 
0.053 0.982 0.066 0.985 0.950 
0.062 0.980 0.042 0.990 0.991 
0.046 0.987 0.048 0.993 0.901 
0.046 0.985 0.061 0.988 0.512 
0.046 0.986 0.059 0.983 0.857 
0.050 0.986 0.044 0.990 0.602 
0.046 0.986 0.089 0.990 0.991 
0.039 0.986 0.066 0.985 0.994 
0.038 0.987 0.037 0.993 0.984 
0.048 0.986 0.041 0.990 0.991 
0.049 0.988 0.038 0.990 0.944 
0.061 0.985 0.050 0.990 0.152 
0.027 0.993 0.045 0.990 0.668 
0.050 0.984 0.044 0.993 0.932 
0.035 0.989 0.044 0.990 0.994 
0.039 0.989 0.041 0.990 0.025 
0.039 0.991 0.045 0.985 0.969 
0.036 0.990 0.057 0.985 1.000 
0.047 0.986 0.041 0.988 0.997 
0.034 0.990 0.041 0.990 1.000 
0.043 0.986 0.048 0.985 0.475 
0.058 0.985 0.063 0.983 0.283 
0.050 0.983 0.042 0.993 0.888 
0.041 0.989 0.060 0.985 0.997 
0.038 0.993 0.046 0.985 0.997 
0.045 0.988 0.049 0.993 0.994 
0.044 0.989 0.084 0.983 0.382 
0.044 0.988 0.043 0.990 0.997 
0.038 0.991 0.075 0.983 0.988 
0.039 0.989 0.045 0.990 1.000 
0.054 0.985 0.057 0.985 0.991 
0.040 0.989 0.051 0.993 0.907 
0.037 0.991 0.053 0.988 0.714 
0.039 0.988 0.045 0.988 0.376 
0.037 0.993 0.044 0.993 0.988 
0.058 0.984 0.048 0.990 0.994 
0.039 0.989 0.045 0.993 0.882 
0.027 0.994 0.043 0.988 0.450 
0.046 0.987 0.049 0.988 1.000 
0.036 0.991 0.045 0.990 0.991 
0.042 0.990 0.048 0.988 1.000 
0.030 0.993 0.040 0.990 0.997 
0.035 0.991 0.039 0.990 0.997 
0.031 0.991 0.039 0.990 0.994 
0.051 0.984 0.050 0.990 0.997 
0.036 0.990 0.041 0.988 0.863 
0.034 0.990 0.048 0.990 0.972 
0.038 0.986 0.070 0.983 0.997 
0.039 0.989 0.041 0.990 1.000 
0.029 0.991 0.055 0.990 0.820 
0.026 0.994 0.058 0.980 0.003 
0.045 0.987 0.046 0.993 0.997 
0.040 0.991 0.050 0.988 1.000 
0.047 0.986 0.068 0.980 0.441 
0.046 0.989 0.053 0.990 0.593 
0.033 0.991 0.069 0.983 0.568 
0.035 0.990 0.057 0.988 1.000 
0.037 0.992 0.054 0.988 1.000 
0.042 0.988 0.045 0.990 0.953 
0.039 0.990 0.043 0.990 0.997 
0.027 0.994 0.044 0.990 0.984 
0.028 0.991 0.051 0.985 0.975 
0.045 0.983 0.043 0.990 1.000 
0.034 0.991 0.036 0.990 1.000 
0.027 0.993 0.035 0.990 0.776 
0.030 0.989 0.045 0.993 1.000 
0.037 0.991 0.053 0.983 0.972 
0.025 0.992 0.042 0.993 1.000 
0.033 0.991 0.043 0.993 0.997 
0.028 0.994 0.041 0.990 1.000 
0.050 0.985 0.044 0.993 0.099 
0.034 0.990 0.075 0.988 1.000 
0.036 0.991 0.050 0.985 1.000 
0.021 0.994 0.054 0.990 0.370 
0.051 0.984 0.038 0.980 0.988 
0.032 0.990 0.058 0.985 0.953 
0.040 0.988 0.041 0.990 0.724 
0.026 0.990 0.065 0.985 0.929 
0.026 0.991 0.039 0.990 1.000 
0.027 0.990 0.048 0.988 1.000 
0.041 0.993 0.041 0.990 0.997 
0.030 0.995 0.042 0.990 0.919 
0.032 0.992 0.048 0.990 0.991 
0.034 0.990 0.046 0.990 0.963 
0.033 0.992 0.048 0.990 0.978 
0.036 0.993 0.034 0.993 0.894 
0.030 0.993 0.049 0.990 0.857 
0.034 0.991 0.039 0.993 0.975 
0.037 0.988 0.045 0.993 0.888 
0.022 0.993 0.045 0.993 0.981 
0.032 0.991 0.056 0.990 0.991 
0.038 0.990 0.044 0.993 0.972 
0.028 0.993 0.038 0.990 0.991 
0.036 0.991 0.105 0.978 0.876 
0.030 0.993 0.043 0.990 0.963 
0.033 0.990 0.072 0.983 0.255 
0.033 0.991 0.057 0.988 0.401 
0.020 0.995 0.046 0.993 0.814 
0.037 0.986 0.041 0.990 0.863 
0.025 0.994 0.055 0.985 1.000 
0.027 0.993 0.056 0.985 0.780 
0.030 0.990 0.055 0.985 0.435 
0.037 0.990 0.057 0.985 1.000 
0.024 0.994 0.048 0.990 0.547 
0.039 0.989 0.063 0.985 0.391 
0.025 0.994 0.063 0.983 0.994 
0.018 0.995 0.050 0.985 1.000 
0.029 0.993 0.045 0.985 0.957 
0.027 0.992 0.054 0.990 0.531 
0.032 0.989 0.051 0.993 1.000 
0.026 0.989 0.036 0.990 1.000 
0.026 0.991 0.042 0.990 1.000 
0.039 0.988 0.054 0.990 1.000 
0.025 0.993 0.037 0.993 0.988 
0.027 0.991 0.035 0.990 0.994 
0.041 0.991 0.040 0.993 0.382 
0.018 0.996 0.043 0.993 0.978 
0.028 0.993 0.068 0.988 0.994 
0.034 0.990 0.042 0.993 1.000 
0.026 0.992 0.040 0.990 1.000 
0.030 0.989 0.044 0.990 0.354 
0.031 0.991 0.076 0.985 0.997 
0.030 0.993 0.051 0.990 0.370 
0.030 0.994 0.046 0.993 0.668 
0.039 0.991 0.032 0.995 0.199 
0.019 0.995 0.041 0.993 0.994 
0.034 0.990 0.038 0.993 0.441 
0.032 0.994 0.057 0.988 0.724 
0.021 0.993 0.089 0.985 0.994 
0.033 0.990 0.152 0.978 0.994 
0.026 0.995 0.251 0.973 1.000 
0.036 0.990 0.066 0.983 1.000 
0.025 0.994 0.087 0.980 1.000 
0.019 0.993 0.053 0.990 0.780 
0.038 0.990 0.040 0.990 0.991 
0.023 0.993 0.041 0.990 0.984 
0.025 0.993 0.039 0.993 0.901 
0.031 0.991 0.085 0.990 0.997 
0.034 0.990 0.059 0.990 0.953 
0.018 0.994 0.073 0.990 1.000 
0.024 0.993 0.044 0.993 1.000 
0.036 0.989 0.053 0.993 0.947 
0.023 0.995 0.052 0.990 1.000 
0.022 0.994 0.051 0.993 0.984 
0.021 0.994 0.046 0.993 1.000 
0.025 0.993 0.049 0.993 1.000 
0.033 0.990 0.069 0.983 0.988 
0.023 0.994 0.071 0.975 0.950 
0.025 0.994 0.071 0.975 0.997 
0.035 0.991 0.073 0.965 0.870 
0.037 0.989 0.052 0.993 0.994 
0.029 0.994 0.244 0.938 0.975 
0.036 0.989 0.040 0.993 0.186 
0.033 0.990 0.065 0.988 0.988 
0.032 0.991 0.048 0.988 1.000 
0.018 0.995 0.047 0.988 0.727 
0.013 0.994 0.065 0.990 0.950 
0.024 0.993 0.039 0.990 0.984 
0.033 0.991 0.039 0.990 0.984 
0.032 0.988 0.065 0.985 0.997 
0.026 0.993 0.050 0.988 0.593 
0.025 0.991 0.050 0.993 1.000 
0.026 0.993 0.056 0.990 0.907 
0.017 0.996 0.108 0.980 0.988 
0.029 0.992 0.051 0.990 0.155 
0.033 0.992 0.035 0.993 0.997 
0.029 0.994 0.047 0.990 1.000 
0.031 0.993 0.035 0.993 0.960 
0.025 0.991 0.037 0.993 1.000 
0.025 0.989 0.040 0.993 1.000 
0.019 0.995 0.052 0.985 1.000 
0.037 0.991 0.041 0.993 1.000 
0.038 0.991 0.055 0.993 1.000 
0.022 0.993 0.038 0.990 1.000 
0.019 0.994 0.043 0.988 1.000 
0.020 0.994 0.036 0.993 1.000 
0.024 0.992 0.036 0.993 0.997 
0.023 0.995 0.068 0.985 1.000 
0.026 0.991 0.055 0.985 0.845 
0.019 0.993 0.037 0.993 1.000 
0.022 0.993 0.041 0.990 0.814 
0.027 0.992 0.039 0.993 1.000 
0.016 0.994 0.040 0.993 1.000 
0.033 0.991 0.054 0.990 0.994 
0.018 0.994 0.052 0.988 1.000 
0.029 0.989 0.040 0.990 0.997 
0.019 0.995 0.036 0.990 1.000 
0.023 0.993 0.029 0.990 0.606 
0.027 0.991 0.118 0.990 0.988 
0.021 0.994 0.034 0.993 0.984 
0.026 0.994 0.050 0.990 1.000 
0.027 0.994 0.092 0.980 0.997 
0.021 0.992 0.052 0.993 0.947 
0.026 0.995 0.057 0.990 0.988 
0.020 0.994 0.073 0.990 0.984 
0.025 0.994 0.062 0.990 0.994 
0.021 0.995 0.062 0.990 0.994 
0.029 0.994 0.035 0.993 0.907 
0.026 0.993 0.033 0.993 0.984 
0.018 0.994 0.032 0.990 1.000 
0.021 0.993 0.089 0.988 0.848 
0.035 0.990 0.040 0.993 0.882 
0.016 0.994 0.045 0.990 0.602 
0.018 0.994 0.054 0.990 0.991 
0.027 0.990 0.041 0.990 0.997 
0.025 0.993 0.041 0.990 0.994 
0.022 0.993 0.033 0.993 1.000 
0.021 0.995 0.024 0.993 0.997 
0.027 0.993 0.033 0.993 1.000 
0.031 0.993 0.039 0.993 0.966 
0.018 0.996 0.035 0.990 1.000 
0.021 0.995 0.038 0.993 0.984 
0.029 0.990 0.038 0.993 1.000 
0.021 0.994 0.036 0.990 0.994 
0.024 0.992 0.040 0.993 0.997 
0.018 0.996 0.051 0.990 1.000 
0.028 0.991 0.033 0.993 1.000 
0.017 0.995 0.041 0.990 0.950 
0.025 0.993 0.060 0.985 0.997 
0.037 0.991 0.055 0.990 1.000 
0.023 0.992 0.037 0.995 1.000 
0.031 0.991 0.043 0.988 0.991 
0.027 0.991 0.040 0.993 0.978 
0.028 0.991 0.061 0.995 1.000 
0.020 0.991 0.065 0.993 0.981 
0.035 0.993 0.034 0.993 1.000 
0.016 0.997 0.033 0.993 0.994 
0.018 0.995 0.053 0.978 1.000 
0.033 0.989 0.028 0.993 0.994 
0.015 0.995 0.059 0.990 0.748 
0.021 0.993 0.051 0.993 1.000 
0.011 0.996 0.049 0.993 1.000 
0.020 0.995 0.050 0.993 0.994 
0.024 0.992 0.046 0.993 0.981 
0.019 0.995 0.037 0.993 1.000 
0.016 0.996 0.062 0.993 1.000 
0.015 0.994 0.060 0.988 1.000 
0.018 0.993 0.076 0.993 1.000 
0.035 0.994 0.061 0.993 0.994 
0.025 0.993 0.055 0.993 0.988 
0.028 0.993 0.060 0.993 0.953 
0.016 0.995 0.067 0.988 1.000 
0.028 0.993 0.088 0.988 0.997 
0.022 0.995 0.063 0.990 0.447 
0.030 0.992 0.081 0.990 0.981 
0.029 0.993 0.047 0.993 0.991 
0.026 0.993 0.035 0.993 0.071 
0.021 0.992 0.057 0.993 0.907 
0.021 0.993 0.059 0.993 0.811 
0.028 0.994 0.059 0.990 0.997 
0.030 0.993 0.056 0.988 0.984 
0.017 0.994 0.075 0.978 0.997 
0.021 0.994 0.039 0.990 0.997 
0.012 0.997 0.066 0.990 0.953 
0.027 0.993 0.066 0.990 0.866 
0.016 0.994 0.042 0.993 0.975 
0.028 0.993 0.042 0.990 0.972 
0.014 0.997 0.088 0.978 1.000 
0.019 0.994 0.037 0.993 0.997 
0.023 0.995 0.039 0.993 0.997 
0.018 0.995 0.069 0.988 1.000 
0.031 0.990 0.067 0.988 1.000 
0.015 0.995 0.136 0.980 1.000 
0.022 0.993 0.032 0.993 0.947 
0.021 0.995 0.035 0.993 0.997 
0.017 0.994 0.044 0.993 0.997 
0.029 0.992 0.040 0.990 0.947 
0.034 0.989 0.044 0.990 1.000 
0.029 0.991 0.036 0.993 1.000 
0.019 0.994 0.048 0.990 1.000 
0.010 0.997 0.041 0.993 0.857 
0.028 0.991 0.040 0.990 0.590 
0.014 0.997 0.032 0.993 0.988 
0.022 0.992 0.051 0.993 1.000 
0.018 0.995 0.042 0.990 0.988 
0.021 0.993 0.054 0.988 0.975 
0.028 0.992 0.075 0.985 1.000 
0.021 0.993 0.053 0.990 1.000 
0.015 0.997 0.083 0.985 1.000 
0.011 0.997 0.081 0.985 1.000 
0.029 0.994 0.044 0.988 0.873 
0.022 0.991 0.038 0.988 1.000 
0.026 0.991 0.030 0.995 0.519 
0.015 0.996 0.045 0.993 0.988 
0.036 0.989 0.054 0.988 0.876 
0.025 0.991 0.028 0.993 0.901 
0.028 0.993 0.046 0.990 1.000 
0.016 0.995 0.046 0.988 1.000 
0.024 0.994 0.046 0.993 0.997 
0.019 0.995 0.044 0.993 0.997 
0.014 0.995 0.053 0.995 1.000 
0.024 0.994 0.039 0.993 1.000 
0.025 0.993 0.026 0.993 0.776 
0.015 0.997 0.059 0.980 1.000 
0.027 0.991 0.034 0.993 1.000 
0.017 0.993 0.060 0.988 0.795 
0.024 0.993 0.030 0.993 0.581 
0.013 0.997 0.057 0.988 0.994 
0.024 0.992 0.057 0.993 1.000 
0.023 0.993 0.068 0.993 0.972 
0.020 0.995 0.032 0.993 1.000 
0.018 0.995 0.046 0.990 1.000 
0.036 0.986 0.032 0.993 0.997 
0.014 0.995 0.081 0.978 1.000 
0.024 0.992 0.074 0.985 1.000 
0.020 0.994 0.035 0.990 1.000 
0.012 0.997 0.058 0.993 0.997 
0.026 0.994 0.046 0.990 0.997 
0.048 0.989 0.038 0.993 0.963 
0.021 0.995 0.058 0.993 0.997 
0.013 0.997 0.053 0.993 0.997 
0.021 0.994 0.045 0.993 0.997 
0.019 0.994 0.041 0.993 0.953 
0.021 0.995 0.031 0.993 0.696 
0.018 0.995 0.073 0.980 0.997 
0.025 0.993 0.033 0.993 0.984 
0.013 0.997 0.040 0.993 0.997 
0.016 0.997 0.037 0.993 1.000 
0.022 0.993 0.040 0.993 1.000 
0.007 0.998 0.072 0.990 0.873 
0.019 0.995 0.064 0.993 0.994 
0.017 0.995 0.069 0.993 0.873 
0.016 0.994 0.035 0.993 0.997 
0.020 0.993 0.035 0.993 0.975 
0.016 0.994 0.088 0.980 0.997 
0.025 0.996 0.047 0.993 0.997 
0.041 0.990 0.040 0.993 0.994 
0.024 0.994 0.075 0.983 1.000 
0.015 0.993 0.151 0.993 0.997 
0.020 0.996 0.073 0.988 1.000 
0.021 0.993 0.037 0.993 0.596 
0.043 0.993 0.043 0.993 0.988 
0.030 0.991 0.043 0.993 0.988 
0.027 0.993 0.048 0.993 0.888 
0.023 0.992 0.031 0.993 0.960 
0.028 0.993 0.045 0.993 0.950 
0.009 0.997 0.043 0.993 0.997 
0.013 0.995 0.045 0.993 0.252 
0.022 0.993 0.068 0.988 0.997 
0.016 0.994 0.036 0.990 0.978 
0.015 0.995 0.038 0.988 0.842 
0.022 0.995 0.064 0.990 0.997 
0.022 0.994 0.044 0.990 0.988 
0.030 0.993 0.042 0.993 1.000 
0.017 0.994 0.038 0.993 1.000 
0.017 0.994 0.036 0.995 1.000 
0.025 0.993 0.035 0.990 0.997 
0.040 0.988 0.054 0.993 0.994 
0.010 0.998 0.064 0.993 1.000 
0.022 0.992 0.033 0.993 1.000 
0.014 0.995 0.059 0.985 1.000 
0.021 0.995 0.044 0.988 1.000 
0.019 0.995 0.038 0.990 1.000 
0.020 0.994 0.032 0.993 1.000 
0.029 0.991 0.032 0.990 0.997 
0.014 0.997 0.045 0.993 1.000 
0.016 0.994 0.053 0.990 0.994 
0.017 0.997 0.061 0.993 1.000 
0.014 0.998 0.050 0.993 0.997 
0.008 0.996 0.084 0.993 0.925 
0.028 0.993 0.035 0.993 0.966 
0.029 0.994 0.032 0.995 0.988 
0.030 0.991 0.034 0.993 0.997 
0.012 0.997 0.034 0.993 1.000 
0.015 0.994 0.039 0.993 1.000 
0.011 0.997 0.052 0.993 1.000 
0.023 0.996 0.029 0.993 0.988 
0.016 0.994 0.042 0.990 0.981 
0.018 0.995 0.041 0.990 0.587 
0.026 0.993 0.035 0.990 1.000 
0.020 0.994 0.042 0.993 1.000 
0.026 0.991 0.027 0.993 1.000 
0.017 0.993 0.025 0.993 1.000 
0.026 0.993 0.029 0.993 1.000 
0.018 0.995 0.029 0.993 0.994 
0.024 0.994 0.043 0.993 1.000 
0.022 0.994 0.034 0.993 1.000 
0.018 0.994 0.023 0.993 0.770 
0.012 0.997 0.029 0.993 1.000 
0.012 0.996 0.027 0.990 0.978 
0.013 0.995 0.029 0.993 1.000 
0.020 0.993 0.037 0.995 0.835 
0.021 0.995 0.040 0.990 0.950 
0.021 0.995 0.042 0.990 0.997 
0.032 0.992 0.051 0.993 1.000 
0.016 0.996 0.027 0.993 0.997 
0.027 0.994 0.028 0.993 0.860 
0.032 0.991 0.054 0.993 0.988 
0.028 0.996 0.034 0.988 0.997 
0.018 0.993 0.021 0.993 1.000 
0.015 0.995 0.030 0.993 1.000 
0.027 0.993 0.032 0.990 1.000 
0.014 0.995 0.027 0.990 0.997 
0.020 0.994 0.047 0.993 0.997 
0.021 0.993 0.026 0.993 0.994 
0.082 0.985 0.026 0.993 0.997 
0.019 0.993 0.028 0.993 0.988 
0.032 0.990 0.022 0.993 1.000 
0.022 0.995 0.026 0.990 0.997 
0.014 0.995 0.045 0.990 1.000 
0.014 0.997 0.025 0.993 0.997 
0.011 0.996 0.025 0.993 1.000 
0.019 0.995 0.025 0.993 0.988 
0.053 0.989 0.037 0.993 0.994 
0.020 0.995 0.045 0.993 1.000 
0.022 0.995 0.046 0.988 0.994 
0.014 0.996 0.038 0.990 0.966 
0.030 0.991 0.034 0.990 0.994 
0.016 0.993 0.051 0.985 0.997 
0.020 0.994 0.041 0.990 0.991 
0.019 0.994 0.034 0.990 1.000 
0.027 0.994 0.035 0.993 1.000 
0.014 0.995 0.032 0.993 1.000 
0.025 0.993 0.035 0.990 1.000 
0.010 0.994 0.089 0.990 1.000 
0.026 0.993 0.036 0.990 0.922 
0.023 0.995 0.041 0.993 1.000 
0.021 0.993 0.037 0.993 0.994 
0.019 0.993 0.033 0.993 1.000 
0.016 0.995 0.039 0.993 1.000 
0.033 0.991 0.052 0.990 0.994 
0.032 0.989 0.070 0.990 0.997 
0.016 0.996 0.250 0.980 1.000 
0.058 0.994 0.056 0.990 1.000 
0.020 0.993 0.116 0.983 0.991 
0.032 0.992 0.042 0.990 0.870 
0.007 0.998 0.034 0.993 0.988 
0.020 0.995 0.038 0.990 0.854 
0.025 0.995 0.040 0.993 0.972 
0.010 0.996 0.044 0.990 0.916 
0.013 0.995 0.031 0.993 0.851 
0.019 0.992 0.028 0.990 1.000 
0.024 0.995 0.048 0.993 0.984 
0.014 0.995 0.093 0.983 0.879 
0.017 0.994 0.159 0.985 1.000 
0.057 0.995 0.128 0.990 1.000 
0.026 0.993 0.087 0.990 1.000 
0.027 0.993 0.025 0.993 0.994 
0.015 0.996 0.053 0.990 1.000 
0.017 0.996 0.036 0.993 0.978 
0.019 0.994 0.024 0.993 0.966 
0.018 0.996 0.040 0.993 1.000 
0.025 0.995 0.022 0.993 0.966 
0.023 0.994 0.031 0.990 0.997 
0.014 0.997 0.038 0.993 1.000 
0.011 0.997 0.035 0.995 0.938 
0.021 0.992 0.028 0.993 0.997 
0.021 0.995 0.032 0.993 0.997 
0.014 0.994 0.028 0.995 1.000 
0.021 0.995 0.036 0.993 1.000 
0.027 0.991 0.025 0.993 0.991 
0.018 0.994 0.025 0.995 0.988 
0.017 0.994 0.023 0.993 0.994 
0.018 0.995 0.056 0.988 0.991 
0.023 0.994 0.027 0.993 0.960 
0.019 0.994 0.028 0.993 0.991 
0.022 0.993 0.028 0.995 0.997 
0.015 0.995 0.025 0.995 1.000 
0.014 0.995 0.031 0.995 0.978 
0.034 0.993 0.026 0.995 0.991 
0.028 0.993 0.024 0.995 0.997 
0.014 0.995 0.022 0.993 1.000 
0.010 0.997 0.039 0.995 0.991 
0.018 0.993 0.037 0.993 0.932 
0.015 0.994 0.027 0.993 0.997 
0.020 0.995 0.026 0.995 0.870 
0.018 0.997 0.058 0.983 1.000 
0.016 0.997 0.030 0.995 1.000 
0.027 0.994 0.029 0.993 1.000 
0.020 0.993 0.035 0.995 0.562 
0.024 0.994 0.026 0.993 0.693 
0.020 0.991 0.055 0.995 0.484 
0.048 0.989 0.023 0.995 1.000 
0.028 0.992 0.025 0.993 1.000 
0.025 0.993 0.027 0.993 1.000 
0.017 0.994 0.030 0.995 1.000 
0.009 0.996 0.026 0.993 1.000 
0.014 0.997 0.029 0.993 1.000 
0.014 0.994 0.030 0.993 1.000 
0.021 0.994 0.023 0.995 0.997 
0.011 0.997 0.052 0.995 0.714 
0.026 0.994 0.026 0.995 0.988 
0.022 0.994 0.043 0.995 0.975 
0.017 0.994 0.043 0.995 0.916 
0.025 0.994 0.036 0.993 0.997 
0.014 0.996 0.038 0.993 0.997 
0.022 0.993 0.038 0.993 1.000 
0.022 0.993 0.062 0.990 1.000 
0.017 0.993 0.029 0.993 1.000 
0.018 0.995 0.034 0.993 1.000 
0.040 0.993 0.033 0.993 0.997 
0.041 0.990 0.034 0.993 0.997 
0.015 0.996 0.040 0.990 1.000 
0.016 0.995 0.036 0.993 1.000 
0.023 0.995 0.077 0.990 1.000 
0.019 0.995 0.029 0.993 1.000 
0.014 0.997 0.031 0.993 1.000 
0.015 0.994 0.036 0.995 0.593 
0.008 0.996 0.027 0.993 0.997 
0.021 0.995 0.027 0.995 0.410 
0.021 0.994 0.029 0.993 1.000 
0.011 0.997 0.053 0.990 1.000 
0.024 0.994 0.023 0.995 0.997 
0.051 0.989 0.033 0.995 0.991 
0.021 0.995 0.093 0.993 0.932 
0.013 0.994 0.034 0.995 0.984 
0.022 0.993 0.046 0.990 0.997 
0.026 0.996 0.021 0.995 0.969 
0.022 0.990 0.024 0.995 0.891 
0.015 0.995 0.032 0.990 0.994 
0.013 0.996 0.030 0.993 0.997 
0.013 0.996 0.031 0.993 0.988 
0.016 0.994 0.035 0.990 0.879 
0.018 0.994 0.037 0.990 1.000 
0.014 0.995 0.030 0.993 0.972 
0.008 0.999 0.130 0.993 0.792 
0.025 0.992 0.040 0.993 0.997 
0.014 0.997 0.046 0.993 0.997 
0.025 0.996 0.046 0.993 1.000 
0.014 0.996 0.036 0.993 0.984 
0.029 0.993 0.038 0.993 0.981 
0.013 0.994 0.036 0.993 1.000 
0.030 0.993 0.038 0.990 0.953 
0.017 0.994 0.056 0.993 0.835 
0.034 0.994 0.026 0.995 0.407 
0.020 0.995 0.034 0.990 1.000 
0.028 0.993 0.041 0.993 1.000 
0.020 0.993 0.078 0.988 0.997 
0.015 0.995 0.061 0.990 0.997 
0.016 0.994 0.049 0.990 0.941 
0.014 0.997 0.091 0.985 0.997 
0.022 0.995 0.040 0.993 0.776 
0.020 0.994 0.124 0.990 0.991 
0.016 0.997 0.030 0.995 0.649 
0.027 0.993 0.029 0.993 0.702 
0.020 0.993 0.033 0.993 0.994 
0.018 0.994 0.043 0.993 0.929 
0.021 0.995 0.045 0.993 1.000 
0.046 0.991 0.043 0.993 0.984 
0.018 0.993 0.046 0.993 1.000 
0.013 0.996 0.047 0.993 1.000 
0.028 0.994 0.053 0.993 1.000 
0.023 0.995 0.039 0.993 1.000 
0.027 0.994 0.047 0.988 1.000 
0.009 0.995 0.059 0.988 1.000 
0.022 0.994 0.048 0.990 1.000 
0.021 0.994 0.041 0.990 1.000 
0.008 0.998 0.042 0.990 1.000 
0.026 0.992 0.030 0.993 0.935 
0.016 0.994 0.036 0.993 0.997 
0.017 0.994 0.050 0.993 0.988 
0.015 0.994 0.049 0.993 1.000 
0.017 0.993 0.036 0.990 0.997 
0.010 0.995 0.064 0.993 1.000 
0.021 0.995 0.041 0.993 0.938 
0.021 0.992 0.053 0.993 1.000 
0.014 0.995 0.073 0.990 0.975 
0.022 0.993 0.070 0.993 1.000 
0.008 0.998 0.050 0.993 1.000 
0.012 0.996 0.074 0.993 0.997 
0.024 0.994 0.035 0.993 0.997 
0.016 0.994 0.046 0.990 1.000 
0.013 0.996 0.036 0.993 1.000 
0.044 0.991 0.026 0.993 0.922 
0.023 0.991 0.032 0.993 0.997 
0.015 0.995 0.044 0.993 1.000 
0.027 0.995 0.039 0.990 0.966 
0.010 0.997 0.112 0.990 0.904 
0.019 0.996 0.038 0.993 1.000 
0.012 0.995 0.047 0.993 0.997 
0.017 0.995 0.070 0.990 0.997 
0.023 0.991 0.029 0.993 1.000 
0.012 0.997 0.039 0.990 1.000 
0.014 0.995 0.032 0.993 1.000 
0.018 0.995 0.104 0.968 1.000 
0.021 0.991 0.051 0.988 0.901 
0.010 0.997 0.029 0.993 1.000 
0.012 0.998 0.048 0.990 1.000 
0.021 0.995 0.044 0.990 1.000 
0.027 0.995 0.039 0.993 1.000 
0.021 0.996 0.104 0.980 1.000 
0.040 0.990 0.051 0.983 1.000 
0.022 0.996 0.021 0.993 1.000 
0.012 0.995 0.033 0.993 1.000 
0.028 0.994 0.028 0.993 1.000 
0.012 0.996 0.027 0.995 1.000 
0.014 0.994 0.024 0.993 0.997 
0.016 0.995 0.025 0.993 1.000 
0.018 0.995 0.038 0.993 1.000 
0.019 0.995 0.036 0.988 0.938 
0.022 0.993 0.029 0.995 0.866 
0.012 0.996 0.030 0.993 1.000 
0.009 0.998 0.034 0.993 0.953 
0.025 0.992 0.031 0.993 0.938 
0.017 0.994 0.044 0.988 1.000 
0.012 0.996 0.100 0.975 1.000 
0.017 0.994 0.060 0.985 1.000 
0.025 0.994 0.055 0.993 1.000 
0.023 0.992 0.055 0.993 1.000 
0.011 0.997 0.066 0.993 1.000 
0.027 0.993 0.044 0.990 1.000 
0.012 0.995 0.101 0.985 0.839 
0.021 0.992 0.027 0.993 1.000 
0.008 0.998 0.099 0.988 1.000 
0.009 0.995 0.079 0.988 1.000 
0.018 0.995 0.043 0.988 0.953 
0.029 0.993 0.032 0.990 1.000 
0.027 0.995 0.070 0.993 0.972 
0.017 0.993 0.053 0.993 0.966 
0.021 0.994 0.031 0.990 0.997 
0.015 0.995 0.043 0.990 1.000 
0.044 0.990 0.028 0.993 0.978 
0.034 0.991 0.036 0.990 0.500 
0.014 0.996 0.034 0.990 0.972 
0.022 0.991 0.036 0.990 1.000 
0.027 0.992 0.055 0.988 1.000 
0.023 0.992 0.029 0.988 1.000 
0.025 0.994 0.047 0.988 1.000 
0.049 0.990 0.052 0.993 1.000 
0.009 0.998 0.047 0.993 1.000 
0.010 0.995 0.101 0.988 1.000 
0.037 0.996 0.027 0.993 0.904 
0.028 0.993 0.080 0.990 1.000 
0.026 0.994 0.125 0.985 1.000 
0.016 0.997 0.145 0.978 1.000 
0.018 0.994 0.042 0.995 0.941 
0.027 0.989 0.064 0.983 0.978 
0.018 0.995 0.030 0.993 1.000 
0.015 0.994 0.039 0.990 1.000 
0.024 0.993 0.035 0.993 1.000 
0.013 0.995 0.039 0.990 1.000 
0.012 0.997 0.030 0.993 0.988 
0.021 0.994 0.038 0.993 1.000 
0.012 0.997 0.061 0.988 1.000 
0.021 0.994 0.043 0.993 1.000 
0.021 0.993 0.030 0.993 0.966 
0.014 0.996 0.028 0.993 0.994 
0.028 0.991 0.031 0.993 0.708 
0.022 0.993 0.044 0.993 0.988 
0.010 0.997 0.081 0.988 1.000 
0.027 0.994 0.047 0.993 1.000 
0.023 0.994 0.037 0.988 0.997 
0.019 0.994 0.030 0.993 0.997 
0.013 0.998 0.055 0.990 0.988 
0.011 0.997 0.033 0.993 0.994 
0.019 0.995 0.033 0.993 1.000 
0.018 0.995 0.053 0.990 0.997 
0.020 0.993 0.055 0.990 0.972 
0.014 0.997 0.031 0.993 0.991 
0.034 0.992 0.081 0.990 1.000 
0.044 0.992 0.083 0.990 0.994 
0.031 0.991 0.057 0.990 0.997 
0.020 0.994 0.028 0.993 0.904 
0.014 0.996 0.097 0.990 1.000 
0.022 0.996 0.043 0.990 1.000 
0.011 0.995 0.146 0.990 1.000 
0.013 0.996 0.041 0.990 0.994 
0.011 0.997 0.036 0.993 1.000 
0.016 0.994 0.037 0.993 1.000 
0.014 0.994 0.045 0.990 1.000 
0.018 0.995 0.026 0.995 0.935 
0.023 0.994 0.034 0.993 1.000 
0.013 0.994 0.055 0.993 0.984 
0.015 0.996 0.047 0.990 1.000 
0.012 0.997 0.050 0.990 0.991 
0.034 0.995 0.049 0.993 1.000 
0.025 0.991 0.040 0.985 1.000 
0.021 0.995 0.045 0.990 0.994 
0.024 0.994 0.033 0.990 0.997 
0.022 0.996 0.031 0.993 1.000 
0.028 0.995 0.032 0.990 1.000 
0.011 0.997 0.032 0.990 1.000 
0.013 0.995 0.041 0.990 1.000 
0.008 0.997 0.028 0.993 1.000 
0.015 0.998 0.028 0.995 1.000 
0.019 0.994 0.043 0.990 1.000 
0.016 0.994 0.024 0.995 1.000 
0.007 0.997 0.032 0.990 1.000 
0.013 0.996 0.063 0.988 1.000 
0.018 0.996 0.035 0.993 1.000 
0.018 0.995 0.029 0.995 0.997 
0.017 0.995 0.040 0.990 1.000 
0.010 0.998 0.034 0.993 1.000 
0.010 0.995 0.033 0.993 0.994 
0.017 0.997 0.039 0.993 1.000 
0.020 0.994 0.042 0.993 1.000 
0.019 0.995 0.035 0.993 1.000 
0.021 0.994 0.035 0.995 0.826 
0.018 0.993 0.069 0.993 1.000 
0.025 0.997 0.041 0.993 1.000 
0.020 0.997 0.024 0.995 1.000 
0.015 0.997 0.046 0.993 0.997 
0.010 0.997 0.141 0.990 1.000 
0.018 0.995 0.025 0.993 0.997 
0.024 0.992 0.025 0.995 0.997 
0.008 0.997 0.097 0.993 0.907 
0.047 0.993 0.043 0.990 0.997 
0.026 0.994 0.060 0.975 0.997 
0.020 0.994 0.058 0.990 1.000 
0.022 0.993 0.034 0.993 1.000 
0.008 0.997 0.039 0.993 1.000 
0.014 0.996 0.039 0.990 1.000 
0.021 0.996 0.030 0.993 1.000 
0.025 0.993 0.033 0.990 0.997 
0.012 0.997 0.035 0.993 1.000 
0.010 0.997 0.034 0.993 1.000 
0.011 0.997 0.039 0.993 0.919 
0.012 0.997 0.041 0.990 1.000 
0.014 0.995 0.037 0.993 1.000 
0.014 0.994 0.088 0.995 0.801 
0.038 0.992 0.047 0.990 1.000 
0.022 0.993 0.041 0.990 0.773 
0.013 0.995 0.092 0.993 0.932 
0.024 0.995 0.037 0.990 1.000 
0.017 0.995 0.039 0.993 1.000 
0.018 0.996 0.020 0.993 0.941 
0.021 0.996 0.139 0.990 0.981 
0.024 0.995 0.101 0.990 1.000 
0.017 0.996 0.037 0.990 1.000 
0.016 0.995 0.092 0.990 1.000 
0.028 0.991 0.021 0.995 0.997 
0.016 0.995 0.127 0.990 1.000 
0.040 0.995 0.062 0.988 0.972 
0.029 0.998 0.030 0.990 0.944 
0.015 0.995 0.036 0.993 0.652 
0.011 0.995 0.046 0.990 1.000 
0.015 0.996 0.073 0.990 0.994 
0.009 0.997 0.033 0.993 0.984 
0.028 0.994 0.029 0.995 0.997 
0.014 0.996 0.039 0.993 0.997 
0.016 0.994 0.024 0.993 1.000 
0.022 0.995 0.032 0.993 0.988 
0.013 0.995 0.057 0.990 1.000 
0.015 0.995 0.034 0.993 0.988 
0.021 0.994 0.029 0.995 0.898 
0.014 0.996 0.032 0.990 0.994 
0.012 0.997 0.029 0.993 0.997 
0.005 0.997 0.028 0.990 0.997 
0.012 0.998 0.028 0.993 1.000 
0.013 0.997 0.050 0.990 1.000 
0.020 0.994 0.033 0.993 0.953 
0.011 0.997 0.102 0.993 0.997 
0.023 0.995 0.035 0.993 1.000 
0.019 0.995 0.046 0.985 1.000 
0.022 0.993 0.038 0.990 1.000 
0.010 0.998 0.058 0.993 1.000 
0.019 0.995 0.036 0.990 1.000 
0.016 0.995 0.071 0.993 1.000 
0.018 0.997 0.066 0.990 1.000 
0.015 0.995 0.080 0.993 1.000 
0.011 0.997 0.051 0.990 1.000 
0.026 0.993 0.043 0.990 0.957 
0.020 0.995 0.024 0.993 0.975 
0.011 0.996 0.032 0.990 1.000 
0.012 0.997 0.032 0.993 1.000 
0.011 0.997 0.028 0.993 1.000 
0.018 0.994 0.031 0.993 0.997 
0.032 0.995 0.024 0.993 0.978 
0.016 0.995 0.033 0.993 1.000 
0.013 0.994 0.026 0.995 0.904 
0.012 0.995 0.022 0.995 0.997 
0.011 0.996 0.020 0.993 1.000 
0.020 0.995 0.032 0.990 1.000 
0.023 0.995 0.031 0.993 1.000 
0.014 0.997 0.034 0.993 1.000 
0.012 0.997 0.034 0.993 1.000 
0.025 0.991 0.025 0.993 1.000 
0.010 0.996 0.031 0.993 1.000 
0.008 0.998 0.025 0.993 1.000 
0.016 0.996 0.027 0.993 1.000 
0.016 0.994 0.025 0.993 1.000 
0.008 0.998 0.030 0.993 0.978 
0.009 0.997 0.026 0.990 1.000 
0.012 0.996 0.056 0.993 1.000 
0.013 0.995 0.029 0.993 1.000 
0.016 0.993 0.043 0.993 1.000 
0.010 0.996 0.104 0.993 1.000 
0.036 0.994 0.027 0.993 1.000 
0.021 0.993 0.034 0.990 1.000 
0.015 0.994 0.056 0.993 1.000 
0.013 0.995 0.036 0.993 1.000 
0.017 0.995 0.084 0.993 1.000 
0.025 0.994 0.078 0.993 1.000 
0.017 0.993 0.048 0.990 1.000 
0.015 0.995 0.039 0.993 1.000 
0.013 0.996 0.046 0.988 0.997 
0.024 0.994 0.070 0.990 0.997 
0.021 0.993 0.037 0.990 0.997 
0.014 0.995 0.026 0.995 0.966 
0.010 0.998 0.039 0.993 0.997 
0.020 0.998 0.112 0.990 0.997 
0.019 0.995 0.023 0.993 1.000 
0.020 0.996 0.027 0.993 0.991 
0.011 0.997 0.033 0.993 0.997 
0.010 0.997 0.068 0.990 1.000 
0.010 0.995 0.211 0.990 1.000 
0.014 0.995 0.039 0.990 0.997 
0.013 0.997 0.043 0.993 0.994 
0.036 0.990 0.031 0.988 0.988 
0.018 0.993 0.027 0.993 1.000 
0.010 0.997 0.025 0.993 1.000 
0.020 0.994 0.024 0.995 0.932 
0.015 0.995 0.028 0.993 0.994 
0.010 0.995 0.074 0.993 1.000 
0.037 0.993 0.068 0.993 0.991 
0.014 0.997 0.077 0.993 1.000 
0.019 0.995 0.139 0.990 0.997 
0.019 0.993 0.080 0.993 0.994 
0.016 0.994 0.068 0.993 0.994 
0.024 0.995 0.041 0.993 0.885 
0.012 0.994 0.063 0.988 0.795 
0.014 0.997 0.034 0.993 0.963 
0.010 0.997 0.030 0.993 1.000 
0.027 0.994 0.031 0.993 0.997 
0.008 0.997 0.051 0.993 0.997 
0.005 0.998 0.027 0.995 1.000 
0.019 0.995 0.032 0.993 0.953 
0.013 0.995 0.028 0.993 1.000 
0.033 0.993 0.028 0.990 1.000 
0.033 0.992 0.021 0.993 0.984 
0.017 0.995 0.021 0.995 0.994 
0.015 0.995 0.022 0.995 0.957 
0.022 0.994 0.022 0.995 0.994 
0.012 0.996 0.033 0.993 1.000 
0.019 0.997 0.022 0.993 0.997 
0.025 0.991 0.021 0.993 0.997 
0.016 0.994 0.025 0.993 1.000 
0.009 0.997 0.022 0.995 0.997 
0.039 0.991 0.035 0.990 0.981 
0.016 0.995 0.023 0.993 0.997 
0.008 0.997 0.024 0.993 1.000 
0.015 0.996 0.028 0.993 0.978 
0.011 0.997 0.024 0.995 1.000 
0.019 0.995 0.026 0.990 1.000 
0.020 0.994 0.027 0.993 0.997 
0.022 0.994 0.026 0.990 0.991 
0.007 0.997 0.031 0.990 0.972 
0.008 0.996 0.053 0.988 0.994 
0.018 0.995 0.081 0.990 0.984 
0.014 0.997 0.065 0.993 0.994 
0.029 0.994 0.119 0.990 0.981 
0.016 0.994 0.091 0.990 1.000 
0.012 0.998 0.340 0.985 1.000 
0.021 0.994 0.027 0.990 1.000 
0.010 0.997 0.025 0.993 1.000 
0.023 0.993 0.026 0.995 0.944 
0.015 0.994 0.027 0.993 0.997 
0.011 0.997 0.036 0.985 0.997 
0.016 0.998 0.033 0.993 1.000 
0.023 0.994 0.021 0.993 0.991 
0.009 0.998 0.102 0.990 0.997 
0.009 0.998 0.045 0.993 1.000 
0.034 0.994 0.026 0.995 0.587 
0.015 0.993 0.033 0.990 1.000 
0.017 0.993 0.050 0.993 1.000 
0.014 0.997 0.035 0.990 0.997 
0.032 0.993 0.023 0.995 1.000 
0.007 0.999 0.044 0.993 1.000 
0.022 0.995 0.061 0.993 1.000 
0.047 0.991 0.030 0.995 0.988 
0.009 0.996 0.084 0.990 1.000 
0.014 0.996 0.038 0.993 1.000 
0.039 0.993 0.049 0.993 1.000 
0.015 0.993 0.068 0.990 1.000 
0.025 0.995 0.041 0.993 1.000 
0.019 0.994 0.037 0.993 1.000 
0.031 0.991 0.062 0.990 1.000 
0.016 0.995 0.046 0.990 1.000 
0.014 0.995 0.047 0.993 1.000 
0.016 0.996 0.028 0.993 1.000 
0.015 0.995 0.032 0.990 1.000 
0.027 0.995 0.028 0.995 1.000 
0.012 0.997 0.028 0.993 1.000 
0.020 0.995 0.036 0.993 1.000 
0.017 0.993 0.033 0.993 1.000 
0.026 0.995 0.030 0.995 0.941 
0.015 0.996 0.029 0.990 1.000 
0.019 0.995 0.040 0.993 0.997 
0.011 0.995 0.049 0.990 1.000 
0.009 0.997 0.036 0.993 1.000 
0.013 0.997 0.034 0.993 1.000 
0.009 0.995 0.070 0.973 1.000 
0.015 0.994 0.094 0.990 1.000 
0.014 0.996 0.087 0.993 1.000 
0.018 0.994 0.031 0.993 1.000 
0.013 0.997 0.032 0.993 1.000 
0.013 0.997 0.034 0.990 1.000 
0.013 0.995 0.034 0.993 1.000 
0.015 0.996 0.036 0.995 0.994 
0.013 0.994 0.048 0.995 0.997 
0.017 0.994 0.048 0.990 1.000 
0.006 0.997 0.086 0.993 1.000 
0.018 0.995 0.076 0.993 1.000 
0.026 0.993 0.053 0.985 1.000 
0.016 0.996 0.049 0.990 1.000 
0.023 0.997 0.040 0.985 1.000 
0.020 0.995 0.045 0.993 0.984 
0.018 0.995 0.074 0.990 1.000 
0.025 0.989 0.034 0.990 1.000 
0.024 0.995 0.078 0.990 1.000 
0.007 0.997 0.069 0.990 1.000 
0.032 0.996 0.043 0.993 1.000 
0.019 0.994 0.041 0.990 0.994 
0.023 0.994 0.094 0.983 0.994 
0.023 0.993 0.072 0.993 1.000 
0.013 0.995 0.126 0.990 1.000 
0.006 0.998 0.107 0.993 1.000 
0.015 0.996 0.050 0.990 1.000 
0.020 0.995 0.031 0.990 0.994 
0.016 0.994 0.062 0.990 0.981 
0.020 0.993 0.072 0.993 1.000 
0.013 0.995 0.035 0.990 0.997 
0.009 0.997 0.035 0.993 1.000 
0.020 0.994 0.090 0.990 0.997 
0.032 0.993 0.029 0.993 0.994 
0.010 0.998 0.047 0.988 0.991 
0.019 0.994 0.026 0.993 1.000 
0.023 0.992 0.027 0.993 1.000 
0.010 0.997 0.043 0.983 1.000 
0.022 0.994 0.050 0.993 1.000 
0.013 0.997 0.035 0.993 1.000 
0.010 0.997 0.073 0.993 1.000 
0.016 0.997 0.119 0.993 1.000 
0.038 0.989 0.025 0.995 1.000 
0.012 0.996 0.030 0.993 0.997 
0.014 0.995 0.049 0.990 1.000 
0.023 0.995 0.027 0.993 0.997 
0.013 0.997 0.029 0.993 0.997 
0.035 0.991 0.068 0.988 0.929 
0.015 0.995 0.034 0.990 1.000 
0.010 0.998 0.036 0.993 0.997 
0.010 0.996 0.031 0.993 1.000 
0.011 0.997 0.031 0.993 1.000 
0.020 0.995 0.030 0.993 0.994 
0.029 0.994 0.028 0.993 1.000 
0.015 0.995 0.030 0.993 1.000 
0.036 0.993 0.066 0.990 1.000 
0.023 0.993 0.035 0.993 1.000 
0.011 0.995 0.036 0.993 1.000 
0.017 0.995 0.052 0.993 1.000 
0.016 0.995 0.067 0.990 0.997 
0.015 0.994 0.048 0.995 0.984 
0.025 0.994 0.027 0.993 1.000 
0.013 0.996 0.029 0.993 1.000 
0.012 0.995 0.036 0.995 0.997 
0.023 0.993 0.034 0.995 0.988 
0.014 0.995 0.025 0.993 1.000 
0.012 0.995 0.027 0.993 1.000 
0.015 0.995 0.027 0.993 1.000 
0.014 0.997 0.023 0.993 1.000 
