0.314 0.883 0.149 0.963 1.000 
0.204 0.933 0.155 0.948 0.939 
0.152 0.952 0.082 0.980 1.000 
0.133 0.959 0.125 0.955 1.000 
0.126 0.957 0.085 0.978 0.990 
0.108 0.965 0.075 0.973 1.000 
0.103 0.966 0.116 0.968 0.987 
0.089 0.975 0.081 0.975 0.990 
0.099 0.968 0.111 0.955 1.000 
0.104 0.969 0.062 0.985 1.000 
0.096 0.965 0.110 0.968 0.952 
0.069 0.977 0.080 0.970 0.581 
0.082 0.975 0.092 0.965 0.994 
0.084 0.972 0.067 0.988 0.997 
0.083 0.973 0.091 0.963 0.858 
0.078 0.977 0.080 0.973 0.884 
0.062 0.979 0.070 0.978 0.997 
0.074 0.980 0.070 0.990 1.000 
0.072 0.977 0.058 0.988 1.000 
0.064 0.979 0.052 0.985 0.994 
0.058 0.983 0.083 0.983 0.994 
0.056 0.985 0.080 0.970 0.971 
0.057 0.985 0.052 0.985 1.000 
0.073 0.976 0.057 0.988 0.987 
0.076 0.977 0.067 0.980 1.000 
0.047 0.985 0.051 0.985 1.000 
0.054 0.982 0.052 0.983 1.000 
0.056 0.986 0.070 0.975 0.968 
0.050 0.984 0.063 0.985 0.997 
0.062 0.977 0.065 0.980 1.000 
0.061 0.987 0.098 0.963 0.981 
0.054 0.984 0.068 0.973 1.000 
0.045 0.986 0.048 0.985 1.000 
0.056 0.982 0.091 0.968 1.000 
0.049 0.987 0.091 0.968 1.000 
0.051 0.980 0.039 0.988 0.994 
0.061 0.983 0.060 0.975 0.977 
0.054 0.986 0.103 0.963 0.003 
0.050 0.988 0.043 0.988 0.968 
0.049 0.986 0.042 0.988 0.984 
0.037 0.990 0.036 0.988 0.994 
0.061 0.979 0.097 0.958 1.000 
0.035 0.990 0.073 0.970 0.981 
0.056 0.983 0.048 0.975 1.000 
0.056 0.983 0.083 0.968 0.935 
0.043 0.990 0.052 0.990 1.000 
0.033 0.992 0.075 0.973 1.000 
0.052 0.984 0.049 0.988 1.000 
0.035 0.992 0.040 0.993 0.994 
0.046 0.989 0.048 0.985 0.984 
0.058 0.983 0.042 0.993 0.939 
0.026 0.992 0.040 0.990 1.000 
0.052 0.985 0.043 0.988 1.000 
0.047 0.984 0.060 0.970 1.000 
0.040 0.989 0.037 0.993 0.990 
0.044 0.986 0.075 0.970 1.000 
0.037 0.990 0.057 0.978 1.000 
0.044 0.984 0.036 0.993 0.990 
0.040 0.989 0.063 0.973 0.974 
0.038 0.989 0.041 0.993 1.000 
0.033 0.990 0.081 0.970 1.000 
0.041 0.989 0.047 0.988 0.945 
0.028 0.993 0.065 0.975 0.987 
0.040 0.989 0.052 0.980 1.000 
0.032 0.991 0.043 0.993 0.981 
0.040 0.988 0.039 0.993 1.000 
0.045 0.989 0.077 0.973 0.994 
0.048 0.987 0.040 0.993 1.000 
0.034 0.992 0.038 0.993 1.000 
0.027 0.993 0.040 0.990 1.000 
0.045 0.988 0.087 0.965 0.913 
0.038 0.987 0.057 0.980 0.890 
0.031 0.992 0.048 0.985 0.984 
0.044 0.990 0.040 0.993 0.990 
0.030 0.995 0.083 0.968 0.906 
0.035 0.989 0.063 0.973 1.000 
0.038 0.988 0.060 0.973 1.000 
0.030 0.991 0.055 0.978 1.000 
0.034 0.991 0.078 0.973 0.874 
0.036 0.990 0.036 0.993 0.997 
0.038 0.991 0.075 0.973 0.987 
0.033 0.991 0.091 0.968 1.000 
0.033 0.991 0.045 0.985 1.000 
0.032 0.991 0.059 0.978 1.000 
0.034 0.989 0.041 0.990 1.000 
0.048 0.989 0.057 0.975 0.997 
0.038 0.985 0.069 0.973 0.990 
0.028 0.990 0.083 0.965 0.997 
0.033 0.990 0.040 0.988 1.000 
0.034 0.989 0.043 0.988 0.926 
0.042 0.985 0.050 0.985 0.074 
0.032 0.992 0.077 0.970 0.990 
0.039 0.991 0.058 0.985 0.994 
0.037 0.988 0.091 0.968 0.939 
0.032 0.991 0.071 0.973 0.819 
0.033 0.990 0.035 0.993 1.000 
0.034 0.989 0.043 0.990 0.961 
0.035 0.990 0.076 0.970 0.945 
0.030 0.989 0.085 0.960 1.000 
0.032 0.992 0.036 0.988 1.000 
0.035 0.988 0.050 0.985 0.977 
0.034 0.992 0.045 0.985 0.794 
0.041 0.988 0.061 0.980 0.823 
0.037 0.990 0.051 0.980 0.777 
0.029 0.991 0.055 0.978 1.000 
0.035 0.990 0.066 0.970 0.994 
0.026 0.995 0.042 0.988 0.939 
0.023 0.993 0.033 0.990 0.984 
0.027 0.993 0.040 0.988 0.787 
0.034 0.992 0.082 0.973 0.945 
0.033 0.990 0.036 0.993 0.997 
0.039 0.989 0.121 0.960 0.990 
0.029 0.992 0.031 0.993 1.000 
0.026 0.991 0.114 0.968 0.990 
0.028 0.992 0.035 0.990 0.832 
0.037 0.989 0.038 0.993 0.984 
0.026 0.993 0.034 0.993 0.848 
0.044 0.988 0.055 0.978 0.974 
0.019 0.996 0.080 0.965 1.000 
0.029 0.992 0.050 0.980 0.765 
0.036 0.991 0.031 0.993 0.987 
0.029 0.991 0.071 0.970 0.997 
0.024 0.993 0.064 0.975 0.939 
0.025 0.993 0.049 0.983 0.797 
0.023 0.992 0.119 0.963 0.932 
0.033 0.995 0.052 0.978 1.000 
0.025 0.994 0.081 0.970 0.984 
0.027 0.993 0.044 0.993 0.955 
0.030 0.992 0.051 0.983 0.661 
0.035 0.990 0.071 0.973 0.984 
0.026 0.995 0.077 0.968 0.926 
0.031 0.991 0.042 0.978 0.958 
0.029 0.991 0.059 0.978 0.632 
0.038 0.989 0.100 0.958 0.377 
0.032 0.989 0.039 0.993 1.000 
0.027 0.991 0.034 0.995 0.984 
0.029 0.993 0.131 0.953 0.929 
0.035 0.990 0.041 0.988 0.997 
0.020 0.995 0.068 0.978 0.974 
0.024 0.992 0.037 0.990 0.461 
0.029 0.991 0.068 0.975 1.000 
0.028 0.992 0.035 0.990 0.235 
0.028 0.992 0.043 0.985 0.187 
0.030 0.992 0.058 0.978 0.913 
0.037 0.992 0.039 0.990 0.765 
0.032 0.992 0.043 0.988 0.906 
0.024 0.995 0.062 0.983 0.968 
0.033 0.991 0.097 0.968 0.926 
0.030 0.989 0.052 0.983 0.961 
0.022 0.992 0.084 0.970 1.000 
0.023 0.994 0.026 0.995 1.000 
0.031 0.992 0.069 0.970 0.874 
0.027 0.991 0.044 0.975 1.000 
0.030 0.992 0.065 0.975 0.923 
0.024 0.992 0.036 0.993 0.910 
0.026 0.994 0.056 0.978 0.955 
0.031 0.993 0.053 0.978 0.958 
0.038 0.991 0.033 0.990 0.826 
0.033 0.989 0.050 0.983 0.832 
0.027 0.992 0.042 0.985 0.913 
0.023 0.993 0.027 0.993 0.984 
0.031 0.992 0.035 0.995 1.000 
0.030 0.992 0.038 0.985 1.000 
0.029 0.993 0.095 0.973 0.984 
0.027 0.996 0.051 0.980 1.000 
0.024 0.995 0.037 0.993 1.000 
0.026 0.992 0.067 0.975 0.981 
0.019 0.995 0.054 0.983 0.987 
0.036 0.990 0.025 0.993 0.958 
0.036 0.990 0.024 0.995 0.994 
0.029 0.992 0.044 0.988 1.000 
0.030 0.992 0.039 0.993 0.997 
0.027 0.991 0.054 0.980 1.000 
0.029 0.993 0.075 0.963 1.000 
0.021 0.995 0.105 0.965 0.819 
0.027 0.992 0.092 0.973 0.713 
0.044 0.990 0.077 0.968 0.997 
0.020 0.995 0.030 0.993 1.000 
0.021 0.995 0.064 0.970 0.997 
0.018 0.995 0.051 0.980 0.997 
0.031 0.990 0.033 0.993 1.000 
0.028 0.991 0.124 0.960 0.987 
0.020 0.994 0.047 0.988 0.997 
0.029 0.991 0.038 0.990 0.997 
0.023 0.995 0.039 0.990 0.990 
0.022 0.995 0.031 0.993 1.000 
0.030 0.992 0.034 0.990 0.997 
0.025 0.992 0.037 0.993 0.926 
0.035 0.992 0.033 0.990 1.000 
0.021 0.993 0.054 0.990 0.500 
0.026 0.992 0.056 0.978 0.368 
0.023 0.992 0.029 0.990 0.974 
0.025 0.993 0.034 0.993 0.894 
0.022 0.993 0.044 0.983 0.997 
0.030 0.990 0.030 0.993 0.816 
0.030 0.992 0.042 0.983 0.552 
0.024 0.994 0.052 0.983 0.929 
0.030 0.992 0.036 0.993 0.990 
0.021 0.995 0.055 0.975 0.768 
0.017 0.995 0.026 0.995 0.997 
0.027 0.992 0.062 0.973 0.874 
0.031 0.992 0.037 0.990 0.555 
0.024 0.995 0.033 0.990 0.419 
0.024 0.995 0.066 0.973 0.323 
0.017 0.992 0.029 0.993 0.761 
0.028 0.990 0.059 0.975 0.832 
0.020 0.993 0.075 0.970 0.706 
0.022 0.994 0.057 0.978 0.958 
0.043 0.991 0.032 0.988 0.913 
0.023 0.992 0.040 0.985 0.465 
0.032 0.989 0.051 0.975 0.835 
0.023 0.993 0.058 0.975 0.952 
0.024 0.992 0.083 0.963 0.861 
0.024 0.995 0.037 0.990 0.997 
0.037 0.991 0.057 0.980 0.610 
0.023 0.995 0.037 0.988 0.984 
0.026 0.993 0.117 0.945 0.826 
0.029 0.992 0.028 0.995 0.358 
0.019 0.996 0.127 0.953 0.784 
0.019 0.994 0.037 0.990 0.974 
0.032 0.991 0.074 0.970 0.974 
0.021 0.994 0.053 0.975 0.232 
0.024 0.991 0.030 0.990 0.932 
0.031 0.990 0.054 0.975 0.955 
0.021 0.994 0.048 0.978 0.900 
0.017 0.995 0.024 0.995 0.990 
0.025 0.995 0.139 0.953 0.784 
0.017 0.996 0.034 0.990 0.926 
0.033 0.989 0.063 0.975 0.594 
0.029 0.991 0.046 0.985 0.794 
0.020 0.995 0.038 0.988 0.977 
0.026 0.993 0.032 0.993 0.887 
0.020 0.996 0.058 0.975 0.916 
0.026 0.992 0.043 0.983 0.926 
0.025 0.993 0.072 0.968 0.981 
0.023 0.991 0.084 0.970 0.910 
0.025 0.993 0.051 0.983 0.974 
0.021 0.992 0.032 0.993 0.987 
0.022 0.994 0.034 0.993 0.994 
0.022 0.995 0.034 0.993 0.706 
0.022 0.993 0.045 0.990 0.952 
0.023 0.992 0.028 0.995 0.932 
0.019 0.997 0.042 0.985 0.881 
0.019 0.995 0.052 0.980 0.632 
0.025 0.993 0.038 0.988 0.974 
0.022 0.991 0.026 0.993 0.984 
0.027 0.994 0.058 0.978 0.939 
0.025 0.994 0.034 0.993 0.697 
0.021 0.994 0.053 0.980 0.984 
0.020 0.995 0.081 0.973 0.990 
0.024 0.991 0.033 0.993 0.935 
0.038 0.989 0.058 0.975 0.961 
0.015 0.995 0.078 0.963 1.000 
0.021 0.993 0.035 0.990 0.971 
0.020 0.993 0.043 0.988 1.000 
0.025 0.992 0.026 0.993 0.984 
0.015 0.996 0.027 0.995 1.000 
0.026 0.993 0.047 0.980 0.942 
0.023 0.994 0.028 0.993 1.000 
0.031 0.992 0.068 0.973 1.000 
0.025 0.992 0.153 0.948 0.994 
0.026 0.992 0.062 0.978 0.981 
0.013 0.995 0.095 0.970 1.000 
0.035 0.993 0.097 0.963 1.000 
0.019 0.996 0.038 0.990 1.000 
0.018 0.995 0.035 0.990 1.000 
0.019 0.995 0.061 0.980 1.000 
0.026 0.995 0.095 0.965 0.994 
0.015 0.997 0.039 0.980 1.000 
0.025 0.990 0.026 0.993 0.997 
0.029 0.995 0.057 0.978 0.981 
0.021 0.994 0.028 0.995 0.955 
0.026 0.991 0.068 0.978 0.987 
0.021 0.994 0.060 0.978 0.965 
0.021 0.996 0.033 0.993 0.148 
0.037 0.991 0.036 0.993 1.000 
0.019 0.996 0.029 0.993 0.968 
0.018 0.996 0.065 0.975 0.984 
0.022 0.994 0.053 0.975 0.994 
0.027 0.992 0.035 0.993 0.997 
0.017 0.995 0.037 0.988 1.000 
0.022 0.995 0.159 0.945 0.990 
0.019 0.993 0.028 0.995 0.990 
0.027 0.992 0.106 0.953 1.000 
0.022 0.993 0.059 0.983 0.997 
0.022 0.993 0.043 0.983 0.987 
0.023 0.993 0.053 0.988 0.971 
0.020 0.994 0.042 0.988 1.000 
0.022 0.992 0.118 0.965 0.997 
0.013 0.995 0.059 0.978 0.997 
0.018 0.995 0.065 0.978 1.000 
0.017 0.995 0.053 0.975 1.000 
0.027 0.991 0.102 0.955 1.000 
0.039 0.992 0.028 0.995 1.000 
0.021 0.994 0.077 0.968 0.997 
0.020 0.993 0.032 0.993 1.000 
0.022 0.995 0.029 0.993 1.000 
0.028 0.992 0.042 0.983 0.968 
0.030 0.992 0.064 0.970 1.000 
0.016 0.994 0.031 0.995 0.877 
0.050 0.993 0.032 0.993 1.000 
0.015 0.996 0.059 0.973 0.916 
0.026 0.993 0.097 0.963 0.997 
0.021 0.992 0.038 0.988 0.981 
0.019 0.995 0.081 0.965 0.994 
0.019 0.994 0.065 0.973 1.000 
0.015 0.995 0.073 0.975 1.000 
0.019 0.996 0.043 0.988 0.987 
0.024 0.992 0.038 0.985 0.958 
0.018 0.995 0.152 0.943 1.000 
0.028 0.994 0.109 0.965 0.903 
0.014 0.996 0.043 0.988 0.923 
0.024 0.993 0.132 0.963 0.971 
0.023 0.993 0.089 0.968 1.000 
0.015 0.996 0.081 0.973 1.000 
0.026 0.991 0.123 0.958 0.894 
0.022 0.993 0.061 0.975 1.000 
0.023 0.995 0.079 0.965 0.990 
0.045 0.991 0.051 0.980 1.000 
0.021 0.993 0.134 0.938 0.987 
0.019 0.995 0.069 0.968 0.997 
0.021 0.993 0.027 0.993 1.000 
0.022 0.992 0.029 0.993 1.000 
0.015 0.996 0.054 0.980 0.997 
0.022 0.995 0.029 0.993 0.977 
0.014 0.995 0.051 0.973 0.803 
0.020 0.997 0.034 0.993 0.981 
0.024 0.994 0.036 0.988 1.000 
0.019 0.994 0.039 0.993 0.997 
0.018 0.993 0.034 0.993 1.000 
0.017 0.995 0.032 0.990 1.000 
0.010 0.997 0.042 0.993 1.000 
0.031 0.994 0.071 0.978 1.000 
0.017 0.997 0.043 0.980 1.000 
0.017 0.995 0.098 0.963 0.994 
0.019 0.994 0.092 0.968 0.568 
0.024 0.991 0.079 0.960 0.997 
0.016 0.996 0.022 0.990 1.000 
0.023 0.994 0.045 0.983 1.000 
0.021 0.995 0.051 0.980 0.997 
0.019 0.995 0.071 0.970 1.000 
0.013 0.996 0.039 0.988 0.955 
0.031 0.993 0.179 0.945 0.955 
0.028 0.996 0.026 0.990 1.000 
0.018 0.995 0.056 0.975 0.990 
0.017 0.996 0.046 0.983 0.977 
0.015 0.997 0.032 0.988 0.958 
0.013 0.996 0.073 0.975 0.997 
0.016 0.997 0.072 0.975 0.997 
0.019 0.996 0.070 0.975 1.000 
0.028 0.993 0.037 0.993 0.994 
0.017 0.997 0.033 0.993 1.000 
0.017 0.996 0.031 0.993 1.000 
0.022 0.991 0.073 0.978 0.997 
0.019 0.992 0.039 0.988 0.997 
0.018 0.996 0.041 0.988 1.000 
0.015 0.995 0.034 0.990 1.000 
0.014 0.994 0.135 0.973 0.997 
0.031 0.993 0.042 0.983 1.000 
0.022 0.994 0.023 0.995 1.000 
0.034 0.992 0.027 0.993 1.000 
0.031 0.993 0.030 0.990 1.000 
0.013 0.996 0.037 0.990 1.000 
0.019 0.995 0.027 0.995 1.000 
0.017 0.993 0.062 0.983 1.000 
0.021 0.995 0.065 0.970 0.997 
0.017 0.997 0.053 0.980 1.000 
0.020 0.994 0.036 0.993 1.000 
0.022 0.995 0.066 0.975 1.000 
0.016 0.996 0.068 0.975 1.000 
0.019 0.994 0.057 0.978 1.000 
0.019 0.993 0.030 0.993 1.000 
0.017 0.995 0.062 0.973 1.000 
0.019 0.995 0.031 0.993 1.000 
0.026 0.995 0.034 0.993 1.000 
0.036 0.991 0.020 0.995 1.000 
0.024 0.994 0.054 0.978 0.987 
0.019 0.994 0.087 0.965 0.987 
0.028 0.993 0.146 0.940 0.990 
0.020 0.995 0.062 0.970 0.997 
0.017 0.995 0.057 0.970 1.000 
0.021 0.995 0.041 0.985 1.000 
0.020 0.993 0.051 0.983 1.000 
0.024 0.996 0.052 0.978 0.997 
0.018 0.997 0.051 0.978 0.994 
0.034 0.991 0.088 0.970 1.000 
0.007 0.997 0.049 0.990 1.000 
0.029 0.991 0.100 0.960 1.000 
0.033 0.991 0.055 0.980 1.000 
0.022 0.995 0.047 0.980 1.000 
0.014 0.996 0.026 0.993 1.000 
0.019 0.995 0.052 0.983 1.000 
0.018 0.995 0.029 0.993 1.000 
0.029 0.991 0.106 0.965 1.000 
0.011 0.996 0.064 0.978 1.000 
0.017 0.994 0.093 0.975 1.000 
0.036 0.993 0.081 0.970 1.000 
0.008 0.998 0.026 0.993 1.000 
0.018 0.996 0.042 0.983 1.000 
0.017 0.995 0.031 0.990 1.000 
0.015 0.997 0.044 0.983 1.000 
0.015 0.995 0.034 0.993 1.000 
0.015 0.995 0.061 0.978 0.997 
0.023 0.994 0.046 0.985 1.000 
0.021 0.995 0.081 0.970 1.000 
0.015 0.997 0.042 0.990 1.000 
0.015 0.995 0.040 0.990 1.000 
0.019 0.995 0.072 0.973 1.000 
0.018 0.994 0.034 0.993 1.000 
0.020 0.995 0.037 0.993 0.997 
0.016 0.993 0.042 0.985 1.000 
0.020 0.995 0.041 0.983 1.000 
0.031 0.993 0.044 0.985 1.000 
0.016 0.996 0.029 0.993 1.000 
0.018 0.994 0.025 0.993 1.000 
0.029 0.991 0.065 0.978 1.000 
0.011 0.996 0.037 0.990 1.000 
0.014 0.996 0.064 0.983 1.000 
0.019 0.993 0.050 0.980 1.000 
0.022 0.993 0.029 0.993 1.000 
0.008 0.999 0.042 0.988 1.000 
0.017 0.995 0.038 0.990 1.000 
0.021 0.996 0.052 0.975 1.000 
0.023 0.997 0.044 0.988 1.000 
0.019 0.993 0.043 0.985 1.000 
0.011 0.997 0.029 0.993 1.000 
0.019 0.993 0.135 0.955 1.000 
0.017 0.995 0.044 0.983 1.000 
0.018 0.995 0.062 0.975 1.000 
0.016 0.996 0.030 0.993 1.000 
0.025 0.994 0.040 0.988 1.000 
0.020 0.994 0.041 0.985 1.000 
0.022 0.995 0.048 0.985 1.000 
0.017 0.996 0.328 0.948 1.000 
0.026 0.995 0.057 0.980 1.000 
0.010 0.998 0.035 0.988 1.000 
0.018 0.994 0.061 0.983 1.000 
0.019 0.995 0.034 0.993 1.000 
0.013 0.997 0.021 0.993 1.000 
0.029 0.995 0.027 0.993 1.000 
0.014 0.996 0.055 0.978 1.000 
0.013 0.997 0.064 0.985 1.000 
0.015 0.997 0.036 0.988 1.000 
0.020 0.995 0.041 0.985 1.000 
0.012 0.993 0.032 0.993 1.000 
0.015 0.997 0.043 0.988 1.000 
0.013 0.997 0.032 0.993 1.000 
0.020 0.995 0.039 0.990 1.000 
0.020 0.995 0.031 0.993 1.000 
0.020 0.995 0.072 0.973 0.955 
0.011 0.996 0.134 0.973 1.000 
0.046 0.993 0.070 0.970 1.000 
0.020 0.992 0.032 0.990 1.000 
0.011 0.996 0.044 0.990 0.997 
0.014 0.997 0.035 0.993 1.000 
0.013 0.995 0.039 0.990 1.000 
0.016 0.994 0.057 0.978 1.000 
0.017 0.996 0.060 0.980 0.997 
0.017 0.995 0.029 0.993 0.990 
0.014 0.996 0.086 0.978 1.000 
0.020 0.993 0.133 0.963 1.000 
0.021 0.995 0.087 0.973 0.968 
0.033 0.992 0.029 0.993 1.000 
0.015 0.995 0.057 0.978 0.997 
0.018 0.994 0.047 0.985 1.000 
0.018 0.995 0.032 0.993 1.000 
0.027 0.993 0.026 0.993 1.000 
0.012 0.997 0.059 0.975 1.000 
0.021 0.995 0.057 0.975 1.000 
0.011 0.996 0.029 0.993 1.000 
0.017 0.997 0.079 0.958 0.994 
0.013 0.997 0.036 0.993 0.994 
0.014 0.997 0.031 0.993 0.984 
0.016 0.994 0.039 0.990 1.000 
0.015 0.996 0.055 0.988 1.000 
0.020 0.992 0.039 0.990 1.000 
0.022 0.992 0.055 0.980 1.000 
0.022 0.993 0.027 0.995 1.000 
0.016 0.993 0.055 0.980 1.000 
0.037 0.995 0.051 0.983 1.000 
0.017 0.995 0.047 0.985 1.000 
0.016 0.995 0.045 0.993 1.000 
0.021 0.994 0.044 0.983 0.997 
0.014 0.996 0.076 0.973 0.994 
0.021 0.993 0.057 0.988 0.994 
0.024 0.995 0.050 0.978 0.997 
0.017 0.995 0.047 0.990 1.000 
0.014 0.996 0.050 0.983 1.000 
0.009 0.998 0.035 0.993 1.000 
0.014 0.996 0.035 0.993 1.000 
0.018 0.997 0.055 0.980 0.613 
0.009 0.998 0.143 0.958 0.900 
0.017 0.995 0.031 0.993 0.945 
0.012 0.997 0.036 0.993 0.952 
0.025 0.994 0.050 0.975 0.987 
0.016 0.995 0.035 0.990 0.742 
0.021 0.993 0.047 0.983 0.913 
0.024 0.992 0.018 0.995 0.994 
0.014 0.997 0.033 0.990 0.977 
0.031 0.993 0.037 0.983 0.981 
0.010 0.996 0.057 0.983 1.000 
0.017 0.996 0.057 0.983 0.913 
0.016 0.995 0.066 0.985 0.761 
0.024 0.996 0.023 0.995 0.365 
0.015 0.994 0.081 0.978 0.652 
0.023 0.996 0.052 0.978 0.913 
0.018 0.993 0.083 0.973 0.777 
0.020 0.993 0.030 0.993 0.894 
0.012 0.996 0.084 0.975 0.955 
0.021 0.995 0.028 0.993 0.842 
0.020 0.992 0.048 0.978 0.829 
0.032 0.989 0.057 0.975 0.981 
0.016 0.996 0.080 0.985 0.994 
0.018 0.996 0.027 0.993 0.958 
0.016 0.994 0.025 0.993 1.000 
0.009 0.996 0.047 0.995 1.000 
0.012 0.996 0.051 0.995 1.000 
0.022 0.992 0.027 0.993 0.997 
0.019 0.994 0.044 0.993 1.000 
0.028 0.993 0.025 0.993 1.000 
0.021 0.995 0.058 0.975 0.997 
0.022 0.993 0.031 0.993 0.981 
0.018 0.995 0.085 0.973 0.939 
0.026 0.993 0.024 0.995 1.000 
0.015 0.996 0.029 0.993 0.990 
0.013 0.996 0.032 0.990 1.000 
0.017 0.997 0.046 0.983 0.958 
0.017 0.996 0.028 0.993 0.994 
0.031 0.991 0.034 0.993 0.965 
0.014 0.995 0.040 0.988 0.997 
0.013 0.996 0.090 0.968 0.968 
0.016 0.997 0.045 0.983 0.961 
0.014 0.996 0.042 0.985 0.968 
0.022 0.996 0.044 0.988 0.958 
0.017 0.996 0.051 0.993 0.994 
0.015 0.995 0.047 0.983 1.000 
0.015 0.996 0.041 0.993 1.000 
0.033 0.995 0.045 0.993 0.990 
0.027 0.992 0.034 0.988 1.000 
0.025 0.993 0.050 0.978 0.981 
0.015 0.996 0.058 0.983 1.000 
0.020 0.996 0.025 0.993 1.000 
0.016 0.996 0.035 0.990 1.000 
0.013 0.995 0.034 0.988 0.997 
0.013 0.996 0.036 0.988 1.000 
0.023 0.991 0.040 0.985 0.994 
0.016 0.996 0.057 0.988 1.000 
0.017 0.996 0.047 0.988 0.987 
0.010 0.997 0.027 0.993 1.000 
0.008 0.998 0.037 0.985 0.994 
0.064 0.992 0.061 0.995 0.929 
0.035 0.993 0.108 0.970 1.000 
0.021 0.995 0.050 0.983 1.000 
0.016 0.995 0.037 0.990 1.000 
0.013 0.997 0.034 0.988 1.000 
0.012 0.996 0.045 0.988 1.000 
0.016 0.996 0.054 0.980 1.000 
0.017 0.996 0.035 0.993 1.000 
0.021 0.995 0.038 0.988 1.000 
0.005 0.998 0.033 0.993 1.000 
0.017 0.996 0.127 0.965 1.000 
0.015 0.996 0.046 0.985 1.000 
0.014 0.996 0.050 0.985 1.000 
0.021 0.993 0.050 0.985 1.000 
0.027 0.995 0.059 0.975 1.000 
0.021 0.995 0.039 0.988 1.000 
0.020 0.995 0.054 0.990 1.000 
0.013 0.997 0.054 0.985 1.000 
0.023 0.993 0.111 0.970 1.000 
0.020 0.995 0.052 0.980 1.000 
0.016 0.996 0.039 0.990 1.000 
0.020 0.997 0.029 0.993 1.000 
0.014 0.996 0.042 0.988 0.994 
0.015 0.994 0.106 0.988 1.000 
0.036 0.995 0.054 0.990 1.000 
0.017 0.994 0.052 0.980 1.000 
0.017 0.997 0.032 0.993 1.000 
0.014 0.997 0.036 0.988 1.000 
0.016 0.996 0.024 0.995 0.984 
0.017 0.995 0.057 0.983 0.997 
0.013 0.997 0.070 0.973 1.000 
0.021 0.993 0.041 0.983 0.997 
0.018 0.995 0.084 0.968 0.706 
0.015 0.993 0.043 0.988 0.997 
0.032 0.995 0.038 0.988 1.000 
0.018 0.995 0.032 0.988 1.000 
0.014 0.996 0.028 0.993 1.000 
0.009 0.996 0.040 0.993 0.981 
0.008 0.996 0.030 0.995 0.994 
0.027 0.994 0.038 0.990 1.000 
0.023 0.994 0.068 0.973 0.923 
0.015 0.997 0.090 0.970 0.984 
0.016 0.995 0.048 0.985 1.000 
0.025 0.996 0.044 0.983 0.961 
0.034 0.993 0.041 0.990 1.000 
0.015 0.996 0.027 0.993 1.000 
0.009 0.996 0.069 0.985 1.000 
0.010 0.996 0.082 0.973 0.994 
0.015 0.997 0.062 0.980 1.000 
0.015 0.996 0.055 0.993 1.000 
0.021 0.994 0.108 0.973 1.000 
0.020 0.994 0.051 0.985 1.000 
0.009 0.996 0.037 0.993 1.000 
0.008 0.998 0.065 0.985 1.000 
0.014 0.996 0.027 0.993 1.000 
0.029 0.995 0.067 0.973 0.929 
0.016 0.995 0.033 0.993 0.990 
0.013 0.996 0.038 0.993 0.990 
0.011 0.997 0.143 0.960 0.994 
0.015 0.996 0.046 0.990 0.997 
0.011 0.997 0.051 0.990 1.000 
0.024 0.994 0.028 0.993 0.997 
0.006 0.997 0.050 0.988 0.997 
0.010 0.997 0.025 0.993 1.000 
0.019 0.995 0.039 0.990 0.997 
0.018 0.997 0.037 0.990 0.987 
0.026 0.995 0.069 0.978 0.997 
0.022 0.993 0.033 0.993 0.981 
0.019 0.997 0.032 0.993 0.971 
0.048 0.991 0.044 0.985 0.929 
0.013 0.996 0.027 0.993 0.997 
0.012 0.995 0.041 0.993 0.981 
0.015 0.995 0.036 0.993 0.997 
0.009 0.998 0.039 0.990 0.997 
0.010 0.998 0.038 0.993 0.965 
0.010 0.998 0.058 0.980 0.965 
0.015 0.996 0.040 0.988 0.997 
0.012 0.997 0.075 0.978 0.903 
0.019 0.994 0.048 0.988 0.984 
0.012 0.995 0.025 0.993 0.968 
0.007 0.998 0.029 0.993 0.984 
0.021 0.995 0.044 0.988 0.952 
0.011 0.997 0.038 0.993 1.000 
0.010 0.996 0.041 0.993 0.939 
0.013 0.996 0.061 0.980 1.000 
0.017 0.994 0.037 0.993 0.981 
0.027 0.997 0.031 0.993 0.961 
0.025 0.993 0.033 0.990 0.987 
0.013 0.996 0.061 0.980 0.997 
0.018 0.995 0.032 0.993 1.000 
0.016 0.996 0.065 0.975 0.997 
0.024 0.995 0.033 0.993 0.974 
0.013 0.997 0.044 0.988 0.997 
0.020 0.995 0.041 0.988 0.971 
0.014 0.995 0.055 0.988 0.906 
0.015 0.995 0.067 0.978 0.994 
0.013 0.996 0.045 0.988 0.971 
0.018 0.996 0.023 0.993 0.997 
0.013 0.996 0.019 0.995 0.994 
0.017 0.997 0.023 0.993 0.994 
0.014 0.995 0.033 0.988 0.997 
0.022 0.993 0.076 0.973 0.977 
0.013 0.998 0.050 0.985 0.997 
0.038 0.992 0.049 0.988 0.890 
0.012 0.997 0.045 0.988 0.961 
0.018 0.995 0.028 0.993 1.000 
0.026 0.993 0.035 0.990 1.000 
0.021 0.996 0.071 0.973 0.961 
0.008 0.997 0.030 0.990 1.000 
0.035 0.995 0.059 0.983 1.000 
0.008 0.998 0.056 0.988 0.997 
0.011 0.997 0.032 0.990 1.000 
0.015 0.995 0.097 0.973 0.997 
0.010 0.998 0.057 0.985 1.000 
0.009 0.996 0.045 0.990 0.997 
0.022 0.992 0.035 0.988 1.000 
0.015 0.995 0.044 0.990 1.000 
0.012 0.996 0.066 0.983 1.000 
0.016 0.994 0.055 0.980 0.990 
0.015 0.996 0.067 0.970 1.000 
0.009 0.998 0.064 0.978 1.000 
0.013 0.996 0.059 0.983 1.000 
0.016 0.994 0.031 0.993 1.000 
0.043 0.994 0.046 0.993 1.000 
0.016 0.995 0.059 0.990 1.000 
0.017 0.995 0.061 0.980 1.000 
0.013 0.998 0.081 0.980 1.000 
0.015 0.996 0.116 0.970 1.000 
0.013 0.996 0.105 0.975 0.997 
0.019 0.997 0.058 0.990 1.000 
0.021 0.992 0.066 0.975 0.994 
0.063 0.996 0.033 0.990 1.000 
0.009 0.997 0.032 0.990 1.000 
0.022 0.994 0.070 0.970 0.987 
0.012 0.997 0.068 0.980 1.000 
0.011 0.995 0.103 0.963 0.997 
0.014 0.996 0.044 0.985 1.000 
0.007 0.997 0.029 0.993 1.000 
0.014 0.996 0.054 0.988 0.997 
0.020 0.994 0.030 0.990 1.000 
0.014 0.995 0.027 0.993 1.000 
0.029 0.997 0.052 0.988 1.000 
0.010 0.995 0.068 0.985 0.994 
0.022 0.993 0.028 0.990 1.000 
0.014 0.995 0.055 0.973 0.994 
0.006 0.998 0.056 0.978 1.000 
0.028 0.991 0.066 0.970 1.000 
0.008 0.998 0.026 0.995 0.994 
0.012 0.997 0.034 0.990 0.990 
0.026 0.996 0.087 0.990 1.000 
0.026 0.996 0.033 0.993 1.000 
0.016 0.995 0.092 0.970 1.000 
0.018 0.995 0.053 0.978 1.000 
0.012 0.997 0.052 0.990 1.000 
0.022 0.993 0.027 0.993 1.000 
0.015 0.995 0.056 0.985 1.000 
0.016 0.994 0.057 0.980 1.000 
0.029 0.996 0.046 0.988 1.000 
0.011 0.997 0.033 0.990 1.000 
0.011 0.996 0.021 0.995 1.000 
0.007 0.998 0.054 0.990 1.000 
0.032 0.996 0.045 0.988 1.000 
0.017 0.995 0.060 0.980 1.000 
0.010 0.998 0.033 0.993 1.000 
0.019 0.994 0.066 0.980 1.000 
0.013 0.996 0.104 0.970 0.990 
0.020 0.994 0.090 0.968 0.994 
0.009 0.997 0.037 0.990 1.000 
0.012 0.997 0.048 0.990 1.000 
0.028 0.995 0.050 0.990 1.000 
0.012 0.997 0.100 0.978 1.000 
0.022 0.995 0.059 0.990 1.000 
0.013 0.995 0.026 0.995 1.000 
0.016 0.996 0.080 0.980 1.000 
0.016 0.996 0.038 0.990 1.000 
0.016 0.996 0.102 0.973 0.974 
0.014 0.997 0.033 0.990 1.000 
0.014 0.997 0.032 0.993 1.000 
0.016 0.995 0.036 0.990 0.997 
0.014 0.995 0.062 0.988 0.932 
0.012 0.998 0.097 0.975 0.994 
0.013 0.997 0.043 0.993 1.000 
0.027 0.995 0.032 0.990 0.997 
0.014 0.995 0.135 0.975 0.997 
0.017 0.995 0.072 0.978 0.990 
0.019 0.996 0.053 0.978 0.997 
0.020 0.994 0.061 0.978 1.000 
0.017 0.995 0.030 0.993 0.997 
0.017 0.995 0.053 0.983 0.997 
0.009 0.998 0.028 0.993 1.000 
0.017 0.996 0.043 0.990 0.997 
0.014 0.997 0.038 0.990 1.000 
0.020 0.995 0.039 0.993 1.000 
0.019 0.993 0.038 0.993 0.571 
0.020 0.995 0.067 0.975 0.787 
0.019 0.995 0.033 0.990 1.000 
0.016 0.996 0.092 0.970 0.997 
0.011 0.997 0.032 0.993 1.000 
0.015 0.995 0.087 0.970 0.997 
0.013 0.997 0.073 0.978 0.994 
0.020 0.993 0.078 0.960 1.000 
0.014 0.997 0.028 0.993 1.000 
0.011 0.998 0.054 0.993 1.000 
0.007 0.997 0.054 0.993 1.000 
0.016 0.993 0.063 0.993 0.997 
0.017 0.995 0.027 0.995 1.000 
0.035 0.995 0.033 0.990 0.968 
0.024 0.996 0.029 0.993 1.000 
0.024 0.993 0.036 0.993 1.000 
0.018 0.995 0.029 0.993 1.000 
0.007 0.998 0.045 0.990 0.990 
0.008 0.997 0.035 0.990 0.984 
0.011 0.997 0.027 0.995 0.994 
0.011 0.996 0.032 0.990 0.997 
0.007 0.997 0.037 0.993 1.000 
0.013 0.997 0.029 0.993 1.000 
0.004 0.999 0.046 0.993 0.997 
0.028 0.996 0.028 0.993 1.000 
0.013 0.996 0.031 0.993 0.997 
0.007 0.998 0.143 0.950 0.994 
0.029 0.996 0.051 0.988 1.000 
0.019 0.995 0.058 0.978 0.997 
0.016 0.995 0.065 0.975 0.994 
0.015 0.995 0.025 0.993 1.000 
0.011 0.997 0.037 0.990 1.000 
0.009 0.996 0.033 0.993 0.997 
0.020 0.995 0.043 0.988 1.000 
0.015 0.995 0.036 0.990 0.968 
0.017 0.995 0.061 0.990 0.877 
0.029 0.996 0.063 0.988 0.987 
0.018 0.995 0.027 0.993 0.997 
0.013 0.997 0.057 0.990 1.000 
0.009 0.998 0.045 0.990 0.997 
0.013 0.995 0.033 0.993 0.994 
0.007 0.998 0.065 0.978 1.000 
0.002 0.999 0.065 0.993 0.987 
0.015 0.995 0.021 0.993 1.000 
0.010 0.995 0.034 0.993 0.994 
0.008 0.997 0.057 0.988 0.997 
0.014 0.994 0.056 0.988 0.994 
0.015 0.996 0.148 0.950 0.981 
0.014 0.996 0.031 0.990 0.997 
0.015 0.995 0.080 0.978 0.984 
0.014 0.996 0.046 0.985 0.990 
0.010 0.997 0.091 0.975 0.987 
0.025 0.995 0.064 0.978 0.987 
0.020 0.995 0.028 0.993 0.981 
0.013 0.997 0.042 0.980 0.965 
0.015 0.993 0.036 0.993 0.923 
0.012 0.997 0.179 0.953 0.984 
0.021 0.992 0.036 0.993 0.987 
0.012 0.997 0.035 0.993 0.977 
0.014 0.994 0.036 0.993 0.842 
0.011 0.996 0.029 0.993 0.984 
0.021 0.992 0.045 0.985 0.987 
0.022 0.995 0.046 0.980 0.997 
0.012 0.995 0.031 0.993 1.000 
0.010 0.997 0.132 0.953 0.984 
0.016 0.995 0.048 0.988 0.987 
0.005 0.998 0.063 0.988 0.765 
0.013 0.996 0.052 0.990 0.990 
0.013 0.998 0.085 0.993 0.981 
0.024 0.995 0.039 0.990 0.923 
0.020 0.995 0.047 0.983 0.894 
0.033 0.992 0.085 0.973 0.935 
0.007 0.997 0.050 0.993 0.968 
0.018 0.993 0.033 0.993 0.987 
0.006 0.998 0.061 0.990 0.742 
0.016 0.996 0.036 0.993 0.990 
0.013 0.996 0.025 0.993 0.758 
0.019 0.995 0.071 0.973 0.665 
0.014 0.995 0.027 0.995 0.519 
0.010 0.996 0.035 0.993 0.813 
0.019 0.993 0.063 0.988 0.906 
0.012 0.998 0.041 0.993 0.945 
0.013 0.998 0.039 0.990 0.965 
0.009 0.997 0.079 0.988 0.974 
0.012 0.996 0.080 0.993 0.797 
0.013 0.996 0.028 0.993 0.984 
0.025 0.996 0.028 0.990 1.000 
0.032 0.996 0.035 0.993 0.987 
0.025 0.993 0.031 0.990 1.000 
0.016 0.997 0.029 0.995 0.958 
0.044 0.994 0.046 0.988 0.997 
0.015 0.996 0.048 0.983 0.977 
0.014 0.996 0.054 0.980 1.000 
0.015 0.997 0.041 0.988 0.984 
0.019 0.996 0.119 0.955 0.929 
0.019 0.993 0.062 0.978 0.558 
0.020 0.997 0.036 0.993 0.965 
0.014 0.996 0.039 0.988 0.955 
0.011 0.997 0.037 0.995 1.000 
0.035 0.997 0.052 0.985 0.984 
0.022 0.996 0.037 0.993 0.087 
0.014 0.997 0.056 0.980 0.942 
0.014 0.995 0.024 0.995 0.935 
0.018 0.993 0.023 0.995 0.703 
0.011 0.996 0.061 0.973 0.929 
0.012 0.996 0.027 0.993 0.955 
0.012 0.997 0.045 0.990 0.990 
0.011 0.997 0.044 0.985 0.994 
0.013 0.998 0.030 0.995 0.939 
0.024 0.995 0.230 0.925 0.990 
0.019 0.996 0.069 0.980 0.984 
0.013 0.996 0.026 0.995 1.000 
0.012 0.996 0.025 0.995 1.000 
0.016 0.997 0.042 0.990 0.997 
0.014 0.996 0.048 0.985 0.935 
0.036 0.994 0.056 0.993 0.581 
0.009 0.997 0.029 0.993 0.997 
0.018 0.996 0.027 0.993 1.000 
0.021 0.996 0.034 0.993 0.994 
0.010 0.998 0.034 0.993 0.994 
0.009 0.998 0.036 0.993 0.987 
0.018 0.995 0.028 0.993 0.997 
0.005 0.997 0.034 0.993 1.000 
0.010 0.997 0.047 0.988 1.000 
0.021 0.994 0.029 0.993 1.000 
0.017 0.995 0.022 0.995 1.000 
0.017 0.996 0.044 0.983 0.961 
0.016 0.995 0.048 0.975 1.000 
0.022 0.996 0.028 0.995 1.000 
0.013 0.996 0.034 0.988 0.997 
0.008 0.997 0.038 0.990 0.984 
0.012 0.996 0.044 0.990 1.000 
0.013 0.997 0.062 0.973 1.000 
0.012 0.997 0.039 0.993 1.000 
0.025 0.992 0.020 0.993 0.987 
0.032 0.996 0.054 0.970 1.000 
0.009 0.997 0.072 0.975 1.000 
0.014 0.997 0.056 0.985 0.990 
0.029 0.993 0.053 0.990 1.000 
0.009 0.998 0.051 0.975 1.000 
0.012 0.998 0.022 0.995 1.000 
0.020 0.997 0.038 0.988 0.994 
0.013 0.996 0.026 0.993 0.997 
0.012 0.997 0.032 0.990 1.000 
0.014 0.996 0.108 0.965 0.990 
0.026 0.991 0.070 0.973 0.600 
0.015 0.994 0.039 0.983 0.981 
0.017 0.997 0.022 0.995 1.000 
0.010 0.997 0.081 0.975 0.994 
0.013 0.997 0.028 0.993 0.997 
0.009 0.998 0.018 0.995 0.994 
0.016 0.995 0.027 0.993 1.000 
0.013 0.996 0.054 0.983 1.000 
0.013 0.995 0.031 0.993 1.000 
0.014 0.996 0.034 0.990 0.994 
0.021 0.995 0.026 0.993 0.974 
0.030 0.994 0.031 0.993 0.968 
0.022 0.994 0.050 0.983 0.997 
0.013 0.997 0.055 0.983 1.000 
0.020 0.995 0.023 0.993 0.997 
0.009 0.997 0.020 0.995 0.981 
0.014 0.996 0.028 0.995 1.000 
0.017 0.995 0.034 0.990 1.000 
0.062 0.992 0.039 0.988 0.981 
0.036 0.995 0.115 0.968 0.997 
0.015 0.995 0.028 0.993 1.000 
0.009 0.997 0.030 0.993 1.000 
0.017 0.996 0.036 0.988 1.000 
0.022 0.994 0.038 0.988 1.000 
0.014 0.996 0.086 0.985 0.965 
0.018 0.995 0.035 0.990 0.997 
0.012 0.996 0.043 0.988 1.000 
0.014 0.996 0.021 0.995 1.000 
0.012 0.996 0.025 0.995 0.994 
0.031 0.995 0.028 0.993 1.000 
0.009 0.998 0.056 0.975 1.000 
0.015 0.996 0.063 0.970 1.000 
0.018 0.996 0.076 0.973 0.994 
0.013 0.995 0.047 0.983 1.000 
0.005 0.998 0.022 0.995 1.000 
0.016 0.996 0.109 0.955 0.997 
0.012 0.997 0.026 0.993 1.000 
0.006 0.998 0.019 0.995 1.000 
0.018 0.994 0.034 0.990 1.000 
0.014 0.996 0.044 0.988 0.981 
0.025 0.996 0.170 0.975 0.997 
0.025 0.996 0.084 0.968 0.997 
0.019 0.996 0.089 0.965 1.000 
0.017 0.996 0.081 0.968 1.000 
0.009 0.997 0.099 0.970 0.997 
0.012 0.997 0.062 0.985 0.997 
0.014 0.995 0.102 0.988 1.000 
0.016 0.995 0.046 0.985 0.997 
0.028 0.997 0.031 0.993 0.948 
0.016 0.996 0.046 0.988 0.997 
0.022 0.996 0.040 0.990 1.000 
0.017 0.995 0.042 0.983 1.000 
0.020 0.994 0.113 0.960 0.974 
0.015 0.995 0.045 0.983 0.997 
0.014 0.997 0.039 0.988 1.000 
0.013 0.997 0.028 0.995 1.000 
0.014 0.996 0.127 0.950 0.997 
0.016 0.993 0.037 0.990 0.981 
0.027 0.995 0.047 0.988 0.971 
0.014 0.997 0.042 0.985 0.994 
0.011 0.998 0.075 0.985 0.965 
0.014 0.998 0.037 0.990 0.987 
0.008 0.998 0.125 0.955 0.990 
0.011 0.998 0.046 0.978 0.935 
0.023 0.992 0.096 0.993 0.761 
0.017 0.996 0.030 0.995 1.000 
0.021 0.993 0.098 0.953 0.948 
0.014 0.995 0.100 0.968 0.984 
0.013 0.995 0.037 0.990 0.990 
0.011 0.997 0.119 0.978 0.990 
0.002 0.999 0.084 0.988 1.000 
0.014 0.997 0.027 0.995 1.000 
0.016 0.996 0.030 0.995 1.000 
0.020 0.993 0.066 0.975 0.997 
0.008 0.997 0.038 0.988 0.994 
0.007 0.998 0.139 0.953 0.971 
0.008 0.998 0.026 0.995 1.000 
0.013 0.996 0.026 0.995 0.994 
0.008 0.997 0.036 0.993 0.994 
0.024 0.993 0.033 0.993 0.997 
0.010 0.998 0.043 0.988 0.971 
0.011 0.997 0.041 0.993 0.977 
0.019 0.994 0.074 0.973 0.997 
0.019 0.994 0.042 0.988 0.974 
0.017 0.995 0.047 0.985 0.977 
0.012 0.996 0.045 0.985 1.000 
0.009 0.998 0.185 0.938 0.997 
0.037 0.996 0.043 0.985 1.000 
0.010 0.997 0.034 0.993 1.000 
0.019 0.995 0.051 0.983 0.997 
0.021 0.994 0.043 0.990 1.000 
0.013 0.997 0.038 0.990 1.000 
0.009 0.998 0.101 0.973 1.000 
0.020 0.996 0.044 0.988 1.000 
0.010 0.996 0.060 0.978 1.000 
0.009 0.998 0.050 0.993 0.997 
0.014 0.997 0.032 0.993 1.000 
0.019 0.996 0.038 0.988 1.000 
0.018 0.996 0.067 0.975 0.977 
0.013 0.995 0.052 0.985 1.000 
0.009 0.995 0.042 0.993 1.000 
0.013 0.998 0.033 0.993 1.000 
0.019 0.995 0.038 0.993 1.000 
0.013 0.996 0.027 0.995 1.000 
0.010 0.996 0.049 0.993 0.990 
0.030 0.996 0.085 0.970 1.000 
0.012 0.995 0.077 0.970 1.000 
0.039 0.996 0.061 0.978 0.994 
0.013 0.997 0.056 0.980 1.000 
0.012 0.996 0.126 0.948 0.994 
0.011 0.997 0.059 0.978 1.000 
0.015 0.995 0.025 0.993 0.997 
