0.443 0.792 0.287 0.900 0.189 
0.324 0.855 0.217 0.912 0.340 
0.294 0.887 0.198 0.920 0.726 
0.286 0.896 0.177 0.953 0.660 
0.273 0.884 0.227 0.938 0.827 
0.251 0.903 0.243 0.902 0.692 
0.237 0.911 0.181 0.938 0.836 
0.223 0.909 0.223 0.907 0.783 
0.231 0.910 0.201 0.925 0.491 
0.228 0.906 0.216 0.938 0.912 
0.220 0.922 0.170 0.950 0.909 
0.215 0.924 0.168 0.932 0.799 
0.193 0.926 0.136 0.955 0.899 
0.192 0.929 0.148 0.950 0.899 
0.195 0.931 0.209 0.955 0.874 
0.181 0.935 0.131 0.960 0.840 
0.178 0.935 0.136 0.960 0.884 
0.159 0.943 0.121 0.960 0.881 
0.173 0.937 0.161 0.938 0.881 
0.162 0.942 0.141 0.955 0.877 
0.158 0.945 0.176 0.940 0.912 
0.171 0.941 0.157 0.943 0.931 
0.163 0.942 0.124 0.963 0.899 
0.143 0.949 0.176 0.945 0.928 
0.172 0.941 0.174 0.943 0.928 
0.140 0.953 0.186 0.935 0.956 
0.153 0.945 0.125 0.960 0.862 
0.154 0.946 0.125 0.963 0.881 
0.144 0.951 0.194 0.940 0.940 
0.131 0.955 0.135 0.963 0.890 
0.139 0.957 0.188 0.943 0.940 
0.150 0.949 0.192 0.938 0.940 
0.140 0.948 0.139 0.963 0.903 
0.139 0.951 0.149 0.950 0.928 
0.131 0.951 0.142 0.948 0.921 
0.135 0.953 0.150 0.955 0.931 
0.138 0.955 0.136 0.953 0.893 
0.148 0.951 0.195 0.938 0.943 
0.125 0.957 0.163 0.938 0.947 
0.131 0.954 0.162 0.945 0.918 
0.134 0.957 0.141 0.953 0.928 
0.136 0.950 0.138 0.955 0.899 
0.121 0.955 0.130 0.955 0.937 
0.134 0.959 0.108 0.963 0.909 
0.129 0.957 0.151 0.948 0.918 
0.131 0.957 0.233 0.920 0.962 
0.130 0.957 0.197 0.958 0.925 
0.122 0.954 0.132 0.953 0.934 
0.106 0.966 0.121 0.953 0.925 
0.111 0.964 0.160 0.938 0.943 
0.123 0.960 0.112 0.965 0.909 
0.123 0.958 0.144 0.953 0.925 
0.111 0.959 0.150 0.948 0.940 
0.123 0.958 0.110 0.955 0.937 
0.117 0.959 0.134 0.950 0.937 
0.113 0.964 0.134 0.948 0.934 
0.102 0.966 0.128 0.948 0.943 
0.124 0.956 0.184 0.940 0.956 
0.113 0.966 0.132 0.958 0.915 
0.119 0.955 0.153 0.945 0.962 
0.114 0.964 0.141 0.948 0.947 
0.102 0.965 0.146 0.950 0.931 
0.113 0.963 0.152 0.950 0.934 
0.111 0.963 0.120 0.955 0.934 
0.120 0.959 0.152 0.948 0.953 
0.115 0.954 0.126 0.950 0.921 
0.121 0.964 0.139 0.948 0.896 
0.112 0.961 0.173 0.935 0.937 
0.113 0.961 0.136 0.950 0.906 
0.103 0.968 0.123 0.950 0.928 
0.122 0.956 0.123 0.953 0.928 
0.111 0.970 0.135 0.948 0.928 
0.098 0.967 0.205 0.940 0.969 
0.108 0.964 0.158 0.940 0.947 
0.113 0.957 0.113 0.965 0.937 
0.105 0.965 0.137 0.953 0.940 
0.108 0.959 0.150 0.940 0.940 
0.105 0.970 0.104 0.968 0.890 
0.113 0.957 0.150 0.943 0.940 
0.088 0.967 0.147 0.950 0.953 
0.105 0.963 0.116 0.960 0.934 
0.103 0.961 0.120 0.955 0.906 
0.100 0.967 0.117 0.968 0.906 
0.100 0.963 0.131 0.953 0.921 
0.102 0.963 0.127 0.960 0.921 
0.121 0.959 0.130 0.958 0.874 
0.096 0.968 0.173 0.943 0.950 
0.101 0.967 0.116 0.970 0.931 
0.087 0.969 0.153 0.955 0.931 
0.109 0.965 0.177 0.945 0.937 
0.102 0.964 0.117 0.965 0.915 
0.110 0.961 0.147 0.945 0.943 
0.103 0.961 0.129 0.955 0.943 
0.097 0.971 0.144 0.960 0.925 
0.100 0.966 0.129 0.955 0.940 
0.111 0.965 0.191 0.945 0.953 
0.089 0.972 0.174 0.940 0.962 
0.087 0.969 0.101 0.973 0.915 
0.086 0.971 0.128 0.970 0.956 
0.091 0.972 0.138 0.953 0.940 
0.100 0.965 0.122 0.963 0.912 
0.081 0.973 0.146 0.945 0.943 
0.085 0.970 0.102 0.963 0.925 
0.105 0.962 0.146 0.960 0.931 
0.095 0.971 0.151 0.953 0.937 
0.098 0.966 0.152 0.950 0.943 
0.089 0.969 0.151 0.948 0.931 
0.094 0.965 0.148 0.953 0.940 
0.092 0.973 0.116 0.965 0.871 
0.100 0.968 0.207 0.938 0.956 
0.086 0.969 0.136 0.955 0.943 
0.094 0.967 0.180 0.945 0.956 
0.104 0.964 0.124 0.960 0.943 
0.088 0.970 0.168 0.958 0.950 
0.084 0.970 0.121 0.948 0.931 
0.097 0.967 0.133 0.955 0.931 
0.088 0.970 0.143 0.948 0.953 
0.098 0.963 0.176 0.940 0.947 
0.105 0.970 0.191 0.945 0.943 
0.083 0.972 0.153 0.950 0.953 
0.097 0.964 0.133 0.958 0.940 
0.103 0.966 0.151 0.948 0.950 
0.085 0.973 0.175 0.938 0.972 
0.093 0.968 0.147 0.943 0.940 
0.077 0.978 0.103 0.965 0.934 
0.084 0.972 0.144 0.950 0.937 
0.083 0.972 0.161 0.950 0.947 
0.073 0.980 0.155 0.950 0.943 
0.085 0.976 0.124 0.958 0.915 
0.085 0.971 0.162 0.958 0.947 
0.087 0.967 0.196 0.938 0.972 
0.092 0.968 0.139 0.955 0.940 
0.088 0.971 0.133 0.953 0.940 
0.085 0.968 0.148 0.953 0.956 
0.073 0.974 0.159 0.938 0.953 
0.088 0.969 0.142 0.963 0.965 
0.092 0.968 0.188 0.948 0.956 
0.074 0.976 0.119 0.963 0.928 
0.078 0.971 0.135 0.955 0.934 
0.084 0.971 0.140 0.953 0.956 
0.075 0.974 0.178 0.953 0.943 
0.076 0.975 0.162 0.945 0.953 
0.088 0.967 0.135 0.955 0.918 
0.091 0.972 0.156 0.950 0.969 
0.083 0.971 0.148 0.953 0.947 
0.075 0.977 0.184 0.945 0.962 
0.083 0.974 0.145 0.955 0.953 
0.086 0.974 0.183 0.938 0.962 
0.083 0.972 0.186 0.940 0.969 
0.081 0.971 0.201 0.958 0.953 
0.087 0.973 0.133 0.963 0.950 
0.082 0.976 0.162 0.953 0.918 
0.080 0.977 0.157 0.940 0.943 
0.091 0.970 0.116 0.960 0.934 
0.077 0.973 0.163 0.958 0.934 
0.071 0.980 0.199 0.940 0.953 
0.071 0.974 0.153 0.953 0.956 
0.075 0.979 0.122 0.955 0.937 
0.072 0.975 0.166 0.950 0.943 
0.067 0.976 0.117 0.963 0.931 
0.092 0.966 0.183 0.953 0.956 
0.084 0.972 0.180 0.960 0.934 
0.071 0.979 0.125 0.950 0.912 
0.076 0.976 0.266 0.922 0.969 
0.070 0.972 0.162 0.948 0.972 
0.065 0.979 0.139 0.958 0.934 
0.078 0.973 0.207 0.935 0.975 
0.063 0.978 0.138 0.950 0.956 
0.058 0.981 0.264 0.930 0.950 
0.072 0.973 0.145 0.955 0.953 
0.081 0.971 0.172 0.950 0.943 
0.071 0.975 0.143 0.958 0.950 
0.072 0.974 0.139 0.955 0.931 
0.072 0.978 0.152 0.950 0.947 
0.077 0.974 0.172 0.953 0.965 
0.073 0.977 0.155 0.963 0.956 
0.072 0.976 0.133 0.953 0.943 
0.077 0.975 0.158 0.953 0.975 
0.073 0.979 0.117 0.965 0.912 
0.077 0.973 0.164 0.960 0.906 
0.076 0.974 0.222 0.935 0.981 
0.075 0.978 0.179 0.945 0.953 
0.066 0.976 0.206 0.958 0.965 
0.081 0.977 0.100 0.968 0.928 
0.085 0.976 0.157 0.958 0.947 
0.084 0.973 0.174 0.950 0.943 
0.066 0.981 0.179 0.953 0.956 
0.081 0.976 0.152 0.960 0.934 
0.072 0.977 0.130 0.958 0.931 
0.082 0.976 0.172 0.955 0.947 
0.073 0.974 0.116 0.960 0.921 
0.081 0.974 0.126 0.960 0.959 
0.072 0.978 0.160 0.950 0.953 
0.069 0.977 0.147 0.953 0.947 
0.068 0.979 0.158 0.950 0.950 
0.074 0.974 0.134 0.953 0.943 
0.066 0.978 0.138 0.953 0.943 
0.067 0.971 0.174 0.953 0.950 
0.074 0.975 0.126 0.955 0.918 
0.071 0.976 0.170 0.950 0.962 
0.076 0.976 0.179 0.945 0.956 
0.076 0.977 0.152 0.955 0.940 
0.073 0.977 0.225 0.955 0.950 
0.067 0.979 0.151 0.955 0.959 
0.060 0.982 0.133 0.965 0.943 
0.084 0.972 0.174 0.955 0.943 
0.066 0.976 0.156 0.958 0.959 
0.063 0.982 0.122 0.958 0.928 
0.059 0.981 0.210 0.948 0.978 
0.080 0.973 0.161 0.953 0.956 
0.055 0.982 0.162 0.950 0.959 
0.078 0.972 0.117 0.958 0.934 
0.063 0.979 0.175 0.945 0.972 
0.058 0.978 0.148 0.938 0.934 
0.064 0.977 0.140 0.953 0.956 
0.049 0.982 0.145 0.953 0.956 
0.053 0.980 0.108 0.963 0.943 
0.081 0.977 0.138 0.958 0.934 
0.064 0.976 0.122 0.955 0.959 
0.069 0.977 0.120 0.963 0.943 
0.067 0.974 0.131 0.955 0.962 
0.066 0.979 0.123 0.945 0.912 
0.068 0.977 0.151 0.963 0.959 
0.066 0.979 0.110 0.963 0.931 
0.056 0.983 0.234 0.955 0.969 
0.075 0.972 0.132 0.958 0.959 
0.056 0.981 0.121 0.965 0.906 
0.071 0.977 0.189 0.948 0.947 
0.065 0.980 0.115 0.958 0.943 
0.074 0.975 0.114 0.965 0.909 
0.046 0.984 0.150 0.943 0.956 
0.067 0.972 0.109 0.958 0.931 
0.056 0.979 0.121 0.963 0.937 
0.066 0.978 0.261 0.932 0.972 
0.067 0.979 0.182 0.960 0.953 
0.065 0.980 0.117 0.965 0.921 
0.067 0.977 0.130 0.953 0.925 
0.056 0.984 0.175 0.955 0.950 
0.062 0.978 0.245 0.948 0.947 
0.057 0.979 0.133 0.960 0.937 
0.053 0.985 0.264 0.930 0.975 
0.068 0.976 0.124 0.960 0.918 
0.054 0.979 0.219 0.953 0.962 
0.064 0.976 0.173 0.958 0.940 
0.067 0.981 0.169 0.960 0.943 
0.054 0.982 0.161 0.955 0.950 
0.056 0.976 0.130 0.960 0.937 
0.069 0.976 0.134 0.958 0.928 
0.066 0.979 0.151 0.960 0.956 
0.059 0.975 0.157 0.958 0.937 
0.067 0.980 0.140 0.958 0.947 
0.062 0.981 0.126 0.955 0.950 
0.060 0.979 0.130 0.960 0.925 
0.058 0.983 0.177 0.958 0.953 
0.063 0.979 0.312 0.920 0.959 
0.079 0.977 0.167 0.958 0.953 
0.075 0.978 0.153 0.958 0.943 
0.062 0.978 0.179 0.943 0.956 
0.058 0.982 0.160 0.953 0.937 
0.055 0.980 0.175 0.955 0.940 
0.054 0.982 0.181 0.948 0.953 
0.070 0.973 0.140 0.953 0.950 
0.062 0.981 0.155 0.953 0.943 
0.064 0.978 0.109 0.958 0.925 
0.057 0.981 0.097 0.968 0.928 
0.066 0.979 0.128 0.963 0.940 
0.067 0.978 0.148 0.963 0.972 
0.065 0.977 0.120 0.965 0.921 
0.065 0.981 0.096 0.965 0.937 
0.064 0.978 0.127 0.960 0.943 
0.056 0.979 0.109 0.963 0.931 
0.064 0.980 0.151 0.955 0.947 
0.057 0.978 0.142 0.958 0.947 
0.058 0.979 0.127 0.965 0.934 
0.049 0.981 0.169 0.953 0.953 
0.060 0.985 0.135 0.958 0.947 
0.059 0.978 0.099 0.960 0.928 
0.069 0.978 0.133 0.955 0.940 
0.058 0.985 0.158 0.948 0.947 
0.053 0.980 0.138 0.960 0.928 
0.055 0.979 0.119 0.968 0.893 
0.074 0.974 0.133 0.963 0.937 
0.069 0.977 0.164 0.953 0.947 
0.054 0.983 0.157 0.948 0.943 
0.059 0.978 0.106 0.970 0.925 
0.058 0.979 0.152 0.953 0.937 
0.077 0.977 0.198 0.953 0.953 
0.064 0.981 0.167 0.955 0.953 
0.057 0.983 0.125 0.963 0.937 
0.062 0.982 0.119 0.963 0.934 
0.062 0.973 0.148 0.953 0.937 
0.056 0.985 0.121 0.968 0.925 
0.062 0.978 0.207 0.935 0.962 
0.065 0.978 0.183 0.943 0.965 
0.061 0.977 0.087 0.975 0.890 
0.058 0.980 0.128 0.955 0.937 
0.060 0.980 0.161 0.955 0.953 
0.065 0.978 0.182 0.943 0.959 
0.048 0.984 0.175 0.950 0.947 
0.052 0.979 0.120 0.958 0.934 
0.057 0.980 0.105 0.965 0.947 
0.059 0.977 0.119 0.955 0.950 
0.059 0.980 0.117 0.965 0.937 
0.058 0.981 0.130 0.955 0.940 
0.059 0.979 0.122 0.968 0.940 
0.064 0.981 0.123 0.963 0.931 
0.052 0.983 0.138 0.953 0.934 
0.058 0.979 0.091 0.970 0.921 
0.058 0.978 0.147 0.958 0.950 
0.051 0.981 0.118 0.958 0.937 
0.053 0.984 0.104 0.965 0.934 
0.052 0.984 0.170 0.950 0.953 
0.068 0.978 0.117 0.953 0.950 
0.070 0.978 0.130 0.955 0.956 
0.058 0.980 0.113 0.963 0.928 
0.059 0.982 0.121 0.953 0.953 
0.070 0.980 0.114 0.960 0.956 
0.060 0.981 0.155 0.955 0.940 
0.048 0.985 0.171 0.950 0.969 
0.074 0.974 0.142 0.955 0.950 
0.061 0.979 0.115 0.960 0.937 
0.050 0.982 0.140 0.963 0.943 
0.059 0.980 0.216 0.943 0.962 
0.063 0.981 0.106 0.960 0.947 
0.050 0.982 0.190 0.943 0.975 
0.060 0.980 0.298 0.927 0.975 
0.067 0.981 0.152 0.953 0.947 
0.063 0.978 0.111 0.958 0.943 
0.054 0.979 0.133 0.960 0.956 
0.050 0.982 0.120 0.960 0.953 
0.060 0.980 0.130 0.953 0.962 
0.049 0.984 0.152 0.948 0.969 
0.056 0.977 0.141 0.955 0.959 
0.063 0.978 0.129 0.963 0.950 
0.059 0.980 0.133 0.955 0.965 
0.065 0.981 0.136 0.958 0.953 
0.065 0.980 0.128 0.960 0.943 
0.053 0.982 0.114 0.960 0.925 
0.055 0.978 0.149 0.958 0.947 
0.052 0.983 0.139 0.965 0.943 
0.060 0.981 0.190 0.953 0.959 
0.058 0.984 0.160 0.958 0.943 
0.050 0.984 0.303 0.930 0.962 
0.060 0.981 0.108 0.960 0.937 
0.058 0.978 0.194 0.943 0.947 
0.055 0.982 0.120 0.953 0.950 
0.044 0.983 0.123 0.960 0.947 
0.055 0.981 0.088 0.970 0.915 
0.051 0.980 0.156 0.955 0.943 
0.050 0.981 0.231 0.940 0.991 
0.038 0.986 0.219 0.940 0.950 
0.062 0.978 0.242 0.943 0.959 
0.065 0.981 0.138 0.955 0.947 
0.051 0.981 0.143 0.958 0.940 
0.055 0.982 0.160 0.945 0.959 
0.039 0.990 0.134 0.953 0.937 
0.055 0.980 0.191 0.940 0.972 
0.052 0.982 0.205 0.945 0.953 
0.062 0.981 0.209 0.945 0.950 
0.055 0.984 0.158 0.948 0.912 
0.054 0.980 0.127 0.953 0.940 
0.054 0.980 0.166 0.943 0.947 
0.042 0.986 0.218 0.940 0.981 
0.039 0.986 0.211 0.938 0.959 
0.055 0.981 0.118 0.958 0.940 
0.064 0.982 0.183 0.953 0.947 
0.048 0.983 0.121 0.960 0.925 
0.054 0.979 0.139 0.960 0.937 
0.061 0.982 0.139 0.960 0.950 
0.054 0.978 0.143 0.953 0.940 
0.043 0.981 0.189 0.945 0.953 
0.054 0.981 0.181 0.950 0.928 
0.061 0.979 0.107 0.965 0.925 
0.049 0.985 0.202 0.945 0.978 
0.052 0.983 0.127 0.960 0.925 
0.056 0.981 0.167 0.953 0.956 
0.044 0.985 0.115 0.960 0.934 
0.061 0.980 0.157 0.958 0.965 
0.050 0.982 0.180 0.958 0.953 
0.052 0.980 0.192 0.950 0.959 
0.063 0.981 0.324 0.887 0.969 
0.039 0.988 0.138 0.953 0.947 
0.050 0.982 0.143 0.963 0.943 
0.052 0.980 0.163 0.950 0.943 
0.066 0.981 0.145 0.963 0.937 
0.052 0.982 0.199 0.948 0.947 
0.053 0.980 0.146 0.958 0.953 
0.047 0.985 0.113 0.968 0.934 
0.049 0.985 0.148 0.960 0.984 
0.058 0.980 0.154 0.958 0.959 
0.059 0.981 0.129 0.963 0.940 
0.058 0.980 0.168 0.955 0.965 
0.044 0.985 0.217 0.950 0.981 
0.058 0.983 0.208 0.950 0.965 
0.058 0.983 0.198 0.950 0.947 
0.054 0.983 0.142 0.955 0.940 
0.063 0.976 0.153 0.960 0.953 
0.048 0.979 0.110 0.960 0.934 
0.057 0.982 0.192 0.950 0.959 
0.062 0.979 0.207 0.953 0.969 
0.053 0.980 0.141 0.968 0.934 
0.056 0.985 0.181 0.953 0.962 
0.048 0.983 0.164 0.953 0.969 
0.047 0.984 0.164 0.960 0.962 
0.050 0.981 0.164 0.953 0.959 
0.055 0.977 0.136 0.960 0.940 
0.065 0.979 0.165 0.953 0.978 
0.058 0.979 0.100 0.963 0.937 
0.056 0.982 0.127 0.960 0.940 
0.052 0.981 0.136 0.960 0.943 
0.048 0.990 0.231 0.953 0.978 
0.047 0.982 0.210 0.958 0.965 
0.065 0.982 0.120 0.958 0.937 
0.054 0.982 0.133 0.973 0.909 
0.048 0.983 0.131 0.960 0.965 
0.048 0.983 0.134 0.955 0.956 
0.046 0.984 0.160 0.958 0.969 
0.053 0.982 0.176 0.953 0.962 
0.056 0.984 0.207 0.943 0.965 
0.044 0.985 0.139 0.958 0.943 
0.050 0.986 0.117 0.968 0.950 
0.053 0.980 0.103 0.968 0.956 
0.031 0.988 0.162 0.958 0.978 
0.056 0.978 0.118 0.968 0.965 
0.054 0.983 0.134 0.963 0.962 
0.049 0.981 0.185 0.938 0.969 
0.043 0.989 0.178 0.950 0.975 
0.053 0.982 0.145 0.955 0.950 
0.048 0.984 0.116 0.963 0.969 
0.048 0.984 0.194 0.943 0.978 
0.064 0.983 0.147 0.955 0.947 
0.054 0.982 0.262 0.910 0.991 
0.050 0.985 0.130 0.955 0.956 
0.048 0.983 0.096 0.973 0.947 
0.051 0.984 0.178 0.948 0.987 
0.046 0.985 0.146 0.955 0.965 
0.055 0.981 0.115 0.965 0.956 
0.054 0.983 0.189 0.950 0.981 
0.051 0.979 0.166 0.958 0.956 
0.045 0.987 0.232 0.948 0.981 
0.054 0.982 0.146 0.958 0.950 
0.046 0.987 0.148 0.960 0.956 
0.041 0.986 0.198 0.950 0.984 
0.044 0.985 0.110 0.965 0.953 
0.052 0.981 0.188 0.960 0.969 
0.058 0.980 0.226 0.948 0.965 
0.055 0.979 0.108 0.965 0.950 
0.047 0.984 0.136 0.963 0.965 
0.056 0.983 0.110 0.965 0.956 
0.057 0.982 0.148 0.960 0.959 
0.044 0.986 0.110 0.953 0.937 
0.053 0.981 0.152 0.953 0.950 
0.050 0.985 0.246 0.932 0.959 
0.040 0.984 0.346 0.935 0.972 
0.050 0.983 0.274 0.935 0.991 
0.044 0.980 0.201 0.945 0.965 
0.044 0.981 0.103 0.955 0.947 
0.040 0.986 0.114 0.963 0.943 
0.052 0.985 0.156 0.953 0.962 
0.052 0.982 0.092 0.970 0.928 
0.054 0.979 0.122 0.965 0.943 
0.051 0.981 0.104 0.970 0.959 
0.047 0.982 0.141 0.963 0.940 
0.048 0.982 0.125 0.965 0.953 
0.053 0.985 0.145 0.963 0.981 
0.054 0.983 0.103 0.965 0.969 
0.054 0.983 0.110 0.978 0.950 
0.048 0.985 0.177 0.963 0.956 
0.042 0.984 0.236 0.960 0.975 
0.048 0.983 0.165 0.955 0.969 
0.049 0.986 0.227 0.940 0.972 
0.055 0.981 0.240 0.943 0.981 
0.047 0.986 0.243 0.943 0.984 
0.050 0.984 0.151 0.958 0.953 
0.058 0.984 0.147 0.955 0.962 
0.060 0.978 0.154 0.963 0.972 
0.051 0.981 0.089 0.968 0.921 
0.047 0.985 0.073 0.970 0.934 
0.045 0.985 0.138 0.955 0.934 
0.059 0.982 0.193 0.960 0.959 
0.052 0.984 0.129 0.960 0.940 
0.050 0.983 0.123 0.958 0.940 
0.048 0.985 0.109 0.968 0.934 
0.057 0.983 0.123 0.963 0.931 
0.041 0.984 0.230 0.950 0.962 
0.057 0.983 0.130 0.960 0.959 
0.037 0.989 0.123 0.963 0.940 
0.038 0.985 0.184 0.950 0.972 
0.044 0.986 0.164 0.950 0.972 
0.045 0.985 0.173 0.950 0.978 
0.043 0.981 0.173 0.950 0.984 
0.049 0.983 0.124 0.970 0.969 
0.053 0.984 0.128 0.960 0.978 
0.054 0.982 0.166 0.955 0.962 
0.047 0.985 0.164 0.958 0.953 
0.044 0.983 0.156 0.950 0.972 
0.045 0.984 0.169 0.950 0.965 
0.035 0.990 0.182 0.960 0.975 
0.048 0.984 0.109 0.975 0.915 
0.047 0.985 0.215 0.958 0.987 
0.048 0.985 0.135 0.965 0.956 
0.045 0.988 0.137 0.963 0.943 
0.050 0.983 0.131 0.963 0.950 
0.053 0.981 0.124 0.963 0.943 
0.046 0.982 0.153 0.945 0.956 
0.047 0.985 0.151 0.950 0.965 
0.044 0.988 0.134 0.953 0.975 
0.050 0.981 0.146 0.960 0.965 
0.047 0.985 0.163 0.950 0.962 
0.048 0.983 0.139 0.960 0.950 
0.036 0.990 0.227 0.950 0.962 
0.049 0.983 0.182 0.955 0.959 
0.051 0.982 0.126 0.958 0.969 
0.044 0.984 0.105 0.965 0.915 
0.044 0.985 0.185 0.950 0.972 
0.052 0.984 0.112 0.965 0.937 
0.050 0.985 0.152 0.948 0.959 
0.046 0.984 0.175 0.950 0.965 
0.045 0.985 0.206 0.953 0.975 
0.041 0.986 0.118 0.965 0.947 
0.044 0.986 0.189 0.945 0.969 
0.056 0.982 0.147 0.963 0.934 
0.048 0.987 0.134 0.960 0.931 
0.051 0.983 0.181 0.950 0.969 
0.048 0.985 0.125 0.968 0.925 
0.051 0.980 0.126 0.963 0.934 
0.045 0.986 0.183 0.948 0.969 
0.049 0.984 0.136 0.958 0.953 
0.045 0.984 0.252 0.953 0.978 
0.065 0.981 0.152 0.955 0.962 
0.057 0.984 0.164 0.953 0.965 
0.036 0.989 0.150 0.958 0.956 
0.046 0.986 0.097 0.973 0.928 
0.049 0.984 0.084 0.973 0.918 
0.044 0.982 0.116 0.965 0.959 
0.032 0.988 0.152 0.955 0.972 
0.046 0.985 0.119 0.953 0.893 
0.050 0.983 0.128 0.963 0.943 
0.033 0.986 0.205 0.955 0.953 
0.050 0.983 0.141 0.963 0.937 
0.049 0.982 0.147 0.960 0.943 
0.048 0.987 0.152 0.965 0.937 
0.044 0.985 0.116 0.958 0.931 
0.043 0.984 0.097 0.970 0.931 
0.047 0.986 0.162 0.955 0.959 
0.047 0.984 0.178 0.950 0.950 
0.040 0.986 0.164 0.953 0.956 
0.046 0.987 0.201 0.950 0.956 
0.046 0.986 0.137 0.963 0.943 
0.041 0.986 0.149 0.955 0.950 
0.045 0.986 0.166 0.950 0.987 
0.041 0.986 0.145 0.963 0.943 
0.054 0.981 0.098 0.965 0.918 
0.052 0.982 0.152 0.955 0.956 
0.045 0.985 0.093 0.968 0.925 
0.041 0.985 0.221 0.938 0.975 
0.042 0.987 0.249 0.943 0.994 
0.034 0.989 0.150 0.958 0.943 
0.041 0.987 0.334 0.948 0.981 
0.055 0.976 0.210 0.943 0.972 
0.044 0.984 0.185 0.958 0.972 
0.052 0.982 0.127 0.963 0.940 
0.046 0.985 0.161 0.955 0.953 
0.043 0.988 0.258 0.953 0.981 
0.040 0.985 0.143 0.963 0.969 
0.056 0.982 0.168 0.955 0.965 
0.036 0.990 0.151 0.948 0.956 
0.037 0.985 0.161 0.960 0.965 
0.068 0.977 0.169 0.955 0.984 
0.037 0.985 0.150 0.958 0.981 
0.035 0.988 0.112 0.973 0.909 
0.036 0.989 0.094 0.970 0.909 
0.044 0.986 0.144 0.950 0.953 
0.048 0.985 0.172 0.955 0.947 
0.038 0.986 0.171 0.958 0.943 
0.043 0.985 0.156 0.963 0.934 
0.058 0.980 0.220 0.948 0.962 
0.039 0.985 0.246 0.943 0.981 
0.039 0.988 0.227 0.958 0.987 
0.038 0.987 0.226 0.953 0.987 
0.053 0.984 0.128 0.953 0.956 
0.044 0.986 0.122 0.955 0.956 
0.049 0.984 0.222 0.953 0.987 
0.034 0.988 0.128 0.960 0.943 
0.057 0.982 0.144 0.958 0.987 
0.044 0.986 0.110 0.965 0.925 
0.044 0.985 0.123 0.968 0.950 
0.037 0.988 0.139 0.963 0.956 
0.049 0.986 0.159 0.963 0.940 
0.052 0.981 0.201 0.960 0.956 
0.054 0.982 0.144 0.970 0.947 
0.045 0.985 0.137 0.958 0.953 
0.040 0.984 0.116 0.960 0.934 
0.035 0.986 0.109 0.960 0.934 
0.049 0.983 0.099 0.965 0.940 
0.037 0.989 0.171 0.958 0.947 
0.052 0.985 0.161 0.953 0.950 
0.046 0.984 0.155 0.955 0.947 
0.043 0.984 0.155 0.955 0.937 
0.051 0.985 0.158 0.955 0.953 
0.051 0.980 0.144 0.958 0.956 
0.042 0.984 0.108 0.960 0.934 
0.039 0.988 0.192 0.955 0.981 
0.048 0.984 0.084 0.978 0.909 
0.042 0.985 0.141 0.960 0.934 
0.043 0.986 0.150 0.953 0.956 
0.049 0.983 0.115 0.958 0.937 
0.046 0.982 0.147 0.958 0.953 
0.045 0.986 0.208 0.958 0.978 
0.047 0.986 0.144 0.960 0.965 
0.036 0.986 0.121 0.960 0.937 
0.044 0.986 0.341 0.935 0.984 
0.036 0.990 0.203 0.963 0.969 
0.046 0.983 0.208 0.955 0.969 
0.042 0.985 0.181 0.963 0.931 
0.047 0.985 0.223 0.955 0.962 
0.049 0.986 0.403 0.945 0.978 
0.039 0.986 0.329 0.953 0.969 
0.042 0.986 0.214 0.953 0.956 
0.050 0.985 0.154 0.958 0.943 
0.044 0.987 0.196 0.960 0.956 
0.047 0.981 0.173 0.963 0.978 
0.038 0.987 0.122 0.965 0.940 
0.034 0.990 0.245 0.950 0.965 
0.046 0.980 0.172 0.963 0.940 
0.039 0.989 0.153 0.970 0.940 
0.042 0.988 0.407 0.955 0.965 
0.039 0.990 0.281 0.958 0.940 
0.036 0.985 0.231 0.963 0.943 
0.046 0.986 0.250 0.955 0.947 
0.036 0.986 0.355 0.960 0.947 
0.049 0.986 0.378 0.958 0.956 
0.031 0.989 0.158 0.958 0.931 
0.047 0.981 0.112 0.958 0.931 
0.046 0.987 0.188 0.960 0.956 
0.048 0.983 0.342 0.953 0.962 
0.046 0.984 0.168 0.953 0.947 
0.047 0.986 0.170 0.960 0.943 
0.027 0.991 0.330 0.943 0.987 
0.043 0.983 0.264 0.950 0.962 
0.025 0.994 0.344 0.955 0.969 
0.047 0.983 0.193 0.963 0.940 
0.046 0.984 0.091 0.973 0.909 
0.046 0.986 0.264 0.960 0.943 
0.032 0.993 0.246 0.955 0.959 
0.057 0.984 0.164 0.948 0.959 
0.038 0.986 0.317 0.958 0.950 
0.038 0.983 0.180 0.955 0.943 
0.038 0.987 0.120 0.968 0.940 
0.058 0.985 0.378 0.927 0.981 
0.047 0.983 0.114 0.960 0.950 
0.048 0.989 0.106 0.970 0.940 
0.054 0.983 0.091 0.968 0.921 
0.043 0.983 0.154 0.953 0.965 
0.038 0.988 0.187 0.955 0.959 
0.034 0.989 0.149 0.958 0.943 
0.048 0.984 0.107 0.963 0.940 
0.027 0.989 0.202 0.950 0.965 
0.037 0.987 0.165 0.960 0.934 
0.039 0.986 0.282 0.955 0.987 
0.045 0.986 0.123 0.963 0.937 
0.051 0.982 0.145 0.968 0.931 
0.065 0.981 0.115 0.965 0.918 
0.041 0.986 0.133 0.965 0.934 
0.045 0.989 0.243 0.953 0.940 
0.057 0.984 0.260 0.943 0.978 
0.040 0.983 0.221 0.953 0.962 
0.046 0.988 0.145 0.960 0.950 
0.033 0.989 0.184 0.960 0.959 
0.042 0.985 0.100 0.963 0.934 
0.034 0.988 0.118 0.960 0.937 
0.047 0.985 0.176 0.958 0.969 
0.039 0.989 0.087 0.973 0.903 
0.054 0.982 0.248 0.958 0.978 
0.044 0.984 0.187 0.960 0.947 
0.031 0.987 0.090 0.965 0.943 
0.044 0.986 0.114 0.965 0.925 
0.051 0.984 0.166 0.965 0.925 
0.043 0.986 0.162 0.965 0.943 
0.041 0.988 0.487 0.940 0.975 
0.042 0.985 0.176 0.960 0.925 
0.042 0.989 0.250 0.965 0.931 
0.059 0.981 0.087 0.973 0.912 
0.039 0.991 0.085 0.975 0.896 
0.052 0.982 0.130 0.960 0.934 
0.059 0.984 0.131 0.955 0.950 
0.047 0.982 0.118 0.968 0.940 
0.047 0.989 0.118 0.963 0.934 
0.048 0.981 0.142 0.965 0.934 
0.032 0.988 0.110 0.968 0.931 
0.048 0.983 0.126 0.960 0.940 
0.049 0.982 0.103 0.968 0.915 
0.047 0.986 0.146 0.965 0.953 
0.045 0.984 0.121 0.965 0.934 
0.048 0.985 0.093 0.975 0.909 
0.036 0.986 0.149 0.960 0.940 
0.034 0.985 0.137 0.958 0.940 
0.048 0.985 0.113 0.963 0.921 
0.032 0.991 0.236 0.953 0.981 
0.053 0.986 0.109 0.973 0.940 
0.055 0.984 0.169 0.960 0.956 
0.041 0.984 0.120 0.963 0.937 
0.044 0.987 0.141 0.963 0.940 
0.050 0.988 0.151 0.960 0.953 
0.046 0.983 0.144 0.960 0.969 
0.029 0.989 0.139 0.963 0.969 
0.036 0.990 0.149 0.960 0.943 
0.043 0.987 0.115 0.970 0.921 
0.043 0.985 0.158 0.958 0.956 
0.039 0.984 0.139 0.958 0.959 
0.041 0.988 0.113 0.965 0.947 
0.040 0.983 0.138 0.963 0.943 
0.036 0.990 0.151 0.958 0.956 
0.040 0.989 0.122 0.963 0.947 
0.042 0.989 0.149 0.963 0.975 
0.052 0.983 0.211 0.950 0.975 
0.039 0.986 0.144 0.963 0.969 
0.050 0.983 0.183 0.955 0.975 
0.038 0.988 0.136 0.965 0.947 
0.038 0.988 0.209 0.948 0.981 
0.040 0.988 0.148 0.965 0.950 
0.038 0.986 0.190 0.953 0.947 
0.047 0.984 0.164 0.963 0.956 
0.036 0.990 0.162 0.960 0.947 
0.039 0.986 0.119 0.963 0.934 
0.029 0.990 0.153 0.960 0.962 
0.027 0.991 0.185 0.950 0.953 
0.041 0.989 0.181 0.953 0.978 
0.046 0.983 0.144 0.963 0.943 
0.042 0.990 0.133 0.960 0.937 
0.038 0.987 0.155 0.960 0.969 
0.054 0.984 0.253 0.950 0.987 
0.047 0.982 0.150 0.958 0.959 
0.053 0.985 0.176 0.955 0.956 
0.045 0.986 0.171 0.955 0.962 
0.031 0.988 0.111 0.965 0.934 
0.034 0.988 0.115 0.963 0.943 
0.041 0.988 0.154 0.955 0.962 
0.046 0.985 0.111 0.965 0.915 
0.049 0.982 0.114 0.965 0.918 
0.033 0.991 0.137 0.955 0.940 
0.030 0.989 0.175 0.955 0.950 
0.038 0.988 0.124 0.970 0.921 
0.043 0.988 0.144 0.970 0.937 
0.059 0.978 0.103 0.965 0.915 
0.035 0.990 0.086 0.975 0.918 
0.046 0.986 0.212 0.958 0.962 
0.044 0.988 0.112 0.970 0.921 
0.048 0.983 0.226 0.953 0.975 
0.035 0.990 0.236 0.955 0.962 
0.052 0.983 0.149 0.960 0.934 
0.043 0.985 0.119 0.965 0.915 
0.070 0.980 0.127 0.968 0.934 
0.030 0.990 0.254 0.955 0.950 
0.048 0.984 0.182 0.963 0.947 
0.038 0.985 0.196 0.968 0.937 
0.042 0.982 0.168 0.965 0.918 
0.033 0.986 0.109 0.965 0.912 
0.037 0.986 0.149 0.963 0.931 
0.039 0.985 0.391 0.940 0.978 
0.040 0.989 0.231 0.950 0.965 
0.045 0.986 0.153 0.963 0.947 
0.037 0.987 0.175 0.965 0.943 
0.034 0.989 0.198 0.960 0.937 
0.039 0.986 0.152 0.968 0.937 
0.048 0.981 0.214 0.950 0.965 
0.039 0.990 0.146 0.965 0.940 
0.030 0.988 0.148 0.963 0.953 
0.046 0.987 0.122 0.970 0.918 
0.050 0.983 0.092 0.973 0.921 
0.033 0.989 0.382 0.960 0.962 
0.051 0.981 0.082 0.975 0.915 
0.045 0.984 0.246 0.953 0.975 
0.037 0.989 0.180 0.945 0.969 
0.038 0.985 0.175 0.963 0.959 
0.045 0.981 0.107 0.970 0.921 
0.040 0.986 0.207 0.960 0.950 
0.045 0.988 0.289 0.953 0.978 
0.042 0.985 0.190 0.950 0.984 
0.039 0.986 0.113 0.973 0.947 
0.042 0.985 0.136 0.960 0.965 
0.040 0.984 0.116 0.965 0.947 
0.039 0.990 0.099 0.975 0.934 
0.039 0.986 0.125 0.968 0.934 
0.043 0.985 0.194 0.948 0.981 
0.025 0.990 0.213 0.958 0.950 
0.043 0.986 0.115 0.970 0.953 
0.043 0.987 0.147 0.958 0.972 
0.046 0.985 0.268 0.955 0.981 
0.029 0.990 0.183 0.955 0.969 
0.044 0.988 0.132 0.958 0.940 
0.046 0.986 0.121 0.960 0.953 
0.034 0.988 0.148 0.960 0.962 
0.039 0.989 0.137 0.960 0.940 
0.041 0.986 0.167 0.960 0.950 
0.042 0.986 0.109 0.975 0.943 
0.042 0.984 0.175 0.958 0.956 
0.046 0.986 0.130 0.970 0.937 
0.052 0.983 0.122 0.970 0.925 
0.043 0.988 0.181 0.960 0.943 
0.039 0.989 0.166 0.958 0.965 
0.041 0.984 0.119 0.965 0.947 
0.043 0.991 0.117 0.965 0.959 
0.039 0.986 0.137 0.955 0.978 
0.042 0.986 0.117 0.960 0.953 
0.046 0.985 0.099 0.970 0.940 
0.039 0.988 0.134 0.965 0.950 
0.042 0.986 0.102 0.965 0.931 
0.050 0.980 0.250 0.955 0.978 
0.039 0.986 0.195 0.963 0.962 
0.038 0.989 0.125 0.968 0.937 
0.045 0.986 0.132 0.968 0.953 
0.043 0.984 0.136 0.968 0.940 
0.048 0.985 0.129 0.965 0.956 
0.029 0.992 0.210 0.960 0.959 
0.042 0.984 0.139 0.963 0.943 
0.034 0.990 0.173 0.958 0.953 
0.040 0.987 0.105 0.965 0.947 
0.038 0.988 0.144 0.968 0.928 
0.041 0.985 0.181 0.958 0.962 
0.032 0.991 0.260 0.943 0.978 
0.049 0.984 0.188 0.968 0.918 
0.057 0.981 0.828 0.948 0.969 
0.056 0.981 0.261 0.963 0.928 
0.049 0.985 0.194 0.965 0.940 
0.037 0.986 0.116 0.968 0.921 
0.034 0.989 0.325 0.948 0.953 
0.027 0.989 0.195 0.958 0.950 
0.024 0.994 0.243 0.953 0.959 
0.042 0.986 0.449 0.958 0.931 
0.049 0.987 0.349 0.953 0.956 
0.037 0.988 0.192 0.953 0.978 
0.035 0.987 0.177 0.958 0.947 
0.044 0.984 0.215 0.958 0.937 
0.039 0.987 0.338 0.948 0.981 
0.038 0.984 0.220 0.955 0.962 
0.037 0.990 0.220 0.953 0.950 
0.033 0.990 0.479 0.948 0.969 
0.045 0.989 0.146 0.965 0.931 
0.049 0.984 0.192 0.948 0.956 
0.080 0.984 0.170 0.958 0.934 
0.036 0.991 0.244 0.958 0.947 
0.027 0.989 0.192 0.963 0.959 
0.045 0.983 0.221 0.955 0.978 
0.034 0.989 0.180 0.955 0.953 
0.037 0.990 0.163 0.958 0.943 
0.049 0.984 0.147 0.955 0.969 
0.041 0.988 0.113 0.960 0.950 
0.029 0.989 0.217 0.948 0.978 
0.045 0.988 0.142 0.965 0.931 
0.033 0.986 0.160 0.963 0.937 
0.038 0.989 0.128 0.970 0.909 
0.040 0.986 0.098 0.973 0.903 
0.042 0.987 0.106 0.968 0.915 
0.045 0.985 0.117 0.970 0.925 
0.045 0.982 0.123 0.965 0.943 
0.036 0.989 0.133 0.958 0.956 
0.041 0.988 0.211 0.950 0.962 
0.039 0.984 0.163 0.955 0.947 
0.048 0.986 0.232 0.953 0.950 
0.048 0.986 0.101 0.975 0.890 
0.038 0.986 0.115 0.960 0.937 
0.037 0.990 0.123 0.963 0.956 
0.040 0.988 0.133 0.963 0.947 
0.041 0.990 0.192 0.945 0.947 
0.042 0.985 0.134 0.955 0.953 
0.035 0.988 0.172 0.960 0.972 
0.040 0.989 0.119 0.963 0.937 
0.042 0.984 0.105 0.970 0.912 
0.026 0.993 0.109 0.968 0.921 
0.038 0.988 0.137 0.968 0.918 
0.035 0.986 0.183 0.950 0.975 
0.030 0.991 0.194 0.960 0.969 
0.047 0.986 0.084 0.983 0.912 
0.037 0.985 0.112 0.970 0.934 
0.037 0.988 0.120 0.970 0.969 
0.040 0.988 0.205 0.950 0.987 
0.044 0.987 0.113 0.963 0.965 
0.038 0.989 0.095 0.978 0.931 
0.031 0.990 0.145 0.963 0.940 
0.037 0.986 0.151 0.960 0.934 
0.041 0.984 0.131 0.955 0.953 
0.040 0.990 0.205 0.950 0.981 
0.039 0.984 0.122 0.968 0.940 
0.028 0.990 0.167 0.953 0.969 
0.046 0.986 0.187 0.960 0.972 
0.040 0.988 0.196 0.955 0.956 
0.034 0.988 0.183 0.955 0.969 
0.028 0.991 0.243 0.950 0.975 
0.039 0.989 0.083 0.978 0.925 
0.041 0.985 0.164 0.960 0.969 
0.034 0.988 0.190 0.950 0.956 
0.058 0.983 0.097 0.980 0.903 
0.043 0.985 0.116 0.965 0.918 
0.037 0.987 0.191 0.958 0.972 
0.025 0.991 0.151 0.965 0.947 
0.039 0.986 0.146 0.963 0.950 
0.032 0.989 0.144 0.960 0.940 
0.035 0.986 0.164 0.963 0.972 
0.032 0.990 0.128 0.970 0.947 
0.041 0.986 0.143 0.965 0.950 
0.038 0.985 0.454 0.953 0.972 
0.041 0.988 0.190 0.960 0.981 
0.039 0.991 0.158 0.960 0.962 
0.043 0.985 0.148 0.965 0.947 
0.041 0.990 0.201 0.968 0.943 
0.037 0.987 0.311 0.958 0.978 
0.025 0.989 0.119 0.970 0.943 
0.017 0.995 0.217 0.960 0.972 
0.041 0.987 0.166 0.960 0.947 
0.050 0.981 0.178 0.948 0.972 
0.044 0.985 0.127 0.960 0.950 
0.051 0.988 0.186 0.955 0.956 
0.045 0.986 0.116 0.973 0.953 
0.034 0.988 0.163 0.960 0.969 
0.035 0.988 0.107 0.970 0.931 
0.036 0.990 0.304 0.950 0.978 
0.043 0.986 0.108 0.965 0.925 
0.034 0.988 0.260 0.955 0.962 
0.033 0.991 0.117 0.970 0.943 
0.035 0.990 0.156 0.963 0.925 
0.039 0.988 0.118 0.968 0.937 
0.042 0.987 0.109 0.978 0.921 
0.041 0.986 0.157 0.958 0.965 
0.050 0.985 0.490 0.948 0.984 
0.051 0.988 0.268 0.945 0.987 
0.032 0.989 0.261 0.950 0.978 
0.040 0.986 0.124 0.968 0.921 
0.038 0.988 0.177 0.963 0.950 
0.038 0.987 0.129 0.960 0.937 
0.028 0.991 0.225 0.953 0.953 
0.042 0.988 0.196 0.960 0.965 
0.031 0.989 0.129 0.965 0.928 
0.055 0.989 0.195 0.958 0.956 
0.035 0.989 0.191 0.965 0.975 
0.071 0.987 0.105 0.978 0.865 
0.033 0.986 0.132 0.968 0.931 
0.027 0.991 0.217 0.958 0.972 
0.043 0.986 0.219 0.960 0.956 
0.045 0.981 0.140 0.968 0.943 
0.043 0.984 0.117 0.963 0.947 
0.032 0.991 0.092 0.968 0.921 
0.027 0.989 0.122 0.960 0.965 
0.037 0.987 0.248 0.960 0.969 
0.038 0.988 0.114 0.963 0.931 
0.036 0.989 0.114 0.963 0.943 
0.039 0.988 0.118 0.975 0.931 
0.041 0.988 0.125 0.960 0.959 
0.037 0.988 0.136 0.963 0.947 
0.053 0.992 0.081 0.983 0.903 
0.043 0.984 0.228 0.958 0.962 
0.029 0.988 0.128 0.963 0.925 
0.028 0.990 0.212 0.960 0.962 
0.039 0.985 0.143 0.960 0.956 
0.034 0.991 0.197 0.963 0.953 
0.040 0.990 0.155 0.958 0.959 
0.032 0.988 0.166 0.958 0.953 
0.039 0.988 0.135 0.965 0.950 
0.033 0.991 0.136 0.960 0.943 
0.044 0.983 0.141 0.960 0.969 
0.051 0.983 0.245 0.945 0.972 
0.035 0.989 0.233 0.940 0.984 
0.037 0.988 0.197 0.958 0.965 
0.043 0.985 0.190 0.955 0.959 
0.048 0.984 0.173 0.963 0.928 
0.042 0.988 0.312 0.958 0.969 
0.038 0.989 0.395 0.953 0.972 
0.036 0.987 0.227 0.968 0.940 
0.033 0.991 0.150 0.963 0.928 
0.039 0.990 0.207 0.963 0.940 
0.033 0.989 0.452 0.948 0.984 
0.043 0.984 0.115 0.973 0.934 
0.038 0.987 0.247 0.968 0.953 
0.040 0.986 0.132 0.968 0.921 
0.026 0.990 0.239 0.958 0.981 
0.037 0.985 0.144 0.970 0.937 
0.054 0.990 0.171 0.970 0.969 
0.034 0.989 0.123 0.970 0.925 
0.044 0.988 0.098 0.980 0.893 
0.035 0.989 0.152 0.963 0.937 
0.032 0.988 0.147 0.973 0.925 
0.045 0.987 0.142 0.968 0.940 
0.036 0.989 0.123 0.973 0.934 
0.036 0.985 0.182 0.963 0.953 
0.027 0.992 0.172 0.963 0.947 
0.038 0.988 0.213 0.968 0.947 
0.037 0.986 0.162 0.965 0.956 
0.044 0.988 0.270 0.960 0.962 
0.028 0.989 0.237 0.958 0.959 
0.032 0.987 0.145 0.963 0.940 
0.043 0.987 0.132 0.965 0.928 
0.030 0.990 0.128 0.965 0.943 
0.039 0.984 0.114 0.970 0.934 
0.027 0.991 0.189 0.953 0.984 
0.039 0.986 0.116 0.963 0.934 
0.031 0.990 0.232 0.953 0.981 
0.027 0.988 0.185 0.973 0.953 
0.040 0.987 0.150 0.970 0.943 
0.039 0.988 0.231 0.955 0.975 
0.051 0.990 0.163 0.968 0.925 
