0.358 0.855 0.178 0.943 0.042 
0.242 0.912 0.151 0.955 0.067 
0.220 0.921 0.141 0.963 0.182 
0.217 0.928 0.140 0.968 0.245 
0.188 0.932 0.166 0.945 0.052 
0.177 0.936 0.108 0.970 0.403 
0.166 0.946 0.142 0.965 0.697 
0.154 0.948 0.124 0.965 0.412 
0.173 0.937 0.141 0.950 0.321 
0.150 0.947 0.112 0.968 0.670 
0.161 0.946 0.160 0.960 0.642 
0.157 0.945 0.108 0.973 0.670 
0.138 0.953 0.094 0.973 0.758 
0.135 0.952 0.117 0.945 0.733 
0.146 0.952 0.086 0.970 0.748 
0.131 0.955 0.077 0.973 0.673 
0.148 0.955 0.120 0.960 0.652 
0.131 0.960 0.104 0.973 0.812 
0.120 0.963 0.143 0.963 0.776 
0.116 0.965 0.102 0.975 0.739 
0.124 0.960 0.079 0.988 0.721 
0.123 0.961 0.096 0.970 0.752 
0.108 0.963 0.095 0.983 0.861 
0.114 0.967 0.086 0.975 0.764 
0.125 0.958 0.115 0.980 0.839 
0.127 0.962 0.128 0.973 0.788 
0.125 0.960 0.088 0.973 0.782 
0.107 0.964 0.131 0.955 0.809 
0.116 0.960 0.067 0.985 0.821 
0.123 0.955 0.077 0.973 0.758 
0.114 0.958 0.075 0.983 0.861 
0.118 0.961 0.069 0.983 0.830 
0.122 0.960 0.136 0.973 0.882 
0.106 0.965 0.136 0.973 0.885 
0.101 0.972 0.131 0.968 0.933 
0.090 0.968 0.093 0.983 0.848 
0.109 0.969 0.124 0.948 0.648 
0.106 0.965 0.051 0.988 0.812 
0.100 0.968 0.103 0.978 0.879 
0.097 0.968 0.091 0.970 0.888 
0.108 0.965 0.079 0.983 0.818 
0.106 0.960 0.081 0.983 0.842 
0.100 0.966 0.067 0.985 0.742 
0.109 0.964 0.071 0.983 0.812 
0.087 0.972 0.086 0.983 0.800 
0.090 0.972 0.103 0.970 0.876 
0.086 0.971 0.110 0.970 0.933 
0.088 0.967 0.085 0.968 0.864 
0.090 0.972 0.075 0.980 0.836 
0.092 0.970 0.079 0.973 0.758 
0.090 0.970 0.110 0.968 0.918 
0.094 0.970 0.139 0.965 0.924 
0.093 0.971 0.092 0.980 0.873 
0.087 0.972 0.076 0.983 0.821 
0.095 0.968 0.074 0.988 0.852 
0.091 0.973 0.076 0.978 0.803 
0.092 0.974 0.082 0.985 0.827 
0.094 0.972 0.110 0.980 0.900 
0.083 0.974 0.107 0.980 0.882 
0.082 0.978 0.130 0.970 0.906 
0.083 0.971 0.094 0.985 0.861 
0.086 0.971 0.076 0.983 0.879 
0.084 0.976 0.067 0.973 0.739 
0.091 0.971 0.102 0.980 0.815 
0.084 0.974 0.083 0.983 0.891 
0.093 0.973 0.074 0.980 0.803 
0.090 0.969 0.106 0.973 0.830 
0.094 0.973 0.078 0.983 0.855 
0.077 0.977 0.089 0.980 0.894 
0.088 0.971 0.087 0.985 0.742 
0.087 0.974 0.065 0.985 0.773 
0.083 0.977 0.081 0.983 0.867 
0.083 0.974 0.115 0.973 0.921 
0.080 0.977 0.156 0.963 0.918 
0.086 0.978 0.071 0.983 0.888 
0.073 0.979 0.068 0.983 0.876 
0.080 0.976 0.093 0.980 0.876 
0.081 0.971 0.073 0.978 0.779 
0.093 0.973 0.114 0.973 0.903 
0.080 0.980 0.067 0.985 0.855 
0.082 0.974 0.082 0.983 0.870 
0.074 0.976 0.069 0.980 0.867 
0.066 0.980 0.143 0.948 0.936 
0.095 0.974 0.072 0.983 0.852 
0.072 0.977 0.105 0.975 0.885 
0.068 0.979 0.077 0.985 0.879 
0.076 0.976 0.080 0.983 0.848 
0.078 0.977 0.161 0.968 0.894 
0.083 0.974 0.077 0.980 0.885 
0.078 0.977 0.062 0.985 0.842 
0.075 0.979 0.136 0.975 0.918 
0.079 0.976 0.125 0.980 0.879 
0.091 0.973 0.083 0.973 0.700 
0.078 0.976 0.106 0.978 0.873 
0.067 0.981 0.084 0.980 0.870 
0.085 0.972 0.085 0.980 0.803 
0.075 0.979 0.068 0.988 0.845 
0.068 0.978 0.177 0.955 0.942 
0.074 0.977 0.146 0.970 0.924 
0.076 0.976 0.070 0.983 0.764 
0.076 0.977 0.073 0.983 0.855 
0.070 0.977 0.105 0.973 0.906 
0.072 0.976 0.091 0.980 0.882 
0.072 0.976 0.086 0.985 0.870 
0.066 0.979 0.091 0.980 0.873 
0.077 0.976 0.082 0.983 0.870 
0.063 0.980 0.081 0.983 0.876 
0.060 0.983 0.090 0.973 0.900 
0.075 0.980 0.091 0.980 0.894 
0.077 0.978 0.084 0.978 0.891 
0.074 0.979 0.118 0.975 0.876 
0.061 0.979 0.095 0.975 0.858 
0.077 0.980 0.110 0.970 0.912 
0.070 0.978 0.092 0.975 0.912 
0.075 0.979 0.073 0.980 0.867 
0.083 0.979 0.066 0.973 0.709 
0.070 0.978 0.062 0.983 0.867 
0.055 0.983 0.081 0.978 0.867 
0.070 0.980 0.057 0.985 0.839 
0.081 0.976 0.069 0.985 0.879 
0.080 0.977 0.108 0.973 0.861 
0.079 0.976 0.129 0.975 0.888 
0.065 0.980 0.055 0.985 0.855 
0.070 0.982 0.111 0.978 0.882 
0.074 0.976 0.077 0.983 0.873 
0.063 0.980 0.216 0.970 0.903 
0.070 0.978 0.063 0.985 0.848 
0.068 0.977 0.093 0.973 0.882 
0.068 0.979 0.091 0.978 0.876 
0.071 0.979 0.060 0.983 0.830 
0.065 0.979 0.066 0.973 0.842 
0.061 0.979 0.105 0.978 0.882 
0.067 0.982 0.135 0.975 0.897 
0.075 0.977 0.086 0.980 0.873 
0.078 0.976 0.258 0.932 0.964 
0.066 0.983 0.114 0.970 0.882 
0.067 0.980 0.070 0.983 0.845 
0.069 0.983 0.099 0.970 0.876 
0.064 0.981 0.160 0.970 0.909 
0.066 0.982 0.081 0.980 0.864 
0.063 0.981 0.099 0.980 0.867 
0.064 0.979 0.174 0.965 0.921 
0.065 0.979 0.081 0.975 0.879 
0.069 0.980 0.082 0.980 0.873 
0.050 0.984 0.066 0.983 0.870 
0.051 0.988 0.087 0.975 0.912 
0.063 0.983 0.083 0.978 0.873 
0.063 0.980 0.082 0.983 0.882 
0.058 0.983 0.094 0.983 0.885 
0.061 0.982 0.087 0.975 0.870 
0.056 0.984 0.141 0.965 0.915 
0.059 0.980 0.052 0.990 0.855 
0.078 0.978 0.109 0.973 0.909 
0.066 0.979 0.092 0.975 0.879 
0.067 0.977 0.073 0.985 0.876 
0.066 0.981 0.119 0.973 0.788 
0.066 0.980 0.099 0.978 0.891 
0.069 0.979 0.122 0.968 0.918 
0.062 0.982 0.069 0.980 0.864 
0.049 0.985 0.088 0.980 0.900 
0.065 0.978 0.071 0.980 0.845 
0.068 0.980 0.058 0.988 0.873 
0.068 0.982 0.108 0.983 0.891 
0.059 0.982 0.185 0.963 0.945 
0.062 0.981 0.088 0.978 0.900 
0.056 0.983 0.080 0.980 0.867 
0.047 0.985 0.068 0.983 0.864 
0.064 0.981 0.104 0.975 0.897 
0.057 0.982 0.119 0.970 0.912 
0.052 0.985 0.115 0.973 0.903 
0.059 0.982 0.096 0.978 0.897 
0.056 0.985 0.066 0.983 0.885 
0.059 0.985 0.078 0.983 0.873 
0.054 0.984 0.085 0.988 0.873 
0.064 0.979 0.081 0.983 0.894 
0.050 0.985 0.072 0.983 0.836 
0.061 0.983 0.081 0.983 0.864 
0.053 0.985 0.078 0.978 0.848 
0.067 0.980 0.089 0.980 0.891 
0.059 0.981 0.064 0.980 0.845 
0.049 0.984 0.057 0.985 0.852 
0.067 0.980 0.132 0.968 0.927 
0.061 0.984 0.059 0.983 0.848 
0.058 0.983 0.082 0.983 0.879 
0.057 0.985 0.058 0.980 0.852 
0.052 0.983 0.106 0.980 0.909 
0.053 0.982 0.050 0.985 0.848 
0.054 0.980 0.242 0.950 0.964 
0.071 0.985 0.105 0.983 0.858 
0.057 0.983 0.112 0.975 0.861 
0.044 0.987 0.141 0.980 0.900 
0.061 0.982 0.119 0.978 0.885 
0.054 0.984 0.129 0.975 0.909 
0.048 0.984 0.097 0.978 0.897 
0.060 0.984 0.187 0.965 0.948 
0.056 0.985 0.134 0.973 0.918 
0.047 0.985 0.069 0.985 0.879 
0.058 0.985 0.112 0.975 0.906 
0.055 0.985 0.052 0.985 0.782 
0.061 0.980 0.062 0.985 0.885 
0.055 0.985 0.067 0.985 0.867 
0.055 0.982 0.102 0.975 0.897 
0.062 0.980 0.078 0.983 0.870 
0.058 0.982 0.099 0.975 0.906 
0.056 0.981 0.101 0.975 0.915 
0.057 0.982 0.055 0.985 0.833 
0.068 0.977 0.095 0.980 0.888 
0.061 0.980 0.076 0.980 0.888 
0.043 0.986 0.091 0.983 0.906 
0.064 0.980 0.078 0.980 0.852 
0.063 0.979 0.111 0.975 0.903 
0.046 0.983 0.064 0.985 0.852 
0.047 0.986 0.179 0.958 0.936 
0.053 0.983 0.072 0.985 0.885 
0.047 0.983 0.181 0.965 0.942 
0.054 0.983 0.087 0.980 0.897 
0.057 0.986 0.081 0.983 0.882 
0.049 0.985 0.089 0.975 0.894 
0.058 0.983 0.156 0.970 0.912 
0.052 0.983 0.089 0.978 0.876 
0.052 0.983 0.083 0.985 0.861 
0.054 0.986 0.136 0.975 0.930 
0.045 0.987 0.074 0.985 0.858 
0.050 0.986 0.081 0.988 0.867 
0.049 0.985 0.203 0.975 0.921 
0.039 0.989 0.091 0.973 0.879 
0.055 0.984 0.090 0.980 0.876 
0.061 0.983 0.096 0.980 0.867 
0.058 0.980 0.110 0.975 0.903 
0.044 0.986 0.085 0.975 0.858 
0.054 0.985 0.065 0.985 0.864 
0.054 0.981 0.116 0.975 0.918 
0.057 0.983 0.067 0.980 0.873 
0.061 0.982 0.105 0.980 0.927 
0.058 0.983 0.102 0.983 0.891 
0.059 0.979 0.075 0.980 0.879 
0.055 0.981 0.076 0.983 0.888 
0.050 0.988 0.105 0.975 0.891 
0.045 0.986 0.062 0.985 0.824 
0.057 0.983 0.151 0.980 0.930 
0.060 0.979 0.114 0.975 0.924 
0.057 0.979 0.078 0.980 0.867 
0.057 0.980 0.090 0.978 0.885 
0.047 0.984 0.118 0.975 0.903 
0.045 0.985 0.074 0.983 0.845 
0.060 0.982 0.098 0.980 0.876 
0.043 0.985 0.077 0.980 0.879 
0.050 0.988 0.079 0.980 0.879 
0.053 0.980 0.172 0.968 0.939 
0.061 0.982 0.074 0.980 0.855 
0.040 0.986 0.055 0.988 0.852 
0.048 0.984 0.088 0.980 0.888 
0.051 0.980 0.056 0.980 0.833 
0.054 0.984 0.070 0.980 0.867 
0.048 0.985 0.124 0.965 0.939 
0.055 0.986 0.133 0.970 0.894 
0.049 0.987 0.159 0.970 0.927 
0.045 0.984 0.132 0.973 0.924 
0.045 0.982 0.224 0.950 0.955 
0.044 0.988 0.081 0.980 0.882 
0.036 0.989 0.082 0.983 0.909 
0.055 0.981 0.092 0.980 0.906 
0.050 0.988 0.091 0.975 0.897 
0.047 0.988 0.065 0.983 0.855 
0.047 0.985 0.141 0.968 0.927 
0.039 0.988 0.067 0.983 0.839 
0.043 0.986 0.096 0.985 0.894 
0.049 0.986 0.060 0.988 0.879 
0.042 0.986 0.085 0.978 0.894 
0.040 0.987 0.046 0.988 0.812 
0.051 0.984 0.053 0.988 0.770 
0.049 0.985 0.068 0.985 0.833 
0.053 0.985 0.117 0.973 0.930 
0.048 0.986 0.081 0.980 0.891 
0.049 0.988 0.080 0.980 0.891 
0.051 0.984 0.112 0.975 0.897 
0.064 0.980 0.080 0.983 0.882 
0.034 0.985 0.108 0.980 0.906 
0.047 0.987 0.097 0.975 0.918 
0.052 0.986 0.057 0.983 0.852 
0.054 0.980 0.090 0.975 0.906 
0.053 0.986 0.060 0.980 0.782 
0.049 0.983 0.066 0.983 0.876 
0.040 0.986 0.122 0.975 0.918 
0.057 0.982 0.059 0.988 0.861 
0.048 0.984 0.061 0.985 0.839 
0.038 0.989 0.098 0.983 0.885 
0.044 0.984 0.161 0.960 0.927 
0.039 0.987 0.075 0.983 0.867 
0.037 0.988 0.145 0.968 0.927 
0.050 0.986 0.066 0.983 0.870 
0.049 0.989 0.078 0.978 0.885 
0.051 0.983 0.134 0.973 0.927 
0.043 0.986 0.098 0.983 0.885 
0.044 0.986 0.081 0.980 0.903 
0.047 0.986 0.132 0.970 0.933 
0.046 0.986 0.071 0.988 0.894 
0.048 0.984 0.118 0.978 0.921 
0.035 0.990 0.136 0.975 0.918 
0.056 0.983 0.080 0.983 0.900 
0.048 0.985 0.092 0.980 0.909 
0.037 0.989 0.054 0.988 0.873 
0.038 0.988 0.102 0.975 0.918 
0.049 0.986 0.088 0.978 0.897 
0.041 0.986 0.265 0.927 0.936 
0.035 0.990 0.192 0.963 0.945 
0.045 0.988 0.094 0.985 0.894 
0.045 0.986 0.110 0.975 0.900 
0.048 0.984 0.085 0.980 0.879 
0.049 0.986 0.147 0.973 0.930 
0.038 0.986 0.109 0.975 0.915 
0.050 0.984 0.121 0.973 0.906 
0.034 0.988 0.091 0.980 0.897 
0.053 0.982 0.087 0.983 0.855 
0.042 0.986 0.154 0.958 0.945 
0.039 0.988 0.134 0.968 0.930 
0.040 0.986 0.063 0.983 0.852 
0.048 0.982 0.103 0.970 0.930 
0.045 0.986 0.087 0.983 0.897 
0.046 0.987 0.107 0.975 0.921 
0.039 0.988 0.076 0.988 0.882 
0.075 0.981 0.110 0.973 0.921 
0.040 0.986 0.063 0.983 0.900 
0.046 0.984 0.110 0.978 0.921 
0.049 0.988 0.093 0.978 0.909 
0.038 0.990 0.112 0.975 0.927 
0.030 0.989 0.086 0.985 0.867 
0.039 0.988 0.162 0.968 0.915 
0.044 0.986 0.128 0.973 0.900 
0.038 0.986 0.067 0.988 0.891 
0.044 0.985 0.069 0.985 0.885 
0.038 0.990 0.077 0.983 0.894 
0.036 0.987 0.048 0.988 0.858 
0.056 0.985 0.081 0.983 0.891 
0.044 0.987 0.065 0.985 0.891 
0.044 0.985 0.095 0.983 0.906 
0.055 0.985 0.078 0.985 0.876 
0.049 0.986 0.075 0.983 0.876 
0.047 0.985 0.123 0.975 0.945 
0.055 0.985 0.057 0.983 0.812 
0.044 0.985 0.048 0.985 0.712 
0.047 0.986 0.053 0.983 0.818 
0.044 0.988 0.045 0.988 0.815 
0.031 0.990 0.065 0.985 0.888 
0.040 0.989 0.113 0.968 0.942 
0.046 0.984 0.049 0.988 0.836 
0.043 0.987 0.049 0.985 0.767 
0.044 0.983 0.065 0.983 0.897 
0.060 0.983 0.056 0.985 0.870 
0.042 0.986 0.057 0.988 0.858 
0.049 0.983 0.056 0.988 0.818 
0.028 0.991 0.053 0.983 0.867 
0.042 0.986 0.103 0.970 0.912 
0.040 0.986 0.053 0.990 0.882 
0.048 0.988 0.094 0.980 0.906 
0.035 0.985 0.135 0.958 0.933 
0.039 0.986 0.054 0.985 0.876 
0.041 0.983 0.070 0.985 0.882 
0.031 0.988 0.040 0.985 0.861 
0.044 0.985 0.049 0.988 0.748 
0.036 0.989 0.079 0.983 0.906 
0.046 0.987 0.078 0.985 0.891 
0.048 0.983 0.102 0.968 0.942 
0.040 0.988 0.067 0.985 0.906 
0.045 0.987 0.091 0.978 0.927 
0.040 0.990 0.080 0.980 0.915 
0.048 0.985 0.067 0.983 0.897 
0.061 0.980 0.051 0.985 0.830 
0.041 0.985 0.038 0.985 0.858 
0.044 0.988 0.080 0.983 0.879 
0.049 0.985 0.078 0.988 0.864 
0.039 0.988 0.048 0.988 0.858 
0.045 0.983 0.052 0.988 0.852 
0.033 0.988 0.056 0.985 0.891 
0.043 0.990 0.056 0.985 0.842 
0.045 0.986 0.068 0.980 0.882 
0.044 0.986 0.081 0.983 0.903 
0.038 0.986 0.069 0.985 0.842 
0.044 0.988 0.043 0.983 0.836 
0.053 0.982 0.057 0.988 0.879 
0.045 0.982 0.064 0.988 0.879 
0.047 0.986 0.114 0.978 0.927 
0.040 0.985 0.107 0.978 0.924 
0.035 0.987 0.048 0.985 0.864 
0.041 0.986 0.061 0.985 0.852 
0.047 0.986 0.048 0.985 0.830 
0.046 0.988 0.066 0.980 0.900 
0.031 0.988 0.087 0.978 0.921 
0.033 0.990 0.054 0.990 0.867 
0.044 0.987 0.093 0.973 0.918 
0.048 0.985 0.064 0.978 0.876 
0.029 0.987 0.096 0.980 0.897 
0.037 0.988 0.090 0.978 0.930 
0.035 0.989 0.108 0.968 0.927 
0.040 0.990 0.141 0.955 0.942 
0.042 0.985 0.071 0.983 0.876 
0.054 0.985 0.100 0.975 0.930 
0.036 0.988 0.147 0.975 0.942 
0.047 0.984 0.087 0.980 0.894 
0.049 0.979 0.088 0.978 0.827 
0.044 0.988 0.116 0.975 0.909 
0.033 0.989 0.123 0.968 0.927 
0.043 0.985 0.075 0.980 0.924 
0.035 0.989 0.056 0.980 0.800 
0.048 0.984 0.053 0.988 0.806 
0.040 0.986 0.079 0.980 0.888 
0.046 0.989 0.058 0.985 0.836 
0.039 0.986 0.058 0.983 0.864 
0.044 0.986 0.054 0.988 0.606 
0.042 0.986 0.082 0.978 0.900 
0.040 0.989 0.069 0.980 0.894 
0.034 0.990 0.081 0.978 0.900 
0.040 0.989 0.048 0.983 0.824 
0.037 0.989 0.084 0.983 0.888 
0.041 0.985 0.145 0.978 0.930 
0.032 0.989 0.079 0.983 0.909 
0.047 0.985 0.083 0.983 0.897 
0.052 0.983 0.198 0.963 0.939 
0.037 0.989 0.074 0.983 0.894 
0.041 0.984 0.051 0.985 0.873 
0.027 0.992 0.109 0.978 0.900 
0.038 0.985 0.103 0.978 0.906 
0.044 0.986 0.103 0.980 0.897 
0.039 0.986 0.184 0.968 0.952 
0.036 0.989 0.131 0.980 0.906 
0.054 0.986 0.159 0.978 0.921 
0.038 0.988 0.082 0.980 0.879 
0.034 0.987 0.047 0.985 0.833 
0.037 0.988 0.053 0.983 0.794 
0.029 0.991 0.116 0.980 0.906 
0.039 0.989 0.204 0.958 0.964 
0.042 0.986 0.071 0.983 0.876 
0.039 0.988 0.102 0.978 0.906 
0.032 0.992 0.080 0.978 0.842 
0.038 0.987 0.072 0.980 0.830 
0.043 0.986 0.067 0.983 0.867 
0.049 0.988 0.052 0.985 0.858 
0.033 0.993 0.033 0.988 0.800 
0.030 0.990 0.085 0.983 0.897 
0.036 0.989 0.082 0.983 0.906 
0.051 0.985 0.067 0.975 0.794 
0.043 0.986 0.077 0.985 0.900 
0.034 0.992 0.125 0.980 0.927 
0.041 0.988 0.048 0.983 0.839 
0.035 0.987 0.071 0.985 0.861 
0.044 0.989 0.053 0.988 0.803 
0.028 0.992 0.084 0.980 0.894 
0.045 0.985 0.067 0.980 0.897 
0.038 0.986 0.083 0.980 0.906 
0.033 0.992 0.088 0.980 0.912 
0.035 0.988 0.053 0.988 0.727 
0.032 0.990 0.072 0.980 0.897 
0.043 0.986 0.130 0.980 0.936 
0.039 0.988 0.100 0.980 0.918 
0.033 0.989 0.044 0.985 0.815 
0.032 0.989 0.061 0.985 0.867 
0.037 0.990 0.085 0.983 0.915 
0.047 0.987 0.045 0.985 0.861 
0.056 0.986 0.097 0.983 0.909 
0.054 0.985 0.116 0.978 0.927 
0.030 0.990 0.143 0.973 0.948 
0.042 0.986 0.117 0.975 0.927 
0.029 0.989 0.096 0.983 0.903 
0.043 0.984 0.068 0.985 0.891 
0.051 0.986 0.083 0.983 0.903 
0.031 0.989 0.074 0.978 0.894 
0.031 0.989 0.194 0.965 0.945 
0.038 0.989 0.054 0.983 0.830 
0.026 0.991 0.076 0.980 0.903 
0.036 0.988 0.091 0.978 0.912 
0.033 0.990 0.071 0.983 0.888 
0.039 0.988 0.082 0.975 0.870 
0.044 0.987 0.127 0.978 0.924 
0.042 0.985 0.078 0.983 0.891 
0.037 0.988 0.069 0.985 0.858 
0.032 0.987 0.089 0.980 0.879 
0.038 0.988 0.077 0.980 0.894 
0.026 0.988 0.088 0.978 0.912 
0.029 0.992 0.119 0.975 0.930 
0.048 0.985 0.071 0.978 0.894 
0.041 0.986 0.063 0.983 0.891 
0.036 0.991 0.102 0.980 0.909 
0.034 0.989 0.103 0.980 0.909 
0.037 0.988 0.058 0.985 0.833 
0.025 0.989 0.086 0.985 0.909 
0.041 0.990 0.061 0.985 0.870 
0.025 0.992 0.067 0.985 0.873 
0.028 0.993 0.063 0.980 0.833 
0.034 0.989 0.092 0.980 0.909 
0.030 0.990 0.060 0.988 0.870 
0.035 0.988 0.059 0.985 0.876 
0.038 0.988 0.071 0.985 0.858 
0.032 0.992 0.092 0.983 0.918 
0.040 0.988 0.055 0.983 0.830 
0.031 0.986 0.078 0.985 0.909 
0.038 0.990 0.096 0.983 0.939 
0.046 0.989 0.050 0.988 0.870 
0.038 0.989 0.051 0.985 0.855 
0.045 0.983 0.052 0.985 0.836 
0.032 0.989 0.074 0.983 0.900 
0.034 0.990 0.068 0.983 0.873 
0.036 0.989 0.049 0.985 0.852 
0.032 0.989 0.106 0.975 0.927 
0.033 0.989 0.070 0.983 0.876 
0.041 0.988 0.061 0.988 0.855 
0.033 0.992 0.104 0.983 0.909 
0.040 0.983 0.057 0.983 0.845 
0.034 0.992 0.048 0.985 0.839 
0.045 0.989 0.053 0.988 0.839 
0.034 0.988 0.109 0.975 0.927 
0.031 0.989 0.049 0.985 0.870 
0.028 0.991 0.085 0.983 0.864 
0.042 0.988 0.062 0.985 0.812 
0.042 0.986 0.080 0.983 0.900 
0.037 0.989 0.080 0.975 0.839 
0.026 0.989 0.097 0.975 0.912 
0.025 0.990 0.043 0.983 0.830 
0.031 0.991 0.067 0.988 0.755 
0.043 0.989 0.066 0.988 0.739 
0.042 0.985 0.078 0.983 0.894 
0.031 0.989 0.056 0.983 0.839 
0.031 0.989 0.091 0.980 0.885 
0.035 0.989 0.070 0.983 0.879 
0.021 0.993 0.062 0.980 0.815 
0.034 0.989 0.064 0.985 0.848 
0.038 0.988 0.056 0.988 0.848 
0.024 0.992 0.086 0.980 0.915 
0.027 0.991 0.064 0.985 0.842 
0.035 0.987 0.114 0.980 0.903 
0.040 0.992 0.119 0.983 0.912 
0.052 0.987 0.081 0.983 0.891 
0.040 0.985 0.135 0.975 0.927 
0.035 0.990 0.090 0.980 0.879 
0.035 0.988 0.077 0.983 0.873 
0.030 0.990 0.163 0.963 0.948 
0.031 0.993 0.114 0.978 0.912 
0.036 0.989 0.057 0.983 0.824 
0.044 0.986 0.045 0.985 0.833 
0.036 0.990 0.098 0.980 0.900 
0.032 0.991 0.077 0.985 0.882 
0.067 0.980 0.062 0.985 0.870 
0.048 0.985 0.087 0.980 0.909 
0.037 0.989 0.059 0.985 0.870 
0.043 0.987 0.073 0.988 0.748 
0.034 0.989 0.085 0.978 0.888 
0.020 0.995 0.059 0.985 0.861 
0.042 0.988 0.163 0.965 0.939 
0.048 0.985 0.061 0.985 0.836 
0.041 0.985 0.101 0.980 0.888 
0.045 0.985 0.089 0.980 0.894 
0.037 0.988 0.087 0.980 0.876 
0.038 0.989 0.074 0.985 0.906 
0.042 0.985 0.060 0.983 0.861 
0.045 0.989 0.127 0.975 0.903 
0.037 0.990 0.044 0.988 0.803 
0.039 0.987 0.116 0.983 0.876 
0.039 0.989 0.061 0.985 0.848 
0.038 0.988 0.079 0.980 0.867 
0.034 0.990 0.105 0.980 0.903 
0.035 0.992 0.089 0.983 0.858 
0.028 0.993 0.109 0.985 0.894 
0.030 0.989 0.104 0.980 0.897 
0.052 0.987 0.066 0.983 0.833 
0.037 0.988 0.122 0.975 0.930 
0.038 0.989 0.089 0.983 0.903 
0.035 0.990 0.106 0.980 0.915 
0.040 0.986 0.092 0.985 0.906 
0.040 0.985 0.050 0.985 0.867 
0.036 0.990 0.111 0.980 0.909 
0.035 0.988 0.130 0.973 0.942 
0.025 0.992 0.064 0.983 0.842 
0.033 0.986 0.114 0.983 0.912 
0.037 0.987 0.046 0.983 0.845 
0.032 0.992 0.129 0.978 0.924 
0.039 0.988 0.078 0.983 0.839 
0.028 0.992 0.068 0.988 0.833 
0.051 0.985 0.057 0.983 0.870 
0.042 0.988 0.143 0.975 0.942 
0.039 0.988 0.126 0.978 0.927 
0.042 0.988 0.068 0.988 0.806 
0.044 0.990 0.061 0.983 0.864 
0.032 0.989 0.156 0.973 0.939 
0.029 0.990 0.053 0.980 0.830 
0.030 0.992 0.061 0.983 0.879 
0.043 0.990 0.087 0.983 0.903 
0.039 0.989 0.045 0.985 0.824 
0.029 0.989 0.115 0.983 0.894 
0.048 0.986 0.083 0.983 0.885 
0.036 0.989 0.103 0.980 0.909 
0.040 0.988 0.065 0.983 0.876 
0.027 0.990 0.169 0.975 0.933 
0.032 0.990 0.111 0.980 0.897 
0.044 0.989 0.052 0.983 0.818 
0.044 0.987 0.088 0.985 0.900 
0.041 0.989 0.052 0.985 0.861 
0.051 0.985 0.080 0.985 0.885 
0.037 0.988 0.061 0.975 0.842 
0.039 0.987 0.047 0.983 0.806 
0.035 0.989 0.049 0.985 0.836 
0.043 0.989 0.058 0.980 0.815 
0.036 0.988 0.073 0.983 0.891 
0.028 0.990 0.066 0.980 0.876 
0.033 0.991 0.092 0.985 0.918 
0.045 0.988 0.090 0.983 0.927 
0.042 0.987 0.145 0.978 0.924 
0.025 0.990 0.206 0.960 0.970 
0.026 0.991 0.095 0.985 0.921 
0.037 0.990 0.123 0.978 0.933 
0.034 0.988 0.129 0.975 0.948 
0.038 0.986 0.108 0.980 0.909 
0.025 0.992 0.067 0.988 0.852 
0.040 0.989 0.117 0.980 0.930 
0.026 0.990 0.187 0.968 0.952 
0.025 0.993 0.086 0.983 0.894 
0.045 0.988 0.168 0.975 0.900 
0.027 0.989 0.056 0.983 0.852 
0.041 0.986 0.097 0.980 0.882 
0.016 0.995 0.121 0.983 0.915 
0.046 0.989 0.081 0.983 0.903 
0.038 0.988 0.171 0.978 0.921 
0.028 0.990 0.096 0.978 0.900 
0.023 0.990 0.133 0.975 0.876 
0.049 0.986 0.095 0.983 0.876 
0.031 0.990 0.167 0.975 0.909 
0.039 0.990 0.132 0.973 0.921 
0.035 0.985 0.149 0.975 0.930 
0.031 0.988 0.177 0.963 0.958 
0.033 0.988 0.081 0.975 0.839 
0.030 0.988 0.103 0.980 0.891 
0.022 0.990 0.110 0.975 0.915 
0.031 0.990 0.133 0.975 0.879 
0.035 0.989 0.122 0.973 0.842 
0.035 0.990 0.056 0.983 0.764 
0.039 0.986 0.174 0.973 0.930 
0.032 0.990 0.341 0.963 0.945 
0.029 0.989 0.350 0.955 0.948 
0.024 0.992 0.142 0.975 0.915 
0.029 0.990 0.095 0.978 0.900 
0.027 0.990 0.145 0.980 0.900 
0.029 0.990 0.113 0.983 0.870 
0.048 0.988 0.094 0.978 0.879 
0.028 0.990 0.121 0.980 0.909 
0.022 0.990 0.053 0.985 0.861 
0.038 0.987 0.096 0.985 0.879 
0.048 0.988 0.086 0.983 0.900 
0.023 0.991 0.119 0.983 0.912 
0.034 0.993 0.072 0.985 0.885 
0.038 0.987 0.136 0.975 0.918 
0.030 0.992 0.052 0.983 0.852 
0.035 0.990 0.093 0.978 0.876 
0.037 0.988 0.074 0.975 0.861 
0.033 0.990 0.149 0.978 0.894 
0.038 0.989 0.188 0.965 0.942 
0.028 0.991 0.095 0.980 0.891 
0.028 0.991 0.116 0.980 0.900 
0.035 0.988 0.050 0.980 0.809 
0.024 0.993 0.044 0.983 0.809 
0.030 0.989 0.068 0.983 0.888 
0.036 0.988 0.086 0.978 0.927 
0.039 0.986 0.071 0.978 0.830 
0.048 0.987 0.085 0.983 0.906 
0.038 0.990 0.076 0.983 0.879 
0.020 0.995 0.089 0.985 0.918 
0.036 0.988 0.083 0.983 0.906 
0.048 0.983 0.127 0.973 0.918 
0.028 0.988 0.082 0.978 0.830 
0.034 0.989 0.069 0.975 0.848 
0.026 0.993 0.058 0.980 0.679 
0.045 0.986 0.067 0.980 0.842 
0.033 0.986 0.106 0.978 0.891 
0.027 0.992 0.091 0.985 0.888 
0.033 0.989 0.059 0.985 0.861 
0.027 0.990 0.082 0.985 0.870 
0.035 0.992 0.051 0.985 0.861 
0.038 0.984 0.055 0.983 0.879 
0.027 0.990 0.093 0.983 0.906 
0.018 0.995 0.100 0.980 0.918 
0.027 0.990 0.077 0.983 0.888 
0.033 0.990 0.072 0.983 0.882 
0.026 0.991 0.069 0.983 0.879 
0.043 0.985 0.058 0.985 0.876 
0.036 0.989 0.088 0.980 0.924 
0.030 0.991 0.050 0.985 0.855 
0.018 0.996 0.059 0.985 0.891 
0.045 0.984 0.099 0.975 0.936 
0.021 0.990 0.221 0.960 0.964 
0.049 0.988 0.062 0.983 0.864 
0.034 0.988 0.049 0.985 0.855 
0.033 0.991 0.098 0.980 0.903 
0.039 0.990 0.054 0.985 0.779 
0.040 0.988 0.102 0.978 0.882 
0.030 0.988 0.061 0.985 0.839 
0.037 0.986 0.071 0.983 0.879 
0.033 0.988 0.055 0.983 0.812 
0.024 0.992 0.066 0.983 0.867 
0.030 0.990 0.085 0.978 0.912 
0.029 0.992 0.069 0.983 0.891 
0.036 0.991 0.065 0.980 0.873 
0.033 0.989 0.032 0.990 0.815 
0.031 0.989 0.104 0.985 0.882 
0.031 0.990 0.106 0.980 0.900 
0.029 0.993 0.057 0.983 0.806 
0.025 0.991 0.122 0.978 0.921 
0.042 0.989 0.072 0.985 0.888 
0.034 0.988 0.098 0.980 0.915 
0.025 0.992 0.122 0.980 0.906 
0.036 0.989 0.063 0.985 0.867 
0.036 0.988 0.082 0.985 0.858 
0.043 0.987 0.065 0.980 0.888 
0.030 0.990 0.062 0.985 0.885 
0.026 0.992 0.088 0.983 0.915 
0.029 0.990 0.081 0.983 0.888 
0.033 0.988 0.089 0.983 0.906 
0.024 0.990 0.162 0.973 0.930 
0.036 0.990 0.076 0.985 0.888 
0.028 0.990 0.084 0.983 0.885 
0.033 0.989 0.072 0.983 0.830 
0.039 0.988 0.105 0.983 0.912 
0.052 0.986 0.166 0.975 0.903 
0.037 0.985 0.095 0.980 0.918 
0.034 0.988 0.058 0.985 0.852 
0.040 0.988 0.052 0.985 0.855 
0.024 0.990 0.102 0.985 0.879 
0.035 0.988 0.079 0.985 0.861 
0.035 0.988 0.052 0.988 0.830 
0.030 0.990 0.121 0.973 0.936 
0.037 0.989 0.060 0.985 0.724 
0.017 0.994 0.067 0.988 0.861 
0.040 0.989 0.058 0.978 0.861 
0.028 0.992 0.069 0.985 0.879 
0.029 0.990 0.041 0.988 0.800 
0.032 0.990 0.093 0.980 0.933 
0.030 0.989 0.058 0.985 0.845 
0.040 0.988 0.057 0.980 0.882 
0.035 0.990 0.065 0.980 0.903 
0.033 0.990 0.078 0.985 0.879 
0.036 0.989 0.062 0.983 0.833 
0.033 0.990 0.052 0.985 0.867 
0.031 0.990 0.068 0.985 0.873 
0.039 0.985 0.082 0.980 0.909 
0.027 0.992 0.099 0.983 0.900 
0.036 0.989 0.061 0.983 0.806 
0.030 0.988 0.083 0.985 0.897 
0.036 0.989 0.063 0.985 0.864 
0.031 0.991 0.063 0.985 0.870 
0.031 0.990 0.055 0.985 0.855 
0.031 0.990 0.061 0.983 0.855 
0.023 0.990 0.093 0.980 0.903 
0.034 0.990 0.078 0.985 0.882 
0.037 0.992 0.110 0.975 0.939 
0.030 0.990 0.067 0.985 0.867 
0.029 0.991 0.105 0.985 0.888 
0.035 0.989 0.137 0.978 0.909 
0.021 0.994 0.055 0.985 0.824 
0.043 0.987 0.051 0.988 0.770 
0.035 0.988 0.061 0.985 0.852 
0.025 0.990 0.054 0.983 0.848 
0.028 0.992 0.050 0.985 0.848 
0.030 0.989 0.114 0.983 0.906 
0.036 0.988 0.078 0.978 0.909 
0.032 0.989 0.068 0.983 0.882 
0.021 0.993 0.094 0.983 0.903 
0.036 0.991 0.075 0.983 0.879 
0.024 0.993 0.042 0.988 0.812 
0.022 0.992 0.073 0.983 0.867 
0.030 0.992 0.063 0.978 0.803 
0.029 0.991 0.064 0.985 0.827 
0.026 0.989 0.072 0.985 0.888 
0.017 0.995 0.057 0.985 0.855 
0.039 0.991 0.049 0.985 0.806 
0.040 0.986 0.055 0.985 0.873 
0.042 0.990 0.066 0.983 0.842 
0.029 0.989 0.089 0.978 0.888 
0.031 0.987 0.098 0.975 0.891 
0.037 0.989 0.074 0.973 0.800 
0.032 0.989 0.118 0.975 0.924 
0.021 0.990 0.109 0.978 0.918 
0.030 0.989 0.051 0.983 0.827 
0.024 0.992 0.088 0.980 0.885 
0.036 0.987 0.071 0.983 0.867 
0.047 0.985 0.120 0.978 0.876 
0.024 0.992 0.156 0.973 0.924 
0.032 0.990 0.073 0.980 0.864 
0.021 0.992 0.069 0.980 0.824 
0.037 0.989 0.040 0.983 0.797 
0.025 0.993 0.088 0.980 0.873 
0.030 0.989 0.137 0.980 0.945 
0.021 0.992 0.058 0.983 0.861 
0.029 0.991 0.070 0.983 0.879 
0.021 0.993 0.173 0.978 0.927 
0.022 0.992 0.141 0.978 0.891 
0.038 0.986 0.049 0.983 0.852 
0.027 0.990 0.041 0.985 0.852 
0.013 0.994 0.084 0.983 0.891 
0.037 0.988 0.125 0.980 0.924 
0.013 0.995 0.107 0.983 0.915 
0.031 0.987 0.041 0.985 0.845 
0.023 0.992 0.081 0.983 0.894 
0.027 0.989 0.056 0.985 0.842 
0.028 0.992 0.045 0.985 0.879 
0.034 0.991 0.395 0.930 0.976 
0.035 0.990 0.141 0.980 0.879 
0.026 0.989 0.043 0.985 0.855 
0.029 0.990 0.061 0.985 0.830 
0.031 0.990 0.061 0.980 0.821 
0.026 0.990 0.089 0.978 0.900 
0.021 0.992 0.125 0.975 0.936 
0.030 0.987 0.147 0.980 0.948 
0.034 0.990 0.083 0.985 0.897 
0.036 0.989 0.165 0.980 0.915 
0.017 0.995 0.150 0.978 0.933 
0.028 0.990 0.075 0.983 0.855 
0.030 0.991 0.156 0.978 0.933 
0.032 0.990 0.054 0.988 0.842 
0.029 0.988 0.043 0.985 0.855 
0.031 0.992 0.112 0.978 0.927 
0.024 0.991 0.055 0.985 0.855 
0.030 0.991 0.087 0.983 0.882 
0.027 0.992 0.044 0.988 0.839 
0.034 0.991 0.087 0.980 0.888 
0.035 0.987 0.102 0.973 0.921 
0.037 0.986 0.107 0.978 0.918 
0.028 0.992 0.162 0.970 0.948 
0.027 0.992 0.085 0.983 0.879 
0.021 0.995 0.102 0.980 0.900 
0.023 0.990 0.125 0.980 0.906 
0.023 0.990 0.105 0.983 0.906 
0.035 0.989 0.099 0.980 0.915 
0.025 0.993 0.075 0.988 0.879 
0.035 0.988 0.080 0.980 0.894 
0.024 0.993 0.068 0.980 0.873 
0.038 0.990 0.058 0.983 0.845 
0.024 0.993 0.059 0.983 0.870 
0.029 0.989 0.067 0.983 0.858 
0.022 0.991 0.091 0.983 0.879 
0.024 0.992 0.122 0.978 0.945 
0.033 0.989 0.178 0.978 0.942 
0.027 0.990 0.108 0.980 0.918 
0.044 0.987 0.096 0.978 0.855 
0.033 0.988 0.068 0.985 0.858 
0.037 0.988 0.051 0.983 0.848 
0.037 0.991 0.060 0.983 0.861 
0.031 0.990 0.076 0.983 0.858 
0.034 0.990 0.090 0.983 0.873 
0.019 0.995 0.081 0.985 0.891 
0.034 0.990 0.139 0.965 0.924 
0.031 0.990 0.132 0.975 0.879 
0.031 0.988 0.096 0.983 0.912 
0.025 0.991 0.094 0.983 0.876 
0.023 0.991 0.093 0.983 0.885 
0.030 0.991 0.061 0.985 0.839 
0.024 0.990 0.041 0.988 0.800 
0.030 0.991 0.083 0.985 0.882 
0.039 0.988 0.057 0.988 0.806 
0.034 0.989 0.097 0.983 0.894 
0.030 0.986 0.094 0.978 0.903 
0.023 0.992 0.176 0.965 0.906 
0.031 0.990 0.061 0.983 0.839 
0.026 0.992 0.117 0.978 0.891 
0.031 0.988 0.101 0.983 0.855 
0.025 0.990 0.118 0.980 0.921 
0.029 0.992 0.160 0.970 0.936 
0.047 0.993 0.070 0.983 0.855 
0.026 0.993 0.089 0.983 0.858 
0.024 0.993 0.097 0.983 0.848 
0.032 0.990 0.108 0.980 0.909 
0.035 0.988 0.084 0.980 0.879 
0.027 0.990 0.107 0.975 0.903 
0.031 0.993 0.069 0.985 0.845 
0.034 0.988 0.081 0.980 0.855 
0.027 0.995 0.122 0.985 0.879 
0.023 0.991 0.065 0.985 0.852 
0.039 0.989 0.064 0.980 0.752 
0.028 0.993 0.121 0.983 0.921 
0.030 0.993 0.072 0.985 0.879 
0.036 0.989 0.101 0.985 0.903 
0.036 0.991 0.063 0.978 0.809 
0.033 0.990 0.092 0.985 0.870 
0.026 0.992 0.071 0.983 0.858 
0.016 0.996 0.121 0.983 0.882 
0.032 0.989 0.142 0.975 0.939 
0.023 0.993 0.059 0.985 0.864 
0.021 0.992 0.068 0.985 0.870 
0.036 0.989 0.075 0.985 0.870 
0.041 0.986 0.095 0.985 0.900 
0.022 0.992 0.135 0.983 0.927 
0.029 0.990 0.063 0.985 0.836 
0.026 0.993 0.083 0.985 0.858 
0.033 0.990 0.091 0.983 0.897 
0.037 0.988 0.083 0.983 0.897 
0.029 0.993 0.049 0.983 0.812 
0.034 0.988 0.134 0.975 0.933 
0.027 0.993 0.044 0.985 0.830 
0.038 0.990 0.067 0.985 0.873 
0.039 0.986 0.072 0.985 0.891 
0.029 0.992 0.096 0.978 0.897 
0.021 0.992 0.077 0.983 0.891 
0.032 0.988 0.160 0.975 0.891 
0.025 0.990 0.069 0.985 0.873 
0.027 0.993 0.101 0.980 0.876 
0.038 0.989 0.080 0.980 0.903 
0.028 0.990 0.121 0.973 0.927 
0.022 0.993 0.106 0.980 0.909 
0.027 0.991 0.130 0.973 0.933 
0.030 0.990 0.071 0.985 0.852 
0.035 0.989 0.114 0.978 0.888 
0.051 0.988 0.103 0.978 0.882 
0.026 0.990 0.072 0.975 0.827 
0.021 0.992 0.058 0.983 0.739 
0.034 0.989 0.107 0.980 0.903 
0.028 0.993 0.087 0.980 0.888 
0.016 0.995 0.086 0.985 0.876 
0.028 0.989 0.054 0.983 0.848 
0.022 0.992 0.130 0.983 0.930 
0.022 0.993 0.107 0.980 0.897 
0.028 0.990 0.093 0.978 0.894 
0.034 0.989 0.075 0.980 0.845 
0.030 0.990 0.057 0.985 0.870 
0.024 0.990 0.079 0.983 0.855 
0.016 0.993 0.104 0.980 0.861 
0.034 0.992 0.089 0.980 0.885 
0.032 0.990 0.120 0.980 0.921 
0.027 0.992 0.097 0.980 0.906 
0.025 0.992 0.090 0.983 0.882 
0.028 0.992 0.082 0.985 0.870 
0.032 0.990 0.065 0.985 0.879 
0.017 0.992 0.116 0.983 0.930 
0.034 0.987 0.054 0.980 0.806 
0.035 0.989 0.079 0.980 0.894 
0.029 0.992 0.062 0.988 0.767 
0.034 0.989 0.161 0.978 0.918 
0.018 0.994 0.130 0.980 0.897 
0.029 0.992 0.089 0.983 0.894 
0.022 0.992 0.073 0.983 0.842 
0.032 0.989 0.090 0.983 0.909 
0.027 0.991 0.097 0.985 0.876 
0.018 0.993 0.061 0.988 0.848 
0.031 0.992 0.067 0.985 0.767 
0.023 0.990 0.109 0.980 0.921 
0.023 0.993 0.080 0.985 0.867 
0.039 0.989 0.045 0.988 0.773 
0.024 0.989 0.132 0.980 0.945 
0.037 0.989 0.095 0.983 0.891 
0.025 0.993 0.114 0.978 0.900 
0.037 0.990 0.067 0.985 0.873 
0.027 0.989 0.081 0.985 0.885 
0.029 0.989 0.066 0.983 0.848 
0.020 0.994 0.074 0.985 0.873 
0.027 0.990 0.062 0.980 0.609 
0.025 0.992 0.151 0.975 0.961 
0.024 0.996 0.164 0.983 0.927 
0.033 0.991 0.077 0.980 0.839 
0.028 0.992 0.148 0.980 0.906 
0.045 0.990 0.096 0.985 0.885 
0.023 0.993 0.087 0.975 0.812 
0.042 0.990 0.068 0.985 0.848 
0.022 0.992 0.059 0.985 0.833 
0.028 0.989 0.128 0.980 0.918 
0.029 0.989 0.055 0.985 0.827 
0.036 0.988 0.084 0.980 0.885 
0.025 0.992 0.123 0.978 0.867 
0.037 0.989 0.080 0.983 0.873 
0.020 0.992 0.146 0.980 0.933 
0.035 0.988 0.067 0.985 0.864 
0.023 0.992 0.084 0.985 0.867 
0.035 0.989 0.071 0.985 0.855 
0.030 0.990 0.073 0.983 0.861 
0.034 0.989 0.165 0.978 0.948 
0.022 0.992 0.101 0.978 0.876 
0.039 0.989 0.135 0.978 0.909 
0.027 0.990 0.078 0.983 0.845 
0.027 0.992 0.061 0.983 0.855 
0.028 0.987 0.052 0.983 0.812 
0.026 0.993 0.099 0.975 0.864 
0.044 0.988 0.065 0.978 0.839 
0.030 0.992 0.089 0.978 0.891 
0.026 0.990 0.119 0.975 0.909 
0.017 0.995 0.132 0.980 0.909 
0.031 0.991 0.074 0.983 0.864 
0.032 0.989 0.063 0.985 0.848 
0.031 0.989 0.085 0.983 0.897 
0.031 0.989 0.063 0.985 0.864 
0.036 0.988 0.191 0.975 0.948 
0.022 0.993 0.071 0.983 0.839 
0.031 0.992 0.047 0.988 0.670 
0.028 0.991 0.098 0.985 0.900 
0.024 0.992 0.106 0.985 0.873 
0.020 0.994 0.118 0.980 0.921 
0.024 0.993 0.134 0.983 0.921 
0.028 0.992 0.167 0.973 0.945 
0.023 0.992 0.214 0.978 0.942 
0.016 0.993 0.104 0.985 0.879 
0.028 0.991 0.135 0.975 0.897 
0.041 0.986 0.091 0.985 0.879 
0.020 0.995 0.119 0.983 0.915 
0.026 0.989 0.074 0.983 0.839 
0.032 0.991 0.080 0.985 0.867 
0.045 0.990 0.052 0.988 0.758 
0.028 0.991 0.089 0.985 0.867 
0.035 0.989 0.079 0.985 0.873 
