0.260 0.901 0.143 0.950 1.000 
0.157 0.945 0.098 0.980 1.000 
0.127 0.958 0.085 0.965 1.000 
0.135 0.957 0.061 0.993 1.000 
0.117 0.963 0.057 0.995 1.000 
0.102 0.966 0.098 0.993 1.000 
0.099 0.970 0.105 0.995 1.000 
0.103 0.963 0.070 0.993 1.000 
0.085 0.973 0.052 0.993 1.000 
0.079 0.977 0.049 0.993 1.000 
0.082 0.976 0.079 0.983 1.000 
0.078 0.975 0.048 0.990 1.000 
0.076 0.974 0.053 0.983 1.000 
0.075 0.978 0.041 0.990 0.966 
0.069 0.979 0.039 0.988 1.000 
0.067 0.979 0.048 0.988 1.000 
0.071 0.980 0.035 0.990 1.000 
0.065 0.979 0.068 0.988 1.000 
0.070 0.976 0.060 0.993 1.000 
0.064 0.982 0.062 0.993 1.000 
0.059 0.982 0.028 0.993 1.000 
0.065 0.982 0.034 0.993 1.000 
0.053 0.985 0.034 0.993 1.000 
0.078 0.973 0.078 0.995 1.000 
0.051 0.987 0.028 0.993 1.000 
0.061 0.983 0.034 0.993 1.000 
0.062 0.983 0.030 0.993 1.000 
0.050 0.985 0.031 0.990 1.000 
0.061 0.983 0.052 0.998 1.000 
0.061 0.983 0.057 0.988 1.000 
0.067 0.979 0.058 0.995 1.000 
0.063 0.986 0.042 0.990 1.000 
0.060 0.983 0.075 0.990 1.000 
0.055 0.988 0.052 0.993 1.000 
0.054 0.985 0.037 0.990 1.000 
0.056 0.984 0.045 0.995 1.000 
0.052 0.985 0.046 0.995 1.000 
0.064 0.981 0.077 0.993 1.000 
0.052 0.983 0.054 0.990 1.000 
0.064 0.985 0.042 0.995 1.000 
0.049 0.988 0.041 0.993 1.000 
0.060 0.982 0.042 0.993 1.000 
0.050 0.988 0.040 0.993 0.031 
0.056 0.985 0.049 0.990 1.000 
0.041 0.992 0.042 0.990 0.997 
0.046 0.987 0.028 0.995 0.646 
0.053 0.987 0.051 0.998 1.000 
0.043 0.988 0.046 0.985 0.993 
0.049 0.986 0.038 0.995 1.000 
0.054 0.986 0.037 0.990 0.993 
0.055 0.983 0.044 0.988 1.000 
0.059 0.985 0.038 0.998 0.969 
0.064 0.979 0.039 0.993 1.000 
0.046 0.986 0.044 0.998 1.000 
0.040 0.990 0.049 0.990 1.000 
0.040 0.990 0.075 0.995 0.990 
0.050 0.986 0.057 0.988 1.000 
0.044 0.990 0.054 0.988 1.000 
0.045 0.989 0.031 0.990 1.000 
0.036 0.992 0.032 0.993 1.000 
0.047 0.988 0.057 0.990 0.698 
0.043 0.989 0.045 0.988 0.914 
0.057 0.985 0.054 0.983 0.567 
0.055 0.986 0.053 0.985 0.739 
0.040 0.988 0.029 0.993 0.735 
0.043 0.987 0.050 0.988 0.677 
0.042 0.988 0.064 0.990 0.192 
0.043 0.986 0.035 0.993 0.409 
0.056 0.986 0.085 0.990 1.000 
0.050 0.986 0.063 0.988 0.024 
0.057 0.984 0.036 0.990 0.347 
0.055 0.984 0.050 0.993 0.993 
0.044 0.990 0.022 0.990 0.986 
0.038 0.986 0.042 0.985 0.426 
0.034 0.993 0.038 0.990 0.381 
0.051 0.988 0.018 0.998 1.000 
0.051 0.981 0.033 0.990 1.000 
0.040 0.988 0.035 0.988 1.000 
0.041 0.985 0.026 0.990 1.000 
0.052 0.988 0.041 0.990 1.000 
0.034 0.990 0.016 0.995 1.000 
0.040 0.989 0.030 0.990 0.326 
0.038 0.991 0.039 0.985 0.770 
0.048 0.989 0.022 0.993 1.000 
0.044 0.990 0.036 0.993 1.000 
0.035 0.990 0.029 0.993 1.000 
0.049 0.986 0.029 0.993 1.000 
0.028 0.992 0.009 0.995 1.000 
0.041 0.990 0.049 0.983 0.959 
0.037 0.992 0.038 0.998 0.990 
0.048 0.987 0.022 0.993 1.000 
0.032 0.990 0.027 0.990 0.997 
0.039 0.988 0.053 0.988 1.000 
0.048 0.989 0.044 0.988 1.000 
0.033 0.992 0.041 0.990 1.000 
0.044 0.989 0.038 0.988 1.000 
0.043 0.989 0.052 0.985 1.000 
0.028 0.993 0.057 0.980 0.924 
0.032 0.991 0.044 0.988 0.986 
0.037 0.992 0.052 0.980 1.000 
0.036 0.989 0.021 0.990 0.698 
0.037 0.991 0.042 0.990 1.000 
0.035 0.989 0.039 0.988 1.000 
0.040 0.989 0.037 0.988 0.952 
0.031 0.992 0.028 0.993 0.969 
0.043 0.987 0.042 0.983 1.000 
0.039 0.989 0.038 0.985 1.000 
0.039 0.990 0.034 0.985 0.003 
0.037 0.990 0.026 0.995 1.000 
0.035 0.989 0.045 0.988 0.973 
0.039 0.988 0.068 0.978 0.845 
0.034 0.990 0.041 0.988 0.993 
0.026 0.995 0.017 0.993 0.993 
0.037 0.990 0.081 0.968 0.014 
0.036 0.987 0.052 0.983 1.000 
0.039 0.990 0.039 0.990 0.443 
0.034 0.990 0.039 0.985 1.000 
0.041 0.990 0.037 0.985 0.027 
0.036 0.991 0.014 0.995 0.955 
0.033 0.992 0.029 0.990 0.969 
0.029 0.992 0.050 0.980 0.753 
0.038 0.992 0.042 0.983 0.206 
0.029 0.991 0.046 0.983 0.629 
0.030 0.990 0.033 0.985 0.055 
0.028 0.993 0.050 0.980 0.639 
0.031 0.993 0.029 0.990 1.000 
0.038 0.990 0.073 0.983 0.715 
0.037 0.989 0.031 0.990 0.395 
0.034 0.989 0.051 0.980 0.515 
0.044 0.991 0.045 0.985 0.003 
0.027 0.993 0.038 0.990 0.990 
0.035 0.992 0.029 0.995 0.742 
0.037 0.991 0.019 0.995 0.979 
0.028 0.993 0.029 0.990 0.976 
0.040 0.990 0.027 0.998 1.000 
0.036 0.990 0.021 0.998 1.000 
0.027 0.994 0.029 0.993 0.814 
0.030 0.990 0.024 0.990 1.000 
0.028 0.993 0.031 0.988 0.433 
0.039 0.989 0.029 0.995 0.419 
0.044 0.985 0.035 0.985 0.000 
0.030 0.992 0.040 0.985 0.962 
0.033 0.994 0.022 0.990 0.120 
0.031 0.992 0.055 0.983 0.993 
0.039 0.988 0.027 0.995 0.962 
0.034 0.990 0.023 0.988 0.230 
0.036 0.990 0.040 0.988 0.210 
0.026 0.993 0.034 0.983 0.079 
0.040 0.989 0.019 0.998 0.653 
0.035 0.989 0.027 0.998 0.546 
0.033 0.990 0.028 1.000 0.986 
0.036 0.990 0.029 0.993 0.113 
0.034 0.990 0.034 0.998 0.835 
0.026 0.992 0.057 0.980 0.392 
0.025 0.993 0.035 0.985 0.918 
0.030 0.990 0.018 0.998 0.942 
0.025 0.992 0.015 1.000 0.003 
0.026 0.994 0.020 0.993 0.931 
0.028 0.993 0.027 0.993 0.089 
0.035 0.992 0.046 0.983 0.395 
0.037 0.992 0.043 0.985 0.003 
0.034 0.989 0.038 0.983 0.278 
0.027 0.993 0.036 0.990 0.007 
0.041 0.992 0.039 0.998 0.251 
0.031 0.989 0.015 0.993 0.241 
0.031 0.992 0.035 0.988 0.007 
0.035 0.990 0.023 0.993 0.003 
0.028 0.994 0.033 0.990 0.124 
0.028 0.989 0.046 0.985 0.048 
0.030 0.992 0.020 0.998 0.014 
0.027 0.991 0.024 0.995 0.134 
0.027 0.992 0.021 0.990 0.241 
0.030 0.992 0.033 0.983 0.144 
0.026 0.993 0.033 0.998 0.368 
0.033 0.991 0.018 0.995 0.863 
0.031 0.991 0.018 0.995 0.024 
0.033 0.992 0.044 0.988 0.282 
0.033 0.993 0.158 0.940 0.007 
0.051 0.986 0.040 0.988 0.581 
0.027 0.992 0.025 0.990 0.278 
0.038 0.990 0.022 0.995 0.230 
0.044 0.989 0.055 0.978 0.973 
0.033 0.992 0.030 0.990 0.072 
0.037 0.989 0.032 0.993 0.584 
0.030 0.990 0.034 0.985 0.340 
0.026 0.995 0.048 0.983 0.234 
0.033 0.990 0.034 0.993 0.162 
0.033 0.992 0.049 0.990 0.904 
0.028 0.994 0.025 0.993 0.375 
0.028 0.991 0.021 0.990 0.320 
0.028 0.995 0.022 0.993 0.938 
0.022 0.993 0.025 0.990 0.031 
0.027 0.993 0.032 0.990 0.701 
0.032 0.990 0.043 0.983 0.938 
0.032 0.990 0.032 0.985 0.003 
0.036 0.990 0.039 0.985 0.990 
0.037 0.993 0.042 0.985 0.979 
0.023 0.995 0.021 0.990 0.746 
0.027 0.992 0.036 0.983 0.966 
0.022 0.993 0.058 0.975 0.766 
0.029 0.994 0.024 0.993 0.241 
0.023 0.993 0.020 0.995 0.117 
0.029 0.990 0.030 0.990 0.643 
0.023 0.992 0.018 0.995 0.141 
0.025 0.990 0.019 0.995 0.979 
0.020 0.993 0.044 0.985 0.526 
0.033 0.991 0.023 0.990 0.416 
0.029 0.993 0.020 0.995 0.976 
0.024 0.993 0.028 0.995 1.000 
0.029 0.988 0.032 0.985 0.041 
0.036 0.990 0.030 0.990 0.131 
0.035 0.990 0.035 0.988 0.759 
0.024 0.995 0.031 0.993 0.189 
0.038 0.989 0.017 0.995 0.031 
0.024 0.992 0.087 0.975 0.134 
0.028 0.990 0.022 0.993 0.821 
0.031 0.993 0.017 0.995 0.082 
0.030 0.992 0.029 0.990 0.261 
0.039 0.989 0.024 0.990 0.079 
0.030 0.992 0.021 0.995 0.010 
0.028 0.992 0.023 0.995 0.096 
0.029 0.992 0.051 0.983 0.031 
0.028 0.994 0.022 0.995 0.052 
0.036 0.990 0.019 0.995 0.076 
0.020 0.996 0.035 0.985 0.969 
0.025 0.993 0.038 0.985 0.330 
0.042 0.990 0.027 0.988 0.000 
0.028 0.992 0.031 0.988 0.540 
0.032 0.992 0.093 0.960 0.601 
0.019 0.994 0.029 0.985 0.017 
0.031 0.992 0.031 0.988 0.007 
0.027 0.993 0.027 0.988 0.007 
0.029 0.991 0.066 0.970 0.079 
0.026 0.993 0.025 0.988 0.010 
0.025 0.994 0.009 1.000 0.254 
0.033 0.990 0.020 0.998 0.000 
0.028 0.994 0.033 0.988 0.216 
0.034 0.990 0.017 1.000 1.000 
0.034 0.992 0.030 0.985 1.000 
0.025 0.993 0.027 0.985 0.990 
0.024 0.992 0.036 0.983 0.007 
0.023 0.995 0.032 0.988 0.818 
0.030 0.991 0.019 0.998 0.000 
0.027 0.992 0.028 0.990 0.192 
0.019 0.995 0.029 0.985 0.821 
0.020 0.993 0.030 0.990 0.000 
0.039 0.994 0.033 0.990 0.003 
0.036 0.990 0.027 0.985 0.007 
0.034 0.995 0.018 0.993 0.000 
0.022 0.992 0.053 0.985 1.000 
0.032 0.992 0.051 0.983 0.997 
0.026 0.993 0.047 0.973 0.000 
0.022 0.996 0.016 0.995 1.000 
0.025 0.995 0.023 1.000 0.938 
0.028 0.994 0.018 0.998 0.155 
0.021 0.994 0.048 0.980 0.000 
0.028 0.991 0.024 0.990 0.777 
0.020 0.992 0.011 1.000 0.003 
0.018 0.996 0.025 0.990 0.000 
0.021 0.995 0.023 0.993 0.000 
0.031 0.994 0.022 0.990 0.794 
0.021 0.995 0.032 0.983 0.825 
0.025 0.993 0.044 0.983 1.000 
0.020 0.994 0.015 0.998 0.072 
0.025 0.995 0.024 0.990 0.997 
0.028 0.989 0.022 0.990 0.113 
0.030 0.992 0.069 0.973 0.770 
0.025 0.993 0.023 0.995 0.952 
0.024 0.993 0.042 0.990 0.612 
0.023 0.993 0.021 0.998 0.887 
0.024 0.991 0.042 0.983 0.529 
0.028 0.995 0.029 0.993 1.000 
0.029 0.992 0.033 0.988 1.000 
0.028 0.990 0.016 0.993 0.003 
0.020 0.995 0.023 0.993 0.897 
0.024 0.994 0.036 0.988 0.021 
0.047 0.989 0.070 0.973 0.131 
0.036 0.992 0.020 0.995 0.000 
0.026 0.993 0.026 0.998 0.031 
0.030 0.995 0.018 0.993 0.038 
0.024 0.994 0.046 0.990 0.000 
0.021 0.993 0.034 0.990 0.014 
0.022 0.993 0.053 0.975 0.000 
0.025 0.993 0.017 0.995 0.364 
0.029 0.991 0.046 0.985 0.038 
0.027 0.992 0.025 0.990 0.000 
0.027 0.993 0.038 0.988 0.000 
0.020 0.993 0.063 0.970 0.045 
0.031 0.993 0.026 0.998 0.000 
0.022 0.992 0.042 0.988 0.103 
0.032 0.992 0.047 0.988 0.021 
0.033 0.993 0.035 0.988 0.921 
0.024 0.993 0.053 0.985 0.000 
0.026 0.992 0.043 0.988 0.052 
0.024 0.992 0.043 0.988 0.000 
0.025 0.994 0.038 0.993 0.021 
0.024 0.991 0.071 0.970 0.055 
0.028 0.991 0.022 0.993 0.560 
0.023 0.992 0.054 0.980 0.976 
0.018 0.995 0.029 0.990 0.007 
0.038 0.991 0.061 0.988 0.993 
0.016 0.996 0.039 0.988 0.966 
0.016 0.995 0.048 0.988 0.969 
0.018 0.995 0.017 0.990 0.433 
0.028 0.991 0.039 0.990 0.811 
0.023 0.994 0.033 0.993 0.069 
0.021 0.994 0.043 0.980 0.842 
0.027 0.993 0.020 0.993 0.000 
0.021 0.995 0.050 0.975 0.405 
0.025 0.992 0.044 0.980 0.003 
0.024 0.992 0.023 0.993 0.000 
0.017 0.996 0.019 0.993 0.014 
0.021 0.993 0.025 0.993 0.024 
0.016 0.995 0.080 0.960 0.546 
0.026 0.995 0.027 0.993 0.711 
0.033 0.992 0.023 0.990 0.093 
0.019 0.996 0.059 0.980 0.000 
0.015 0.995 0.036 0.988 0.935 
0.025 0.992 0.047 0.980 0.000 
0.032 0.993 0.024 0.990 0.000 
0.024 0.994 0.034 0.990 0.454 
0.020 0.995 0.033 0.988 0.003 
0.026 0.992 0.049 0.980 0.000 
0.027 0.992 0.042 0.985 0.000 
0.031 0.993 0.049 0.983 0.003 
0.018 0.996 0.037 0.990 0.014 
0.020 0.995 0.020 0.998 0.007 
0.020 0.993 0.081 0.960 0.003 
0.013 0.996 0.029 0.983 0.021 
0.035 0.989 0.012 0.998 0.000 
0.021 0.994 0.036 0.988 0.251 
0.021 0.992 0.027 0.988 0.007 
0.016 0.993 0.033 0.988 0.003 
0.019 0.992 0.017 0.995 0.007 
0.037 0.993 0.066 0.978 0.230 
0.013 0.995 0.027 0.988 0.000 
0.043 0.992 0.034 0.988 0.000 
0.034 0.990 0.057 0.978 0.000 
0.039 0.989 0.048 0.983 0.230 
0.018 0.996 0.035 0.988 0.000 
0.017 0.995 0.035 0.988 0.175 
0.021 0.993 0.049 0.988 0.670 
0.018 0.995 0.056 0.980 0.007 
0.017 0.995 0.051 0.985 0.010 
0.022 0.993 0.017 0.993 0.003 
0.023 0.993 0.043 0.985 0.100 
0.025 0.991 0.023 0.993 0.000 
0.019 0.995 0.021 0.990 0.863 
0.026 0.991 0.051 0.978 0.093 
0.024 0.994 0.042 0.985 1.000 
0.044 0.991 0.036 0.988 0.608 
0.021 0.994 0.022 0.990 0.986 
0.017 0.995 0.067 0.970 0.979 
0.029 0.990 0.046 0.978 0.213 
0.037 0.993 0.045 0.983 0.052 
0.026 0.993 0.033 0.988 0.144 
0.020 0.992 0.021 0.990 0.192 
0.024 0.993 0.031 0.990 0.216 
0.020 0.995 0.050 0.978 0.014 
0.021 0.993 0.041 0.983 0.584 
0.022 0.993 0.039 0.993 0.113 
0.025 0.993 0.031 0.985 0.000 
0.028 0.993 0.049 0.983 1.000 
0.030 0.992 0.075 0.978 1.000 
0.018 0.994 0.066 0.970 0.814 
0.043 0.989 0.029 0.988 0.804 
0.034 0.993 0.046 0.983 0.973 
0.049 0.990 0.093 0.953 0.423 
0.024 0.995 0.032 0.990 0.873 
0.043 0.991 0.050 0.983 0.924 
0.020 0.995 0.058 0.973 0.935 
0.022 0.994 0.013 0.995 0.010 
0.021 0.994 0.033 0.988 0.007 
0.019 0.996 0.037 0.985 0.017 
0.023 0.993 0.022 0.993 0.952 
0.032 0.989 0.042 0.983 0.412 
0.024 0.993 0.020 0.990 1.000 
0.023 0.995 0.041 0.983 0.052 
0.020 0.995 0.050 0.980 0.766 
0.029 0.993 0.058 0.980 0.986 
0.023 0.992 0.079 0.965 0.945 
0.026 0.993 0.050 0.980 0.048 
0.019 0.996 0.046 0.983 0.168 
0.019 0.995 0.061 0.973 0.347 
0.023 0.992 0.067 0.973 0.973 
0.022 0.992 0.012 0.995 0.735 
0.022 0.994 0.044 0.983 0.093 
0.020 0.995 0.062 0.975 0.148 
0.022 0.996 0.052 0.978 0.216 
0.016 0.996 0.026 0.990 0.258 
0.024 0.992 0.027 0.988 0.024 
0.026 0.995 0.056 0.975 0.498 
0.022 0.992 0.043 0.980 0.306 
0.021 0.995 0.044 0.983 0.179 
0.018 0.995 0.044 0.983 0.893 
0.015 0.995 0.047 0.978 0.041 
0.027 0.992 0.023 0.990 1.000 
0.026 0.994 0.043 0.985 0.969 
0.028 0.995 0.034 0.985 0.148 
0.020 0.995 0.021 0.985 0.124 
0.035 0.992 0.032 0.988 1.000 
0.016 0.996 0.019 0.993 1.000 
0.024 0.993 0.045 0.983 0.770 
0.022 0.994 0.017 0.990 0.162 
0.018 0.995 0.035 0.988 0.017 
0.021 0.993 0.020 0.990 0.244 
0.033 0.991 0.034 0.988 0.010 
0.019 0.996 0.050 0.980 0.522 
0.029 0.992 0.070 0.970 0.983 
0.026 0.993 0.061 0.975 0.027 
0.021 0.998 0.053 0.973 0.010 
0.024 0.995 0.053 0.983 0.296 
0.024 0.993 0.026 0.993 0.739 
0.015 0.995 0.012 0.998 0.010 
0.031 0.992 0.045 0.983 0.034 
0.018 0.996 0.062 0.975 0.289 
0.026 0.993 0.069 0.970 0.017 
0.025 0.992 0.040 0.983 0.017 
0.026 0.992 0.039 0.980 0.031 
0.028 0.993 0.059 0.973 0.010 
0.020 0.994 0.045 0.980 0.041 
0.023 0.993 0.018 0.990 0.079 
0.025 0.993 0.045 0.985 0.357 
0.031 0.993 0.058 0.975 0.027 
0.021 0.993 0.037 0.985 0.062 
0.022 0.993 0.016 0.993 0.065 
0.008 0.998 0.017 0.995 0.845 
0.022 0.993 0.018 0.990 0.368 
0.023 0.993 0.043 0.978 0.021 
0.018 0.995 0.025 0.990 0.021 
0.019 0.995 0.078 0.970 0.447 
0.032 0.992 0.072 0.968 1.000 
0.020 0.993 0.022 0.990 0.608 
0.021 0.995 0.097 0.960 0.997 
0.030 0.992 0.047 0.983 1.000 
0.025 0.994 0.078 0.965 0.433 
0.025 0.996 0.068 0.970 0.990 
0.029 0.993 0.022 0.988 1.000 
0.021 0.995 0.031 0.988 0.749 
0.016 0.995 0.098 0.960 0.907 
0.014 0.994 0.021 0.993 0.344 
0.014 0.995 0.060 0.983 0.914 
0.011 0.997 0.093 0.973 0.034 
0.019 0.996 0.044 0.983 0.254 
0.019 0.993 0.040 0.983 0.000 
0.028 0.993 0.066 0.978 0.082 
0.017 0.996 0.206 0.960 0.282 
0.027 0.992 0.066 0.973 0.976 
0.020 0.994 0.063 0.973 0.560 
0.018 0.995 0.039 0.980 0.997 
0.018 0.995 0.068 0.973 0.880 
0.038 0.991 0.066 0.975 0.979 
0.026 0.991 0.054 0.975 0.997 
0.029 0.993 0.058 0.983 0.619 
0.037 0.992 0.082 0.968 0.890 
0.012 0.998 0.024 0.993 0.021 
0.016 0.995 0.037 0.983 0.595 
0.018 0.996 0.039 0.988 0.993 
0.021 0.995 0.046 0.983 0.825 
0.031 0.994 0.035 0.988 0.045 
0.025 0.993 0.040 0.985 0.677 
0.019 0.995 0.040 0.988 0.773 
0.024 0.994 0.032 0.990 0.000 
0.017 0.996 0.043 0.988 0.000 
0.021 0.996 0.061 0.980 0.000 
0.021 0.994 0.044 0.988 0.045 
0.027 0.993 0.067 0.978 0.000 
0.022 0.993 0.068 0.970 0.113 
0.018 0.994 0.047 0.983 0.007 
0.030 0.993 0.057 0.980 0.000 
0.034 0.993 0.045 0.985 0.017 
0.023 0.994 0.035 0.988 0.000 
0.021 0.995 0.042 0.988 0.000 
0.021 0.994 0.066 0.975 0.038 
0.023 0.993 0.035 0.988 0.000 
0.018 0.996 0.031 0.988 0.034 
0.019 0.996 0.019 0.993 0.120 
0.016 0.997 0.063 0.975 0.801 
0.026 0.993 0.038 0.985 0.000 
0.016 0.996 0.052 0.983 0.010 
0.023 0.994 0.050 0.983 0.588 
0.017 0.995 0.037 0.983 0.024 
0.014 0.994 0.013 0.993 0.735 
0.020 0.995 0.019 0.993 0.000 
0.032 0.993 0.025 0.988 0.027 
0.023 0.993 0.064 0.973 0.457 
0.012 0.996 0.094 0.968 0.021 
0.018 0.998 0.038 0.988 0.069 
0.020 0.993 0.038 0.990 0.000 
0.028 0.992 0.013 0.995 0.024 
0.017 0.994 0.025 0.990 0.076 
0.015 0.995 0.048 0.985 0.619 
0.021 0.994 0.104 0.960 1.000 
0.063 0.992 0.069 0.973 1.000 
0.022 0.996 0.050 0.978 0.000 
0.030 0.992 0.020 0.993 0.993 
0.019 0.995 0.036 0.990 0.897 
0.014 0.995 0.049 0.985 0.003 
0.021 0.995 0.045 0.988 0.340 
0.019 0.995 0.056 0.978 0.684 
0.018 0.993 0.018 0.995 0.058 
0.013 0.997 0.076 0.978 0.392 
0.016 0.993 0.034 0.988 0.416 
0.022 0.992 0.130 0.948 0.897 
0.012 0.998 0.075 0.968 0.687 
0.017 0.994 0.077 0.965 0.216 
0.014 0.995 0.020 0.990 0.722 
0.034 0.993 0.058 0.978 0.000 
0.018 0.995 0.063 0.973 0.000 
0.020 0.993 0.057 0.980 0.010 
0.015 0.995 0.042 0.985 0.966 
0.016 0.994 0.062 0.973 0.192 
0.022 0.994 0.029 0.988 0.137 
0.014 0.996 0.078 0.970 0.955 
0.041 0.988 0.085 0.968 0.031 
0.022 0.995 0.044 0.978 0.983 
0.022 0.992 0.046 0.983 0.058 
0.025 0.995 0.099 0.965 0.021 
0.018 0.992 0.035 0.985 0.003 
0.026 0.991 0.021 0.990 0.684 
0.019 0.994 0.034 0.983 0.014 
0.027 0.992 0.040 0.988 0.003 
0.027 0.993 0.125 0.963 0.000 
0.020 0.995 0.097 0.968 0.003 
0.022 0.994 0.045 0.985 0.344 
0.018 0.995 0.067 0.975 0.127 
0.024 0.995 0.032 0.990 0.031 
0.037 0.990 0.088 0.968 0.144 
0.016 0.996 0.122 0.958 0.048 
0.023 0.993 0.098 0.980 0.072 
0.021 0.993 0.116 0.963 0.007 
0.018 0.995 0.068 0.975 0.003 
0.015 0.996 0.026 0.988 0.368 
0.017 0.995 0.039 0.985 0.636 
0.015 0.997 0.102 0.965 0.797 
0.031 0.990 0.047 0.983 0.079 
0.027 0.993 0.097 0.965 1.000 
0.028 0.993 0.040 0.980 0.993 
0.023 0.993 0.046 0.983 0.928 
0.027 0.992 0.093 0.965 0.986 
0.018 0.996 0.102 0.965 0.900 
0.023 0.993 0.048 0.978 0.749 
0.019 0.995 0.029 0.990 0.254 
0.026 0.995 0.045 0.978 0.337 
0.020 0.994 0.049 0.978 0.674 
0.021 0.994 0.084 0.970 0.096 
0.031 0.996 0.030 0.988 0.993 
0.014 0.994 0.028 0.988 0.199 
0.018 0.995 0.093 0.958 0.976 
0.023 0.993 0.069 0.975 0.997 
0.017 0.996 0.146 0.970 0.842 
0.022 0.993 0.056 0.975 1.000 
0.018 0.995 0.085 0.968 1.000 
0.018 0.995 0.050 0.978 1.000 
0.020 0.996 0.048 0.980 1.000 
0.027 0.992 0.049 0.983 0.742 
0.018 0.996 0.090 0.963 1.000 
0.023 0.995 0.053 0.990 0.966 
0.016 0.994 0.050 0.980 0.976 
0.021 0.992 0.050 0.980 1.000 
0.032 0.991 0.041 0.983 0.574 
0.013 0.997 0.061 0.978 0.914 
0.015 0.995 0.028 0.988 0.010 
0.026 0.992 0.077 0.973 0.674 
0.016 0.996 0.012 0.995 1.000 
0.021 0.993 0.078 0.973 1.000 
0.021 0.993 0.083 0.965 0.997 
0.018 0.992 0.034 0.985 0.433 
0.018 0.995 0.092 0.970 0.000 
0.019 0.998 0.073 0.975 0.021 
0.023 0.995 0.024 0.993 0.137 
0.022 0.994 0.147 0.940 0.880 
0.016 0.993 0.025 0.985 0.045 
0.023 0.992 0.093 0.965 0.021 
0.022 0.995 0.054 0.975 0.000 
0.024 0.993 0.082 0.968 0.192 
0.024 0.992 0.042 0.980 0.000 
0.019 0.995 0.054 0.983 0.096 
0.015 0.995 0.043 0.985 0.003 
0.019 0.994 0.034 0.983 0.000 
0.018 0.995 0.124 0.958 0.471 
0.016 0.995 0.042 0.983 0.000 
0.012 0.996 0.067 0.978 0.096 
0.024 0.995 0.045 0.983 0.629 
0.020 0.996 0.041 0.988 0.574 
0.027 0.995 0.131 0.953 0.625 
0.028 0.992 0.071 0.973 0.986 
0.019 0.993 0.036 0.983 0.955 
0.035 0.993 0.032 0.980 0.000 
0.020 0.995 0.058 0.985 0.014 
0.017 0.995 0.106 0.975 0.000 
0.024 0.995 0.030 0.988 0.423 
0.026 0.992 0.049 0.983 0.931 
0.011 0.995 0.068 0.975 0.993 
0.029 0.990 0.042 0.980 0.216 
0.014 0.998 0.070 0.975 0.787 
0.015 0.996 0.063 0.980 0.292 
0.016 0.995 0.035 0.983 0.110 
0.033 0.992 0.050 0.985 0.704 
0.021 0.996 0.049 0.978 0.017 
0.038 0.995 0.052 0.978 0.017 
0.016 0.994 0.086 0.968 0.079 
0.030 0.993 0.041 0.985 0.471 
0.019 0.993 0.092 0.965 0.031 
0.016 0.995 0.096 0.963 1.000 
0.023 0.992 0.099 0.963 0.962 
0.019 0.995 0.040 0.985 0.997 
0.015 0.996 0.071 0.973 0.684 
0.022 0.995 0.057 0.973 0.907 
0.016 0.995 0.098 0.965 0.990 
0.030 0.990 0.087 0.953 0.990 
0.015 0.996 0.099 0.963 1.000 
0.017 0.993 0.155 0.948 0.010 
0.021 0.995 0.075 0.970 0.007 
0.017 0.993 0.150 0.953 0.024 
0.025 0.993 0.036 0.988 0.581 
0.019 0.995 0.048 0.983 0.000 
0.018 0.996 0.035 0.985 0.000 
0.015 0.996 0.018 0.993 0.017 
0.027 0.993 0.152 0.945 0.003 
0.018 0.995 0.032 0.988 0.000 
0.019 0.996 0.041 0.985 0.000 
0.012 0.997 0.039 0.990 0.000 
0.036 0.993 0.087 0.968 0.000 
0.014 0.995 0.100 0.960 0.014 
0.015 0.993 0.070 0.978 0.000 
0.025 0.992 0.108 0.960 0.000 
0.014 0.994 0.069 0.973 0.003 
0.030 0.996 0.134 0.955 0.010 
0.029 0.992 0.069 0.968 0.000 
0.019 0.993 0.085 0.968 0.000 
0.058 0.992 0.073 0.973 0.993 
0.021 0.993 0.112 0.965 0.979 
0.015 0.997 0.077 0.973 0.845 
0.020 0.993 0.076 0.975 0.979 
0.025 0.992 0.084 0.970 0.952 
0.024 0.993 0.080 0.970 0.120 
0.028 0.992 0.181 0.943 0.399 
0.019 0.993 0.129 0.955 0.089 
0.020 0.997 0.057 0.975 0.416 
0.016 0.995 0.157 0.950 0.031 
0.012 0.996 0.073 0.968 0.014 
0.015 0.996 0.089 0.970 0.426 
0.008 0.998 0.034 0.983 0.694 
0.016 0.996 0.065 0.978 0.897 
0.020 0.995 0.030 0.990 0.326 
0.025 0.992 0.046 0.983 1.000 
0.013 0.996 0.059 0.978 0.278 
0.013 0.995 0.064 0.975 1.000 
0.033 0.993 0.053 0.983 0.460 
0.023 0.993 0.049 0.978 0.677 
0.013 0.996 0.122 0.968 1.000 
0.014 0.997 0.044 0.988 1.000 
0.017 0.996 0.154 0.950 1.000 
0.029 0.993 0.086 0.970 0.680 
0.014 0.995 0.141 0.950 0.993 
0.016 0.997 0.026 0.993 0.790 
0.023 0.993 0.086 0.968 0.959 
0.018 0.996 0.173 0.943 0.983 
0.015 0.995 0.074 0.978 0.567 
0.024 0.993 0.048 0.985 0.612 
0.027 0.993 0.072 0.973 0.818 
0.021 0.995 0.047 0.988 0.450 
0.013 0.996 0.108 0.958 0.863 
0.020 0.994 0.075 0.968 0.969 
0.016 0.992 0.066 0.978 0.993 
0.007 0.998 0.017 0.995 0.900 
0.023 0.995 0.104 0.963 0.997 
0.017 0.996 0.135 0.948 0.983 
0.020 0.994 0.024 0.990 1.000 
0.022 0.992 0.137 0.950 1.000 
0.028 0.994 0.041 0.988 1.000 
0.016 0.995 0.035 0.990 0.890 
0.018 0.996 0.047 0.983 1.000 
0.016 0.995 0.120 0.953 1.000 
0.018 0.993 0.093 0.955 1.000 
0.013 0.996 0.038 0.985 1.000 
0.014 0.998 0.047 0.983 1.000 
0.009 0.998 0.065 0.980 1.000 
0.026 0.993 0.054 0.998 0.924 
0.013 0.996 0.061 0.978 1.000 
0.023 0.992 0.063 0.975 1.000 
0.009 0.997 0.064 0.988 1.000 
0.032 0.993 0.059 0.983 1.000 
0.017 0.995 0.096 0.958 1.000 
0.024 0.992 0.071 0.975 1.000 
0.015 0.996 0.038 0.983 1.000 
0.015 0.994 0.035 0.990 1.000 
0.022 0.993 0.107 0.963 1.000 
0.016 0.995 0.059 0.980 1.000 
0.018 0.996 0.087 0.970 1.000 
0.017 0.993 0.012 0.995 0.485 
0.032 0.994 0.031 0.988 1.000 
0.014 0.996 0.015 0.995 0.997 
0.024 0.992 0.017 0.990 1.000 
0.012 0.996 0.031 0.985 1.000 
0.011 0.996 0.074 0.980 1.000 
0.043 0.994 0.096 0.960 1.000 
0.014 0.995 0.032 0.985 0.979 
0.017 0.996 0.109 0.963 0.986 
0.019 0.993 0.038 0.985 0.354 
0.045 0.992 0.072 0.968 0.718 
0.017 0.995 0.146 0.945 0.986 
0.019 0.995 0.052 0.983 0.973 
0.021 0.993 0.032 0.988 0.979 
0.019 0.996 0.050 0.978 0.945 
0.039 0.993 0.038 0.988 1.000 
0.022 0.995 0.213 0.932 0.993 
0.016 0.994 0.102 0.963 0.993 
0.040 0.991 0.036 0.990 0.979 
0.043 0.993 0.105 0.960 1.000 
0.024 0.993 0.039 0.985 1.000 
0.026 0.993 0.054 0.970 0.928 
0.012 0.998 0.071 0.975 1.000 
0.015 0.997 0.045 0.983 1.000 
0.019 0.994 0.144 0.953 1.000 
0.013 0.995 0.133 0.955 1.000 
0.024 0.993 0.056 0.983 0.990 
0.016 0.994 0.046 0.985 1.000 
0.023 0.992 0.049 0.988 1.000 
0.022 0.995 0.082 0.965 1.000 
0.020 0.994 0.076 0.973 1.000 
0.019 0.996 0.120 0.965 0.887 
0.021 0.996 0.083 0.965 1.000 
0.017 0.995 0.105 0.970 1.000 
0.022 0.992 0.073 0.973 1.000 
0.014 0.995 0.035 0.988 1.000 
0.015 0.995 0.059 0.973 1.000 
0.039 0.995 0.077 0.985 0.962 
0.013 0.996 0.066 0.978 1.000 
0.046 0.989 0.099 0.970 1.000 
0.006 0.998 0.033 0.990 1.000 
0.020 0.996 0.068 0.980 1.000 
0.013 0.995 0.127 0.970 1.000 
0.021 0.995 0.056 0.978 1.000 
0.029 0.991 0.087 0.975 1.000 
0.030 0.993 0.103 0.960 1.000 
0.031 0.992 0.040 0.983 1.000 
0.021 0.995 0.089 0.968 1.000 
0.014 0.997 0.122 0.955 1.000 
0.014 0.993 0.043 0.985 1.000 
0.015 0.996 0.167 0.948 1.000 
0.015 0.997 0.159 0.953 0.997 
0.033 0.991 0.033 0.985 0.962 
0.045 0.993 0.028 0.988 0.811 
0.015 0.995 0.061 0.983 1.000 
0.037 0.993 0.042 0.985 0.883 
0.019 0.993 0.044 0.983 0.997 
0.025 0.994 0.093 0.963 0.993 
0.018 0.994 0.063 0.980 0.993 
0.013 0.997 0.134 0.950 1.000 
0.017 0.992 0.072 0.973 0.997 
0.016 0.996 0.035 0.988 0.948 
0.010 0.996 0.090 0.978 0.660 
0.019 0.996 0.074 0.973 1.000 
0.015 0.996 0.020 0.993 1.000 
0.020 0.994 0.024 0.990 1.000 
0.047 0.992 0.065 0.970 1.000 
0.013 0.996 0.134 0.955 0.997 
0.022 0.993 0.041 0.995 0.845 
0.018 0.995 0.061 0.983 1.000 
0.019 0.993 0.040 0.985 0.990 
0.033 0.993 0.073 0.978 1.000 
0.022 0.995 0.086 0.973 1.000 
0.013 0.996 0.051 0.978 1.000 
0.012 0.996 0.035 0.985 1.000 
0.020 0.995 0.109 0.963 1.000 
0.015 0.996 0.041 0.980 1.000 
0.017 0.995 0.073 0.973 0.997 
0.016 0.996 0.063 0.975 1.000 
0.025 0.993 0.056 0.975 1.000 
0.022 0.993 0.058 0.975 1.000 
0.014 0.994 0.131 0.968 1.000 
0.019 0.993 0.087 0.975 1.000 
0.038 0.993 0.281 0.973 0.347 
0.018 0.996 0.055 0.980 1.000 
0.011 0.997 0.027 0.993 1.000 
0.021 0.993 0.070 0.968 0.691 
0.021 0.993 0.061 0.983 1.000 
0.023 0.993 0.027 0.995 1.000 
0.017 0.995 0.080 0.975 1.000 
0.011 0.998 0.085 0.970 0.948 
0.015 0.997 0.096 0.973 1.000 
0.018 0.995 0.047 0.978 1.000 
0.018 0.995 0.072 0.973 1.000 
0.022 0.994 0.055 0.978 1.000 
0.013 0.996 0.125 0.950 0.993 
0.022 0.996 0.097 0.968 1.000 
0.014 0.996 0.035 0.985 1.000 
0.025 0.993 0.044 0.980 1.000 
0.028 0.993 0.098 0.968 0.052 
0.023 0.992 0.025 0.990 0.515 
0.019 0.993 0.078 0.978 0.948 
0.028 0.993 0.074 0.973 1.000 
0.013 0.996 0.093 0.963 0.887 
0.014 0.996 0.032 0.980 1.000 
0.020 0.995 0.116 0.958 0.732 
0.043 0.994 0.011 0.995 0.866 
0.018 0.996 0.087 0.973 0.113 
0.015 0.995 0.083 0.970 0.021 
0.024 0.993 0.059 0.978 0.041 
0.016 0.995 0.049 0.978 0.794 
0.019 0.992 0.042 0.983 0.973 
0.026 0.996 0.061 0.975 0.952 
0.014 0.994 0.046 0.985 0.296 
0.018 0.995 0.097 0.968 1.000 
0.028 0.993 0.114 0.960 0.966 
0.023 0.994 0.065 0.978 1.000 
0.016 0.994 0.055 0.983 0.729 
0.013 0.995 0.090 0.973 0.711 
0.025 0.994 0.076 0.973 0.993 
0.013 0.995 0.053 0.980 0.192 
0.025 0.994 0.064 0.970 0.024 
0.013 0.996 0.041 0.980 0.003 
0.007 0.998 0.027 0.988 0.010 
0.017 0.995 0.022 0.990 0.103 
0.022 0.995 0.072 0.973 0.337 
0.014 0.994 0.113 0.968 0.017 
0.020 0.995 0.078 0.973 0.031 
0.030 0.993 0.026 0.988 0.701 
0.028 0.994 0.059 0.983 0.192 
0.008 0.998 0.063 0.973 0.502 
0.021 0.994 0.056 0.978 0.010 
0.014 0.995 0.088 0.963 0.165 
0.016 0.995 0.074 0.968 0.708 
0.015 0.996 0.021 0.990 0.017 
0.019 0.997 0.052 0.985 1.000 
0.019 0.995 0.104 0.960 0.457 
0.016 0.995 0.033 0.993 0.024 
0.017 0.994 0.059 0.985 0.938 
0.012 0.995 0.084 0.970 0.777 
0.019 0.993 0.106 0.963 0.997 
0.037 0.992 0.082 0.973 1.000 
0.033 0.993 0.063 0.975 1.000 
0.017 0.993 0.112 0.970 1.000 
0.010 0.998 0.017 0.995 1.000 
0.012 0.996 0.021 0.993 1.000 
0.036 0.992 0.088 0.963 0.086 
0.015 0.995 0.056 0.978 0.814 
0.021 0.995 0.034 0.988 0.416 
0.014 0.996 0.066 0.973 0.591 
0.012 0.996 0.039 0.990 0.234 
0.031 0.997 0.058 0.985 0.577 
0.057 0.993 0.044 0.978 0.512 
0.025 0.993 0.105 0.958 0.052 
0.013 0.996 0.123 0.960 0.010 
0.015 0.995 0.223 0.940 0.588 
0.019 0.994 0.125 0.970 0.010 
0.011 0.997 0.047 0.990 0.024 
0.023 0.997 0.113 0.965 0.213 
0.023 0.994 0.031 0.988 0.024 
0.025 0.993 0.019 0.998 0.017 
0.022 0.993 0.048 0.988 0.017 
0.027 0.995 0.016 0.993 0.103 
0.013 0.996 0.040 0.985 0.038 
0.024 0.993 0.050 0.985 0.948 
0.058 0.990 0.059 0.975 0.790 
0.013 0.996 0.040 0.983 0.440 
0.020 0.995 0.138 0.953 0.680 
0.010 0.996 0.021 0.988 0.698 
0.020 0.995 0.060 0.980 0.100 
0.021 0.993 0.094 0.963 0.027 
0.023 0.995 0.008 1.000 0.027 
0.017 0.995 0.013 0.995 0.687 
0.022 0.994 0.106 0.965 0.134 
0.018 0.995 0.106 0.973 0.265 
0.028 0.993 0.089 0.968 0.089 
0.022 0.993 0.029 0.988 0.038 
0.028 0.992 0.066 0.975 0.241 
0.022 0.993 0.035 0.983 0.065 
0.011 0.996 0.049 0.983 0.124 
0.015 0.996 0.023 0.990 0.993 
0.017 0.994 0.054 0.983 0.825 
0.015 0.996 0.051 0.983 1.000 
0.025 0.993 0.063 0.983 0.983 
0.020 0.995 0.105 0.958 0.309 
0.014 0.997 0.094 0.960 0.402 
0.020 0.992 0.058 0.978 0.076 
0.028 0.995 0.039 0.983 0.045 
0.009 0.998 0.036 0.990 0.014 
0.013 0.995 0.051 0.980 0.079 
0.020 0.995 0.113 0.955 0.165 
0.027 0.992 0.025 0.993 0.931 
0.009 0.998 0.052 0.980 0.945 
0.013 0.995 0.049 0.983 0.952 
0.014 0.994 0.081 0.965 1.000 
0.012 0.997 0.052 0.983 0.918 
0.028 0.992 0.018 0.990 0.584 
0.022 0.993 0.047 0.983 0.093 
0.017 0.995 0.007 0.998 0.354 
0.010 0.996 0.037 0.983 0.052 
0.019 0.997 0.070 0.975 0.285 
0.009 0.997 0.144 0.958 0.997 
0.011 0.997 0.053 0.980 0.893 
0.008 0.997 0.047 0.985 0.041 
0.020 0.996 0.035 0.988 0.687 
0.006 0.998 0.003 0.998 1.000 
0.043 0.990 0.056 0.980 0.979 
0.019 0.995 0.074 0.970 0.017 
0.015 0.995 0.048 0.985 0.842 
0.022 0.996 0.048 0.978 0.632 
0.016 0.995 0.041 0.990 0.409 
0.015 0.996 0.050 0.985 0.636 
0.024 0.994 0.045 0.990 0.021 
0.035 0.990 0.040 0.988 0.052 
0.020 0.995 0.030 0.993 0.986 
0.026 0.992 0.070 0.978 1.000 
0.022 0.994 0.033 0.990 0.278 
0.017 0.994 0.032 0.990 0.199 
0.019 0.995 0.052 0.983 0.749 
0.019 0.995 0.065 0.978 0.082 
0.027 0.993 0.106 0.968 0.251 
0.016 0.995 0.045 0.988 0.017 
0.008 0.998 0.023 0.993 0.220 
0.014 0.995 0.027 0.990 0.031 
0.027 0.992 0.021 0.993 0.216 
0.018 0.996 0.033 0.990 0.024 
0.021 0.991 0.070 0.990 0.017 
0.024 0.995 0.067 0.980 0.271 
0.026 0.996 0.037 0.990 0.052 
0.019 0.995 0.052 0.988 0.045 
0.012 0.996 0.024 0.995 0.052 
0.013 0.998 0.045 0.988 0.024 
0.026 0.993 0.061 0.978 0.729 
0.014 0.996 0.049 0.985 0.729 
0.025 0.990 0.090 0.968 0.945 
0.018 0.995 0.088 0.970 0.742 
0.029 0.994 0.063 0.978 0.653 
0.020 0.995 0.094 0.968 0.897 
0.023 0.994 0.063 0.973 0.931 
0.017 0.992 0.107 0.970 0.265 
0.010 0.996 0.040 0.985 0.997 
0.025 0.994 0.079 0.978 0.959 
0.015 0.996 0.084 0.973 0.849 
0.015 0.996 0.047 0.980 0.887 
0.008 0.996 0.021 0.990 0.942 
0.024 0.993 0.153 0.955 0.024 
0.016 0.994 0.084 0.968 0.997 
0.031 0.993 0.049 0.978 1.000 
0.019 0.995 0.108 0.958 0.210 
0.016 0.995 0.045 0.983 0.698 
0.013 0.997 0.054 0.978 0.914 
0.011 0.996 0.127 0.960 0.722 
0.017 0.996 0.029 0.990 0.698 
0.016 0.995 0.075 0.968 0.921 
0.021 0.995 0.017 0.990 0.997 
0.020 0.996 0.032 0.988 0.636 
0.008 0.999 0.053 0.988 0.990 
0.017 0.994 0.053 0.980 0.990 
0.010 0.996 0.098 0.965 0.911 
0.022 0.995 0.012 0.995 1.000 
0.013 0.996 0.111 0.955 1.000 
0.012 0.996 0.016 0.993 1.000 
0.017 0.995 0.034 0.990 1.000 
0.014 0.995 0.035 0.990 0.997 
0.030 0.992 0.059 0.973 0.942 
0.015 0.995 0.048 0.985 0.863 
0.013 0.995 0.063 0.985 1.000 
0.020 0.994 0.041 0.990 0.838 
0.016 0.996 0.056 0.975 0.997 
0.025 0.993 0.128 0.950 0.997 
0.014 0.995 0.064 0.983 0.976 
0.024 0.995 0.088 0.968 1.000 
0.015 0.995 0.036 0.990 1.000 
0.022 0.993 0.044 0.983 0.402 
0.011 0.998 0.021 0.990 0.928 
0.010 0.997 0.059 0.985 0.622 
0.020 0.995 0.046 0.985 0.753 
0.014 0.995 0.190 0.980 0.034 
0.043 0.991 0.044 0.990 0.852 
0.020 0.992 0.146 0.955 0.082 
0.022 0.993 0.052 0.985 0.557 
0.023 0.993 0.051 0.985 1.000 
0.014 0.996 0.032 0.988 0.997 
0.014 0.996 0.076 0.968 0.832 
0.007 0.998 0.096 0.968 0.625 
0.016 0.996 0.024 0.995 0.148 
0.017 0.993 0.025 0.990 1.000 
0.013 0.996 0.033 0.988 1.000 
0.018 0.995 0.050 0.985 0.876 
0.025 0.993 0.155 0.955 0.192 
0.016 0.997 0.071 0.980 0.186 
0.033 0.991 0.107 0.968 1.000 
0.015 0.996 0.091 0.975 1.000 
0.029 0.994 0.072 0.975 1.000 
0.017 0.994 0.049 0.980 1.000 
0.016 0.995 0.139 0.953 0.997 
0.010 0.998 0.060 0.973 0.172 
0.011 0.997 0.052 0.983 0.973 
0.026 0.992 0.037 0.995 1.000 
0.012 0.996 0.027 0.993 1.000 
0.011 0.996 0.069 0.988 0.993 
0.025 0.992 0.085 0.965 1.000 
0.014 0.996 0.110 0.958 1.000 
0.020 0.995 0.079 0.975 0.911 
0.018 0.996 0.073 0.973 0.739 
0.015 0.996 0.068 0.975 0.993 
0.021 0.995 0.069 0.975 0.110 
0.010 0.997 0.024 0.993 0.966 
0.019 0.993 0.029 0.993 0.041 
