0.395 0.843 0.175 0.953 0.150 
0.303 0.881 0.192 0.965 0.150 
0.241 0.911 0.102 0.978 0.459 
0.247 0.905 0.111 0.980 0.722 
0.227 0.911 0.085 0.968 0.600 
0.227 0.915 0.134 0.973 0.806 
0.211 0.929 0.107 0.973 0.706 
0.193 0.927 0.096 0.975 0.831 
0.190 0.934 0.109 0.973 0.853 
0.183 0.935 0.093 0.983 0.722 
0.194 0.930 0.129 0.978 0.853 
0.179 0.932 0.150 0.955 0.797 
0.185 0.934 0.150 0.965 0.816 
0.175 0.936 0.174 0.970 0.878 
0.169 0.942 0.191 0.973 0.925 
0.168 0.943 0.086 0.985 0.797 
0.152 0.948 0.145 0.965 0.847 
0.155 0.944 0.093 0.985 0.859 
0.151 0.949 0.095 0.983 0.869 
0.151 0.947 0.107 0.978 0.850 
0.142 0.950 0.098 0.980 0.850 
0.140 0.952 0.084 0.978 0.716 
0.149 0.949 0.089 0.975 0.759 
0.143 0.950 0.101 0.960 0.772 
0.142 0.953 0.098 0.983 0.841 
0.133 0.960 0.121 0.975 0.891 
0.142 0.954 0.115 0.975 0.863 
0.132 0.951 0.101 0.983 0.875 
0.151 0.954 0.126 0.980 0.903 
0.119 0.960 0.108 0.983 0.875 
0.145 0.955 0.090 0.968 0.784 
0.110 0.965 0.119 0.975 0.887 
0.137 0.953 0.084 0.978 0.806 
0.122 0.959 0.108 0.985 0.894 
0.133 0.958 0.063 0.985 0.784 
0.136 0.951 0.095 0.983 0.850 
0.122 0.958 0.131 0.980 0.916 
0.127 0.959 0.118 0.983 0.922 
0.126 0.959 0.108 0.985 0.875 
0.112 0.965 0.118 0.985 0.884 
0.124 0.952 0.098 0.963 0.787 
0.116 0.960 0.113 0.983 0.906 
0.135 0.956 0.163 0.965 0.938 
0.119 0.961 0.101 0.985 0.887 
0.117 0.959 0.130 0.985 0.912 
0.109 0.966 0.100 0.985 0.897 
0.120 0.960 0.091 0.985 0.878 
0.104 0.969 0.122 0.983 0.897 
0.114 0.965 0.084 0.980 0.847 
0.111 0.964 0.063 0.988 0.794 
0.116 0.963 0.075 0.988 0.853 
0.108 0.965 0.120 0.985 0.928 
0.110 0.961 0.134 0.985 0.906 
0.117 0.961 0.099 0.985 0.881 
0.103 0.961 0.151 0.980 0.931 
0.110 0.964 0.100 0.988 0.878 
0.098 0.966 0.136 0.980 0.941 
0.096 0.968 0.096 0.990 0.909 
0.101 0.967 0.107 0.983 0.900 
0.101 0.962 0.098 0.985 0.912 
0.098 0.968 0.076 0.985 0.875 
0.096 0.969 0.123 0.988 0.903 
0.113 0.955 0.077 0.983 0.834 
0.105 0.971 0.125 0.975 0.863 
0.099 0.970 0.150 0.978 0.947 
0.098 0.968 0.100 0.985 0.925 
0.113 0.965 0.066 0.990 0.922 
0.102 0.972 0.095 0.988 0.941 
0.105 0.964 0.071 0.983 0.859 
0.085 0.971 0.089 0.988 0.872 
0.082 0.972 0.108 0.983 0.909 
0.093 0.968 0.096 0.983 0.878 
0.094 0.969 0.109 0.985 0.912 
0.097 0.970 0.161 0.980 0.966 
0.097 0.966 0.116 0.980 0.916 
0.090 0.968 0.099 0.988 0.909 
0.096 0.972 0.098 0.983 0.869 
0.086 0.973 0.086 0.985 0.853 
0.098 0.968 0.118 0.985 0.909 
0.083 0.976 0.109 0.985 0.916 
0.089 0.971 0.071 0.985 0.819 
0.085 0.974 0.064 0.988 0.847 
0.088 0.973 0.105 0.990 0.928 
0.104 0.969 0.114 0.988 0.925 
0.090 0.972 0.087 0.985 0.897 
0.088 0.972 0.077 0.988 0.859 
0.091 0.973 0.087 0.990 0.919 
0.074 0.975 0.227 0.948 0.969 
0.086 0.974 0.081 0.985 0.863 
0.083 0.975 0.131 0.985 0.934 
0.097 0.968 0.105 0.980 0.872 
0.105 0.964 0.089 0.988 0.881 
0.082 0.974 0.121 0.978 0.956 
0.083 0.974 0.117 0.988 0.906 
0.096 0.971 0.066 0.988 0.887 
0.079 0.975 0.084 0.990 0.903 
0.073 0.980 0.096 0.985 0.947 
0.089 0.968 0.069 0.988 0.859 
0.077 0.976 0.076 0.990 0.900 
0.073 0.980 0.101 0.983 0.869 
0.079 0.975 0.139 0.983 0.956 
0.087 0.970 0.092 0.988 0.891 
0.075 0.975 0.098 0.985 0.906 
0.081 0.972 0.072 0.988 0.909 
0.087 0.969 0.051 0.990 0.909 
0.084 0.970 0.102 0.988 0.941 
0.082 0.975 0.079 0.988 0.894 
0.088 0.969 0.107 0.983 0.956 
0.077 0.978 0.084 0.990 0.941 
0.078 0.972 0.089 0.985 0.906 
0.079 0.976 0.067 0.988 0.897 
0.075 0.973 0.074 0.985 0.903 
0.079 0.972 0.060 0.985 0.863 
0.075 0.979 0.118 0.980 0.953 
0.075 0.977 0.130 0.980 0.963 
0.063 0.980 0.088 0.988 0.928 
0.073 0.977 0.118 0.985 0.922 
0.066 0.982 0.124 0.990 0.934 
0.083 0.974 0.129 0.988 0.941 
0.073 0.978 0.119 0.988 0.941 
0.077 0.976 0.060 0.988 0.866 
0.072 0.978 0.090 0.990 0.894 
0.067 0.977 0.096 0.983 0.963 
0.074 0.974 0.056 0.990 0.859 
0.065 0.978 0.062 0.990 0.906 
0.076 0.976 0.101 0.990 0.938 
0.069 0.981 0.096 0.988 0.950 
0.086 0.969 0.040 0.985 0.863 
0.085 0.970 0.053 0.988 0.872 
0.080 0.975 0.060 0.988 0.891 
0.069 0.975 0.081 0.985 0.950 
0.067 0.977 0.075 0.983 0.887 
0.069 0.974 0.077 0.985 0.941 
0.064 0.976 0.058 0.988 0.887 
0.078 0.974 0.084 0.990 0.934 
0.066 0.978 0.095 0.985 0.912 
0.059 0.979 0.071 0.990 0.909 
0.080 0.976 0.049 0.990 0.891 
0.077 0.970 0.099 0.985 0.950 
0.059 0.983 0.080 0.990 0.938 
0.071 0.975 0.062 0.988 0.891 
0.068 0.977 0.072 0.988 0.928 
0.065 0.974 0.075 0.988 0.916 
0.074 0.979 0.068 0.988 0.841 
0.053 0.982 0.059 0.988 0.881 
0.074 0.976 0.084 0.988 0.944 
0.064 0.978 0.055 0.990 0.894 
0.073 0.980 0.064 0.983 0.891 
0.062 0.976 0.072 0.983 0.897 
0.073 0.976 0.104 0.970 0.831 
0.064 0.978 0.083 0.988 0.931 
0.082 0.974 0.094 0.985 0.900 
0.064 0.982 0.088 0.990 0.953 
0.074 0.976 0.135 0.980 0.956 
0.053 0.981 0.109 0.985 0.919 
0.059 0.981 0.124 0.988 0.947 
0.077 0.977 0.193 0.990 0.959 
0.075 0.977 0.130 0.983 0.944 
0.063 0.979 0.099 0.988 0.947 
0.073 0.979 0.145 0.985 0.950 
0.070 0.979 0.127 0.990 0.922 
0.066 0.980 0.106 0.988 0.944 
0.071 0.977 0.095 0.975 0.881 
0.048 0.985 0.105 0.988 0.950 
0.068 0.978 0.126 0.983 0.956 
0.058 0.980 0.133 0.980 0.950 
0.068 0.981 0.075 0.985 0.863 
0.071 0.973 0.069 0.990 0.925 
0.068 0.981 0.104 0.988 0.928 
0.069 0.978 0.160 0.985 0.963 
0.065 0.978 0.179 0.983 0.953 
0.071 0.976 0.164 0.988 0.934 
0.064 0.976 0.102 0.988 0.884 
0.076 0.977 0.098 0.990 0.900 
0.059 0.981 0.155 0.985 0.956 
0.061 0.983 0.128 0.990 0.925 
0.063 0.981 0.108 0.988 0.953 
0.070 0.978 0.098 0.985 0.912 
0.059 0.985 0.113 0.990 0.925 
0.072 0.977 0.058 0.985 0.872 
0.056 0.984 0.101 0.988 0.941 
0.063 0.980 0.103 0.983 0.959 
0.059 0.982 0.090 0.983 0.947 
0.064 0.976 0.072 0.985 0.894 
0.072 0.977 0.092 0.990 0.931 
0.060 0.985 0.059 0.990 0.906 
0.077 0.976 0.071 0.980 0.847 
0.061 0.981 0.107 0.985 0.953 
0.054 0.982 0.056 0.990 0.919 
0.050 0.986 0.093 0.988 0.944 
0.050 0.986 0.095 0.990 0.944 
0.062 0.979 0.105 0.988 0.950 
0.065 0.973 0.073 0.990 0.891 
0.061 0.981 0.065 0.990 0.934 
0.061 0.982 0.115 0.988 0.938 
0.059 0.980 0.089 0.990 0.912 
0.058 0.977 0.132 0.988 0.959 
0.065 0.981 0.118 0.985 0.894 
0.059 0.980 0.073 0.983 0.850 
0.069 0.979 0.157 0.983 0.966 
0.058 0.982 0.129 0.988 0.944 
0.056 0.985 0.107 0.988 0.922 
0.054 0.982 0.142 0.988 0.956 
0.070 0.979 0.076 0.983 0.872 
0.049 0.984 0.084 0.988 0.916 
0.071 0.978 0.156 0.980 0.956 
0.045 0.983 0.081 0.988 0.881 
0.055 0.981 0.124 0.990 0.928 
0.071 0.973 0.093 0.990 0.906 
0.066 0.982 0.078 0.985 0.875 
0.058 0.984 0.096 0.988 0.903 
0.064 0.981 0.065 0.990 0.891 
0.059 0.980 0.107 0.988 0.922 
0.058 0.980 0.070 0.988 0.884 
0.058 0.981 0.140 0.983 0.956 
0.056 0.985 0.101 0.990 0.931 
0.059 0.979 0.105 0.985 0.887 
0.061 0.980 0.101 0.985 0.900 
0.065 0.980 0.095 0.990 0.922 
0.054 0.978 0.044 0.988 0.881 
0.055 0.980 0.116 0.990 0.950 
0.053 0.981 0.098 0.983 0.903 
0.057 0.983 0.079 0.988 0.919 
0.067 0.976 0.085 0.990 0.884 
0.053 0.984 0.072 0.990 0.891 
0.052 0.983 0.122 0.985 0.941 
0.061 0.978 0.110 0.988 0.934 
0.051 0.984 0.247 0.940 0.975 
0.065 0.977 0.106 0.988 0.950 
0.054 0.983 0.094 0.988 0.925 
0.056 0.984 0.107 0.988 0.931 
0.062 0.977 0.072 0.988 0.853 
0.054 0.982 0.110 0.988 0.916 
0.055 0.984 0.130 0.985 0.938 
0.054 0.981 0.076 0.988 0.881 
0.067 0.980 0.090 0.990 0.916 
0.051 0.981 0.081 0.988 0.931 
0.057 0.984 0.117 0.978 0.950 
0.060 0.984 0.068 0.988 0.909 
0.055 0.979 0.069 0.980 0.878 
0.052 0.982 0.046 0.990 0.881 
0.054 0.984 0.125 0.980 0.969 
0.054 0.982 0.094 0.985 0.941 
0.060 0.984 0.153 0.980 0.950 
0.056 0.980 0.143 0.988 0.966 
0.056 0.981 0.075 0.988 0.881 
0.050 0.982 0.111 0.990 0.938 
0.051 0.982 0.068 0.990 0.884 
0.050 0.982 0.099 0.990 0.909 
0.046 0.982 0.193 0.990 0.956 
0.079 0.979 0.162 0.990 0.947 
0.050 0.984 0.078 0.990 0.897 
0.062 0.981 0.142 0.985 0.941 
0.066 0.978 0.099 0.988 0.919 
0.047 0.985 0.104 0.990 0.922 
0.052 0.982 0.106 0.990 0.928 
0.053 0.982 0.089 0.988 0.912 
0.074 0.977 0.073 0.990 0.944 
0.065 0.982 0.055 0.990 0.897 
0.048 0.982 0.125 0.985 0.956 
0.053 0.982 0.063 0.988 0.916 
0.053 0.985 0.089 0.990 0.938 
0.045 0.984 0.045 0.990 0.922 
0.053 0.981 0.079 0.990 0.931 
0.059 0.983 0.083 0.985 0.756 
0.049 0.982 0.093 0.988 0.944 
0.053 0.981 0.041 0.990 0.838 
0.050 0.986 0.064 0.988 0.863 
0.042 0.984 0.102 0.973 0.906 
0.054 0.978 0.134 0.985 0.953 
0.053 0.984 0.074 0.990 0.928 
0.056 0.982 0.093 0.988 0.912 
0.057 0.981 0.069 0.985 0.909 
0.053 0.984 0.074 0.985 0.906 
0.050 0.980 0.092 0.988 0.950 
0.053 0.986 0.075 0.990 0.891 
0.055 0.985 0.099 0.980 0.887 
0.051 0.982 0.091 0.988 0.934 
0.050 0.985 0.086 0.980 0.853 
0.063 0.982 0.074 0.988 0.872 
0.044 0.988 0.150 0.988 0.953 
0.056 0.982 0.076 0.985 0.884 
0.051 0.981 0.092 0.990 0.919 
0.042 0.986 0.050 0.990 0.844 
0.053 0.983 0.097 0.980 0.903 
0.051 0.980 0.113 0.988 0.909 
0.057 0.980 0.056 0.990 0.878 
0.052 0.984 0.241 0.975 0.963 
0.054 0.984 0.068 0.990 0.875 
0.052 0.983 0.128 0.988 0.916 
0.053 0.983 0.116 0.985 0.931 
0.041 0.986 0.099 0.988 0.912 
0.055 0.981 0.107 0.988 0.944 
0.051 0.982 0.198 0.985 0.953 
0.070 0.980 0.084 0.990 0.853 
0.060 0.977 0.115 0.988 0.934 
0.049 0.982 0.103 0.990 0.919 
0.051 0.982 0.108 0.988 0.953 
0.046 0.987 0.055 0.980 0.819 
0.052 0.979 0.165 0.980 0.963 
0.050 0.982 0.097 0.990 0.919 
0.050 0.985 0.112 0.988 0.894 
0.052 0.983 0.146 0.988 0.938 
0.049 0.985 0.108 0.988 0.919 
0.051 0.983 0.093 0.988 0.944 
0.050 0.984 0.111 0.990 0.944 
0.049 0.982 0.085 0.990 0.906 
0.049 0.984 0.122 0.988 0.953 
0.050 0.984 0.067 0.990 0.922 
0.048 0.980 0.098 0.990 0.925 
0.060 0.981 0.052 0.990 0.891 
0.049 0.983 0.044 0.993 0.809 
0.054 0.983 0.096 0.985 0.894 
0.049 0.982 0.135 0.990 0.931 
0.056 0.979 0.106 0.990 0.928 
0.065 0.982 0.121 0.985 0.934 
0.046 0.983 0.097 0.988 0.922 
0.051 0.983 0.038 0.993 0.834 
0.047 0.984 0.069 0.990 0.887 
0.041 0.985 0.073 0.990 0.875 
0.060 0.981 0.115 0.990 0.938 
0.047 0.984 0.147 0.988 0.956 
0.046 0.987 0.106 0.990 0.912 
0.045 0.984 0.174 0.983 0.963 
0.045 0.986 0.157 0.988 0.953 
0.064 0.983 0.121 0.988 0.938 
0.049 0.986 0.080 0.990 0.891 
0.045 0.988 0.099 0.988 0.922 
0.046 0.985 0.079 0.990 0.891 
0.045 0.986 0.173 0.983 0.941 
0.054 0.984 0.102 0.988 0.931 
0.050 0.986 0.053 0.988 0.834 
0.036 0.987 0.153 0.983 0.950 
0.040 0.986 0.078 0.990 0.903 
0.049 0.986 0.088 0.978 0.875 
0.057 0.984 0.083 0.988 0.866 
0.047 0.981 0.086 0.990 0.912 
0.053 0.980 0.123 0.980 0.859 
0.052 0.986 0.158 0.985 0.925 
0.053 0.982 0.141 0.988 0.912 
0.057 0.985 0.090 0.990 0.909 
0.052 0.981 0.079 0.988 0.875 
0.050 0.985 0.079 0.990 0.916 
0.050 0.985 0.067 0.990 0.866 
0.039 0.985 0.149 0.983 0.947 
0.046 0.986 0.111 0.988 0.938 
0.044 0.985 0.063 0.990 0.897 
0.051 0.984 0.161 0.988 0.941 
0.045 0.985 0.093 0.988 0.897 
0.056 0.981 0.106 0.988 0.919 
0.052 0.981 0.149 0.990 0.938 
0.033 0.988 0.133 0.990 0.938 
0.048 0.985 0.078 0.983 0.863 
0.045 0.985 0.090 0.990 0.894 
0.040 0.986 0.221 0.988 0.947 
0.051 0.986 0.156 0.990 0.925 
0.049 0.988 0.215 0.985 0.944 
0.042 0.985 0.085 0.990 0.875 
0.046 0.988 0.147 0.990 0.906 
0.059 0.981 0.192 0.990 0.938 
0.051 0.982 0.131 0.990 0.906 
0.055 0.985 0.100 0.990 0.906 
0.042 0.985 0.101 0.990 0.912 
0.052 0.985 0.123 0.990 0.941 
0.042 0.985 0.053 0.990 0.884 
0.043 0.982 0.050 0.988 0.881 
0.050 0.984 0.103 0.990 0.941 
0.047 0.981 0.088 0.988 0.941 
0.038 0.988 0.031 0.993 0.875 
0.053 0.984 0.092 0.988 0.922 
0.053 0.984 0.082 0.983 0.866 
0.038 0.987 0.107 0.988 0.919 
0.061 0.985 0.078 0.988 0.866 
0.043 0.986 0.085 0.990 0.881 
0.043 0.985 0.072 0.985 0.878 
0.051 0.980 0.116 0.988 0.944 
0.041 0.984 0.127 0.983 0.953 
0.040 0.987 0.159 0.988 0.947 
0.053 0.982 0.123 0.990 0.903 
0.047 0.985 0.160 0.983 0.953 
0.049 0.986 0.119 0.985 0.919 
0.053 0.984 0.085 0.988 0.906 
0.051 0.988 0.212 0.983 0.966 
0.036 0.989 0.092 0.988 0.903 
0.039 0.985 0.133 0.988 0.928 
0.038 0.987 0.120 0.990 0.938 
0.043 0.989 0.130 0.988 0.934 
0.049 0.984 0.149 0.988 0.928 
0.043 0.986 0.123 0.985 0.941 
0.043 0.988 0.112 0.990 0.916 
0.043 0.985 0.126 0.985 0.950 
0.049 0.978 0.095 0.980 0.916 
0.041 0.984 0.100 0.988 0.925 
0.047 0.985 0.101 0.985 0.884 
0.041 0.988 0.093 0.988 0.916 
0.040 0.989 0.102 0.990 0.931 
0.040 0.986 0.101 0.985 0.931 
0.043 0.982 0.119 0.985 0.938 
0.035 0.989 0.088 0.988 0.931 
0.054 0.981 0.168 0.983 0.966 
0.038 0.988 0.141 0.988 0.947 
0.052 0.986 0.258 0.960 0.972 
0.044 0.986 0.163 0.988 0.919 
0.044 0.985 0.125 0.988 0.897 
0.054 0.979 0.115 0.988 0.925 
0.035 0.987 0.168 0.978 0.966 
0.044 0.985 0.144 0.985 0.947 
0.049 0.984 0.063 0.988 0.866 
0.043 0.986 0.076 0.990 0.903 
0.044 0.982 0.092 0.988 0.922 
0.050 0.986 0.082 0.990 0.909 
0.046 0.984 0.108 0.988 0.925 
0.044 0.982 0.138 0.985 0.956 
0.039 0.989 0.130 0.985 0.953 
0.035 0.989 0.167 0.985 0.947 
0.047 0.986 0.084 0.990 0.919 
0.049 0.988 0.088 0.990 0.903 
0.041 0.986 0.104 0.990 0.897 
0.038 0.986 0.080 0.988 0.906 
0.053 0.985 0.091 0.990 0.912 
0.054 0.986 0.088 0.990 0.903 
0.035 0.989 0.106 0.988 0.928 
0.055 0.982 0.098 0.988 0.922 
0.048 0.985 0.102 0.988 0.941 
0.044 0.985 0.079 0.985 0.884 
0.044 0.983 0.074 0.990 0.900 
0.046 0.982 0.101 0.990 0.941 
0.042 0.988 0.074 0.985 0.866 
0.040 0.987 0.159 0.980 0.963 
0.048 0.985 0.075 0.990 0.906 
0.046 0.985 0.102 0.988 0.938 
0.043 0.989 0.096 0.990 0.922 
0.041 0.987 0.072 0.990 0.909 
0.037 0.986 0.115 0.988 0.938 
0.043 0.989 0.126 0.985 0.941 
0.054 0.981 0.100 0.988 0.894 
0.035 0.990 0.173 0.988 0.941 
0.030 0.989 0.142 0.988 0.909 
0.049 0.985 0.102 0.990 0.919 
0.048 0.984 0.085 0.990 0.900 
0.038 0.991 0.101 0.988 0.859 
0.044 0.985 0.130 0.988 0.878 
0.055 0.984 0.127 0.988 0.906 
0.038 0.988 0.123 0.990 0.941 
0.036 0.990 0.120 0.990 0.922 
0.044 0.984 0.128 0.988 0.922 
0.034 0.989 0.062 0.990 0.878 
0.033 0.988 0.166 0.983 0.947 
0.046 0.985 0.082 0.990 0.906 
0.043 0.986 0.127 0.988 0.919 
0.044 0.986 0.071 0.990 0.922 
0.036 0.987 0.064 0.988 0.872 
0.046 0.985 0.077 0.990 0.894 
0.045 0.985 0.058 0.983 0.838 
0.039 0.986 0.082 0.988 0.897 
0.046 0.984 0.092 0.988 0.903 
0.053 0.985 0.199 0.983 0.956 
0.045 0.985 0.124 0.990 0.938 
0.036 0.988 0.086 0.988 0.894 
0.049 0.987 0.317 0.985 0.950 
0.054 0.986 0.218 0.988 0.941 
0.038 0.988 0.250 0.985 0.956 
0.038 0.988 0.115 0.990 0.897 
0.047 0.984 0.236 0.988 0.919 
0.040 0.986 0.093 0.990 0.916 
0.033 0.988 0.088 0.985 0.928 
0.050 0.981 0.168 0.985 0.953 
0.034 0.987 0.102 0.988 0.897 
0.043 0.985 0.117 0.990 0.925 
0.042 0.989 0.075 0.990 0.841 
0.041 0.988 0.155 0.990 0.912 
0.033 0.991 0.219 0.990 0.931 
0.053 0.983 0.150 0.990 0.909 
0.052 0.982 0.137 0.990 0.916 
0.032 0.989 0.218 0.990 0.931 
0.034 0.990 0.158 0.988 0.887 
0.035 0.990 0.189 0.988 0.941 
0.042 0.987 0.157 0.988 0.944 
0.046 0.986 0.086 0.985 0.853 
0.045 0.985 0.083 0.990 0.884 
0.035 0.989 0.058 0.988 0.791 
0.043 0.985 0.098 0.990 0.922 
0.042 0.986 0.108 0.990 0.887 
0.051 0.985 0.157 0.988 0.941 
0.039 0.985 0.106 0.990 0.919 
0.043 0.986 0.115 0.988 0.941 
0.034 0.989 0.189 0.983 0.956 
0.038 0.985 0.062 0.990 0.844 
0.036 0.987 0.086 0.990 0.881 
0.030 0.990 0.107 0.990 0.916 
0.050 0.985 0.121 0.990 0.941 
0.041 0.986 0.137 0.990 0.938 
0.052 0.983 0.156 0.990 0.950 
0.041 0.989 0.143 0.990 0.912 
0.036 0.988 0.075 0.990 0.866 
0.051 0.984 0.073 0.980 0.847 
0.042 0.985 0.099 0.973 0.863 
0.033 0.989 0.243 0.985 0.959 
0.039 0.989 0.077 0.990 0.847 
0.033 0.990 0.179 0.990 0.928 
0.044 0.989 0.239 0.988 0.950 
0.039 0.988 0.162 0.990 0.925 
0.044 0.983 0.132 0.988 0.931 
0.049 0.983 0.144 0.990 0.941 
0.035 0.988 0.120 0.990 0.922 
0.040 0.988 0.096 0.990 0.887 
0.047 0.985 0.054 0.990 0.856 
0.044 0.987 0.146 0.990 0.928 
0.045 0.985 0.108 0.988 0.894 
0.034 0.990 0.058 0.985 0.784 
0.048 0.981 0.140 0.988 0.941 
0.035 0.988 0.129 0.988 0.922 
0.041 0.988 0.140 0.990 0.947 
0.032 0.990 0.176 0.990 0.950 
0.043 0.984 0.155 0.990 0.906 
0.035 0.990 0.293 0.988 0.966 
0.042 0.990 0.179 0.985 0.941 
0.040 0.985 0.129 0.988 0.925 
0.045 0.988 0.145 0.990 0.906 
0.049 0.985 0.130 0.985 0.844 
0.035 0.986 0.166 0.990 0.934 
0.043 0.984 0.140 0.988 0.884 
0.038 0.986 0.338 0.970 0.972 
0.054 0.984 0.114 0.988 0.878 
0.040 0.988 0.141 0.990 0.897 
0.043 0.985 0.155 0.990 0.934 
0.035 0.989 0.100 0.988 0.900 
0.043 0.984 0.087 0.978 0.863 
0.041 0.988 0.128 0.990 0.944 
0.027 0.990 0.105 0.990 0.859 
0.034 0.988 0.115 0.988 0.909 
0.047 0.988 0.094 0.978 0.844 
0.048 0.984 0.241 0.980 0.931 
0.048 0.984 0.075 0.990 0.866 
0.045 0.989 0.118 0.985 0.878 
0.044 0.989 0.100 0.990 0.887 
0.045 0.986 0.189 0.983 0.919 
0.051 0.982 0.072 0.988 0.863 
0.055 0.982 0.089 0.988 0.853 
0.035 0.987 0.128 0.988 0.919 
0.045 0.983 0.099 0.990 0.887 
0.034 0.990 0.050 0.990 0.847 
0.041 0.989 0.159 0.988 0.934 
0.048 0.988 0.071 0.990 0.900 
0.033 0.990 0.096 0.988 0.925 
0.041 0.986 0.154 0.983 0.953 
0.035 0.988 0.156 0.980 0.959 
0.041 0.986 0.117 0.985 0.944 
0.031 0.989 0.111 0.990 0.894 
0.048 0.983 0.117 0.990 0.919 
0.043 0.986 0.090 0.985 0.863 
0.034 0.986 0.100 0.990 0.912 
0.025 0.992 0.172 0.988 0.938 
0.046 0.985 0.170 0.990 0.925 
0.034 0.990 0.243 0.990 0.938 
0.033 0.989 0.155 0.990 0.912 
0.044 0.988 0.099 0.988 0.900 
0.029 0.993 0.184 0.988 0.947 
0.035 0.990 0.109 0.990 0.919 
0.047 0.983 0.192 0.985 0.953 
0.039 0.984 0.143 0.988 0.897 
0.051 0.982 0.084 0.990 0.912 
0.044 0.987 0.158 0.990 0.925 
0.039 0.988 0.064 0.988 0.759 
0.035 0.985 0.093 0.990 0.897 
0.036 0.988 0.159 0.990 0.928 
0.045 0.988 0.089 0.990 0.916 
0.038 0.989 0.103 0.988 0.900 
0.043 0.985 0.123 0.990 0.934 
0.033 0.989 0.100 0.988 0.928 
0.041 0.988 0.107 0.990 0.931 
0.034 0.989 0.099 0.990 0.934 
0.047 0.985 0.075 0.990 0.891 
0.039 0.988 0.101 0.990 0.903 
0.033 0.988 0.168 0.988 0.944 
0.035 0.986 0.115 0.990 0.922 
0.039 0.986 0.089 0.990 0.912 
0.040 0.989 0.097 0.990 0.919 
0.034 0.989 0.077 0.990 0.897 
0.027 0.990 0.131 0.988 0.928 
0.044 0.988 0.150 0.988 0.947 
0.042 0.987 0.087 0.990 0.912 
0.041 0.986 0.114 0.990 0.928 
0.033 0.988 0.107 0.988 0.938 
0.042 0.989 0.079 0.990 0.881 
0.031 0.990 0.126 0.988 0.922 
0.043 0.988 0.154 0.983 0.944 
0.040 0.988 0.211 0.983 0.956 
0.042 0.987 0.086 0.990 0.891 
0.034 0.989 0.137 0.990 0.925 
0.025 0.992 0.225 0.983 0.941 
0.062 0.978 0.183 0.990 0.916 
0.044 0.987 0.112 0.990 0.863 
0.032 0.989 0.168 0.990 0.934 
0.030 0.990 0.117 0.990 0.900 
0.034 0.987 0.097 0.990 0.887 
0.036 0.989 0.139 0.990 0.894 
0.030 0.992 0.123 0.990 0.887 
0.039 0.990 0.161 0.990 0.897 
0.030 0.990 0.203 0.990 0.941 
0.042 0.985 0.149 0.990 0.916 
0.043 0.986 0.134 0.985 0.887 
0.059 0.983 0.155 0.990 0.912 
0.042 0.988 0.094 0.990 0.897 
0.036 0.988 0.132 0.988 0.944 
0.035 0.990 0.107 0.990 0.903 
0.031 0.990 0.195 0.983 0.966 
0.044 0.988 0.091 0.990 0.900 
0.038 0.985 0.235 0.983 0.959 
0.024 0.991 0.106 0.990 0.884 
0.038 0.986 0.149 0.990 0.931 
0.037 0.989 0.102 0.990 0.903 
0.048 0.986 0.053 0.990 0.891 
0.040 0.986 0.085 0.990 0.903 
0.043 0.988 0.101 0.990 0.922 
0.035 0.986 0.137 0.990 0.938 
0.040 0.989 0.090 0.990 0.928 
0.029 0.988 0.136 0.990 0.919 
0.036 0.988 0.133 0.988 0.934 
0.044 0.989 0.147 0.990 0.931 
0.031 0.989 0.140 0.990 0.934 
0.031 0.989 0.192 0.988 0.950 
0.037 0.989 0.154 0.988 0.941 
0.037 0.988 0.086 0.983 0.859 
0.044 0.984 0.329 0.985 0.956 
0.051 0.985 0.118 0.988 0.919 
0.033 0.986 0.135 0.990 0.934 
0.028 0.992 0.103 0.990 0.922 
0.032 0.989 0.144 0.988 0.941 
0.034 0.987 0.093 0.990 0.887 
0.041 0.987 0.053 0.990 0.881 
0.028 0.990 0.071 0.990 0.922 
0.028 0.991 0.066 0.990 0.897 
0.043 0.988 0.118 0.988 0.925 
0.031 0.989 0.095 0.990 0.909 
0.029 0.989 0.084 0.990 0.919 
0.036 0.989 0.121 0.988 0.934 
0.037 0.987 0.151 0.985 0.944 
0.044 0.986 0.060 0.990 0.887 
0.048 0.983 0.081 0.990 0.916 
0.040 0.990 0.109 0.990 0.944 
0.027 0.994 0.058 0.990 0.900 
0.043 0.986 0.055 0.988 0.850 
0.030 0.990 0.061 0.990 0.869 
0.022 0.990 0.143 0.988 0.950 
0.038 0.990 0.150 0.985 0.953 
0.046 0.984 0.101 0.990 0.928 
0.032 0.989 0.107 0.988 0.919 
0.033 0.991 0.097 0.990 0.897 
0.044 0.985 0.131 0.990 0.934 
0.039 0.990 0.147 0.985 0.941 
0.039 0.988 0.175 0.988 0.944 
0.026 0.992 0.152 0.990 0.916 
0.041 0.987 0.153 0.990 0.912 
0.032 0.988 0.135 0.990 0.919 
0.035 0.988 0.090 0.990 0.912 
0.023 0.993 0.157 0.990 0.934 
0.053 0.984 0.192 0.985 0.950 
0.035 0.988 0.132 0.990 0.928 
0.035 0.986 0.150 0.990 0.934 
0.030 0.990 0.149 0.990 0.950 
0.037 0.988 0.106 0.988 0.900 
0.039 0.987 0.144 0.990 0.934 
0.035 0.993 0.124 0.990 0.925 
0.032 0.989 0.121 0.990 0.941 
0.039 0.986 0.126 0.985 0.950 
0.035 0.985 0.077 0.990 0.909 
0.032 0.990 0.115 0.990 0.944 
0.035 0.989 0.158 0.988 0.950 
0.029 0.987 0.114 0.988 0.919 
0.031 0.990 0.188 0.988 0.950 
0.037 0.990 0.082 0.990 0.903 
0.031 0.986 0.154 0.990 0.897 
0.041 0.988 0.086 0.988 0.856 
0.040 0.988 0.117 0.990 0.897 
0.042 0.984 0.152 0.990 0.922 
0.044 0.984 0.179 0.988 0.941 
0.040 0.989 0.105 0.990 0.863 
0.038 0.988 0.105 0.988 0.894 
0.029 0.990 0.110 0.990 0.903 
0.031 0.991 0.203 0.988 0.941 
0.035 0.987 0.109 0.988 0.887 
0.038 0.986 0.106 0.990 0.916 
0.037 0.988 0.144 0.990 0.900 
0.031 0.989 0.123 0.990 0.887 
0.030 0.989 0.130 0.990 0.903 
0.025 0.993 0.204 0.988 0.950 
0.049 0.982 0.087 0.990 0.869 
0.040 0.987 0.106 0.990 0.881 
0.031 0.991 0.134 0.990 0.928 
0.043 0.987 0.117 0.988 0.928 
0.045 0.986 0.092 0.990 0.922 
0.022 0.992 0.139 0.990 0.950 
0.045 0.989 0.117 0.990 0.912 
0.043 0.984 0.118 0.988 0.894 
0.034 0.988 0.116 0.990 0.912 
0.019 0.992 0.289 0.970 0.963 
0.034 0.993 0.217 0.983 0.931 
0.038 0.986 0.268 0.990 0.928 
0.028 0.990 0.129 0.990 0.912 
0.034 0.990 0.118 0.985 0.934 
0.026 0.991 0.149 0.985 0.941 
0.026 0.991 0.106 0.988 0.925 
0.024 0.992 0.137 0.990 0.934 
0.040 0.985 0.087 0.990 0.884 
0.033 0.986 0.128 0.988 0.934 
0.030 0.990 0.081 0.990 0.922 
0.044 0.985 0.111 0.990 0.934 
0.032 0.989 0.290 0.985 0.966 
0.038 0.988 0.138 0.988 0.922 
0.031 0.990 0.070 0.990 0.850 
0.030 0.989 0.135 0.990 0.909 
0.037 0.985 0.097 0.988 0.916 
0.033 0.989 0.119 0.988 0.894 
0.037 0.988 0.109 0.990 0.922 
0.039 0.990 0.115 0.988 0.909 
0.032 0.990 0.214 0.980 0.953 
0.046 0.989 0.111 0.990 0.925 
0.037 0.985 0.073 0.990 0.887 
0.026 0.993 0.175 0.988 0.950 
0.031 0.989 0.109 0.985 0.894 
0.030 0.990 0.141 0.988 0.925 
0.044 0.984 0.052 0.990 0.847 
0.037 0.989 0.074 0.990 0.878 
0.033 0.991 0.098 0.988 0.906 
0.030 0.989 0.116 0.990 0.938 
0.028 0.991 0.084 0.990 0.887 
0.047 0.985 0.171 0.990 0.944 
0.038 0.986 0.217 0.990 0.922 
0.042 0.988 0.177 0.985 0.928 
0.051 0.985 0.137 0.990 0.928 
0.029 0.990 0.238 0.980 0.956 
0.028 0.992 0.133 0.985 0.903 
0.032 0.990 0.177 0.990 0.934 
0.037 0.989 0.123 0.988 0.934 
0.045 0.985 0.140 0.990 0.900 
0.028 0.990 0.215 0.988 0.922 
0.023 0.993 0.136 0.990 0.903 
0.033 0.989 0.151 0.990 0.938 
0.041 0.986 0.113 0.990 0.916 
0.028 0.990 0.166 0.990 0.938 
0.036 0.990 0.107 0.990 0.869 
0.030 0.988 0.152 0.990 0.906 
0.042 0.986 0.139 0.988 0.878 
0.029 0.989 0.163 0.988 0.900 
0.036 0.982 0.174 0.988 0.900 
0.031 0.992 0.178 0.990 0.934 
0.025 0.993 0.094 0.990 0.872 
0.036 0.989 0.141 0.990 0.916 
0.042 0.988 0.102 0.990 0.909 
0.037 0.988 0.100 0.990 0.900 
0.032 0.987 0.116 0.990 0.909 
0.038 0.990 0.139 0.990 0.928 
0.025 0.989 0.188 0.983 0.956 
0.033 0.988 0.097 0.990 0.875 
0.028 0.990 0.099 0.988 0.919 
0.035 0.989 0.082 0.988 0.875 
0.026 0.993 0.193 0.990 0.950 
0.026 0.992 0.105 0.990 0.916 
0.034 0.990 0.089 0.990 0.909 
0.029 0.993 0.149 0.985 0.941 
0.033 0.990 0.132 0.988 0.931 
0.034 0.991 0.129 0.988 0.928 
0.037 0.990 0.100 0.985 0.863 
0.020 0.993 0.059 0.985 0.822 
0.045 0.988 0.094 0.990 0.916 
0.040 0.988 0.122 0.988 0.931 
0.027 0.990 0.104 0.988 0.922 
0.032 0.991 0.101 0.988 0.931 
0.037 0.989 0.100 0.988 0.909 
0.040 0.988 0.098 0.990 0.906 
0.031 0.986 0.100 0.990 0.906 
0.047 0.986 0.149 0.988 0.941 
0.030 0.993 0.079 0.988 0.872 
0.042 0.987 0.123 0.990 0.906 
0.040 0.990 0.084 0.990 0.853 
0.045 0.986 0.092 0.988 0.906 
0.031 0.991 0.126 0.983 0.944 
0.034 0.987 0.077 0.990 0.916 
0.038 0.988 0.080 0.990 0.897 
0.033 0.988 0.115 0.983 0.934 
0.032 0.989 0.112 0.990 0.919 
0.036 0.990 0.095 0.990 0.903 
0.026 0.992 0.094 0.988 0.903 
0.036 0.989 0.138 0.985 0.931 
0.035 0.989 0.103 0.990 0.928 
0.043 0.985 0.196 0.980 0.941 
0.036 0.988 0.082 0.990 0.894 
0.031 0.988 0.149 0.990 0.925 
0.037 0.991 0.156 0.990 0.934 
0.033 0.991 0.162 0.988 0.925 
0.028 0.989 0.118 0.985 0.903 
0.038 0.989 0.193 0.990 0.931 
0.041 0.986 0.118 0.990 0.903 
0.031 0.991 0.042 0.990 0.831 
0.034 0.990 0.128 0.990 0.934 
0.048 0.988 0.110 0.990 0.916 
0.040 0.986 0.200 0.990 0.928 
0.034 0.989 0.198 0.983 0.950 
0.026 0.990 0.189 0.985 0.953 
0.043 0.986 0.079 0.990 0.912 
0.032 0.993 0.060 0.988 0.841 
0.027 0.990 0.144 0.988 0.934 
0.035 0.987 0.056 0.990 0.872 
0.033 0.991 0.145 0.985 0.941 
0.025 0.990 0.116 0.985 0.928 
0.029 0.990 0.155 0.985 0.928 
0.044 0.988 0.117 0.990 0.900 
0.031 0.990 0.098 0.990 0.912 
0.030 0.990 0.125 0.990 0.897 
0.029 0.993 0.121 0.985 0.925 
0.037 0.988 0.121 0.988 0.922 
0.028 0.988 0.086 0.988 0.881 
0.026 0.991 0.076 0.988 0.878 
0.029 0.991 0.176 0.983 0.944 
0.026 0.991 0.098 0.990 0.897 
0.037 0.989 0.157 0.988 0.934 
0.044 0.988 0.168 0.985 0.938 
0.028 0.990 0.118 0.990 0.909 
0.039 0.986 0.100 0.990 0.909 
0.031 0.990 0.102 0.988 0.850 
0.024 0.991 0.135 0.990 0.894 
0.034 0.988 0.174 0.988 0.941 
0.020 0.993 0.242 0.988 0.941 
0.040 0.988 0.185 0.985 0.931 
0.026 0.990 0.091 0.990 0.872 
0.041 0.990 0.128 0.988 0.900 
0.026 0.991 0.194 0.985 0.931 
0.032 0.991 0.079 0.990 0.887 
0.036 0.989 0.150 0.990 0.928 
0.032 0.986 0.102 0.990 0.903 
0.028 0.992 0.094 0.990 0.878 
0.028 0.991 0.216 0.990 0.950 
0.038 0.986 0.208 0.980 0.959 
0.044 0.989 0.088 0.988 0.909 
0.030 0.989 0.086 0.990 0.925 
0.025 0.988 0.072 0.990 0.922 
0.028 0.990 0.098 0.988 0.891 
0.025 0.992 0.046 0.990 0.859 
0.029 0.990 0.036 0.990 0.844 
0.034 0.986 0.088 0.990 0.941 
0.036 0.989 0.178 0.978 0.916 
0.053 0.986 0.131 0.988 0.941 
0.030 0.990 0.052 0.990 0.891 
0.032 0.991 0.149 0.983 0.944 
0.029 0.991 0.114 0.985 0.922 
0.037 0.985 0.095 0.990 0.922 
0.031 0.988 0.058 0.990 0.856 
0.032 0.989 0.092 0.988 0.891 
0.040 0.988 0.115 0.985 0.903 
0.030 0.992 0.119 0.990 0.941 
0.048 0.986 0.137 0.985 0.934 
0.037 0.989 0.092 0.988 0.928 
0.033 0.988 0.049 0.988 0.878 
0.026 0.990 0.085 0.988 0.884 
0.048 0.985 0.151 0.988 0.934 
0.036 0.987 0.125 0.988 0.919 
0.024 0.992 0.083 0.988 0.887 
0.032 0.991 0.091 0.990 0.884 
0.034 0.988 0.093 0.985 0.900 
0.035 0.990 0.104 0.990 0.903 
0.039 0.988 0.118 0.990 0.931 
0.031 0.989 0.082 0.990 0.891 
0.037 0.990 0.146 0.985 0.938 
0.025 0.990 0.221 0.988 0.944 
0.033 0.990 0.208 0.988 0.912 
0.030 0.990 0.157 0.985 0.894 
0.030 0.989 0.132 0.988 0.916 
0.036 0.990 0.094 0.990 0.891 
0.049 0.986 0.072 0.990 0.878 
0.047 0.986 0.075 0.990 0.891 
0.036 0.988 0.153 0.988 0.916 
0.032 0.993 0.091 0.988 0.884 
0.018 0.991 0.083 0.990 0.856 
0.035 0.990 0.138 0.990 0.912 
0.033 0.990 0.068 0.990 0.875 
0.033 0.990 0.085 0.990 0.881 
0.033 0.989 0.106 0.990 0.928 
0.029 0.988 0.077 0.990 0.869 
0.028 0.990 0.119 0.983 0.928 
0.030 0.990 0.171 0.985 0.944 
0.023 0.991 0.167 0.990 0.919 
0.033 0.990 0.154 0.990 0.912 
0.027 0.991 0.135 0.988 0.900 
0.055 0.984 0.194 0.990 0.922 
0.021 0.993 0.117 0.990 0.881 
0.021 0.990 0.129 0.990 0.906 
0.037 0.988 0.111 0.988 0.859 
0.027 0.993 0.164 0.983 0.941 
0.026 0.990 0.142 0.990 0.909 
0.024 0.990 0.111 0.988 0.894 
0.034 0.991 0.131 0.988 0.916 
0.052 0.982 0.093 0.990 0.869 
0.040 0.989 0.132 0.990 0.906 
0.035 0.988 0.146 0.990 0.928 
0.040 0.985 0.132 0.990 0.925 
0.037 0.989 0.091 0.990 0.863 
0.029 0.989 0.173 0.988 0.941 
0.031 0.989 0.165 0.988 0.947 
0.033 0.986 0.175 0.985 0.931 
0.034 0.988 0.171 0.990 0.912 
0.027 0.994 0.209 0.990 0.903 
0.028 0.990 0.174 0.988 0.931 
0.047 0.993 0.223 0.985 0.944 
0.031 0.989 0.157 0.990 0.912 
0.035 0.989 0.454 0.978 0.950 
0.039 0.986 0.090 0.990 0.900 
0.035 0.988 0.170 0.990 0.931 
0.033 0.990 0.100 0.990 0.891 
0.027 0.990 0.132 0.990 0.925 
0.025 0.991 0.126 0.990 0.906 
0.030 0.991 0.081 0.988 0.887 
0.037 0.991 0.076 0.990 0.850 
0.031 0.988 0.117 0.988 0.891 
0.025 0.990 0.184 0.988 0.916 
0.032 0.990 0.240 0.983 0.931 
0.035 0.990 0.114 0.990 0.922 
0.040 0.988 0.151 0.988 0.938 
0.049 0.986 0.146 0.983 0.934 
0.037 0.986 0.100 0.990 0.919 
0.043 0.988 0.148 0.990 0.903 
0.040 0.991 0.126 0.988 0.909 
0.022 0.994 0.152 0.990 0.931 
0.032 0.990 0.113 0.988 0.891 
0.029 0.992 0.116 0.988 0.875 
0.041 0.988 0.114 0.990 0.916 
0.024 0.991 0.061 0.990 0.875 
0.034 0.989 0.101 0.988 0.897 
0.020 0.994 0.127 0.990 0.916 
0.038 0.985 0.156 0.985 0.944 
0.029 0.990 0.161 0.990 0.934 
0.026 0.990 0.188 0.975 0.944 
0.019 0.993 0.122 0.990 0.928 
0.041 0.986 0.196 0.988 0.953 
0.033 0.992 0.252 0.990 0.931 
0.037 0.989 0.188 0.990 0.912 
0.052 0.983 0.116 0.988 0.894 
0.047 0.986 0.107 0.988 0.922 
0.032 0.988 0.097 0.990 0.900 
0.031 0.992 0.243 0.985 0.950 
0.049 0.985 0.181 0.988 0.941 
0.037 0.987 0.172 0.988 0.916 
0.037 0.987 0.075 0.993 0.881 
0.039 0.986 0.117 0.990 0.916 
0.024 0.994 0.177 0.985 0.944 
0.036 0.986 0.115 0.990 0.925 
0.025 0.993 0.126 0.990 0.900 
0.037 0.989 0.202 0.988 0.928 
0.038 0.986 0.139 0.990 0.934 
0.049 0.987 0.075 0.990 0.894 
0.036 0.988 0.080 0.985 0.859 
0.018 0.994 0.158 0.990 0.934 
0.057 0.990 0.177 0.990 0.938 
0.026 0.995 0.146 0.988 0.891 
0.043 0.986 0.119 0.988 0.881 
0.027 0.991 0.092 0.988 0.875 
0.039 0.984 0.061 0.990 0.887 
0.023 0.991 0.165 0.990 0.928 
0.040 0.986 0.149 0.990 0.938 
0.024 0.991 0.219 0.990 0.947 
0.038 0.988 0.112 0.990 0.894 
0.032 0.992 0.067 0.993 0.859 
0.029 0.993 0.189 0.990 0.934 
0.034 0.987 0.156 0.990 0.903 
0.030 0.991 0.141 0.990 0.941 
0.029 0.989 0.094 0.985 0.853 
0.036 0.990 0.067 0.990 0.856 
0.025 0.989 0.118 0.990 0.912 
0.072 0.985 0.494 0.975 0.966 
0.061 0.984 0.108 0.985 0.844 
0.039 0.988 0.135 0.988 0.875 
0.044 0.988 0.155 0.988 0.878 
0.040 0.989 0.155 0.985 0.866 
0.028 0.991 0.166 0.988 0.881 
0.028 0.989 0.188 0.990 0.931 
0.039 0.988 0.173 0.990 0.928 
0.026 0.993 0.109 0.990 0.897 
0.029 0.989 0.280 0.988 0.941 
0.034 0.986 0.181 0.988 0.894 
0.031 0.993 0.223 0.985 0.938 
0.036 0.991 0.248 0.985 0.944 
0.043 0.987 0.099 0.988 0.866 
0.032 0.989 0.198 0.988 0.912 
0.034 0.986 0.112 0.990 0.887 
0.027 0.990 0.074 0.985 0.869 
0.014 0.995 0.077 0.990 0.891 
0.030 0.986 0.117 0.990 0.928 
0.025 0.991 0.117 0.990 0.903 
0.032 0.992 0.261 0.973 0.972 
0.046 0.990 0.151 0.988 0.934 
0.038 0.989 0.105 0.990 0.903 
0.034 0.988 0.044 0.995 0.847 
0.026 0.993 0.094 0.988 0.884 
0.031 0.991 0.166 0.988 0.925 
0.026 0.990 0.121 0.988 0.912 
0.029 0.991 0.142 0.990 0.881 
0.051 0.987 0.210 0.988 0.919 
0.027 0.991 0.249 0.985 0.953 
0.038 0.990 0.067 0.985 0.847 
0.034 0.988 0.129 0.990 0.934 
