0.311 0.875 0.166 0.950 0.969 
0.193 0.930 0.127 0.953 0.947 
0.157 0.945 0.116 0.978 0.991 
0.152 0.944 0.106 0.975 0.997 
0.126 0.956 0.062 0.988 1.000 
0.131 0.957 0.060 0.985 0.994 
0.120 0.957 0.080 0.975 0.981 
0.113 0.964 0.086 0.993 1.000 
0.106 0.964 0.075 0.985 1.000 
0.101 0.967 0.051 0.995 1.000 
0.100 0.964 0.083 0.983 1.000 
0.112 0.963 0.070 0.990 0.994 
0.081 0.976 0.053 0.995 1.000 
0.077 0.976 0.068 0.983 1.000 
0.073 0.973 0.068 0.980 0.204 
0.074 0.972 0.050 0.993 0.988 
0.082 0.972 0.053 0.993 1.000 
0.083 0.972 0.053 0.993 0.991 
0.072 0.974 0.055 0.985 0.997 
0.083 0.973 0.051 0.993 1.000 
0.061 0.982 0.061 0.983 0.941 
0.072 0.977 0.048 0.990 1.000 
0.060 0.982 0.070 0.988 0.997 
0.062 0.977 0.043 0.990 0.734 
0.068 0.977 0.088 0.983 1.000 
0.082 0.978 0.075 0.968 0.997 
0.070 0.979 0.050 0.990 0.972 
0.058 0.983 0.047 0.995 0.644 
0.072 0.979 0.054 0.993 0.994 
0.074 0.976 0.054 0.993 0.994 
0.051 0.983 0.040 0.993 0.997 
0.066 0.983 0.053 0.988 0.991 
0.071 0.977 0.072 0.990 1.000 
0.070 0.980 0.070 0.978 1.000 
0.060 0.978 0.064 0.993 0.972 
0.058 0.983 0.052 0.990 1.000 
0.052 0.984 0.046 0.988 1.000 
0.057 0.982 0.055 0.985 1.000 
0.043 0.990 0.062 0.990 0.997 
0.059 0.981 0.044 0.993 1.000 
0.053 0.985 0.054 0.988 0.997 
0.060 0.980 0.054 0.993 1.000 
0.065 0.978 0.043 0.993 0.972 
0.049 0.984 0.038 0.993 0.997 
0.048 0.983 0.048 0.993 1.000 
0.050 0.985 0.044 0.993 0.981 
0.051 0.985 0.061 0.990 0.963 
0.055 0.984 0.052 0.993 0.598 
0.052 0.985 0.083 0.970 1.000 
0.064 0.982 0.042 0.993 0.988 
0.043 0.986 0.058 0.983 1.000 
0.049 0.988 0.058 0.990 0.279 
0.048 0.983 0.030 0.993 0.994 
0.058 0.985 0.060 0.988 1.000 
0.061 0.980 0.042 0.990 0.985 
0.038 0.989 0.040 0.990 0.944 
0.038 0.990 0.068 0.988 1.000 
0.053 0.985 0.048 0.990 0.994 
0.050 0.986 0.044 0.993 1.000 
0.042 0.990 0.043 0.993 0.997 
0.039 0.988 0.058 0.983 1.000 
0.052 0.987 0.064 0.993 0.799 
0.038 0.989 0.040 0.993 0.994 
0.052 0.985 0.040 0.990 0.910 
0.045 0.990 0.053 0.985 1.000 
0.056 0.982 0.070 0.985 1.000 
0.031 0.992 0.075 0.988 0.994 
0.049 0.988 0.053 0.988 0.932 
0.045 0.987 0.042 0.990 1.000 
0.038 0.989 0.028 0.990 0.344 
0.053 0.992 0.082 0.980 1.000 
0.047 0.984 0.042 0.988 0.997 
0.047 0.990 0.048 0.988 1.000 
0.046 0.988 0.042 0.993 0.997 
0.044 0.989 0.045 0.990 0.972 
0.035 0.992 0.035 0.993 0.994 
0.041 0.989 0.051 0.990 1.000 
0.047 0.986 0.070 0.975 0.997 
0.031 0.992 0.057 0.983 0.718 
0.035 0.988 0.074 0.978 1.000 
0.035 0.990 0.039 0.993 0.975 
0.040 0.988 0.033 0.995 1.000 
0.034 0.991 0.054 0.983 0.997 
0.036 0.990 0.030 0.993 1.000 
0.042 0.986 0.028 0.995 0.981 
0.040 0.988 0.033 0.993 1.000 
0.049 0.989 0.044 0.985 1.000 
0.046 0.987 0.036 0.990 0.981 
0.029 0.993 0.052 0.985 1.000 
0.041 0.987 0.041 0.993 1.000 
0.042 0.989 0.042 0.993 1.000 
0.035 0.989 0.046 0.990 0.988 
0.038 0.990 0.037 0.993 0.935 
0.041 0.986 0.045 0.990 1.000 
0.043 0.990 0.041 0.990 1.000 
0.050 0.985 0.036 0.990 0.988 
0.039 0.990 0.032 0.993 0.406 
0.026 0.994 0.077 0.983 1.000 
0.037 0.990 0.032 0.990 1.000 
0.051 0.990 0.032 0.993 0.991 
0.038 0.990 0.044 0.983 1.000 
0.036 0.990 0.031 0.990 0.997 
0.040 0.988 0.037 0.988 1.000 
0.038 0.988 0.042 0.988 0.941 
0.034 0.990 0.035 0.988 0.957 
0.038 0.990 0.038 0.990 0.966 
0.037 0.988 0.038 0.988 1.000 
0.049 0.984 0.028 0.993 0.975 
0.037 0.990 0.059 0.983 0.994 
0.032 0.991 0.031 0.993 1.000 
0.041 0.988 0.053 0.983 1.000 
0.035 0.989 0.037 0.988 0.997 
0.043 0.985 0.043 0.993 0.994 
0.036 0.992 0.045 0.985 1.000 
0.046 0.988 0.030 0.995 0.994 
0.042 0.990 0.039 0.990 1.000 
0.040 0.991 0.030 0.993 0.997 
0.033 0.991 0.037 0.993 1.000 
0.034 0.988 0.034 0.993 0.997 
0.037 0.989 0.035 0.993 0.994 
0.029 0.990 0.050 0.988 1.000 
0.035 0.991 0.042 0.993 0.978 
0.034 0.989 0.038 0.993 0.997 
0.035 0.991 0.074 0.995 0.978 
0.033 0.991 0.028 0.990 0.997 
0.037 0.992 0.040 0.993 1.000 
0.029 0.991 0.031 0.990 0.994 
0.034 0.991 0.038 0.988 0.774 
0.043 0.989 0.038 0.993 0.978 
0.022 0.993 0.031 0.993 1.000 
0.031 0.989 0.032 0.990 0.994 
0.026 0.992 0.049 0.980 0.994 
0.025 0.993 0.029 0.995 0.991 
0.041 0.986 0.043 0.993 1.000 
0.032 0.992 0.032 0.993 0.994 
0.024 0.992 0.027 0.993 0.994 
0.048 0.987 0.029 0.993 0.997 
0.040 0.987 0.048 0.990 1.000 
0.029 0.993 0.036 0.990 0.994 
0.028 0.991 0.029 0.995 0.997 
0.028 0.995 0.048 0.993 0.997 
0.035 0.992 0.052 0.985 1.000 
0.028 0.993 0.041 0.993 1.000 
0.038 0.992 0.035 0.990 1.000 
0.026 0.992 0.034 0.993 0.994 
0.033 0.991 0.056 0.990 1.000 
0.032 0.991 0.027 0.993 1.000 
0.029 0.993 0.053 0.983 0.997 
0.038 0.987 0.032 0.993 0.997 
0.026 0.991 0.091 0.978 0.969 
0.028 0.993 0.025 0.993 0.994 
0.030 0.989 0.038 0.993 0.994 
0.043 0.987 0.033 0.990 1.000 
0.035 0.986 0.030 0.993 0.997 
0.031 0.991 0.056 0.983 0.963 
0.038 0.989 0.033 0.993 0.805 
0.029 0.990 0.036 0.993 0.991 
0.037 0.990 0.052 0.985 0.985 
0.038 0.992 0.047 0.995 0.991 
0.021 0.995 0.037 0.990 0.978 
0.033 0.991 0.037 0.990 0.994 
0.038 0.988 0.050 0.988 1.000 
0.033 0.990 0.038 0.993 0.991 
0.038 0.989 0.033 0.993 0.994 
0.033 0.991 0.039 0.990 0.997 
0.031 0.990 0.029 0.993 0.997 
0.041 0.990 0.063 0.993 0.991 
0.021 0.996 0.047 0.985 0.997 
0.023 0.996 0.032 0.993 1.000 
0.048 0.988 0.044 0.993 0.997 
0.042 0.992 0.038 0.990 0.994 
0.028 0.992 0.031 0.993 0.978 
0.032 0.991 0.032 0.993 0.994 
0.034 0.989 0.037 0.995 0.994 
0.039 0.988 0.034 0.995 0.997 
0.024 0.993 0.066 0.983 1.000 
0.026 0.992 0.022 0.995 0.697 
0.029 0.993 0.036 0.990 1.000 
0.039 0.986 0.054 0.983 0.997 
0.030 0.991 0.037 0.993 0.994 
0.024 0.993 0.033 0.993 0.994 
0.034 0.992 0.033 0.993 0.994 
0.032 0.992 0.028 0.995 0.920 
0.028 0.992 0.030 0.993 1.000 
0.028 0.991 0.035 0.990 1.000 
0.031 0.991 0.029 0.993 1.000 
0.023 0.995 0.082 0.983 0.650 
0.038 0.990 0.059 0.993 0.988 
0.034 0.991 0.028 0.993 0.997 
0.024 0.993 0.027 0.990 0.988 
0.033 0.989 0.031 0.990 0.997 
0.036 0.990 0.024 0.995 0.898 
0.029 0.991 0.030 0.990 1.000 
0.031 0.992 0.060 0.998 0.997 
0.043 0.992 0.033 0.990 0.526 
0.054 0.990 0.028 0.993 0.997 
0.025 0.993 0.029 0.993 0.994 
0.023 0.995 0.038 0.993 0.997 
0.025 0.992 0.032 0.993 0.121 
0.022 0.995 0.029 0.993 0.994 
0.033 0.990 0.029 0.993 0.994 
0.023 0.992 0.028 0.998 0.997 
0.035 0.990 0.034 0.995 0.991 
0.023 0.993 0.039 0.993 1.000 
0.028 0.991 0.037 0.993 1.000 
0.031 0.990 0.031 0.995 0.994 
0.019 0.994 0.040 0.988 0.997 
0.031 0.992 0.046 0.988 0.997 
0.028 0.988 0.027 0.993 0.997 
0.025 0.994 0.026 0.993 0.997 
0.023 0.990 0.027 0.993 0.981 
0.022 0.995 0.040 0.990 1.000 
0.023 0.995 0.033 0.993 0.994 
0.028 0.992 0.034 0.993 0.957 
0.034 0.993 0.031 0.993 0.994 
0.027 0.992 0.035 0.993 1.000 
0.024 0.991 0.042 0.995 1.000 
0.033 0.990 0.040 0.990 1.000 
0.032 0.993 0.025 0.998 1.000 
0.024 0.993 0.030 0.993 1.000 
0.031 0.992 0.032 0.995 1.000 
0.026 0.993 0.025 0.993 0.997 
0.019 0.993 0.031 0.993 0.994 
0.016 0.997 0.043 0.990 1.000 
0.033 0.992 0.026 0.993 0.994 
0.034 0.990 0.021 0.995 1.000 
0.040 0.988 0.026 0.993 0.997 
0.033 0.992 0.034 0.990 1.000 
0.027 0.992 0.053 0.983 0.997 
0.032 0.993 0.041 0.990 0.991 
0.031 0.992 0.043 0.993 0.997 
0.036 0.990 0.034 0.993 1.000 
0.023 0.992 0.019 0.998 0.988 
0.041 0.984 0.051 0.983 0.997 
0.027 0.994 0.064 0.980 0.969 
0.027 0.992 0.020 0.995 0.997 
0.021 0.993 0.046 0.988 1.000 
0.027 0.993 0.025 0.993 1.000 
0.030 0.993 0.024 0.995 0.997 
0.028 0.991 0.047 0.988 1.000 
0.036 0.990 0.023 0.995 0.997 
0.025 0.993 0.040 0.988 1.000 
0.017 0.996 0.036 0.990 0.969 
0.028 0.993 0.024 0.993 1.000 
0.025 0.995 0.028 0.990 0.981 
0.040 0.988 0.048 0.985 1.000 
0.036 0.990 0.040 0.993 1.000 
0.030 0.991 0.075 0.980 1.000 
0.022 0.995 0.028 0.993 0.997 
0.019 0.994 0.023 0.990 0.994 
0.026 0.993 0.024 0.998 1.000 
0.019 0.994 0.028 0.990 1.000 
0.023 0.995 0.026 0.993 1.000 
0.024 0.991 0.035 0.993 1.000 
0.020 0.995 0.045 0.990 0.997 
0.026 0.991 0.044 0.985 1.000 
0.033 0.990 0.046 0.993 0.997 
0.029 0.993 0.023 0.993 0.988 
0.039 0.991 0.030 0.993 1.000 
0.031 0.991 0.026 0.990 1.000 
0.019 0.995 0.019 0.995 1.000 
0.018 0.996 0.019 0.995 0.966 
0.029 0.993 0.041 0.990 1.000 
0.032 0.991 0.048 0.985 0.997 
0.026 0.989 0.048 0.985 0.997 
0.019 0.994 0.030 0.990 0.997 
0.020 0.995 0.044 0.988 1.000 
0.022 0.996 0.032 0.993 1.000 
0.019 0.993 0.044 0.990 0.994 
0.023 0.992 0.028 0.993 0.916 
0.023 0.995 0.026 0.993 0.969 
0.024 0.992 0.026 0.995 1.000 
0.019 0.994 0.031 0.988 0.997 
0.010 0.997 0.039 0.990 1.000 
0.030 0.992 0.039 0.988 0.991 
0.023 0.993 0.037 0.990 0.997 
0.030 0.993 0.036 0.995 1.000 
0.027 0.993 0.032 0.993 1.000 
0.026 0.994 0.050 0.980 0.985 
0.024 0.994 0.018 0.998 0.997 
0.022 0.994 0.022 0.995 0.839 
0.024 0.992 0.026 0.993 0.981 
0.023 0.992 0.037 0.990 1.000 
0.018 0.996 0.031 0.995 1.000 
0.027 0.994 0.027 0.995 1.000 
0.015 0.996 0.026 0.993 1.000 
0.032 0.993 0.034 0.998 1.000 
0.021 0.993 0.020 0.998 1.000 
0.018 0.995 0.043 0.988 1.000 
0.023 0.993 0.030 0.993 1.000 
0.018 0.993 0.022 0.995 0.997 
0.015 0.995 0.028 0.995 1.000 
0.032 0.992 0.023 0.993 0.969 
0.023 0.994 0.023 0.993 1.000 
0.023 0.992 0.030 0.993 0.997 
0.024 0.994 0.026 0.993 0.975 
0.022 0.993 0.052 0.983 1.000 
0.023 0.993 0.030 0.993 0.978 
0.023 0.991 0.043 0.990 1.000 
0.030 0.993 0.021 0.998 0.994 
0.022 0.992 0.021 0.998 1.000 
0.024 0.993 0.057 0.973 1.000 
0.024 0.992 0.020 0.995 0.994 
0.023 0.995 0.020 0.995 1.000 
0.026 0.991 0.040 0.995 0.988 
0.018 0.996 0.044 0.985 1.000 
0.034 0.990 0.062 0.983 1.000 
0.030 0.992 0.029 0.993 1.000 
0.023 0.994 0.018 0.998 1.000 
0.027 0.993 0.024 0.993 1.000 
0.024 0.993 0.021 0.998 1.000 
0.037 0.994 0.043 0.988 1.000 
0.025 0.992 0.020 0.995 1.000 
0.020 0.993 0.020 0.998 1.000 
0.021 0.993 0.026 0.993 0.997 
0.022 0.993 0.035 0.988 1.000 
0.031 0.989 0.032 0.993 1.000 
0.027 0.992 0.030 0.993 1.000 
0.020 0.995 0.021 0.995 1.000 
0.034 0.991 0.034 0.993 0.991 
0.026 0.994 0.018 0.998 1.000 
0.016 0.997 0.029 0.993 0.997 
0.017 0.996 0.019 0.998 0.997 
0.020 0.993 0.033 0.993 1.000 
0.033 0.992 0.026 0.993 1.000 
0.012 0.997 0.025 0.993 1.000 
0.022 0.993 0.043 0.988 0.997 
0.020 0.993 0.026 0.995 1.000 
0.011 0.998 0.025 0.990 1.000 
0.026 0.992 0.028 0.998 1.000 
0.030 0.993 0.024 0.998 1.000 
0.033 0.992 0.022 0.995 0.994 
0.020 0.993 0.024 0.998 0.994 
0.020 0.994 0.018 0.998 1.000 
0.029 0.991 0.028 0.995 0.997 
0.023 0.992 0.028 0.993 0.994 
0.023 0.993 0.026 0.995 0.994 
0.018 0.995 0.026 0.990 0.997 
0.022 0.995 0.029 0.990 0.994 
0.023 0.992 0.030 0.995 0.988 
0.024 0.993 0.027 0.995 0.975 
0.019 0.995 0.029 0.990 1.000 
0.023 0.994 0.026 0.995 1.000 
0.042 0.990 0.042 0.988 1.000 
0.023 0.991 0.026 0.993 1.000 
0.019 0.996 0.050 0.993 1.000 
0.025 0.993 0.026 0.995 0.991 
0.020 0.993 0.021 0.998 1.000 
0.029 0.992 0.021 0.993 0.994 
0.026 0.992 0.029 0.995 0.991 
0.021 0.996 0.031 0.995 0.997 
0.022 0.992 0.024 0.993 1.000 
0.016 0.993 0.039 0.993 0.997 
0.028 0.991 0.035 0.988 0.950 
0.014 0.995 0.053 0.990 0.997 
0.031 0.992 0.022 0.995 1.000 
0.026 0.992 0.030 0.990 1.000 
0.022 0.994 0.023 0.995 1.000 
0.026 0.995 0.026 0.993 1.000 
0.025 0.992 0.031 0.993 0.997 
0.024 0.992 0.039 0.988 0.994 
0.022 0.993 0.028 0.998 0.997 
0.022 0.994 0.024 0.995 0.997 
0.022 0.994 0.028 0.995 1.000 
0.013 0.996 0.034 0.990 1.000 
0.037 0.990 0.101 0.980 1.000 
0.031 0.992 0.030 0.990 1.000 
0.021 0.993 0.055 0.988 0.997 
0.025 0.992 0.028 0.998 1.000 
0.029 0.992 0.036 0.993 0.994 
0.019 0.993 0.031 0.993 0.938 
0.020 0.993 0.020 0.995 1.000 
0.021 0.992 0.018 0.995 1.000 
0.019 0.994 0.037 0.993 0.981 
0.017 0.994 0.046 0.993 1.000 
0.029 0.991 0.023 0.993 0.997 
0.027 0.996 0.024 0.990 1.000 
0.025 0.991 0.026 0.995 0.972 
0.017 0.996 0.021 0.998 1.000 
0.025 0.991 0.029 0.993 0.997 
0.029 0.993 0.019 0.998 0.997 
0.031 0.990 0.045 0.988 0.972 
0.019 0.994 0.024 0.993 0.985 
0.020 0.993 0.038 0.993 0.950 
0.017 0.995 0.029 0.993 0.892 
0.026 0.995 0.030 0.998 0.647 
0.019 0.994 0.019 0.993 0.991 
0.022 0.993 0.029 0.993 0.997 
0.034 0.989 0.016 0.998 0.994 
0.026 0.992 0.030 0.993 0.991 
0.017 0.995 0.027 0.993 1.000 
0.016 0.996 0.035 0.993 0.997 
0.020 0.995 0.035 0.993 1.000 
0.015 0.995 0.028 0.993 0.997 
0.014 0.997 0.025 0.993 0.994 
0.018 0.994 0.020 0.998 0.997 
0.026 0.991 0.023 0.995 0.997 
0.026 0.993 0.019 0.998 0.985 
0.021 0.996 0.032 0.993 0.997 
0.019 0.995 0.025 0.993 0.997 
0.018 0.995 0.026 0.993 1.000 
0.032 0.989 0.034 0.993 0.997 
0.015 0.996 0.042 0.988 0.997 
0.032 0.992 0.023 0.993 0.972 
0.018 0.993 0.029 0.993 1.000 
0.018 0.997 0.022 0.995 0.997 
0.017 0.995 0.026 0.993 0.994 
0.017 0.993 0.045 0.993 0.997 
0.018 0.991 0.027 0.993 0.994 
0.018 0.994 0.038 0.988 1.000 
0.023 0.993 0.025 0.993 0.997 
0.040 0.991 0.027 0.990 1.000 
0.017 0.996 0.028 0.993 0.994 
0.016 0.995 0.032 0.993 0.994 
0.029 0.993 0.035 0.993 0.972 
0.023 0.992 0.031 0.995 1.000 
0.019 0.995 0.054 0.983 0.997 
0.020 0.995 0.030 0.993 1.000 
0.029 0.992 0.040 0.990 0.991 
0.022 0.994 0.025 0.993 1.000 
0.022 0.995 0.038 0.995 1.000 
0.019 0.995 0.019 0.995 0.997 
0.018 0.993 0.044 0.988 0.994 
0.015 0.996 0.043 0.990 0.969 
0.016 0.995 0.049 0.990 1.000 
0.044 0.990 0.037 0.993 0.991 
0.033 0.991 0.033 0.993 0.994 
0.022 0.994 0.025 0.993 1.000 
0.022 0.992 0.024 0.993 1.000 
0.019 0.993 0.025 0.990 0.994 
0.024 0.992 0.023 0.993 0.991 
0.015 0.995 0.045 0.993 0.994 
0.040 0.992 0.026 0.993 0.935 
0.014 0.996 0.042 0.990 0.991 
0.022 0.993 0.025 0.990 1.000 
0.027 0.994 0.029 0.993 0.997 
0.020 0.992 0.033 0.988 0.991 
0.026 0.993 0.027 0.990 0.994 
0.024 0.992 0.018 0.995 0.994 
0.018 0.996 0.022 0.993 0.994 
0.016 0.996 0.017 0.998 0.994 
0.018 0.995 0.018 0.998 0.991 
0.014 0.997 0.021 0.995 0.994 
0.021 0.992 0.032 0.995 0.969 
0.034 0.992 0.024 0.993 1.000 
0.016 0.995 0.025 0.993 1.000 
0.019 0.996 0.024 0.995 1.000 
0.048 0.990 0.028 0.990 1.000 
0.018 0.994 0.033 0.993 1.000 
0.012 0.997 0.021 0.995 1.000 
0.022 0.993 0.041 0.995 1.000 
0.033 0.991 0.045 0.988 0.994 
0.024 0.994 0.026 0.993 0.997 
0.015 0.993 0.022 0.995 1.000 
0.012 0.997 0.035 0.993 0.991 
0.013 0.997 0.040 0.993 0.994 
0.014 0.996 0.030 0.993 0.994 
0.026 0.994 0.022 0.993 0.985 
0.020 0.994 0.021 0.995 1.000 
0.023 0.992 0.028 0.993 0.997 
0.014 0.995 0.018 0.998 1.000 
0.024 0.993 0.019 0.995 1.000 
0.016 0.993 0.022 0.998 1.000 
0.022 0.995 0.036 0.993 0.988 
0.027 0.992 0.032 0.993 1.000 
0.030 0.992 0.027 0.993 1.000 
0.017 0.995 0.029 0.990 1.000 
0.018 0.995 0.016 0.998 1.000 
0.034 0.990 0.017 0.995 0.997 
0.016 0.997 0.020 0.995 0.997 
0.013 0.997 0.022 0.995 1.000 
0.023 0.996 0.032 0.990 1.000 
0.015 0.995 0.033 0.993 0.994 
0.019 0.995 0.025 0.993 1.000 
0.013 0.996 0.040 0.993 0.997 
0.013 0.997 0.027 0.990 0.972 
0.021 0.993 0.026 0.990 1.000 
0.022 0.995 0.028 0.993 1.000 
0.024 0.992 0.026 0.990 1.000 
0.020 0.995 0.028 0.993 1.000 
0.025 0.993 0.020 0.993 1.000 
0.022 0.992 0.029 0.993 1.000 
0.017 0.995 0.023 0.990 1.000 
0.014 0.996 0.017 0.995 1.000 
0.014 0.996 0.028 0.993 0.997 
0.025 0.993 0.019 0.995 0.988 
0.031 0.990 0.031 0.993 1.000 
0.025 0.993 0.027 0.995 1.000 
0.014 0.997 0.022 0.995 1.000 
0.015 0.994 0.019 0.993 0.997 
0.029 0.992 0.034 0.993 0.994 
0.025 0.995 0.068 0.988 0.997 
0.025 0.995 0.048 0.990 0.997 
0.016 0.995 0.030 0.993 1.000 
0.018 0.995 0.055 0.993 0.997 
0.026 0.993 0.026 0.993 0.994 
0.021 0.994 0.031 0.993 0.994 
0.036 0.987 0.021 0.993 0.988 
0.022 0.993 0.023 0.988 1.000 
0.015 0.995 0.034 0.990 0.997 
0.014 0.997 0.022 0.993 1.000 
0.027 0.993 0.023 0.993 0.926 
0.020 0.993 0.024 0.993 0.994 
0.016 0.995 0.019 0.993 0.994 
0.016 0.994 0.023 0.993 1.000 
0.024 0.992 0.030 0.993 0.935 
0.016 0.994 0.022 0.993 0.997 
0.017 0.996 0.025 0.993 0.994 
0.016 0.995 0.031 0.990 0.997 
0.014 0.997 0.026 0.998 0.997 
0.054 0.991 0.027 0.993 0.997 
0.014 0.997 0.067 0.978 0.997 
0.026 0.992 0.035 0.985 0.997 
0.020 0.996 0.025 0.993 1.000 
0.016 0.996 0.031 0.993 0.997 
0.016 0.994 0.032 0.993 1.000 
0.018 0.994 0.038 0.993 1.000 
0.016 0.996 0.033 0.990 1.000 
0.023 0.994 0.018 0.995 1.000 
0.014 0.996 0.039 0.993 1.000 
0.018 0.995 0.027 0.990 1.000 
0.019 0.995 0.022 0.990 1.000 
0.029 0.991 0.031 0.993 0.981 
0.017 0.994 0.024 0.995 1.000 
0.027 0.993 0.033 0.990 1.000 
0.016 0.993 0.035 0.990 1.000 
0.024 0.993 0.025 0.993 0.997 
0.012 0.997 0.053 0.983 0.994 
0.021 0.993 0.032 0.990 0.988 
0.027 0.992 0.022 0.995 0.991 
0.017 0.995 0.020 0.995 0.994 
0.027 0.993 0.026 0.993 0.994 
0.014 0.996 0.023 0.993 0.985 
0.024 0.993 0.023 0.993 1.000 
0.020 0.993 0.024 0.993 1.000 
0.011 0.996 0.022 0.993 0.994 
0.020 0.995 0.022 0.998 0.994 
0.017 0.995 0.023 0.995 0.344 
0.067 0.992 0.015 0.995 0.972 
0.023 0.992 0.026 0.993 0.991 
0.024 0.994 0.024 0.995 0.997 
0.011 0.995 0.022 0.995 1.000 
0.018 0.995 0.025 0.993 0.991 
0.024 0.996 0.025 0.993 0.985 
0.020 0.993 0.028 0.990 0.997 
0.026 0.993 0.033 0.990 0.997 
0.009 0.997 0.016 0.998 0.997 
0.022 0.994 0.020 0.998 1.000 
0.014 0.993 0.030 0.993 0.994 
0.023 0.993 0.019 0.998 0.972 
0.009 0.998 0.025 0.993 0.994 
0.030 0.992 0.045 0.988 0.981 
0.023 0.992 0.022 0.993 0.991 
0.030 0.992 0.038 0.988 0.994 
0.015 0.995 0.027 0.993 0.997 
0.016 0.996 0.027 0.995 0.994 
0.034 0.995 0.043 0.985 0.997 
0.022 0.995 0.034 0.988 0.997 
0.018 0.992 0.021 0.998 1.000 
0.020 0.993 0.025 0.993 1.000 
0.015 0.996 0.039 0.983 1.000 
0.025 0.991 0.041 0.985 1.000 
0.022 0.995 0.025 0.993 0.997 
0.021 0.993 0.071 0.978 1.000 
0.026 0.991 0.023 0.995 1.000 
0.013 0.997 0.018 0.998 1.000 
0.014 0.996 0.022 0.995 1.000 
0.013 0.996 0.022 0.995 0.997 
0.019 0.995 0.022 0.995 1.000 
0.021 0.995 0.026 0.993 1.000 
0.012 0.996 0.026 0.995 0.997 
0.019 0.996 0.023 0.995 1.000 
0.044 0.985 0.018 0.998 1.000 
0.009 0.996 0.025 0.995 1.000 
0.016 0.996 0.022 0.995 1.000 
0.015 0.998 0.018 0.995 1.000 
0.031 0.993 0.020 0.993 1.000 
0.026 0.993 0.132 0.940 1.000 
0.015 0.996 0.016 0.995 1.000 
0.021 0.995 0.020 0.995 1.000 
0.023 0.992 0.030 0.993 0.997 
0.019 0.996 0.055 0.978 0.966 
0.009 0.997 0.023 0.995 0.991 
0.016 0.995 0.042 0.988 1.000 
0.010 0.998 0.025 0.993 1.000 
0.013 0.997 0.016 0.995 1.000 
0.022 0.994 0.020 0.998 1.000 
0.028 0.990 0.018 0.995 1.000 
0.007 0.998 0.017 0.995 1.000 
0.011 0.995 0.025 0.990 1.000 
0.031 0.991 0.054 0.988 1.000 
0.013 0.995 0.038 0.990 1.000 
0.016 0.995 0.020 0.995 1.000 
0.016 0.995 0.023 0.993 1.000 
0.016 0.996 0.019 0.995 1.000 
0.012 0.997 0.016 0.998 1.000 
0.023 0.995 0.030 0.993 1.000 
0.019 0.996 0.038 0.990 0.994 
0.037 0.993 0.036 0.990 1.000 
0.038 0.992 0.039 0.990 1.000 
0.016 0.996 0.026 0.993 1.000 
0.018 0.993 0.030 0.993 1.000 
0.011 0.996 0.027 0.993 1.000 
0.019 0.994 0.020 0.993 0.994 
0.021 0.992 0.023 0.993 1.000 
0.013 0.997 0.026 0.993 0.994 
0.020 0.993 0.024 0.993 1.000 
0.018 0.992 0.016 0.995 0.997 
0.030 0.992 0.034 0.993 1.000 
0.021 0.995 0.038 0.993 0.994 
0.026 0.993 0.032 0.993 0.997 
0.024 0.993 0.024 0.993 0.994 
0.018 0.995 0.034 0.988 1.000 
0.021 0.993 0.030 0.993 0.997 
0.015 0.997 0.034 0.993 1.000 
0.027 0.993 0.031 0.993 0.997 
0.015 0.995 0.038 0.988 1.000 
0.020 0.993 0.026 0.993 1.000 
0.016 0.997 0.025 0.993 1.000 
0.014 0.996 0.031 0.988 1.000 
0.021 0.993 0.030 0.993 1.000 
0.022 0.994 0.027 0.993 1.000 
0.020 0.994 0.033 0.993 1.000 
0.026 0.992 0.031 0.993 1.000 
0.020 0.995 0.021 0.993 0.988 
0.017 0.995 0.043 0.993 0.997 
0.018 0.993 0.030 0.993 1.000 
0.021 0.996 0.046 0.988 1.000 
0.014 0.997 0.028 0.990 1.000 
0.015 0.995 0.035 0.990 1.000 
0.023 0.995 0.038 0.988 1.000 
0.020 0.996 0.028 0.993 1.000 
0.029 0.993 0.058 0.983 0.966 
0.024 0.994 0.034 0.993 1.000 
0.018 0.995 0.033 0.990 1.000 
0.018 0.996 0.019 0.995 0.997 
0.017 0.995 0.063 0.980 0.997 
0.027 0.990 0.040 0.990 0.994 
0.021 0.992 0.024 0.993 1.000 
0.018 0.996 0.038 0.988 1.000 
0.016 0.997 0.040 0.983 1.000 
0.012 0.995 0.043 0.988 1.000 
0.024 0.993 0.037 0.990 0.997 
0.018 0.996 0.016 0.998 1.000 
0.012 0.997 0.039 0.988 0.991 
0.022 0.993 0.029 0.993 0.997 
0.015 0.995 0.020 0.995 1.000 
0.026 0.991 0.027 0.990 1.000 
0.022 0.993 0.044 0.988 0.994 
0.019 0.994 0.033 0.993 0.997 
0.015 0.996 0.018 0.995 0.994 
0.030 0.993 0.068 0.978 0.994 
0.009 0.996 0.061 0.993 0.994 
0.021 0.992 0.097 0.985 0.997 
0.020 0.993 0.025 0.993 0.994 
0.017 0.994 0.023 0.993 1.000 
0.019 0.993 0.029 0.993 0.997 
0.012 0.995 0.073 0.983 0.997 
0.016 0.995 0.033 0.990 1.000 
0.028 0.996 0.062 0.970 0.994 
0.010 0.997 0.022 0.993 1.000 
0.012 0.996 0.020 0.995 1.000 
0.010 0.996 0.079 0.990 0.991 
0.022 0.996 0.019 0.995 0.994 
0.021 0.994 0.020 0.993 0.997 
0.020 0.992 0.031 0.993 0.994 
0.017 0.996 0.030 0.993 0.997 
0.027 0.995 0.026 0.993 0.994 
0.017 0.992 0.024 0.993 1.000 
0.014 0.996 0.030 0.993 0.991 
0.020 0.993 0.043 0.985 0.997 
0.015 0.996 0.025 0.995 1.000 
0.014 0.995 0.026 0.993 0.994 
0.018 0.992 0.031 0.993 1.000 
0.025 0.990 0.024 0.993 1.000 
0.013 0.994 0.035 0.993 1.000 
0.015 0.995 0.027 0.993 1.000 
0.021 0.995 0.021 0.995 1.000 
0.018 0.993 0.020 0.993 0.994 
0.020 0.996 0.048 0.993 0.997 
0.027 0.994 0.034 0.990 1.000 
0.017 0.994 0.020 0.995 1.000 
0.021 0.996 0.050 0.985 0.997 
0.030 0.993 0.078 0.985 0.972 
0.013 0.994 0.027 0.993 1.000 
0.022 0.994 0.023 0.993 0.997 
0.013 0.996 0.020 0.995 1.000 
0.034 0.991 0.025 0.993 0.997 
0.020 0.995 0.023 0.995 0.985 
0.020 0.995 0.020 0.995 1.000 
0.019 0.993 0.026 0.993 1.000 
0.012 0.995 0.022 0.995 0.994 
0.036 0.995 0.039 0.990 1.000 
0.016 0.996 0.032 0.990 0.991 
0.020 0.996 0.021 0.995 0.994 
0.017 0.996 0.020 0.995 0.994 
0.026 0.993 0.028 0.993 0.997 
0.014 0.996 0.022 0.993 0.997 
0.028 0.993 0.017 0.993 0.991 
0.033 0.993 0.020 0.995 1.000 
0.024 0.994 0.036 0.990 0.994 
0.009 0.997 0.020 0.995 0.997 
0.033 0.992 0.026 0.993 0.950 
0.026 0.994 0.023 0.993 1.000 
0.018 0.995 0.030 0.993 0.997 
0.024 0.994 0.027 0.993 0.997 
0.014 0.996 0.061 0.985 0.981 
0.018 0.996 0.032 0.990 0.997 
0.015 0.998 0.022 0.995 0.997 
0.016 0.995 0.031 0.990 1.000 
0.021 0.996 0.036 0.988 0.997 
0.027 0.991 0.030 0.990 0.994 
0.017 0.996 0.031 0.995 0.997 
0.025 0.992 0.021 0.993 0.988 
0.013 0.995 0.056 0.993 1.000 
0.025 0.993 0.028 0.993 0.997 
0.017 0.996 0.022 0.995 0.991 
0.021 0.995 0.018 0.995 0.988 
0.020 0.995 0.033 0.988 1.000 
0.012 0.998 0.025 0.993 0.997 
0.024 0.995 0.020 0.995 0.994 
0.019 0.993 0.045 0.985 1.000 
0.028 0.993 0.027 0.990 1.000 
0.014 0.996 0.027 0.995 0.963 
0.016 0.993 0.024 0.993 0.991 
0.012 0.997 0.031 0.990 1.000 
0.020 0.995 0.021 0.993 0.997 
0.020 0.995 0.053 0.980 1.000 
0.019 0.992 0.054 0.978 1.000 
0.017 0.995 0.028 0.993 0.997 
0.015 0.995 0.031 0.993 1.000 
0.012 0.997 0.024 0.993 1.000 
0.026 0.990 0.033 0.993 1.000 
0.015 0.997 0.044 0.985 1.000 
0.010 0.997 0.022 0.990 1.000 
0.012 0.996 0.042 0.993 0.997 
0.036 0.992 0.026 0.993 0.972 
0.012 0.996 0.033 0.990 0.994 
0.018 0.996 0.029 0.993 0.954 
0.023 0.993 0.031 0.990 1.000 
0.012 0.996 0.021 0.993 0.991 
0.018 0.995 0.024 0.993 0.985 
0.030 0.991 0.025 0.993 0.978 
0.021 0.992 0.024 0.995 0.991 
0.017 0.995 0.042 0.988 0.981 
0.017 0.994 0.028 0.993 0.994 
0.014 0.995 0.029 0.988 0.994 
0.004 0.999 0.035 0.990 0.994 
0.019 0.995 0.028 0.993 0.994 
0.016 0.995 0.036 0.990 1.000 
0.013 0.996 0.034 0.990 0.994 
0.026 0.993 0.028 0.990 0.994 
0.015 0.993 0.026 0.993 1.000 
0.017 0.993 0.025 0.993 0.997 
0.017 0.994 0.035 0.990 1.000 
0.014 0.995 0.026 0.993 1.000 
0.018 0.997 0.026 0.990 1.000 
0.019 0.993 0.038 0.988 1.000 
0.028 0.994 0.042 0.993 0.994 
0.016 0.996 0.086 0.988 0.978 
0.027 0.996 0.021 0.993 0.997 
0.016 0.994 0.045 0.988 0.994 
0.014 0.995 0.056 0.988 0.991 
0.018 0.996 0.065 0.985 0.988 
0.013 0.995 0.023 0.993 0.991 
0.018 0.995 0.037 0.990 1.000 
0.013 0.997 0.028 0.993 0.997 
0.035 0.993 0.028 0.993 1.000 
0.014 0.994 0.017 0.995 0.994 
0.019 0.994 0.025 0.990 1.000 
0.015 0.996 0.026 0.993 0.994 
0.013 0.996 0.030 0.993 0.997 
0.016 0.996 0.043 0.983 0.997 
0.014 0.995 0.041 0.988 0.997 
0.020 0.992 0.029 0.990 0.997 
0.012 0.997 0.028 0.993 0.997 
0.022 0.994 0.026 0.993 0.997 
0.013 0.995 0.025 0.995 0.997 
0.015 0.994 0.047 0.990 0.994 
0.018 0.996 0.028 0.993 0.988 
0.020 0.994 0.042 0.988 1.000 
0.017 0.994 0.034 0.990 1.000 
0.018 0.996 0.039 0.993 0.997 
0.025 0.995 0.038 0.988 0.997 
0.018 0.996 0.028 0.993 1.000 
0.016 0.993 0.023 0.993 0.997 
0.015 0.993 0.035 0.993 1.000 
0.018 0.996 0.028 0.993 1.000 
0.020 0.995 0.034 0.993 1.000 
0.011 0.998 0.026 0.993 1.000 
0.036 0.993 0.030 0.993 0.994 
0.017 0.993 0.032 0.993 0.997 
0.014 0.997 0.030 0.990 0.997 
0.009 0.998 0.035 0.990 1.000 
0.019 0.993 0.042 0.988 0.997 
0.019 0.995 0.031 0.993 1.000 
0.020 0.995 0.032 0.993 1.000 
0.017 0.995 0.030 0.993 1.000 
0.012 0.997 0.046 0.990 0.994 
0.014 0.996 0.029 0.993 0.997 
0.016 0.996 0.024 0.993 1.000 
0.010 0.997 0.027 0.993 1.000 
0.015 0.996 0.029 0.993 1.000 
0.015 0.996 0.025 0.993 1.000 
0.029 0.992 0.025 0.993 1.000 
0.019 0.993 0.022 0.993 1.000 
0.017 0.993 0.026 0.993 1.000 
0.006 0.998 0.017 0.995 1.000 
0.018 0.995 0.029 0.993 1.000 
0.010 0.996 0.024 0.990 1.000 
0.019 0.995 0.031 0.990 1.000 
0.010 0.997 0.063 0.980 1.000 
0.015 0.996 0.025 0.993 1.000 
0.010 0.997 0.024 0.993 1.000 
0.009 0.998 0.021 0.995 1.000 
0.032 0.992 0.042 0.993 1.000 
0.023 0.993 0.031 0.993 1.000 
0.008 0.996 0.054 0.993 0.994 
0.024 0.992 0.033 0.985 0.997 
0.031 0.993 0.045 0.985 1.000 
0.015 0.997 0.035 0.988 1.000 
0.025 0.995 0.033 0.993 1.000 
0.011 0.997 0.034 0.993 1.000 
0.012 0.997 0.024 0.993 1.000 
0.035 0.993 0.029 0.993 1.000 
0.011 0.997 0.021 0.995 1.000 
0.022 0.997 0.027 0.993 1.000 
0.020 0.994 0.031 0.993 1.000 
0.022 0.995 0.047 0.985 0.991 
0.014 0.995 0.030 0.993 0.994 
0.026 0.993 0.034 0.990 1.000 
0.021 0.996 0.065 0.980 0.963 
0.021 0.993 0.031 0.993 1.000 
0.010 0.996 0.031 0.993 1.000 
0.010 0.997 0.027 0.993 1.000 
0.016 0.997 0.024 0.993 1.000 
0.021 0.993 0.025 0.993 1.000 
0.016 0.995 0.029 0.993 1.000 
0.012 0.997 0.040 0.993 0.994 
0.021 0.995 0.032 0.993 0.994 
0.015 0.995 0.028 0.993 0.994 
0.012 0.995 0.024 0.993 1.000 
0.009 0.997 0.057 0.985 1.000 
0.016 0.995 0.020 0.995 1.000 
0.028 0.994 0.032 0.993 0.997 
0.020 0.991 0.034 0.993 0.991 
0.008 0.998 0.034 0.993 1.000 
0.018 0.996 0.027 0.993 1.000 
0.011 0.996 0.038 0.993 0.994 
0.015 0.995 0.047 0.993 1.000 
0.019 0.993 0.028 0.993 1.000 
0.017 0.995 0.033 0.993 1.000 
0.011 0.996 0.029 0.993 1.000 
0.012 0.996 0.034 0.990 0.994 
0.017 0.995 0.023 0.993 0.997 
0.013 0.996 0.022 0.993 1.000 
0.018 0.995 0.028 0.993 1.000 
0.014 0.996 0.035 0.990 1.000 
0.014 0.997 0.031 0.993 1.000 
0.017 0.993 0.041 0.993 0.997 
0.022 0.993 0.041 0.988 1.000 
0.016 0.995 0.027 0.993 0.997 
0.010 0.998 0.017 0.995 0.994 
0.013 0.998 0.029 0.993 1.000 
0.018 0.995 0.040 0.990 1.000 
0.042 0.995 0.034 0.990 1.000 
0.015 0.995 0.032 0.988 1.000 
0.013 0.996 0.027 0.990 1.000 
0.019 0.993 0.026 0.993 1.000 
0.016 0.996 0.023 0.993 1.000 
0.018 0.995 0.032 0.990 0.994 
0.014 0.995 0.041 0.993 1.000 
0.018 0.993 0.042 0.988 1.000 
0.019 0.995 0.039 0.993 0.997 
0.016 0.994 0.032 0.993 1.000 
0.021 0.994 0.025 0.993 1.000 
0.015 0.995 0.030 0.993 1.000 
0.014 0.993 0.025 0.993 1.000 
0.021 0.994 0.038 0.993 0.997 
0.008 0.997 0.024 0.993 0.997 
0.008 0.996 0.030 0.993 0.997 
0.021 0.991 0.029 0.993 1.000 
0.019 0.992 0.044 0.990 1.000 
0.022 0.995 0.027 0.990 1.000 
0.017 0.995 0.038 0.988 0.994 
0.033 0.994 0.069 0.983 1.000 
0.034 0.993 0.035 0.990 0.997 
0.025 0.993 0.027 0.993 1.000 
0.014 0.996 0.040 0.990 1.000 
0.011 0.996 0.027 0.990 1.000 
0.014 0.995 0.031 0.993 1.000 
0.013 0.996 0.028 0.983 1.000 
0.019 0.993 0.034 0.993 1.000 
0.010 0.997 0.025 0.993 1.000 
0.022 0.993 0.025 0.993 1.000 
0.010 0.997 0.022 0.993 0.997 
0.028 0.993 0.049 0.985 1.000 
0.012 0.995 0.061 0.980 1.000 
0.008 0.997 0.030 0.988 1.000 
0.015 0.997 0.033 0.990 0.991 
0.016 0.996 0.032 0.988 1.000 
0.012 0.995 0.037 0.988 1.000 
0.010 0.997 0.029 0.990 1.000 
0.015 0.996 0.044 0.990 0.997 
0.012 0.996 0.041 0.983 1.000 
0.001 0.999 0.032 0.990 1.000 
0.036 0.992 0.021 0.993 1.000 
0.013 0.998 0.044 0.993 1.000 
0.013 0.996 0.035 0.983 1.000 
0.007 0.998 0.033 0.993 1.000 
0.019 0.995 0.053 0.993 0.994 
0.031 0.995 0.034 0.993 1.000 
0.015 0.997 0.028 0.993 1.000 
0.013 0.997 0.030 0.993 1.000 
0.028 0.991 0.037 0.990 1.000 
0.014 0.996 0.068 0.980 1.000 
0.024 0.992 0.036 0.990 0.994 
0.006 0.998 0.030 0.993 0.988 
0.017 0.997 0.023 0.990 1.000 
0.007 0.997 0.021 0.993 0.994 
0.028 0.994 0.036 0.993 1.000 
0.034 0.992 0.054 0.978 1.000 
0.015 0.995 0.029 0.993 1.000 
0.029 0.995 0.022 0.993 1.000 
0.014 0.996 0.025 0.995 1.000 
0.013 0.995 0.030 0.993 1.000 
0.016 0.996 0.025 0.993 1.000 
0.018 0.993 0.024 0.993 1.000 
0.008 0.997 0.033 0.990 1.000 
0.014 0.997 0.038 0.990 0.997 
0.014 0.996 0.024 0.993 1.000 
0.026 0.991 0.077 0.980 1.000 
0.035 0.991 0.031 0.993 1.000 
0.015 0.993 0.028 0.993 1.000 
0.007 0.997 0.031 0.993 1.000 
0.019 0.996 0.032 0.993 1.000 
0.010 0.997 0.052 0.988 0.997 
0.013 0.997 0.035 0.993 0.997 
0.013 0.997 0.038 0.993 1.000 
0.016 0.996 0.058 0.985 0.981 
0.015 0.996 0.034 0.985 1.000 
0.015 0.995 0.035 0.993 1.000 
0.032 0.992 0.030 0.993 0.994 
0.018 0.995 0.025 0.995 1.000 
0.012 0.996 0.025 0.993 1.000 
0.026 0.992 0.021 0.995 1.000 
0.009 0.997 0.028 0.993 1.000 
0.020 0.996 0.039 0.993 1.000 
0.022 0.995 0.037 0.993 1.000 
0.009 0.997 0.028 0.993 1.000 
0.015 0.993 0.039 0.990 1.000 
0.025 0.993 0.057 0.985 1.000 
0.029 0.993 0.033 0.993 0.997 
0.015 0.996 0.052 0.988 1.000 
0.014 0.996 0.072 0.988 0.997 
0.028 0.991 0.031 0.993 0.994 
0.007 0.997 0.039 0.993 0.994 
0.016 0.995 0.026 0.993 0.994 
0.008 0.997 0.025 0.993 0.994 
0.016 0.996 0.033 0.988 0.997 
0.008 0.996 0.032 0.993 0.997 
0.009 0.997 0.031 0.990 0.997 
0.043 0.992 0.138 0.983 1.000 
0.022 0.996 0.035 0.993 1.000 
0.017 0.995 0.061 0.985 1.000 
0.014 0.995 0.027 0.993 1.000 
0.029 0.993 0.031 0.993 1.000 
0.011 0.997 0.029 0.993 1.000 
0.027 0.995 0.044 0.993 1.000 
0.014 0.995 0.031 0.993 1.000 
0.020 0.995 0.037 0.993 0.997 
0.022 0.992 0.027 0.993 0.997 
0.017 0.995 0.036 0.993 0.997 
0.018 0.996 0.024 0.993 1.000 
0.015 0.994 0.028 0.993 1.000 
0.008 0.996 0.025 0.993 1.000 
0.019 0.993 0.025 0.993 1.000 
0.012 0.996 0.043 0.993 1.000 
0.045 0.993 0.028 0.993 1.000 
0.027 0.993 0.116 0.983 1.000 
0.021 0.995 0.034 0.993 1.000 
0.014 0.995 0.041 0.988 1.000 
0.013 0.997 0.026 0.993 1.000 
0.017 0.997 0.030 0.993 1.000 
0.018 0.994 0.038 0.990 1.000 
0.014 0.996 0.043 0.993 1.000 
0.016 0.994 0.021 0.995 1.000 
0.010 0.996 0.024 0.990 1.000 
0.010 0.996 0.039 0.993 1.000 
0.012 0.996 0.067 0.993 1.000 
0.032 0.989 0.030 0.993 0.994 
0.016 0.996 0.033 0.993 1.000 
0.014 0.998 0.025 0.993 1.000 
0.028 0.993 0.054 0.985 1.000 
0.010 0.997 0.044 0.993 1.000 
0.017 0.993 0.043 0.993 1.000 
0.016 0.995 0.028 0.990 1.000 
0.016 0.997 0.031 0.993 1.000 
0.017 0.993 0.021 0.995 1.000 
0.019 0.992 0.029 0.993 1.000 
