0.281 0.898 0.187 0.930 1.000 
0.188 0.934 0.139 0.958 1.000 
0.130 0.954 0.116 0.958 1.000 
0.122 0.960 0.155 0.970 1.000 
0.108 0.965 0.095 0.973 1.000 
0.101 0.969 0.101 0.978 1.000 
0.092 0.969 0.108 0.955 1.000 
0.099 0.968 0.070 0.985 0.983 
0.090 0.974 0.095 0.975 1.000 
0.078 0.972 0.071 0.980 1.000 
0.074 0.977 0.084 0.975 0.990 
0.057 0.984 0.074 0.980 0.983 
0.076 0.976 0.090 0.978 1.000 
0.056 0.985 0.075 0.975 0.808 
0.088 0.971 0.066 0.985 1.000 
0.068 0.981 0.082 0.980 0.973 
0.063 0.981 0.075 0.980 1.000 
0.063 0.977 0.082 0.975 1.000 
0.059 0.981 0.071 0.980 1.000 
0.063 0.978 0.079 0.980 1.000 
0.063 0.982 0.073 0.980 1.000 
0.060 0.981 0.092 0.970 0.976 
0.086 0.978 0.094 0.970 1.000 
0.052 0.985 0.102 0.970 0.990 
0.060 0.984 0.083 0.975 1.000 
0.057 0.984 0.092 0.975 0.986 
0.053 0.985 0.115 0.960 0.794 
0.057 0.983 0.108 0.965 1.000 
0.052 0.985 0.074 0.980 1.000 
0.051 0.985 0.075 0.983 0.873 
0.060 0.985 0.061 0.985 1.000 
0.047 0.988 0.113 0.963 0.000 
0.049 0.985 0.083 0.978 1.000 
0.050 0.985 0.109 0.970 1.000 
0.051 0.985 0.096 0.973 0.003 
0.044 0.987 0.072 0.980 0.024 
0.035 0.989 0.090 0.968 0.997 
0.054 0.985 0.093 0.973 0.973 
0.040 0.988 0.084 0.975 0.639 
0.053 0.984 0.060 0.985 0.904 
0.042 0.986 0.081 0.968 1.000 
0.058 0.983 0.095 0.968 1.000 
0.045 0.985 0.079 0.978 0.003 
0.037 0.989 0.103 0.970 0.323 
0.047 0.983 0.089 0.975 0.997 
0.050 0.985 0.067 0.980 1.000 
0.052 0.985 0.084 0.970 0.955 
0.037 0.990 0.078 0.973 0.931 
0.048 0.990 0.086 0.973 1.000 
0.042 0.987 0.069 0.970 1.000 
0.039 0.990 0.065 0.985 1.000 
0.041 0.986 0.059 0.983 0.997 
0.034 0.989 0.090 0.968 1.000 
0.040 0.986 0.083 0.965 1.000 
0.051 0.988 0.075 0.978 1.000 
0.038 0.992 0.067 0.975 1.000 
0.041 0.988 0.053 0.990 0.357 
0.039 0.989 0.072 0.975 1.000 
0.032 0.992 0.085 0.973 0.962 
0.043 0.988 0.046 0.985 1.000 
0.050 0.986 0.095 0.973 1.000 
0.045 0.989 0.084 0.973 1.000 
0.040 0.989 0.055 0.983 1.000 
0.038 0.990 0.131 0.953 1.000 
0.035 0.990 0.086 0.975 1.000 
0.043 0.990 0.085 0.983 1.000 
0.050 0.987 0.069 0.980 0.955 
0.041 0.989 0.117 0.963 1.000 
0.045 0.991 0.073 0.980 0.990 
0.032 0.993 0.100 0.973 0.973 
0.034 0.990 0.109 0.963 0.990 
0.036 0.990 0.093 0.970 0.962 
0.046 0.988 0.113 0.960 0.990 
0.040 0.988 0.161 0.948 1.000 
0.039 0.989 0.091 0.970 0.942 
0.035 0.991 0.069 0.975 0.907 
0.038 0.988 0.094 0.958 0.990 
0.031 0.991 0.097 0.973 1.000 
0.045 0.988 0.100 0.960 1.000 
0.039 0.990 0.083 0.973 0.993 
0.031 0.992 0.074 0.975 1.000 
0.029 0.993 0.074 0.975 0.997 
0.037 0.990 0.102 0.970 1.000 
0.036 0.990 0.129 0.963 1.000 
0.033 0.992 0.137 0.955 0.973 
0.035 0.990 0.100 0.970 0.804 
0.030 0.993 0.097 0.970 1.000 
0.031 0.991 0.199 0.930 0.316 
0.023 0.994 0.143 0.965 0.993 
0.053 0.986 0.109 0.963 1.000 
0.033 0.991 0.132 0.955 1.000 
0.033 0.991 0.075 0.970 0.997 
0.033 0.991 0.114 0.958 0.921 
0.028 0.993 0.084 0.975 0.993 
0.027 0.994 0.079 0.973 1.000 
0.029 0.992 0.092 0.970 0.014 
0.026 0.993 0.069 0.978 1.000 
0.034 0.990 0.164 0.945 0.759 
0.035 0.992 0.065 0.975 1.000 
0.037 0.989 0.135 0.945 0.753 
0.037 0.989 0.083 0.975 0.392 
0.031 0.991 0.107 0.960 1.000 
0.044 0.987 0.121 0.953 1.000 
0.028 0.994 0.082 0.975 0.997 
0.027 0.993 0.086 0.975 0.608 
0.030 0.991 0.100 0.963 1.000 
0.038 0.988 0.109 0.960 1.000 
0.034 0.992 0.117 0.960 0.997 
0.030 0.990 0.061 0.985 1.000 
0.028 0.988 0.136 0.955 0.990 
0.035 0.989 0.093 0.965 1.000 
0.029 0.990 0.116 0.963 0.292 
0.035 0.991 0.078 0.973 0.460 
0.023 0.995 0.098 0.965 0.997 
0.025 0.994 0.076 0.975 0.797 
0.029 0.993 0.073 0.975 0.433 
0.030 0.991 0.065 0.975 0.818 
0.034 0.990 0.080 0.970 1.000 
0.027 0.993 0.100 0.970 0.680 
0.037 0.989 0.189 0.925 0.261 
0.023 0.994 0.151 0.943 0.966 
0.021 0.995 0.058 0.978 1.000 
0.035 0.991 0.113 0.960 0.825 
0.027 0.991 0.152 0.950 0.615 
0.026 0.993 0.167 0.955 0.076 
0.031 0.993 0.145 0.955 0.426 
0.042 0.987 0.101 0.965 0.718 
0.025 0.993 0.071 0.978 0.326 
0.026 0.993 0.094 0.965 0.457 
0.029 0.989 0.123 0.953 0.381 
0.029 0.993 0.101 0.963 0.763 
0.026 0.994 0.091 0.973 0.399 
0.029 0.992 0.066 0.975 0.997 
0.020 0.995 0.097 0.975 0.735 
0.033 0.992 0.127 0.953 1.000 
0.029 0.991 0.208 0.932 0.656 
0.027 0.993 0.129 0.960 0.804 
0.033 0.991 0.117 0.958 0.515 
0.023 0.992 0.082 0.970 0.993 
0.024 0.991 0.174 0.927 0.680 
0.036 0.989 0.077 0.968 0.983 
0.034 0.988 0.156 0.950 0.986 
0.027 0.993 0.098 0.973 0.918 
0.037 0.991 0.106 0.963 0.000 
0.033 0.991 0.081 0.970 0.007 
0.024 0.995 0.093 0.973 1.000 
0.031 0.993 0.109 0.973 0.206 
0.035 0.992 0.068 0.978 1.000 
0.026 0.991 0.111 0.963 0.292 
0.028 0.990 0.088 0.965 1.000 
0.020 0.994 0.162 0.945 0.691 
0.029 0.990 0.129 0.958 0.893 
0.025 0.995 0.080 0.978 0.003 
0.026 0.993 0.056 0.985 0.993 
0.029 0.991 0.095 0.968 0.117 
0.025 0.993 0.095 0.968 0.770 
0.017 0.994 0.086 0.978 0.742 
0.029 0.993 0.111 0.960 0.804 
0.026 0.991 0.066 0.985 0.522 
0.032 0.991 0.105 0.963 0.072 
0.026 0.994 0.096 0.970 1.000 
0.025 0.990 0.176 0.938 0.904 
0.029 0.991 0.128 0.963 0.402 
0.031 0.991 0.107 0.963 1.000 
0.020 0.993 0.082 0.978 0.206 
0.023 0.995 0.128 0.958 0.313 
0.028 0.994 0.165 0.950 0.536 
0.023 0.993 0.074 0.983 0.031 
0.027 0.992 0.081 0.973 0.148 
0.030 0.993 0.057 0.988 0.780 
0.019 0.993 0.096 0.968 0.289 
0.030 0.991 0.135 0.960 0.038 
0.019 0.994 0.069 0.985 0.622 
0.019 0.994 0.159 0.953 0.471 
0.028 0.994 0.113 0.963 0.148 
0.026 0.994 0.109 0.965 0.897 
0.018 0.994 0.075 0.985 0.546 
0.027 0.992 0.077 0.978 0.282 
0.017 0.993 0.122 0.968 0.550 
0.022 0.994 0.083 0.973 0.141 
0.031 0.988 0.092 0.968 0.065 
0.021 0.994 0.109 0.960 0.392 
0.030 0.992 0.104 0.963 0.041 
0.028 0.991 0.112 0.955 0.471 
0.023 0.992 0.057 0.985 0.007 
0.035 0.989 0.122 0.948 0.007 
0.020 0.994 0.124 0.963 0.034 
0.020 0.994 0.159 0.958 0.426 
0.028 0.995 0.098 0.975 0.918 
0.027 0.993 0.329 0.945 0.089 
0.035 0.993 0.083 0.968 0.072 
0.034 0.990 0.190 0.945 0.457 
0.023 0.993 0.129 0.955 0.110 
0.026 0.991 0.117 0.960 0.141 
0.019 0.994 0.124 0.955 0.003 
0.023 0.993 0.124 0.960 0.251 
0.016 0.993 0.071 0.983 0.780 
0.023 0.993 0.074 0.968 0.502 
0.024 0.993 0.127 0.935 0.485 
0.019 0.994 0.081 0.973 0.134 
0.014 0.994 0.076 0.980 0.041 
0.012 0.998 0.099 0.970 0.000 
0.023 0.993 0.123 0.965 0.271 
0.030 0.991 0.093 0.968 0.361 
0.025 0.994 0.155 0.938 0.000 
0.025 0.992 0.091 0.973 0.622 
0.021 0.993 0.127 0.970 0.000 
0.023 0.993 0.077 0.978 0.966 
0.019 0.994 0.087 0.973 0.639 
0.023 0.991 0.080 0.978 0.000 
0.018 0.996 0.078 0.970 0.010 
0.023 0.995 0.074 0.975 0.000 
0.025 0.993 0.134 0.958 0.354 
0.028 0.993 0.156 0.955 0.021 
0.020 0.994 0.246 0.940 0.000 
0.019 0.994 0.094 0.980 0.206 
0.028 0.994 0.136 0.973 0.062 
0.025 0.992 0.176 0.945 0.000 
0.024 0.995 0.141 0.958 0.199 
0.020 0.992 0.113 0.975 0.007 
0.017 0.995 0.116 0.975 0.096 
0.024 0.993 0.223 0.920 0.251 
0.020 0.994 0.199 0.930 0.471 
0.019 0.994 0.087 0.983 0.832 
0.023 0.993 0.132 0.953 0.082 
0.024 0.993 0.128 0.963 0.000 
0.014 0.994 0.144 0.963 0.000 
0.016 0.994 0.085 0.990 0.003 
0.023 0.993 0.109 0.970 0.591 
0.018 0.993 0.093 0.990 0.014 
0.024 0.991 0.121 0.973 0.003 
0.022 0.990 0.129 0.970 0.052 
0.030 0.993 0.091 0.983 0.000 
0.029 0.992 0.131 0.960 0.000 
0.037 0.991 0.123 0.960 0.423 
0.027 0.990 0.133 0.950 0.045 
0.026 0.993 0.113 0.965 0.003 
0.015 0.995 0.100 0.988 0.007 
0.018 0.994 0.111 0.983 0.103 
0.018 0.994 0.103 0.985 0.079 
0.025 0.994 0.131 0.960 0.619 
0.020 0.997 0.090 0.978 0.509 
0.020 0.994 0.114 0.970 0.337 
0.015 0.994 0.116 0.973 0.041 
0.020 0.995 0.118 0.973 0.007 
0.014 0.995 0.093 0.978 0.900 
0.029 0.990 0.146 0.965 0.010 
0.017 0.996 0.152 0.960 0.694 
0.015 0.995 0.121 0.958 0.447 
0.017 0.994 0.143 0.963 0.591 
0.017 0.994 0.069 0.990 0.973 
0.009 0.998 0.118 0.978 0.993 
0.044 0.989 0.153 0.965 0.959 
0.021 0.994 0.168 0.955 0.010 
0.022 0.993 0.154 0.965 0.557 
0.017 0.994 0.181 0.955 0.887 
0.026 0.991 0.120 0.975 0.003 
0.017 0.995 0.190 0.975 0.550 
0.027 0.993 0.110 0.980 0.000 
0.013 0.995 0.117 0.978 0.265 
0.021 0.995 0.131 0.975 0.388 
0.016 0.996 0.082 0.988 0.062 
0.020 0.993 0.091 0.978 0.237 
0.024 0.991 0.183 0.943 0.000 
0.023 0.994 0.107 0.970 0.017 
0.020 0.993 0.117 0.968 0.337 
0.021 0.993 0.097 0.973 0.086 
0.023 0.994 0.168 0.958 0.986 
0.027 0.991 0.199 0.938 0.000 
0.019 0.994 0.147 0.965 0.175 
0.021 0.993 0.124 0.973 0.027 
0.016 0.995 0.134 0.970 0.234 
0.018 0.993 0.258 0.920 0.000 
0.017 0.994 0.160 0.965 0.024 
0.009 0.997 0.219 0.960 0.649 
0.029 0.991 0.125 0.973 0.034 
0.018 0.996 0.135 0.980 0.076 
0.026 0.993 0.138 0.975 0.000 
0.013 0.997 0.351 0.955 0.000 
0.025 0.994 0.138 0.970 0.027 
0.023 0.991 0.139 0.980 0.027 
0.016 0.994 0.141 0.975 0.014 
0.018 0.995 0.117 0.975 0.000 
0.019 0.994 0.135 0.975 0.000 
0.024 0.993 0.110 0.968 0.251 
0.032 0.995 0.171 0.950 0.199 
0.017 0.994 0.144 0.968 0.014 
0.023 0.993 0.105 0.975 0.354 
0.020 0.994 0.139 0.973 0.082 
0.015 0.996 0.190 0.948 0.124 
0.019 0.993 0.195 0.953 0.082 
0.020 0.993 0.159 0.963 0.000 
0.012 0.997 0.199 0.953 0.402 
0.016 0.994 0.193 0.958 0.983 
0.018 0.994 0.081 0.978 0.522 
0.019 0.996 0.148 0.963 0.010 
0.016 0.993 0.344 0.925 0.041 
0.025 0.995 0.186 0.943 0.869 
0.020 0.995 0.204 0.953 0.588 
0.025 0.994 0.213 0.948 0.216 
0.016 0.995 0.175 0.968 0.368 
0.013 0.998 0.182 0.973 0.014 
0.031 0.989 0.212 0.943 0.258 
0.024 0.994 0.222 0.943 0.000 
0.014 0.995 0.197 0.970 0.076 
0.024 0.993 0.198 0.948 0.199 
0.025 0.991 0.204 0.968 0.186 
0.039 0.991 0.186 0.948 0.000 
0.025 0.994 0.160 0.978 0.010 
0.021 0.994 0.209 0.943 0.034 
0.030 0.992 0.142 0.973 0.000 
0.020 0.995 0.103 0.990 0.000 
0.020 0.994 0.128 0.970 0.763 
0.023 0.994 0.201 0.958 0.918 
0.019 0.995 0.114 0.975 0.120 
0.029 0.989 0.189 0.948 0.034 
0.017 0.995 0.129 0.963 0.491 
0.015 0.995 0.085 0.978 0.869 
0.018 0.994 0.116 0.983 0.000 
0.022 0.994 0.156 0.958 0.003 
0.021 0.993 0.148 0.965 0.007 
0.016 0.994 0.161 0.973 0.089 
0.010 0.997 0.150 0.990 0.000 
0.021 0.995 0.112 0.983 0.471 
0.019 0.995 0.174 0.955 0.000 
0.012 0.995 0.160 0.963 0.512 
0.022 0.997 0.119 0.970 0.148 
0.016 0.994 0.118 0.975 0.292 
0.033 0.991 0.142 0.955 0.124 
0.017 0.995 0.118 0.973 0.003 
0.024 0.993 0.188 0.932 0.667 
0.023 0.993 0.099 0.973 0.869 
0.019 0.994 0.160 0.938 0.502 
0.022 0.993 0.125 0.973 0.086 
0.023 0.992 0.116 0.968 0.471 
0.011 0.997 0.148 0.968 0.261 
0.015 0.995 0.256 0.948 0.873 
0.041 0.995 0.353 0.963 0.416 
0.025 0.996 0.346 0.958 0.158 
0.018 0.994 0.344 0.970 0.278 
0.044 0.994 0.385 0.915 0.481 
0.012 0.997 0.397 0.960 0.447 
0.012 0.995 0.630 0.943 0.639 
0.030 0.995 0.260 0.970 0.405 
0.019 0.995 0.164 0.973 0.082 
0.029 0.993 0.269 0.950 0.120 
0.016 0.995 0.250 0.965 0.814 
0.020 0.994 0.268 0.958 0.247 
0.015 0.996 0.260 0.950 0.753 
0.018 0.995 0.296 0.963 0.155 
0.027 0.992 0.228 0.958 0.986 
0.018 0.994 0.259 0.965 0.983 
0.012 0.997 0.406 0.943 0.973 
0.022 0.992 0.214 0.965 1.000 
0.048 0.995 0.132 0.980 0.811 
0.030 0.993 0.213 0.958 0.997 
0.023 0.993 0.164 0.975 0.935 
0.013 0.995 0.160 0.988 0.986 
0.017 0.994 0.382 0.925 0.443 
0.020 0.993 0.178 0.973 0.945 
0.017 0.993 0.244 0.963 0.938 
0.029 0.994 0.195 0.960 1.000 
0.024 0.991 0.375 0.925 0.863 
0.019 0.994 0.123 0.970 0.997 
0.027 0.993 0.218 0.938 0.038 
0.016 0.994 0.157 0.945 0.997 
0.019 0.994 0.193 0.968 0.962 
0.011 0.997 0.166 0.983 1.000 
0.023 0.994 0.202 0.953 0.997 
0.033 0.994 0.223 0.930 0.577 
0.020 0.993 0.196 0.943 0.931 
0.015 0.996 0.171 0.953 0.405 
0.018 0.995 0.195 0.940 0.921 
0.024 0.994 0.230 0.935 0.976 
0.017 0.995 0.148 0.978 0.732 
0.019 0.993 0.128 0.978 0.718 
0.022 0.993 0.172 0.968 0.364 
0.013 0.995 0.251 0.943 0.505 
0.019 0.994 0.233 0.953 0.890 
0.017 0.995 0.201 0.963 0.983 
0.020 0.992 0.198 0.958 1.000 
0.010 0.997 0.162 0.980 0.993 
0.017 0.996 0.193 0.975 0.835 
0.021 0.992 0.165 0.980 0.973 
0.015 0.994 0.230 0.970 0.887 
0.017 0.993 0.203 0.950 0.997 
0.016 0.995 0.220 0.965 0.368 
0.022 0.995 0.112 0.990 0.674 
0.052 0.993 0.175 0.935 0.326 
0.026 0.992 0.149 0.965 0.375 
0.017 0.994 0.153 0.978 0.361 
0.017 0.995 0.156 0.970 0.103 
0.018 0.995 0.156 0.980 0.000 
0.027 0.994 0.163 0.938 0.055 
0.022 0.993 0.101 0.975 0.395 
0.012 0.997 0.122 0.975 0.058 
0.020 0.997 0.108 0.975 0.914 
0.023 0.993 0.162 0.953 0.168 
0.020 0.995 0.213 0.938 0.113 
0.018 0.995 0.190 0.935 0.405 
0.016 0.995 0.160 0.968 0.014 
0.027 0.997 0.098 0.980 0.924 
0.025 0.993 0.136 0.950 0.997 
0.022 0.994 0.233 0.973 0.409 
0.034 0.993 0.234 0.938 0.368 
0.031 0.989 0.113 0.970 0.777 
0.017 0.994 0.125 0.970 1.000 
0.021 0.993 0.128 0.980 0.907 
0.018 0.994 0.110 0.983 0.873 
0.013 0.993 0.264 0.940 1.000 
0.013 0.995 0.109 0.988 1.000 
0.019 0.993 0.145 0.970 0.148 
0.019 0.992 0.214 0.970 0.979 
0.026 0.994 0.183 0.948 0.876 
0.012 0.997 0.150 0.970 0.825 
0.013 0.995 0.195 0.963 0.643 
0.020 0.993 0.175 0.968 0.863 
0.016 0.994 0.287 0.930 0.344 
0.028 0.990 0.234 0.925 0.361 
0.021 0.994 0.112 0.975 0.966 
0.020 0.992 0.174 0.965 0.553 
0.024 0.996 0.127 0.983 0.227 
0.029 0.994 0.108 0.965 0.086 
0.016 0.995 0.127 0.960 0.031 
0.014 0.994 0.109 0.975 0.911 
0.014 0.995 0.174 0.953 0.027 
0.009 0.997 0.158 0.958 0.443 
0.019 0.994 0.140 0.983 0.131 
0.019 0.994 0.148 0.963 0.378 
0.016 0.993 0.195 0.955 0.141 
0.016 0.995 0.127 0.968 0.021 
0.024 0.993 0.103 0.973 0.007 
0.020 0.992 0.134 0.965 0.000 
0.011 0.996 0.107 0.983 0.405 
0.019 0.994 0.139 0.973 0.000 
0.016 0.993 0.158 0.953 0.024 
0.007 0.999 0.171 0.973 0.000 
0.020 0.994 0.219 0.935 0.048 
0.024 0.993 0.229 0.930 0.079 
0.028 0.994 0.153 0.955 0.007 
0.020 0.997 0.103 0.980 0.076 
0.021 0.994 0.246 0.925 0.041 
0.017 0.995 0.098 0.980 0.096 
0.018 0.994 0.165 0.935 0.330 
0.026 0.994 0.153 0.948 0.137 
0.027 0.993 0.133 0.948 0.000 
0.015 0.995 0.112 0.973 0.189 
0.014 0.995 0.190 0.945 0.746 
0.019 0.996 0.054 0.988 0.048 
0.020 0.992 0.091 0.975 0.155 
0.043 0.991 0.073 0.980 0.502 
0.010 0.995 0.103 0.975 0.797 
0.019 0.994 0.197 0.930 0.845 
0.009 0.997 0.103 0.970 0.584 
0.015 0.997 0.105 0.968 0.869 
0.023 0.994 0.141 0.955 0.883 
0.017 0.997 0.152 0.945 0.052 
0.024 0.991 0.105 0.978 0.000 
0.017 0.993 0.151 0.958 0.168 
0.016 0.994 0.137 0.968 0.405 
0.018 0.997 0.108 0.963 1.000 
0.022 0.993 0.187 0.935 0.938 
0.016 0.994 0.137 0.953 0.997 
0.019 0.995 0.068 0.983 0.698 
0.012 0.998 0.125 0.960 0.997 
0.015 0.994 0.105 0.965 1.000 
0.018 0.994 0.114 0.983 0.962 
0.018 0.994 0.070 0.983 1.000 
0.017 0.993 0.167 0.963 1.000 
0.031 0.993 0.092 0.978 0.962 
0.015 0.997 0.198 0.938 0.997 
0.034 0.993 0.116 0.980 0.227 
0.016 0.995 0.158 0.960 0.904 
0.016 0.995 0.193 0.943 0.069 
0.017 0.994 0.220 0.932 1.000 
0.008 0.997 0.078 0.990 1.000 
0.029 0.994 0.132 0.960 0.986 
0.020 0.993 0.140 0.960 0.948 
0.014 0.995 0.089 0.980 0.990 
0.017 0.996 0.226 0.932 1.000 
0.021 0.995 0.072 0.975 0.928 
0.012 0.997 0.140 0.953 0.990 
0.018 0.994 0.241 0.925 0.828 
0.012 0.997 0.074 0.990 0.931 
0.013 0.995 0.112 0.975 0.921 
0.021 0.994 0.124 0.960 0.845 
0.018 0.995 0.072 0.983 0.570 
0.013 0.995 0.270 0.948 0.388 
0.018 0.993 0.186 0.958 0.110 
0.018 0.995 0.160 0.958 1.000 
0.014 0.995 0.121 0.975 0.302 
0.015 0.994 0.100 0.983 0.907 
0.020 0.994 0.107 0.980 0.010 
0.012 0.995 0.116 0.965 0.560 
0.014 0.997 0.071 0.983 0.034 
0.010 0.996 0.147 0.960 0.206 
0.006 0.998 0.073 0.983 1.000 
0.022 0.994 0.115 0.970 0.244 
0.020 0.994 0.163 0.960 0.038 
0.021 0.995 0.168 0.945 0.412 
0.018 0.995 0.221 0.950 0.471 
0.008 0.998 0.310 0.958 0.900 
0.031 0.994 0.212 0.958 0.687 
0.021 0.995 0.201 0.965 1.000 
0.020 0.994 0.402 0.948 0.701 
0.009 0.998 0.229 0.960 0.790 
0.008 0.997 0.316 0.955 1.000 
0.016 0.994 0.220 0.943 1.000 
0.017 0.995 0.293 0.938 0.364 
0.013 0.994 0.201 0.980 0.000 
0.022 0.995 0.247 0.955 0.983 
0.019 0.995 0.228 0.948 0.110 
0.028 0.993 0.149 0.985 0.000 
0.027 0.995 0.276 0.963 0.636 
0.032 0.991 0.251 0.948 0.203 
0.012 0.997 0.264 0.963 0.416 
0.019 0.994 0.111 0.985 0.979 
0.019 0.993 0.183 0.958 0.893 
0.015 0.994 0.150 0.975 0.976 
0.011 0.997 0.159 0.968 0.900 
0.023 0.994 0.186 0.960 1.000 
0.012 0.996 0.140 0.973 0.997 
0.017 0.996 0.232 0.938 0.997 
0.022 0.994 0.231 0.930 0.962 
0.021 0.997 0.141 0.960 0.955 
0.014 0.996 0.123 0.960 1.000 
0.014 0.996 0.181 0.953 1.000 
0.019 0.994 0.131 0.958 0.973 
0.026 0.995 0.200 0.970 0.993 
0.013 0.995 0.230 0.955 1.000 
0.019 0.995 0.239 0.943 1.000 
0.018 0.997 0.168 0.960 1.000 
0.022 0.994 0.216 0.950 0.172 
0.015 0.996 0.166 0.973 0.952 
0.012 0.995 0.203 0.970 1.000 
0.015 0.995 0.215 0.945 0.186 
0.015 0.995 0.203 0.955 0.979 
0.008 0.998 0.274 0.955 1.000 
0.025 0.995 0.197 0.958 1.000 
0.017 0.995 0.195 0.975 0.997 
0.016 0.995 0.404 0.935 0.918 
0.026 0.992 0.265 0.963 0.017 
0.016 0.995 0.192 0.963 0.976 
0.017 0.995 0.280 0.950 0.983 
0.015 0.995 0.153 0.958 0.832 
0.009 0.997 0.182 0.975 0.993 
0.018 0.995 0.258 0.953 0.890 
0.018 0.994 0.167 0.963 0.962 
0.024 0.993 0.136 0.965 0.430 
0.011 0.993 0.172 0.980 0.419 
0.014 0.994 0.221 0.960 0.268 
0.027 0.993 0.218 0.932 0.715 
0.011 0.994 0.253 0.935 0.828 
0.013 0.995 0.148 0.990 0.371 
0.015 0.996 0.233 0.958 0.433 
0.013 0.994 0.198 0.965 0.904 
0.015 0.995 0.200 0.948 0.997 
0.016 0.994 0.244 0.948 0.918 
0.023 0.995 0.228 0.955 0.883 
0.025 0.992 0.181 0.960 0.165 
0.019 0.994 0.244 0.960 0.034 
0.016 0.995 0.236 0.938 0.955 
0.019 0.994 0.168 0.960 0.117 
0.014 0.995 0.237 0.945 0.622 
0.018 0.995 0.213 0.945 0.000 
0.020 0.995 0.233 0.953 0.993 
0.020 0.997 0.203 0.950 0.921 
0.013 0.997 0.152 0.975 0.983 
0.016 0.996 0.189 0.948 0.711 
0.012 0.997 0.169 0.963 0.997 
0.018 0.994 0.602 0.930 0.443 
0.032 0.992 0.281 0.935 0.976 
0.016 0.995 0.370 0.925 0.938 
0.021 0.995 0.241 0.953 0.873 
0.011 0.998 0.184 0.960 0.835 
0.011 0.995 0.279 0.945 0.440 
0.017 0.994 0.214 0.975 0.034 
0.020 0.995 0.157 0.973 0.357 
0.015 0.994 0.825 0.920 0.000 
0.024 0.995 0.207 0.943 0.976 
0.014 0.995 0.245 0.970 0.402 
0.015 0.996 0.208 0.953 0.302 
0.017 0.992 0.240 0.950 0.405 
0.015 0.996 0.163 0.978 0.876 
0.020 0.996 0.128 0.980 0.540 
0.020 0.995 0.117 0.983 0.433 
0.030 0.994 0.147 0.968 0.997 
0.012 0.997 0.141 0.973 0.072 
0.045 0.992 0.163 0.955 0.034 
0.018 0.995 0.197 0.940 0.838 
0.026 0.994 0.180 0.953 0.577 
0.022 0.993 0.144 0.955 0.801 
0.022 0.998 0.130 0.973 0.536 
0.016 0.993 0.160 0.955 0.911 
0.013 0.996 0.158 0.960 0.137 
0.010 0.996 0.478 0.955 0.948 
0.034 0.991 0.186 0.958 0.704 
0.025 0.995 0.209 0.930 0.979 
0.015 0.994 0.109 0.978 0.000 
0.005 0.998 0.173 0.960 0.000 
0.019 0.995 0.109 0.963 0.588 
0.008 0.997 0.116 0.965 0.838 
0.013 0.997 0.125 0.970 0.959 
0.013 0.996 0.171 0.983 0.261 
0.016 0.995 0.178 0.950 0.921 
0.021 0.996 0.165 0.955 0.268 
0.015 0.995 0.088 0.978 0.784 
0.013 0.995 0.114 0.968 0.034 
0.014 0.995 0.167 0.953 0.725 
0.012 0.996 0.157 0.968 0.000 
0.016 0.996 0.110 0.960 0.440 
0.008 0.997 0.109 0.978 0.663 
0.016 0.996 0.131 0.965 0.296 
0.024 0.996 0.072 0.983 0.979 
0.021 0.994 0.150 0.955 1.000 
0.016 0.996 0.080 0.983 0.742 
0.018 0.995 0.232 0.935 0.753 
0.013 0.995 0.165 0.953 0.467 
0.017 0.996 0.186 0.938 0.876 
0.018 0.994 0.127 0.988 0.546 
0.020 0.995 0.115 0.975 0.880 
0.021 0.994 0.093 0.983 0.010 
0.012 0.997 0.084 0.985 0.777 
0.012 0.996 0.169 0.945 0.962 
0.023 0.994 0.141 0.973 0.089 
0.014 0.994 0.184 0.965 0.000 
0.016 0.994 0.250 0.958 0.000 
0.011 0.997 0.202 0.958 0.227 
0.018 0.994 0.190 0.958 0.887 
0.023 0.996 0.173 0.960 0.027 
0.016 0.994 0.165 0.950 0.914 
0.013 0.997 0.148 0.960 0.254 
0.020 0.995 0.160 0.963 0.000 
0.023 0.993 0.098 0.965 0.753 
0.018 0.995 0.165 0.958 0.254 
0.010 0.996 0.146 0.968 0.354 
0.009 0.997 0.214 0.988 0.000 
0.018 0.993 0.140 0.965 0.000 
0.022 0.994 0.187 0.960 0.000 
0.023 0.994 0.205 0.955 0.660 
0.016 0.997 0.194 0.955 0.766 
0.013 0.997 0.203 0.950 0.773 
0.007 0.998 0.127 0.988 0.003 
0.017 0.997 0.177 0.955 0.227 
0.018 0.994 0.239 0.938 0.450 
0.012 0.997 0.131 0.975 0.079 
0.010 0.998 0.231 0.935 0.856 
0.018 0.994 0.435 0.930 0.632 
0.012 0.997 0.235 0.955 0.024 
0.022 0.993 0.214 0.958 0.041 
0.013 0.997 0.282 0.953 0.031 
0.008 0.998 0.166 0.963 0.893 
0.017 0.996 0.151 0.955 0.223 
0.012 0.997 0.205 0.955 0.763 
0.013 0.995 0.262 0.948 0.117 
0.027 0.995 0.094 0.983 0.041 
0.007 0.998 0.145 0.970 0.928 
0.021 0.994 0.319 0.950 0.010 
0.026 0.994 0.121 0.965 0.852 
0.025 0.992 0.162 0.955 0.804 
0.013 0.996 0.139 0.975 0.423 
0.018 0.995 0.138 0.958 0.924 
0.008 0.996 0.169 0.958 0.337 
0.015 0.996 0.080 0.980 0.904 
0.011 0.996 0.244 0.943 0.258 
0.010 0.997 0.172 0.973 0.065 
0.022 0.994 0.154 0.973 0.911 
0.025 0.994 0.141 0.968 0.849 
0.011 0.997 0.130 0.970 1.000 
0.019 0.996 0.223 0.922 0.151 
0.014 0.997 0.144 0.960 0.230 
0.015 0.996 0.208 0.955 0.031 
0.020 0.994 0.312 0.927 0.079 
0.014 0.995 0.239 0.945 0.237 
0.008 0.997 0.244 0.948 0.622 
0.020 0.995 0.225 0.945 0.522 
0.010 0.997 0.305 0.925 0.629 
0.015 0.996 0.196 0.958 0.918 
0.021 0.994 0.157 0.960 0.000 
0.009 0.998 0.270 0.948 0.811 
0.013 0.996 0.176 0.963 0.842 
0.018 0.995 0.162 0.973 0.766 
0.015 0.994 0.172 0.960 1.000 
0.024 0.994 0.212 0.935 0.986 
0.017 0.995 0.203 0.953 1.000 
0.013 0.995 0.185 0.960 1.000 
0.020 0.995 0.319 0.922 1.000 
0.011 0.997 0.187 0.975 0.993 
0.011 0.997 0.228 0.953 1.000 
0.012 0.994 0.394 0.960 0.024 
0.024 0.993 0.159 0.973 1.000 
0.006 0.998 0.149 0.980 0.979 
0.021 0.995 0.207 0.953 0.931 
0.014 0.995 0.303 0.963 0.962 
0.024 0.995 0.191 0.978 0.027 
0.015 0.995 0.144 0.973 1.000 
0.019 0.994 0.138 0.968 0.684 
0.014 0.994 0.170 0.958 0.976 
0.017 0.995 0.150 0.963 1.000 
0.019 0.994 0.118 0.975 0.007 
0.015 0.995 0.140 0.973 0.357 
0.018 0.993 0.212 0.958 0.014 
0.009 0.996 0.364 0.955 0.124 
0.025 0.993 0.254 0.940 0.007 
0.019 0.993 0.608 0.950 0.416 
0.025 0.994 0.270 0.963 0.656 
0.015 0.995 0.385 0.960 0.914 
0.009 0.997 0.393 0.950 0.670 
0.025 0.995 0.168 0.970 0.732 
0.013 0.997 0.278 0.945 0.931 
0.018 0.995 0.174 0.963 0.993 
0.012 0.997 0.239 0.985 0.567 
0.042 0.993 0.218 0.930 0.141 
0.035 0.993 0.241 0.943 0.024 
0.017 0.995 0.208 0.953 0.646 
0.016 0.995 0.194 0.943 0.619 
0.014 0.996 0.216 0.948 0.299 
0.020 0.994 0.165 0.958 0.234 
0.018 0.995 0.155 0.968 0.017 
0.016 0.995 0.149 0.970 0.581 
0.009 0.997 0.156 0.983 0.010 
0.021 0.995 0.174 0.973 0.082 
0.016 0.994 0.144 0.973 0.955 
0.013 0.995 0.196 0.960 0.869 
0.008 0.997 0.183 0.978 0.935 
0.022 0.997 0.083 0.980 0.993 
0.011 0.997 0.265 0.932 0.887 
0.020 0.996 0.131 0.968 0.990 
0.013 0.995 0.121 0.970 0.955 
0.015 0.995 0.127 0.973 0.543 
0.017 0.994 0.067 0.983 0.952 
0.031 0.994 0.186 0.945 0.271 
0.018 0.994 0.154 0.958 0.158 
0.013 0.995 0.074 0.990 0.715 
0.006 0.997 0.156 0.975 0.440 
0.031 0.991 0.127 0.963 0.165 
0.011 0.995 0.133 0.975 0.007 
0.016 0.995 0.136 0.960 0.787 
0.015 0.996 0.169 0.943 0.704 
0.021 0.995 0.098 0.978 0.062 
0.022 0.995 0.120 0.963 0.100 
0.016 0.994 0.174 0.958 0.361 
0.012 0.995 0.100 0.980 0.825 
0.013 0.995 0.160 0.965 0.096 
0.025 0.993 0.144 0.965 0.021 
0.005 0.998 0.143 0.973 0.735 
0.012 0.996 0.137 0.968 0.426 
0.012 0.997 0.093 0.980 0.918 
0.023 0.994 0.135 0.975 0.021 
0.017 0.994 0.194 0.960 0.361 
0.021 0.994 0.141 0.983 0.007 
0.013 0.996 0.159 0.980 0.258 
0.017 0.994 0.290 0.960 0.010 
0.021 0.995 0.158 0.968 0.041 
0.029 0.994 0.146 0.953 0.186 
0.018 0.995 0.214 0.935 0.997 
0.018 0.994 0.270 0.930 0.388 
0.016 0.995 0.156 0.958 0.835 
0.009 0.997 0.144 0.968 0.320 
0.015 0.995 0.121 0.983 0.615 
0.014 0.996 0.149 0.980 0.907 
0.014 0.995 0.188 0.963 0.828 
0.014 0.994 0.290 0.958 0.107 
0.015 0.993 0.214 0.953 0.244 
0.021 0.995 0.064 0.985 0.773 
0.011 0.997 0.126 0.975 0.010 
0.012 0.995 0.087 0.978 0.392 
0.016 0.995 0.188 0.945 0.467 
0.015 0.997 0.120 0.980 0.034 
0.009 0.997 0.152 0.973 0.175 
0.030 0.994 0.174 0.960 1.000 
0.010 0.997 0.302 0.938 1.000 
0.014 0.995 0.143 0.965 1.000 
0.014 0.997 0.133 0.965 1.000 
0.011 0.997 0.219 0.943 0.997 
0.011 0.998 0.188 0.965 0.945 
0.019 0.994 0.114 0.975 0.921 
0.017 0.995 0.233 0.925 0.993 
0.012 0.994 0.218 0.955 0.993 
0.013 0.997 0.109 0.973 1.000 
0.018 0.998 0.107 0.975 1.000 
0.014 0.995 0.104 0.980 0.993 
0.017 0.995 0.174 0.975 0.608 
0.011 0.997 0.239 0.938 0.993 
0.013 0.996 0.132 0.978 0.093 
0.030 0.994 0.161 0.965 0.021 
0.014 0.996 0.127 0.978 0.921 
0.021 0.995 0.161 0.960 0.732 
0.023 0.994 0.141 0.968 0.333 
0.008 0.997 0.140 0.980 0.914 
0.020 0.993 0.152 0.978 0.168 
0.023 0.993 0.121 0.965 0.983 
0.018 0.996 0.121 0.983 0.024 
0.014 0.996 0.185 0.965 0.990 
0.016 0.996 0.131 0.968 0.993 
0.027 0.993 0.189 0.955 0.993 
0.012 0.995 0.178 0.980 0.739 
0.020 0.994 0.343 0.955 0.399 
0.040 0.993 0.086 0.983 1.000 
0.021 0.995 0.256 0.932 0.990 
0.014 0.997 0.128 0.983 0.773 
0.021 0.994 0.237 0.940 1.000 
0.010 0.998 0.164 0.978 1.000 
0.015 0.995 0.178 0.968 0.955 
0.014 0.996 0.128 0.985 1.000 
0.023 0.997 0.073 0.985 1.000 
0.024 0.993 0.112 0.968 0.997 
0.015 0.997 0.118 0.970 0.990 
0.009 0.998 0.076 0.988 0.230 
0.018 0.995 0.118 0.973 0.505 
0.018 0.995 0.136 0.973 0.533 
0.020 0.995 0.075 0.983 0.997 
0.010 0.998 0.125 0.973 0.997 
0.020 0.995 0.101 0.983 0.711 
0.015 0.996 0.144 0.968 0.897 
0.015 0.997 0.279 0.930 0.440 
0.015 0.997 0.113 0.980 0.010 
0.013 0.997 0.263 0.925 0.405 
0.022 0.991 0.144 0.978 0.990 
0.008 0.997 0.190 0.973 0.883 
0.019 0.995 0.238 0.938 0.000 
0.020 0.993 0.160 0.965 1.000 
0.013 0.995 0.187 0.963 0.928 
0.016 0.995 0.474 0.950 0.268 
0.052 0.990 0.135 0.985 0.921 
0.015 0.997 0.233 0.960 0.966 
0.016 0.996 0.265 0.940 0.976 
0.013 0.997 0.187 0.970 0.079 
0.016 0.995 0.178 0.968 0.605 
0.008 0.998 0.338 0.955 0.584 
0.015 0.995 0.232 0.968 0.656 
0.004 0.999 0.362 0.963 0.309 
0.025 0.995 0.122 0.963 0.024 
0.017 0.994 0.218 0.940 0.302 
0.017 0.997 0.115 0.973 0.904 
0.012 0.995 0.114 0.985 0.952 
0.022 0.995 0.175 0.968 0.333 
0.012 0.995 0.105 0.975 0.007 
0.012 0.996 0.128 0.973 0.979 
0.010 0.995 0.222 0.970 0.979 
0.022 0.994 0.114 0.980 0.893 
0.018 0.995 0.133 0.975 0.859 
0.011 0.996 0.101 0.985 0.062 
0.017 0.995 0.154 0.970 0.742 
0.019 0.994 0.113 0.980 0.866 
0.023 0.994 0.112 0.970 0.938 
0.009 0.996 0.126 0.983 0.966 
0.010 0.995 0.076 0.983 1.000 
0.014 0.995 0.124 0.985 0.997 
0.008 0.997 0.211 0.950 0.959 
0.015 0.995 0.177 0.955 0.997 
0.013 0.996 0.210 0.980 0.890 
0.026 0.995 0.211 0.965 0.973 
0.026 0.994 0.152 0.965 0.997 
0.011 0.997 0.142 0.988 0.670 
0.027 0.993 0.192 0.950 0.784 
0.013 0.995 0.192 0.970 0.907 
0.021 0.995 0.214 0.943 0.983 
0.012 0.995 0.232 0.950 1.000 
0.017 0.995 0.150 0.968 0.997 
0.022 0.994 0.272 0.940 0.656 
0.015 0.994 0.443 0.950 0.430 
0.019 0.994 0.164 0.945 1.000 
0.010 0.997 0.130 0.980 1.000 
0.014 0.995 0.212 0.958 1.000 
0.013 0.997 0.073 0.990 1.000 
0.020 0.994 0.123 0.970 1.000 
0.011 0.998 0.096 0.980 1.000 
0.021 0.993 0.106 0.973 1.000 
0.010 0.997 0.162 0.983 0.766 
0.022 0.995 0.154 0.963 0.997 
0.012 0.997 0.189 0.955 1.000 
0.015 0.995 0.115 0.980 1.000 
0.015 0.995 0.135 0.988 0.948 
0.008 0.997 0.202 0.975 1.000 
0.015 0.994 0.312 0.950 0.997 
0.027 0.993 0.181 0.960 1.000 
0.018 0.997 0.097 0.973 0.997 
0.030 0.997 0.154 0.953 1.000 
0.009 0.997 0.168 0.963 1.000 
0.010 0.997 0.198 0.945 1.000 
0.024 0.993 0.203 0.943 0.443 
0.015 0.997 0.148 0.968 0.474 
0.015 0.996 0.112 0.990 0.663 
0.010 0.996 0.237 0.940 0.636 
0.009 0.996 0.115 0.983 0.897 
0.011 0.997 0.198 0.965 0.969 
0.013 0.995 0.154 0.978 0.959 
0.014 0.997 0.189 0.965 1.000 
0.013 0.997 0.316 0.927 0.711 
0.012 0.996 0.192 0.970 1.000 
0.018 0.994 0.160 0.973 1.000 
0.012 0.996 0.255 0.960 0.918 
0.017 0.995 0.172 0.980 1.000 
0.018 0.994 0.153 0.973 0.969 
0.006 0.998 0.181 0.975 0.976 
0.009 0.997 0.213 0.965 0.959 
0.012 0.997 0.179 0.955 1.000 
0.017 0.996 0.298 0.922 0.986 
0.017 0.996 0.206 0.948 0.959 
0.010 0.997 0.173 0.975 0.976 
0.016 0.996 0.201 0.955 1.000 
0.023 0.993 0.277 0.950 1.000 
0.013 0.995 0.206 0.973 0.887 
0.022 0.996 0.176 0.953 0.945 
0.014 0.995 0.143 0.970 1.000 
0.010 0.998 0.204 0.940 1.000 
0.017 0.996 0.156 0.975 0.973 
0.009 0.997 0.171 0.978 0.993 
0.020 0.993 0.235 0.963 1.000 
0.023 0.994 0.183 0.975 0.179 
0.015 0.996 0.425 0.938 1.000 
0.023 0.995 0.208 0.960 0.330 
0.013 0.996 0.159 0.978 0.959 
0.028 0.993 0.220 0.960 0.663 
0.014 0.997 0.261 0.940 0.952 
0.014 0.995 0.132 0.980 1.000 
0.023 0.993 0.130 0.960 0.959 
0.009 0.997 0.175 0.953 1.000 
0.014 0.994 0.125 0.970 1.000 
0.008 0.998 0.150 0.965 1.000 
0.015 0.995 0.210 0.960 0.591 
0.015 0.997 0.162 0.980 1.000 
0.022 0.993 0.151 0.965 1.000 
0.012 0.996 0.231 0.963 1.000 
0.027 0.995 0.196 0.953 1.000 
0.013 0.997 0.149 0.980 0.952 
0.011 0.997 0.109 0.978 1.000 
0.019 0.994 0.085 0.980 0.955 
0.010 0.997 0.191 0.950 0.893 
0.013 0.996 0.163 0.968 0.935 
0.014 0.995 0.147 0.978 0.997 
0.019 0.993 0.188 0.983 0.955 
0.019 0.995 0.147 0.983 0.993 
0.023 0.993 0.135 0.975 0.959 
0.014 0.997 0.163 0.963 1.000 
0.009 0.997 0.181 0.970 0.983 
0.023 0.996 0.224 0.963 0.928 
0.011 0.998 0.223 0.958 0.990 
0.027 0.993 0.219 0.968 0.096 
0.012 0.996 0.188 0.968 0.866 
0.007 0.998 0.227 0.968 0.969 
0.029 0.991 0.214 0.965 0.777 
0.011 0.997 0.171 0.970 0.997 
0.019 0.995 0.249 0.963 0.632 
0.020 0.996 0.153 0.973 0.165 
0.014 0.995 0.127 0.985 0.931 
0.013 0.996 0.162 0.980 0.330 
0.011 0.998 0.145 0.970 0.746 
0.007 0.998 0.206 0.963 0.863 
0.014 0.994 0.217 0.968 0.643 
0.016 0.997 0.109 0.990 0.677 
0.010 0.996 0.120 0.980 0.443 
0.011 0.997 0.126 0.985 0.704 
0.014 0.995 0.099 0.990 0.900 
0.023 0.994 0.165 0.973 0.113 
0.019 0.996 0.260 0.925 0.948 
0.014 0.994 0.391 0.922 0.804 
0.015 0.997 0.151 0.963 0.969 
0.012 0.997 0.158 0.968 0.993 
0.031 0.994 0.159 0.975 0.773 
0.016 0.997 0.138 0.960 1.000 
0.008 0.996 0.188 0.963 0.990 
0.011 0.997 0.169 0.965 0.993 
0.015 0.994 0.096 0.973 1.000 
0.009 0.998 0.167 0.975 1.000 
0.011 0.996 0.471 0.963 0.918 
0.019 0.995 0.173 0.963 0.993 
0.013 0.997 0.144 0.983 0.962 
0.021 0.994 0.112 0.968 0.505 
0.016 0.997 0.165 0.973 0.237 
0.023 0.991 0.200 0.935 1.000 
0.015 0.995 0.146 0.970 1.000 
0.005 0.998 0.172 0.988 0.993 
0.020 0.995 0.136 0.990 0.990 
0.011 0.996 0.164 0.970 1.000 
0.023 0.994 0.168 0.963 1.000 
0.031 0.994 0.160 0.965 0.536 
0.016 0.998 0.122 0.980 0.701 
0.012 0.995 0.148 0.985 0.540 
0.009 0.996 0.164 0.973 0.797 
0.006 0.999 0.215 0.960 0.969 
0.015 0.999 0.087 0.990 0.467 
0.015 0.996 0.288 0.985 0.316 
0.009 0.998 0.226 0.945 1.000 
0.018 0.995 0.270 0.938 0.997 
0.014 0.996 0.089 0.990 0.907 
0.018 0.995 0.274 0.950 0.931 
0.035 0.995 0.162 0.958 0.997 
0.021 0.995 0.146 0.965 0.794 
0.012 0.998 0.124 0.978 0.089 
0.016 0.994 0.158 0.968 0.416 
0.012 0.997 0.156 0.975 0.447 
0.018 0.994 0.116 0.973 1.000 
0.011 0.997 0.148 0.963 0.997 
0.013 0.995 0.228 0.963 0.969 
0.021 0.994 0.206 0.932 0.983 
0.012 0.997 0.132 0.955 1.000 
0.008 0.997 0.220 0.955 0.997 
0.016 0.994 0.103 0.990 1.000 
