0.269 0.894 0.165 0.958 1.000 
0.162 0.946 0.198 0.927 1.000 
0.160 0.945 0.166 0.948 1.000 
0.087 0.972 0.107 0.975 1.000 
0.127 0.956 0.105 0.973 1.000 
0.080 0.973 0.175 0.935 1.000 
0.100 0.967 0.122 0.960 1.000 
0.101 0.969 0.113 0.960 1.000 
0.068 0.978 0.077 0.980 1.000 
0.091 0.970 0.104 0.970 1.000 
0.083 0.977 0.148 0.950 0.986 
0.088 0.974 0.110 0.963 1.000 
0.072 0.979 0.105 0.958 1.000 
0.077 0.977 0.101 0.963 1.000 
0.086 0.973 0.077 0.980 1.000 
0.063 0.984 0.058 0.985 1.000 
0.067 0.980 0.083 0.985 1.000 
0.059 0.981 0.120 0.960 0.530 
0.069 0.978 0.085 0.978 0.996 
0.065 0.983 0.060 0.988 1.000 
0.054 0.984 0.061 0.983 1.000 
0.071 0.982 0.096 0.965 1.000 
0.046 0.985 0.057 0.983 1.000 
0.060 0.979 0.096 0.963 0.786 
0.050 0.986 0.076 0.968 1.000 
0.054 0.985 0.059 0.985 1.000 
0.051 0.985 0.061 0.985 0.000 
0.054 0.985 0.071 0.985 1.000 
0.045 0.989 0.054 0.985 1.000 
0.062 0.984 0.096 0.968 0.965 
0.056 0.984 0.082 0.970 1.000 
0.045 0.986 0.066 0.983 1.000 
0.048 0.983 0.100 0.963 0.975 
0.047 0.985 0.114 0.963 0.779 
0.045 0.984 0.046 0.988 1.000 
0.042 0.990 0.116 0.960 0.926 
0.049 0.986 0.051 0.985 0.846 
0.039 0.990 0.068 0.975 0.979 
0.053 0.985 0.079 0.970 0.996 
0.038 0.989 0.105 0.963 1.000 
0.059 0.985 0.088 0.968 0.982 
0.061 0.985 0.097 0.965 0.305 
0.045 0.986 0.048 0.988 1.000 
0.053 0.985 0.092 0.968 0.937 
0.038 0.991 0.063 0.985 0.968 
0.043 0.986 0.110 0.965 1.000 
0.038 0.990 0.093 0.978 0.993 
0.036 0.992 0.059 0.985 1.000 
0.045 0.986 0.064 0.985 0.986 
0.038 0.990 0.091 0.963 0.786 
0.037 0.992 0.083 0.980 0.744 
0.036 0.989 0.071 0.980 0.982 
0.031 0.992 0.069 0.980 0.898 
0.046 0.988 0.123 0.965 0.414 
0.041 0.990 0.126 0.965 0.930 
0.042 0.992 0.103 0.968 0.902 
0.035 0.989 0.052 0.985 0.965 
0.035 0.991 0.108 0.963 0.986 
0.043 0.990 0.058 0.985 0.940 
0.028 0.995 0.113 0.970 1.000 
0.040 0.988 0.083 0.970 0.986 
0.038 0.990 0.095 0.965 0.989 
0.039 0.990 0.082 0.975 0.972 
0.031 0.991 0.079 0.983 0.632 
0.041 0.987 0.061 0.985 0.726 
0.041 0.988 0.082 0.983 1.000 
0.032 0.992 0.079 0.978 0.347 
0.036 0.990 0.096 0.970 0.996 
0.039 0.987 0.102 0.968 0.649 
0.028 0.993 0.077 0.970 0.537 
0.036 0.990 0.082 0.973 0.032 
0.032 0.992 0.070 0.983 0.218 
0.036 0.990 0.081 0.983 0.049 
0.049 0.990 0.115 0.963 0.989 
0.033 0.991 0.092 0.965 0.881 
0.040 0.988 0.102 0.955 0.365 
0.039 0.990 0.074 0.985 0.004 
0.032 0.992 0.251 0.945 0.000 
0.053 0.986 0.059 0.988 0.481 
0.032 0.993 0.072 0.983 0.095 
0.029 0.992 0.064 0.983 0.295 
0.032 0.991 0.075 0.983 0.554 
0.028 0.992 0.099 0.968 0.295 
0.031 0.991 0.128 0.958 1.000 
0.028 0.993 0.073 0.978 0.996 
0.039 0.990 0.087 0.975 0.175 
0.035 0.990 0.091 0.973 0.733 
0.039 0.988 0.082 0.973 0.568 
0.035 0.991 0.103 0.960 0.940 
0.037 0.990 0.067 0.983 0.747 
0.035 0.991 0.077 0.983 0.975 
0.028 0.993 0.159 0.953 0.032 
0.024 0.992 0.102 0.973 0.961 
0.042 0.988 0.065 0.985 0.025 
0.041 0.989 0.085 0.968 0.049 
0.032 0.993 0.091 0.973 0.975 
0.027 0.993 0.089 0.975 0.456 
0.029 0.992 0.107 0.968 0.449 
0.032 0.990 0.105 0.968 1.000 
0.034 0.992 0.104 0.965 1.000 
0.036 0.990 0.110 0.958 1.000 
0.028 0.992 0.087 0.980 0.358 
0.032 0.992 0.078 0.973 0.846 
0.028 0.991 0.080 0.970 0.993 
0.033 0.991 0.064 0.983 0.411 
0.030 0.992 0.137 0.960 0.670 
0.028 0.992 0.078 0.980 0.740 
0.023 0.995 0.083 0.980 1.000 
0.031 0.990 0.054 0.985 0.986 
0.029 0.992 0.119 0.963 0.358 
0.030 0.993 0.086 0.973 0.958 
0.029 0.993 0.151 0.965 0.256 
0.029 0.994 0.093 0.968 0.923 
0.030 0.995 0.084 0.968 0.646 
0.031 0.992 0.105 0.963 0.975 
0.032 0.992 0.161 0.955 0.968 
0.039 0.991 0.163 0.965 0.382 
0.034 0.991 0.133 0.955 0.996 
0.031 0.993 0.085 0.973 0.688 
0.034 0.993 0.079 0.975 0.902 
0.027 0.993 0.095 0.975 0.814 
0.031 0.991 0.108 0.965 0.982 
0.028 0.992 0.092 0.970 0.951 
0.035 0.994 0.127 0.955 0.565 
0.031 0.991 0.063 0.980 0.691 
0.025 0.992 0.044 0.988 0.846 
0.024 0.993 0.107 0.968 0.982 
0.026 0.995 0.118 0.965 0.435 
0.033 0.991 0.132 0.965 0.007 
0.028 0.994 0.096 0.968 0.021 
0.026 0.994 0.084 0.968 0.411 
0.025 0.993 0.062 0.985 0.593 
0.040 0.990 0.146 0.958 0.993 
0.028 0.992 0.131 0.965 1.000 
0.028 0.991 0.047 0.988 0.989 
0.035 0.991 0.102 0.968 0.228 
0.035 0.990 0.147 0.955 0.284 
0.025 0.994 0.147 0.958 0.614 
0.027 0.993 0.096 0.965 0.389 
0.028 0.993 0.096 0.980 0.116 
0.028 0.994 0.078 0.980 0.979 
0.027 0.992 0.135 0.963 0.853 
0.031 0.992 0.161 0.955 0.144 
0.027 0.993 0.074 0.980 0.698 
0.022 0.994 0.162 0.965 0.481 
0.035 0.991 0.177 0.948 0.968 
0.034 0.990 0.127 0.965 0.930 
0.030 0.994 0.096 0.980 0.856 
0.026 0.995 0.112 0.965 0.989 
0.027 0.995 0.088 0.983 0.000 
0.029 0.993 0.156 0.965 0.898 
0.024 0.995 0.161 0.965 0.982 
0.027 0.992 0.081 0.978 0.635 
0.029 0.994 0.080 0.973 0.986 
0.027 0.993 0.073 0.973 0.000 
0.026 0.993 0.092 0.968 0.077 
0.030 0.994 0.063 0.975 0.975 
0.027 0.995 0.147 0.965 0.414 
0.026 0.995 0.123 0.968 0.225 
0.025 0.995 0.113 0.973 0.726 
0.025 0.993 0.154 0.965 0.818 
0.029 0.993 0.101 0.973 0.011 
0.023 0.995 0.141 0.968 1.000 
0.027 0.992 0.093 0.965 0.825 
0.033 0.991 0.128 0.970 0.305 
0.021 0.996 0.140 0.965 0.130 
0.036 0.991 0.125 0.965 0.923 
0.025 0.997 0.086 0.978 0.814 
0.027 0.993 0.093 0.973 0.796 
0.029 0.993 0.130 0.963 0.011 
0.026 0.992 0.127 0.960 0.993 
0.019 0.995 0.076 0.980 0.979 
0.023 0.995 0.102 0.973 0.989 
0.026 0.994 0.144 0.968 0.996 
0.031 0.990 0.090 0.990 0.993 
0.021 0.995 0.158 0.968 0.625 
0.023 0.995 0.159 0.965 0.323 
0.017 0.996 0.154 0.983 0.989 
0.026 0.994 0.146 0.960 0.989 
0.021 0.993 0.071 0.988 0.996 
0.023 0.992 0.140 0.963 0.832 
0.018 0.997 0.166 0.958 0.972 
0.021 0.995 0.093 0.988 0.979 
0.034 0.992 0.090 0.975 0.614 
0.031 0.991 0.113 0.965 0.926 
0.020 0.995 0.087 0.980 0.895 
0.025 0.994 0.072 0.978 0.996 
0.023 0.994 0.088 0.975 0.853 
0.027 0.992 0.179 0.958 0.919 
0.028 0.991 0.229 0.960 0.196 
0.026 0.990 0.172 0.965 0.768 
0.025 0.992 0.134 0.965 0.618 
0.021 0.993 0.155 0.965 0.951 
0.021 0.996 0.153 0.968 0.863 
0.023 0.993 0.109 0.988 0.112 
0.024 0.995 0.139 0.968 0.646 
0.024 0.994 0.106 0.985 0.502 
0.022 0.995 0.179 0.965 0.975 
0.026 0.992 0.109 0.978 0.463 
0.029 0.992 0.161 0.965 0.112 
0.022 0.994 0.210 0.960 0.993 
0.024 0.995 0.189 0.965 0.677 
0.041 0.992 0.149 0.968 0.796 
0.025 0.996 0.124 0.965 0.993 
0.023 0.994 0.114 0.968 0.312 
0.024 0.995 0.086 0.985 0.751 
0.025 0.993 0.179 0.958 0.642 
0.024 0.993 0.173 0.960 0.933 
0.021 0.993 0.144 0.973 0.495 
0.025 0.994 0.150 0.958 0.884 
0.060 0.988 0.102 0.970 0.467 
0.020 0.996 0.157 0.965 0.435 
0.020 0.996 0.163 0.955 0.046 
0.030 0.992 0.123 0.965 0.323 
0.028 0.993 0.156 0.950 0.435 
0.020 0.996 0.118 0.970 0.565 
0.015 0.995 0.124 0.975 0.551 
0.029 0.994 0.095 0.975 0.877 
0.021 0.994 0.082 0.983 0.989 
0.018 0.996 0.131 0.968 1.000 
0.027 0.992 0.099 0.980 0.951 
0.024 0.993 0.119 0.970 0.218 
0.019 0.993 0.133 0.968 0.839 
0.021 0.995 0.072 0.985 1.000 
0.020 0.995 0.169 0.963 0.063 
0.028 0.992 0.114 0.968 0.091 
0.024 0.992 0.103 0.970 0.789 
0.021 0.995 0.099 0.975 0.084 
0.034 0.990 0.180 0.950 0.649 
0.025 0.995 0.090 0.980 0.411 
0.023 0.992 0.101 0.983 0.358 
0.023 0.993 0.121 0.965 1.000 
0.021 0.995 0.172 0.953 0.011 
0.029 0.995 0.138 0.960 0.323 
0.027 0.993 0.098 0.968 0.449 
0.017 0.995 0.185 0.953 0.961 
0.023 0.994 0.067 0.985 0.923 
0.030 0.992 0.129 0.965 0.954 
0.027 0.991 0.085 0.980 0.979 
0.022 0.995 0.191 0.955 0.961 
0.027 0.994 0.093 0.970 0.814 
0.028 0.993 0.112 0.963 0.902 
0.024 0.994 0.066 0.985 0.996 
0.022 0.996 0.099 0.975 0.923 
0.020 0.995 0.147 0.965 0.800 
0.022 0.995 0.071 0.985 0.972 
0.020 0.995 0.069 0.983 0.989 
0.026 0.992 0.078 0.978 0.814 
0.028 0.994 0.104 0.963 1.000 
0.020 0.996 0.084 0.980 0.996 
0.026 0.993 0.088 0.973 1.000 
0.018 0.994 0.095 0.973 0.933 
0.023 0.995 0.066 0.990 0.951 
0.017 0.995 0.081 0.978 0.846 
0.020 0.995 0.071 0.988 0.986 
0.024 0.992 0.167 0.968 0.537 
0.023 0.995 0.178 0.943 0.989 
0.018 0.995 0.107 0.975 1.000 
0.031 0.993 0.211 0.930 0.986 
0.022 0.993 0.071 0.985 0.989 
0.022 0.996 0.092 0.978 0.870 
0.016 0.995 0.206 0.953 0.989 
0.020 0.997 0.168 0.945 1.000 
0.017 0.997 0.218 0.973 0.993 
0.025 0.996 0.220 0.970 0.091 
0.032 0.993 0.133 0.988 0.951 
0.016 0.995 0.246 0.950 0.958 
0.029 0.993 0.185 0.960 0.898 
0.025 0.994 0.124 0.975 0.951 
0.020 0.995 0.157 0.970 0.491 
0.024 0.994 0.173 0.968 0.228 
0.040 0.995 0.153 0.950 0.982 
0.043 0.991 0.175 0.950 1.000 
0.022 0.993 0.198 0.958 0.965 
0.024 0.995 0.190 0.960 1.000 
0.021 0.995 0.218 0.968 0.979 
0.022 0.995 0.259 0.943 0.993 
0.023 0.993 0.261 0.950 0.930 
0.021 0.994 0.151 0.980 0.467 
0.020 0.992 0.097 0.968 0.793 
0.026 0.992 0.185 0.963 0.414 
0.023 0.995 0.136 0.980 0.018 
0.023 0.995 0.116 0.970 0.361 
0.023 0.996 0.195 0.943 0.004 
0.016 0.994 0.104 0.990 0.379 
0.031 0.993 0.155 0.960 0.323 
0.030 0.993 0.147 0.958 0.993 
0.026 0.993 0.160 0.955 0.319 
0.021 0.995 0.183 0.958 0.337 
0.024 0.994 0.175 0.953 0.646 
0.025 0.995 0.076 0.980 0.993 
0.016 0.994 0.116 0.975 1.000 
0.019 0.993 0.169 0.968 0.256 
0.025 0.995 0.225 0.963 0.996 
0.025 0.995 0.170 0.960 0.779 
0.022 0.996 0.145 0.963 0.989 
0.016 0.994 0.120 0.983 0.926 
0.020 0.994 0.167 0.958 0.986 
0.023 0.995 0.240 0.912 0.937 
0.023 0.994 0.094 0.988 0.923 
0.019 0.995 0.147 0.988 0.011 
0.019 0.996 0.155 0.965 0.814 
0.021 0.995 0.104 0.985 0.947 
0.021 0.993 0.128 0.975 0.196 
0.024 0.992 0.158 0.970 0.007 
0.023 0.995 0.084 0.988 0.800 
0.020 0.995 0.112 0.985 0.933 
0.021 0.995 0.102 0.985 0.982 
0.023 0.993 0.145 0.973 0.909 
0.025 0.996 0.128 0.985 0.923 
0.026 0.994 0.117 0.988 0.930 
0.017 0.996 0.191 0.970 0.996 
0.030 0.992 0.166 0.970 0.733 
0.015 0.997 0.283 0.953 0.965 
0.013 0.996 0.292 0.953 1.000 
0.023 0.995 0.135 0.975 1.000 
0.016 0.995 0.250 0.963 1.000 
0.014 0.993 0.256 0.975 0.986 
0.026 0.993 0.245 0.965 0.161 
0.022 0.996 0.174 0.973 0.937 
0.016 0.997 0.180 0.973 0.558 
0.022 0.995 0.176 0.975 0.102 
0.024 0.994 0.182 0.978 0.330 
0.020 0.996 0.339 0.960 0.933 
0.025 0.992 0.197 0.985 0.989 
0.028 0.994 0.098 0.983 1.000 
0.026 0.993 0.225 0.973 0.923 
0.026 0.992 0.133 0.975 1.000 
0.023 0.992 0.135 0.985 1.000 
0.019 0.994 0.237 0.960 0.989 
0.019 0.997 0.171 0.965 1.000 
0.027 0.991 0.183 0.978 1.000 
0.024 0.994 0.128 0.985 1.000 
0.021 0.996 0.129 0.978 1.000 
0.014 0.995 0.213 0.973 0.863 
0.028 0.993 0.244 0.943 0.723 
0.026 0.995 0.159 0.965 0.996 
0.018 0.995 0.117 0.978 0.979 
0.028 0.992 0.158 0.953 0.989 
0.014 0.997 0.246 0.948 0.975 
0.018 0.996 0.204 0.953 0.954 
0.018 0.996 0.167 0.950 0.982 
0.019 0.995 0.145 0.973 0.582 
0.026 0.992 0.112 0.965 0.547 
0.023 0.993 0.103 0.985 0.730 
0.017 0.996 0.137 0.970 0.989 
0.027 0.994 0.123 0.973 0.898 
0.023 0.996 0.147 0.950 0.954 
0.019 0.993 0.165 0.965 0.281 
0.011 0.997 0.198 0.953 1.000 
0.036 0.989 0.134 0.963 0.246 
0.020 0.996 0.125 0.965 0.126 
0.019 0.995 0.160 0.958 0.944 
0.025 0.993 0.131 0.978 0.007 
0.021 0.993 0.136 0.975 0.895 
0.017 0.995 0.235 0.953 0.947 
0.021 0.995 0.219 0.958 1.000 
0.022 0.996 0.154 0.958 0.968 
0.020 0.996 0.264 0.965 0.982 
0.026 0.994 0.292 0.940 0.814 
0.017 0.995 0.161 0.970 0.109 
0.015 0.997 0.165 0.968 0.881 
0.026 0.992 0.158 0.963 0.912 
0.024 0.997 0.156 0.965 0.284 
0.017 0.996 0.244 0.940 0.842 
0.030 0.992 0.089 0.978 1.000 
0.019 0.995 0.119 0.968 0.996 
0.027 0.993 0.180 0.958 1.000 
0.016 0.996 0.138 0.963 1.000 
0.021 0.995 0.160 0.953 1.000 
0.020 0.993 0.136 0.970 1.000 
0.018 0.995 0.221 0.943 0.979 
0.009 0.998 0.222 0.950 1.000 
0.019 0.996 0.227 0.943 0.996 
0.015 0.995 0.153 0.973 0.905 
0.012 0.996 0.265 0.943 0.996 
0.024 0.995 0.198 0.968 0.698 
0.017 0.997 0.163 0.973 0.709 
0.022 0.995 0.171 0.960 0.986 
0.026 0.993 0.255 0.948 0.888 
0.019 0.993 0.214 0.948 0.996 
0.022 0.992 0.196 0.968 1.000 
0.017 0.995 0.151 0.955 1.000 
0.020 0.997 0.239 0.950 0.807 
0.023 0.996 0.112 0.985 0.267 
0.021 0.996 0.099 0.983 0.909 
0.021 0.994 0.180 0.958 0.396 
0.017 0.995 0.095 0.980 0.940 
0.018 0.997 0.201 0.955 0.516 
0.022 0.994 0.099 0.978 1.000 
0.022 0.995 0.159 0.960 0.958 
0.023 0.995 0.196 0.945 0.996 
0.026 0.993 0.194 0.958 0.912 
0.025 0.995 0.147 0.968 1.000 
0.017 0.995 0.224 0.948 0.944 
0.019 0.995 0.175 0.970 0.965 
0.017 0.996 0.128 0.985 1.000 
0.026 0.992 0.176 0.973 0.993 
0.021 0.996 0.157 0.975 0.505 
0.022 0.994 0.206 0.960 0.523 
0.012 0.997 0.103 0.985 0.972 
0.024 0.993 0.167 0.958 0.611 
0.016 0.996 0.092 0.975 0.951 
0.014 0.996 0.116 0.970 0.688 
0.020 0.996 0.102 0.975 0.596 
0.021 0.996 0.126 0.965 0.870 
0.025 0.993 0.087 0.975 0.958 
0.028 0.995 0.219 0.935 0.733 
0.019 0.996 0.160 0.950 0.968 
0.015 0.997 0.149 0.980 0.561 
0.020 0.995 0.268 0.945 0.632 
0.017 0.995 0.165 0.970 0.972 
0.018 0.996 0.148 0.960 0.993 
0.013 0.997 0.138 0.975 0.993 
0.014 0.994 0.255 0.963 0.649 
0.020 0.994 0.205 0.965 0.589 
0.018 0.995 0.215 0.970 0.604 
0.016 0.996 0.132 0.985 0.891 
0.020 0.992 0.287 0.943 0.895 
0.017 0.995 0.196 0.960 0.818 
0.025 0.993 0.158 0.965 0.881 
0.016 0.996 0.174 0.975 0.951 
0.015 0.997 0.207 0.975 0.333 
0.021 0.993 0.304 0.958 0.926 
0.021 0.996 0.345 0.963 0.081 
0.026 0.995 0.180 0.970 0.772 
0.014 0.997 0.154 0.978 0.653 
0.013 0.996 0.185 0.975 0.695 
0.017 0.995 0.209 0.970 1.000 
0.027 0.995 0.117 0.985 0.204 
0.017 0.996 0.131 0.978 1.000 
0.017 0.995 0.140 0.985 0.575 
0.019 0.997 0.154 0.973 0.972 
0.011 0.997 0.216 0.960 0.993 
0.025 0.994 0.094 0.985 1.000 
0.015 0.996 0.143 0.985 1.000 
0.020 0.996 0.272 0.948 0.747 
0.010 0.997 0.128 0.985 0.993 
0.010 0.997 0.110 0.985 0.996 
0.023 0.993 0.208 0.970 1.000 
0.031 0.997 0.212 0.953 1.000 
0.011 0.997 0.288 0.943 1.000 
0.017 0.997 0.178 0.968 0.877 
0.016 0.996 0.120 0.985 0.996 
0.023 0.992 0.110 0.983 0.989 
0.018 0.996 0.213 0.963 0.112 
0.020 0.993 0.199 0.963 0.982 
0.029 0.992 0.140 0.965 1.000 
0.016 0.996 0.254 0.953 1.000 
0.015 0.996 0.194 0.985 0.926 
0.020 0.995 0.395 0.970 0.667 
0.016 0.996 0.203 0.965 1.000 
0.018 0.995 0.245 0.958 0.996 
0.012 0.997 0.191 0.975 1.000 
0.017 0.994 0.169 0.980 0.989 
0.008 0.997 0.320 0.948 0.989 
0.017 0.996 0.174 0.973 0.544 
0.017 0.994 0.164 0.968 0.972 
0.019 0.996 0.177 0.975 0.996 
0.017 0.997 0.259 0.958 0.996 
0.020 0.996 0.304 0.940 0.996 
0.020 0.997 0.160 0.983 1.000 
0.018 0.996 0.219 0.965 0.982 
0.017 0.996 0.197 0.963 0.996 
0.024 0.991 0.143 0.983 0.993 
0.012 0.998 0.262 0.945 0.919 
0.019 0.995 0.174 0.973 0.993 
0.013 0.996 0.233 0.965 0.961 
0.030 0.991 0.437 0.945 1.000 
0.025 0.994 0.343 0.970 1.000 
0.022 0.995 0.427 0.948 1.000 
0.025 0.997 0.298 0.983 1.000 
0.027 0.992 0.428 0.940 1.000 
0.024 0.995 0.322 0.980 1.000 
0.019 0.996 0.273 0.983 1.000 
0.024 0.995 0.348 0.948 1.000 
0.013 0.997 0.324 0.960 1.000 
0.017 0.997 0.471 0.948 1.000 
0.017 0.995 0.414 0.970 0.996 
0.020 0.995 0.235 0.960 1.000 
0.022 0.995 0.260 0.953 1.000 
0.015 0.997 0.295 0.978 0.996 
0.014 0.996 0.299 0.968 1.000 
0.016 0.995 0.383 0.958 1.000 
0.018 0.994 0.334 0.955 1.000 
0.032 0.995 0.297 0.943 1.000 
0.018 0.995 0.204 0.985 1.000 
0.019 0.996 0.290 0.985 0.989 
0.018 0.995 0.327 0.963 1.000 
0.011 0.997 0.271 0.980 0.993 
0.022 0.995 0.168 0.983 1.000 
0.033 0.995 0.290 0.955 1.000 
0.016 0.996 0.266 0.955 1.000 
0.021 0.996 0.227 0.975 1.000 
0.018 0.992 0.219 0.978 1.000 
0.015 0.995 0.234 0.983 1.000 
0.020 0.995 0.213 0.983 1.000 
0.018 0.995 0.271 0.970 0.958 
0.015 0.996 0.294 0.945 1.000 
0.018 0.995 0.264 0.938 1.000 
0.017 0.995 0.274 0.963 1.000 
0.018 0.996 0.292 0.960 1.000 
0.016 0.994 0.299 0.943 1.000 
0.020 0.996 0.292 0.953 1.000 
0.019 0.994 0.444 0.950 1.000 
0.030 0.996 0.398 0.978 1.000 
0.022 0.994 0.495 0.950 0.996 
0.018 0.995 0.464 0.963 0.996 
0.025 0.996 0.383 0.965 1.000 
0.032 0.995 0.329 0.970 1.000 
0.017 0.996 0.389 0.975 0.968 
0.024 0.995 0.348 0.970 1.000 
0.012 0.997 0.575 0.963 0.996 
0.059 0.991 0.425 0.973 0.961 
0.015 0.996 0.455 0.963 0.923 
0.017 0.996 0.545 0.955 0.982 
0.017 0.996 0.321 0.965 1.000 
0.027 0.996 0.291 0.958 1.000 
0.021 0.995 0.365 0.950 0.954 
0.013 0.996 0.325 0.980 0.996 
0.021 0.993 0.265 0.985 0.996 
0.018 0.995 0.300 0.970 0.625 
0.018 0.996 0.620 0.953 0.940 
0.022 0.995 0.365 0.988 1.000 
0.018 0.994 0.760 0.943 0.919 
0.023 0.993 0.388 0.980 1.000 
0.016 0.997 0.478 0.980 1.000 
0.019 0.995 0.719 0.932 0.919 
0.013 0.996 0.581 0.963 1.000 
0.017 0.995 0.697 0.958 0.996 
0.020 0.995 0.726 0.978 0.989 
0.019 0.997 0.658 0.953 0.968 
0.023 0.994 0.484 0.955 0.954 
0.027 0.994 0.540 0.975 1.000 
0.016 0.996 0.542 0.980 0.989 
0.010 0.995 0.639 0.935 1.000 
0.019 0.996 0.656 0.958 1.000 
0.022 0.995 0.353 0.958 1.000 
0.015 0.996 0.445 0.985 1.000 
0.014 0.995 0.520 0.985 0.884 
0.024 0.994 0.703 0.960 0.947 
0.020 0.994 0.511 0.970 1.000 
0.016 0.995 0.586 0.973 1.000 
0.012 0.998 0.946 0.935 0.986 
0.030 0.993 0.166 0.968 1.000 
0.018 0.996 0.616 0.963 0.965 
0.011 0.998 0.693 0.970 0.695 
0.028 0.995 0.622 0.978 0.884 
0.023 0.995 0.432 0.965 0.996 
0.019 0.996 0.419 0.983 1.000 
0.016 0.996 0.703 0.932 0.996 
0.028 0.993 0.403 0.955 0.958 
0.016 0.996 0.287 0.970 1.000 
0.015 0.997 0.303 0.990 0.996 
0.015 0.997 0.439 0.965 0.989 
0.039 0.995 0.394 0.958 0.972 
0.016 0.996 0.490 0.932 1.000 
0.018 0.995 0.368 0.955 0.996 
0.020 0.996 0.354 0.963 0.989 
0.008 0.997 0.404 0.955 1.000 
0.019 0.993 0.196 0.945 1.000 
0.016 0.995 0.353 0.960 1.000 
0.024 0.994 0.230 0.963 1.000 
0.006 0.998 0.135 0.988 1.000 
0.017 0.994 0.221 0.983 0.996 
0.009 0.997 0.365 0.983 1.000 
0.018 0.996 0.973 0.943 0.958 
0.031 0.995 0.379 0.988 1.000 
0.029 0.996 0.351 0.960 1.000 
0.014 0.996 0.309 0.978 1.000 
0.023 0.996 0.185 0.980 1.000 
0.017 0.996 0.456 0.948 0.933 
0.015 0.996 0.363 0.975 1.000 
0.021 0.996 0.377 0.948 1.000 
0.020 0.995 0.590 0.938 1.000 
0.016 0.996 0.313 0.980 1.000 
0.013 0.997 0.287 0.975 1.000 
0.018 0.994 0.339 0.950 1.000 
0.018 0.995 0.252 0.963 1.000 
0.019 0.996 0.743 0.965 1.000 
0.036 0.992 0.426 0.963 1.000 
0.010 0.997 0.317 0.985 1.000 
0.019 0.996 0.267 0.983 1.000 
0.015 0.997 0.416 0.943 1.000 
0.015 0.996 0.324 0.968 1.000 
0.021 0.994 0.264 0.950 1.000 
0.013 0.996 0.213 0.968 1.000 
0.024 0.996 0.197 0.970 1.000 
0.020 0.995 0.299 0.958 0.993 
0.019 0.995 0.187 0.978 1.000 
0.022 0.994 0.156 0.978 1.000 
0.018 0.993 0.269 0.970 0.867 
0.019 0.995 0.384 0.968 0.982 
0.016 0.996 0.354 0.975 0.947 
0.019 0.996 0.369 0.948 1.000 
0.016 0.995 0.387 0.963 0.993 
0.019 0.995 0.275 0.968 0.989 
0.013 0.997 0.436 0.970 0.989 
0.011 0.997 0.529 0.958 0.989 
0.020 0.996 0.258 0.963 0.975 
0.012 0.995 0.337 0.960 1.000 
0.019 0.996 0.234 0.968 0.996 
0.014 0.996 0.371 0.940 1.000 
0.023 0.994 0.295 0.963 1.000 
0.015 0.994 0.367 0.965 1.000 
0.013 0.996 0.207 0.978 1.000 
0.011 0.997 0.222 0.960 0.989 
0.013 0.996 0.501 0.932 0.989 
0.018 0.998 0.265 0.965 1.000 
0.022 0.994 0.260 0.953 1.000 
0.012 0.997 0.228 0.965 1.000 
0.018 0.995 0.237 0.960 1.000 
0.022 0.995 0.197 0.968 0.972 
0.013 0.996 0.218 0.978 0.993 
0.024 0.993 0.252 0.955 0.993 
0.017 0.997 0.232 0.958 1.000 
0.017 0.996 0.197 0.975 0.993 
0.017 0.995 0.202 0.980 1.000 
0.016 0.997 0.229 0.968 1.000 
0.013 0.997 0.217 0.965 1.000 
0.015 0.997 0.246 0.965 1.000 
0.009 0.998 0.205 0.963 1.000 
0.012 0.997 0.223 0.958 1.000 
0.021 0.996 0.158 0.978 1.000 
0.022 0.993 0.266 0.943 1.000 
0.013 0.996 0.317 0.965 1.000 
0.016 0.996 0.404 0.955 1.000 
0.031 0.996 0.264 0.960 1.000 
0.019 0.994 0.387 0.948 1.000 
0.014 0.995 0.582 0.927 1.000 
0.018 0.995 0.297 0.968 1.000 
0.007 0.998 0.333 0.970 1.000 
0.015 0.997 0.285 0.965 1.000 
0.014 0.996 0.271 0.968 1.000 
0.014 0.996 0.305 0.958 1.000 
0.009 0.997 0.291 0.960 1.000 
0.028 0.993 0.310 0.953 1.000 
0.011 0.998 0.231 0.968 1.000 
0.013 0.996 0.284 0.960 1.000 
0.020 0.995 0.225 0.970 1.000 
0.014 0.995 0.246 0.960 0.996 
0.018 0.996 0.205 0.968 1.000 
0.023 0.996 0.237 0.960 1.000 
0.023 0.993 0.227 0.958 1.000 
0.013 0.996 0.348 0.943 1.000 
0.011 0.997 0.209 0.960 1.000 
0.015 0.998 0.225 0.958 1.000 
0.018 0.994 0.178 0.968 1.000 
0.011 0.996 0.152 0.983 1.000 
0.016 0.995 0.284 0.953 1.000 
0.016 0.996 0.193 0.973 1.000 
0.016 0.996 0.220 0.968 1.000 
0.013 0.996 0.240 0.950 1.000 
0.015 0.995 0.285 0.973 1.000 
0.021 0.994 0.286 0.948 1.000 
0.023 0.994 0.237 0.965 0.996 
0.022 0.994 0.245 0.955 1.000 
0.012 0.997 0.225 0.968 1.000 
0.019 0.996 0.180 0.973 1.000 
0.026 0.993 0.157 0.963 1.000 
0.010 0.997 0.135 0.980 1.000 
0.018 0.995 0.156 0.975 1.000 
0.024 0.996 0.121 0.980 1.000 
0.012 0.997 0.159 0.968 1.000 
0.021 0.996 0.205 0.968 1.000 
0.014 0.995 0.270 0.983 1.000 
0.012 0.997 0.251 0.950 1.000 
0.012 0.998 0.180 0.973 1.000 
0.015 0.997 0.236 0.985 1.000 
0.018 0.995 0.164 0.978 1.000 
0.018 0.995 0.170 0.965 1.000 
0.027 0.993 0.145 0.960 1.000 
0.015 0.995 0.118 0.963 1.000 
0.013 0.997 0.108 0.975 1.000 
0.010 0.998 0.150 0.970 1.000 
0.021 0.995 0.167 0.965 1.000 
0.013 0.996 0.223 0.960 1.000 
0.015 0.996 0.176 0.965 1.000 
0.019 0.994 0.204 0.958 0.996 
0.014 0.996 0.208 0.965 1.000 
0.026 0.992 0.180 0.955 1.000 
0.024 0.995 0.401 0.932 0.996 
0.022 0.995 0.178 0.975 0.996 
0.018 0.994 0.207 0.975 1.000 
0.014 0.996 0.270 0.963 1.000 
0.016 0.997 0.233 0.975 1.000 
0.031 0.993 0.094 0.973 1.000 
0.035 0.996 0.187 0.953 1.000 
0.015 0.996 0.281 0.955 1.000 
0.011 0.997 0.211 0.968 1.000 
0.013 0.997 0.212 0.980 1.000 
0.016 0.996 0.198 0.968 0.996 
0.017 0.996 0.263 0.948 1.000 
0.005 0.999 0.212 0.973 0.996 
0.018 0.997 0.110 0.965 0.996 
0.020 0.995 0.155 0.965 1.000 
0.012 0.996 0.310 0.925 1.000 
0.010 0.997 0.125 0.960 1.000 
0.018 0.996 0.164 0.953 0.989 
0.013 0.997 0.128 0.968 0.989 
0.012 0.997 0.205 0.943 1.000 
0.022 0.993 0.200 0.958 0.951 
0.016 0.997 0.121 0.983 1.000 
0.024 0.996 0.165 0.965 1.000 
0.013 0.996 0.189 0.968 1.000 
0.005 0.998 0.086 0.988 1.000 
0.015 0.997 0.138 0.960 1.000 
0.020 0.996 0.167 0.973 0.761 
0.012 0.996 0.183 0.955 1.000 
0.012 0.997 0.152 0.960 1.000 
0.012 0.996 0.148 0.965 0.996 
0.012 0.997 0.221 0.950 1.000 
0.013 0.997 0.166 0.955 1.000 
0.014 0.995 0.128 0.975 1.000 
0.015 0.995 0.269 0.953 1.000 
0.021 0.993 0.189 0.965 0.996 
0.012 0.996 0.215 0.943 1.000 
0.012 0.996 0.286 0.963 1.000 
0.014 0.996 0.213 0.968 1.000 
0.010 0.997 0.234 0.960 1.000 
0.015 0.997 0.193 0.973 1.000 
0.009 0.998 0.221 0.970 1.000 
0.010 0.995 0.170 0.980 0.996 
0.024 0.996 0.177 0.985 0.989 
0.009 0.996 0.270 0.965 0.982 
0.010 0.998 0.128 0.988 0.996 
0.011 0.997 0.316 0.955 0.968 
0.006 0.999 0.191 0.973 1.000 
0.007 0.998 0.204 0.988 0.989 
0.020 0.996 0.210 0.960 0.993 
0.018 0.996 0.294 0.983 0.951 
0.022 0.993 0.241 0.938 0.993 
0.019 0.994 0.130 0.980 0.982 
0.012 0.997 0.259 0.938 1.000 
0.009 0.997 0.243 0.968 0.888 
0.016 0.997 0.171 0.960 0.937 
0.014 0.995 0.352 0.968 0.989 
0.020 0.996 0.213 0.960 0.982 
0.009 0.997 0.162 0.983 0.975 
0.012 0.997 0.187 0.968 0.989 
0.012 0.996 0.185 0.970 0.972 
0.016 0.997 0.322 0.920 1.000 
0.017 0.995 0.156 0.970 1.000 
0.010 0.998 0.213 0.963 0.986 
0.018 0.996 0.093 0.978 0.996 
0.013 0.998 0.140 0.975 0.989 
0.013 0.995 0.272 0.945 0.996 
0.027 0.992 0.191 0.955 1.000 
0.015 0.996 0.188 0.958 1.000 
0.022 0.993 0.198 0.973 0.989 
0.020 0.996 0.253 0.960 1.000 
0.009 0.998 0.244 0.970 0.940 
0.016 0.994 0.151 0.988 1.000 
0.010 0.997 0.185 0.983 1.000 
0.009 0.997 0.253 0.978 1.000 
0.015 0.995 0.297 0.970 0.979 
0.017 0.996 0.209 0.963 1.000 
0.019 0.996 0.146 0.970 1.000 
0.015 0.996 0.221 0.945 1.000 
0.018 0.997 0.152 0.970 1.000 
0.009 0.998 0.111 0.980 1.000 
0.009 0.998 0.184 0.960 1.000 
0.020 0.995 0.167 0.958 1.000 
0.017 0.996 0.157 0.968 1.000 
0.023 0.993 0.116 0.983 1.000 
0.008 0.997 0.138 0.978 1.000 
0.020 0.995 0.136 0.968 1.000 
0.013 0.997 0.188 0.958 1.000 
0.013 0.997 0.123 0.983 1.000 
0.025 0.995 0.138 0.970 1.000 
0.014 0.997 0.264 0.953 1.000 
0.025 0.993 0.264 0.958 1.000 
0.010 0.996 0.259 0.968 1.000 
0.020 0.996 0.253 0.958 1.000 
0.010 0.995 0.184 0.988 1.000 
0.016 0.996 0.333 0.953 0.996 
0.013 0.995 0.264 0.968 1.000 
0.013 0.997 0.371 0.963 1.000 
0.009 0.997 0.608 0.935 1.000 
0.018 0.995 0.525 0.958 1.000 
0.018 0.994 0.847 0.963 1.000 
0.043 0.994 0.676 0.958 1.000 
0.009 0.997 0.690 0.968 1.000 
0.023 0.996 0.691 0.968 1.000 
0.040 0.995 0.249 0.980 1.000 
0.018 0.994 0.484 0.985 1.000 
0.013 0.996 0.612 0.970 1.000 
0.011 0.998 0.357 0.988 1.000 
0.021 0.992 0.622 0.968 0.989 
0.015 0.997 0.632 0.985 1.000 
0.016 0.996 0.692 0.970 1.000 
0.069 0.995 0.524 0.943 1.000 
0.009 0.997 0.480 0.970 1.000 
0.010 0.998 0.479 0.973 1.000 
0.020 0.996 0.658 0.950 1.000 
0.011 0.997 0.586 0.975 1.000 
0.021 0.996 0.533 0.960 0.993 
0.015 0.995 0.583 0.958 0.989 
0.009 0.997 0.626 0.973 0.993 
0.020 0.995 0.775 0.955 0.993 
0.016 0.995 0.706 0.965 1.000 
0.014 0.996 0.744 0.935 1.000 
0.012 0.995 0.565 0.970 1.000 
0.014 0.997 0.575 0.970 1.000 
0.013 0.997 0.636 0.965 1.000 
0.013 0.995 0.775 0.968 1.000 
0.042 0.995 0.738 0.912 1.000 
0.015 0.997 0.529 0.958 1.000 
0.018 0.996 0.464 0.955 1.000 
0.016 0.994 0.562 0.965 1.000 
0.014 0.997 0.449 0.975 1.000 
0.009 0.998 0.428 0.970 1.000 
0.015 0.994 0.592 0.965 1.000 
0.017 0.995 0.614 0.970 1.000 
0.019 0.996 0.422 0.955 1.000 
0.049 0.993 0.933 0.963 0.996 
0.007 0.996 0.600 0.990 1.000 
0.028 0.994 0.448 0.973 1.000 
0.009 0.998 0.493 0.970 0.996 
0.016 0.996 0.459 0.968 0.993 
0.013 0.997 0.491 0.960 0.996 
0.008 0.997 0.490 0.970 1.000 
0.012 0.995 0.465 0.960 1.000 
0.005 0.997 0.533 0.963 1.000 
0.011 0.996 0.724 0.950 0.996 
0.012 0.998 0.518 0.973 1.000 
0.009 0.998 0.580 0.973 1.000 
0.012 0.996 0.566 0.975 1.000 
0.019 0.997 0.561 0.983 1.000 
0.010 0.997 0.496 0.975 1.000 
0.013 0.995 0.934 0.943 1.000 
0.021 0.996 0.576 0.930 1.000 
0.018 0.994 0.481 0.955 1.000 
0.013 0.997 0.684 0.922 1.000 
0.016 0.996 0.513 0.963 1.000 
0.013 0.996 0.606 0.943 1.000 
0.014 0.997 0.540 0.968 1.000 
0.011 0.997 0.599 0.968 1.000 
0.014 0.997 0.464 0.965 1.000 
0.009 0.998 0.487 0.975 1.000 
0.009 0.997 0.752 0.955 1.000 
0.012 0.995 0.642 0.968 1.000 
0.011 0.996 0.759 0.965 1.000 
0.016 0.996 0.625 0.965 1.000 
0.011 0.997 0.683 0.958 1.000 
0.016 0.994 0.632 0.922 1.000 
0.011 0.995 0.852 0.930 1.000 
0.017 0.996 0.689 0.965 1.000 
0.013 0.997 0.760 0.968 1.000 
0.010 0.997 0.748 0.983 1.000 
0.051 0.993 0.455 0.945 1.000 
0.011 0.998 0.457 0.960 1.000 
0.020 0.996 0.427 0.955 1.000 
0.019 0.996 0.438 0.955 1.000 
0.028 0.994 0.443 0.940 1.000 
0.016 0.997 0.484 0.960 1.000 
0.022 0.995 0.365 0.970 0.996 
0.015 0.995 0.381 0.958 0.993 
0.014 0.996 0.355 0.948 1.000 
0.010 0.998 0.351 0.980 1.000 
0.013 0.997 0.407 0.948 1.000 
0.024 0.994 0.321 0.968 1.000 
0.012 0.998 0.496 0.950 1.000 
0.012 0.997 0.686 0.932 1.000 
0.013 0.997 0.626 0.953 0.993 
0.016 0.998 0.319 0.978 1.000 
0.015 0.995 0.335 0.963 1.000 
0.009 0.998 0.376 0.960 1.000 
0.012 0.996 0.334 0.968 1.000 
0.018 0.994 0.336 0.980 1.000 
0.022 0.996 0.481 0.932 1.000 
0.015 0.997 0.389 0.948 0.996 
0.029 0.990 0.244 0.943 1.000 
0.014 0.996 0.210 0.970 1.000 
0.017 0.996 0.288 0.943 1.000 
0.008 0.998 0.246 0.970 1.000 
0.008 0.998 0.282 0.970 1.000 
0.012 0.997 0.236 0.963 1.000 
0.030 0.993 0.319 0.958 0.986 
0.013 0.995 0.263 0.963 0.996 
0.017 0.994 0.340 0.920 1.000 
0.013 0.997 0.220 0.973 1.000 
0.014 0.996 0.293 0.948 1.000 
0.011 0.996 0.285 0.950 1.000 
0.018 0.996 0.291 0.958 0.996 
0.015 0.996 0.216 0.968 0.989 
0.009 0.997 0.233 0.968 0.996 
0.016 0.995 0.249 0.960 1.000 
0.005 0.998 0.325 0.965 1.000 
0.020 0.996 0.368 0.932 1.000 
0.014 0.996 0.307 0.950 1.000 
0.009 0.998 0.555 0.915 0.993 
0.013 0.997 0.382 0.938 1.000 
0.016 0.996 0.335 0.940 1.000 
0.018 0.998 0.559 0.943 1.000 
0.018 0.994 0.596 0.965 1.000 
0.009 0.998 0.575 0.968 1.000 
0.012 0.996 0.849 0.925 0.965 
0.013 0.997 0.661 0.925 1.000 
0.016 0.997 0.416 0.963 1.000 
0.015 0.995 0.323 0.943 0.972 
0.019 0.995 0.422 0.938 1.000 
0.019 0.996 0.402 0.955 1.000 
0.009 0.998 0.390 0.968 0.996 
0.016 0.996 0.372 0.975 1.000 
0.009 0.997 0.510 0.965 0.989 
0.019 0.995 0.389 0.973 0.782 
0.019 0.995 0.554 0.955 0.993 
0.013 0.997 0.573 0.965 0.958 
0.020 0.995 0.606 0.965 1.000 
0.038 0.994 0.109 0.968 1.000 
0.022 0.996 0.332 0.917 0.933 
0.014 0.996 0.425 0.973 0.649 
0.016 0.995 0.637 0.953 0.975 
0.016 0.996 0.418 0.955 0.912 
0.010 0.998 0.352 0.965 1.000 
0.017 0.995 0.846 0.940 0.986 
0.014 0.996 0.486 0.980 0.993 
0.014 0.996 0.628 0.932 1.000 
0.009 0.997 0.416 0.973 1.000 
0.060 0.996 0.380 0.958 1.000 
0.020 0.993 0.454 0.970 1.000 
0.024 0.998 0.388 0.958 1.000 
0.016 0.995 0.266 0.988 1.000 
0.014 0.995 0.358 0.980 1.000 
0.011 0.997 0.377 0.985 0.993 
0.021 0.995 0.399 0.978 0.996 
0.013 0.997 0.535 0.988 0.996 
0.010 0.996 0.404 0.988 1.000 
0.015 0.996 0.338 0.988 1.000 
0.014 0.997 0.344 0.970 1.000 
0.013 0.996 0.356 0.978 1.000 
0.021 0.996 0.353 0.963 0.975 
0.019 0.993 0.520 0.963 0.996 
0.010 0.997 0.540 0.980 0.993 
0.020 0.995 0.642 0.960 0.993 
0.018 0.995 0.543 0.978 1.000 
0.093 0.996 0.347 0.958 1.000 
0.016 0.996 0.402 0.960 1.000 
0.009 0.997 0.473 0.960 1.000 
0.009 0.998 0.464 0.965 1.000 
0.013 0.996 0.363 0.983 1.000 
0.013 0.997 0.323 0.983 1.000 
0.010 0.996 0.603 0.935 1.000 
0.014 0.996 0.765 0.917 1.000 
0.015 0.996 0.501 0.978 1.000 
0.014 0.995 0.384 0.960 1.000 
0.012 0.997 0.512 0.945 1.000 
0.019 0.996 0.487 0.960 1.000 
0.014 0.997 0.420 0.975 1.000 
0.017 0.996 0.709 0.948 0.993 
0.012 0.996 0.511 0.940 1.000 
0.013 0.996 0.446 0.975 1.000 
0.015 0.997 0.533 0.965 1.000 
0.015 0.995 0.587 0.958 1.000 
0.012 0.998 0.433 0.955 1.000 
0.018 0.997 0.255 0.968 1.000 
0.033 0.996 0.273 0.948 0.996 
0.015 0.996 0.295 0.965 1.000 
0.012 0.997 0.342 0.955 1.000 
0.020 0.996 0.173 0.973 1.000 
0.010 0.997 0.212 0.958 1.000 
0.012 0.996 0.127 0.980 1.000 
0.012 0.996 0.277 0.955 1.000 
0.015 0.996 0.440 0.920 1.000 
0.013 0.997 0.236 0.955 1.000 
0.020 0.995 0.257 0.968 1.000 
0.013 0.996 0.228 0.988 1.000 
0.007 0.997 0.346 0.968 1.000 
0.011 0.998 0.277 0.975 1.000 
0.011 0.998 0.348 0.988 1.000 
0.022 0.996 0.247 0.963 1.000 
0.012 0.996 0.580 0.930 1.000 
0.012 0.996 0.511 0.955 1.000 
0.057 0.991 0.112 0.980 1.000 
0.028 0.994 0.319 0.940 1.000 
0.012 0.998 0.221 0.978 0.996 
0.014 0.995 0.330 0.945 0.996 
0.013 0.996 0.353 0.973 1.000 
0.008 0.998 1.125 0.970 1.000 
0.015 0.996 0.614 0.960 1.000 
0.014 0.996 0.807 0.975 1.000 
0.009 0.997 1.099 0.958 1.000 
0.013 0.997 0.461 0.968 1.000 
0.013 0.996 0.713 0.948 1.000 
0.019 0.997 1.119 0.958 1.000 
0.009 0.998 1.184 0.973 1.000 
0.016 0.995 0.937 0.963 1.000 
0.012 0.996 0.995 0.948 0.989 
0.016 0.996 1.113 0.960 1.000 
0.017 0.996 1.105 0.963 1.000 
0.011 0.998 0.790 0.945 1.000 
0.018 0.996 0.898 0.965 1.000 
0.024 0.996 0.333 0.975 0.996 
0.020 0.995 0.396 0.983 1.000 
0.014 0.994 0.636 0.948 0.979 
0.020 0.996 0.885 0.973 0.979 
0.011 0.996 0.765 0.963 1.000 
0.016 0.996 1.049 0.932 1.000 
0.006 0.997 1.796 0.948 1.000 
