0.295 0.892 0.155 0.948 1.000 
0.156 0.948 0.232 0.900 0.997 
0.136 0.948 0.124 0.965 1.000 
0.106 0.970 0.128 0.940 1.000 
0.111 0.963 0.116 0.963 1.000 
0.087 0.969 0.161 0.938 0.997 
0.106 0.968 0.145 0.960 1.000 
0.086 0.973 0.132 0.958 1.000 
0.079 0.971 0.103 0.960 0.997 
0.083 0.977 0.206 0.917 0.997 
0.065 0.981 0.076 0.973 1.000 
0.062 0.982 0.128 0.948 0.980 
0.068 0.974 0.128 0.945 0.997 
0.061 0.981 0.083 0.975 1.000 
0.074 0.979 0.098 0.983 0.954 
0.059 0.981 0.161 0.940 1.000 
0.059 0.984 0.087 0.975 1.000 
0.074 0.980 0.104 0.963 0.993 
0.050 0.985 0.142 0.950 1.000 
0.062 0.982 0.085 0.988 1.000 
0.060 0.985 0.101 0.955 1.000 
0.058 0.983 0.098 0.963 0.993 
0.056 0.983 0.077 0.983 1.000 
0.060 0.982 0.089 0.963 1.000 
0.061 0.988 0.091 0.975 1.000 
0.043 0.989 0.087 0.980 1.000 
0.055 0.983 0.165 0.948 0.993 
0.050 0.986 0.084 0.980 1.000 
0.043 0.987 0.078 0.975 0.980 
0.053 0.986 0.083 0.980 1.000 
0.049 0.983 0.082 0.978 1.000 
0.043 0.989 0.182 0.943 0.891 
0.047 0.987 0.135 0.950 1.000 
0.053 0.983 0.075 0.975 0.740 
0.050 0.985 0.081 0.978 0.970 
0.037 0.990 0.106 0.958 1.000 
0.040 0.989 0.119 0.960 1.000 
0.037 0.992 0.081 0.978 0.293 
0.060 0.985 0.070 0.990 1.000 
0.042 0.988 0.065 0.985 1.000 
0.038 0.986 0.072 0.985 1.000 
0.032 0.989 0.065 0.983 1.000 
0.044 0.986 0.068 0.988 1.000 
0.044 0.986 0.089 0.973 0.388 
0.041 0.989 0.068 0.990 0.993 
0.032 0.989 0.062 0.990 1.000 
0.039 0.988 0.093 0.968 1.000 
0.038 0.990 0.074 0.980 0.987 
0.046 0.986 0.070 0.980 1.000 
0.042 0.988 0.079 0.973 0.990 
0.048 0.989 0.106 0.958 0.993 
0.037 0.992 0.067 0.985 1.000 
0.037 0.990 0.059 0.988 0.997 
0.039 0.990 0.058 0.988 0.974 
0.037 0.990 0.065 0.985 1.000 
0.032 0.992 0.078 0.983 1.000 
0.043 0.987 0.070 0.980 1.000 
0.032 0.991 0.070 0.980 1.000 
0.038 0.990 0.054 0.985 0.908 
0.025 0.990 0.053 0.993 1.000 
0.040 0.990 0.062 0.988 1.000 
0.027 0.991 0.072 0.980 0.954 
0.034 0.991 0.055 0.990 1.000 
0.037 0.986 0.065 0.985 0.987 
0.067 0.982 0.071 0.985 1.000 
0.028 0.991 0.053 0.990 0.066 
0.033 0.989 0.052 0.988 1.000 
0.036 0.988 0.056 0.990 0.618 
0.030 0.990 0.061 0.988 0.865 
0.029 0.990 0.062 0.983 1.000 
0.037 0.990 0.057 0.993 1.000 
0.041 0.988 0.079 0.980 0.984 
0.030 0.993 0.055 0.990 0.997 
0.035 0.992 0.057 0.988 0.105 
0.030 0.993 0.063 0.983 1.000 
0.028 0.994 0.106 0.963 0.993 
0.030 0.991 0.054 0.988 0.438 
0.028 0.993 0.127 0.958 0.668 
0.030 0.990 0.046 0.990 0.158 
0.033 0.989 0.066 0.975 0.997 
0.025 0.992 0.078 0.985 0.993 
0.030 0.992 0.132 0.970 1.000 
0.039 0.989 0.058 0.993 0.316 
0.029 0.992 0.063 0.985 1.000 
0.028 0.992 0.094 0.960 0.984 
0.030 0.993 0.059 0.985 1.000 
0.029 0.992 0.055 0.995 1.000 
0.024 0.992 0.061 0.985 0.957 
0.027 0.991 0.064 0.980 1.000 
0.022 0.995 0.054 0.988 0.414 
0.021 0.992 0.056 0.983 1.000 
0.026 0.994 0.053 0.988 0.783 
0.034 0.989 0.087 0.980 0.849 
0.035 0.989 0.074 0.980 0.997 
0.019 0.993 0.085 0.983 0.944 
0.035 0.989 0.065 0.985 0.977 
0.034 0.991 0.052 0.993 0.151 
0.040 0.989 0.072 0.970 0.961 
0.024 0.995 0.069 0.988 0.247 
0.041 0.990 0.059 0.985 0.780 
0.023 0.992 0.054 0.985 0.579 
0.029 0.992 0.070 0.988 1.000 
0.029 0.991 0.093 0.963 1.000 
0.037 0.990 0.069 0.983 1.000 
0.040 0.991 0.068 0.983 0.977 
0.018 0.995 0.058 0.988 1.000 
0.029 0.993 0.051 0.988 1.000 
0.024 0.994 0.045 0.993 0.329 
0.039 0.989 0.073 0.970 1.000 
0.024 0.993 0.085 0.968 0.984 
0.026 0.992 0.092 0.968 1.000 
0.039 0.989 0.086 0.968 0.816 
0.033 0.989 0.156 0.948 0.961 
0.019 0.994 0.094 0.965 0.609 
0.020 0.995 0.112 0.963 0.974 
0.012 0.995 0.225 0.945 0.967 
0.025 0.992 0.099 0.970 0.961 
0.020 0.993 0.087 0.993 0.954 
0.027 0.990 0.123 0.950 0.957 
0.021 0.996 0.060 0.993 0.941 
0.025 0.992 0.076 0.985 0.757 
0.019 0.995 0.077 0.990 0.980 
0.021 0.993 0.138 0.955 0.993 
0.026 0.991 0.071 0.993 0.105 
0.023 0.993 0.108 0.965 0.901 
0.027 0.992 0.074 0.985 0.970 
0.022 0.992 0.087 0.980 0.474 
0.025 0.993 0.109 0.965 0.000 
0.017 0.994 0.086 0.980 0.059 
0.023 0.995 0.067 0.980 0.000 
0.022 0.994 0.054 0.988 0.158 
0.019 0.995 0.060 0.988 0.003 
0.023 0.993 0.057 0.990 0.043 
0.023 0.992 0.075 0.988 0.707 
0.022 0.991 0.077 0.985 0.941 
0.022 0.990 0.133 0.943 0.961 
0.029 0.993 0.079 0.980 0.000 
0.028 0.990 0.061 0.990 1.000 
0.023 0.995 0.064 0.980 0.332 
0.024 0.992 0.065 0.978 0.030 
0.017 0.997 0.046 0.993 0.566 
0.021 0.993 0.058 0.980 0.454 
0.022 0.993 0.054 0.993 0.859 
0.025 0.993 0.070 0.973 0.990 
0.021 0.994 0.124 0.958 0.003 
0.018 0.995 0.059 0.990 0.993 
0.019 0.993 0.053 0.990 1.000 
0.024 0.991 0.076 0.970 0.908 
0.024 0.993 0.056 0.988 0.891 
0.021 0.993 0.076 0.970 0.964 
0.028 0.990 0.100 0.970 0.951 
0.024 0.993 0.060 0.988 0.961 
0.021 0.996 0.053 0.990 0.974 
0.019 0.995 0.052 0.993 0.990 
0.021 0.994 0.073 0.983 1.000 
0.023 0.993 0.048 0.993 0.188 
0.022 0.992 0.158 0.948 1.000 
0.027 0.994 0.086 0.973 0.961 
0.027 0.991 0.077 0.980 0.918 
0.021 0.995 0.067 0.983 0.592 
0.039 0.989 0.054 0.990 0.997 
0.020 0.995 0.065 0.990 0.201 
0.021 0.992 0.067 0.985 0.984 
0.026 0.993 0.064 0.985 0.454 
0.017 0.995 0.144 0.955 0.993 
0.020 0.995 0.100 0.970 0.997 
0.021 0.992 0.102 0.965 0.961 
0.013 0.997 0.069 0.988 0.954 
0.018 0.993 0.077 0.988 1.000 
0.030 0.992 0.086 0.988 0.750 
0.016 0.995 0.055 0.995 0.967 
0.021 0.994 0.079 0.988 0.842 
0.012 0.997 0.103 0.993 0.836 
0.029 0.993 0.078 0.990 0.737 
0.016 0.996 0.095 0.973 1.000 
0.011 0.996 0.086 0.985 0.980 
0.026 0.993 0.072 0.988 0.947 
0.025 0.992 0.099 0.988 0.181 
0.022 0.994 0.099 0.993 0.947 
0.020 0.992 0.103 0.993 0.671 
0.025 0.993 0.091 0.983 1.000 
0.019 0.994 0.095 0.995 0.918 
0.014 0.993 0.100 0.985 1.000 
0.017 0.994 0.094 0.990 1.000 
0.012 0.996 0.148 0.970 1.000 
0.026 0.993 0.083 0.973 0.990 
0.015 0.996 0.059 0.988 1.000 
0.021 0.995 0.070 0.970 1.000 
0.013 0.995 0.065 0.993 0.993 
0.015 0.997 0.108 0.990 0.681 
0.030 0.990 0.073 0.993 1.000 
0.018 0.995 0.075 0.995 0.681 
0.013 0.998 0.076 0.985 0.069 
0.026 0.992 0.073 0.980 0.878 
0.018 0.994 0.152 0.960 0.980 
0.017 0.992 0.169 0.958 1.000 
0.019 0.995 0.106 0.970 0.997 
0.013 0.996 0.109 0.985 1.000 
0.035 0.990 0.090 0.968 0.957 
0.017 0.994 0.094 0.983 0.980 
0.014 0.996 0.092 0.990 0.974 
0.016 0.995 0.112 0.990 0.954 
0.041 0.992 0.078 0.983 0.987 
0.020 0.995 0.065 0.990 0.964 
0.019 0.996 0.069 0.985 0.977 
0.021 0.993 0.113 0.965 1.000 
0.022 0.993 0.065 0.993 0.944 
0.044 0.990 0.047 0.995 0.964 
0.016 0.993 0.118 0.968 1.000 
0.019 0.996 0.088 0.965 1.000 
0.017 0.993 0.119 0.950 0.964 
0.021 0.996 0.142 0.980 0.984 
0.012 0.996 0.134 0.963 1.000 
0.021 0.994 0.141 0.965 1.000 
0.022 0.995 0.096 0.985 1.000 
0.039 0.993 0.085 0.993 1.000 
0.028 0.992 0.135 0.990 1.000 
0.013 0.996 0.196 0.973 1.000 
0.009 0.995 0.269 0.965 0.010 
0.016 0.994 0.266 0.965 1.000 
0.021 0.993 0.118 0.988 0.865 
0.044 0.992 0.141 0.980 1.000 
0.008 0.996 0.121 0.993 1.000 
0.014 0.997 0.143 0.993 0.990 
0.031 0.992 0.080 0.995 1.000 
0.016 0.995 0.140 0.980 0.928 
0.013 0.997 0.121 0.980 0.891 
0.014 0.995 0.131 0.980 0.997 
0.023 0.993 0.123 0.983 1.000 
0.019 0.996 0.171 0.963 0.993 
0.017 0.996 0.165 0.970 1.000 
0.020 0.993 0.148 0.970 1.000 
0.010 0.996 0.197 0.973 0.237 
0.021 0.994 0.151 0.985 0.997 
0.016 0.995 0.137 0.980 1.000 
0.014 0.995 0.134 0.985 1.000 
0.014 0.995 0.151 0.988 0.970 
0.014 0.996 0.135 0.990 1.000 
0.026 0.992 0.202 0.978 1.000 
0.026 0.996 0.121 0.990 1.000 
0.047 0.993 0.094 0.990 1.000 
0.026 0.996 0.123 0.993 1.000 
0.015 0.997 0.137 0.968 0.990 
0.010 0.997 0.133 0.993 0.789 
0.018 0.995 0.080 0.995 1.000 
0.016 0.995 0.104 0.993 0.421 
0.010 0.996 0.124 0.995 0.980 
0.011 0.996 0.117 0.993 0.993 
0.021 0.995 0.146 0.980 0.977 
0.026 0.994 0.079 0.993 0.441 
0.018 0.994 0.141 0.965 0.990 
0.013 0.998 0.104 0.995 0.138 
0.022 0.992 0.141 0.965 0.645 
0.008 0.998 0.144 0.970 1.000 
0.017 0.993 0.114 0.975 1.000 
0.015 0.995 0.138 0.973 0.737 
0.018 0.995 0.096 0.993 1.000 
0.010 0.998 0.099 0.993 1.000 
0.018 0.995 0.117 0.985 0.875 
0.022 0.994 0.071 0.995 0.997 
0.015 0.996 0.082 0.993 1.000 
0.017 0.995 0.155 0.953 1.000 
0.046 0.990 0.097 0.990 1.000 
0.020 0.995 0.220 0.958 1.000 
0.015 0.994 0.137 0.990 0.711 
0.019 0.993 0.204 0.963 0.503 
0.015 0.995 0.143 0.980 0.951 
0.014 0.996 0.139 0.993 0.964 
0.010 0.997 0.170 0.993 0.780 
0.015 0.996 0.146 0.968 0.766 
0.011 0.995 0.157 0.995 0.964 
0.017 0.996 0.156 0.993 1.000 
0.017 0.996 0.094 0.990 1.000 
0.024 0.994 0.213 0.970 0.066 
0.014 0.996 0.145 0.993 0.947 
0.011 0.996 0.176 0.983 0.678 
0.009 0.995 0.156 0.988 0.964 
0.017 0.993 0.208 0.993 0.118 
0.013 0.993 0.166 0.990 0.816 
0.017 0.997 0.157 0.988 0.161 
0.036 0.990 0.091 0.965 0.072 
0.014 0.996 0.163 0.990 0.951 
0.015 0.995 0.173 0.993 1.000 
0.018 0.994 0.155 0.993 0.701 
0.012 0.997 0.165 0.995 0.918 
0.018 0.994 0.158 0.993 0.938 
0.029 0.993 0.125 0.988 1.000 
0.012 0.995 0.168 0.988 0.865 
0.009 0.997 0.164 0.970 0.773 
0.017 0.996 0.161 0.990 0.875 
0.018 0.994 0.200 0.973 0.776 
0.017 0.995 0.166 0.990 0.138 
0.017 0.995 0.166 0.988 0.579 
0.019 0.995 0.170 0.983 0.707 
0.016 0.996 0.174 0.985 0.694 
0.014 0.996 0.205 0.990 0.974 
0.021 0.993 0.153 0.980 0.990 
0.021 0.995 0.179 0.990 0.066 
0.016 0.994 0.228 0.975 0.934 
0.017 0.993 0.283 0.970 0.799 
0.016 0.995 0.205 0.980 0.967 
0.012 0.994 0.247 0.995 0.941 
0.014 0.996 0.270 0.970 0.944 
0.025 0.992 0.184 0.988 0.875 
0.023 0.993 0.171 0.988 0.941 
0.016 0.996 0.160 0.988 0.914 
0.015 0.996 0.292 0.958 1.000 
0.019 0.995 0.148 0.988 1.000 
0.017 0.996 0.161 0.990 1.000 
0.010 0.998 0.314 0.978 0.954 
0.014 0.993 0.244 0.993 0.993 
0.024 0.995 0.298 0.948 1.000 
0.013 0.995 0.289 0.983 1.000 
0.013 0.998 0.208 0.980 0.951 
0.017 0.996 0.173 0.988 0.599 
0.013 0.996 0.178 0.978 1.000 
0.021 0.994 0.167 0.975 1.000 
0.012 0.996 0.207 0.995 0.908 
0.010 0.998 0.267 0.988 0.984 
0.008 0.997 0.296 0.988 0.839 
0.010 0.996 0.317 0.980 1.000 
0.012 0.996 0.300 0.993 0.931 
0.017 0.995 0.201 0.963 1.000 
0.018 0.995 0.211 0.993 1.000 
0.016 0.996 0.212 0.983 0.970 
0.021 0.994 0.160 0.995 1.000 
0.016 0.995 0.307 0.973 0.796 
0.015 0.995 0.252 0.970 1.000 
0.012 0.996 0.437 0.980 0.651 
0.005 0.998 0.368 0.988 0.987 
0.033 0.993 0.180 0.985 1.000 
0.018 0.994 0.318 0.960 1.000 
0.010 0.998 0.277 0.970 0.970 
0.017 0.995 0.251 0.970 1.000 
0.021 0.996 0.264 0.983 0.944 
0.016 0.995 0.255 0.990 0.961 
0.013 0.996 0.259 0.993 1.000 
0.019 0.997 0.189 0.993 0.997 
0.011 0.996 0.198 0.993 0.984 
0.014 0.997 0.208 0.983 0.743 
0.014 0.997 0.238 0.975 0.921 
0.019 0.995 0.181 0.990 0.993 
0.011 0.998 0.211 0.990 0.944 
0.015 0.995 0.240 0.983 0.997 
0.024 0.993 0.318 0.965 0.947 
0.014 0.996 0.327 0.993 0.033 
0.016 0.996 0.174 0.985 1.000 
0.012 0.996 0.287 0.980 0.839 
0.015 0.995 0.221 0.995 1.000 
0.010 0.996 0.270 0.988 0.984 
0.011 0.995 0.357 0.980 0.984 
0.035 0.993 0.230 0.980 0.592 
0.008 0.998 0.260 0.978 0.990 
0.014 0.996 0.204 0.993 0.743 
0.029 0.993 0.212 0.960 0.993 
0.024 0.994 0.140 0.995 0.891 
0.013 0.996 0.167 0.993 0.780 
0.010 0.997 0.139 0.995 0.799 
0.008 0.997 0.156 0.988 0.806 
0.023 0.995 0.183 0.990 0.549 
0.013 0.996 0.176 0.980 0.990 
0.015 0.996 0.232 0.980 0.171 
0.009 0.998 0.213 0.980 0.997 
0.011 0.997 0.188 0.995 0.997 
0.016 0.994 0.282 0.965 0.997 
0.016 0.996 0.253 0.978 0.931 
0.015 0.993 0.209 0.990 0.770 
0.013 0.996 0.184 0.993 0.852 
0.012 0.996 0.248 0.995 0.924 
0.011 0.996 0.238 0.993 0.539 
0.013 0.996 0.223 0.995 0.461 
0.019 0.992 0.269 0.955 0.993 
0.012 0.994 0.273 0.993 0.447 
0.014 0.996 0.309 0.993 0.109 
0.016 0.995 0.215 0.993 0.987 
0.020 0.992 0.179 0.980 1.000 
0.014 0.996 0.196 0.980 0.997 
0.003 0.999 0.266 0.988 0.658 
0.017 0.996 0.216 0.990 0.740 
0.006 0.999 0.222 0.980 0.990 
0.011 0.996 0.278 0.988 0.467 
0.014 0.995 0.261 0.990 1.000 
0.034 0.995 0.147 0.980 1.000 
0.012 0.996 0.185 0.988 0.980 
0.013 0.996 0.245 0.990 0.569 
0.011 0.996 0.250 0.968 0.997 
0.032 0.995 0.173 0.978 0.990 
0.007 0.999 0.181 0.993 0.987 
0.006 0.998 0.209 0.955 1.000 
0.023 0.993 0.239 0.990 0.964 
0.020 0.996 0.097 0.993 1.000 
0.023 0.996 0.199 0.965 0.974 
0.010 0.998 0.208 0.973 1.000 
0.023 0.992 0.119 0.988 1.000 
0.019 0.993 0.129 0.993 1.000 
0.015 0.995 0.144 0.990 1.000 
0.018 0.994 0.147 0.993 1.000 
0.022 0.993 0.122 0.988 1.000 
0.017 0.995 0.168 0.993 0.905 
0.008 0.997 0.147 0.988 1.000 
0.017 0.995 0.196 0.993 0.990 
0.019 0.996 0.155 0.965 1.000 
0.016 0.995 0.190 0.990 0.849 
0.020 0.995 0.252 0.932 0.984 
0.009 0.996 0.457 0.955 0.158 
0.014 0.995 0.182 0.993 0.984 
0.013 0.994 0.185 0.995 0.655 
0.011 0.997 0.189 0.985 0.987 
0.015 0.996 0.158 0.988 1.000 
0.013 0.996 0.177 0.993 0.615 
0.009 0.998 0.148 0.993 0.964 
0.006 0.998 0.182 0.993 1.000 
0.018 0.995 0.120 0.985 0.997 
0.006 0.999 0.121 0.995 1.000 
0.015 0.996 0.146 0.975 1.000 
0.014 0.995 0.210 0.990 0.977 
0.012 0.997 0.172 0.985 0.997 
0.026 0.992 0.122 0.968 0.977 
0.011 0.997 0.149 0.985 0.997 
0.016 0.995 0.150 0.993 0.934 
0.015 0.996 0.219 0.993 1.000 
0.016 0.996 0.155 0.988 0.990 
0.022 0.995 0.194 0.970 0.885 
0.008 0.996 0.204 0.995 0.980 
0.017 0.995 0.176 0.983 0.964 
0.011 0.997 0.210 0.983 0.234 
0.010 0.998 0.174 0.990 0.908 
0.012 0.997 0.216 0.995 0.961 
0.018 0.993 0.176 0.993 1.000 
0.016 0.995 0.222 0.988 0.997 
0.011 0.996 0.187 0.990 1.000 
0.019 0.994 0.251 0.958 0.997 
0.011 0.996 0.234 0.990 1.000 
0.014 0.998 0.238 0.985 0.609 
0.020 0.995 0.167 0.993 0.980 
0.015 0.997 0.198 0.988 0.993 
0.009 0.996 0.147 0.993 1.000 
0.020 0.995 0.106 0.995 1.000 
0.014 0.994 0.135 0.985 0.954 
0.012 0.996 0.116 0.995 0.987 
0.013 0.995 0.181 0.978 0.664 
0.019 0.995 0.093 0.993 0.997 
0.020 0.993 0.109 0.983 1.000 
0.022 0.995 0.091 0.993 1.000 
0.008 0.998 0.115 0.988 0.980 
0.013 0.996 0.145 0.988 0.961 
0.015 0.995 0.273 0.963 0.000 
0.023 0.995 0.114 0.985 0.977 
0.010 0.998 0.125 0.970 1.000 
0.012 0.997 0.121 0.980 0.684 
0.006 0.998 0.125 0.983 1.000 
0.016 0.997 0.081 0.995 0.980 
0.008 0.996 0.127 0.965 1.000 
0.008 0.996 0.133 0.990 0.796 
0.020 0.996 0.194 0.948 0.776 
0.012 0.996 0.154 0.988 0.753 
0.009 0.998 0.183 0.958 0.993 
0.015 0.998 0.163 0.983 0.559 
0.017 0.995 0.107 0.990 0.977 
0.012 0.995 0.195 0.978 0.368 
0.010 0.998 0.160 0.995 0.970 
0.015 0.995 0.137 0.970 1.000 
0.017 0.994 0.181 0.988 1.000 
0.013 0.997 0.153 0.990 1.000 
0.014 0.994 0.241 0.963 1.000 
0.014 0.997 0.146 0.973 1.000 
0.006 0.998 0.176 0.995 1.000 
0.013 0.999 0.114 0.988 1.000 
0.013 0.995 0.166 0.993 0.638 
0.022 0.994 0.160 0.988 0.865 
0.012 0.996 0.208 0.963 1.000 
0.011 0.998 0.138 0.995 0.997 
0.016 0.998 0.063 0.995 1.000 
0.015 0.996 0.095 0.980 1.000 
0.005 0.998 0.106 0.980 0.997 
0.009 0.998 0.102 0.990 1.000 
0.019 0.995 0.115 0.975 0.306 
0.009 0.998 0.120 0.993 0.490 
0.017 0.993 0.095 0.995 0.993 
0.013 0.995 0.145 0.985 0.816 
0.007 0.998 0.132 0.993 0.931 
0.010 0.997 0.127 0.993 1.000 
0.017 0.995 0.168 0.953 0.993 
0.016 0.995 0.180 0.983 0.832 
0.013 0.995 0.166 0.973 1.000 
0.008 0.997 0.132 0.995 0.990 
0.019 0.996 0.128 0.988 1.000 
0.007 0.996 0.246 0.970 0.990 
0.008 0.998 0.221 0.995 0.980 
0.017 0.995 0.194 0.985 0.891 
0.012 0.996 0.159 0.990 0.997 
0.008 0.997 0.118 0.990 1.000 
0.019 0.996 0.142 0.975 0.036 
0.015 0.995 0.063 0.990 1.000 
0.005 0.998 0.176 0.970 0.875 
0.024 0.993 0.122 0.965 1.000 
0.014 0.996 0.091 0.990 0.974 
0.004 0.999 0.114 0.978 0.997 
0.011 0.997 0.080 0.988 0.066 
0.009 0.997 0.272 0.988 0.039 
0.021 0.997 0.300 0.983 0.023 
0.047 0.993 0.153 0.980 0.007 
0.011 0.996 0.227 0.970 0.033 
0.016 0.996 0.222 0.963 0.993 
0.024 0.993 0.124 0.990 0.474 
0.012 0.996 0.111 0.993 0.974 
0.010 0.996 0.104 0.993 0.908 
0.004 0.999 0.151 0.995 0.582 
0.001 0.999 0.225 0.970 0.780 
0.016 0.997 0.135 0.988 0.414 
0.018 0.996 0.148 0.983 0.306 
0.018 0.994 0.164 0.980 0.730 
0.025 0.995 0.110 0.973 0.961 
0.012 0.996 0.118 0.995 0.694 
0.009 0.996 0.162 0.995 0.480 
0.009 0.996 0.236 0.965 0.997 
0.011 0.995 0.154 0.995 0.987 
0.011 0.997 0.209 0.985 0.599 
0.016 0.994 0.146 0.995 0.740 
0.018 0.993 0.225 0.968 1.000 
0.006 0.998 0.174 0.993 0.671 
0.017 0.996 0.161 0.995 0.934 
0.016 0.996 0.229 0.970 0.895 
0.010 0.996 0.200 0.993 0.799 
0.031 0.994 0.107 0.988 0.987 
0.012 0.995 0.182 0.983 0.372 
0.011 0.997 0.109 0.993 1.000 
0.011 0.996 0.119 0.993 1.000 
0.017 0.993 0.151 0.990 1.000 
0.016 0.995 0.126 0.980 0.993 
0.012 0.996 0.152 0.990 0.990 
0.017 0.995 0.154 0.970 0.924 
0.006 0.999 0.163 0.995 0.947 
0.019 0.995 0.123 0.993 1.000 
0.041 0.995 0.081 0.975 1.000 
0.013 0.996 0.205 0.973 1.000 
0.018 0.995 0.113 0.995 0.938 
0.011 0.995 0.119 0.990 0.997 
0.011 0.996 0.265 0.925 0.967 
0.003 0.998 0.165 0.970 0.984 
0.015 0.995 0.144 0.983 1.000 
0.016 0.996 0.143 0.983 1.000 
0.013 0.998 0.089 0.993 1.000 
0.010 0.998 0.155 0.970 0.990 
0.012 0.996 0.141 0.958 1.000 
0.011 0.998 0.086 0.993 1.000 
0.005 0.999 0.167 0.978 0.993 
0.003 0.999 0.159 0.988 1.000 
0.024 0.993 0.098 0.988 1.000 
0.009 0.998 0.104 0.993 1.000 
0.015 0.996 0.109 0.993 1.000 
0.011 0.996 0.137 0.978 0.997 
0.010 0.997 0.136 0.980 1.000 
0.014 0.995 0.147 0.990 0.993 
0.020 0.993 0.101 0.993 0.822 
0.018 0.995 0.114 0.995 0.990 
0.011 0.995 0.172 0.970 1.000 
0.010 0.996 0.198 0.995 0.832 
0.012 0.996 0.142 0.978 1.000 
0.005 0.998 0.194 0.985 1.000 
0.039 0.996 0.074 0.993 1.000 
0.009 0.997 0.107 0.978 1.000 
0.013 0.997 0.214 0.988 0.997 
0.012 0.996 0.085 0.993 1.000 
0.014 0.995 0.089 0.995 0.082 
0.014 0.997 0.094 0.973 1.000 
0.015 0.996 0.118 0.970 0.977 
0.018 0.995 0.145 0.970 0.684 
0.006 0.997 0.086 0.993 0.997 
0.011 0.997 0.190 0.973 0.984 
0.017 0.994 0.132 0.970 0.908 
0.008 0.998 0.191 0.965 0.905 
0.013 0.995 0.209 0.968 0.997 
0.016 0.996 0.128 0.983 1.000 
0.027 0.992 0.085 0.993 1.000 
0.005 0.998 0.121 0.983 0.993 
0.015 0.996 0.140 0.970 0.970 
0.013 0.996 0.113 0.978 1.000 
0.009 0.996 0.266 0.963 0.888 
0.012 0.996 0.119 0.990 0.997 
0.013 0.996 0.162 0.993 0.944 
0.009 0.997 0.164 0.980 1.000 
0.013 0.996 0.232 0.965 1.000 
0.018 0.995 0.179 0.988 0.987 
0.010 0.998 0.163 0.983 1.000 
0.009 0.997 0.111 0.995 1.000 
0.018 0.994 0.212 0.970 0.974 
0.014 0.996 0.138 0.993 0.997 
0.012 0.997 0.176 0.990 1.000 
0.009 0.996 0.184 0.975 1.000 
0.007 0.997 0.197 0.988 0.852 
0.010 0.996 0.185 0.993 0.997 
0.012 0.996 0.131 0.995 1.000 
0.008 0.998 0.174 0.995 0.951 
0.020 0.996 0.109 0.993 0.984 
0.014 0.997 0.152 0.995 0.260 
0.014 0.995 0.183 0.978 0.250 
0.014 0.997 0.125 0.988 0.359 
0.024 0.993 0.161 0.970 1.000 
0.006 0.995 0.182 0.970 0.967 
0.007 0.998 0.206 0.970 0.997 
0.014 0.995 0.213 0.990 0.286 
0.015 0.996 0.157 0.970 1.000 
0.016 0.996 0.136 0.990 1.000 
0.011 0.997 0.191 0.963 0.997 
0.011 0.996 0.190 0.963 0.951 
0.011 0.997 0.140 0.983 0.967 
0.015 0.996 0.126 0.980 0.993 
0.040 0.997 0.079 0.990 0.016 
0.011 0.996 0.079 0.985 0.954 
0.011 0.996 0.288 0.912 0.862 
0.015 0.995 0.078 0.983 1.000 
0.012 0.996 0.107 0.980 0.993 
0.013 0.995 0.083 0.995 1.000 
0.013 0.996 0.389 0.932 0.000 
0.013 0.995 0.149 0.988 0.901 
0.016 0.997 0.144 0.968 0.793 
0.009 0.998 0.093 0.995 1.000 
0.005 0.998 0.122 0.993 0.658 
0.006 0.998 0.145 0.993 0.882 
0.015 0.995 0.195 0.980 0.993 
0.022 0.992 0.153 0.990 1.000 
0.014 0.996 0.212 0.970 0.928 
0.005 0.997 0.123 0.993 0.997 
0.023 0.996 0.094 0.980 0.987 
0.008 0.999 0.111 0.993 0.822 
0.010 0.997 0.120 0.993 0.970 
0.008 0.998 0.112 0.990 1.000 
0.015 0.996 0.164 0.968 0.997 
0.005 0.996 0.180 0.995 0.993 
0.012 0.998 0.144 0.990 0.993 
0.031 0.993 0.163 0.990 0.855 
0.008 0.997 0.133 0.990 0.984 
0.012 0.995 0.242 0.990 0.559 
0.019 0.993 0.186 0.988 0.845 
0.008 0.996 0.161 0.993 0.977 
0.008 0.997 0.218 0.993 0.743 
0.018 0.996 0.183 0.993 0.671 
0.027 0.995 0.248 0.993 0.980 
0.030 0.991 0.145 0.975 0.993 
0.016 0.996 0.212 0.953 0.993 
0.006 0.998 0.168 0.970 0.997 
0.028 0.992 0.076 0.993 1.000 
0.011 0.997 0.134 0.975 0.954 
0.012 0.996 0.095 0.993 1.000 
0.008 0.996 0.147 0.973 1.000 
0.015 0.996 0.104 0.993 1.000 
0.008 0.996 0.178 0.980 1.000 
0.011 0.996 0.166 0.960 0.997 
0.006 0.998 0.200 0.970 0.987 
0.008 0.998 0.159 0.988 1.000 
0.030 0.993 0.145 0.965 0.951 
0.011 0.998 0.112 0.963 1.000 
0.030 0.995 0.126 0.970 0.891 
0.014 0.996 0.081 0.973 0.987 
0.020 0.995 0.100 0.993 0.964 
0.013 0.996 0.095 0.983 0.938 
0.013 0.996 0.087 0.993 0.964 
0.012 0.995 0.104 0.993 0.974 
0.013 0.995 0.163 0.993 0.280 
0.018 0.996 0.110 0.990 0.250 
0.025 0.996 0.175 0.990 0.049 
0.015 0.997 0.104 0.983 1.000 
0.011 0.996 0.101 0.995 0.990 
0.016 0.994 0.136 0.995 0.049 
0.009 0.996 0.159 0.990 0.523 
0.011 0.998 0.096 0.995 0.622 
0.004 0.998 0.185 0.960 0.372 
0.034 0.995 0.060 0.993 0.618 
0.007 0.998 0.071 0.993 0.780 
0.013 0.995 0.064 0.995 0.757 
0.029 0.995 0.124 0.968 0.987 
0.009 0.997 0.095 0.993 0.102 
0.012 0.996 0.106 0.983 0.987 
0.010 0.996 0.122 0.973 0.947 
0.011 0.997 0.089 0.995 0.895 
0.010 0.997 0.072 0.993 0.316 
0.018 0.995 0.103 0.980 0.914 
0.011 0.995 0.064 0.990 0.322 
0.003 1.000 0.108 0.988 0.036 
0.019 0.995 0.079 0.993 0.257 
0.014 0.995 0.086 0.990 0.572 
0.009 0.996 0.097 0.993 0.424 
0.005 0.998 0.141 0.990 0.921 
0.021 0.997 0.081 0.993 1.000 
0.017 0.995 0.093 0.993 0.036 
0.014 0.997 0.090 0.993 0.845 
0.015 0.995 0.085 0.993 0.878 
0.010 0.996 0.106 0.988 0.724 
0.004 0.999 0.112 0.995 0.615 
0.014 0.995 0.122 0.993 0.076 
0.021 0.993 0.212 0.943 0.957 
0.014 0.996 0.208 0.958 0.984 
0.006 0.997 0.152 0.990 0.961 
0.026 0.996 0.098 0.993 0.470 
0.009 0.997 0.094 0.995 0.789 
0.005 0.999 0.139 0.995 0.030 
0.005 0.999 0.136 0.993 0.688 
0.010 0.995 0.160 0.985 0.543 
0.007 0.998 0.162 0.995 0.595 
0.031 0.998 0.134 0.970 0.905 
0.010 0.997 0.090 0.993 0.832 
0.012 0.997 0.088 0.993 0.451 
0.012 0.998 0.098 0.993 0.003 
0.016 0.996 0.077 0.983 1.000 
0.027 0.995 0.095 0.980 0.997 
0.008 0.998 0.074 0.993 0.993 
0.016 0.995 0.073 0.995 0.951 
0.005 0.998 0.103 0.995 0.007 
0.008 0.996 0.073 0.990 0.997 
0.009 0.995 0.084 0.988 0.993 
0.005 0.997 0.088 0.990 0.990 
0.010 0.997 0.074 0.993 0.997 
0.005 0.998 0.145 0.978 0.816 
0.014 0.996 0.114 0.988 0.997 
0.010 0.995 0.124 0.965 1.000 
0.011 0.998 0.095 0.985 0.974 
0.024 0.995 0.112 0.978 1.000 
0.022 0.993 0.198 0.985 1.000 
0.011 0.996 0.168 0.990 0.990 
0.007 0.997 0.184 0.988 1.000 
0.004 0.999 0.261 0.980 0.993 
0.012 0.997 0.214 0.990 1.000 
0.008 0.998 0.192 0.993 1.000 
0.018 0.995 0.207 0.993 1.000 
0.003 0.998 0.261 0.943 0.997 
0.010 0.997 0.200 0.990 1.000 
0.002 0.999 0.200 0.993 1.000 
0.014 0.995 0.222 0.993 0.961 
0.006 0.997 0.239 0.993 0.997 
0.013 0.998 0.239 0.988 1.000 
0.001 1.000 0.291 0.995 0.990 
0.013 0.996 0.215 0.988 1.000 
0.010 0.997 0.211 0.995 1.000 
0.015 0.993 0.221 0.995 0.878 
0.010 0.996 0.262 0.968 1.000 
0.012 0.995 0.209 0.993 0.997 
0.031 0.995 0.166 0.953 0.993 
0.005 0.999 0.194 0.983 0.997 
0.017 0.996 0.177 0.970 0.987 
0.009 0.996 0.163 0.988 0.987 
0.031 0.996 0.251 0.995 0.990 
0.017 0.996 0.194 0.970 0.997 
0.011 0.998 0.197 0.995 0.997 
0.016 0.993 0.287 0.983 0.970 
0.020 0.996 0.301 0.983 0.993 
0.012 0.996 0.299 0.983 0.977 
0.016 0.995 0.286 0.955 0.967 
0.008 0.998 0.316 0.993 0.914 
0.004 0.999 0.460 0.980 0.510 
0.013 0.996 0.297 0.938 0.984 
0.010 0.996 0.356 0.983 0.961 
0.007 0.998 0.513 0.993 0.270 
0.014 0.997 0.403 0.980 0.974 
0.011 0.995 0.380 0.995 0.901 
0.024 0.996 0.224 0.985 1.000 
0.020 0.995 0.273 0.970 0.984 
0.016 0.996 0.241 0.983 0.990 
0.014 0.996 0.208 0.968 0.997 
0.047 0.993 0.173 0.968 1.000 
0.010 0.998 0.152 0.985 1.000 
0.007 0.997 0.174 0.983 0.997 
0.016 0.993 0.119 0.988 1.000 
0.013 0.996 0.139 0.985 1.000 
0.003 0.999 0.245 0.995 0.993 
0.019 0.994 0.245 0.970 0.997 
0.035 0.995 0.107 0.983 1.000 
0.009 0.998 0.103 0.993 1.000 
0.016 0.995 0.122 0.983 1.000 
0.011 0.997 0.125 0.995 1.000 
0.011 0.996 0.114 0.993 1.000 
0.007 0.999 0.125 0.988 1.000 
0.014 0.995 0.152 0.993 0.997 
0.002 1.000 0.193 0.995 0.980 
0.022 0.995 0.412 0.975 0.967 
0.018 0.996 0.464 0.988 1.000 
0.010 0.996 0.682 0.990 1.000 
0.013 0.996 0.514 0.985 0.997 
0.050 0.996 0.364 0.988 1.000 
0.016 0.996 0.352 0.968 1.000 
0.010 0.998 0.480 0.990 1.000 
0.008 0.996 0.476 0.990 1.000 
0.010 0.996 0.459 0.980 0.931 
0.009 0.998 0.536 0.983 0.977 
0.022 0.993 0.335 0.980 0.934 
0.017 0.995 0.364 0.970 0.997 
0.011 0.997 0.326 0.973 1.000 
0.007 0.998 0.282 0.993 1.000 
0.012 0.994 0.356 0.980 1.000 
0.016 0.995 0.325 0.988 0.997 
0.007 0.998 0.302 0.995 0.997 
0.008 0.996 0.408 0.990 1.000 
0.023 0.992 0.321 0.988 1.000 
0.008 0.996 0.445 0.995 0.859 
0.007 0.997 0.459 0.983 0.997 
0.007 0.997 0.571 0.983 0.849 
0.036 0.993 0.397 0.975 0.997 
0.011 0.996 0.316 0.990 1.000 
0.007 0.997 0.421 0.990 1.000 
0.006 0.999 0.328 0.990 1.000 
0.017 0.995 0.454 0.968 0.928 
0.010 0.998 0.302 0.978 1.000 
0.010 0.996 0.313 0.990 0.993 
0.015 0.995 0.356 0.990 0.434 
0.012 0.997 0.283 0.990 0.990 
0.014 0.996 0.208 0.990 1.000 
0.010 0.997 0.294 0.983 0.954 
0.018 0.996 0.259 0.970 1.000 
0.020 0.995 0.395 0.970 0.365 
0.010 0.995 0.269 0.990 0.993 
0.008 0.999 0.268 0.953 0.993 
0.012 0.995 0.229 0.993 0.997 
0.011 0.996 0.333 0.948 0.980 
0.016 0.996 0.278 0.973 0.993 
0.016 0.996 0.302 0.970 1.000 
0.015 0.995 0.418 0.993 0.668 
0.019 0.995 0.264 0.985 0.970 
0.005 0.999 0.261 0.983 1.000 
0.013 0.997 0.448 0.985 0.845 
0.035 0.995 0.202 0.985 0.993 
0.011 0.997 0.242 0.990 0.931 
0.014 0.997 0.221 0.985 1.000 
0.007 0.996 0.342 0.995 0.993 
0.006 0.997 0.418 0.995 0.984 
0.017 0.996 0.338 0.990 1.000 
0.014 0.996 0.333 0.995 0.957 
0.014 0.995 0.370 0.988 0.859 
0.006 0.998 0.312 0.990 0.957 
0.008 0.996 0.307 0.993 0.993 
0.010 0.998 0.430 0.927 0.970 
0.020 0.996 0.236 0.983 0.688 
0.015 0.995 0.338 0.980 0.622 
0.012 0.995 0.369 0.973 0.826 
0.005 0.998 0.297 0.990 1.000 
0.005 0.998 0.324 0.950 0.997 
0.005 0.998 0.347 0.993 1.000 
0.016 0.994 0.243 0.990 1.000 
0.007 0.997 0.297 0.990 1.000 
0.008 0.998 0.358 0.990 0.997 
0.017 0.993 0.390 0.973 0.984 
0.011 0.996 0.343 0.993 0.908 
0.021 0.995 0.565 0.927 0.641 
0.015 0.996 0.226 0.980 1.000 
0.017 0.994 0.409 0.995 0.987 
0.009 0.997 0.453 0.990 0.993 
0.024 0.998 0.221 0.990 1.000 
0.017 0.995 0.409 0.953 0.924 
0.015 0.997 0.234 0.980 0.997 
0.018 0.994 0.307 0.993 0.125 
0.012 0.996 0.311 0.993 0.997 
0.013 0.995 0.307 0.963 0.987 
0.017 0.995 0.273 0.983 1.000 
0.011 0.997 0.260 0.993 0.993 
0.011 0.997 0.358 0.973 1.000 
0.007 0.999 0.327 0.985 0.997 
0.011 0.996 0.338 0.980 0.997 
0.013 0.997 0.173 0.983 1.000 
0.008 0.998 0.221 0.995 1.000 
0.023 0.994 0.336 0.995 0.030 
0.002 0.999 0.313 0.980 0.951 
0.024 0.995 0.253 0.945 0.997 
0.012 0.996 0.330 0.985 0.737 
0.013 0.995 0.159 0.988 0.997 
0.012 0.998 0.829 0.968 0.997 
0.006 0.998 0.345 0.990 0.970 
0.006 0.998 0.264 0.990 1.000 
0.013 0.997 0.271 0.993 0.678 
0.012 0.997 0.277 0.968 1.000 
0.008 0.996 0.279 0.995 1.000 
0.005 0.998 0.291 0.988 1.000 
0.005 0.998 0.279 0.993 0.970 
0.010 0.996 0.274 0.993 1.000 
0.019 0.996 0.291 0.985 0.730 
0.009 0.997 0.338 0.978 0.691 
0.020 0.998 0.185 0.983 0.997 
0.022 0.992 0.183 0.970 1.000 
0.006 0.999 0.220 0.990 0.826 
0.008 0.997 0.200 0.995 1.000 
0.010 0.998 0.384 0.993 0.776 
0.020 0.995 0.290 0.988 0.760 
0.017 0.995 0.190 0.980 0.984 
0.016 0.997 0.247 0.980 0.977 
0.023 0.993 0.194 0.988 0.984 
0.008 0.997 0.245 0.993 0.908 
0.010 0.998 0.524 0.927 0.997 
0.008 0.998 0.359 0.983 0.895 
0.008 0.996 0.290 0.975 0.964 
0.015 0.995 0.258 0.990 0.586 
0.014 0.995 0.250 0.985 0.520 
0.008 0.998 0.292 0.988 0.908 
0.021 0.995 0.208 0.963 0.803 
0.012 0.996 0.169 0.995 0.549 
0.008 0.997 0.224 0.970 0.961 
0.007 0.998 0.212 0.973 0.914 
0.008 0.998 0.260 0.975 0.375 
0.043 0.996 0.279 0.958 0.122 
0.011 0.998 0.178 0.973 0.964 
0.006 0.997 0.205 0.985 0.382 
0.011 0.996 0.287 0.993 0.408 
0.011 0.996 0.316 0.973 0.763 
0.004 0.999 0.276 0.995 0.480 
0.008 0.998 0.312 0.993 0.053 
0.008 0.997 0.296 0.993 0.556 
0.010 0.998 0.275 0.993 0.194 
0.008 0.997 0.346 0.980 0.661 
0.022 0.995 0.224 0.993 0.546 
0.018 0.996 0.141 0.973 0.984 
0.010 0.996 0.217 0.983 0.280 
0.020 0.993 0.301 0.965 0.638 
0.015 0.995 0.166 0.973 1.000 
0.012 0.994 0.147 0.995 0.987 
0.014 0.996 0.192 0.993 0.658 
0.005 0.998 0.204 0.993 0.974 
0.008 0.998 0.258 0.995 0.747 
0.008 0.998 0.365 0.953 0.730 
0.009 0.997 0.327 0.980 0.253 
0.012 0.997 0.278 0.983 0.714 
0.008 0.998 0.210 0.983 0.961 
0.006 0.998 0.236 0.993 0.984 
0.027 0.995 0.135 0.980 0.980 
0.016 0.995 0.234 0.973 0.451 
0.011 0.998 0.205 0.963 0.484 
0.009 0.996 0.180 0.995 0.355 
0.015 0.996 0.129 0.995 0.921 
0.012 0.996 0.168 0.990 0.984 
0.002 0.999 0.186 0.980 0.993 
0.015 0.995 0.211 0.955 0.799 
0.005 0.998 0.156 0.990 0.855 
0.009 0.998 0.206 0.990 0.812 
0.037 0.992 0.121 0.975 0.987 
0.005 0.999 0.131 0.993 0.632 
0.015 0.996 0.112 0.973 1.000 
0.012 0.996 0.172 0.988 1.000 
0.014 0.997 0.162 0.990 0.572 
0.018 0.996 0.113 0.995 1.000 
0.009 0.998 0.162 0.995 0.589 
0.018 0.997 0.157 0.965 0.997 
0.014 0.995 0.156 0.993 0.707 
0.011 0.996 0.087 0.993 1.000 
0.013 0.996 0.075 0.995 1.000 
0.009 0.998 0.134 0.985 0.928 
0.008 0.998 0.123 0.995 0.878 
0.010 0.996 0.107 0.993 1.000 
0.008 0.998 0.351 0.960 0.230 
0.017 0.996 0.195 0.993 0.487 
0.016 0.996 0.117 0.993 0.786 
0.009 0.998 0.120 0.993 0.497 
0.013 0.998 0.197 0.995 0.043 
0.007 0.998 0.195 0.995 0.299 
0.014 0.997 0.113 0.970 0.901 
0.005 0.998 0.126 0.995 0.770 
0.009 0.997 0.143 0.995 0.783 
0.005 0.998 0.163 0.995 0.174 
0.009 0.996 0.203 0.993 0.951 
0.023 0.996 0.172 0.990 1.000 
0.004 0.998 0.195 0.993 0.875 
0.016 0.995 0.146 0.995 0.872 
0.004 0.999 0.161 0.983 0.997 
0.003 0.999 0.252 0.993 0.661 
0.024 0.994 0.158 0.993 0.747 
0.011 0.996 0.204 0.995 0.901 
0.011 0.999 0.250 0.955 0.997 
0.012 0.998 0.171 0.990 0.993 
0.010 0.997 0.178 0.990 0.773 
0.027 0.993 0.151 0.993 0.961 
0.011 0.998 0.121 0.990 0.954 
0.016 0.993 0.150 0.985 0.974 
0.008 0.998 0.168 0.993 0.961 
0.009 0.998 0.131 0.995 1.000 
0.003 0.999 0.117 0.993 0.993 
0.014 0.996 0.119 0.993 0.987 
0.018 0.997 0.126 0.995 1.000 
0.007 0.998 0.147 0.990 1.000 
0.018 0.994 0.210 0.993 0.908 
0.002 0.999 0.346 0.993 0.714 
0.014 0.996 0.245 0.993 0.987 
0.013 0.997 0.185 0.983 0.928 
0.011 0.998 0.106 0.990 0.977 
0.006 0.998 0.121 0.995 1.000 
0.002 0.999 0.165 0.995 0.878 
0.016 0.994 0.149 0.993 1.000 
0.030 0.996 0.257 0.990 0.931 
0.017 0.996 0.127 0.993 1.000 
0.012 0.996 0.132 0.993 1.000 
0.006 0.998 0.183 0.995 0.993 
0.014 0.996 0.174 0.985 1.000 
0.015 0.997 0.129 0.993 0.984 
0.008 0.998 0.153 0.990 0.964 
0.017 0.995 0.189 0.978 0.918 
0.009 0.996 0.245 0.995 0.503 
0.015 0.996 0.210 0.995 0.750 
0.022 0.994 0.277 0.975 0.875 
0.026 0.995 0.116 0.985 0.605 
0.009 0.996 0.145 0.995 0.533 
0.013 0.996 0.148 0.995 0.941 
0.010 0.998 0.181 0.995 0.605 
0.023 0.996 0.198 0.995 0.507 
0.009 0.998 0.215 0.995 0.789 
0.018 0.996 0.127 0.995 0.352 
0.015 0.993 0.157 0.970 0.941 
