0.298 0.881 0.148 0.965 1.000 
0.186 0.939 0.146 0.958 1.000 
0.124 0.959 0.166 0.945 0.996 
0.099 0.972 0.129 0.955 1.000 
0.104 0.965 0.100 0.983 1.000 
0.110 0.963 0.104 0.980 1.000 
0.097 0.970 0.120 0.958 1.000 
0.099 0.965 0.111 0.965 1.000 
0.099 0.966 0.096 0.978 1.000 
0.075 0.974 0.114 0.963 1.000 
0.083 0.972 0.114 0.960 1.000 
0.076 0.975 0.113 0.970 1.000 
0.069 0.980 0.080 0.975 1.000 
0.081 0.975 0.129 0.958 1.000 
0.064 0.980 0.187 0.925 1.000 
0.067 0.982 0.095 0.988 1.000 
0.057 0.982 0.099 0.970 1.000 
0.065 0.982 0.127 0.958 1.000 
0.064 0.984 0.113 0.960 1.000 
0.063 0.976 0.114 0.958 1.000 
0.070 0.978 0.096 0.970 0.993 
0.057 0.983 0.104 0.963 0.986 
0.057 0.983 0.100 0.968 1.000 
0.059 0.982 0.122 0.958 1.000 
0.055 0.982 0.086 0.970 0.951 
0.053 0.984 0.102 0.965 1.000 
0.045 0.985 0.092 0.965 1.000 
0.060 0.982 0.105 0.963 1.000 
0.051 0.984 0.111 0.963 0.961 
0.054 0.988 0.113 0.963 1.000 
0.057 0.987 0.077 0.983 0.958 
0.048 0.985 0.068 0.980 0.173 
0.041 0.985 0.087 0.965 1.000 
0.047 0.988 0.108 0.965 1.000 
0.050 0.989 0.101 0.965 0.989 
0.043 0.986 0.132 0.960 1.000 
0.047 0.984 0.108 0.963 1.000 
0.052 0.982 0.103 0.965 1.000 
0.052 0.984 0.101 0.963 0.894 
0.050 0.983 0.141 0.950 1.000 
0.038 0.989 0.107 0.965 1.000 
0.040 0.986 0.129 0.960 1.000 
0.040 0.988 0.096 0.968 1.000 
0.050 0.988 0.142 0.943 1.000 
0.041 0.989 0.142 0.958 1.000 
0.038 0.990 0.199 0.938 1.000 
0.044 0.986 0.118 0.965 1.000 
0.042 0.992 0.166 0.953 1.000 
0.042 0.985 0.200 0.938 1.000 
0.041 0.989 0.084 0.965 1.000 
0.037 0.991 0.109 0.958 1.000 
0.041 0.988 0.132 0.960 1.000 
0.048 0.987 0.146 0.953 1.000 
0.037 0.988 0.092 0.965 1.000 
0.046 0.989 0.077 0.980 0.884 
0.034 0.993 0.076 0.973 1.000 
0.037 0.988 0.078 0.973 1.000 
0.041 0.987 0.108 0.965 1.000 
0.041 0.988 0.132 0.960 1.000 
0.038 0.991 0.199 0.940 1.000 
0.038 0.992 0.096 0.965 1.000 
0.041 0.985 0.169 0.940 1.000 
0.034 0.990 0.140 0.953 1.000 
0.032 0.993 0.125 0.953 1.000 
0.039 0.988 0.112 0.960 1.000 
0.042 0.990 0.135 0.950 0.996 
0.034 0.992 0.139 0.955 1.000 
0.033 0.989 0.103 0.965 1.000 
0.036 0.989 0.176 0.938 1.000 
0.036 0.990 0.113 0.963 1.000 
0.031 0.991 0.121 0.958 1.000 
0.032 0.989 0.127 0.963 1.000 
0.034 0.991 0.190 0.940 0.975 
0.038 0.988 0.139 0.965 1.000 
0.032 0.990 0.131 0.963 1.000 
0.025 0.992 0.203 0.932 0.986 
0.035 0.990 0.126 0.955 1.000 
0.028 0.991 0.164 0.945 1.000 
0.037 0.991 0.117 0.965 1.000 
0.028 0.992 0.185 0.930 0.989 
0.039 0.989 0.127 0.965 0.996 
0.032 0.990 0.137 0.958 1.000 
0.035 0.991 0.124 0.960 1.000 
0.033 0.991 0.071 0.978 1.000 
0.034 0.991 0.081 0.975 0.996 
0.026 0.994 0.136 0.958 1.000 
0.038 0.990 0.125 0.958 1.000 
0.032 0.990 0.078 0.975 1.000 
0.027 0.992 0.127 0.963 1.000 
0.033 0.992 0.148 0.948 1.000 
0.024 0.993 0.158 0.945 1.000 
0.030 0.993 0.111 0.963 1.000 
0.025 0.994 0.106 0.965 0.785 
0.036 0.992 0.247 0.917 1.000 
0.039 0.990 0.091 0.965 1.000 
0.029 0.992 0.078 0.975 1.000 
0.034 0.991 0.107 0.960 1.000 
0.032 0.991 0.125 0.958 1.000 
0.038 0.991 0.148 0.958 1.000 
0.031 0.992 0.122 0.965 0.954 
0.030 0.992 0.189 0.945 1.000 
0.048 0.987 0.123 0.955 1.000 
0.030 0.991 0.115 0.965 0.482 
0.031 0.991 0.129 0.965 0.947 
0.032 0.989 0.125 0.963 0.824 
0.023 0.992 0.071 0.983 0.975 
0.028 0.993 0.107 0.965 0.856 
0.032 0.991 0.089 0.978 1.000 
0.031 0.992 0.133 0.943 0.989 
0.035 0.992 0.185 0.958 1.000 
0.027 0.991 0.107 0.965 0.972 
0.023 0.992 0.098 0.963 0.993 
0.033 0.993 0.123 0.955 0.993 
0.024 0.994 0.113 0.963 0.246 
0.026 0.993 0.067 0.980 0.993 
0.031 0.992 0.098 0.965 0.993 
0.032 0.991 0.189 0.945 0.993 
0.023 0.994 0.179 0.953 0.961 
0.037 0.991 0.130 0.963 0.933 
0.032 0.990 0.209 0.938 1.000 
0.022 0.994 0.161 0.968 0.996 
0.027 0.993 0.106 0.970 0.996 
0.035 0.991 0.083 0.970 1.000 
0.027 0.992 0.162 0.963 0.923 
0.030 0.992 0.118 0.958 1.000 
0.029 0.991 0.111 0.965 0.996 
0.034 0.988 0.177 0.938 0.993 
0.027 0.994 0.145 0.955 1.000 
0.030 0.993 0.151 0.960 1.000 
0.029 0.992 0.124 0.965 1.000 
0.025 0.992 0.125 0.963 0.947 
0.022 0.993 0.184 0.940 0.986 
0.025 0.992 0.099 0.970 1.000 
0.030 0.994 0.086 0.968 1.000 
0.029 0.993 0.081 0.975 1.000 
0.024 0.993 0.111 0.965 0.891 
0.032 0.991 0.098 0.965 1.000 
0.030 0.992 0.108 0.965 1.000 
0.028 0.991 0.160 0.948 0.996 
0.024 0.994 0.155 0.955 0.961 
0.024 0.994 0.192 0.948 1.000 
0.026 0.993 0.067 0.988 0.993 
0.031 0.992 0.196 0.945 0.989 
0.026 0.993 0.183 0.948 1.000 
0.022 0.994 0.135 0.965 1.000 
0.021 0.993 0.096 0.973 1.000 
0.027 0.993 0.145 0.970 0.989 
0.027 0.993 0.139 0.963 1.000 
0.024 0.994 0.224 0.963 0.986 
0.025 0.993 0.159 0.950 0.993 
0.025 0.991 0.106 0.963 1.000 
0.017 0.996 0.100 0.975 1.000 
0.031 0.993 0.180 0.948 0.993 
0.027 0.992 0.127 0.965 1.000 
0.027 0.993 0.142 0.965 1.000 
0.031 0.991 0.133 0.953 0.979 
0.029 0.989 0.166 0.948 1.000 
0.026 0.994 0.142 0.963 1.000 
0.025 0.994 0.202 0.932 0.972 
0.023 0.994 0.123 0.968 0.905 
0.025 0.991 0.104 0.970 1.000 
0.021 0.994 0.113 0.965 0.996 
0.022 0.992 0.113 0.955 0.979 
0.024 0.993 0.130 0.965 0.996 
0.023 0.994 0.179 0.965 0.736 
0.021 0.992 0.133 0.958 1.000 
0.049 0.993 0.081 0.970 0.996 
0.019 0.993 0.184 0.945 0.996 
0.022 0.995 0.140 0.953 0.993 
0.017 0.995 0.154 0.953 1.000 
0.027 0.993 0.172 0.960 1.000 
0.021 0.991 0.209 0.965 1.000 
0.039 0.994 0.088 0.980 1.000 
0.037 0.994 0.232 0.955 0.905 
0.025 0.993 0.135 0.943 0.729 
0.020 0.995 0.130 0.963 1.000 
0.029 0.992 0.093 0.963 0.599 
0.025 0.994 0.175 0.958 0.806 
0.026 0.992 0.147 0.945 0.687 
0.014 0.996 0.125 0.973 0.764 
0.026 0.993 0.149 0.965 0.965 
0.029 0.991 0.176 0.960 0.993 
0.020 0.995 0.210 0.963 0.993 
0.022 0.995 0.250 0.932 0.880 
0.026 0.992 0.165 0.950 0.993 
0.033 0.993 0.201 0.932 0.979 
0.017 0.993 0.194 0.965 1.000 
0.021 0.995 0.107 0.965 1.000 
0.034 0.992 0.233 0.958 1.000 
0.023 0.993 0.205 0.940 1.000 
0.023 0.995 0.156 0.965 1.000 
0.018 0.994 0.208 0.938 1.000 
0.022 0.993 0.122 0.968 1.000 
0.025 0.993 0.124 0.965 1.000 
0.019 0.994 0.148 0.960 1.000 
0.031 0.994 0.139 0.953 1.000 
0.027 0.991 0.193 0.943 1.000 
0.023 0.993 0.121 0.958 1.000 
0.039 0.990 0.147 0.960 1.000 
0.020 0.995 0.082 0.980 1.000 
0.021 0.993 0.139 0.960 1.000 
0.021 0.993 0.198 0.953 0.993 
0.018 0.995 0.273 0.948 0.965 
0.021 0.995 0.206 0.943 1.000 
0.022 0.996 0.189 0.935 1.000 
0.021 0.993 0.129 0.963 1.000 
0.009 0.998 0.268 0.935 0.986 
0.014 0.997 0.226 0.958 0.852 
0.026 0.993 0.167 0.955 0.919 
0.026 0.992 0.122 0.965 1.000 
0.014 0.996 0.136 0.960 1.000 
0.019 0.996 0.137 0.958 1.000 
0.039 0.993 0.115 0.968 1.000 
0.030 0.992 0.205 0.930 0.986 
0.013 0.997 0.254 0.935 1.000 
0.029 0.993 0.179 0.948 0.908 
0.020 0.994 0.156 0.958 0.986 
0.022 0.994 0.293 0.917 0.989 
0.029 0.993 0.184 0.940 1.000 
0.028 0.994 0.139 0.950 0.996 
0.024 0.992 0.117 0.965 1.000 
0.017 0.995 0.305 0.955 1.000 
0.030 0.991 0.183 0.955 0.173 
0.016 0.995 0.257 0.958 1.000 
0.030 0.993 0.117 0.963 0.968 
0.019 0.995 0.149 0.945 1.000 
0.017 0.995 0.189 0.950 1.000 
0.020 0.993 0.223 0.935 1.000 
0.024 0.994 0.171 0.958 1.000 
0.024 0.994 0.149 0.963 1.000 
0.022 0.994 0.143 0.965 1.000 
0.020 0.995 0.161 0.950 1.000 
0.030 0.992 0.113 0.965 1.000 
0.024 0.992 0.116 0.958 1.000 
0.022 0.993 0.178 0.938 0.880 
0.020 0.994 0.196 0.938 1.000 
0.016 0.995 0.186 0.953 1.000 
0.023 0.993 0.145 0.945 1.000 
0.013 0.996 0.229 0.953 0.996 
0.023 0.994 0.190 0.945 1.000 
0.026 0.994 0.202 0.960 1.000 
0.030 0.993 0.135 0.958 1.000 
0.016 0.994 0.145 0.968 1.000 
0.017 0.996 0.168 0.958 1.000 
0.023 0.994 0.127 0.965 0.996 
0.017 0.996 0.162 0.963 0.944 
0.019 0.994 0.223 0.932 0.996 
0.022 0.992 0.163 0.932 1.000 
0.016 0.994 0.177 0.965 0.996 
0.022 0.993 0.696 0.940 0.965 
0.029 0.993 0.130 0.958 1.000 
0.017 0.995 0.241 0.948 1.000 
0.021 0.993 0.144 0.960 1.000 
0.018 0.993 0.214 0.948 1.000 
0.009 0.997 0.354 0.930 1.000 
0.031 0.994 0.244 0.963 1.000 
0.019 0.992 0.425 0.953 1.000 
0.030 0.992 0.201 0.938 1.000 
0.030 0.995 0.063 0.988 1.000 
0.022 0.994 0.183 0.960 1.000 
0.018 0.996 0.196 0.945 1.000 
0.023 0.992 0.145 0.965 1.000 
0.016 0.996 0.269 0.953 1.000 
0.017 0.994 0.168 0.963 1.000 
0.026 0.993 0.104 0.965 1.000 
0.022 0.993 0.162 0.948 1.000 
0.017 0.995 0.161 0.945 1.000 
0.016 0.995 0.184 0.965 1.000 
0.025 0.993 0.195 0.953 1.000 
0.020 0.996 0.183 0.973 0.521 
0.020 0.993 0.206 0.945 1.000 
0.016 0.995 0.235 0.950 1.000 
0.024 0.994 0.266 0.955 0.982 
0.031 0.993 0.453 0.950 1.000 
0.028 0.993 0.264 0.955 0.993 
0.032 0.991 0.295 0.932 1.000 
0.015 0.994 0.320 0.932 1.000 
0.021 0.992 0.251 0.935 1.000 
0.014 0.995 0.299 0.963 0.799 
0.019 0.992 0.272 0.953 0.877 
0.021 0.994 0.240 0.948 0.824 
0.022 0.994 0.192 0.948 1.000 
0.023 0.993 0.287 0.940 1.000 
0.020 0.995 0.319 0.945 1.000 
0.014 0.995 0.426 0.965 1.000 
0.023 0.995 0.455 0.938 0.592 
0.023 0.991 0.444 0.960 1.000 
0.021 0.995 0.338 0.980 1.000 
0.025 0.993 0.295 0.960 1.000 
0.020 0.994 0.344 0.953 1.000 
0.029 0.994 0.426 0.978 0.965 
0.016 0.996 0.359 0.963 1.000 
0.020 0.994 0.381 0.940 1.000 
0.021 0.995 0.487 0.963 0.996 
0.026 0.993 0.437 0.935 0.993 
0.021 0.996 0.319 0.958 0.996 
0.018 0.995 0.281 0.945 1.000 
0.023 0.993 0.436 0.943 0.996 
0.031 0.994 0.355 0.943 1.000 
0.023 0.993 0.409 0.955 0.718 
0.019 0.995 0.343 0.950 1.000 
0.011 0.997 0.303 0.965 0.996 
0.028 0.995 0.343 0.963 0.894 
0.022 0.992 0.366 0.970 0.792 
0.014 0.995 0.329 0.958 1.000 
0.013 0.996 0.374 0.958 1.000 
0.019 0.996 0.199 0.983 1.000 
0.039 0.990 0.136 0.955 1.000 
0.021 0.993 0.206 0.978 0.257 
0.017 0.994 0.198 0.980 0.229 
0.016 0.996 0.155 0.978 1.000 
0.019 0.995 0.234 0.960 1.000 
0.027 0.991 0.227 0.965 0.996 
0.021 0.995 0.333 0.955 1.000 
0.018 0.995 0.269 0.965 0.989 
0.018 0.996 0.281 0.953 1.000 
0.021 0.992 0.438 0.930 0.996 
0.016 0.995 0.459 0.955 0.725 
0.031 0.992 0.315 0.943 0.989 
0.015 0.995 0.490 0.932 0.989 
0.019 0.993 0.470 0.953 1.000 
0.026 0.993 0.307 0.945 0.975 
0.017 0.995 0.444 0.920 0.996 
0.021 0.991 0.268 0.978 0.989 
0.018 0.996 0.331 0.948 1.000 
0.022 0.993 0.391 0.943 1.000 
0.019 0.994 0.262 0.968 1.000 
0.020 0.995 0.306 0.943 1.000 
0.014 0.997 0.302 0.960 1.000 
0.017 0.996 0.291 0.965 1.000 
0.015 0.996 0.394 0.960 1.000 
0.025 0.995 0.481 0.958 0.996 
0.021 0.995 0.309 0.958 1.000 
0.017 0.995 0.600 0.912 0.993 
0.016 0.995 0.368 0.975 1.000 
0.012 0.995 0.371 0.955 1.000 
0.018 0.994 0.371 0.935 1.000 
0.016 0.995 0.714 0.938 0.261 
0.025 0.992 0.231 0.943 1.000 
0.022 0.993 0.483 0.930 0.996 
0.022 0.994 0.391 0.970 0.982 
0.015 0.995 0.314 0.960 1.000 
0.023 0.993 0.326 0.953 1.000 
0.013 0.997 0.428 0.940 1.000 
0.017 0.994 0.408 0.958 1.000 
0.020 0.996 0.258 0.965 1.000 
0.014 0.996 0.409 0.960 1.000 
0.016 0.994 0.386 0.958 1.000 
0.046 0.992 0.171 0.988 1.000 
0.021 0.994 0.290 0.930 1.000 
0.015 0.996 0.326 0.963 1.000 
0.018 0.994 0.284 0.948 1.000 
0.011 0.996 0.283 0.985 1.000 
0.028 0.992 0.262 0.948 0.996 
0.016 0.995 0.386 0.917 1.000 
0.015 0.995 0.278 0.960 1.000 
0.010 0.996 0.332 0.927 0.996 
0.019 0.996 0.266 0.968 1.000 
0.017 0.994 0.236 0.958 1.000 
0.015 0.996 0.270 0.953 1.000 
0.018 0.993 0.259 0.953 1.000 
0.023 0.992 0.397 0.960 1.000 
0.013 0.996 0.708 0.963 1.000 
0.041 0.994 0.302 0.943 0.979 
0.021 0.996 0.309 0.963 0.993 
0.021 0.995 0.357 0.968 0.986 
0.019 0.995 0.306 0.963 1.000 
0.012 0.995 0.281 0.963 1.000 
0.014 0.996 0.339 0.927 1.000 
0.016 0.997 0.291 0.970 1.000 
0.023 0.995 0.335 0.945 1.000 
0.017 0.995 0.357 0.925 1.000 
0.029 0.994 0.351 0.925 1.000 
0.012 0.995 0.301 0.963 0.986 
0.021 0.993 0.313 0.955 0.856 
0.011 0.996 0.620 0.945 1.000 
0.054 0.990 0.368 0.950 1.000 
0.022 0.996 0.288 0.950 1.000 
0.026 0.993 0.263 0.950 1.000 
0.017 0.996 0.260 0.935 1.000 
0.012 0.995 0.227 0.958 1.000 
0.015 0.995 0.299 0.943 1.000 
0.018 0.996 0.316 0.943 1.000 
0.018 0.994 0.297 0.945 1.000 
0.032 0.995 0.178 0.938 1.000 
0.024 0.994 0.162 0.950 1.000 
0.021 0.995 0.180 0.953 1.000 
0.019 0.993 0.185 0.958 1.000 
0.020 0.994 0.243 0.955 1.000 
0.022 0.995 0.162 0.963 1.000 
0.016 0.996 0.197 0.948 1.000 
0.013 0.997 0.237 0.925 1.000 
0.020 0.995 0.187 0.963 0.996 
0.026 0.992 0.130 0.965 1.000 
0.014 0.997 0.169 0.960 0.996 
0.021 0.996 0.103 0.963 1.000 
0.021 0.994 0.151 0.945 1.000 
0.018 0.993 0.244 0.943 1.000 
0.015 0.995 0.199 0.950 1.000 
0.018 0.995 0.756 0.940 0.996 
0.032 0.995 0.722 0.927 1.000 
0.024 0.994 0.410 0.950 1.000 
0.008 0.996 0.202 0.970 1.000 
0.028 0.994 0.342 0.958 1.000 
0.014 0.996 0.240 0.965 1.000 
0.016 0.995 0.240 0.973 1.000 
0.019 0.994 0.322 0.940 1.000 
0.015 0.995 0.512 0.932 1.000 
0.021 0.993 0.311 0.965 1.000 
0.018 0.995 0.328 0.963 1.000 
0.015 0.994 0.348 0.955 1.000 
0.014 0.995 0.423 0.943 1.000 
0.022 0.995 0.284 0.940 1.000 
0.018 0.995 0.301 0.953 1.000 
0.010 0.995 0.316 0.973 0.993 
0.018 0.993 0.385 0.963 1.000 
0.013 0.996 0.486 0.960 1.000 
0.015 0.994 0.348 0.960 0.972 
0.023 0.998 0.170 0.955 1.000 
0.036 0.995 0.356 0.932 1.000 
0.019 0.994 0.321 0.948 1.000 
0.021 0.993 0.273 0.945 1.000 
0.013 0.996 0.308 0.960 1.000 
0.013 0.996 0.445 0.960 1.000 
0.007 0.998 0.428 0.935 1.000 
0.030 0.993 0.254 0.960 1.000 
0.017 0.995 0.321 0.955 1.000 
0.030 0.994 0.186 0.950 1.000 
0.017 0.995 0.245 0.938 1.000 
0.018 0.994 0.128 0.965 1.000 
0.017 0.995 0.152 0.965 1.000 
0.017 0.995 0.125 0.965 1.000 
0.017 0.995 0.184 0.963 1.000 
0.017 0.996 0.232 0.945 1.000 
0.026 0.992 0.199 0.970 1.000 
0.015 0.997 0.430 0.963 1.000 
0.021 0.994 0.246 0.970 1.000 
0.014 0.996 0.279 0.960 1.000 
0.015 0.996 0.393 0.958 1.000 
0.023 0.993 0.322 0.960 1.000 
0.021 0.993 0.327 0.930 1.000 
0.018 0.996 0.222 0.955 1.000 
0.012 0.996 0.370 0.935 1.000 
0.029 0.994 0.179 0.960 1.000 
0.015 0.995 0.313 0.960 1.000 
0.018 0.994 0.273 0.968 1.000 
0.016 0.993 0.355 0.968 1.000 
0.020 0.996 0.497 0.935 0.908 
0.026 0.994 0.212 0.973 1.000 
0.032 0.996 0.304 0.963 1.000 
0.013 0.996 0.572 0.950 0.996 
0.027 0.995 0.370 0.958 1.000 
0.014 0.995 0.295 0.968 1.000 
0.019 0.995 0.398 0.940 1.000 
0.025 0.994 0.258 0.955 1.000 
0.016 0.996 0.222 0.963 1.000 
0.013 0.996 0.244 0.948 1.000 
0.018 0.996 0.245 0.965 1.000 
0.025 0.995 0.280 0.935 1.000 
0.013 0.996 0.257 0.955 1.000 
0.023 0.995 0.199 0.965 1.000 
0.014 0.996 0.303 0.965 1.000 
0.018 0.996 0.256 0.965 1.000 
0.020 0.994 0.253 0.970 1.000 
0.016 0.994 0.383 0.960 1.000 
0.013 0.996 0.441 0.948 1.000 
0.013 0.997 0.305 0.943 1.000 
0.020 0.992 0.347 0.925 1.000 
0.017 0.996 0.276 0.965 1.000 
0.028 0.992 0.399 0.915 1.000 
0.021 0.995 0.284 0.955 1.000 
0.011 0.997 0.319 0.958 1.000 
0.013 0.996 0.253 0.960 1.000 
0.022 0.995 0.308 0.943 1.000 
0.024 0.995 0.296 0.938 1.000 
0.020 0.996 0.222 0.953 1.000 
0.020 0.995 0.265 0.938 1.000 
0.015 0.995 0.238 0.958 1.000 
0.017 0.995 0.213 0.958 1.000 
0.018 0.994 0.380 0.930 1.000 
0.017 0.993 0.183 0.978 1.000 
0.022 0.994 0.286 0.943 1.000 
0.014 0.997 0.160 0.958 1.000 
0.012 0.995 0.243 0.950 1.000 
0.016 0.994 0.292 0.940 1.000 
0.022 0.994 0.243 0.958 1.000 
0.013 0.995 0.200 0.958 1.000 
0.010 0.997 0.172 0.963 1.000 
0.015 0.997 0.240 0.958 1.000 
0.015 0.995 0.245 0.960 1.000 
0.026 0.992 0.442 0.938 1.000 
0.020 0.994 0.437 0.932 1.000 
0.023 0.994 0.332 0.943 1.000 
0.017 0.996 0.581 0.955 1.000 
0.014 0.997 0.622 0.932 1.000 
0.025 0.994 0.614 0.943 1.000 
0.016 0.994 0.336 0.965 1.000 
0.012 0.995 0.403 0.960 1.000 
0.019 0.993 0.564 0.938 1.000 
0.018 0.996 0.454 0.930 1.000 
0.028 0.994 0.312 0.932 1.000 
0.018 0.995 0.278 0.945 1.000 
0.010 0.996 0.249 0.963 1.000 
0.030 0.994 0.436 0.968 1.000 
0.025 0.995 0.285 0.975 1.000 
0.015 0.994 0.558 0.932 1.000 
0.019 0.994 0.555 0.940 1.000 
0.019 0.996 0.400 0.945 1.000 
0.022 0.995 0.424 0.940 1.000 
0.019 0.995 0.282 0.963 1.000 
0.024 0.993 0.514 0.940 1.000 
0.016 0.993 0.631 0.940 1.000 
0.030 0.994 0.267 0.963 1.000 
0.014 0.995 0.414 0.940 1.000 
0.017 0.993 0.361 0.953 1.000 
0.022 0.994 0.364 0.965 1.000 
0.016 0.995 0.323 0.965 1.000 
0.018 0.996 0.568 0.958 1.000 
0.012 0.995 0.553 0.960 1.000 
0.023 0.993 0.493 0.953 1.000 
0.019 0.994 0.490 0.978 1.000 
0.016 0.995 0.569 0.960 1.000 
0.011 0.996 0.857 0.935 1.000 
0.015 0.997 0.486 0.943 1.000 
0.016 0.996 0.488 0.975 1.000 
0.019 0.994 0.624 0.940 1.000 
0.013 0.996 0.434 0.965 1.000 
0.013 0.996 0.657 0.955 1.000 
0.051 0.988 0.461 0.935 1.000 
0.020 0.993 0.386 0.940 1.000 
0.015 0.995 0.429 0.960 1.000 
0.022 0.994 0.176 0.960 1.000 
0.017 0.994 0.362 0.935 1.000 
0.026 0.993 0.204 0.973 1.000 
0.010 0.996 0.246 0.963 1.000 
0.016 0.996 0.323 0.940 1.000 
0.018 0.992 0.361 0.938 1.000 
0.016 0.994 0.389 0.938 1.000 
0.010 0.995 0.570 0.948 1.000 
0.016 0.995 1.541 0.927 1.000 
0.028 0.995 0.315 0.965 1.000 
0.013 0.995 0.386 0.953 1.000 
0.016 0.992 0.824 0.953 1.000 
0.057 0.996 0.226 0.948 1.000 
0.014 0.994 0.253 0.963 1.000 
0.018 0.993 0.266 0.955 1.000 
0.010 0.996 0.383 0.960 1.000 
0.016 0.994 0.300 0.958 1.000 
0.013 0.996 0.163 0.963 1.000 
0.016 0.995 0.175 0.963 1.000 
0.026 0.994 0.421 0.955 1.000 
0.021 0.997 0.342 0.958 1.000 
0.012 0.996 0.299 0.965 1.000 
0.020 0.995 0.297 0.945 1.000 
0.011 0.997 0.313 0.973 1.000 
0.013 0.996 0.358 0.973 1.000 
0.014 0.995 0.428 0.935 0.993 
0.014 0.995 0.313 0.970 1.000 
0.018 0.995 0.450 0.955 0.996 
0.029 0.994 0.266 0.965 1.000 
0.019 0.996 0.240 0.950 1.000 
0.011 0.996 0.236 0.965 1.000 
0.014 0.996 0.269 0.970 1.000 
0.014 0.996 0.437 0.922 0.961 
0.014 0.996 0.189 0.978 0.993 
0.013 0.994 0.510 0.958 0.996 
0.019 0.994 0.400 0.958 0.965 
0.009 0.996 0.371 0.940 1.000 
0.018 0.994 0.343 0.960 1.000 
0.017 0.995 0.186 0.963 1.000 
0.021 0.993 0.323 0.955 1.000 
0.013 0.995 0.261 0.970 1.000 
0.004 0.999 0.223 0.970 1.000 
0.041 0.995 0.303 0.963 1.000 
0.007 0.998 0.359 0.955 1.000 
0.029 0.993 0.229 0.978 1.000 
0.014 0.996 0.261 0.973 1.000 
0.007 0.997 0.376 0.943 1.000 
0.015 0.997 0.279 0.975 1.000 
0.021 0.994 0.321 0.958 1.000 
0.024 0.993 0.316 0.955 1.000 
0.018 0.995 0.264 0.943 1.000 
0.008 0.998 0.362 0.950 1.000 
0.014 0.995 0.259 0.953 1.000 
0.019 0.995 0.307 0.950 1.000 
0.016 0.995 0.423 0.958 1.000 
0.017 0.996 0.641 0.955 1.000 
0.013 0.997 0.579 0.935 1.000 
0.014 0.994 0.642 0.955 1.000 
0.040 0.995 0.421 0.940 1.000 
0.020 0.997 0.345 0.965 1.000 
0.008 0.997 0.281 0.980 1.000 
0.010 0.997 0.381 0.960 1.000 
0.012 0.996 0.335 0.950 1.000 
0.038 0.992 0.152 0.970 1.000 
0.013 0.995 0.335 0.955 1.000 
0.021 0.994 0.410 0.932 1.000 
0.013 0.995 0.301 0.965 1.000 
0.015 0.995 0.317 0.950 1.000 
0.018 0.995 0.208 0.965 1.000 
0.028 0.994 0.324 0.922 1.000 
0.009 0.996 0.333 0.960 1.000 
0.014 0.997 0.316 0.960 1.000 
0.014 0.996 0.288 0.945 1.000 
0.019 0.995 0.189 0.965 1.000 
0.012 0.997 0.309 0.958 1.000 
0.019 0.997 0.145 0.980 1.000 
0.010 0.997 0.156 0.963 1.000 
0.014 0.996 0.171 0.965 1.000 
0.027 0.995 0.162 0.960 1.000 
0.016 0.997 0.237 0.955 1.000 
0.011 0.996 0.251 0.960 1.000 
0.017 0.995 0.216 0.965 1.000 
0.016 0.995 0.202 0.973 1.000 
0.021 0.994 0.237 0.955 1.000 
0.016 0.996 0.167 0.965 1.000 
0.012 0.997 0.411 0.935 1.000 
0.016 0.995 0.179 0.965 1.000 
0.017 0.995 0.294 0.943 1.000 
0.023 0.994 0.240 0.965 1.000 
0.010 0.997 0.284 0.960 1.000 
0.023 0.993 0.316 0.945 1.000 
0.010 0.995 0.400 0.938 1.000 
0.013 0.996 0.227 0.965 1.000 
0.023 0.995 0.282 0.958 1.000 
0.017 0.996 0.378 0.943 1.000 
0.027 0.993 0.768 0.930 1.000 
0.021 0.995 0.588 0.958 1.000 
0.008 0.996 0.632 0.920 1.000 
0.018 0.994 0.835 0.945 1.000 
0.025 0.994 0.395 0.940 1.000 
0.020 0.996 0.295 0.950 1.000 
0.013 0.997 0.205 0.978 1.000 
0.011 0.997 0.449 0.950 1.000 
0.022 0.994 0.252 0.963 1.000 
0.015 0.996 0.449 0.950 1.000 
0.018 0.995 0.398 0.943 1.000 
0.016 0.995 0.368 0.953 1.000 
0.013 0.997 0.312 0.963 1.000 
0.023 0.993 0.530 0.963 1.000 
0.010 0.996 0.637 0.940 1.000 
0.025 0.992 0.231 0.945 1.000 
0.010 0.997 0.459 0.955 1.000 
0.012 0.996 0.312 0.935 1.000 
0.019 0.994 0.436 0.920 0.996 
0.014 0.995 0.499 0.948 1.000 
0.019 0.996 0.689 0.945 1.000 
0.024 0.995 0.425 0.960 1.000 
0.015 0.996 0.341 0.945 1.000 
0.010 0.998 0.351 0.960 1.000 
0.014 0.996 0.241 0.968 1.000 
0.008 0.996 0.350 0.950 1.000 
0.015 0.996 0.271 0.932 1.000 
0.021 0.996 0.579 0.940 1.000 
0.021 0.994 0.551 0.940 1.000 
0.024 0.993 0.663 0.930 0.996 
0.028 0.994 0.443 0.965 1.000 
0.022 0.994 0.318 0.965 1.000 
0.005 0.999 0.502 0.965 0.996 
0.019 0.997 0.429 0.953 0.996 
0.020 0.994 0.350 0.945 1.000 
0.021 0.995 0.406 0.960 1.000 
0.018 0.996 0.386 0.950 1.000 
0.012 0.997 0.451 0.945 1.000 
0.011 0.996 0.450 0.948 1.000 
0.018 0.995 0.438 0.932 1.000 
0.017 0.996 0.514 0.960 1.000 
0.017 0.996 0.384 0.958 1.000 
0.012 0.997 0.438 0.950 1.000 
0.023 0.994 0.337 0.950 1.000 
0.020 0.993 0.220 0.963 1.000 
0.034 0.991 0.547 0.907 1.000 
0.016 0.996 0.551 0.932 1.000 
0.011 0.997 0.425 0.955 1.000 
0.010 0.997 0.442 0.935 1.000 
0.011 0.996 0.433 0.950 1.000 
0.011 0.995 0.494 0.938 1.000 
0.019 0.995 0.297 0.968 1.000 
0.015 0.997 0.330 0.945 1.000 
0.017 0.995 0.327 0.955 1.000 
0.014 0.995 0.327 0.955 1.000 
0.015 0.994 0.311 0.943 1.000 
0.011 0.997 0.214 0.975 1.000 
0.017 0.996 0.478 0.930 1.000 
0.008 0.997 0.711 0.932 1.000 
0.012 0.995 0.221 0.970 1.000 
0.012 0.997 0.500 0.938 1.000 
0.019 0.994 0.357 0.938 1.000 
0.014 0.994 0.284 0.950 1.000 
0.020 0.995 0.393 0.948 1.000 
0.018 0.994 0.542 0.940 1.000 
0.015 0.994 0.417 0.953 1.000 
0.009 0.999 0.315 0.975 0.989 
0.016 0.996 0.500 0.938 1.000 
0.040 0.994 0.938 0.945 1.000 
0.028 0.996 0.625 0.960 1.000 
0.009 0.997 0.710 0.958 1.000 
0.015 0.996 0.635 0.950 1.000 
0.017 0.995 0.862 0.955 1.000 
0.012 0.996 0.792 0.938 1.000 
0.013 0.996 0.780 0.953 1.000 
0.027 0.994 0.687 0.948 1.000 
0.013 0.996 0.668 0.973 1.000 
0.014 0.996 0.923 0.953 1.000 
0.020 0.996 0.482 0.958 1.000 
0.018 0.995 0.569 0.948 1.000 
0.017 0.995 0.612 0.943 1.000 
0.009 0.997 0.668 0.960 1.000 
0.016 0.995 0.513 0.943 1.000 
0.009 0.997 0.775 0.938 0.996 
0.022 0.995 0.427 0.940 0.965 
0.014 0.996 0.669 0.945 1.000 
0.014 0.995 0.576 0.950 1.000 
0.022 0.995 0.602 0.938 1.000 
0.031 0.994 0.509 0.943 1.000 
0.014 0.996 0.508 0.955 1.000 
0.019 0.994 0.626 0.940 1.000 
0.016 0.995 0.615 0.932 1.000 
0.019 0.995 0.487 0.958 1.000 
0.013 0.996 0.671 0.945 1.000 
0.012 0.996 0.521 0.968 1.000 
0.015 0.994 0.531 0.945 1.000 
0.009 0.995 0.645 0.925 1.000 
0.014 0.997 0.540 0.943 1.000 
0.012 0.996 0.321 0.963 1.000 
0.013 0.996 0.329 0.960 1.000 
0.014 0.996 0.490 0.940 1.000 
0.010 0.996 0.634 0.938 1.000 
0.008 0.997 0.737 0.958 1.000 
0.023 0.995 0.589 0.932 1.000 
0.012 0.996 0.454 0.958 1.000 
0.015 0.994 0.468 0.940 1.000 
0.016 0.997 0.349 0.960 0.996 
0.020 0.998 0.640 0.938 1.000 
0.022 0.993 0.632 0.938 1.000 
0.020 0.995 0.435 0.958 1.000 
0.006 0.998 0.503 0.960 1.000 
0.023 0.996 0.760 0.932 1.000 
0.006 0.998 0.622 0.960 1.000 
0.010 0.996 0.737 0.955 1.000 
0.014 0.995 0.597 0.960 1.000 
0.014 0.995 0.574 0.940 1.000 
0.013 0.994 0.544 0.940 1.000 
0.017 0.994 0.951 0.948 1.000 
0.013 0.996 0.514 0.960 1.000 
0.026 0.994 0.332 0.917 1.000 
0.013 0.997 0.362 0.963 1.000 
0.012 0.997 0.364 0.960 1.000 
0.014 0.996 0.378 0.960 1.000 
0.010 0.997 0.504 0.965 1.000 
0.015 0.995 0.749 0.917 0.972 
0.013 0.996 0.442 0.958 1.000 
0.012 0.996 0.564 0.950 1.000 
0.004 0.999 0.678 0.940 1.000 
0.026 0.993 0.176 0.963 1.000 
0.010 0.997 0.390 0.958 1.000 
0.009 0.996 0.348 0.958 1.000 
0.026 0.995 0.319 0.940 1.000 
0.022 0.994 0.534 0.953 1.000 
0.020 0.994 0.628 0.960 1.000 
0.014 0.996 0.543 0.945 1.000 
0.013 0.997 0.754 0.905 1.000 
0.014 0.996 0.936 0.932 1.000 
0.017 0.995 0.710 0.935 1.000 
0.009 0.997 0.804 0.935 1.000 
0.012 0.995 0.857 0.940 1.000 
0.008 0.998 0.759 0.955 1.000 
0.011 0.995 0.570 0.945 1.000 
0.025 0.995 0.724 0.965 1.000 
0.012 0.996 0.560 0.970 1.000 
0.021 0.995 0.534 0.958 1.000 
0.012 0.997 0.759 0.932 1.000 
0.013 0.996 0.536 0.945 1.000 
0.014 0.996 0.470 0.958 1.000 
0.014 0.996 0.756 0.958 1.000 
0.020 0.996 0.226 0.973 1.000 
0.012 0.996 0.635 0.943 1.000 
0.015 0.997 0.705 0.938 1.000 
0.011 0.996 0.618 0.950 1.000 
0.016 0.996 0.556 0.948 1.000 
0.025 0.994 0.579 0.935 1.000 
0.016 0.994 0.376 0.970 1.000 
0.010 0.996 0.627 0.965 1.000 
0.012 0.996 0.607 0.973 1.000 
0.015 0.994 0.632 0.940 1.000 
0.012 0.996 0.721 0.938 0.996 
0.013 0.995 1.150 0.920 1.000 
0.011 0.995 0.729 0.955 1.000 
0.007 0.997 0.668 0.958 1.000 
0.018 0.996 0.581 0.950 1.000 
0.019 0.996 0.687 0.955 1.000 
0.019 0.993 0.758 0.953 0.989 
0.047 0.995 0.391 0.943 1.000 
0.008 0.998 0.428 0.938 1.000 
0.008 0.997 0.512 0.932 1.000 
0.007 0.997 0.342 0.960 1.000 
0.018 0.996 0.315 0.948 1.000 
0.018 0.995 0.176 0.985 1.000 
0.019 0.995 0.275 0.965 0.975 
0.018 0.994 0.242 0.965 1.000 
0.012 0.997 0.400 0.965 0.989 
0.024 0.996 0.352 0.948 0.996 
0.012 0.996 0.336 0.975 0.993 
0.010 0.996 0.330 0.965 0.996 
0.009 0.997 0.394 0.963 0.993 
0.020 0.995 0.410 0.945 0.993 
0.009 0.997 0.396 0.965 1.000 
0.017 0.996 0.257 0.950 0.993 
0.015 0.995 0.343 0.955 1.000 
0.007 0.998 0.287 0.965 1.000 
0.008 0.998 0.307 0.963 1.000 
0.018 0.995 0.337 0.978 1.000 
0.034 0.994 0.153 0.965 1.000 
0.014 0.995 0.291 0.938 1.000 
0.017 0.996 0.210 0.963 1.000 
0.011 0.996 0.308 0.940 1.000 
0.015 0.995 0.206 0.988 1.000 
0.009 0.997 0.285 0.965 1.000 
0.011 0.998 0.242 0.968 1.000 
0.011 0.997 0.345 0.948 1.000 
0.011 0.998 0.192 0.970 1.000 
0.017 0.994 0.289 0.943 1.000 
0.012 0.996 0.383 0.940 1.000 
0.009 0.998 0.268 0.968 1.000 
0.013 0.997 0.438 0.945 1.000 
0.010 0.995 0.598 0.950 1.000 
0.006 0.999 0.410 0.955 1.000 
0.014 0.996 0.319 0.975 1.000 
0.024 0.995 0.422 0.950 1.000 
0.017 0.994 0.335 0.945 1.000 
0.013 0.995 0.593 0.927 1.000 
0.025 0.995 0.528 0.917 1.000 
0.017 0.997 0.371 0.953 1.000 
0.018 0.994 0.352 0.960 1.000 
0.036 0.994 0.281 0.978 1.000 
0.012 0.996 0.333 0.945 1.000 
0.015 0.994 0.335 0.953 1.000 
0.009 0.996 0.386 0.960 1.000 
0.012 0.996 0.261 0.960 1.000 
0.006 0.998 0.336 0.960 1.000 
0.016 0.995 0.337 0.965 1.000 
0.012 0.996 0.264 0.970 1.000 
0.013 0.997 0.142 0.985 1.000 
0.014 0.995 0.411 0.943 1.000 
0.014 0.995 0.410 0.973 0.979 
0.019 0.994 0.272 0.960 1.000 
0.009 0.997 0.204 0.958 1.000 
0.017 0.996 0.198 0.948 0.996 
0.015 0.996 0.265 0.953 1.000 
0.015 0.996 0.159 0.965 1.000 
0.014 0.995 0.138 0.963 1.000 
0.016 0.995 0.201 0.963 1.000 
0.012 0.997 0.239 0.958 1.000 
0.036 0.995 0.126 0.968 1.000 
0.056 0.992 0.720 0.935 1.000 
0.011 0.997 0.928 0.938 1.000 
0.015 0.996 0.657 0.910 1.000 
0.031 0.994 0.312 0.950 1.000 
0.013 0.996 0.344 0.948 1.000 
0.009 0.997 0.319 0.950 1.000 
0.014 0.996 0.397 0.935 1.000 
0.015 0.996 0.361 0.945 1.000 
0.013 0.996 0.246 0.960 1.000 
0.010 0.996 0.352 0.945 1.000 
0.020 0.993 0.354 0.958 1.000 
0.011 0.997 0.399 0.958 1.000 
0.012 0.995 0.270 0.970 1.000 
0.012 0.998 0.444 0.948 1.000 
0.015 0.996 0.312 0.965 1.000 
0.027 0.994 0.489 0.945 1.000 
0.019 0.994 0.406 0.968 1.000 
0.013 0.996 0.377 0.963 1.000 
0.011 0.996 0.389 0.948 1.000 
0.013 0.995 0.348 0.963 1.000 
0.016 0.996 0.304 0.953 1.000 
0.011 0.995 0.374 0.965 1.000 
0.016 0.994 0.370 0.960 1.000 
0.011 0.997 0.245 0.973 1.000 
0.013 0.996 0.168 0.965 1.000 
0.029 0.993 0.302 0.965 1.000 
0.017 0.995 0.424 0.932 1.000 
0.027 0.995 0.213 0.965 1.000 
0.014 0.996 0.251 0.960 1.000 
0.015 0.996 0.240 0.958 1.000 
0.018 0.996 0.323 0.963 1.000 
0.014 0.997 0.297 0.975 1.000 
0.017 0.996 0.439 0.930 1.000 
0.013 0.996 0.369 0.948 1.000 
0.016 0.995 0.396 0.963 1.000 
0.022 0.995 0.333 0.963 1.000 
0.004 0.999 0.337 0.960 1.000 
0.012 0.996 0.294 0.973 1.000 
0.015 0.996 0.297 0.965 1.000 
0.011 0.997 0.301 0.950 1.000 
0.023 0.994 0.532 0.938 1.000 
0.024 0.992 0.311 0.958 1.000 
0.022 0.995 0.258 0.965 1.000 
0.020 0.994 0.416 0.965 1.000 
0.016 0.996 0.525 0.953 1.000 
0.016 0.998 0.714 0.950 0.989 
0.015 0.994 0.553 0.922 1.000 
0.024 0.994 0.417 0.960 1.000 
0.013 0.997 0.407 0.953 1.000 
0.018 0.994 0.398 0.960 1.000 
0.016 0.994 0.413 0.948 1.000 
0.019 0.995 0.478 0.968 1.000 
0.018 0.996 0.382 0.960 1.000 
0.015 0.995 0.336 0.948 1.000 
0.008 0.996 0.383 0.963 1.000 
0.018 0.995 0.649 0.935 1.000 
0.021 0.994 0.497 0.945 1.000 
0.012 0.997 0.527 0.960 1.000 
0.013 0.997 0.258 0.970 1.000 
0.012 0.997 0.242 0.975 1.000 
0.020 0.997 0.410 0.958 1.000 
0.005 0.998 0.398 0.960 1.000 
0.018 0.994 0.301 0.975 1.000 
0.015 0.996 0.150 0.958 1.000 
0.018 0.995 0.193 0.945 1.000 
0.009 0.996 0.561 0.970 1.000 
0.007 0.997 1.060 0.915 0.982 
0.026 0.993 0.356 0.955 1.000 
0.011 0.997 0.400 0.945 1.000 
0.015 0.996 0.094 0.983 1.000 
0.013 0.996 0.379 0.958 1.000 
0.014 0.995 0.150 0.973 1.000 
0.012 0.997 0.273 0.965 1.000 
0.013 0.996 0.383 0.938 1.000 
0.013 0.995 0.192 0.970 1.000 
0.012 0.995 0.469 0.945 1.000 
0.023 0.992 0.259 0.965 1.000 
0.012 0.997 0.363 0.950 1.000 
0.009 0.997 0.207 0.980 1.000 
0.018 0.995 0.350 0.940 1.000 
0.011 0.997 0.412 0.963 1.000 
0.012 0.997 0.237 0.965 1.000 
0.010 0.996 0.407 0.940 1.000 
0.013 0.995 0.409 0.943 1.000 
0.015 0.996 0.206 0.963 1.000 
0.027 0.993 0.873 0.975 1.000 
0.036 0.993 0.330 0.978 1.000 
0.015 0.997 0.409 0.963 1.000 
0.012 0.997 0.362 0.973 1.000 
0.038 0.993 0.162 0.958 1.000 
0.022 0.995 0.153 0.958 1.000 
0.011 0.997 0.135 0.973 1.000 
0.010 0.998 0.156 0.970 1.000 
0.018 0.995 0.296 0.948 1.000 
0.006 0.997 0.271 0.970 1.000 
0.014 0.997 0.194 0.970 1.000 
0.008 0.998 0.291 0.973 1.000 
0.019 0.994 0.580 0.930 1.000 
0.017 0.995 0.295 0.963 1.000 
0.008 0.996 0.441 0.960 1.000 
0.017 0.993 0.323 0.958 1.000 
0.018 0.998 0.201 0.958 1.000 
0.005 0.999 0.240 0.953 1.000 
0.017 0.996 0.203 0.975 1.000 
0.009 0.998 0.276 0.960 1.000 
0.010 0.997 0.307 0.983 1.000 
0.023 0.994 0.544 0.963 1.000 
0.017 0.996 0.457 0.958 1.000 
0.013 0.996 0.542 0.955 1.000 
0.010 0.996 0.437 0.970 1.000 
0.018 0.994 0.373 0.958 1.000 
0.015 0.996 0.229 0.968 1.000 
0.008 0.997 0.373 0.973 1.000 
0.011 0.996 0.334 0.975 1.000 
0.007 0.998 0.292 0.975 1.000 
0.009 0.997 0.202 0.985 1.000 
0.025 0.994 0.279 0.955 1.000 
0.017 0.994 0.187 0.963 1.000 
0.017 0.996 0.318 0.950 1.000 
0.015 0.996 0.239 0.963 1.000 
0.015 0.994 0.363 0.953 1.000 
0.010 0.997 0.286 0.960 1.000 
0.024 0.995 0.210 0.960 1.000 
0.015 0.995 0.211 0.960 1.000 
0.007 0.998 0.852 0.912 1.000 
0.018 0.995 0.355 0.948 1.000 
0.012 0.996 0.192 0.978 1.000 
0.015 0.996 0.234 0.945 1.000 
0.015 0.995 0.201 0.963 1.000 
0.050 0.993 0.277 0.950 1.000 
0.011 0.996 0.324 0.978 1.000 
0.012 0.997 0.270 0.973 1.000 
0.018 0.995 0.438 0.940 1.000 
0.024 0.994 0.445 0.970 1.000 
0.010 0.997 0.474 0.960 1.000 
0.021 0.996 0.364 0.950 1.000 
0.015 0.995 0.401 0.978 1.000 
0.004 0.999 0.591 0.960 1.000 
0.010 0.998 0.287 0.978 1.000 
0.011 0.997 0.473 0.958 1.000 
0.022 0.992 0.520 0.955 1.000 
0.016 0.995 0.159 0.985 1.000 
0.013 0.995 0.484 0.960 1.000 
0.019 0.994 0.164 0.968 1.000 
0.015 0.995 0.316 0.960 1.000 
0.026 0.996 0.216 0.955 1.000 
