0.348 0.856 0.225 0.917 0.969 
0.232 0.905 0.192 0.927 0.940 
0.161 0.944 0.109 0.968 1.000 
0.164 0.945 0.137 0.953 0.987 
0.123 0.956 0.118 0.965 1.000 
0.128 0.949 0.149 0.940 1.000 
0.098 0.965 0.107 0.963 0.997 
0.117 0.965 0.110 0.970 1.000 
0.099 0.964 0.137 0.945 0.978 
0.096 0.969 0.133 0.948 0.994 
0.085 0.969 0.100 0.973 0.868 
0.105 0.968 0.098 0.973 1.000 
0.096 0.970 0.087 0.980 1.000 
0.090 0.974 0.092 0.973 1.000 
0.084 0.977 0.120 0.953 1.000 
0.085 0.968 0.115 0.945 1.000 
0.079 0.973 0.102 0.960 1.000 
0.079 0.971 0.111 0.955 1.000 
0.066 0.980 0.102 0.973 1.000 
0.087 0.968 0.085 0.973 1.000 
0.070 0.979 0.084 0.973 0.670 
0.067 0.980 0.087 0.980 1.000 
0.059 0.981 0.089 0.975 1.000 
0.066 0.977 0.105 0.975 0.991 
0.064 0.980 0.085 0.978 0.994 
0.058 0.981 0.091 0.970 1.000 
0.058 0.985 0.076 0.980 1.000 
0.081 0.976 0.071 0.980 0.997 
0.061 0.982 0.115 0.958 1.000 
0.068 0.980 0.065 0.983 1.000 
0.051 0.987 0.095 0.968 0.997 
0.063 0.980 0.068 0.978 1.000 
0.056 0.986 0.083 0.978 1.000 
0.056 0.984 0.089 0.973 1.000 
0.056 0.981 0.083 0.975 1.000 
0.061 0.979 0.145 0.958 1.000 
0.046 0.988 0.082 0.978 0.893 
0.045 0.990 0.070 0.983 0.997 
0.051 0.983 0.126 0.965 1.000 
0.075 0.976 0.077 0.980 1.000 
0.046 0.986 0.080 0.973 1.000 
0.043 0.989 0.094 0.965 1.000 
0.043 0.988 0.120 0.965 1.000 
0.051 0.986 0.075 0.975 1.000 
0.047 0.986 0.079 0.970 1.000 
0.045 0.985 0.075 0.978 1.000 
0.060 0.984 0.068 0.980 1.000 
0.046 0.984 0.069 0.983 1.000 
0.054 0.983 0.076 0.980 1.000 
0.046 0.985 0.059 0.983 1.000 
0.038 0.988 0.073 0.978 1.000 
0.056 0.981 0.086 0.968 1.000 
0.043 0.985 0.074 0.973 1.000 
0.041 0.988 0.065 0.983 1.000 
0.043 0.989 0.102 0.970 1.000 
0.052 0.985 0.068 0.978 1.000 
0.045 0.985 0.071 0.978 1.000 
0.043 0.988 0.083 0.975 1.000 
0.052 0.983 0.065 0.983 1.000 
0.049 0.985 0.079 0.973 1.000 
0.038 0.989 0.080 0.975 1.000 
0.042 0.988 0.081 0.968 1.000 
0.050 0.983 0.073 0.978 1.000 
0.034 0.989 0.078 0.973 1.000 
0.039 0.987 0.082 0.970 1.000 
0.037 0.991 0.065 0.978 0.991 
0.041 0.987 0.073 0.973 1.000 
0.050 0.985 0.091 0.975 1.000 
0.036 0.991 0.068 0.978 1.000 
0.040 0.989 0.076 0.983 1.000 
0.025 0.994 0.089 0.973 1.000 
0.053 0.984 0.075 0.978 1.000 
0.039 0.986 0.082 0.978 1.000 
0.039 0.991 0.060 0.975 1.000 
0.042 0.990 0.067 0.978 1.000 
0.038 0.988 0.109 0.968 1.000 
0.039 0.991 0.068 0.973 1.000 
0.033 0.992 0.101 0.968 1.000 
0.054 0.986 0.078 0.975 1.000 
0.035 0.993 0.071 0.975 1.000 
0.037 0.989 0.108 0.963 1.000 
0.039 0.989 0.096 0.970 1.000 
0.030 0.989 0.086 0.973 1.000 
0.036 0.989 0.073 0.978 0.994 
0.031 0.991 0.079 0.980 0.981 
0.047 0.983 0.063 0.978 1.000 
0.032 0.988 0.075 0.973 1.000 
0.028 0.993 0.067 0.978 1.000 
0.028 0.992 0.073 0.978 1.000 
0.039 0.990 0.059 0.983 1.000 
0.034 0.991 0.050 0.988 1.000 
0.028 0.992 0.063 0.978 1.000 
0.033 0.993 0.059 0.983 1.000 
0.029 0.992 0.062 0.983 1.000 
0.036 0.991 0.063 0.983 1.000 
0.028 0.992 0.073 0.973 1.000 
0.038 0.991 0.075 0.975 0.994 
0.038 0.990 0.070 0.973 0.997 
0.035 0.991 0.061 0.983 0.997 
0.032 0.992 0.129 0.960 1.000 
0.038 0.990 0.070 0.975 0.991 
0.030 0.991 0.104 0.963 1.000 
0.036 0.991 0.069 0.973 1.000 
0.030 0.991 0.145 0.965 1.000 
0.019 0.994 0.086 0.970 0.991 
0.041 0.985 0.076 0.978 0.972 
0.029 0.990 0.066 0.975 1.000 
0.040 0.984 0.088 0.973 1.000 
0.041 0.990 0.060 0.983 1.000 
0.042 0.989 0.068 0.978 1.000 
0.034 0.991 0.074 0.978 1.000 
0.027 0.991 0.057 0.983 1.000 
0.038 0.992 0.072 0.978 1.000 
0.027 0.992 0.059 0.985 1.000 
0.029 0.992 0.067 0.978 1.000 
0.031 0.992 0.075 0.978 1.000 
0.023 0.994 0.089 0.978 1.000 
0.036 0.992 0.070 0.980 0.991 
0.025 0.995 0.063 0.980 1.000 
0.027 0.994 0.070 0.975 0.987 
0.025 0.995 0.055 0.988 0.994 
0.037 0.989 0.048 0.985 1.000 
0.026 0.994 0.058 0.980 1.000 
0.022 0.994 0.061 0.983 0.997 
0.034 0.991 0.105 0.973 1.000 
0.038 0.988 0.076 0.978 0.991 
0.035 0.991 0.064 0.978 1.000 
0.021 0.994 0.072 0.983 1.000 
0.028 0.993 0.060 0.980 0.994 
0.032 0.990 0.075 0.978 1.000 
0.030 0.992 0.066 0.985 1.000 
0.028 0.994 0.045 0.993 1.000 
0.039 0.991 0.063 0.980 0.997 
0.029 0.992 0.116 0.955 0.947 
0.037 0.990 0.055 0.985 1.000 
0.019 0.995 0.073 0.983 0.912 
0.025 0.994 0.071 0.980 0.981 
0.028 0.993 0.063 0.980 0.991 
0.028 0.994 0.098 0.960 0.994 
0.030 0.992 0.065 0.983 0.997 
0.041 0.988 0.074 0.978 1.000 
0.029 0.992 0.059 0.985 1.000 
0.029 0.992 0.095 0.975 0.991 
0.032 0.992 0.064 0.983 1.000 
0.034 0.989 0.076 0.973 0.997 
0.034 0.989 0.081 0.978 1.000 
0.035 0.991 0.067 0.975 1.000 
0.031 0.992 0.070 0.975 1.000 
0.039 0.989 0.057 0.983 1.000 
0.025 0.993 0.078 0.978 0.997 
0.029 0.991 0.057 0.983 1.000 
0.027 0.991 0.086 0.970 0.984 
0.027 0.992 0.060 0.980 0.997 
0.027 0.993 0.057 0.980 0.997 
0.025 0.993 0.074 0.983 1.000 
0.027 0.993 0.053 0.985 1.000 
0.032 0.992 0.062 0.983 1.000 
0.028 0.992 0.055 0.988 1.000 
0.031 0.994 0.054 0.985 1.000 
0.026 0.992 0.072 0.980 1.000 
0.022 0.993 0.064 0.978 1.000 
0.031 0.991 0.081 0.975 0.994 
0.031 0.992 0.066 0.983 1.000 
0.027 0.994 0.096 0.968 1.000 
0.030 0.992 0.070 0.978 1.000 
0.036 0.988 0.059 0.980 1.000 
0.023 0.994 0.061 0.985 1.000 
0.026 0.993 0.056 0.985 0.997 
0.033 0.992 0.068 0.973 1.000 
0.022 0.992 0.068 0.978 1.000 
0.024 0.995 0.089 0.970 0.997 
0.024 0.995 0.057 0.983 1.000 
0.025 0.993 0.104 0.968 1.000 
0.020 0.993 0.067 0.980 1.000 
0.021 0.995 0.068 0.980 1.000 
0.027 0.993 0.056 0.985 1.000 
0.020 0.995 0.078 0.978 1.000 
0.028 0.992 0.070 0.983 1.000 
0.026 0.995 0.068 0.973 1.000 
0.032 0.993 0.073 0.973 1.000 
0.033 0.993 0.079 0.970 1.000 
0.030 0.992 0.074 0.975 0.997 
0.021 0.994 0.072 0.978 0.997 
0.026 0.991 0.051 0.980 1.000 
0.024 0.992 0.064 0.980 1.000 
0.021 0.996 0.049 0.988 1.000 
0.024 0.993 0.055 0.983 1.000 
0.024 0.994 0.054 0.990 1.000 
0.026 0.991 0.081 0.973 1.000 
0.031 0.992 0.114 0.965 1.000 
0.029 0.991 0.038 0.993 1.000 
0.027 0.995 0.085 0.973 1.000 
0.039 0.989 0.057 0.983 1.000 
0.030 0.991 0.078 0.970 1.000 
0.030 0.993 0.060 0.975 1.000 
0.026 0.995 0.065 0.980 1.000 
0.034 0.992 0.094 0.965 1.000 
0.023 0.995 0.090 0.965 1.000 
0.026 0.992 0.080 0.973 1.000 
0.032 0.993 0.064 0.978 1.000 
0.018 0.994 0.060 0.983 1.000 
0.025 0.992 0.057 0.983 1.000 
0.031 0.992 0.061 0.985 0.994 
0.018 0.995 0.063 0.985 1.000 
0.026 0.991 0.079 0.973 1.000 
0.027 0.991 0.104 0.963 1.000 
0.029 0.992 0.099 0.973 1.000 
0.027 0.993 0.100 0.968 1.000 
0.021 0.993 0.055 0.985 1.000 
0.025 0.994 0.063 0.985 1.000 
0.021 0.995 0.069 0.973 1.000 
0.029 0.992 0.088 0.973 0.991 
0.026 0.992 0.152 0.953 1.000 
0.041 0.990 0.102 0.973 0.997 
0.027 0.994 0.074 0.980 1.000 
0.022 0.995 0.063 0.985 1.000 
0.030 0.992 0.052 0.985 1.000 
0.019 0.994 0.102 0.975 1.000 
0.025 0.994 0.059 0.985 1.000 
0.022 0.994 0.083 0.970 0.997 
0.025 0.990 0.078 0.975 0.984 
0.026 0.993 0.078 0.973 1.000 
0.023 0.995 0.056 0.988 0.997 
0.029 0.991 0.073 0.973 1.000 
0.017 0.996 0.061 0.983 1.000 
0.025 0.994 0.108 0.973 0.994 
0.036 0.990 0.095 0.985 0.997 
0.036 0.989 0.045 0.990 1.000 
0.028 0.990 0.066 0.978 1.000 
0.027 0.993 0.092 0.968 1.000 
0.024 0.993 0.066 0.978 1.000 
0.026 0.994 0.087 0.978 1.000 
0.018 0.994 0.066 0.988 1.000 
0.038 0.989 0.071 0.980 1.000 
0.022 0.993 0.078 0.978 1.000 
0.030 0.993 0.109 0.968 0.965 
0.024 0.994 0.050 0.988 1.000 
0.019 0.996 0.064 0.978 1.000 
0.028 0.991 0.064 0.980 1.000 
0.018 0.997 0.056 0.985 1.000 
0.033 0.990 0.053 0.985 1.000 
0.025 0.993 0.078 0.983 0.997 
0.024 0.995 0.074 0.973 1.000 
0.027 0.991 0.061 0.983 1.000 
0.034 0.992 0.061 0.983 1.000 
0.028 0.994 0.088 0.975 0.997 
0.026 0.992 0.052 0.988 1.000 
0.017 0.995 0.063 0.985 1.000 
0.022 0.993 0.083 0.978 0.849 
0.022 0.993 0.090 0.980 1.000 
0.022 0.994 0.070 0.978 1.000 
0.027 0.992 0.074 0.975 1.000 
0.020 0.993 0.079 0.973 1.000 
0.029 0.993 0.095 0.968 0.994 
0.038 0.991 0.084 0.968 1.000 
0.025 0.992 0.084 0.985 1.000 
0.021 0.995 0.097 0.973 1.000 
0.030 0.991 0.080 0.975 0.987 
0.032 0.991 0.062 0.985 1.000 
0.028 0.994 0.068 0.975 0.991 
0.021 0.994 0.113 0.970 0.997 
0.053 0.993 0.072 0.970 1.000 
0.024 0.993 0.054 0.988 1.000 
0.034 0.992 0.088 0.980 0.994 
0.018 0.996 0.072 0.973 1.000 
0.018 0.995 0.094 0.975 1.000 
0.025 0.993 0.057 0.985 1.000 
0.020 0.995 0.078 0.973 1.000 
0.031 0.990 0.068 0.975 1.000 
0.025 0.993 0.073 0.973 1.000 
0.029 0.993 0.087 0.968 0.994 
0.031 0.994 0.064 0.978 1.000 
0.012 0.995 0.057 0.985 1.000 
0.025 0.991 0.060 0.983 1.000 
0.036 0.996 0.049 0.988 1.000 
0.025 0.993 0.085 0.975 1.000 
0.032 0.993 0.094 0.973 1.000 
0.027 0.995 0.076 0.978 1.000 
0.027 0.993 0.062 0.983 1.000 
0.021 0.995 0.067 0.983 1.000 
0.022 0.992 0.101 0.965 1.000 
0.021 0.994 0.054 0.983 1.000 
0.033 0.992 0.072 0.973 1.000 
0.018 0.995 0.069 0.973 1.000 
0.025 0.993 0.068 0.975 1.000 
0.026 0.993 0.105 0.955 1.000 
0.022 0.995 0.071 0.983 1.000 
0.019 0.995 0.092 0.965 0.997 
0.019 0.996 0.078 0.983 1.000 
0.025 0.993 0.069 0.985 1.000 
0.020 0.993 0.072 0.975 1.000 
0.031 0.994 0.133 0.968 1.000 
0.027 0.993 0.064 0.983 1.000 
0.019 0.994 0.093 0.973 0.978 
0.021 0.993 0.070 0.983 1.000 
0.023 0.990 0.061 0.985 1.000 
0.022 0.995 0.067 0.975 1.000 
0.016 0.996 0.111 0.968 0.994 
0.020 0.994 0.079 0.980 0.997 
0.029 0.991 0.068 0.980 1.000 
0.018 0.995 0.093 0.968 1.000 
0.026 0.993 0.068 0.978 1.000 
0.026 0.991 0.059 0.985 1.000 
0.022 0.995 0.056 0.985 1.000 
0.027 0.991 0.085 0.978 1.000 
0.027 0.994 0.076 0.978 1.000 
0.024 0.993 0.087 0.965 1.000 
0.013 0.997 0.077 0.973 1.000 
0.035 0.992 0.105 0.965 1.000 
0.021 0.994 0.077 0.985 1.000 
0.018 0.995 0.104 0.958 1.000 
0.019 0.993 0.071 0.983 1.000 
0.022 0.993 0.479 0.938 0.997 
0.034 0.992 0.113 0.965 1.000 
0.023 0.994 0.091 0.973 0.987 
0.019 0.994 0.077 0.980 0.987 
0.017 0.995 0.074 0.983 1.000 
0.029 0.993 0.058 0.985 0.994 
0.021 0.993 0.062 0.985 1.000 
0.015 0.995 0.062 0.983 1.000 
0.024 0.993 0.080 0.973 1.000 
0.021 0.994 0.112 0.968 1.000 
0.021 0.994 0.066 0.980 1.000 
0.021 0.993 0.061 0.983 1.000 
0.019 0.994 0.082 0.973 1.000 
0.018 0.995 0.057 0.985 1.000 
0.031 0.993 0.095 0.960 1.000 
0.018 0.994 0.126 0.978 0.994 
0.032 0.993 0.083 0.975 0.997 
0.030 0.991 0.059 0.985 1.000 
0.020 0.995 0.058 0.985 1.000 
0.028 0.992 0.073 0.978 1.000 
0.028 0.991 0.141 0.950 0.978 
0.025 0.991 0.073 0.975 1.000 
0.017 0.993 0.086 0.985 0.997 
0.029 0.994 0.049 0.990 1.000 
0.026 0.994 0.073 0.978 0.994 
0.016 0.994 0.075 0.978 0.994 
0.016 0.995 0.064 0.983 1.000 
0.030 0.992 0.051 0.985 1.000 
0.012 0.994 0.146 0.985 1.000 
0.019 0.995 0.078 0.973 1.000 
0.016 0.995 0.114 0.965 0.994 
0.026 0.993 0.076 0.978 0.994 
0.015 0.996 0.076 0.985 1.000 
0.023 0.994 0.095 0.970 1.000 
0.017 0.996 0.081 0.983 1.000 
0.014 0.997 0.069 0.988 1.000 
0.022 0.995 0.068 0.978 1.000 
0.052 0.991 0.076 0.985 1.000 
0.015 0.995 0.066 0.983 1.000 
0.022 0.995 0.068 0.978 1.000 
0.022 0.994 0.061 0.980 1.000 
0.013 0.997 0.069 0.980 1.000 
0.029 0.990 0.093 0.983 1.000 
0.019 0.994 0.068 0.980 1.000 
0.023 0.993 0.052 0.985 1.000 
0.024 0.994 0.130 0.973 1.000 
0.030 0.992 0.076 0.983 1.000 
0.031 0.992 0.103 0.978 1.000 
0.029 0.992 0.060 0.983 1.000 
0.022 0.995 0.074 0.978 1.000 
0.021 0.992 0.109 0.983 0.997 
0.021 0.995 0.066 0.990 1.000 
0.025 0.994 0.060 0.983 1.000 
0.018 0.994 0.073 0.985 0.997 
0.023 0.994 0.089 0.983 1.000 
0.033 0.992 0.099 0.968 0.997 
0.020 0.994 0.052 0.985 0.997 
0.029 0.992 0.083 0.980 1.000 
0.014 0.997 0.254 0.958 1.000 
0.023 0.992 0.097 0.985 0.997 
0.018 0.994 0.110 0.980 1.000 
0.029 0.994 0.069 0.983 1.000 
0.013 0.996 0.058 0.985 1.000 
0.020 0.992 0.104 0.975 0.997 
0.019 0.994 0.114 0.973 1.000 
0.017 0.994 0.095 0.983 1.000 
0.023 0.992 0.063 0.983 1.000 
0.026 0.991 0.115 0.963 1.000 
0.014 0.995 0.075 0.983 1.000 
0.014 0.995 0.069 0.983 1.000 
0.019 0.996 0.055 0.983 1.000 
0.019 0.995 0.186 0.943 0.997 
0.026 0.993 0.093 0.978 1.000 
0.013 0.997 0.077 0.980 1.000 
0.024 0.996 0.056 0.988 1.000 
0.023 0.991 0.067 0.980 0.991 
0.019 0.996 0.076 0.973 0.997 
0.018 0.994 0.086 0.975 0.997 
0.031 0.993 0.095 0.968 0.997 
0.032 0.992 0.092 0.978 1.000 
0.019 0.994 0.082 0.980 1.000 
0.018 0.995 0.077 0.980 1.000 
0.023 0.993 0.161 0.955 1.000 
0.024 0.994 0.098 0.970 1.000 
0.024 0.992 0.096 0.970 0.997 
0.018 0.996 0.081 0.983 1.000 
0.023 0.992 0.130 0.943 0.994 
0.015 0.995 0.083 0.978 1.000 
0.021 0.993 0.071 0.980 1.000 
0.016 0.995 0.060 0.980 1.000 
0.021 0.995 0.176 0.983 1.000 
0.064 0.992 0.102 0.973 0.987 
0.021 0.993 0.071 0.983 1.000 
0.023 0.992 0.115 0.980 0.991 
0.026 0.993 0.082 0.978 0.991 
0.020 0.993 0.071 0.985 1.000 
0.023 0.994 0.150 0.953 0.991 
0.016 0.995 0.103 0.980 1.000 
0.030 0.992 0.078 0.980 1.000 
0.010 0.997 0.060 0.985 1.000 
0.010 0.996 0.102 0.983 1.000 
0.021 0.993 0.052 0.983 1.000 
0.022 0.994 0.046 0.985 1.000 
0.023 0.993 0.073 0.983 0.997 
0.022 0.993 0.085 0.975 1.000 
0.023 0.995 0.066 0.983 1.000 
0.023 0.995 0.081 0.983 1.000 
0.017 0.994 0.049 0.985 1.000 
0.017 0.995 0.050 0.985 1.000 
0.031 0.997 0.123 0.975 1.000 
0.016 0.994 0.127 0.970 1.000 
0.015 0.994 0.117 0.970 0.997 
0.032 0.993 0.076 0.983 0.997 
0.014 0.996 0.118 0.973 1.000 
0.022 0.993 0.050 0.988 1.000 
0.021 0.994 0.080 0.978 0.997 
0.016 0.994 0.085 0.983 1.000 
0.023 0.993 0.153 0.980 1.000 
0.039 0.989 0.070 0.983 1.000 
0.014 0.996 0.085 0.980 1.000 
0.024 0.992 0.080 0.973 1.000 
0.027 0.995 0.097 0.965 0.994 
0.025 0.993 0.072 0.973 1.000 
0.023 0.993 0.087 0.978 1.000 
0.024 0.992 0.101 0.973 1.000 
0.024 0.994 0.066 0.980 1.000 
0.019 0.996 0.096 0.965 1.000 
0.015 0.998 0.075 0.983 1.000 
0.024 0.993 0.099 0.970 1.000 
0.015 0.996 0.201 0.943 1.000 
0.015 0.995 0.099 0.978 1.000 
0.018 0.995 0.135 0.978 0.997 
0.016 0.996 0.083 0.975 1.000 
0.019 0.992 0.059 0.988 0.994 
0.014 0.995 0.094 0.985 1.000 
0.039 0.993 0.077 0.978 0.997 
0.019 0.995 0.047 0.985 1.000 
0.017 0.993 0.086 0.978 1.000 
0.018 0.993 0.098 0.965 1.000 
0.020 0.993 0.100 0.978 0.997 
0.016 0.996 0.060 0.985 1.000 
0.026 0.994 0.074 0.978 1.000 
0.019 0.994 0.086 0.983 1.000 
0.010 0.998 0.076 0.985 1.000 
0.013 0.995 0.091 0.978 1.000 
0.020 0.995 0.096 0.980 0.997 
0.031 0.993 0.079 0.980 1.000 
0.023 0.994 0.057 0.983 1.000 
0.020 0.992 0.113 0.970 1.000 
0.017 0.994 0.070 0.985 0.997 
0.013 0.997 0.127 0.973 1.000 
0.030 0.994 0.058 0.985 1.000 
0.023 0.995 0.075 0.978 0.997 
0.009 0.998 0.103 0.968 1.000 
0.028 0.992 0.084 0.975 0.997 
0.022 0.994 0.060 0.983 1.000 
0.019 0.993 0.067 0.980 1.000 
0.020 0.993 0.075 0.975 1.000 
0.035 0.994 0.072 0.983 0.987 
0.015 0.994 0.109 0.975 1.000 
0.023 0.995 0.083 0.980 0.997 
0.024 0.994 0.077 0.975 1.000 
0.024 0.994 0.161 0.940 0.925 
0.018 0.992 0.101 0.985 1.000 
0.019 0.996 0.145 0.940 1.000 
0.019 0.995 0.111 0.975 1.000 
0.023 0.994 0.141 0.963 1.000 
0.013 0.995 0.125 0.963 1.000 
0.012 0.996 0.057 0.985 1.000 
0.021 0.995 0.062 0.983 0.997 
0.019 0.992 0.049 0.985 1.000 
0.010 0.997 0.084 0.973 1.000 
0.014 0.996 0.073 0.980 1.000 
0.018 0.994 0.072 0.983 1.000 
0.030 0.991 0.106 0.973 0.997 
0.030 0.990 0.071 0.978 1.000 
0.011 0.996 0.134 0.975 0.994 
0.016 0.997 0.082 0.978 0.997 
0.027 0.995 0.060 0.983 1.000 
0.019 0.995 0.055 0.983 1.000 
0.028 0.991 0.109 0.960 1.000 
0.023 0.993 0.084 0.978 1.000 
0.016 0.996 0.056 0.985 1.000 
0.018 0.995 0.063 0.978 1.000 
0.024 0.994 0.075 0.983 1.000 
0.018 0.996 0.161 0.943 0.994 
0.021 0.992 0.072 0.983 1.000 
0.028 0.994 0.074 0.980 1.000 
0.018 0.994 0.053 0.983 1.000 
0.018 0.995 0.072 0.985 1.000 
0.017 0.995 0.079 0.983 1.000 
0.018 0.995 0.092 0.983 1.000 
0.038 0.993 0.104 0.965 0.981 
0.021 0.994 0.077 0.978 1.000 
0.020 0.996 0.103 0.980 1.000 
0.018 0.996 0.050 0.985 1.000 
0.017 0.995 0.057 0.985 1.000 
0.013 0.995 0.096 0.975 1.000 
0.046 0.992 0.105 0.965 1.000 
0.019 0.994 0.097 0.968 1.000 
0.014 0.995 0.090 0.970 1.000 
0.018 0.994 0.084 0.978 1.000 
0.012 0.998 0.044 0.985 1.000 
0.011 0.996 0.074 0.983 1.000 
0.018 0.994 0.092 0.980 1.000 
0.029 0.993 0.063 0.983 1.000 
0.016 0.995 0.067 0.983 1.000 
0.016 0.995 0.097 0.960 1.000 
0.020 0.995 0.108 0.960 0.947 
0.022 0.995 0.047 0.988 1.000 
0.018 0.995 0.045 0.988 1.000 
0.013 0.997 0.058 0.983 1.000 
0.029 0.992 0.079 0.983 1.000 
0.019 0.996 0.123 0.975 1.000 
0.023 0.994 0.094 0.978 1.000 
0.014 0.996 0.101 0.983 1.000 
0.020 0.994 0.069 0.983 1.000 
0.023 0.995 0.065 0.988 1.000 
0.015 0.996 0.058 0.985 1.000 
0.018 0.996 0.094 0.968 0.997 
0.014 0.996 0.091 0.970 1.000 
0.024 0.994 0.059 0.985 1.000 
0.013 0.995 0.103 0.985 1.000 
0.018 0.995 0.106 0.968 0.997 
0.018 0.994 0.138 0.973 1.000 
0.029 0.994 0.050 0.985 0.997 
0.021 0.993 0.059 0.983 1.000 
0.015 0.994 0.117 0.965 1.000 
0.029 0.994 0.092 0.973 0.991 
0.016 0.995 0.075 0.983 1.000 
0.009 0.996 0.071 0.983 1.000 
0.026 0.992 0.136 0.945 0.997 
0.016 0.996 0.153 0.965 0.994 
0.017 0.993 0.104 0.973 1.000 
0.012 0.996 0.140 0.975 0.997 
0.009 0.995 0.117 0.983 1.000 
0.027 0.996 0.061 0.983 1.000 
0.023 0.993 0.094 0.985 0.997 
0.018 0.994 0.096 0.973 0.997 
0.019 0.995 0.141 0.958 0.997 
0.015 0.995 0.074 0.983 1.000 
0.010 0.997 0.063 0.985 1.000 
0.017 0.996 0.061 0.988 1.000 
0.021 0.994 0.127 0.960 0.997 
0.012 0.996 0.096 0.985 1.000 
0.017 0.995 0.091 0.965 1.000 
0.039 0.993 0.110 0.973 0.997 
0.026 0.994 0.077 0.983 1.000 
0.012 0.994 0.093 0.980 1.000 
0.016 0.995 0.097 0.983 1.000 
0.011 0.995 0.144 0.963 0.997 
0.028 0.993 0.076 0.983 1.000 
0.027 0.995 0.066 0.983 1.000 
0.016 0.995 0.073 0.983 1.000 
0.015 0.994 0.095 0.983 1.000 
0.016 0.995 0.109 0.968 0.997 
0.017 0.994 0.155 0.983 1.000 
0.022 0.995 0.052 0.985 1.000 
0.025 0.995 0.071 0.983 0.997 
0.012 0.996 0.081 0.983 1.000 
0.016 0.995 0.094 0.975 0.997 
0.012 0.996 0.090 0.983 0.997 
0.016 0.995 0.059 0.985 1.000 
0.036 0.991 0.066 0.983 0.997 
0.010 0.996 0.113 0.965 0.997 
0.022 0.994 0.072 0.983 0.997 
0.014 0.997 0.069 0.980 0.997 
0.012 0.997 0.087 0.978 0.997 
0.022 0.992 0.216 0.968 0.997 
0.024 0.995 0.074 0.978 0.997 
0.024 0.993 0.103 0.975 0.997 
0.012 0.995 0.071 0.983 0.994 
0.013 0.994 0.072 0.985 0.997 
0.011 0.997 0.054 0.985 0.997 
0.014 0.994 0.076 0.985 0.994 
0.021 0.993 0.077 0.983 0.997 
0.021 0.993 0.061 0.985 0.997 
0.022 0.993 0.123 0.955 0.987 
0.012 0.997 0.108 0.983 0.994 
0.021 0.993 0.087 0.985 1.000 
0.014 0.996 0.154 0.963 0.984 
0.025 0.996 0.103 0.970 0.994 
0.022 0.994 0.095 0.975 0.997 
0.015 0.996 0.056 0.985 1.000 
0.022 0.994 0.077 0.983 0.997 
0.014 0.996 0.120 0.975 0.997 
0.018 0.995 0.119 0.970 0.987 
0.010 0.998 0.123 0.980 0.997 
0.017 0.994 0.100 0.975 0.997 
0.013 0.996 0.088 0.983 1.000 
0.021 0.995 0.061 0.980 0.994 
0.016 0.997 0.070 0.975 1.000 
0.014 0.996 0.075 0.980 0.997 
0.017 0.994 0.101 0.965 0.997 
0.016 0.996 0.105 0.973 0.997 
0.020 0.994 0.101 0.983 0.997 
0.016 0.995 0.120 0.968 0.997 
0.025 0.996 0.081 0.973 1.000 
0.017 0.995 0.085 0.980 0.997 
0.016 0.995 0.075 0.985 1.000 
0.014 0.996 0.073 0.983 1.000 
0.023 0.995 0.066 0.983 0.997 
0.034 0.993 0.226 0.915 0.969 
0.030 0.991 0.121 0.965 1.000 
0.023 0.996 0.105 0.965 1.000 
0.017 0.994 0.059 0.985 1.000 
0.015 0.994 0.051 0.990 1.000 
0.014 0.997 0.084 0.983 0.994 
0.011 0.996 0.093 0.983 0.997 
0.021 0.994 0.101 0.980 1.000 
0.011 0.996 0.056 0.988 1.000 
0.018 0.994 0.108 0.970 1.000 
0.015 0.995 0.066 0.985 1.000 
0.010 0.996 0.096 0.973 1.000 
0.011 0.995 0.134 0.975 0.997 
0.021 0.994 0.065 0.985 1.000 
0.015 0.996 0.077 0.983 1.000 
0.015 0.996 0.075 0.985 0.997 
0.016 0.995 0.075 0.985 1.000 
0.024 0.997 0.047 0.985 1.000 
0.023 0.997 0.083 0.975 1.000 
0.021 0.995 0.054 0.985 0.997 
0.019 0.995 0.054 0.985 1.000 
0.014 0.995 0.100 0.970 0.987 
0.013 0.997 0.094 0.980 1.000 
0.017 0.996 0.111 0.963 1.000 
0.017 0.997 0.112 0.970 1.000 
0.014 0.996 0.071 0.983 0.997 
0.016 0.994 0.099 0.980 0.931 
0.026 0.996 0.073 0.980 1.000 
0.014 0.996 0.070 0.985 1.000 
0.014 0.995 0.074 0.985 0.997 
0.012 0.996 0.085 0.980 1.000 
0.011 0.995 0.135 0.978 1.000 
0.037 0.994 0.044 0.985 0.997 
0.012 0.997 0.071 0.983 0.997 
0.011 0.996 0.058 0.985 1.000 
0.013 0.995 0.078 0.978 1.000 
0.016 0.996 0.074 0.983 0.997 
0.018 0.994 0.100 0.970 1.000 
0.011 0.998 0.038 0.995 1.000 
0.013 0.996 0.170 0.943 0.959 
0.015 0.997 0.123 0.975 1.000 
0.018 0.994 0.079 0.983 1.000 
0.011 0.997 0.096 0.975 1.000 
0.023 0.996 0.127 0.968 0.959 
0.011 0.996 0.118 0.983 0.987 
0.012 0.997 0.084 0.985 1.000 
0.016 0.996 0.073 0.985 1.000 
0.022 0.994 0.100 0.970 1.000 
0.013 0.996 0.110 0.985 1.000 
0.020 0.994 0.075 0.985 1.000 
0.012 0.998 0.077 0.985 1.000 
0.013 0.995 0.091 0.973 1.000 
0.019 0.996 0.076 0.968 1.000 
0.026 0.994 0.063 0.988 1.000 
0.049 0.994 0.115 0.963 0.994 
0.018 0.995 0.073 0.985 1.000 
0.013 0.996 0.068 0.985 1.000 
0.029 0.995 0.093 0.975 1.000 
0.018 0.993 0.097 0.975 1.000 
0.020 0.995 0.091 0.973 0.997 
0.010 0.996 0.077 0.980 1.000 
0.027 0.996 0.118 0.978 1.000 
0.048 0.992 0.105 0.968 1.000 
0.012 0.997 0.131 0.968 1.000 
0.027 0.996 0.067 0.983 1.000 
0.026 0.995 0.079 0.973 1.000 
0.009 0.996 0.135 0.970 1.000 
0.017 0.996 0.077 0.985 0.994 
0.012 0.997 0.126 0.958 1.000 
0.019 0.994 0.066 0.985 1.000 
0.015 0.994 0.127 0.983 1.000 
0.011 0.995 0.069 0.980 1.000 
0.013 0.996 0.116 0.973 1.000 
0.009 0.998 0.040 0.993 1.000 
0.019 0.994 0.104 0.970 0.991 
0.018 0.996 0.060 0.985 1.000 
0.010 0.997 0.138 0.965 0.997 
0.012 0.996 0.044 0.990 1.000 
0.021 0.996 0.128 0.960 0.997 
0.003 0.999 0.116 0.980 1.000 
0.044 0.995 0.070 0.983 0.997 
0.021 0.996 0.104 0.983 1.000 
0.023 0.996 0.064 0.983 1.000 
0.010 0.996 0.077 0.983 1.000 
0.020 0.995 0.091 0.975 1.000 
0.015 0.995 0.086 0.968 0.984 
0.020 0.994 0.195 0.940 0.994 
0.017 0.994 0.070 0.983 1.000 
0.020 0.995 0.109 0.970 0.997 
0.013 0.996 0.091 0.973 1.000 
0.011 0.995 0.079 0.983 1.000 
0.015 0.996 0.069 0.975 1.000 
0.019 0.995 0.099 0.983 1.000 
0.027 0.994 0.133 0.970 0.991 
0.014 0.996 0.048 0.988 1.000 
0.018 0.995 0.079 0.983 1.000 
0.014 0.996 0.095 0.973 1.000 
0.028 0.995 0.073 0.980 0.997 
0.011 0.996 0.063 0.985 1.000 
0.019 0.993 0.074 0.983 1.000 
0.016 0.996 0.105 0.968 1.000 
0.018 0.995 0.082 0.970 0.997 
0.010 0.997 0.064 0.980 1.000 
0.036 0.993 0.059 0.983 1.000 
0.014 0.995 0.081 0.983 1.000 
0.032 0.993 0.119 0.965 0.997 
0.013 0.996 0.059 0.983 1.000 
0.010 0.997 0.072 0.983 1.000 
0.006 0.998 0.119 0.973 0.997 
0.019 0.995 0.096 0.970 0.994 
0.014 0.996 0.063 0.985 0.997 
0.014 0.997 0.086 0.978 0.997 
0.017 0.996 0.101 0.973 0.997 
0.011 0.996 0.079 0.985 0.991 
0.022 0.995 0.088 0.983 0.997 
0.031 0.994 0.071 0.983 0.994 
0.012 0.997 0.111 0.968 1.000 
0.011 0.997 0.125 0.973 0.997 
0.012 0.995 0.097 0.983 0.997 
0.019 0.995 0.052 0.985 0.997 
0.024 0.992 0.074 0.978 0.997 
0.014 0.994 0.081 0.978 0.997 
0.016 0.996 0.077 0.980 0.997 
0.014 0.998 0.073 0.980 0.991 
0.014 0.995 0.076 0.983 0.997 
0.019 0.992 0.109 0.973 0.984 
0.020 0.995 0.093 0.983 0.991 
0.008 0.998 0.123 0.973 1.000 
0.016 0.996 0.099 0.980 1.000 
0.017 0.995 0.110 0.983 0.991 
0.035 0.994 0.115 0.978 0.997 
0.034 0.996 0.092 0.975 1.000 
0.018 0.994 0.091 0.970 0.997 
0.029 0.992 0.102 0.970 0.991 
0.015 0.996 0.094 0.980 0.997 
0.012 0.995 0.105 0.983 0.997 
0.031 0.994 0.099 0.985 1.000 
0.010 0.997 0.072 0.985 1.000 
0.020 0.994 0.089 0.978 1.000 
0.008 0.997 0.111 0.968 0.997 
0.010 0.997 0.062 0.985 0.997 
0.018 0.994 0.075 0.985 0.997 
0.017 0.994 0.095 0.985 0.997 
0.011 0.996 0.070 0.988 1.000 
0.020 0.996 0.089 0.970 0.994 
0.026 0.993 0.123 0.960 0.997 
0.021 0.992 0.079 0.975 0.997 
0.014 0.997 0.103 0.970 0.997 
0.009 0.996 0.083 0.980 1.000 
0.021 0.994 0.152 0.948 0.991 
0.011 0.997 0.046 0.988 1.000 
0.013 0.995 0.065 0.983 1.000 
0.007 0.997 0.078 0.975 1.000 
0.018 0.994 0.052 0.985 1.000 
0.014 0.995 0.084 0.975 1.000 
0.014 0.996 0.088 0.973 1.000 
0.010 0.997 0.080 0.983 0.991 
0.016 0.995 0.125 0.963 0.994 
0.016 0.995 0.063 0.983 1.000 
0.017 0.993 0.108 0.973 1.000 
0.019 0.993 0.152 0.945 0.984 
0.018 0.996 0.116 0.965 1.000 
0.016 0.997 0.112 0.975 1.000 
0.026 0.994 0.084 0.980 1.000 
0.006 0.998 0.170 0.983 0.994 
0.022 0.997 0.089 0.980 1.000 
0.010 0.996 0.064 0.988 0.994 
0.020 0.996 0.089 0.973 1.000 
0.018 0.997 0.129 0.973 1.000 
0.014 0.997 0.082 0.980 1.000 
0.015 0.996 0.071 0.978 1.000 
0.018 0.995 0.101 0.980 1.000 
0.027 0.995 0.087 0.973 1.000 
0.011 0.996 0.149 0.973 0.997 
0.020 0.994 0.134 0.968 0.997 
0.014 0.995 0.074 0.980 1.000 
0.029 0.996 0.107 0.970 1.000 
0.012 0.996 0.122 0.978 1.000 
0.010 0.997 0.133 0.970 0.997 
0.014 0.996 0.133 0.983 1.000 
0.014 0.996 0.117 0.983 1.000 
0.014 0.996 0.102 0.973 0.997 
0.015 0.996 0.113 0.973 1.000 
0.011 0.996 0.092 0.983 1.000 
0.020 0.994 0.111 0.973 1.000 
0.018 0.994 0.082 0.970 1.000 
0.021 0.995 0.082 0.983 0.987 
0.008 0.997 0.120 0.983 1.000 
0.027 0.993 0.112 0.973 1.000 
0.016 0.994 0.076 0.980 1.000 
0.013 0.996 0.099 0.978 0.994 
0.012 0.998 0.144 0.983 1.000 
0.036 0.992 0.079 0.983 1.000 
0.012 0.996 0.076 0.983 1.000 
0.014 0.996 0.127 0.960 1.000 
0.018 0.995 0.085 0.970 1.000 
0.009 0.998 0.082 0.983 0.997 
0.021 0.992 0.089 0.983 0.997 
0.014 0.996 0.111 0.965 0.997 
0.014 0.994 0.051 0.985 1.000 
0.033 0.993 0.093 0.973 0.997 
0.015 0.998 0.083 0.980 1.000 
0.013 0.996 0.079 0.983 1.000 
0.020 0.996 0.060 0.983 1.000 
0.016 0.994 0.080 0.980 0.997 
0.016 0.996 0.073 0.983 1.000 
0.010 0.997 0.071 0.980 1.000 
0.012 0.996 0.068 0.980 1.000 
0.021 0.993 0.099 0.973 1.000 
0.035 0.993 0.090 0.980 0.978 
0.012 0.995 0.096 0.980 1.000 
0.015 0.995 0.058 0.985 0.997 
0.013 0.995 0.121 0.980 1.000 
0.021 0.995 0.085 0.980 0.997 
0.023 0.995 0.091 0.983 0.991 
0.008 0.998 0.137 0.978 1.000 
0.014 0.996 0.149 0.980 0.997 
0.015 0.995 0.159 0.980 0.997 
0.043 0.996 0.090 0.973 0.984 
0.012 0.997 0.109 0.980 0.994 
0.020 0.994 0.090 0.983 0.997 
0.013 0.996 0.101 0.983 0.991 
0.018 0.994 0.075 0.983 0.997 
0.013 0.996 0.127 0.970 0.994 
0.013 0.997 0.090 0.983 0.997 
0.012 0.996 0.126 0.983 1.000 
0.024 0.994 0.106 0.978 0.997 
0.012 0.997 0.055 0.983 1.000 
0.012 0.997 0.061 0.983 1.000 
0.057 0.992 0.090 0.980 1.000 
0.022 0.996 0.089 0.980 0.997 
0.022 0.993 0.058 0.985 0.997 
0.016 0.995 0.073 0.978 0.997 
0.018 0.994 0.075 0.975 0.997 
0.017 0.994 0.085 0.975 1.000 
0.036 0.993 0.121 0.960 0.997 
0.010 0.998 0.081 0.980 0.997 
0.011 0.995 0.060 0.988 0.997 
0.021 0.994 0.074 0.983 1.000 
0.014 0.996 0.122 0.970 0.994 
0.014 0.996 0.094 0.983 1.000 
0.015 0.995 0.132 0.958 0.994 
0.008 0.997 0.057 0.985 1.000 
0.020 0.994 0.103 0.983 0.997 
0.024 0.995 0.096 0.975 0.987 
0.013 0.995 0.063 0.983 0.997 
0.019 0.995 0.060 0.983 0.997 
0.014 0.995 0.086 0.983 0.997 
0.025 0.994 0.059 0.983 0.997 
0.009 0.998 0.083 0.983 1.000 
0.011 0.996 0.120 0.983 0.994 
0.011 0.996 0.082 0.983 0.997 
0.011 0.996 0.096 0.980 1.000 
0.028 0.992 0.095 0.973 0.991 
0.015 0.996 0.075 0.983 0.997 
0.018 0.993 0.086 0.978 0.997 
0.010 0.997 0.061 0.985 0.997 
0.009 0.997 0.138 0.973 1.000 
0.009 0.997 0.207 0.950 0.997 
0.019 0.997 0.087 0.983 1.000 
0.017 0.996 0.132 0.968 1.000 
0.027 0.995 0.104 0.988 0.997 
0.019 0.995 0.141 0.980 1.000 
0.015 0.996 0.263 0.958 0.981 
0.024 0.995 0.075 0.980 0.997 
0.015 0.994 0.082 0.983 1.000 
0.013 0.995 0.100 0.980 1.000 
0.014 0.995 0.092 0.980 1.000 
0.027 0.995 0.098 0.973 0.997 
0.010 0.996 0.141 0.973 1.000 
0.023 0.997 0.147 0.953 0.997 
0.015 0.995 0.155 0.963 0.978 
0.013 0.995 0.119 0.980 1.000 
0.015 0.997 0.182 0.973 1.000 
0.021 0.995 0.140 0.963 1.000 
0.008 0.998 0.156 0.980 1.000 
0.020 0.995 0.115 0.973 1.000 
0.015 0.995 0.098 0.983 1.000 
0.015 0.996 0.105 0.965 1.000 
0.009 0.997 0.122 0.970 1.000 
0.017 0.995 0.085 0.978 1.000 
0.027 0.993 0.082 0.980 1.000 
0.009 0.996 0.079 0.983 1.000 
0.011 0.997 0.149 0.983 1.000 
0.030 0.994 0.085 0.983 0.997 
0.008 0.998 0.077 0.983 1.000 
0.012 0.997 0.081 0.980 1.000 
0.015 0.995 0.081 0.985 1.000 
0.012 0.996 0.073 0.983 0.997 
0.018 0.996 0.104 0.973 0.997 
0.018 0.995 0.070 0.985 1.000 
0.038 0.991 0.103 0.980 0.994 
0.014 0.997 0.102 0.975 1.000 
0.019 0.995 0.085 0.983 0.997 
0.010 0.998 0.082 0.978 1.000 
0.009 0.998 0.187 0.948 1.000 
0.007 0.997 0.072 0.985 1.000 
0.015 0.995 0.132 0.968 1.000 
0.016 0.995 0.093 0.973 1.000 
0.014 0.995 0.099 0.978 1.000 
0.034 0.993 0.067 0.983 1.000 
0.019 0.995 0.136 0.960 1.000 
0.014 0.996 0.057 0.985 1.000 
0.012 0.995 0.110 0.963 0.997 
0.011 0.996 0.082 0.975 1.000 
0.011 0.997 0.066 0.985 1.000 
0.011 0.997 0.082 0.983 0.984 
0.012 0.995 0.098 0.973 1.000 
0.016 0.995 0.096 0.978 1.000 
0.014 0.996 0.067 0.985 1.000 
0.010 0.997 0.075 0.985 1.000 
0.013 0.995 0.132 0.975 1.000 
0.039 0.994 0.104 0.965 1.000 
0.014 0.996 0.076 0.978 1.000 
0.016 0.994 0.089 0.975 0.997 
0.017 0.996 0.122 0.973 0.991 
0.009 0.998 0.076 0.985 1.000 
0.011 0.997 0.083 0.985 1.000 
0.017 0.996 0.065 0.985 1.000 
0.021 0.995 0.103 0.970 1.000 
0.012 0.996 0.085 0.975 1.000 
0.013 0.996 0.067 0.983 0.997 
0.008 0.998 0.051 0.985 1.000 
0.016 0.995 0.131 0.970 1.000 
0.016 0.996 0.058 0.985 1.000 
0.015 0.995 0.110 0.980 0.991 
0.013 0.995 0.077 0.978 1.000 
0.025 0.993 0.102 0.975 1.000 
0.014 0.997 0.129 0.973 0.997 
0.017 0.994 0.106 0.965 0.997 
0.008 0.997 0.111 0.975 0.997 
0.017 0.997 0.074 0.978 0.997 
0.012 0.996 0.079 0.978 0.997 
0.014 0.996 0.194 0.978 0.994 
0.024 0.997 0.066 0.988 0.997 
0.009 0.996 0.075 0.978 1.000 
0.022 0.994 0.135 0.973 0.997 
0.009 0.997 0.095 0.975 1.000 
0.024 0.993 0.151 0.958 0.994 
0.015 0.996 0.074 0.985 0.997 
0.015 0.995 0.261 0.945 0.987 
0.043 0.991 0.185 0.983 0.994 
0.029 0.995 0.061 0.983 0.997 
0.009 0.997 0.092 0.973 0.994 
0.012 0.997 0.078 0.975 0.997 
0.014 0.996 0.116 0.980 0.997 
0.025 0.995 0.077 0.975 0.997 
0.013 0.997 0.071 0.983 1.000 
0.015 0.995 0.238 0.973 1.000 
0.047 0.995 0.073 0.983 1.000 
0.039 0.997 0.066 0.980 0.997 
0.014 0.995 0.070 0.983 0.997 
0.011 0.997 0.060 0.983 0.997 
0.021 0.996 0.139 0.955 0.987 
0.030 0.995 0.063 0.985 0.997 
0.007 0.997 0.064 0.985 0.997 
0.013 0.994 0.101 0.975 0.987 
0.015 0.997 0.097 0.975 0.997 
0.017 0.994 0.078 0.985 0.994 
0.011 0.996 0.072 0.983 0.997 
0.015 0.997 0.078 0.975 0.997 
0.012 0.996 0.122 0.968 0.997 
0.015 0.995 0.056 0.985 0.997 
0.022 0.995 0.136 0.960 0.994 
0.012 0.996 0.068 0.985 0.997 
0.014 0.994 0.078 0.980 1.000 
0.027 0.992 0.077 0.983 0.997 
0.008 0.998 0.056 0.985 1.000 
0.008 0.996 0.053 0.985 0.997 
0.015 0.994 0.123 0.970 0.997 
0.010 0.996 0.117 0.973 0.940 
0.021 0.994 0.069 0.985 0.997 
0.018 0.995 0.108 0.970 0.997 
0.016 0.994 0.073 0.985 1.000 
0.012 0.995 0.114 0.975 0.997 
0.009 0.997 0.123 0.980 0.997 
0.026 0.996 0.071 0.983 0.997 
0.013 0.995 0.046 0.985 0.997 
0.009 0.998 0.072 0.985 0.997 
0.009 0.998 0.039 0.990 0.997 
0.024 0.993 0.068 0.985 0.997 
0.027 0.995 0.133 0.958 0.994 
0.014 0.996 0.095 0.983 0.997 
0.020 0.994 0.140 0.965 0.987 
0.016 0.996 0.159 0.975 0.997 
0.042 0.993 0.104 0.973 0.975 
