0.411 0.834 0.279 0.905 0.269 
0.312 0.875 0.213 0.922 0.525 
0.269 0.895 0.197 0.940 0.330 
0.250 0.901 0.210 0.932 0.775 
0.233 0.906 0.183 0.930 0.796 
0.221 0.921 0.200 0.925 0.778 
0.210 0.918 0.166 0.930 0.836 
0.224 0.916 0.214 0.960 0.870 
0.189 0.930 0.179 0.935 0.787 
0.205 0.927 0.143 0.968 0.790 
0.176 0.933 0.144 0.965 0.769 
0.170 0.939 0.201 0.958 0.901 
0.161 0.936 0.177 0.920 0.809 
0.177 0.936 0.164 0.943 0.821 
0.153 0.945 0.212 0.943 0.932 
0.171 0.938 0.170 0.940 0.818 
0.156 0.946 0.151 0.968 0.830 
0.146 0.948 0.172 0.955 0.910 
0.143 0.952 0.224 0.938 0.954 
0.172 0.941 0.151 0.963 0.815 
0.143 0.948 0.169 0.960 0.883 
0.145 0.947 0.202 0.950 0.889 
0.148 0.949 0.216 0.935 0.951 
0.155 0.945 0.169 0.958 0.901 
0.139 0.952 0.229 0.935 0.966 
0.145 0.946 0.225 0.953 0.948 
0.126 0.958 0.174 0.945 0.904 
0.125 0.954 0.153 0.953 0.867 
0.135 0.948 0.161 0.953 0.944 
0.140 0.948 0.189 0.943 0.963 
0.120 0.957 0.220 0.930 0.944 
0.126 0.953 0.139 0.960 0.864 
0.126 0.961 0.195 0.940 0.929 
0.115 0.957 0.167 0.948 0.960 
0.134 0.948 0.193 0.943 0.963 
0.128 0.951 0.186 0.943 0.960 
0.118 0.960 0.149 0.955 0.932 
0.118 0.957 0.186 0.945 0.972 
0.127 0.954 0.154 0.958 0.938 
0.108 0.964 0.195 0.943 0.975 
0.133 0.954 0.179 0.943 0.975 
0.108 0.963 0.171 0.948 0.951 
0.114 0.963 0.266 0.935 0.975 
0.117 0.959 0.134 0.960 0.944 
0.104 0.965 0.207 0.950 0.960 
0.116 0.958 0.184 0.948 0.966 
0.109 0.964 0.218 0.945 0.972 
0.102 0.969 0.141 0.960 0.926 
0.103 0.964 0.146 0.953 0.867 
0.094 0.969 0.191 0.943 0.975 
0.108 0.960 0.167 0.955 0.954 
0.089 0.968 0.231 0.948 0.963 
0.096 0.968 0.226 0.925 0.981 
0.087 0.970 0.136 0.963 0.929 
0.093 0.966 0.183 0.953 0.957 
0.101 0.964 0.195 0.945 0.978 
0.090 0.964 0.138 0.960 0.929 
0.101 0.963 0.172 0.953 0.969 
0.101 0.966 0.177 0.950 0.975 
0.099 0.965 0.150 0.955 0.969 
0.092 0.970 0.184 0.945 0.981 
0.092 0.963 0.166 0.940 0.948 
0.103 0.963 0.163 0.948 0.960 
0.093 0.967 0.199 0.927 0.969 
0.105 0.966 0.168 0.953 0.966 
0.080 0.968 0.167 0.938 0.948 
0.091 0.972 0.194 0.948 0.972 
0.098 0.965 0.240 0.938 0.991 
0.087 0.970 0.303 0.897 0.994 
0.096 0.966 0.138 0.955 0.960 
0.082 0.973 0.265 0.920 0.985 
0.097 0.970 0.141 0.958 0.951 
0.094 0.972 0.226 0.920 0.991 
0.090 0.972 0.206 0.943 0.972 
0.089 0.967 0.147 0.958 0.926 
0.086 0.970 0.221 0.945 0.978 
0.101 0.965 0.171 0.955 0.957 
0.083 0.977 0.161 0.953 0.944 
0.096 0.968 0.138 0.968 0.898 
0.095 0.970 0.176 0.945 0.978 
0.098 0.964 0.227 0.940 0.978 
0.090 0.965 0.184 0.943 0.981 
0.083 0.971 0.186 0.950 0.972 
0.096 0.971 0.142 0.965 0.935 
0.091 0.965 0.187 0.948 0.978 
0.088 0.966 0.163 0.950 0.969 
0.086 0.968 0.209 0.938 0.972 
0.085 0.974 0.205 0.948 0.978 
0.089 0.967 0.186 0.948 0.972 
0.084 0.972 0.210 0.945 0.978 
0.073 0.973 0.195 0.948 0.975 
0.080 0.972 0.171 0.950 0.975 
0.082 0.976 0.163 0.958 0.972 
0.082 0.970 0.170 0.950 0.969 
0.075 0.973 0.145 0.950 0.969 
0.085 0.967 0.136 0.960 0.954 
0.073 0.976 0.171 0.953 0.969 
0.083 0.974 0.188 0.948 0.975 
0.081 0.976 0.249 0.935 0.978 
0.071 0.976 0.216 0.953 0.978 
0.081 0.974 0.231 0.950 0.969 
0.069 0.977 0.148 0.958 0.960 
0.080 0.972 0.222 0.925 0.994 
0.085 0.971 0.181 0.950 0.963 
0.091 0.963 0.233 0.938 0.981 
0.082 0.968 0.174 0.958 0.957 
0.073 0.974 0.191 0.948 0.972 
0.082 0.973 0.158 0.955 0.963 
0.073 0.979 0.153 0.960 0.948 
0.069 0.977 0.155 0.945 0.969 
0.086 0.964 0.150 0.963 0.960 
0.077 0.977 0.143 0.958 0.960 
0.081 0.969 0.209 0.948 0.969 
0.070 0.974 0.182 0.955 0.941 
0.079 0.971 0.346 0.927 0.991 
0.091 0.967 0.177 0.953 0.985 
0.079 0.970 0.197 0.943 0.988 
0.074 0.975 0.224 0.940 0.985 
0.067 0.974 0.157 0.953 0.966 
0.063 0.978 0.299 0.912 0.988 
0.079 0.971 0.207 0.950 0.975 
0.074 0.975 0.157 0.958 0.966 
0.071 0.974 0.157 0.953 0.957 
0.082 0.976 0.193 0.953 0.978 
0.065 0.980 0.205 0.943 0.985 
0.070 0.974 0.171 0.953 0.975 
0.072 0.971 0.237 0.932 0.991 
0.075 0.973 0.144 0.960 0.951 
0.075 0.972 0.137 0.963 0.960 
0.072 0.977 0.178 0.953 0.985 
0.075 0.976 0.253 0.938 0.988 
0.077 0.972 0.182 0.960 0.966 
0.070 0.977 0.205 0.955 0.969 
0.072 0.976 0.142 0.958 0.948 
0.079 0.974 0.168 0.960 0.963 
0.067 0.980 0.276 0.950 0.988 
0.069 0.977 0.158 0.958 0.963 
0.078 0.973 0.193 0.948 0.978 
0.073 0.976 0.160 0.960 0.957 
0.069 0.973 0.158 0.953 0.972 
0.074 0.975 0.175 0.953 0.981 
0.075 0.977 0.219 0.940 0.978 
0.054 0.980 0.227 0.935 0.978 
0.065 0.976 0.214 0.935 0.978 
0.066 0.982 0.184 0.958 0.963 
0.058 0.980 0.141 0.960 0.938 
0.065 0.975 0.157 0.958 0.966 
0.068 0.975 0.143 0.960 0.963 
0.070 0.976 0.209 0.945 0.975 
0.067 0.976 0.224 0.943 0.981 
0.066 0.979 0.181 0.953 0.972 
0.068 0.976 0.196 0.955 0.981 
0.068 0.974 0.181 0.948 0.975 
0.056 0.983 0.225 0.943 0.978 
0.059 0.980 0.164 0.955 0.969 
0.077 0.975 0.142 0.963 0.944 
0.063 0.978 0.163 0.953 0.981 
0.075 0.979 0.174 0.950 0.972 
0.061 0.979 0.278 0.940 0.988 
0.075 0.980 0.134 0.963 0.944 
0.053 0.981 0.157 0.955 0.966 
0.062 0.981 0.153 0.958 0.966 
0.057 0.980 0.169 0.958 0.975 
0.055 0.984 0.171 0.953 0.975 
0.051 0.983 0.220 0.948 0.981 
0.068 0.977 0.131 0.965 0.948 
0.052 0.984 0.179 0.948 0.966 
0.068 0.976 0.186 0.948 0.981 
0.070 0.975 0.156 0.958 0.960 
0.066 0.979 0.185 0.953 0.978 
0.064 0.976 0.138 0.955 0.972 
0.058 0.982 0.177 0.948 0.978 
0.070 0.980 0.215 0.945 0.978 
0.066 0.978 0.180 0.950 0.978 
0.070 0.975 0.158 0.953 0.966 
0.074 0.971 0.152 0.950 0.978 
0.068 0.975 0.141 0.963 0.975 
0.056 0.982 0.140 0.963 0.954 
0.070 0.975 0.163 0.958 0.975 
0.065 0.977 0.223 0.953 0.981 
0.056 0.980 0.170 0.963 0.960 
0.049 0.982 0.229 0.948 0.978 
0.062 0.982 0.171 0.960 0.972 
0.065 0.979 0.222 0.950 0.981 
0.064 0.979 0.165 0.958 0.975 
0.049 0.983 0.151 0.950 0.969 
0.049 0.983 0.234 0.940 0.988 
0.070 0.977 0.190 0.943 0.978 
0.065 0.977 0.152 0.960 0.957 
0.051 0.982 0.233 0.930 0.985 
0.070 0.976 0.180 0.958 0.972 
0.066 0.981 0.230 0.950 0.985 
0.061 0.978 0.168 0.958 0.978 
0.060 0.979 0.169 0.960 0.972 
0.059 0.980 0.221 0.943 0.972 
0.051 0.982 0.183 0.958 0.963 
0.051 0.985 0.169 0.953 0.969 
0.056 0.977 0.171 0.960 0.972 
0.057 0.982 0.232 0.948 0.975 
0.054 0.982 0.230 0.935 0.978 
0.064 0.979 0.153 0.955 0.966 
0.057 0.980 0.276 0.935 0.981 
0.049 0.985 0.322 0.932 0.981 
0.067 0.976 0.175 0.955 0.969 
0.054 0.980 0.174 0.963 0.963 
0.058 0.981 0.178 0.953 0.969 
0.063 0.972 0.188 0.955 0.969 
0.051 0.983 0.195 0.950 0.978 
0.065 0.980 0.144 0.963 0.972 
0.055 0.985 0.180 0.963 0.954 
0.047 0.984 0.193 0.958 0.972 
0.058 0.982 0.193 0.953 0.981 
0.047 0.984 0.165 0.958 0.975 
0.065 0.977 0.186 0.955 0.966 
0.059 0.978 0.236 0.917 0.985 
0.054 0.982 0.156 0.955 0.969 
0.048 0.984 0.148 0.960 0.966 
0.066 0.978 0.178 0.948 0.981 
0.047 0.982 0.185 0.955 0.975 
0.066 0.979 0.151 0.950 0.981 
0.052 0.983 0.185 0.950 0.981 
0.065 0.978 0.142 0.965 0.957 
0.069 0.981 0.207 0.945 0.981 
0.049 0.983 0.185 0.960 0.969 
0.072 0.977 0.177 0.960 0.975 
0.058 0.982 0.140 0.963 0.957 
0.051 0.980 0.175 0.958 0.969 
0.043 0.984 0.311 0.915 0.988 
0.044 0.980 0.188 0.960 0.960 
0.051 0.985 0.219 0.935 0.981 
0.046 0.979 0.193 0.955 0.975 
0.048 0.984 0.324 0.925 0.991 
0.048 0.986 0.174 0.960 0.969 
0.058 0.980 0.247 0.940 0.981 
0.057 0.982 0.174 0.958 0.978 
0.053 0.986 0.159 0.960 0.972 
0.051 0.983 0.170 0.950 0.969 
0.051 0.984 0.172 0.948 0.975 
0.053 0.980 0.218 0.948 0.978 
0.055 0.983 0.197 0.963 0.975 
0.049 0.979 0.293 0.938 0.981 
0.048 0.984 0.223 0.943 0.981 
0.049 0.983 0.215 0.953 0.981 
0.056 0.981 0.221 0.945 0.969 
0.048 0.986 0.218 0.955 0.978 
0.046 0.986 0.169 0.960 0.969 
0.047 0.983 0.141 0.960 0.941 
0.048 0.981 0.156 0.960 0.957 
0.054 0.981 0.124 0.960 0.963 
0.049 0.984 0.180 0.950 0.978 
0.055 0.983 0.126 0.963 0.951 
0.045 0.985 0.172 0.945 0.981 
0.054 0.978 0.120 0.968 0.954 
0.058 0.980 0.138 0.963 0.957 
0.049 0.983 0.159 0.953 0.972 
0.059 0.979 0.240 0.953 0.978 
0.050 0.979 0.195 0.953 0.978 
0.051 0.983 0.157 0.963 0.938 
0.043 0.985 0.161 0.960 0.972 
0.056 0.978 0.160 0.963 0.969 
0.047 0.986 0.119 0.965 0.948 
0.057 0.981 0.181 0.953 0.978 
0.047 0.985 0.301 0.938 0.985 
0.054 0.982 0.106 0.970 0.948 
0.048 0.985 0.121 0.955 0.963 
0.059 0.984 0.138 0.958 0.972 
0.052 0.983 0.190 0.950 0.978 
0.049 0.982 0.225 0.950 0.985 
0.046 0.988 0.115 0.963 0.963 
0.060 0.984 0.147 0.963 0.969 
0.044 0.983 0.131 0.965 0.948 
0.067 0.978 0.154 0.958 0.972 
0.052 0.983 0.179 0.950 0.978 
0.052 0.982 0.207 0.955 0.975 
0.053 0.981 0.167 0.963 0.978 
0.048 0.983 0.194 0.963 0.978 
0.048 0.982 0.139 0.965 0.948 
0.062 0.978 0.193 0.950 0.975 
0.042 0.986 0.194 0.955 0.975 
0.050 0.982 0.194 0.948 0.981 
0.048 0.981 0.178 0.955 0.981 
0.045 0.983 0.241 0.938 0.981 
0.039 0.984 0.156 0.960 0.963 
0.056 0.981 0.254 0.938 0.975 
0.057 0.983 0.200 0.955 0.972 
0.048 0.980 0.231 0.945 0.969 
0.062 0.980 0.152 0.955 0.969 
0.044 0.984 0.121 0.973 0.941 
0.042 0.986 0.108 0.970 0.938 
0.039 0.986 0.248 0.950 0.972 
0.044 0.983 0.191 0.955 0.972 
0.048 0.983 0.354 0.932 0.988 
0.067 0.980 0.208 0.940 0.978 
0.061 0.977 0.199 0.938 0.972 
0.050 0.984 0.171 0.960 0.975 
0.054 0.983 0.232 0.943 0.975 
0.045 0.986 0.154 0.963 0.975 
0.053 0.982 0.134 0.960 0.954 
0.045 0.984 0.126 0.963 0.954 
0.047 0.988 0.153 0.960 0.957 
0.040 0.988 0.110 0.968 0.963 
0.055 0.983 0.147 0.955 0.966 
0.065 0.979 0.149 0.960 0.966 
0.053 0.981 0.126 0.965 0.951 
0.055 0.984 0.092 0.975 0.917 
0.046 0.985 0.177 0.953 0.969 
0.060 0.976 0.220 0.950 0.991 
0.036 0.990 0.205 0.965 0.948 
0.055 0.987 0.122 0.963 0.948 
0.052 0.980 0.253 0.953 0.978 
0.057 0.980 0.196 0.963 0.969 
0.051 0.980 0.179 0.950 0.981 
0.044 0.984 0.197 0.950 0.978 
0.041 0.985 0.191 0.960 0.969 
0.056 0.979 0.242 0.940 0.981 
0.067 0.980 0.124 0.968 0.954 
0.041 0.989 0.144 0.960 0.969 
0.059 0.983 0.509 0.940 0.978 
0.045 0.985 0.233 0.950 0.975 
0.036 0.986 0.250 0.955 0.972 
0.061 0.983 0.145 0.958 0.975 
0.045 0.983 0.249 0.948 0.985 
0.053 0.983 0.175 0.955 0.972 
0.039 0.985 0.237 0.945 0.981 
0.043 0.986 0.141 0.958 0.960 
0.058 0.980 0.142 0.960 0.966 
0.051 0.983 0.149 0.963 0.954 
0.059 0.978 0.228 0.953 0.981 
0.042 0.988 0.204 0.953 0.972 
0.056 0.984 0.146 0.958 0.963 
0.051 0.983 0.241 0.945 0.975 
0.061 0.980 0.138 0.958 0.966 
0.045 0.985 0.157 0.960 0.975 
0.035 0.990 0.221 0.943 0.988 
0.043 0.985 0.386 0.885 0.994 
0.061 0.976 0.233 0.953 0.963 
0.051 0.985 0.155 0.963 0.963 
0.048 0.984 0.171 0.958 0.972 
0.050 0.980 0.191 0.950 0.969 
0.050 0.985 0.132 0.968 0.966 
0.036 0.986 0.194 0.963 0.957 
0.066 0.979 0.118 0.963 0.951 
0.045 0.985 0.208 0.950 0.981 
0.056 0.980 0.170 0.960 0.957 
0.038 0.986 0.196 0.958 0.972 
0.043 0.987 0.149 0.965 0.957 
0.043 0.983 0.183 0.958 0.972 
0.045 0.984 0.215 0.948 0.972 
0.050 0.983 0.385 0.935 0.981 
0.054 0.980 0.254 0.950 0.978 
0.048 0.982 0.276 0.953 0.972 
0.051 0.984 0.169 0.958 0.969 
0.053 0.984 0.143 0.960 0.963 
0.048 0.982 0.198 0.955 0.978 
0.044 0.983 0.194 0.955 0.972 
0.050 0.982 0.171 0.963 0.957 
0.048 0.986 0.138 0.963 0.966 
0.042 0.988 0.181 0.960 0.969 
0.040 0.987 0.162 0.968 0.963 
0.055 0.983 0.162 0.958 0.972 
0.039 0.985 0.216 0.950 0.981 
0.037 0.986 0.125 0.968 0.935 
0.040 0.984 0.333 0.948 0.978 
0.055 0.978 0.141 0.970 0.963 
0.054 0.984 0.156 0.965 0.957 
0.038 0.986 0.212 0.960 0.960 
0.043 0.984 0.205 0.963 0.954 
0.045 0.984 0.157 0.963 0.975 
0.043 0.984 0.159 0.958 0.969 
0.051 0.984 0.154 0.963 0.951 
0.043 0.986 0.176 0.950 0.978 
0.047 0.988 0.158 0.965 0.954 
0.049 0.984 0.212 0.948 0.978 
0.048 0.986 0.239 0.945 0.981 
0.045 0.985 0.297 0.958 0.975 
0.072 0.978 0.313 0.950 0.975 
0.044 0.986 0.275 0.953 0.975 
0.037 0.988 0.481 0.925 0.981 
0.046 0.985 0.343 0.950 0.978 
0.033 0.991 0.245 0.965 0.972 
0.036 0.989 0.130 0.968 0.954 
0.034 0.989 0.245 0.958 0.966 
0.035 0.991 0.217 0.955 0.972 
0.043 0.986 0.267 0.943 0.981 
0.051 0.984 0.132 0.963 0.966 
0.035 0.988 0.166 0.955 0.966 
0.046 0.983 0.151 0.955 0.948 
0.048 0.983 0.288 0.955 0.969 
0.040 0.988 0.134 0.965 0.935 
0.061 0.980 0.169 0.950 0.975 
0.041 0.983 0.198 0.958 0.972 
0.053 0.983 0.144 0.955 0.960 
0.048 0.984 0.129 0.963 0.951 
0.047 0.984 0.129 0.963 0.957 
0.047 0.983 0.467 0.940 0.985 
0.044 0.984 0.220 0.960 0.978 
0.039 0.991 0.165 0.958 0.963 
0.046 0.988 0.160 0.950 0.978 
0.066 0.979 0.156 0.955 0.969 
0.049 0.986 0.126 0.970 0.938 
0.052 0.983 0.132 0.960 0.963 
0.055 0.982 0.213 0.963 0.960 
0.043 0.983 0.145 0.958 0.972 
0.045 0.984 0.254 0.958 0.969 
0.042 0.989 0.225 0.970 0.941 
0.046 0.986 0.121 0.963 0.951 
0.056 0.982 0.098 0.975 0.926 
0.039 0.986 0.131 0.965 0.938 
0.029 0.990 0.256 0.948 0.975 
0.041 0.986 0.125 0.965 0.954 
0.045 0.984 0.117 0.965 0.966 
0.041 0.985 0.229 0.960 0.966 
0.038 0.988 0.222 0.958 0.969 
0.059 0.982 0.153 0.965 0.954 
0.037 0.991 0.123 0.963 0.951 
0.046 0.985 0.230 0.958 0.981 
0.046 0.987 0.120 0.963 0.948 
0.035 0.985 0.160 0.968 0.941 
0.046 0.984 0.160 0.963 0.957 
0.040 0.988 0.148 0.963 0.951 
0.044 0.986 0.133 0.965 0.944 
0.045 0.983 0.138 0.963 0.960 
0.045 0.984 0.139 0.965 0.941 
0.064 0.980 0.143 0.965 0.957 
0.039 0.985 0.184 0.960 0.978 
0.050 0.983 0.200 0.963 0.972 
0.050 0.985 0.286 0.965 0.972 
0.046 0.984 0.164 0.968 0.948 
0.031 0.991 0.226 0.963 0.957 
0.039 0.986 0.230 0.960 0.975 
0.051 0.980 0.174 0.965 0.954 
0.036 0.987 0.265 0.963 0.966 
0.048 0.986 0.239 0.963 0.957 
0.048 0.988 0.240 0.960 0.975 
0.048 0.985 0.141 0.965 0.944 
0.048 0.984 0.170 0.965 0.941 
0.056 0.982 0.208 0.958 0.957 
0.047 0.985 0.215 0.958 0.978 
0.040 0.986 0.232 0.953 0.981 
0.026 0.990 0.255 0.950 0.978 
0.052 0.984 0.346 0.958 0.963 
0.036 0.987 0.383 0.963 0.960 
0.060 0.982 0.094 0.968 0.932 
0.037 0.988 0.165 0.960 0.951 
0.054 0.983 0.177 0.963 0.966 
0.044 0.988 0.192 0.965 0.954 
0.042 0.986 0.109 0.970 0.935 
0.045 0.984 0.285 0.960 0.963 
0.034 0.987 0.151 0.958 0.957 
0.049 0.985 0.124 0.965 0.944 
0.047 0.984 0.316 0.953 0.978 
0.051 0.982 0.196 0.960 0.972 
0.051 0.989 0.217 0.963 0.960 
0.048 0.982 0.259 0.968 0.957 
0.040 0.986 0.167 0.955 0.969 
0.028 0.991 0.217 0.960 0.966 
0.050 0.982 0.257 0.963 0.966 
0.038 0.987 0.291 0.955 0.963 
0.042 0.988 0.173 0.963 0.951 
0.039 0.985 0.206 0.955 0.969 
0.034 0.989 0.465 0.960 0.966 
0.082 0.984 0.229 0.978 0.840 
0.066 0.981 0.344 0.955 0.981 
0.034 0.990 0.378 0.943 0.978 
0.043 0.984 0.291 0.963 0.954 
0.032 0.986 0.424 0.955 0.963 
0.053 0.983 0.164 0.963 0.951 
0.047 0.985 0.223 0.953 0.975 
0.039 0.985 0.129 0.965 0.966 
0.037 0.985 0.163 0.963 0.981 
0.038 0.986 0.213 0.958 0.978 
0.041 0.984 0.255 0.958 0.966 
0.047 0.984 0.150 0.960 0.969 
0.049 0.983 0.143 0.963 0.960 
0.035 0.988 0.182 0.963 0.963 
0.046 0.985 0.268 0.953 0.981 
0.039 0.987 0.214 0.958 0.969 
0.042 0.984 0.155 0.965 0.944 
0.065 0.982 0.189 0.948 0.981 
0.035 0.988 0.120 0.963 0.957 
0.038 0.988 0.166 0.963 0.957 
0.033 0.990 0.367 0.950 0.978 
0.036 0.989 0.230 0.953 0.969 
0.038 0.986 0.139 0.960 0.954 
0.042 0.986 0.195 0.958 0.975 
0.027 0.989 0.248 0.963 0.972 
0.040 0.984 0.135 0.955 0.978 
0.039 0.984 0.131 0.958 0.972 
0.036 0.988 0.292 0.955 0.966 
0.045 0.984 0.379 0.960 0.972 
0.040 0.988 0.128 0.960 0.966 
0.048 0.986 0.111 0.968 0.941 
0.040 0.983 0.199 0.975 0.929 
0.048 0.985 0.133 0.963 0.957 
0.046 0.983 0.144 0.963 0.954 
0.031 0.990 0.128 0.945 0.920 
0.045 0.989 0.185 0.958 0.963 
0.040 0.985 0.223 0.950 0.978 
0.032 0.991 0.246 0.955 0.981 
0.051 0.983 0.231 0.960 0.966 
0.039 0.986 0.169 0.960 0.972 
0.034 0.988 0.272 0.973 0.941 
0.034 0.990 0.151 0.963 0.948 
0.039 0.985 0.162 0.963 0.963 
0.046 0.983 0.240 0.963 0.975 
0.047 0.986 0.238 0.963 0.975 
0.032 0.990 0.113 0.975 0.929 
0.043 0.989 0.255 0.968 0.969 
0.029 0.992 0.210 0.968 0.954 
0.037 0.988 0.419 0.968 0.969 
0.037 0.989 0.417 0.958 0.978 
0.038 0.989 0.220 0.968 0.941 
0.059 0.982 0.405 0.960 0.932 
0.032 0.988 0.158 0.968 0.957 
0.070 0.985 0.127 0.968 0.957 
0.042 0.986 0.206 0.965 0.966 
0.040 0.990 0.475 0.968 0.966 
0.049 0.987 0.446 0.953 0.981 
0.036 0.986 0.267 0.960 0.975 
0.036 0.989 0.371 0.953 0.975 
0.054 0.980 0.234 0.963 0.969 
0.033 0.989 0.152 0.973 0.935 
0.071 0.980 0.293 0.960 0.960 
0.039 0.986 0.245 0.963 0.960 
0.036 0.990 0.175 0.965 0.969 
0.041 0.986 0.124 0.968 0.963 
0.032 0.990 0.146 0.965 0.957 
0.053 0.982 0.138 0.978 0.944 
0.038 0.985 0.147 0.968 0.963 
0.034 0.989 0.272 0.965 0.960 
0.046 0.986 0.380 0.965 0.972 
0.042 0.987 0.489 0.960 0.969 
0.035 0.990 0.464 0.955 0.975 
0.041 0.985 0.242 0.968 0.941 
0.028 0.990 0.315 0.970 0.954 
0.048 0.984 0.169 0.963 0.948 
0.058 0.981 0.274 0.965 0.957 
0.031 0.989 0.470 0.950 0.978 
0.038 0.988 0.293 0.965 0.960 
0.046 0.988 0.496 0.945 0.972 
0.058 0.984 0.172 0.960 0.960 
0.037 0.991 0.160 0.960 0.966 
0.052 0.985 0.121 0.973 0.941 
0.040 0.989 0.155 0.968 0.954 
0.040 0.986 0.163 0.958 0.972 
0.043 0.988 0.230 0.963 0.969 
0.040 0.986 0.232 0.958 0.975 
0.034 0.989 0.308 0.955 0.981 
0.033 0.990 0.271 0.950 0.985 
0.047 0.984 0.128 0.965 0.948 
0.037 0.987 0.158 0.968 0.969 
0.029 0.992 0.153 0.968 0.960 
0.034 0.988 0.167 0.968 0.957 
0.045 0.985 0.211 0.965 0.960 
0.080 0.986 0.173 0.960 0.963 
0.042 0.987 0.191 0.958 0.978 
0.032 0.990 0.159 0.965 0.969 
0.049 0.986 0.160 0.958 0.975 
0.026 0.992 0.135 0.970 0.951 
0.028 0.990 0.167 0.963 0.966 
0.050 0.983 0.111 0.973 0.948 
0.039 0.985 0.158 0.958 0.975 
0.048 0.987 0.261 0.968 0.920 
0.041 0.988 0.297 0.965 0.957 
0.037 0.985 0.386 0.963 0.966 
0.045 0.985 0.309 0.960 0.960 
0.036 0.987 0.324 0.970 0.960 
0.034 0.990 0.526 0.960 0.972 
0.057 0.979 0.360 0.955 0.978 
0.050 0.985 0.248 0.968 0.954 
0.034 0.988 0.215 0.958 0.969 
0.033 0.989 0.166 0.968 0.957 
0.035 0.990 0.284 0.958 0.978 
0.038 0.983 0.438 0.963 0.978 
0.041 0.986 0.131 0.963 0.948 
0.033 0.988 0.197 0.960 0.960 
0.035 0.988 0.195 0.963 0.966 
0.040 0.988 0.377 0.958 0.985 
0.053 0.990 0.119 0.965 0.935 
0.037 0.987 0.226 0.960 0.963 
0.037 0.988 0.144 0.958 0.966 
0.040 0.986 0.198 0.948 0.972 
0.039 0.988 0.209 0.958 0.978 
0.036 0.985 0.159 0.968 0.960 
0.029 0.990 0.240 0.958 0.966 
0.034 0.990 0.205 0.968 0.966 
0.034 0.989 0.337 0.960 0.966 
0.035 0.988 0.288 0.958 0.978 
0.032 0.988 0.247 0.960 0.963 
0.042 0.986 0.135 0.965 0.978 
0.041 0.989 0.211 0.955 0.975 
0.038 0.991 0.185 0.953 0.969 
0.032 0.989 0.159 0.960 0.951 
0.041 0.988 0.179 0.960 0.960 
0.042 0.986 0.130 0.965 0.938 
0.046 0.984 0.214 0.963 0.951 
0.024 0.992 0.276 0.960 0.960 
0.035 0.988 0.301 0.965 0.966 
0.045 0.988 0.135 0.968 0.944 
0.034 0.991 0.457 0.958 0.975 
0.042 0.982 0.315 0.960 0.975 
0.052 0.985 0.206 0.960 0.978 
0.067 0.986 0.193 0.963 0.957 
0.034 0.989 0.341 0.948 0.988 
0.029 0.991 0.298 0.963 0.963 
0.036 0.990 0.225 0.965 0.951 
0.039 0.988 0.112 0.958 0.901 
0.041 0.985 0.119 0.968 0.957 
0.023 0.992 0.159 0.965 0.960 
0.033 0.988 0.209 0.958 0.978 
0.032 0.990 0.274 0.958 0.966 
0.034 0.986 0.454 0.958 0.972 
0.031 0.985 0.920 0.948 0.978 
0.037 0.988 0.698 0.963 0.975 
0.037 0.984 0.743 0.955 0.975 
0.039 0.991 0.429 0.958 0.966 
0.043 0.989 0.564 0.960 0.969 
0.041 0.986 0.390 0.958 0.957 
0.034 0.986 0.292 0.958 0.978 
0.036 0.985 0.216 0.963 0.969 
0.043 0.983 0.440 0.958 0.969 
0.032 0.989 0.155 0.963 0.948 
0.041 0.988 0.396 0.953 0.972 
0.037 0.989 0.247 0.960 0.954 
0.039 0.988 0.229 0.970 0.957 
0.040 0.984 0.522 0.950 0.981 
0.032 0.986 0.348 0.968 0.948 
0.024 0.993 0.538 0.968 0.948 
0.047 0.985 0.234 0.963 0.963 
0.054 0.985 0.322 0.963 0.951 
0.039 0.988 0.295 0.958 0.972 
0.032 0.988 0.268 0.965 0.963 
0.037 0.986 0.344 0.963 0.969 
0.040 0.988 0.306 0.965 0.957 
0.033 0.988 0.139 0.975 0.932 
0.046 0.988 0.321 0.968 0.960 
0.038 0.990 0.492 0.965 0.975 
0.030 0.989 0.462 0.960 0.972 
0.041 0.990 0.501 0.960 0.963 
0.055 0.981 0.236 0.968 0.941 
0.033 0.990 0.461 0.955 0.975 
0.047 0.984 0.260 0.973 0.938 
0.046 0.982 0.142 0.965 0.935 
0.029 0.991 0.219 0.968 0.951 
0.033 0.989 0.164 0.963 0.957 
0.046 0.986 0.284 0.960 0.978 
0.033 0.987 0.301 0.960 0.975 
0.031 0.991 0.352 0.953 0.978 
0.037 0.990 0.247 0.968 0.951 
0.036 0.988 0.318 0.963 0.972 
0.036 0.989 0.873 0.958 0.972 
0.037 0.987 0.270 0.965 0.948 
0.030 0.986 0.357 0.963 0.972 
0.041 0.985 0.344 0.960 0.966 
0.054 0.986 0.294 0.960 0.954 
0.031 0.987 0.211 0.963 0.938 
0.030 0.991 0.157 0.975 0.941 
0.040 0.991 0.404 0.960 0.975 
0.038 0.989 0.125 0.970 0.941 
0.035 0.988 0.410 0.965 0.975 
0.048 0.989 0.276 0.963 0.975 
0.039 0.988 0.157 0.978 0.938 
0.034 0.989 0.234 0.965 0.951 
0.035 0.991 0.095 0.970 0.948 
0.037 0.988 0.155 0.968 0.954 
0.045 0.982 0.171 0.960 0.969 
0.026 0.993 0.202 0.958 0.972 
0.043 0.987 0.229 0.955 0.978 
0.038 0.986 0.085 0.975 0.935 
0.029 0.989 0.339 0.950 0.981 
0.040 0.985 0.156 0.968 0.960 
0.035 0.988 0.102 0.978 0.941 
0.036 0.988 0.093 0.978 0.935 
0.048 0.985 0.119 0.968 0.944 
0.035 0.989 0.115 0.975 0.914 
0.044 0.986 0.123 0.968 0.948 
0.040 0.989 0.122 0.973 0.941 
0.033 0.990 0.187 0.958 0.969 
0.049 0.984 0.443 0.963 0.975 
0.022 0.992 0.329 0.955 0.957 
0.056 0.982 0.115 0.963 0.948 
0.036 0.989 0.204 0.963 0.972 
0.042 0.983 0.127 0.975 0.926 
0.037 0.984 0.731 0.958 0.978 
0.044 0.985 0.188 0.960 0.966 
0.033 0.991 0.293 0.950 0.975 
0.038 0.986 0.424 0.958 0.975 
0.052 0.985 0.156 0.963 0.969 
0.031 0.986 0.159 0.970 0.957 
0.032 0.990 0.214 0.958 0.972 
0.037 0.988 0.306 0.963 0.975 
0.035 0.988 0.500 0.938 0.985 
0.033 0.990 0.244 0.958 0.963 
0.037 0.988 0.203 0.953 0.972 
0.035 0.987 0.213 0.963 0.957 
0.040 0.989 0.157 0.963 0.951 
0.035 0.989 0.619 0.950 0.978 
0.036 0.992 0.144 0.968 0.938 
0.044 0.986 0.176 0.965 0.935 
0.031 0.986 0.217 0.970 0.960 
0.036 0.986 0.198 0.960 0.969 
0.060 0.983 0.155 0.965 0.957 
0.032 0.989 0.272 0.960 0.969 
0.040 0.985 0.187 0.968 0.963 
0.033 0.990 0.170 0.963 0.966 
0.036 0.989 0.264 0.953 0.972 
0.031 0.991 0.236 0.950 0.975 
0.039 0.987 0.166 0.968 0.963 
0.037 0.989 0.144 0.973 0.932 
0.036 0.986 0.174 0.960 0.966 
0.058 0.983 0.241 0.960 0.972 
0.049 0.990 0.518 0.958 0.978 
0.049 0.986 0.148 0.965 0.938 
0.034 0.986 0.221 0.968 0.975 
0.027 0.992 0.156 0.963 0.963 
0.046 0.984 0.233 0.953 0.972 
0.030 0.989 0.358 0.950 0.978 
0.030 0.988 0.172 0.960 0.966 
0.049 0.984 0.152 0.968 0.941 
0.030 0.992 0.100 0.963 0.910 
0.046 0.984 0.189 0.960 0.957 
0.036 0.990 0.124 0.963 0.954 
0.037 0.988 0.123 0.965 0.954 
0.032 0.991 0.225 0.958 0.975 
0.029 0.991 0.149 0.968 0.951 
0.030 0.991 0.163 0.963 0.954 
0.036 0.988 0.175 0.965 0.954 
0.036 0.989 0.344 0.960 0.972 
0.052 0.980 0.139 0.960 0.938 
0.049 0.985 0.354 0.965 0.954 
0.036 0.989 0.585 0.963 0.963 
0.044 0.983 0.329 0.965 0.957 
0.043 0.986 0.282 0.970 0.960 
0.045 0.988 0.189 0.955 0.954 
0.045 0.985 0.188 0.958 0.972 
0.028 0.990 0.123 0.963 0.917 
0.039 0.990 0.147 0.968 0.957 
0.033 0.988 0.262 0.950 0.981 
0.032 0.990 0.141 0.968 0.948 
0.030 0.990 0.328 0.960 0.972 
0.036 0.987 0.213 0.960 0.963 
0.035 0.989 0.169 0.965 0.963 
0.032 0.989 0.151 0.960 0.957 
0.030 0.989 0.286 0.963 0.966 
0.036 0.985 0.480 0.948 0.981 
0.031 0.988 0.143 0.960 0.966 
0.036 0.986 0.290 0.960 0.966 
0.037 0.988 0.454 0.963 0.966 
0.045 0.987 0.147 0.960 0.926 
0.054 0.983 0.145 0.965 0.951 
0.037 0.990 0.189 0.960 0.963 
0.041 0.985 0.244 0.958 0.975 
0.029 0.989 0.179 0.965 0.969 
0.036 0.989 0.211 0.958 0.963 
0.038 0.986 0.176 0.960 0.972 
0.041 0.987 0.240 0.965 0.954 
0.033 0.990 0.262 0.960 0.966 
0.041 0.985 0.410 0.963 0.957 
0.035 0.990 0.368 0.963 0.969 
0.027 0.993 0.250 0.963 0.951 
0.039 0.985 0.177 0.973 0.951 
0.036 0.988 0.151 0.968 0.954 
0.041 0.989 0.301 0.973 0.951 
0.020 0.992 0.377 0.968 0.969 
0.033 0.987 0.145 0.970 0.948 
0.042 0.986 0.183 0.965 0.975 
0.026 0.993 0.137 0.963 0.966 
0.032 0.992 0.109 0.968 0.926 
0.043 0.985 0.236 0.963 0.966 
0.038 0.988 0.409 0.955 0.981 
0.032 0.989 0.441 0.950 0.978 
0.028 0.991 0.860 0.932 0.981 
0.043 0.986 0.298 0.975 0.951 
0.032 0.993 0.403 0.963 0.951 
0.033 0.986 0.437 0.968 0.957 
0.039 0.986 0.172 0.965 0.948 
0.032 0.988 0.373 0.960 0.966 
0.037 0.985 0.127 0.963 0.948 
0.032 0.989 0.510 0.955 0.975 
0.032 0.992 0.506 0.963 0.963 
0.030 0.990 0.205 0.963 0.963 
0.034 0.989 0.485 0.953 0.978 
0.033 0.988 0.879 0.958 0.966 
0.058 0.983 0.093 0.975 0.938 
0.023 0.990 0.265 0.958 0.972 
0.030 0.991 0.113 0.975 0.935 
0.029 0.991 0.163 0.968 0.948 
0.043 0.988 0.347 0.958 0.978 
0.041 0.988 0.312 0.960 0.966 
0.022 0.995 0.218 0.963 0.960 
0.036 0.989 0.279 0.965 0.951 
0.041 0.989 0.591 0.963 0.972 
0.044 0.985 0.369 0.965 0.948 
0.042 0.987 0.220 0.960 0.954 
0.074 0.991 0.306 0.970 0.929 
0.044 0.986 0.894 0.950 0.978 
0.029 0.991 0.570 0.958 0.975 
0.023 0.993 0.497 0.958 0.972 
0.018 0.993 0.427 0.960 0.951 
0.067 0.986 0.275 0.960 0.960 
0.027 0.991 0.402 0.965 0.948 
0.036 0.991 0.244 0.963 0.966 
0.034 0.988 0.110 0.975 0.923 
0.040 0.991 0.129 0.973 0.938 
0.026 0.990 0.397 0.960 0.972 
0.033 0.988 0.410 0.950 0.988 
0.036 0.990 0.709 0.950 0.981 
0.025 0.993 0.332 0.960 0.966 
0.034 0.990 0.369 0.963 0.954 
0.031 0.992 0.219 0.968 0.948 
0.025 0.992 0.271 0.965 0.948 
0.034 0.990 0.378 0.963 0.963 
0.031 0.991 0.316 0.960 0.957 
0.042 0.985 0.377 0.960 0.978 
0.027 0.993 0.360 0.953 0.966 
0.047 0.983 0.211 0.968 0.941 
0.038 0.990 0.360 0.953 0.972 
0.034 0.990 0.264 0.963 0.963 
0.040 0.986 0.259 0.960 0.963 
0.032 0.990 0.236 0.975 0.941 
0.037 0.990 0.326 0.963 0.957 
0.041 0.985 0.467 0.955 0.972 
0.039 0.987 0.296 0.955 0.969 
0.028 0.990 0.301 0.963 0.951 
0.030 0.989 0.237 0.968 0.948 
0.028 0.992 0.358 0.960 0.969 
0.030 0.990 0.185 0.968 0.941 
0.033 0.989 0.416 0.958 0.960 
0.031 0.990 0.276 0.965 0.957 
0.041 0.987 0.255 0.963 0.969 
0.040 0.988 0.364 0.963 0.966 
0.040 0.988 0.173 0.963 0.941 
0.033 0.989 0.451 0.955 0.966 
0.040 0.992 0.340 0.963 0.969 
0.026 0.990 0.313 0.968 0.954 
0.037 0.987 0.319 0.958 0.972 
0.039 0.986 0.380 0.958 0.975 
0.033 0.992 0.216 0.973 0.941 
0.038 0.989 0.400 0.960 0.957 
0.026 0.992 0.393 0.958 0.978 
0.038 0.984 0.377 0.965 0.941 
0.039 0.989 0.514 0.963 0.938 
0.039 0.989 0.212 0.973 0.932 
0.040 0.989 0.221 0.958 0.963 
0.027 0.989 0.219 0.973 0.941 
0.040 0.991 0.208 0.968 0.954 
0.039 0.987 0.346 0.958 0.975 
0.024 0.991 0.406 0.960 0.960 
0.029 0.992 0.425 0.953 0.972 
0.036 0.988 0.363 0.958 0.969 
0.032 0.990 0.320 0.958 0.969 
0.035 0.991 0.160 0.970 0.948 
0.036 0.989 0.326 0.963 0.966 
0.043 0.988 0.125 0.970 0.886 
0.039 0.987 0.315 0.963 0.957 
0.032 0.987 0.195 0.975 0.932 
0.033 0.990 0.401 0.970 0.948 
0.036 0.988 0.200 0.960 0.972 
0.027 0.992 0.246 0.963 0.966 
0.024 0.990 0.216 0.960 0.966 
0.031 0.991 0.270 0.963 0.957 
0.044 0.990 0.261 0.960 0.963 
0.026 0.991 0.272 0.955 0.972 
0.038 0.989 0.248 0.953 0.981 
0.027 0.992 0.199 0.965 0.951 
0.026 0.990 0.288 0.963 0.966 
0.026 0.994 0.198 0.963 0.963 
0.033 0.989 0.210 0.963 0.957 
0.039 0.989 0.338 0.963 0.960 
0.043 0.989 0.199 0.958 0.969 
0.044 0.989 0.317 0.943 0.978 
0.034 0.991 0.264 0.965 0.960 
0.046 0.988 0.471 0.963 0.972 
0.022 0.993 0.559 0.965 0.957 
0.026 0.993 0.183 0.963 0.966 
0.049 0.986 0.107 0.968 0.938 
0.043 0.989 0.176 0.965 0.944 
0.044 0.988 0.290 0.963 0.948 
0.027 0.989 0.745 0.950 0.978 
0.028 0.991 0.353 0.963 0.944 
0.049 0.983 0.160 0.960 0.954 
0.020 0.994 0.468 0.958 0.963 
0.037 0.989 0.435 0.953 0.960 
0.031 0.990 0.160 0.963 0.954 
0.031 0.985 0.544 0.960 0.975 
0.033 0.990 0.460 0.960 0.963 
0.043 0.988 0.422 0.960 0.972 
0.033 0.989 0.285 0.960 0.969 
0.037 0.989 0.405 0.963 0.951 
0.031 0.988 0.414 0.965 0.969 
0.026 0.990 0.204 0.968 0.932 
0.035 0.988 0.355 0.955 0.966 
0.023 0.992 0.445 0.960 0.963 
0.033 0.988 0.468 0.948 0.981 
0.032 0.990 0.326 0.965 0.960 
0.028 0.989 0.472 0.943 0.972 
0.031 0.987 0.254 0.968 0.935 
0.049 0.990 0.215 0.978 0.901 
0.030 0.990 0.458 0.953 0.985 
0.041 0.990 0.218 0.960 0.951 
0.040 0.990 0.217 0.950 0.969 
0.031 0.986 0.190 0.963 0.957 
0.035 0.986 0.344 0.953 0.972 
0.031 0.990 0.360 0.950 0.972 
0.042 0.985 0.425 0.960 0.966 
0.025 0.991 0.623 0.958 0.966 
0.044 0.983 0.447 0.968 0.969 
0.032 0.988 0.409 0.958 0.966 
0.034 0.986 0.326 0.958 0.963 
0.035 0.992 0.330 0.955 0.975 
0.038 0.987 0.249 0.960 0.957 
0.037 0.989 0.399 0.970 0.941 
0.043 0.988 0.569 0.955 0.972 
0.031 0.988 0.276 0.970 0.951 
0.028 0.990 0.311 0.960 0.957 
0.049 0.987 0.154 0.980 0.935 
0.028 0.992 0.225 0.958 0.972 
0.034 0.989 0.327 0.950 0.978 
0.035 0.986 0.336 0.960 0.948 
0.052 0.984 0.282 0.978 0.948 
0.031 0.989 0.444 0.960 0.948 
0.038 0.992 0.627 0.960 0.951 
0.033 0.992 0.700 0.950 0.972 
0.026 0.991 0.367 0.960 0.960 
0.038 0.988 0.726 0.950 0.966 
0.042 0.984 0.134 0.965 0.954 
0.038 0.989 0.270 0.958 0.966 
0.032 0.989 0.434 0.963 0.969 
0.042 0.988 0.348 0.963 0.944 
0.037 0.988 0.289 0.965 0.966 
0.029 0.991 0.231 0.970 0.948 
0.038 0.985 0.254 0.965 0.951 
0.039 0.989 0.203 0.970 0.941 
0.035 0.988 0.223 0.968 0.938 
0.028 0.991 0.598 0.958 0.969 
0.042 0.987 0.468 0.963 0.941 
0.027 0.991 0.273 0.973 0.948 
0.028 0.992 0.443 0.970 0.929 
0.052 0.990 0.534 0.960 0.944 
0.078 0.986 0.260 0.963 0.948 
0.050 0.984 0.175 0.963 0.951 
0.033 0.989 0.415 0.963 0.951 
0.031 0.990 0.480 0.963 0.963 
0.034 0.989 0.353 0.968 0.954 
0.030 0.988 0.350 0.970 0.948 
0.038 0.988 0.437 0.960 0.969 
0.019 0.993 0.769 0.963 0.972 
0.044 0.989 0.500 0.960 0.954 
0.031 0.991 0.521 0.965 0.957 
0.037 0.989 0.360 0.963 0.951 
0.032 0.988 0.503 0.963 0.951 
0.040 0.985 0.503 0.975 0.938 
0.028 0.988 0.586 0.958 0.981 
0.027 0.991 0.336 0.968 0.954 
0.027 0.991 0.329 0.975 0.948 
0.027 0.991 0.593 0.955 0.978 
0.033 0.991 0.217 0.965 0.954 
0.042 0.986 0.316 0.960 0.957 
0.069 0.982 0.429 0.968 0.929 
0.055 0.985 0.221 0.965 0.951 
0.032 0.990 0.194 0.968 0.951 
0.028 0.993 0.275 0.973 0.938 
0.028 0.992 0.397 0.960 0.957 
0.038 0.986 0.365 0.965 0.938 
0.034 0.988 0.444 0.963 0.960 
0.036 0.989 0.326 0.965 0.951 
0.049 0.985 0.262 0.975 0.941 
0.030 0.989 0.505 0.955 0.969 
0.041 0.986 0.251 0.970 0.944 
0.034 0.989 0.531 0.963 0.948 
0.047 0.986 0.342 0.968 0.948 
0.038 0.986 0.276 0.963 0.951 
0.029 0.990 0.138 0.963 0.951 
0.027 0.990 0.102 0.970 0.935 
0.046 0.985 0.122 0.980 0.929 
0.036 0.990 0.333 0.958 0.981 
0.039 0.990 0.222 0.963 0.951 
0.040 0.986 0.169 0.968 0.938 
0.029 0.989 0.132 0.973 0.938 
0.021 0.992 0.200 0.965 0.935 
0.045 0.984 0.267 0.968 0.944 
0.035 0.988 0.221 0.968 0.938 
0.026 0.990 0.277 0.970 0.948 
0.060 0.988 0.304 0.973 0.954 
0.026 0.992 0.227 0.968 0.932 
0.016 0.995 0.356 0.968 0.966 
0.025 0.992 0.340 0.965 0.963 
0.035 0.989 0.195 0.968 0.960 
0.034 0.989 0.229 0.965 0.969 
0.037 0.989 0.612 0.958 0.978 
0.051 0.986 0.124 0.968 0.957 
0.023 0.990 0.267 0.963 0.957 
0.029 0.991 0.236 0.963 0.969 
0.039 0.988 0.152 0.973 0.957 
0.026 0.989 0.280 0.968 0.969 
0.039 0.986 0.226 0.965 0.969 
0.026 0.992 0.235 0.960 0.969 
0.029 0.991 0.274 0.968 0.954 
0.029 0.991 0.163 0.973 0.938 
0.054 0.989 0.514 0.963 0.954 
