0.316 0.866 0.178 0.930 1.000 
0.163 0.941 0.083 0.985 1.000 
0.142 0.954 0.142 0.950 1.000 
0.120 0.965 0.060 0.983 1.000 
0.119 0.965 0.080 0.983 1.000 
0.114 0.967 0.053 0.990 1.000 
0.120 0.961 0.085 0.968 1.000 
0.099 0.967 0.069 0.988 1.000 
0.085 0.972 0.083 0.983 1.000 
0.082 0.972 0.065 0.973 1.000 
0.090 0.971 0.071 0.975 1.000 
0.082 0.971 0.101 0.988 1.000 
0.083 0.976 0.074 0.980 1.000 
0.077 0.976 0.075 0.970 1.000 
0.083 0.978 0.060 0.983 1.000 
0.069 0.978 0.088 0.968 0.569 
0.073 0.980 0.062 0.978 1.000 
0.073 0.982 0.073 0.973 0.949 
0.071 0.976 0.090 0.968 1.000 
0.078 0.978 0.054 0.985 1.000 
0.065 0.980 0.041 0.993 1.000 
0.061 0.980 0.048 0.985 0.990 
0.065 0.977 0.048 0.983 1.000 
0.067 0.979 0.060 0.975 1.000 
0.066 0.983 0.051 0.988 1.000 
0.070 0.980 0.062 0.978 1.000 
0.052 0.983 0.049 0.988 1.000 
0.059 0.984 0.083 0.968 1.000 
0.070 0.980 0.041 0.990 0.997 
0.055 0.984 0.060 0.973 1.000 
0.059 0.981 0.067 0.973 1.000 
0.056 0.984 0.070 0.978 1.000 
0.068 0.983 0.046 0.990 1.000 
0.057 0.985 0.057 0.978 1.000 
0.041 0.988 0.048 0.978 0.038 
0.061 0.985 0.068 0.973 1.000 
0.041 0.989 0.050 0.988 1.000 
0.051 0.986 0.047 0.985 1.000 
0.050 0.988 0.084 0.970 1.000 
0.052 0.985 0.042 0.990 1.000 
0.037 0.990 0.037 0.990 0.987 
0.068 0.982 0.056 0.980 1.000 
0.046 0.989 0.044 0.988 1.000 
0.048 0.987 0.045 0.985 1.000 
0.059 0.980 0.099 0.955 1.000 
0.043 0.989 0.041 0.988 0.492 
0.051 0.983 0.076 0.970 1.000 
0.049 0.986 0.087 0.965 1.000 
0.041 0.989 0.045 0.988 1.000 
0.061 0.983 0.058 0.983 1.000 
0.043 0.989 0.047 0.983 0.968 
0.057 0.984 0.041 0.988 1.000 
0.046 0.986 0.040 0.990 1.000 
0.054 0.984 0.050 0.993 0.994 
0.057 0.983 0.050 0.985 0.997 
0.038 0.989 0.050 0.985 1.000 
0.040 0.987 0.046 0.988 1.000 
0.044 0.986 0.050 0.983 0.997 
0.042 0.990 0.055 0.978 1.000 
0.049 0.989 0.061 0.978 0.997 
0.048 0.986 0.043 0.988 1.000 
0.048 0.990 0.046 0.988 1.000 
0.046 0.986 0.083 0.968 1.000 
0.050 0.986 0.073 0.965 1.000 
0.044 0.989 0.070 0.973 0.665 
0.040 0.989 0.037 0.990 1.000 
0.041 0.988 0.037 0.988 0.917 
0.049 0.986 0.041 0.988 0.930 
0.047 0.986 0.071 0.978 1.000 
0.040 0.989 0.058 0.983 1.000 
0.039 0.989 0.037 0.990 1.000 
0.040 0.988 0.048 0.985 1.000 
0.039 0.989 0.129 0.953 0.994 
0.035 0.993 0.048 0.985 1.000 
0.038 0.990 0.064 0.980 1.000 
0.045 0.985 0.050 0.988 0.997 
0.032 0.993 0.070 0.973 1.000 
0.039 0.991 0.051 0.978 1.000 
0.038 0.989 0.062 0.975 1.000 
0.036 0.989 0.061 0.975 1.000 
0.042 0.989 0.086 0.963 0.990 
0.035 0.991 0.044 0.988 1.000 
0.037 0.989 0.042 0.988 1.000 
0.039 0.989 0.040 0.990 0.997 
0.038 0.990 0.037 0.990 1.000 
0.034 0.991 0.039 0.988 0.987 
0.046 0.989 0.058 0.978 0.958 
0.042 0.987 0.041 0.985 0.984 
0.042 0.991 0.037 0.990 0.492 
0.041 0.988 0.080 0.975 1.000 
0.041 0.987 0.062 0.975 1.000 
0.032 0.993 0.058 0.980 1.000 
0.039 0.990 0.048 0.988 1.000 
0.036 0.989 0.080 0.973 1.000 
0.039 0.989 0.070 0.975 1.000 
0.050 0.986 0.046 0.983 0.997 
0.042 0.992 0.059 0.978 0.997 
0.043 0.989 0.057 0.980 0.997 
0.038 0.987 0.047 0.985 1.000 
0.036 0.990 0.052 0.980 0.952 
0.035 0.990 0.072 0.978 1.000 
0.028 0.991 0.036 0.988 1.000 
0.040 0.989 0.045 0.988 1.000 
0.036 0.988 0.050 0.985 1.000 
0.033 0.991 0.035 0.988 1.000 
0.037 0.990 0.091 0.968 1.000 
0.027 0.993 0.036 0.983 1.000 
0.034 0.991 0.038 0.985 1.000 
0.037 0.989 0.052 0.980 0.971 
0.036 0.990 0.048 0.983 0.971 
0.040 0.992 0.033 0.990 1.000 
0.029 0.993 0.046 0.983 0.997 
0.035 0.993 0.052 0.985 0.997 
0.036 0.989 0.101 0.960 0.984 
0.039 0.990 0.070 0.978 1.000 
0.028 0.992 0.098 0.970 1.000 
0.038 0.988 0.046 0.988 1.000 
0.031 0.991 0.111 0.953 1.000 
0.034 0.992 0.035 0.993 1.000 
0.041 0.990 0.088 0.968 1.000 
0.030 0.993 0.022 0.990 1.000 
0.044 0.989 0.055 0.985 1.000 
0.037 0.991 0.064 0.975 1.000 
0.037 0.989 0.043 0.988 0.997 
0.030 0.992 0.057 0.980 0.997 
0.033 0.989 0.054 0.983 1.000 
0.032 0.992 0.056 0.980 0.997 
0.033 0.993 0.069 0.980 1.000 
0.029 0.992 0.077 0.973 1.000 
0.048 0.991 0.064 0.973 0.773 
0.040 0.989 0.043 0.990 1.000 
0.036 0.990 0.059 0.978 1.000 
0.028 0.991 0.039 0.988 1.000 
0.035 0.990 0.055 0.978 1.000 
0.033 0.992 0.072 0.978 1.000 
0.031 0.992 0.082 0.970 0.930 
0.039 0.989 0.026 0.993 0.096 
0.038 0.992 0.055 0.980 1.000 
0.032 0.993 0.035 0.990 1.000 
0.039 0.991 0.042 0.990 1.000 
0.030 0.992 0.053 0.980 1.000 
0.029 0.992 0.060 0.980 1.000 
0.039 0.989 0.060 0.980 1.000 
0.033 0.991 0.063 0.980 1.000 
0.045 0.991 0.134 0.938 0.994 
0.032 0.991 0.071 0.978 1.000 
0.028 0.993 0.048 0.980 1.000 
0.037 0.991 0.062 0.980 1.000 
0.029 0.992 0.148 0.948 0.990 
0.030 0.989 0.030 0.993 1.000 
0.029 0.993 0.048 0.985 0.990 
0.034 0.991 0.076 0.968 1.000 
0.029 0.993 0.072 0.978 1.000 
0.034 0.989 0.092 0.960 0.990 
0.034 0.993 0.082 0.978 1.000 
0.027 0.992 0.069 0.978 1.000 
0.030 0.991 0.032 0.990 1.000 
0.049 0.988 0.054 0.980 1.000 
0.034 0.992 0.050 0.985 0.997 
0.026 0.995 0.045 0.988 0.987 
0.029 0.993 0.065 0.980 0.994 
0.042 0.989 0.054 0.980 1.000 
0.035 0.992 0.104 0.965 0.987 
0.035 0.990 0.035 0.990 1.000 
0.028 0.993 0.038 0.988 0.997 
0.038 0.989 0.103 0.963 0.997 
0.025 0.993 0.044 0.985 1.000 
0.027 0.991 0.048 0.985 1.000 
0.031 0.988 0.076 0.973 1.000 
0.024 0.993 0.079 0.975 0.987 
0.029 0.992 0.058 0.980 0.990 
0.033 0.991 0.041 0.993 1.000 
0.024 0.992 0.144 0.948 1.000 
0.026 0.994 0.068 0.978 0.997 
0.033 0.992 0.037 0.985 1.000 
0.035 0.991 0.054 0.980 0.997 
0.031 0.990 0.072 0.970 0.904 
0.025 0.992 0.026 0.993 1.000 
0.035 0.989 0.046 0.980 1.000 
0.024 0.993 0.040 0.985 1.000 
0.025 0.991 0.077 0.970 1.000 
0.020 0.996 0.061 0.980 1.000 
0.029 0.992 0.049 0.985 1.000 
0.039 0.990 0.042 0.985 1.000 
0.030 0.992 0.039 0.985 0.997 
0.033 0.992 0.091 0.958 1.000 
0.031 0.991 0.034 0.990 0.978 
0.029 0.992 0.036 0.988 1.000 
0.036 0.990 0.039 0.990 1.000 
0.032 0.992 0.087 0.963 0.990 
0.021 0.996 0.040 0.988 1.000 
0.024 0.993 0.059 0.978 1.000 
0.036 0.990 0.039 0.988 1.000 
0.026 0.995 0.055 0.983 1.000 
0.031 0.990 0.055 0.985 1.000 
0.023 0.992 0.042 0.988 1.000 
0.029 0.994 0.065 0.973 1.000 
0.034 0.991 0.051 0.980 1.000 
0.030 0.993 0.032 0.990 1.000 
0.034 0.995 0.050 0.985 1.000 
0.027 0.992 0.029 0.990 1.000 
0.026 0.995 0.040 0.988 1.000 
0.026 0.996 0.058 0.980 1.000 
0.028 0.992 0.062 0.978 1.000 
0.028 0.991 0.084 0.965 0.984 
0.026 0.995 0.029 0.990 0.997 
0.034 0.989 0.047 0.985 1.000 
0.027 0.990 0.033 0.993 1.000 
0.028 0.994 0.042 0.988 1.000 
0.030 0.993 0.039 0.990 0.974 
0.031 0.993 0.081 0.968 0.981 
0.032 0.989 0.043 0.985 1.000 
0.032 0.991 0.054 0.978 1.000 
0.032 0.992 0.033 0.993 1.000 
0.020 0.995 0.031 0.993 1.000 
0.022 0.993 0.032 0.993 0.997 
0.016 0.996 0.035 0.993 0.997 
0.043 0.988 0.051 0.978 1.000 
0.033 0.992 0.051 0.980 0.997 
0.027 0.993 0.027 0.993 0.981 
0.035 0.992 0.108 0.958 0.885 
0.029 0.992 0.036 0.988 1.000 
0.031 0.993 0.022 0.993 0.997 
0.036 0.992 0.031 0.990 0.990 
0.023 0.995 0.104 0.955 0.696 
0.040 0.989 0.070 0.973 0.917 
0.026 0.996 0.044 0.980 0.987 
0.033 0.995 0.044 0.980 0.974 
0.024 0.993 0.092 0.955 1.000 
0.021 0.994 0.047 0.985 0.987 
0.022 0.995 0.038 0.988 0.974 
0.022 0.996 0.032 0.993 1.000 
0.027 0.991 0.077 0.970 0.994 
0.019 0.993 0.048 0.988 1.000 
0.024 0.995 0.081 0.973 1.000 
0.031 0.992 0.065 0.973 0.952 
0.026 0.992 0.035 0.990 0.812 
0.029 0.990 0.051 0.985 0.789 
0.030 0.992 0.039 0.990 0.265 
0.028 0.992 0.036 0.990 0.818 
0.025 0.993 0.043 0.988 1.000 
0.026 0.993 0.042 0.990 1.000 
0.026 0.993 0.093 0.965 1.000 
0.030 0.992 0.043 0.985 0.984 
0.027 0.992 0.069 0.973 0.994 
0.028 0.989 0.052 0.980 1.000 
0.018 0.994 0.053 0.978 0.994 
0.031 0.990 0.106 0.953 0.968 
0.023 0.995 0.044 0.985 0.997 
0.028 0.993 0.047 0.980 0.914 
0.019 0.995 0.042 0.988 1.000 
0.019 0.996 0.037 0.988 0.997 
0.029 0.993 0.033 0.990 0.974 
0.018 0.995 0.101 0.973 1.000 
0.034 0.989 0.039 0.988 1.000 
0.016 0.997 0.057 0.978 1.000 
0.026 0.993 0.047 0.978 0.994 
0.023 0.995 0.054 0.980 0.984 
0.031 0.993 0.064 0.978 0.997 
0.031 0.991 0.035 0.988 0.997 
0.027 0.993 0.078 0.965 0.987 
0.022 0.992 0.089 0.970 1.000 
0.023 0.993 0.057 0.980 0.984 
0.023 0.993 0.039 0.985 0.942 
0.032 0.992 0.036 0.988 1.000 
0.025 0.995 0.037 0.990 0.990 
0.026 0.994 0.056 0.980 1.000 
0.028 0.994 0.241 0.963 0.802 
0.030 0.991 0.049 0.980 1.000 
0.049 0.990 0.038 0.983 1.000 
0.021 0.993 0.048 0.985 1.000 
0.034 0.991 0.070 0.973 1.000 
0.023 0.993 0.075 0.968 1.000 
0.022 0.995 0.029 0.993 1.000 
0.025 0.993 0.046 0.985 1.000 
0.023 0.993 0.062 0.978 1.000 
0.025 0.993 0.049 0.980 0.994 
0.025 0.994 0.044 0.980 0.971 
0.024 0.993 0.085 0.965 1.000 
0.019 0.993 0.047 0.983 1.000 
0.020 0.994 0.059 0.980 1.000 
0.029 0.992 0.092 0.963 1.000 
0.025 0.991 0.056 0.980 1.000 
0.042 0.991 0.059 0.978 1.000 
0.035 0.991 0.054 0.980 1.000 
0.016 0.993 0.051 0.985 1.000 
0.028 0.992 0.047 0.980 1.000 
0.015 0.995 0.042 0.985 1.000 
0.018 0.995 0.045 0.985 1.000 
0.027 0.991 0.042 0.983 1.000 
0.032 0.992 0.039 0.988 1.000 
0.016 0.996 0.034 0.988 1.000 
0.022 0.993 0.053 0.985 1.000 
0.034 0.990 0.048 0.980 1.000 
0.026 0.994 0.098 0.965 1.000 
0.036 0.989 0.123 0.955 1.000 
0.023 0.994 0.039 0.988 1.000 
0.022 0.995 0.030 0.990 1.000 
0.020 0.995 0.050 0.983 1.000 
0.024 0.993 0.038 0.985 0.997 
0.032 0.992 0.037 0.993 1.000 
0.024 0.993 0.053 0.980 1.000 
0.038 0.991 0.036 0.990 0.997 
0.027 0.993 0.038 0.985 1.000 
0.027 0.992 0.034 0.988 1.000 
0.020 0.994 0.043 0.985 1.000 
0.022 0.995 0.075 0.970 0.990 
0.030 0.990 0.043 0.988 1.000 
0.024 0.993 0.084 0.975 1.000 
0.024 0.993 0.088 0.963 0.997 
0.019 0.996 0.092 0.963 1.000 
0.027 0.991 0.053 0.980 1.000 
0.020 0.995 0.026 0.995 1.000 
0.023 0.995 0.118 0.968 1.000 
0.036 0.990 0.058 0.985 0.990 
0.026 0.994 0.047 0.980 0.990 
0.088 0.992 0.097 0.983 1.000 
0.042 0.989 0.045 0.985 0.994 
0.017 0.997 0.055 0.975 0.962 
0.030 0.993 0.035 0.990 1.000 
0.026 0.993 0.034 0.993 1.000 
0.023 0.994 0.030 0.990 0.997 
0.026 0.994 0.029 0.993 1.000 
0.021 0.993 0.109 0.958 0.958 
0.024 0.995 0.032 0.993 1.000 
0.018 0.993 0.039 0.990 0.997 
0.024 0.990 0.033 0.993 1.000 
0.030 0.992 0.030 0.993 1.000 
0.024 0.993 0.035 0.993 0.997 
0.015 0.995 0.025 0.993 1.000 
0.029 0.993 0.031 0.990 1.000 
0.039 0.993 0.069 0.990 1.000 
0.027 0.991 0.030 0.993 1.000 
0.020 0.995 0.022 0.993 1.000 
0.022 0.995 0.087 0.960 0.930 
0.028 0.992 0.057 0.980 0.997 
0.022 0.993 0.040 0.988 1.000 
0.028 0.992 0.036 0.988 1.000 
0.017 0.996 0.034 0.993 1.000 
0.018 0.995 0.045 0.988 1.000 
0.016 0.995 0.041 0.988 1.000 
0.033 0.989 0.043 0.985 1.000 
0.029 0.993 0.033 0.988 1.000 
0.023 0.993 0.032 0.990 1.000 
0.029 0.992 0.032 0.993 0.997 
0.019 0.995 0.029 0.993 1.000 
0.024 0.993 0.036 0.993 1.000 
0.023 0.995 0.022 0.995 1.000 
0.019 0.997 0.033 0.993 0.997 
0.024 0.993 0.025 0.993 1.000 
0.019 0.995 0.046 0.985 1.000 
0.019 0.995 0.026 0.993 1.000 
0.015 0.997 0.033 0.993 1.000 
0.029 0.990 0.035 0.990 1.000 
0.029 0.992 0.079 0.968 1.000 
0.023 0.992 0.037 0.988 1.000 
0.020 0.995 0.038 0.985 1.000 
0.018 0.994 0.021 0.993 1.000 
0.035 0.992 0.029 0.988 1.000 
0.024 0.993 0.045 0.980 1.000 
0.025 0.995 0.055 0.980 1.000 
0.027 0.993 0.018 0.995 1.000 
0.023 0.993 0.047 0.980 1.000 
0.016 0.996 0.059 0.983 1.000 
0.023 0.996 0.028 0.993 0.987 
0.022 0.996 0.046 0.985 1.000 
0.019 0.993 0.033 0.993 0.987 
0.027 0.995 0.036 0.990 0.968 
0.016 0.997 0.036 0.988 0.978 
0.016 0.996 0.034 0.985 0.569 
0.031 0.992 0.049 0.980 0.965 
0.042 0.992 0.046 0.988 0.805 
0.025 0.996 0.033 0.988 0.872 
0.019 0.993 0.050 0.980 0.984 
0.018 0.996 0.025 0.993 1.000 
0.021 0.995 0.028 0.990 1.000 
0.017 0.996 0.051 0.978 0.997 
0.030 0.993 0.047 0.980 1.000 
0.019 0.995 0.035 0.988 1.000 
0.043 0.990 0.058 0.980 0.891 
0.016 0.996 0.027 0.993 0.872 
0.022 0.993 0.027 0.993 1.000 
0.039 0.994 0.051 0.983 1.000 
0.018 0.994 0.021 0.998 0.997 
0.017 0.993 0.021 0.993 0.796 
0.036 0.993 0.067 0.975 0.949 
0.017 0.995 0.027 0.993 0.984 
0.020 0.993 0.038 0.988 0.460 
0.026 0.992 0.049 0.978 1.000 
0.030 0.992 0.106 0.955 0.984 
0.017 0.995 0.031 0.993 1.000 
0.017 0.993 0.040 0.983 0.994 
0.019 0.997 0.033 0.993 0.920 
0.023 0.993 0.022 0.993 0.981 
0.021 0.995 0.026 0.993 1.000 
0.018 0.996 0.025 0.993 1.000 
0.017 0.995 0.039 0.985 1.000 
0.026 0.994 0.056 0.978 1.000 
0.033 0.992 0.030 0.988 1.000 
0.021 0.993 0.034 0.990 0.997 
0.017 0.996 0.028 0.993 1.000 
0.017 0.996 0.111 0.963 1.000 
0.021 0.993 0.023 0.993 1.000 
0.027 0.993 0.039 0.980 1.000 
0.026 0.991 0.029 0.993 0.994 
0.021 0.994 0.042 0.980 1.000 
0.020 0.993 0.056 0.980 1.000 
0.019 0.995 0.058 0.980 0.997 
0.029 0.993 0.028 0.993 0.994 
0.056 0.992 0.059 0.983 1.000 
0.026 0.996 0.050 0.980 0.994 
0.018 0.996 0.034 0.993 0.984 
0.019 0.995 0.027 0.993 1.000 
0.022 0.992 0.058 0.980 0.984 
0.050 0.992 0.049 0.980 0.968 
0.017 0.994 0.024 0.993 0.997 
0.027 0.993 0.027 0.993 0.997 
0.020 0.992 0.024 0.993 0.971 
0.015 0.996 0.036 0.985 1.000 
0.014 0.996 0.052 0.980 1.000 
0.026 0.990 0.033 0.990 1.000 
0.019 0.993 0.032 0.988 0.990 
0.015 0.995 0.039 0.988 0.984 
0.023 0.992 0.035 0.990 0.990 
0.030 0.993 0.043 0.983 0.942 
0.022 0.994 0.025 0.993 0.971 
0.023 0.994 0.034 0.988 0.665 
0.027 0.995 0.037 0.985 0.757 
0.030 0.992 0.134 0.955 1.000 
0.029 0.992 0.048 0.980 1.000 
0.024 0.992 0.020 0.993 1.000 
0.023 0.996 0.052 0.980 1.000 
0.025 0.993 0.046 0.988 0.997 
0.019 0.995 0.073 0.970 0.917 
0.025 0.992 0.049 0.988 0.757 
0.014 0.997 0.036 0.990 0.997 
0.026 0.994 0.060 0.973 0.997 
0.020 0.995 0.028 0.990 0.990 
0.023 0.994 0.034 0.990 0.968 
0.021 0.992 0.039 0.988 0.984 
0.016 0.997 0.028 0.993 1.000 
0.023 0.990 0.101 0.960 0.994 
0.018 0.993 0.033 0.990 1.000 
0.015 0.995 0.031 0.990 1.000 
0.019 0.994 0.043 0.988 1.000 
0.029 0.991 0.081 0.970 0.968 
0.019 0.995 0.060 0.978 0.888 
0.017 0.995 0.054 0.988 0.946 
0.020 0.995 0.046 0.985 1.000 
0.035 0.993 0.069 0.978 0.984 
0.020 0.995 0.117 0.960 1.000 
0.018 0.995 0.099 0.970 0.997 
0.018 0.996 0.031 0.990 1.000 
0.020 0.995 0.018 0.995 1.000 
0.026 0.992 0.038 0.988 1.000 
0.023 0.995 0.082 0.970 0.984 
0.025 0.992 0.049 0.988 1.000 
0.019 0.993 0.026 0.993 1.000 
0.027 0.993 0.028 0.993 1.000 
0.021 0.994 0.041 0.985 1.000 
0.023 0.992 0.026 0.993 1.000 
0.022 0.994 0.037 0.990 1.000 
0.017 0.996 0.027 0.993 1.000 
0.022 0.995 0.022 0.993 1.000 
0.018 0.995 0.048 0.978 1.000 
0.023 0.993 0.037 0.988 1.000 
0.026 0.992 0.073 0.973 1.000 
0.018 0.995 0.027 0.993 1.000 
0.019 0.995 0.083 0.970 0.994 
0.019 0.995 0.034 0.988 0.990 
0.019 0.993 0.023 0.993 0.636 
0.009 0.997 0.042 0.983 0.997 
0.024 0.993 0.042 0.983 0.955 
0.014 0.997 0.044 0.985 1.000 
0.023 0.996 0.027 0.993 1.000 
0.026 0.994 0.035 0.990 1.000 
0.017 0.997 0.038 0.988 1.000 
0.027 0.994 0.022 0.993 0.907 
0.029 0.993 0.064 0.980 0.994 
0.031 0.993 0.053 0.988 0.994 
0.019 0.995 0.028 0.993 0.981 
0.021 0.994 0.027 0.993 0.990 
0.016 0.995 0.037 0.990 1.000 
0.023 0.993 0.037 0.990 0.997 
0.020 0.994 0.106 0.953 0.981 
0.030 0.996 0.053 0.985 1.000 
0.021 0.993 0.029 0.990 1.000 
0.022 0.993 0.031 0.993 1.000 
0.022 0.995 0.044 0.993 0.997 
0.016 0.995 0.023 0.993 1.000 
0.031 0.993 0.028 0.993 1.000 
0.021 0.995 0.035 0.993 1.000 
0.020 0.995 0.046 0.983 0.990 
0.020 0.997 0.071 0.970 1.000 
0.022 0.995 0.065 0.980 1.000 
0.019 0.995 0.045 0.990 1.000 
0.018 0.996 0.049 0.990 1.000 
0.021 0.996 0.056 0.980 1.000 
0.024 0.993 0.034 0.993 1.000 
0.022 0.993 0.064 0.975 1.000 
0.023 0.995 0.043 0.990 0.997 
0.019 0.995 0.032 0.993 0.997 
0.021 0.992 0.058 0.983 0.997 
0.039 0.993 0.028 0.993 1.000 
0.021 0.995 0.037 0.993 1.000 
0.020 0.994 0.037 0.993 1.000 
0.018 0.996 0.039 0.990 1.000 
0.012 0.996 0.095 0.970 0.994 
0.029 0.993 0.024 0.993 1.000 
0.015 0.995 0.044 0.988 1.000 
0.018 0.996 0.038 0.988 1.000 
0.027 0.989 0.088 0.965 0.901 
0.021 0.995 0.035 0.990 1.000 
0.018 0.995 0.037 0.990 0.978 
0.022 0.994 0.045 0.985 0.971 
0.022 0.991 0.045 0.990 0.997 
0.025 0.993 0.055 0.980 1.000 
0.014 0.996 0.056 0.980 0.978 
0.017 0.995 0.015 0.995 0.984 
0.022 0.994 0.039 0.988 1.000 
0.017 0.994 0.069 0.978 1.000 
0.016 0.995 0.122 0.958 1.000 
0.026 0.994 0.053 0.988 1.000 
0.020 0.995 0.025 0.993 0.984 
0.019 0.994 0.050 0.985 1.000 
0.022 0.993 0.092 0.958 0.907 
0.020 0.995 0.053 0.980 1.000 
0.019 0.993 0.032 0.993 1.000 
0.015 0.995 0.036 0.988 1.000 
0.018 0.993 0.050 0.988 1.000 
0.020 0.996 0.082 0.970 1.000 
0.017 0.994 0.058 0.980 1.000 
0.051 0.989 0.032 0.993 1.000 
0.035 0.989 0.076 0.968 1.000 
0.039 0.993 0.088 0.973 1.000 
0.026 0.995 0.043 0.983 1.000 
0.021 0.994 0.085 0.960 1.000 
0.021 0.994 0.112 0.968 0.997 
0.018 0.993 0.055 0.980 0.952 
0.015 0.996 0.060 0.983 1.000 
0.025 0.993 0.070 0.975 1.000 
0.012 0.996 0.013 0.998 1.000 
0.023 0.995 0.069 0.975 0.942 
0.019 0.996 0.023 0.993 1.000 
0.018 0.995 0.042 0.990 1.000 
0.019 0.993 0.060 0.978 1.000 
0.021 0.996 0.046 0.978 1.000 
0.027 0.993 0.033 0.988 1.000 
0.027 0.992 0.025 0.990 1.000 
0.018 0.993 0.097 0.963 1.000 
0.020 0.994 0.033 0.990 1.000 
0.021 0.995 0.065 0.978 0.997 
0.014 0.997 0.037 0.990 1.000 
0.020 0.993 0.036 0.990 1.000 
0.037 0.992 0.039 0.990 1.000 
0.014 0.997 0.046 0.990 1.000 
0.009 0.998 0.027 0.993 1.000 
0.023 0.994 0.043 0.985 0.994 
0.026 0.997 0.044 0.985 1.000 
0.038 0.991 0.031 0.993 0.984 
0.021 0.995 0.042 0.990 1.000 
0.020 0.996 0.076 0.968 0.949 
0.023 0.993 0.093 0.963 0.984 
0.010 0.997 0.034 0.993 0.990 
0.024 0.993 0.040 0.990 1.000 
0.019 0.993 0.031 0.990 0.997 
0.031 0.992 0.044 0.988 0.997 
0.022 0.995 0.033 0.993 1.000 
0.030 0.995 0.050 0.985 0.997 
0.024 0.992 0.021 0.995 1.000 
0.023 0.994 0.053 0.978 0.962 
0.018 0.994 0.069 0.975 0.978 
0.015 0.995 0.025 0.993 0.997 
0.035 0.991 0.041 0.988 0.971 
0.012 0.996 0.045 0.988 0.987 
0.031 0.995 0.048 0.985 0.968 
0.013 0.996 0.027 0.990 1.000 
0.025 0.992 0.060 0.980 1.000 
0.018 0.995 0.046 0.988 0.990 
0.013 0.996 0.028 0.993 0.997 
0.020 0.995 0.028 0.990 1.000 
0.012 0.997 0.020 0.993 1.000 
0.021 0.992 0.018 0.993 1.000 
0.021 0.993 0.023 0.993 1.000 
0.016 0.995 0.016 0.995 1.000 
0.017 0.995 0.023 0.990 0.958 
0.015 0.997 0.054 0.983 0.997 
0.036 0.993 0.049 0.990 1.000 
0.020 0.995 0.025 0.993 1.000 
0.027 0.991 0.037 0.985 1.000 
0.018 0.994 0.037 0.988 1.000 
0.015 0.996 0.021 0.993 1.000 
0.013 0.996 0.033 0.993 1.000 
0.020 0.993 0.043 0.985 1.000 
0.012 0.997 0.024 0.993 1.000 
0.025 0.993 0.032 0.993 1.000 
0.019 0.994 0.120 0.960 0.792 
0.015 0.997 0.028 0.993 0.997 
0.030 0.991 0.029 0.993 1.000 
0.030 0.995 0.065 0.980 1.000 
0.020 0.995 0.046 0.988 1.000 
0.016 0.995 0.026 0.993 1.000 
0.031 0.990 0.107 0.963 1.000 
0.014 0.996 0.040 0.990 1.000 
0.016 0.995 0.028 0.993 1.000 
0.017 0.995 0.033 0.990 1.000 
0.029 0.993 0.034 0.990 1.000 
0.022 0.997 0.031 0.990 1.000 
0.029 0.995 0.013 0.998 1.000 
0.041 0.994 0.043 0.990 1.000 
0.017 0.997 0.044 0.985 1.000 
0.017 0.994 0.026 0.993 0.997 
0.017 0.994 0.041 0.990 1.000 
0.034 0.995 0.067 0.975 1.000 
0.016 0.996 0.051 0.990 1.000 
0.018 0.994 0.050 0.988 1.000 
0.020 0.995 0.051 0.990 0.990 
0.029 0.995 0.046 0.988 1.000 
0.016 0.996 0.034 0.993 0.990 
0.019 0.995 0.026 0.993 1.000 
0.016 0.995 0.024 0.993 0.981 
0.051 0.990 0.035 0.993 1.000 
0.017 0.993 0.078 0.978 1.000 
0.015 0.995 0.042 0.988 1.000 
0.017 0.996 0.035 0.993 1.000 
0.031 0.992 0.030 0.993 1.000 
0.016 0.996 0.026 0.990 1.000 
0.019 0.995 0.042 0.990 1.000 
0.020 0.995 0.076 0.978 1.000 
0.016 0.995 0.040 0.990 1.000 
0.012 0.998 0.055 0.985 0.994 
0.016 0.996 0.023 0.993 1.000 
0.031 0.989 0.062 0.978 1.000 
0.011 0.995 0.046 0.985 1.000 
0.026 0.992 0.115 0.950 0.933 
0.018 0.996 0.070 0.978 1.000 
0.022 0.996 0.046 0.988 1.000 
0.012 0.997 0.032 0.993 1.000 
0.015 0.995 0.029 0.993 1.000 
0.015 0.995 0.071 0.975 1.000 
0.024 0.993 0.033 0.993 0.997 
0.021 0.992 0.029 0.993 1.000 
0.012 0.996 0.023 0.993 1.000 
0.015 0.995 0.039 0.985 1.000 
0.016 0.996 0.028 0.990 1.000 
0.022 0.993 0.069 0.978 1.000 
0.015 0.995 0.045 0.990 1.000 
0.026 0.994 0.024 0.993 1.000 
0.016 0.994 0.051 0.988 1.000 
0.015 0.994 0.030 0.993 1.000 
0.030 0.992 0.046 0.988 1.000 
0.011 0.995 0.053 0.985 1.000 
0.016 0.996 0.028 0.993 1.000 
0.013 0.997 0.029 0.993 1.000 
0.022 0.994 0.052 0.980 1.000 
0.017 0.994 0.047 0.985 0.997 
0.013 0.996 0.037 0.993 1.000 
0.030 0.994 0.035 0.993 1.000 
0.019 0.996 0.096 0.993 1.000 
0.027 0.993 0.040 0.990 1.000 
0.017 0.994 0.038 0.993 1.000 
0.008 0.998 0.038 0.990 1.000 
0.015 0.994 0.036 0.993 0.994 
0.015 0.995 0.048 0.985 0.920 
0.017 0.994 0.033 0.993 1.000 
0.012 0.996 0.041 0.985 1.000 
0.013 0.997 0.035 0.988 1.000 
0.034 0.992 0.040 0.983 0.984 
0.026 0.993 0.091 0.970 0.435 
0.017 0.997 0.042 0.988 0.994 
0.015 0.994 0.081 0.970 1.000 
0.013 0.996 0.045 0.988 1.000 
0.016 0.996 0.035 0.993 1.000 
0.012 0.997 0.049 0.988 1.000 
0.014 0.995 0.034 0.993 0.997 
0.013 0.996 0.123 0.953 1.000 
0.019 0.995 0.025 0.988 0.987 
0.019 0.994 0.035 0.990 1.000 
0.017 0.996 0.031 0.985 1.000 
0.016 0.996 0.031 0.993 1.000 
0.019 0.993 0.048 0.983 1.000 
0.020 0.995 0.027 0.993 0.997 
0.020 0.996 0.020 0.993 0.997 
0.024 0.993 0.047 0.980 0.981 
0.012 0.995 0.057 0.980 0.879 
0.026 0.995 0.066 0.980 1.000 
0.013 0.996 0.034 0.993 1.000 
0.020 0.995 0.030 0.993 1.000 
0.024 0.993 0.089 0.963 1.000 
0.016 0.997 0.053 0.985 0.990 
0.011 0.996 0.032 0.990 1.000 
0.019 0.992 0.051 0.978 1.000 
0.016 0.995 0.037 0.985 1.000 
0.010 0.997 0.144 0.965 1.000 
0.015 0.995 0.026 0.993 1.000 
0.021 0.995 0.070 0.970 1.000 
0.022 0.995 0.086 0.970 1.000 
0.014 0.996 0.063 0.975 1.000 
0.024 0.992 0.040 0.983 0.997 
0.022 0.994 0.019 0.998 0.971 
0.021 0.996 0.027 0.988 1.000 
0.026 0.994 0.048 0.978 1.000 
0.016 0.995 0.024 0.993 1.000 
0.019 0.996 0.048 0.978 1.000 
0.018 0.996 0.045 0.985 1.000 
0.027 0.991 0.029 0.988 1.000 
0.010 0.997 0.044 0.985 1.000 
0.016 0.994 0.092 0.968 0.994 
0.014 0.996 0.077 0.975 1.000 
0.012 0.996 0.070 0.975 1.000 
0.021 0.993 0.057 0.983 1.000 
0.019 0.996 0.038 0.985 0.997 
0.010 0.996 0.019 0.993 1.000 
0.017 0.995 0.046 0.983 1.000 
0.019 0.996 0.056 0.980 0.997 
0.039 0.990 0.025 0.990 1.000 
0.020 0.995 0.034 0.990 1.000 
0.015 0.995 0.030 0.990 1.000 
0.096 0.993 0.102 0.985 1.000 
0.038 0.992 0.062 0.985 1.000 
0.027 0.993 0.028 0.990 0.997 
0.017 0.993 0.023 0.995 1.000 
0.019 0.996 0.017 0.998 1.000 
0.017 0.996 0.057 0.980 1.000 
0.017 0.995 0.011 0.998 1.000 
0.030 0.996 0.115 0.970 0.936 
0.033 0.992 0.089 0.965 1.000 
0.016 0.997 0.017 0.993 1.000 
0.014 0.995 0.051 0.983 1.000 
0.019 0.994 0.028 0.993 1.000 
0.017 0.996 0.050 0.983 0.997 
0.024 0.995 0.059 0.980 0.997 
0.025 0.995 0.050 0.980 1.000 
0.020 0.993 0.039 0.985 1.000 
0.016 0.994 0.014 0.998 1.000 
0.018 0.995 0.033 0.990 1.000 
0.016 0.996 0.079 0.978 0.978 
0.022 0.994 0.042 0.990 1.000 
0.038 0.993 0.034 0.990 1.000 
0.025 0.995 0.034 0.990 1.000 
0.015 0.996 0.026 0.990 1.000 
0.017 0.995 0.037 0.990 1.000 
0.018 0.996 0.137 0.965 0.997 
0.020 0.995 0.024 0.990 1.000 
0.023 0.995 0.068 0.980 1.000 
0.020 0.993 0.040 0.990 1.000 
0.019 0.995 0.068 0.978 0.994 
0.018 0.996 0.074 0.978 0.994 
0.022 0.996 0.060 0.980 1.000 
0.039 0.992 0.035 0.990 1.000 
0.018 0.996 0.047 0.988 0.997 
0.019 0.995 0.047 0.988 1.000 
0.018 0.995 0.054 0.988 0.997 
0.022 0.996 0.045 0.983 1.000 
0.015 0.996 0.086 0.975 0.997 
0.018 0.996 0.050 0.990 0.997 
0.020 0.993 0.058 0.980 0.997 
0.018 0.993 0.029 0.990 0.994 
0.015 0.996 0.033 0.990 1.000 
0.029 0.991 0.126 0.960 1.000 
0.021 0.993 0.065 0.978 1.000 
0.017 0.995 0.027 0.993 1.000 
0.012 0.997 0.030 0.993 1.000 
0.017 0.996 0.043 0.990 1.000 
0.017 0.993 0.025 0.993 1.000 
0.016 0.995 0.037 0.990 1.000 
0.015 0.996 0.041 0.988 1.000 
0.042 0.994 0.033 0.993 1.000 
0.018 0.995 0.059 0.980 1.000 
0.011 0.997 0.049 0.985 1.000 
0.024 0.995 0.032 0.993 1.000 
0.014 0.996 0.028 0.993 1.000 
0.013 0.997 0.035 0.993 1.000 
0.022 0.992 0.048 0.983 1.000 
0.023 0.993 0.034 0.993 1.000 
0.025 0.993 0.072 0.978 1.000 
0.010 0.997 0.056 0.983 1.000 
0.019 0.993 0.030 0.990 1.000 
0.012 0.997 0.027 0.993 1.000 
0.022 0.996 0.042 0.990 1.000 
0.024 0.993 0.059 0.975 1.000 
0.011 0.996 0.025 0.993 1.000 
0.012 0.995 0.064 0.980 1.000 
0.014 0.996 0.024 0.993 1.000 
0.020 0.995 0.039 0.985 1.000 
0.021 0.995 0.026 0.993 1.000 
0.032 0.994 0.030 0.993 1.000 
0.011 0.996 0.052 0.993 1.000 
0.010 0.997 0.033 0.990 1.000 
0.013 0.995 0.049 0.988 1.000 
0.019 0.996 0.050 0.990 1.000 
0.017 0.996 0.045 0.988 1.000 
0.021 0.995 0.035 0.990 1.000 
0.017 0.995 0.047 0.980 1.000 
0.035 0.991 0.023 0.993 1.000 
0.016 0.995 0.032 0.993 1.000 
0.022 0.994 0.036 0.988 1.000 
0.009 0.998 0.032 0.988 1.000 
0.014 0.996 0.036 0.988 1.000 
0.011 0.997 0.032 0.990 1.000 
0.010 0.997 0.065 0.985 1.000 
0.018 0.994 0.055 0.983 1.000 
0.023 0.995 0.087 0.963 1.000 
0.028 0.991 0.066 0.980 1.000 
0.017 0.996 0.044 0.988 1.000 
0.020 0.993 0.039 0.988 1.000 
0.019 0.993 0.117 0.965 0.981 
0.007 0.998 0.072 0.975 1.000 
0.018 0.995 0.068 0.973 0.987 
0.014 0.995 0.015 0.995 1.000 
0.013 0.995 0.044 0.985 0.997 
0.015 0.996 0.043 0.990 1.000 
0.009 0.996 0.114 0.965 1.000 
0.013 0.996 0.041 0.990 1.000 
0.016 0.995 0.069 0.975 1.000 
0.018 0.995 0.032 0.993 1.000 
0.016 0.994 0.061 0.978 1.000 
0.024 0.995 0.077 0.973 1.000 
0.022 0.994 0.046 0.990 1.000 
0.023 0.993 0.032 0.993 1.000 
0.027 0.994 0.039 0.990 0.997 
0.025 0.995 0.075 0.973 1.000 
0.012 0.996 0.042 0.980 1.000 
0.030 0.993 0.070 0.975 1.000 
0.026 0.993 0.034 0.988 1.000 
0.018 0.994 0.039 0.985 1.000 
0.013 0.997 0.039 0.985 1.000 
0.026 0.994 0.066 0.975 1.000 
0.030 0.992 0.027 0.993 1.000 
0.018 0.996 0.035 0.990 1.000 
0.023 0.993 0.084 0.973 1.000 
0.022 0.994 0.048 0.990 1.000 
0.025 0.995 0.035 0.990 1.000 
0.017 0.993 0.036 0.990 0.997 
0.019 0.996 0.019 0.995 1.000 
0.023 0.995 0.127 0.968 1.000 
0.030 0.993 0.066 0.983 1.000 
0.021 0.994 0.042 0.985 1.000 
0.012 0.997 0.065 0.978 1.000 
0.019 0.996 0.041 0.985 1.000 
0.022 0.996 0.055 0.980 1.000 
0.015 0.996 0.022 0.993 1.000 
0.017 0.995 0.031 0.990 1.000 
0.022 0.993 0.027 0.990 1.000 
0.013 0.997 0.077 0.975 0.997 
0.015 0.993 0.020 0.993 1.000 
0.022 0.992 0.042 0.988 1.000 
0.018 0.994 0.023 0.990 1.000 
0.017 0.995 0.027 0.993 1.000 
0.022 0.993 0.166 0.948 0.994 
0.016 0.995 0.025 0.993 1.000 
0.019 0.996 0.044 0.988 1.000 
0.014 0.996 0.073 0.978 1.000 
0.020 0.997 0.038 0.990 1.000 
0.009 0.996 0.024 0.993 1.000 
0.036 0.994 0.022 0.993 1.000 
0.015 0.995 0.037 0.990 1.000 
0.014 0.996 0.037 0.988 1.000 
0.012 0.995 0.015 0.993 1.000 
0.017 0.995 0.061 0.975 1.000 
0.016 0.994 0.031 0.990 1.000 
0.014 0.996 0.054 0.985 1.000 
0.004 0.999 0.068 0.990 1.000 
0.029 0.989 0.039 0.990 1.000 
0.013 0.995 0.036 0.990 1.000 
0.026 0.993 0.041 0.990 1.000 
0.014 0.997 0.035 0.988 1.000 
0.010 0.998 0.055 0.985 1.000 
0.013 0.997 0.041 0.993 1.000 
0.022 0.995 0.113 0.965 0.997 
0.012 0.997 0.021 0.993 1.000 
0.026 0.995 0.037 0.990 1.000 
0.025 0.994 0.031 0.990 1.000 
0.045 0.993 0.037 0.993 1.000 
0.011 0.997 0.024 0.993 1.000 
0.017 0.995 0.039 0.983 1.000 
0.018 0.996 0.038 0.990 1.000 
0.015 0.994 0.019 0.993 1.000 
0.021 0.994 0.026 0.993 1.000 
0.025 0.996 0.079 0.980 1.000 
0.017 0.995 0.021 0.993 1.000 
0.018 0.995 0.031 0.990 1.000 
0.014 0.996 0.027 0.993 1.000 
0.030 0.993 0.027 0.990 1.000 
0.018 0.996 0.085 0.968 1.000 
0.012 0.997 0.031 0.993 1.000 
0.018 0.995 0.033 0.990 1.000 
0.022 0.995 0.051 0.983 1.000 
0.016 0.996 0.054 0.978 1.000 
0.028 0.992 0.032 0.990 1.000 
0.009 0.997 0.027 0.993 1.000 
0.019 0.995 0.045 0.988 1.000 
0.014 0.995 0.080 0.968 1.000 
0.011 0.997 0.045 0.990 1.000 
0.024 0.993 0.057 0.975 1.000 
0.032 0.994 0.056 0.973 1.000 
0.015 0.996 0.068 0.975 0.997 
0.020 0.993 0.030 0.993 1.000 
0.007 0.998 0.027 0.993 1.000 
0.022 0.994 0.021 0.993 1.000 
0.026 0.995 0.036 0.990 1.000 
0.014 0.995 0.076 0.978 0.990 
0.016 0.995 0.049 0.983 0.962 
0.030 0.995 0.040 0.988 1.000 
0.018 0.996 0.063 0.978 0.997 
0.018 0.995 0.034 0.990 1.000 
0.009 0.997 0.049 0.985 1.000 
0.017 0.993 0.034 0.990 1.000 
0.023 0.995 0.055 0.983 1.000 
0.016 0.995 0.034 0.990 1.000 
0.016 0.996 0.031 0.993 1.000 
0.034 0.994 0.090 0.978 0.997 
0.019 0.994 0.032 0.993 1.000 
0.023 0.993 0.030 0.993 1.000 
0.015 0.998 0.029 0.993 1.000 
0.020 0.994 0.047 0.985 1.000 
0.021 0.996 0.033 0.990 1.000 
0.033 0.990 0.076 0.975 1.000 
0.017 0.996 0.060 0.980 1.000 
0.011 0.997 0.030 0.993 1.000 
0.030 0.994 0.026 0.993 1.000 
0.008 0.998 0.050 0.988 1.000 
0.023 0.994 0.030 0.990 1.000 
0.013 0.995 0.027 0.990 1.000 
0.016 0.996 0.024 0.993 1.000 
0.013 0.997 0.028 0.993 1.000 
0.019 0.995 0.044 0.990 1.000 
0.029 0.995 0.118 0.960 1.000 
0.010 0.997 0.032 0.993 1.000 
0.018 0.995 0.091 0.968 1.000 
0.024 0.994 0.029 0.990 1.000 
0.017 0.995 0.027 0.993 1.000 
0.024 0.994 0.034 0.993 1.000 
0.015 0.995 0.020 0.993 1.000 
0.009 0.997 0.036 0.990 1.000 
0.012 0.997 0.041 0.990 1.000 
0.025 0.994 0.022 0.993 1.000 
0.020 0.996 0.031 0.993 1.000 
0.016 0.997 0.041 0.990 0.974 
0.018 0.995 0.029 0.993 1.000 
0.021 0.994 0.021 0.993 1.000 
0.019 0.996 0.105 0.973 0.990 
0.020 0.996 0.033 0.988 1.000 
0.016 0.993 0.023 0.993 1.000 
0.024 0.994 0.027 0.993 1.000 
0.010 0.997 0.022 0.993 1.000 
0.030 0.991 0.069 0.978 1.000 
0.012 0.996 0.032 0.993 1.000 
0.009 0.998 0.041 0.988 1.000 
0.015 0.996 0.038 0.993 1.000 
0.032 0.991 0.036 0.990 1.000 
0.017 0.995 0.033 0.993 1.000 
0.022 0.995 0.043 0.990 1.000 
0.013 0.996 0.090 0.990 1.000 
0.010 0.998 0.078 0.988 0.997 
0.016 0.995 0.043 0.990 1.000 
0.012 0.998 0.104 0.973 1.000 
0.015 0.997 0.127 0.973 1.000 
0.014 0.996 0.026 0.993 1.000 
0.026 0.993 0.042 0.985 1.000 
0.016 0.997 0.038 0.990 1.000 
0.021 0.997 0.062 0.983 1.000 
0.019 0.995 0.049 0.985 1.000 
0.020 0.994 0.044 0.988 1.000 
0.015 0.996 0.029 0.993 1.000 
0.028 0.993 0.061 0.983 1.000 
0.014 0.997 0.044 0.985 1.000 
0.022 0.995 0.032 0.990 1.000 
0.028 0.991 0.045 0.983 1.000 
0.015 0.997 0.053 0.993 1.000 
0.022 0.995 0.047 0.983 1.000 
0.037 0.993 0.052 0.983 1.000 
0.011 0.996 0.027 0.993 1.000 
0.021 0.996 0.181 0.930 0.863 
0.015 0.995 0.031 0.993 1.000 
0.017 0.996 0.026 0.993 1.000 
0.012 0.996 0.021 0.993 1.000 
0.012 0.995 0.034 0.993 1.000 
0.030 0.991 0.030 0.990 1.000 
0.017 0.996 0.063 0.973 1.000 
0.009 0.998 0.046 0.990 1.000 
0.013 0.996 0.039 0.990 1.000 
0.029 0.993 0.068 0.978 1.000 
0.022 0.994 0.080 0.970 0.990 
0.023 0.994 0.074 0.988 1.000 
0.014 0.997 0.023 0.993 1.000 
0.015 0.995 0.029 0.988 1.000 
0.020 0.996 0.045 0.988 0.997 
0.011 0.996 0.036 0.990 1.000 
0.028 0.994 0.021 0.995 1.000 
0.009 0.998 0.052 0.988 1.000 
0.025 0.993 0.040 0.990 1.000 
0.015 0.995 0.060 0.980 1.000 
0.012 0.996 0.103 0.968 1.000 
0.025 0.992 0.035 0.993 1.000 
0.015 0.996 0.037 0.993 1.000 
0.020 0.995 0.061 0.980 1.000 
0.018 0.993 0.042 0.990 1.000 
0.016 0.996 0.032 0.993 1.000 
0.037 0.992 0.050 0.985 1.000 
