0.299 0.882 0.244 0.932 1.000 
0.193 0.938 0.101 0.980 1.000 
0.153 0.955 0.178 0.943 1.000 
0.145 0.947 0.157 0.968 1.000 
0.131 0.958 0.132 0.993 1.000 
0.096 0.971 0.118 0.950 1.000 
0.116 0.964 0.132 0.948 1.000 
0.113 0.962 0.076 0.983 1.000 
0.092 0.967 0.061 0.990 1.000 
0.091 0.971 0.079 0.995 1.000 
0.085 0.974 0.054 0.985 1.000 
0.087 0.972 0.067 0.993 1.000 
0.082 0.976 0.070 0.990 1.000 
0.074 0.978 0.047 0.993 1.000 
0.086 0.977 0.054 0.998 1.000 
0.079 0.978 0.091 0.985 1.000 
0.066 0.981 0.069 0.973 1.000 
0.059 0.983 0.036 0.995 1.000 
0.068 0.978 0.044 0.998 1.000 
0.068 0.980 0.046 0.990 1.000 
0.061 0.983 0.080 0.993 0.985 
0.062 0.984 0.058 0.995 0.909 
0.060 0.980 0.042 0.995 1.000 
0.066 0.982 0.039 0.998 1.000 
0.066 0.979 0.054 0.983 0.993 
0.061 0.980 0.076 0.973 1.000 
0.082 0.975 0.072 0.985 0.964 
0.056 0.983 0.067 0.978 0.949 
0.065 0.981 0.061 0.980 1.000 
0.059 0.981 0.061 0.995 1.000 
0.054 0.983 0.052 0.993 1.000 
0.062 0.982 0.054 0.995 0.971 
0.051 0.986 0.059 0.975 0.953 
0.058 0.986 0.058 0.985 1.000 
0.050 0.986 0.046 0.995 1.000 
0.057 0.982 0.045 0.988 0.993 
0.049 0.984 0.035 0.993 1.000 
0.042 0.985 0.052 0.995 0.985 
0.053 0.984 0.047 0.995 1.000 
0.054 0.987 0.041 0.990 0.647 
0.067 0.981 0.057 0.983 0.985 
0.046 0.987 0.066 0.975 0.960 
0.057 0.984 0.048 0.990 1.000 
0.049 0.984 0.055 0.993 0.978 
0.043 0.986 0.064 0.980 0.985 
0.049 0.986 0.049 0.995 1.000 
0.044 0.987 0.061 0.995 0.967 
0.050 0.988 0.075 0.983 1.000 
0.047 0.988 0.049 0.993 1.000 
0.046 0.986 0.049 0.995 0.782 
0.049 0.986 0.041 0.993 1.000 
0.048 0.984 0.060 0.995 1.000 
0.043 0.988 0.063 0.980 0.945 
0.042 0.991 0.036 0.993 1.000 
0.060 0.985 0.059 0.985 0.989 
0.046 0.985 0.039 0.988 0.098 
0.048 0.985 0.067 0.975 0.975 
0.040 0.987 0.048 0.985 0.836 
0.046 0.985 0.051 0.998 0.589 
0.040 0.990 0.033 0.993 1.000 
0.043 0.988 0.033 0.993 0.778 
0.046 0.987 0.037 0.993 0.836 
0.041 0.989 0.046 0.985 0.480 
0.046 0.987 0.042 0.995 0.971 
0.043 0.988 0.029 0.995 0.255 
0.044 0.988 0.076 0.973 1.000 
0.054 0.985 0.029 0.995 1.000 
0.046 0.988 0.067 0.990 1.000 
0.047 0.988 0.047 0.985 1.000 
0.044 0.985 0.040 0.988 0.818 
0.037 0.991 0.049 0.990 1.000 
0.039 0.988 0.041 0.990 1.000 
0.038 0.990 0.045 0.983 1.000 
0.036 0.990 0.027 0.995 1.000 
0.042 0.989 0.056 0.985 1.000 
0.038 0.989 0.029 0.993 1.000 
0.038 0.990 0.029 0.995 1.000 
0.035 0.991 0.033 0.990 1.000 
0.039 0.990 0.039 0.990 0.865 
0.040 0.991 0.026 0.995 0.971 
0.044 0.990 0.040 0.995 0.829 
0.046 0.985 0.090 0.965 0.993 
0.037 0.990 0.051 0.995 1.000 
0.037 0.991 0.058 0.975 0.989 
0.039 0.991 0.054 0.985 0.996 
0.039 0.989 0.054 0.983 0.931 
0.042 0.990 0.045 0.995 0.836 
0.037 0.990 0.043 0.988 1.000 
0.035 0.989 0.031 0.995 1.000 
0.038 0.992 0.044 0.988 0.880 
0.037 0.990 0.042 0.995 0.949 
0.036 0.991 0.028 0.995 1.000 
0.041 0.989 0.041 0.988 0.945 
0.042 0.990 0.055 0.988 1.000 
0.034 0.992 0.038 0.995 1.000 
0.039 0.986 0.044 0.983 0.415 
0.035 0.989 0.031 0.993 1.000 
0.032 0.990 0.027 0.995 0.975 
0.038 0.988 0.030 0.995 0.975 
0.040 0.988 0.047 0.990 0.982 
0.035 0.992 0.105 0.953 0.018 
0.043 0.987 0.030 0.995 0.735 
0.036 0.991 0.084 0.968 0.927 
0.044 0.989 0.044 0.990 0.985 
0.030 0.991 0.072 0.973 0.996 
0.034 0.992 0.090 0.963 0.920 
0.042 0.989 0.069 0.970 0.956 
0.034 0.989 0.053 0.973 0.840 
0.035 0.991 0.052 0.983 1.000 
0.035 0.992 0.072 0.978 1.000 
0.036 0.990 0.045 0.985 0.989 
0.032 0.990 0.144 0.930 0.956 
0.037 0.990 0.057 0.980 0.655 
0.028 0.992 0.040 0.988 0.756 
0.033 0.990 0.041 0.985 0.927 
0.034 0.992 0.037 0.995 0.993 
0.029 0.993 0.150 0.922 0.596 
0.035 0.990 0.047 0.985 0.978 
0.034 0.992 0.086 0.960 0.967 
0.038 0.990 0.028 0.995 0.960 
0.034 0.991 0.048 0.985 0.629 
0.033 0.993 0.061 0.978 1.000 
0.032 0.991 0.054 0.975 0.993 
0.027 0.994 0.024 0.995 0.993 
0.034 0.990 0.040 0.990 0.895 
0.039 0.990 0.072 0.970 0.971 
0.038 0.990 0.055 0.978 0.902 
0.035 0.988 0.067 0.973 0.560 
0.034 0.991 0.048 0.988 0.727 
0.028 0.993 0.027 0.993 0.691 
0.041 0.991 0.100 0.955 0.375 
0.037 0.994 0.048 0.983 0.996 
0.035 0.990 0.059 0.980 0.451 
0.030 0.991 0.047 0.993 0.989 
0.033 0.989 0.063 0.970 1.000 
0.028 0.991 0.030 0.995 0.956 
0.035 0.991 0.030 0.995 0.836 
0.032 0.992 0.044 0.988 0.935 
0.022 0.994 0.172 0.935 0.985 
0.031 0.993 0.065 0.970 0.993 
0.036 0.990 0.061 0.988 0.945 
0.031 0.992 0.046 0.988 1.000 
0.039 0.990 0.132 0.943 0.931 
0.040 0.990 0.041 0.993 0.887 
0.027 0.994 0.046 0.985 1.000 
0.031 0.992 0.076 0.975 0.967 
0.038 0.991 0.052 0.985 0.313 
0.029 0.992 0.035 0.990 1.000 
0.027 0.994 0.039 0.990 0.582 
0.033 0.991 0.038 0.990 0.931 
0.027 0.996 0.029 0.995 1.000 
0.043 0.989 0.069 0.980 0.815 
0.031 0.991 0.052 0.985 0.804 
0.024 0.994 0.046 0.988 0.589 
0.034 0.992 0.056 0.980 0.996 
0.034 0.989 0.036 0.993 0.753 
0.023 0.994 0.023 0.995 0.996 
0.034 0.992 0.095 0.958 0.993 
0.032 0.989 0.059 0.978 0.800 
0.033 0.992 0.031 0.995 0.945 
0.032 0.992 0.064 0.978 0.836 
0.032 0.991 0.032 0.995 0.556 
0.031 0.992 0.033 0.990 0.953 
0.029 0.992 0.037 0.990 0.909 
0.030 0.994 0.071 0.975 0.582 
0.031 0.991 0.029 0.995 0.945 
0.031 0.992 0.109 0.950 0.876 
0.031 0.992 0.056 0.980 0.956 
0.045 0.988 0.045 0.993 0.989 
0.028 0.993 0.023 0.993 0.996 
0.032 0.992 0.057 0.978 0.891 
0.032 0.992 0.053 0.983 0.985 
0.031 0.993 0.037 0.993 0.978 
0.032 0.991 0.049 0.978 0.687 
0.033 0.991 0.131 0.925 0.996 
0.029 0.992 0.030 0.993 0.480 
0.036 0.990 0.044 0.990 1.000 
0.021 0.994 0.056 0.983 0.804 
0.029 0.992 0.034 0.993 0.931 
0.033 0.991 0.053 0.988 0.978 
0.024 0.995 0.050 0.980 0.956 
0.027 0.993 0.054 0.985 0.916 
0.027 0.993 0.049 0.983 1.000 
0.024 0.992 0.029 0.990 0.913 
0.024 0.993 0.039 0.985 1.000 
0.024 0.995 0.040 0.988 1.000 
0.026 0.994 0.083 0.953 0.993 
0.033 0.990 0.088 0.950 0.993 
0.029 0.994 0.040 0.988 0.927 
0.024 0.996 0.044 0.988 0.975 
0.024 0.993 0.127 0.945 0.916 
0.032 0.992 0.049 0.985 0.484 
0.024 0.994 0.033 0.990 0.909 
0.029 0.994 0.035 0.988 1.000 
0.031 0.992 0.023 0.993 0.775 
0.043 0.992 0.028 0.995 0.985 
0.026 0.993 0.151 0.927 0.982 
0.028 0.992 0.031 0.993 0.953 
0.033 0.990 0.062 0.975 0.916 
0.027 0.991 0.060 0.985 0.738 
0.030 0.989 0.043 0.988 0.153 
0.020 0.995 0.031 0.995 0.200 
0.026 0.993 0.018 0.998 0.695 
0.024 0.994 0.074 0.965 0.989 
0.028 0.992 0.023 0.995 0.055 
0.033 0.991 0.025 0.995 0.135 
0.035 0.991 0.044 0.990 0.833 
0.026 0.993 0.052 0.980 0.680 
0.027 0.993 0.048 0.985 0.942 
0.030 0.991 0.058 0.983 0.778 
0.032 0.990 0.039 0.993 0.382 
0.037 0.992 0.029 0.995 0.924 
0.023 0.993 0.028 0.995 0.818 
0.028 0.992 0.035 0.990 0.909 
0.032 0.992 0.050 0.983 1.000 
0.033 0.993 0.092 0.958 1.000 
0.023 0.993 0.064 0.975 0.473 
0.024 0.994 0.033 0.990 0.975 
0.028 0.994 0.043 0.990 0.895 
0.028 0.994 0.032 0.993 0.989 
0.023 0.994 0.020 0.995 0.996 
0.023 0.994 0.025 0.995 0.989 
0.030 0.991 0.051 0.980 1.000 
0.025 0.995 0.026 0.995 1.000 
0.024 0.993 0.067 0.978 0.982 
0.022 0.992 0.068 0.975 0.978 
0.023 0.993 0.128 0.950 0.993 
0.016 0.995 0.047 0.983 0.978 
0.032 0.990 0.099 0.948 0.975 
0.036 0.990 0.025 0.993 0.865 
0.022 0.995 0.199 0.925 0.920 
0.023 0.994 0.022 0.995 0.978 
0.030 0.994 0.032 0.995 0.985 
0.027 0.993 0.125 0.943 0.956 
0.024 0.995 0.018 0.995 0.513 
0.031 0.991 0.045 0.990 0.975 
0.033 0.992 0.033 0.993 0.996 
0.032 0.992 0.028 0.995 0.989 
0.046 0.988 0.042 0.990 0.989 
0.024 0.994 0.101 0.948 0.975 
0.030 0.991 0.034 0.990 0.993 
0.026 0.993 0.032 0.993 1.000 
0.021 0.994 0.040 0.983 0.985 
0.041 0.988 0.089 0.963 1.000 
0.022 0.994 0.016 0.995 0.989 
0.041 0.992 0.026 0.990 1.000 
0.031 0.991 0.082 0.958 1.000 
0.030 0.992 0.054 0.983 1.000 
0.029 0.992 0.041 0.985 0.967 
0.037 0.991 0.049 0.983 0.989 
0.026 0.993 0.098 0.960 0.935 
0.029 0.993 0.050 0.980 0.938 
0.032 0.992 0.038 0.988 0.949 
0.031 0.993 0.052 0.988 0.160 
0.030 0.992 0.027 0.993 0.855 
0.025 0.994 0.020 0.995 1.000 
0.022 0.991 0.029 0.988 0.996 
0.020 0.994 0.058 0.983 1.000 
0.035 0.990 0.154 0.927 1.000 
0.023 0.993 0.015 0.995 1.000 
0.020 0.994 0.024 0.988 1.000 
0.034 0.994 0.039 0.988 0.960 
0.021 0.995 0.035 0.985 1.000 
0.035 0.992 0.024 0.995 0.945 
0.029 0.990 0.045 0.985 1.000 
0.029 0.992 0.031 0.988 0.985 
0.029 0.992 0.044 0.980 0.996 
0.029 0.992 0.075 0.960 0.982 
0.028 0.993 0.093 0.960 0.978 
0.016 0.995 0.019 0.995 0.840 
0.019 0.994 0.091 0.965 0.996 
0.023 0.994 0.024 0.993 1.000 
0.024 0.994 0.072 0.963 0.084 
0.036 0.991 0.038 0.993 0.840 
0.018 0.995 0.046 0.985 0.996 
0.026 0.993 0.050 0.983 0.982 
0.024 0.995 0.035 0.988 0.902 
0.043 0.992 0.042 0.988 0.975 
0.026 0.994 0.044 0.985 0.982 
0.023 0.993 0.060 0.973 0.905 
0.027 0.994 0.074 0.965 0.905 
0.023 0.993 0.073 0.973 0.735 
0.028 0.993 0.028 0.995 0.931 
0.028 0.992 0.063 0.973 0.545 
0.027 0.993 0.059 0.978 0.895 
0.041 0.993 0.123 0.938 0.989 
0.022 0.993 0.013 0.995 0.949 
0.024 0.994 0.044 0.985 0.931 
0.025 0.992 0.030 0.988 0.160 
0.018 0.994 0.095 0.970 0.785 
0.030 0.990 0.038 0.988 0.960 
0.029 0.994 0.066 0.973 0.895 
0.022 0.995 0.071 0.973 1.000 
0.024 0.993 0.022 0.993 0.847 
0.020 0.995 0.024 0.990 0.967 
0.024 0.993 0.072 0.968 0.880 
0.025 0.992 0.070 0.970 1.000 
0.030 0.989 0.033 0.985 0.905 
0.019 0.995 0.057 0.980 0.967 
0.038 0.991 0.060 0.990 0.993 
0.020 0.996 0.095 0.955 0.869 
0.033 0.992 0.021 0.990 0.949 
0.028 0.994 0.057 0.983 0.996 
0.025 0.994 0.042 0.985 0.993 
0.026 0.993 0.014 0.998 0.749 
0.025 0.993 0.022 0.995 0.996 
0.025 0.994 0.018 0.995 1.000 
0.031 0.994 0.069 0.970 0.876 
0.026 0.994 0.059 0.978 0.876 
0.028 0.992 0.043 0.988 0.153 
0.040 0.993 0.072 0.965 0.993 
0.031 0.991 0.025 0.995 0.855 
0.025 0.993 0.023 0.993 0.829 
0.023 0.993 0.017 0.995 0.989 
0.037 0.992 0.041 0.985 0.967 
0.017 0.996 0.048 0.983 1.000 
0.021 0.995 0.036 0.985 1.000 
0.025 0.993 0.027 0.990 1.000 
0.026 0.992 0.079 0.965 0.975 
0.019 0.994 0.029 0.988 0.993 
0.023 0.993 0.044 0.980 0.920 
0.026 0.992 0.019 0.995 1.000 
0.021 0.996 0.085 0.953 0.833 
0.024 0.994 0.173 0.922 0.869 
0.021 0.994 0.043 0.990 1.000 
0.025 0.994 0.038 0.990 0.993 
0.022 0.995 0.048 0.983 0.935 
0.034 0.991 0.073 0.975 0.985 
0.020 0.997 0.052 0.985 0.909 
0.026 0.993 0.025 0.993 0.902 
0.016 0.995 0.022 0.995 0.989 
0.022 0.992 0.034 0.988 0.891 
0.027 0.992 0.067 0.978 0.985 
0.034 0.991 0.098 0.945 0.949 
0.026 0.993 0.086 0.940 0.993 
0.024 0.993 0.040 0.988 0.989 
0.021 0.995 0.037 0.988 1.000 
0.021 0.996 0.254 0.907 0.996 
0.037 0.993 0.064 0.973 1.000 
0.014 0.996 0.020 0.995 1.000 
0.024 0.994 0.022 0.990 0.996 
0.025 0.994 0.044 0.988 0.993 
0.019 0.994 0.030 0.993 1.000 
0.022 0.991 0.035 0.985 1.000 
0.020 0.992 0.144 0.930 1.000 
0.018 0.995 0.121 0.935 1.000 
0.036 0.991 0.025 0.988 0.931 
0.031 0.992 0.061 0.980 1.000 
0.022 0.992 0.040 0.985 0.996 
0.027 0.994 0.041 0.988 0.996 
0.023 0.994 0.038 0.988 1.000 
0.022 0.995 0.039 0.988 1.000 
0.018 0.994 0.061 0.983 0.989 
0.020 0.994 0.097 0.950 0.982 
0.024 0.994 0.029 0.988 1.000 
0.028 0.995 0.054 0.983 0.993 
0.024 0.993 0.028 0.995 1.000 
0.021 0.995 0.028 0.995 1.000 
0.021 0.995 0.056 0.983 1.000 
0.024 0.993 0.015 0.995 1.000 
0.025 0.995 0.025 0.990 1.000 
0.016 0.995 0.133 0.940 0.978 
0.033 0.993 0.046 0.983 0.942 
0.016 0.994 0.056 0.983 1.000 
0.050 0.992 0.072 0.970 0.996 
0.024 0.995 0.036 0.985 1.000 
0.019 0.995 0.024 0.993 1.000 
0.019 0.993 0.086 0.968 1.000 
0.026 0.991 0.076 0.965 1.000 
0.024 0.995 0.041 0.985 1.000 
0.022 0.995 0.056 0.980 1.000 
0.033 0.993 0.045 0.985 1.000 
0.022 0.996 0.111 0.963 1.000 
0.029 0.992 0.051 0.978 1.000 
0.019 0.995 0.047 0.985 1.000 
0.020 0.996 0.012 0.998 1.000 
0.018 0.994 0.023 0.995 1.000 
0.020 0.995 0.045 0.983 1.000 
0.024 0.995 0.050 0.985 1.000 
0.037 0.993 0.069 0.968 1.000 
0.021 0.993 0.099 0.950 1.000 
0.018 0.993 0.070 0.970 1.000 
0.022 0.993 0.064 0.973 0.996 
0.025 0.993 0.030 0.980 0.975 
0.025 0.993 0.028 0.988 0.891 
0.023 0.996 0.108 0.948 1.000 
0.017 0.996 0.049 0.980 0.996 
0.023 0.993 0.037 0.988 1.000 
0.028 0.994 0.038 0.995 1.000 
0.023 0.992 0.088 0.945 0.989 
0.026 0.992 0.032 0.988 0.869 
0.025 0.994 0.061 0.978 0.993 
0.021 0.994 0.136 0.930 0.898 
0.034 0.991 0.032 0.988 0.516 
0.015 0.996 0.035 0.988 0.898 
0.027 0.991 0.035 0.993 1.000 
0.028 0.995 0.073 0.958 0.978 
0.024 0.992 0.033 0.983 1.000 
0.027 0.995 0.037 0.988 0.978 
0.031 0.994 0.053 0.983 0.989 
0.029 0.993 0.054 0.983 1.000 
0.020 0.996 0.089 0.950 0.996 
0.025 0.994 0.018 0.998 1.000 
0.039 0.992 0.018 0.995 1.000 
0.027 0.993 0.054 0.980 0.996 
0.018 0.995 0.040 0.988 0.989 
0.025 0.993 0.062 0.980 1.000 
0.032 0.992 0.035 0.988 1.000 
0.023 0.994 0.052 0.983 1.000 
0.026 0.992 0.049 0.980 1.000 
0.024 0.994 0.062 0.975 0.996 
0.017 0.995 0.038 0.988 1.000 
0.026 0.995 0.091 0.945 1.000 
0.023 0.994 0.090 0.943 1.000 
0.026 0.991 0.025 0.988 1.000 
0.018 0.996 0.028 0.988 1.000 
0.027 0.994 0.044 0.985 0.927 
0.028 0.995 0.017 0.998 0.985 
0.020 0.994 0.033 0.990 0.895 
0.021 0.993 0.041 0.988 0.964 
0.033 0.991 0.025 0.993 0.829 
0.025 0.993 0.017 0.998 0.938 
0.017 0.994 0.023 0.995 0.993 
0.012 0.996 0.096 0.963 0.975 
0.029 0.993 0.171 0.915 0.938 
0.016 0.997 0.025 0.995 1.000 
0.020 0.994 0.034 0.993 0.989 
0.028 0.991 0.043 0.985 0.204 
0.024 0.993 0.027 0.990 0.993 
0.020 0.996 0.027 0.995 0.236 
0.048 0.990 0.088 0.953 0.978 
0.035 0.990 0.035 0.985 0.898 
0.024 0.994 0.040 0.988 0.316 
0.024 0.993 0.065 0.975 0.295 
0.021 0.994 0.015 0.995 0.251 
0.021 0.995 0.035 0.988 1.000 
0.024 0.994 0.055 0.975 0.873 
0.026 0.994 0.067 0.955 0.502 
0.029 0.994 0.039 0.988 0.644 
0.015 0.996 0.046 0.985 0.520 
0.021 0.994 0.096 0.943 0.735 
0.023 0.995 0.022 0.995 1.000 
0.036 0.990 0.028 0.988 1.000 
0.020 0.995 0.044 0.980 1.000 
0.021 0.995 0.024 0.993 1.000 
0.022 0.994 0.095 0.953 1.000 
0.017 0.994 0.071 0.958 1.000 
0.031 0.994 0.057 0.978 1.000 
0.017 0.996 0.037 0.993 1.000 
0.016 0.995 0.089 0.955 1.000 
0.016 0.996 0.033 0.993 1.000 
0.026 0.992 0.016 0.995 1.000 
0.017 0.995 0.073 0.963 0.993 
0.022 0.994 0.043 0.980 0.996 
0.024 0.994 0.017 0.993 0.935 
0.020 0.994 0.040 0.985 0.560 
0.026 0.992 0.023 0.995 0.829 
0.019 0.995 0.044 0.985 1.000 
0.025 0.993 0.026 0.993 1.000 
0.023 0.993 0.056 0.978 0.931 
0.021 0.995 0.017 0.998 1.000 
0.017 0.995 0.013 0.998 0.975 
0.017 0.995 0.025 0.990 1.000 
0.028 0.993 0.038 0.990 1.000 
0.028 0.991 0.036 0.988 0.989 
0.045 0.991 0.028 0.993 1.000 
0.019 0.995 0.116 0.940 0.989 
0.039 0.991 0.052 0.983 1.000 
0.020 0.994 0.037 0.993 1.000 
0.021 0.994 0.031 0.993 1.000 
0.016 0.996 0.067 0.960 0.996 
0.021 0.995 0.028 0.990 0.800 
0.021 0.996 0.071 0.965 1.000 
0.016 0.995 0.039 0.983 0.945 
0.022 0.991 0.051 0.973 0.687 
0.023 0.993 0.018 0.995 0.967 
0.019 0.996 0.017 0.995 0.720 
0.021 0.996 0.063 0.970 1.000 
0.018 0.995 0.122 0.943 0.978 
0.026 0.995 0.093 0.943 0.924 
0.021 0.995 0.032 0.995 0.945 
0.023 0.995 0.018 0.995 0.705 
0.019 0.996 0.012 0.998 0.956 
0.012 0.996 0.021 0.995 0.898 
0.018 0.996 0.017 0.995 0.956 
0.024 0.993 0.019 0.995 0.935 
0.020 0.994 0.018 0.995 0.975 
0.028 0.993 0.020 0.995 0.996 
0.027 0.994 0.063 0.970 1.000 
0.029 0.994 0.037 0.990 1.000 
0.019 0.995 0.020 0.995 1.000 
0.021 0.996 0.032 0.990 1.000 
0.017 0.996 0.022 0.990 0.975 
0.032 0.993 0.023 0.995 1.000 
0.029 0.992 0.066 0.975 1.000 
0.039 0.992 0.037 0.985 1.000 
0.032 0.992 0.034 0.993 0.905 
0.023 0.996 0.014 0.998 0.709 
0.025 0.992 0.037 0.990 0.989 
0.019 0.996 0.052 0.983 0.996 
0.018 0.996 0.031 0.990 1.000 
0.024 0.992 0.019 0.995 1.000 
0.014 0.997 0.028 0.988 1.000 
0.038 0.993 0.067 0.963 0.993 
0.026 0.993 0.022 0.995 0.945 
0.016 0.996 0.015 0.998 0.996 
0.020 0.995 0.050 0.985 0.953 
0.024 0.994 0.023 0.998 0.996 
0.026 0.992 0.023 0.990 0.851 
0.026 0.994 0.036 0.988 0.920 
0.022 0.994 0.054 0.978 0.778 
0.013 0.997 0.044 0.988 0.989 
0.029 0.991 0.025 0.993 0.989 
0.018 0.995 0.088 0.953 1.000 
0.030 0.995 0.074 0.963 0.982 
0.022 0.994 0.023 0.995 1.000 
0.025 0.994 0.028 0.998 0.905 
0.013 0.997 0.028 0.988 1.000 
0.019 0.994 0.027 0.990 0.996 
0.026 0.995 0.028 0.993 1.000 
0.037 0.991 0.041 0.988 1.000 
0.022 0.992 0.022 0.990 0.429 
0.015 0.995 0.070 0.958 1.000 
0.016 0.993 0.043 0.988 0.884 
0.021 0.994 0.021 0.995 0.884 
0.023 0.994 0.019 0.998 0.582 
0.023 0.994 0.049 0.983 0.898 
0.039 0.993 0.027 0.995 0.993 
0.020 0.995 0.025 0.993 0.582 
0.018 0.993 0.017 0.995 0.625 
0.019 0.996 0.026 0.990 1.000 
0.025 0.994 0.044 0.975 1.000 
0.058 0.994 0.041 0.988 1.000 
0.016 0.997 0.055 0.975 1.000 
0.022 0.994 0.017 0.998 0.949 
0.017 0.995 0.022 0.995 0.844 
0.027 0.995 0.049 0.980 0.891 
0.015 0.996 0.049 0.985 0.891 
0.013 0.998 0.122 0.935 0.971 
0.025 0.992 0.026 0.993 0.764 
0.017 0.996 0.083 0.970 0.960 
0.029 0.992 0.097 0.943 0.967 
0.035 0.992 0.029 0.993 0.415 
0.020 0.995 0.083 0.953 0.953 
0.024 0.995 0.023 0.995 0.847 
0.017 0.994 0.115 0.940 0.953 
0.028 0.993 0.109 0.938 0.982 
0.018 0.996 0.075 0.953 0.935 
0.017 0.996 0.030 0.993 0.964 
0.017 0.996 0.029 0.990 0.949 
0.015 0.996 0.038 0.985 0.985 
0.025 0.992 0.050 0.988 0.996 
0.022 0.995 0.019 0.998 0.975 
0.025 0.993 0.084 0.970 0.982 
0.047 0.991 0.032 0.993 1.000 
0.035 0.994 0.035 0.990 0.989 
0.021 0.994 0.091 0.945 0.993 
0.028 0.993 0.047 0.978 1.000 
0.028 0.994 0.124 0.940 1.000 
0.019 0.994 0.025 0.995 0.993 
0.016 0.994 0.079 0.958 0.996 
0.014 0.995 0.012 0.998 0.971 
0.019 0.994 0.015 0.998 0.975 
0.020 0.994 0.041 0.983 0.909 
0.020 0.994 0.030 0.998 0.942 
0.021 0.994 0.129 0.932 1.000 
0.022 0.994 0.015 0.998 1.000 
0.026 0.996 0.111 0.940 0.942 
0.026 0.994 0.105 0.955 0.996 
0.018 0.995 0.022 0.993 1.000 
0.014 0.996 0.050 0.968 0.975 
0.022 0.995 0.015 0.998 0.909 
0.017 0.995 0.018 0.998 0.738 
0.021 0.994 0.047 0.983 0.782 
0.019 0.996 0.031 0.990 0.800 
0.021 0.993 0.091 0.948 0.982 
0.022 0.996 0.055 0.980 1.000 
0.019 0.994 0.054 0.978 0.796 
0.027 0.991 0.022 0.995 0.996 
0.024 0.992 0.023 0.990 0.749 
0.013 0.995 0.016 0.993 0.985 
0.029 0.995 0.019 0.990 1.000 
0.031 0.993 0.060 0.968 1.000 
0.014 0.995 0.030 0.990 0.993 
0.012 0.995 0.030 0.990 1.000 
0.019 0.996 0.052 0.978 0.942 
0.026 0.992 0.024 0.993 0.985 
0.016 0.996 0.023 0.990 0.989 
0.026 0.994 0.016 0.995 1.000 
0.016 0.995 0.095 0.953 0.985 
0.013 0.996 0.058 0.963 0.996 
0.017 0.997 0.034 0.990 0.993 
0.022 0.995 0.019 0.993 1.000 
0.025 0.995 0.082 0.973 0.909 
0.026 0.993 0.155 0.932 0.931 
0.023 0.994 0.023 0.995 0.949 
0.020 0.995 0.047 0.980 0.749 
0.024 0.993 0.036 0.988 0.996 
0.014 0.995 0.088 0.955 0.982 
0.020 0.996 0.023 0.993 0.996 
0.019 0.995 0.050 0.978 0.953 
0.023 0.993 0.048 0.985 0.884 
0.022 0.993 0.037 0.985 0.884 
0.020 0.995 0.201 0.927 0.825 
0.026 0.995 0.016 0.998 0.975 
0.017 0.995 0.063 0.973 0.789 
0.020 0.992 0.054 0.970 0.989 
0.022 0.993 0.107 0.940 0.982 
0.018 0.993 0.017 0.995 1.000 
0.019 0.995 0.034 0.988 1.000 
0.016 0.996 0.036 0.985 0.996 
0.017 0.995 0.014 0.998 0.996 
0.027 0.994 0.101 0.943 0.513 
0.022 0.995 0.038 0.985 0.967 
0.021 0.994 0.022 0.995 0.909 
0.019 0.995 0.041 0.985 0.847 
0.013 0.997 0.025 0.995 0.953 
0.030 0.991 0.015 0.998 0.920 
0.012 0.997 0.025 0.995 0.964 
0.016 0.996 0.041 0.983 0.964 
0.022 0.993 0.071 0.975 1.000 
0.027 0.995 0.036 0.985 1.000 
0.023 0.994 0.046 0.985 0.993 
0.028 0.994 0.014 0.998 0.996 
0.022 0.992 0.009 0.998 0.996 
0.030 0.994 0.017 0.995 1.000 
0.019 0.996 0.035 0.988 1.000 
0.017 0.995 0.162 0.927 1.000 
0.020 0.996 0.072 0.975 1.000 
0.023 0.994 0.107 0.945 1.000 
0.025 0.993 0.039 0.988 0.996 
0.023 0.995 0.043 0.985 1.000 
0.013 0.997 0.115 0.955 1.000 
0.038 0.995 0.051 0.975 0.949 
0.013 0.994 0.032 0.988 1.000 
0.012 0.996 0.016 0.993 1.000 
0.018 0.996 0.080 0.955 1.000 
0.022 0.994 0.060 0.978 1.000 
0.034 0.995 0.046 0.985 1.000 
0.019 0.995 0.050 0.978 1.000 
0.012 0.996 0.077 0.975 1.000 
0.027 0.992 0.054 0.980 0.996 
0.023 0.993 0.051 0.983 0.996 
0.020 0.994 0.055 0.980 1.000 
0.018 0.994 0.063 0.975 0.764 
0.024 0.996 0.019 0.993 0.996 
0.012 0.996 0.042 0.988 0.967 
0.019 0.994 0.046 0.985 0.996 
0.022 0.995 0.019 0.998 1.000 
0.010 0.998 0.014 0.995 1.000 
0.018 0.995 0.016 0.995 0.993 
0.013 0.996 0.018 0.998 1.000 
0.024 0.994 0.056 0.973 0.851 
0.016 0.995 0.029 0.993 0.993 
0.014 0.996 0.123 0.935 0.989 
0.015 0.996 0.074 0.963 0.989 
0.024 0.993 0.050 0.978 1.000 
0.025 0.995 0.022 0.995 1.000 
0.018 0.995 0.014 0.998 0.964 
0.021 0.994 0.025 0.993 0.982 
0.023 0.995 0.050 0.985 1.000 
0.015 0.997 0.026 0.990 0.996 
0.017 0.995 0.076 0.968 0.996 
0.020 0.993 0.017 0.998 0.804 
0.017 0.995 0.031 0.993 0.982 
0.019 0.995 0.036 0.983 0.996 
0.015 0.996 0.015 0.998 1.000 
0.017 0.995 0.023 0.995 0.916 
0.019 0.995 0.038 0.988 0.996 
0.020 0.996 0.017 0.998 1.000 
0.025 0.995 0.022 0.993 1.000 
0.015 0.996 0.077 0.958 0.982 
0.024 0.994 0.042 0.988 1.000 
0.014 0.997 0.013 0.998 1.000 
0.022 0.995 0.014 0.995 1.000 
0.014 0.994 0.038 0.985 1.000 
0.023 0.994 0.028 0.990 1.000 
0.019 0.994 0.015 0.998 0.993 
0.015 0.996 0.015 0.998 0.993 
0.011 0.996 0.059 0.975 0.982 
0.022 0.994 0.014 0.998 0.916 
0.010 0.996 0.042 0.980 0.945 
0.022 0.995 0.020 0.995 1.000 
0.015 0.996 0.042 0.980 0.982 
0.018 0.993 0.046 0.980 0.967 
0.061 0.992 0.064 0.968 1.000 
0.016 0.994 0.028 0.990 1.000 
0.022 0.994 0.056 0.975 1.000 
0.020 0.995 0.040 0.985 1.000 
0.012 0.996 0.016 0.995 1.000 
0.019 0.996 0.023 0.993 1.000 
0.013 0.996 0.062 0.980 1.000 
0.021 0.995 0.038 0.985 1.000 
0.015 0.997 0.014 0.998 1.000 
0.016 0.997 0.028 0.988 1.000 
0.038 0.993 0.054 0.978 1.000 
0.017 0.995 0.087 0.963 1.000 
0.014 0.996 0.022 0.993 1.000 
0.017 0.995 0.036 0.985 1.000 
0.011 0.997 0.043 0.985 1.000 
0.023 0.991 0.022 0.993 1.000 
0.025 0.994 0.064 0.973 1.000 
0.021 0.994 0.077 0.963 1.000 
0.014 0.996 0.133 0.932 1.000 
0.022 0.994 0.041 0.985 1.000 
0.016 0.997 0.034 0.988 1.000 
0.014 0.996 0.029 0.988 1.000 
0.020 0.993 0.015 0.998 1.000 
0.024 0.994 0.052 0.980 1.000 
0.019 0.994 0.035 0.993 1.000 
0.022 0.993 0.028 0.995 1.000 
0.028 0.992 0.040 0.980 1.000 
0.027 0.995 0.025 0.995 1.000 
0.021 0.996 0.066 0.983 1.000 
0.027 0.996 0.107 0.938 1.000 
0.019 0.995 0.036 0.983 0.993 
0.016 0.995 0.077 0.965 1.000 
0.014 0.995 0.113 0.958 0.989 
0.015 0.995 0.048 0.980 0.996 
0.026 0.993 0.023 0.995 1.000 
0.014 0.996 0.034 0.990 1.000 
0.022 0.994 0.028 0.995 1.000 
0.016 0.994 0.045 0.980 1.000 
0.009 0.996 0.009 0.998 1.000 
0.029 0.993 0.031 0.988 1.000 
0.016 0.995 0.082 0.963 0.975 
0.017 0.996 0.031 0.990 1.000 
0.025 0.993 0.142 0.922 0.295 
0.019 0.994 0.085 0.953 0.985 
0.020 0.994 0.075 0.958 0.985 
0.020 0.994 0.079 0.960 0.873 
0.020 0.994 0.052 0.980 0.989 
0.028 0.993 0.109 0.943 0.964 
0.015 0.995 0.023 0.995 1.000 
0.019 0.995 0.023 0.995 0.462 
0.021 0.993 0.018 0.998 0.996 
0.023 0.994 0.020 0.998 1.000 
0.013 0.997 0.074 0.975 1.000 
0.033 0.994 0.023 0.995 1.000 
0.016 0.994 0.014 0.998 1.000 
0.021 0.993 0.070 0.958 1.000 
0.060 0.992 0.066 0.968 1.000 
0.016 0.994 0.023 0.993 0.996 
0.015 0.994 0.055 0.973 1.000 
0.013 0.996 0.051 0.975 1.000 
0.019 0.993 0.087 0.955 0.996 
0.019 0.993 0.076 0.950 1.000 
0.014 0.998 0.092 0.950 1.000 
0.025 0.994 0.046 0.980 1.000 
0.014 0.996 0.037 0.988 1.000 
0.020 0.995 0.188 0.917 0.982 
0.018 0.995 0.038 0.990 1.000 
0.017 0.995 0.050 0.980 0.971 
0.017 0.994 0.074 0.960 1.000 
0.021 0.995 0.049 0.985 0.993 
0.016 0.997 0.105 0.948 0.993 
0.012 0.995 0.064 0.978 0.996 
0.019 0.995 0.058 0.973 0.945 
0.020 0.996 0.107 0.948 0.967 
0.021 0.995 0.044 0.983 1.000 
0.021 0.993 0.030 0.983 1.000 
0.012 0.997 0.038 0.980 1.000 
0.020 0.995 0.026 0.993 1.000 
0.040 0.991 0.084 0.960 1.000 
0.013 0.996 0.086 0.955 1.000 
0.024 0.993 0.058 0.975 1.000 
0.025 0.993 0.037 0.983 1.000 
0.022 0.994 0.054 0.978 1.000 
0.023 0.995 0.083 0.953 1.000 
0.043 0.993 0.032 0.980 1.000 
0.023 0.995 0.129 0.925 0.996 
0.017 0.996 0.056 0.980 1.000 
0.013 0.995 0.034 0.990 1.000 
0.017 0.994 0.224 0.920 0.971 
0.018 0.996 0.051 0.980 1.000 
0.016 0.997 0.016 0.998 1.000 
0.017 0.995 0.014 0.995 1.000 
0.023 0.994 0.017 0.998 1.000 
0.009 0.997 0.010 0.998 1.000 
0.018 0.993 0.030 0.988 0.978 
0.025 0.993 0.017 0.995 1.000 
0.010 0.997 0.046 0.983 1.000 
0.019 0.994 0.028 0.988 0.993 
0.022 0.995 0.044 0.983 1.000 
0.021 0.992 0.070 0.965 0.993 
0.018 0.995 0.037 0.988 1.000 
0.019 0.995 0.020 0.990 1.000 
0.023 0.995 0.027 0.988 1.000 
0.019 0.995 0.023 0.988 1.000 
0.029 0.995 0.023 0.990 1.000 
0.020 0.996 0.054 0.978 1.000 
0.038 0.995 0.026 0.990 0.993 
0.012 0.996 0.029 0.988 1.000 
0.023 0.994 0.035 0.985 0.996 
0.021 0.996 0.051 0.985 1.000 
0.017 0.995 0.033 0.988 1.000 
0.016 0.997 0.016 0.995 1.000 
0.021 0.995 0.021 0.990 1.000 
0.021 0.994 0.049 0.980 1.000 
0.035 0.993 0.087 0.948 1.000 
0.015 0.996 0.034 0.983 1.000 
0.016 0.997 0.096 0.950 1.000 
0.017 0.994 0.083 0.963 1.000 
0.022 0.993 0.118 0.945 1.000 
0.018 0.996 0.087 0.955 1.000 
0.015 0.995 0.097 0.955 1.000 
0.016 0.996 0.024 0.995 1.000 
0.014 0.995 0.013 0.998 1.000 
0.012 0.995 0.142 0.940 0.949 
0.018 0.994 0.025 0.988 0.698 
0.024 0.994 0.273 0.905 0.600 
0.016 0.996 0.026 0.995 0.982 
0.013 0.997 0.111 0.945 0.935 
0.018 0.994 0.162 0.935 0.935 
0.014 0.997 0.017 0.993 0.622 
0.019 0.997 0.031 0.993 0.993 
0.020 0.996 0.012 0.998 0.964 
0.020 0.995 0.039 0.985 1.000 
0.036 0.992 0.058 0.973 1.000 
0.017 0.996 0.053 0.975 1.000 
0.014 0.996 0.094 0.960 0.996 
0.020 0.994 0.045 0.988 0.989 
0.033 0.993 0.101 0.950 0.996 
0.014 0.997 0.080 0.975 1.000 
0.017 0.994 0.056 0.978 1.000 
0.016 0.996 0.028 0.988 1.000 
0.027 0.994 0.111 0.953 1.000 
0.021 0.995 0.096 0.953 1.000 
0.024 0.992 0.035 0.983 1.000 
0.008 0.998 0.108 0.945 1.000 
0.024 0.993 0.041 0.983 1.000 
0.031 0.991 0.069 0.960 0.985 
0.016 0.994 0.074 0.963 0.996 
0.018 0.996 0.142 0.927 1.000 
0.015 0.996 0.051 0.975 1.000 
0.011 0.996 0.020 0.995 0.956 
0.025 0.995 0.081 0.960 1.000 
0.014 0.997 0.013 0.995 1.000 
0.026 0.994 0.028 0.995 1.000 
0.018 0.995 0.047 0.978 1.000 
0.021 0.995 0.057 0.975 1.000 
0.026 0.995 0.048 0.980 1.000 
0.021 0.994 0.082 0.968 1.000 
0.019 0.994 0.083 0.960 1.000 
0.016 0.996 0.045 0.980 1.000 
0.016 0.995 0.034 0.988 1.000 
0.026 0.995 0.047 0.980 1.000 
0.026 0.993 0.041 0.985 1.000 
0.022 0.993 0.032 0.993 1.000 
0.012 0.996 0.084 0.953 1.000 
0.015 0.995 0.067 0.970 1.000 
0.022 0.995 0.026 0.993 1.000 
0.021 0.994 0.200 0.922 1.000 
0.010 0.997 0.012 0.998 1.000 
0.028 0.992 0.043 0.980 1.000 
0.018 0.995 0.014 0.995 1.000 
0.023 0.994 0.036 0.985 1.000 
0.025 0.996 0.034 0.995 1.000 
0.018 0.995 0.054 0.978 1.000 
0.007 0.997 0.110 0.950 0.996 
0.024 0.996 0.017 0.995 1.000 
0.022 0.994 0.031 0.990 1.000 
0.019 0.995 0.094 0.945 1.000 
0.018 0.994 0.098 0.943 1.000 
0.015 0.996 0.010 0.998 1.000 
0.021 0.994 0.039 0.988 1.000 
0.019 0.995 0.120 0.935 1.000 
0.021 0.995 0.040 0.985 1.000 
0.022 0.992 0.053 0.975 1.000 
0.018 0.995 0.019 0.995 1.000 
0.010 0.997 0.010 0.998 1.000 
0.016 0.995 0.014 0.998 1.000 
0.016 0.997 0.018 0.995 1.000 
0.016 0.993 0.011 0.998 1.000 
0.026 0.993 0.027 0.990 1.000 
0.012 0.996 0.012 0.998 1.000 
0.018 0.993 0.040 0.983 1.000 
0.007 0.997 0.020 0.993 1.000 
0.024 0.995 0.064 0.973 1.000 
0.020 0.995 0.031 0.990 1.000 
0.006 0.998 0.028 0.993 1.000 
0.026 0.994 0.053 0.978 1.000 
0.021 0.994 0.104 0.943 1.000 
0.016 0.997 0.051 0.980 1.000 
0.016 0.993 0.022 0.993 1.000 
0.014 0.997 0.017 0.995 1.000 
0.013 0.996 0.045 0.983 1.000 
0.015 0.997 0.018 0.995 1.000 
0.021 0.993 0.058 0.973 1.000 
0.012 0.997 0.148 0.932 1.000 
0.015 0.994 0.018 0.995 1.000 
0.012 0.995 0.088 0.963 1.000 
0.017 0.995 0.070 0.968 1.000 
0.016 0.994 0.018 0.995 1.000 
0.017 0.997 0.020 0.995 1.000 
0.033 0.994 0.024 0.993 1.000 
0.011 0.996 0.026 0.993 1.000 
0.030 0.993 0.004 0.998 1.000 
0.032 0.995 0.106 0.955 1.000 
0.013 0.997 0.011 0.998 1.000 
0.015 0.996 0.092 0.965 1.000 
0.020 0.995 0.016 0.998 1.000 
0.012 0.997 0.050 0.975 1.000 
0.021 0.993 0.015 0.995 1.000 
0.022 0.994 0.040 0.975 1.000 
0.015 0.995 0.151 0.930 1.000 
0.019 0.995 0.170 0.927 1.000 
0.016 0.995 0.073 0.960 1.000 
0.027 0.996 0.166 0.940 1.000 
0.032 0.991 0.073 0.963 1.000 
0.018 0.997 0.020 0.993 1.000 
0.015 0.995 0.014 0.995 1.000 
0.019 0.996 0.011 0.998 1.000 
0.030 0.993 0.013 0.995 1.000 
0.021 0.993 0.050 0.978 1.000 
0.013 0.996 0.018 0.993 1.000 
0.025 0.994 0.201 0.920 1.000 
0.021 0.995 0.014 0.995 1.000 
0.021 0.993 0.093 0.950 1.000 
0.012 0.997 0.071 0.970 1.000 
0.017 0.995 0.035 0.988 1.000 
0.014 0.996 0.030 0.988 1.000 
0.018 0.995 0.057 0.970 1.000 
0.026 0.993 0.047 0.975 1.000 
0.023 0.994 0.059 0.965 0.993 
0.012 0.995 0.021 0.990 1.000 
0.011 0.995 0.023 0.995 1.000 
0.024 0.992 0.061 0.965 0.993 
0.017 0.994 0.049 0.980 1.000 
0.024 0.994 0.095 0.948 1.000 
0.015 0.994 0.034 0.988 1.000 
0.016 0.996 0.014 0.998 1.000 
0.009 0.998 0.077 0.973 1.000 
0.019 0.994 0.137 0.940 1.000 
0.020 0.994 0.014 0.995 1.000 
0.024 0.992 0.085 0.965 1.000 
0.024 0.993 0.083 0.958 1.000 
0.016 0.995 0.012 0.998 1.000 
0.015 0.995 0.010 0.998 1.000 
0.007 0.997 0.088 0.960 1.000 
0.034 0.993 0.016 0.995 1.000 
0.023 0.993 0.024 0.990 1.000 
0.022 0.993 0.044 0.965 1.000 
0.013 0.997 0.012 0.998 1.000 
0.027 0.995 0.048 0.965 1.000 
0.027 0.994 0.099 0.950 0.996 
0.011 0.997 0.083 0.953 1.000 
0.027 0.993 0.089 0.953 1.000 
0.013 0.996 0.059 0.973 1.000 
0.033 0.994 0.100 0.945 1.000 
0.017 0.996 0.042 0.983 1.000 
0.011 0.996 0.026 0.995 1.000 
0.013 0.995 0.016 0.998 1.000 
0.016 0.997 0.026 0.990 1.000 
0.022 0.995 0.047 0.975 1.000 
0.025 0.994 0.015 0.998 1.000 
0.015 0.996 0.031 0.993 1.000 
0.017 0.995 0.151 0.938 1.000 
0.025 0.991 0.032 0.988 1.000 
0.020 0.994 0.051 0.978 0.993 
0.012 0.996 0.283 0.920 0.993 
0.010 0.998 0.028 0.990 1.000 
0.024 0.994 0.143 0.938 0.996 
0.015 0.996 0.091 0.960 0.985 
0.033 0.993 0.028 0.985 1.000 
0.012 0.997 0.017 0.993 1.000 
0.031 0.995 0.062 0.968 1.000 
0.010 0.997 0.017 0.993 1.000 
0.017 0.995 0.029 0.988 1.000 
0.013 0.995 0.040 0.988 0.989 
0.015 0.994 0.034 0.988 1.000 
0.012 0.996 0.016 0.998 1.000 
0.025 0.996 0.020 0.995 1.000 
0.028 0.994 0.010 0.998 0.975 
0.050 0.994 0.144 0.930 0.996 
0.032 0.995 0.023 0.993 1.000 
0.016 0.995 0.075 0.960 1.000 
0.017 0.996 0.032 0.985 0.982 
0.021 0.994 0.029 0.990 1.000 
0.012 0.997 0.067 0.963 0.996 
0.014 0.996 0.120 0.945 0.996 
0.051 0.989 0.089 0.950 0.996 
0.015 0.996 0.070 0.960 0.989 
0.017 0.994 0.100 0.948 0.971 
0.023 0.997 0.118 0.943 0.985 
0.016 0.996 0.032 0.988 0.985 
0.038 0.994 0.102 0.948 1.000 
0.011 0.996 0.023 0.993 1.000 
0.020 0.995 0.117 0.948 0.978 
0.038 0.993 0.102 0.950 0.989 
0.018 0.995 0.057 0.970 1.000 
0.021 0.995 0.149 0.927 0.967 
0.014 0.995 0.024 0.993 1.000 
0.013 0.995 0.043 0.983 0.985 
0.021 0.994 0.096 0.953 0.916 
0.015 0.995 0.039 0.985 0.982 
0.027 0.993 0.102 0.950 0.924 
0.009 0.996 0.094 0.953 0.993 
0.015 0.995 0.121 0.950 0.967 
0.012 0.997 0.058 0.973 0.996 
