0.275 0.899 0.164 0.955 1.000 
0.177 0.948 0.171 0.938 1.000 
0.133 0.954 0.149 0.975 1.000 
0.097 0.968 0.145 0.943 1.000 
0.086 0.973 0.101 0.968 1.000 
0.078 0.976 0.092 0.970 1.000 
0.088 0.979 0.098 0.970 1.000 
0.088 0.973 0.103 0.963 1.000 
0.077 0.978 0.133 0.943 1.000 
0.093 0.975 0.108 0.963 1.000 
0.069 0.976 0.086 0.980 1.000 
0.063 0.979 0.127 0.945 1.000 
0.063 0.976 0.125 0.965 1.000 
0.075 0.978 0.156 0.975 1.000 
0.070 0.979 0.092 0.978 1.000 
0.066 0.983 0.086 0.975 1.000 
0.071 0.974 0.096 0.975 1.000 
0.058 0.983 0.081 0.978 1.000 
0.069 0.979 0.095 0.965 1.000 
0.055 0.986 0.075 0.978 1.000 
0.053 0.984 0.122 0.958 1.000 
0.063 0.982 0.145 0.938 1.000 
0.051 0.985 0.089 0.975 1.000 
0.055 0.983 0.144 0.975 1.000 
0.053 0.986 0.071 0.980 1.000 
0.064 0.985 0.080 0.978 1.000 
0.049 0.986 0.107 0.958 1.000 
0.059 0.985 0.104 0.978 1.000 
0.049 0.986 0.095 0.975 1.000 
0.048 0.984 0.099 0.978 1.000 
0.042 0.987 0.091 0.975 1.000 
0.049 0.988 0.091 0.970 1.000 
0.044 0.986 0.076 0.975 1.000 
0.041 0.989 0.109 0.953 1.000 
0.041 0.990 0.097 0.970 1.000 
0.059 0.988 0.073 0.978 1.000 
0.050 0.986 0.078 0.975 1.000 
0.042 0.986 0.116 0.965 1.000 
0.045 0.988 0.075 0.975 1.000 
0.040 0.991 0.081 0.980 1.000 
0.058 0.985 0.074 0.978 1.000 
0.036 0.989 0.119 0.963 1.000 
0.046 0.991 0.098 0.965 1.000 
0.040 0.988 0.077 0.975 0.257 
0.056 0.988 0.129 0.950 0.796 
0.047 0.988 0.071 0.978 1.000 
0.040 0.989 0.078 0.980 1.000 
0.039 0.989 0.078 0.975 0.989 
0.044 0.987 0.077 0.975 1.000 
0.043 0.987 0.090 0.970 1.000 
0.041 0.986 0.068 0.980 0.875 
0.040 0.989 0.086 0.968 0.986 
0.040 0.990 0.084 0.975 0.925 
0.036 0.992 0.079 0.975 1.000 
0.042 0.986 0.069 0.978 0.443 
0.039 0.992 0.078 0.975 0.882 
0.041 0.989 0.134 0.938 0.968 
0.041 0.989 0.110 0.953 1.000 
0.027 0.993 0.078 0.978 1.000 
0.039 0.990 0.099 0.973 0.979 
0.047 0.988 0.088 0.973 1.000 
0.036 0.989 0.080 0.978 1.000 
0.039 0.990 0.081 0.973 1.000 
0.040 0.989 0.152 0.935 1.000 
0.039 0.992 0.102 0.960 1.000 
0.050 0.985 0.093 0.968 1.000 
0.042 0.988 0.092 0.968 0.832 
0.035 0.993 0.078 0.975 0.996 
0.036 0.990 0.069 0.980 0.996 
0.036 0.990 0.079 0.978 1.000 
0.035 0.989 0.063 0.983 1.000 
0.039 0.992 0.106 0.968 0.989 
0.041 0.989 0.222 0.930 0.200 
0.034 0.993 0.088 0.973 1.000 
0.031 0.991 0.075 0.978 0.996 
0.030 0.994 0.129 0.950 0.961 
0.040 0.988 0.083 0.975 0.332 
0.031 0.991 0.093 0.968 1.000 
0.033 0.991 0.097 0.965 0.804 
0.034 0.990 0.103 0.965 0.982 
0.030 0.990 0.076 0.978 0.339 
0.034 0.991 0.094 0.965 0.639 
0.033 0.992 0.107 0.965 0.968 
0.032 0.993 0.108 0.965 1.000 
0.042 0.988 0.096 0.968 0.689 
0.044 0.986 0.078 0.973 0.957 
0.034 0.992 0.111 0.968 0.971 
0.033 0.992 0.102 0.973 0.918 
0.026 0.992 0.106 0.970 1.000 
0.029 0.994 0.073 0.983 0.950 
0.033 0.990 0.102 0.970 0.929 
0.026 0.993 0.096 0.973 0.050 
0.031 0.992 0.132 0.963 0.864 
0.033 0.993 0.086 0.975 0.000 
0.034 0.990 0.067 0.975 0.175 
0.037 0.992 0.092 0.975 0.025 
0.029 0.992 0.093 0.973 0.986 
0.030 0.992 0.063 0.983 0.832 
0.054 0.988 0.065 0.978 0.011 
0.034 0.992 0.059 0.983 0.611 
0.023 0.995 0.086 0.975 0.368 
0.024 0.994 0.071 0.978 0.939 
0.030 0.992 0.073 0.973 0.889 
0.035 0.990 0.099 0.970 0.568 
0.043 0.987 0.094 0.973 0.968 
0.031 0.992 0.081 0.975 1.000 
0.038 0.988 0.080 0.978 1.000 
0.034 0.992 0.072 0.975 1.000 
0.033 0.990 0.078 0.978 1.000 
0.037 0.990 0.123 0.958 0.996 
0.031 0.991 0.077 0.973 0.993 
0.024 0.995 0.085 0.973 0.993 
0.033 0.990 0.078 0.980 0.704 
0.034 0.992 0.071 0.980 0.989 
0.032 0.993 0.081 0.973 0.993 
0.030 0.990 0.102 0.968 0.854 
0.040 0.986 0.099 0.968 1.000 
0.022 0.993 0.101 0.973 1.000 
0.036 0.991 0.087 0.968 1.000 
0.043 0.990 0.130 0.943 1.000 
0.030 0.993 0.137 0.955 1.000 
0.031 0.990 0.063 0.978 1.000 
0.025 0.993 0.097 0.968 1.000 
0.047 0.989 0.093 0.965 1.000 
0.031 0.991 0.076 0.973 1.000 
0.028 0.992 0.070 0.975 1.000 
0.026 0.992 0.115 0.953 0.971 
0.026 0.993 0.064 0.980 0.993 
0.024 0.993 0.099 0.968 1.000 
0.032 0.990 0.230 0.925 1.000 
0.022 0.994 0.078 0.980 0.771 
0.020 0.995 0.084 0.975 0.632 
0.032 0.992 0.073 0.978 0.000 
0.022 0.993 0.078 0.975 0.761 
0.021 0.994 0.076 0.973 0.186 
0.024 0.994 0.088 0.970 0.557 
0.029 0.994 0.068 0.978 0.907 
0.033 0.989 0.202 0.920 0.964 
0.030 0.990 0.082 0.978 0.996 
0.020 0.995 0.101 0.965 0.732 
0.030 0.992 0.100 0.965 1.000 
0.028 0.992 0.109 0.960 1.000 
0.038 0.989 0.090 0.975 0.836 
0.030 0.990 0.107 0.960 1.000 
0.036 0.989 0.109 0.963 0.436 
0.025 0.993 0.075 0.978 0.032 
0.023 0.993 0.163 0.938 1.000 
0.036 0.990 0.079 0.980 0.996 
0.029 0.994 0.090 0.973 0.993 
0.029 0.990 0.069 0.980 0.004 
0.020 0.993 0.078 0.978 0.875 
0.029 0.990 0.074 0.978 0.029 
0.035 0.990 0.081 0.973 0.157 
0.033 0.991 0.095 0.970 0.461 
0.032 0.992 0.077 0.975 0.971 
0.022 0.993 0.070 0.980 0.107 
0.030 0.992 0.075 0.978 0.346 
0.030 0.990 0.071 0.980 0.646 
0.027 0.994 0.070 0.980 0.439 
0.021 0.994 0.140 0.963 0.425 
0.030 0.990 0.077 0.970 1.000 
0.020 0.994 0.085 0.983 0.429 
0.039 0.992 0.127 0.955 1.000 
0.031 0.991 0.077 0.978 0.839 
0.018 0.993 0.056 0.983 1.000 
0.030 0.990 0.070 0.980 0.007 
0.029 0.992 0.065 0.980 0.000 
0.031 0.990 0.070 0.983 0.250 
0.025 0.994 0.074 0.973 0.914 
0.022 0.995 0.062 0.983 0.086 
0.020 0.993 0.075 0.975 0.946 
0.020 0.995 0.067 0.975 1.000 
0.022 0.993 0.104 0.973 0.000 
0.025 0.990 0.132 0.955 0.596 
0.025 0.993 0.109 0.963 1.000 
0.017 0.995 0.076 0.978 0.886 
0.029 0.993 0.087 0.970 0.900 
0.030 0.991 0.071 0.973 1.000 
0.026 0.993 0.077 0.978 0.054 
0.028 0.990 0.083 0.973 0.714 
0.027 0.993 0.105 0.963 0.893 
0.027 0.993 0.069 0.975 0.893 
0.019 0.993 0.057 0.983 0.957 
0.026 0.995 0.059 0.978 0.093 
0.024 0.993 0.072 0.978 0.979 
0.025 0.993 0.080 0.973 0.879 
0.024 0.994 0.085 0.973 0.864 
0.034 0.990 0.086 0.975 1.000 
0.022 0.995 0.073 0.975 1.000 
0.023 0.993 0.061 0.980 1.000 
0.017 0.996 0.087 0.978 0.921 
0.017 0.995 0.071 0.983 0.904 
0.035 0.992 0.063 0.975 0.821 
0.018 0.995 0.077 0.980 0.000 
0.028 0.992 0.143 0.953 0.893 
0.026 0.993 0.055 0.978 0.036 
0.028 0.995 0.130 0.955 0.004 
0.025 0.992 0.151 0.975 0.300 
0.036 0.992 0.095 0.970 0.000 
0.025 0.992 0.117 0.945 0.600 
0.020 0.996 0.105 0.975 0.032 
0.039 0.992 0.083 0.975 0.179 
0.020 0.995 0.092 0.975 0.571 
0.027 0.992 0.056 0.985 0.346 
0.020 0.995 0.084 0.978 0.996 
0.025 0.995 0.070 0.978 0.111 
0.033 0.993 0.065 0.980 0.479 
0.024 0.993 0.080 0.975 0.871 
0.027 0.992 0.061 0.983 0.957 
0.033 0.992 0.081 0.975 0.021 
0.020 0.992 0.077 0.980 0.693 
0.021 0.996 0.072 0.975 0.182 
0.020 0.994 0.145 0.963 1.000 
0.019 0.994 0.086 0.975 0.996 
0.025 0.993 0.069 0.978 0.829 
0.022 0.993 0.076 0.978 0.250 
0.021 0.994 0.075 0.975 1.000 
0.033 0.992 0.074 0.978 0.000 
0.038 0.990 0.060 0.980 0.021 
0.019 0.997 0.052 0.980 0.921 
0.021 0.995 0.060 0.980 0.907 
0.020 0.996 0.082 0.975 0.932 
0.018 0.996 0.073 0.975 1.000 
0.021 0.993 0.051 0.983 1.000 
0.026 0.992 0.081 0.975 0.764 
0.033 0.994 0.081 0.975 0.946 
0.022 0.995 0.086 0.975 0.971 
0.021 0.993 0.060 0.985 0.196 
0.024 0.995 0.074 0.980 0.046 
0.023 0.993 0.077 0.975 0.764 
0.018 0.995 0.159 0.975 0.829 
0.021 0.997 0.067 0.983 0.296 
0.023 0.995 0.093 0.978 0.000 
0.019 0.995 0.124 0.973 0.211 
0.019 0.995 0.108 0.963 0.900 
0.035 0.992 0.065 0.980 1.000 
0.022 0.995 0.069 0.980 0.986 
0.025 0.993 0.076 0.975 0.996 
0.026 0.993 0.174 0.940 0.771 
0.021 0.994 0.111 0.978 0.382 
0.016 0.995 0.181 0.968 0.996 
0.015 0.995 0.087 0.983 0.986 
0.018 0.995 0.087 0.975 1.000 
0.019 0.995 0.051 0.983 1.000 
0.020 0.994 0.057 0.988 1.000 
0.028 0.992 0.069 0.978 1.000 
0.025 0.992 0.076 0.975 1.000 
0.019 0.996 0.080 0.980 0.996 
0.014 0.997 0.125 0.978 1.000 
0.021 0.995 0.063 0.983 1.000 
0.028 0.993 0.131 0.960 1.000 
0.027 0.995 0.085 0.973 1.000 
0.020 0.995 0.067 0.978 0.996 
0.025 0.995 0.061 0.980 0.946 
0.021 0.994 0.160 0.935 0.979 
0.021 0.994 0.076 0.980 0.000 
0.024 0.994 0.071 0.983 0.771 
0.012 0.996 0.103 0.973 0.857 
0.025 0.992 0.185 0.975 0.018 
0.023 0.996 0.127 0.975 0.793 
0.030 0.995 0.079 0.973 0.993 
0.019 0.996 0.060 0.978 0.996 
0.024 0.993 0.106 0.970 0.996 
0.017 0.996 0.078 0.978 0.957 
0.019 0.995 0.094 0.975 0.996 
0.026 0.992 0.079 0.978 0.450 
0.024 0.995 0.060 0.983 1.000 
0.025 0.992 0.081 0.978 1.000 
0.023 0.995 0.107 0.980 0.254 
0.020 0.996 0.114 0.980 0.243 
0.012 0.996 0.185 0.968 0.307 
0.028 0.995 0.112 0.960 0.425 
0.018 0.993 0.080 0.975 0.836 
0.019 0.993 0.134 0.953 1.000 
0.014 0.996 0.076 0.978 0.961 
0.052 0.990 0.095 0.970 1.000 
0.025 0.993 0.201 0.917 1.000 
0.027 0.994 0.102 0.960 0.993 
0.018 0.996 0.060 0.978 1.000 
0.014 0.996 0.077 0.980 0.825 
0.018 0.996 0.092 0.978 0.982 
0.018 0.994 0.098 0.973 1.000 
0.019 0.995 0.130 0.973 0.971 
0.030 0.993 0.063 0.985 1.000 
0.034 0.993 0.078 0.980 1.000 
0.014 0.995 0.099 0.978 1.000 
0.018 0.995 0.074 0.975 1.000 
0.020 0.993 0.117 0.955 1.000 
0.015 0.995 0.138 0.958 0.996 
0.019 0.994 0.105 0.958 0.993 
0.028 0.991 0.123 0.958 0.996 
0.022 0.994 0.130 0.950 1.000 
0.021 0.995 0.097 0.968 0.921 
0.017 0.996 0.112 0.965 1.000 
0.048 0.989 0.080 0.973 1.000 
0.021 0.995 0.084 0.980 0.993 
0.023 0.993 0.064 0.980 0.943 
0.029 0.995 0.109 0.960 1.000 
0.015 0.996 0.103 0.975 1.000 
0.029 0.992 0.087 0.973 0.996 
0.025 0.990 0.132 0.965 0.932 
0.017 0.996 0.067 0.983 0.986 
0.020 0.993 0.075 0.973 1.000 
0.022 0.993 0.087 0.973 0.982 
0.022 0.992 0.098 0.970 0.989 
0.020 0.994 0.084 0.973 1.000 
0.021 0.994 0.165 0.955 1.000 
0.023 0.992 0.162 0.980 0.993 
0.037 0.993 0.099 0.960 1.000 
0.028 0.993 0.079 0.973 1.000 
0.024 0.994 0.196 0.943 1.000 
0.034 0.992 0.079 0.983 1.000 
0.018 0.993 0.074 0.978 1.000 
0.026 0.996 0.081 0.975 0.996 
0.030 0.990 0.090 0.975 1.000 
0.019 0.994 0.116 0.965 1.000 
0.017 0.995 0.102 0.965 1.000 
0.020 0.994 0.070 0.975 0.996 
0.015 0.995 0.174 0.955 1.000 
0.025 0.992 0.123 0.963 1.000 
0.022 0.994 0.084 0.970 1.000 
0.022 0.994 0.101 0.973 1.000 
0.017 0.996 0.065 0.978 0.979 
0.017 0.996 0.099 0.978 0.757 
0.026 0.994 0.082 0.980 0.889 
0.029 0.992 0.128 0.955 0.946 
0.024 0.993 0.119 0.955 0.996 
0.018 0.996 0.101 0.968 0.996 
0.015 0.995 0.097 0.968 1.000 
0.020 0.995 0.130 0.958 0.139 
0.018 0.997 0.080 0.978 0.614 
0.026 0.992 0.068 0.980 0.975 
0.012 0.996 0.085 0.980 0.971 
0.030 0.993 0.112 0.968 1.000 
0.031 0.994 0.124 0.973 0.993 
0.015 0.996 0.090 0.980 0.996 
0.023 0.996 0.087 0.978 1.000 
0.024 0.993 0.099 0.975 0.789 
0.022 0.993 0.066 0.983 0.989 
0.023 0.993 0.086 0.973 0.989 
0.024 0.992 0.053 0.983 1.000 
0.021 0.994 0.112 0.970 0.939 
0.014 0.996 0.080 0.978 0.943 
0.013 0.996 0.137 0.968 0.900 
0.019 0.995 0.070 0.978 1.000 
0.013 0.997 0.124 0.963 0.996 
0.022 0.993 0.085 0.975 0.996 
0.012 0.997 0.106 0.980 0.986 
0.024 0.993 0.134 0.948 0.996 
0.020 0.995 0.080 0.975 1.000 
0.015 0.997 0.090 0.980 0.389 
0.019 0.992 0.135 0.975 0.932 
0.057 0.993 0.106 0.980 1.000 
0.039 0.993 0.114 0.973 0.993 
0.015 0.996 0.092 0.975 1.000 
0.019 0.996 0.106 0.978 0.000 
0.023 0.994 0.141 0.968 0.843 
0.019 0.995 0.093 0.973 0.989 
0.016 0.996 0.127 0.970 0.268 
0.027 0.992 0.102 0.968 0.986 
0.018 0.993 0.097 0.973 0.618 
0.019 0.995 0.062 0.980 0.393 
0.021 0.993 0.208 0.973 0.000 
0.026 0.994 0.082 0.975 1.000 
0.017 0.994 0.419 0.927 0.004 
0.019 0.998 0.091 0.980 0.007 
0.026 0.995 0.088 0.980 0.796 
0.026 0.996 0.103 0.973 0.989 
0.038 0.990 0.061 0.983 1.000 
0.019 0.996 0.096 0.973 0.946 
0.023 0.992 0.081 0.978 0.993 
0.015 0.995 0.118 0.960 0.707 
0.022 0.995 0.104 0.968 1.000 
0.030 0.992 0.184 0.963 0.932 
0.016 0.995 0.068 0.983 0.629 
0.036 0.993 0.120 0.958 0.761 
0.024 0.993 0.097 0.968 1.000 
0.016 0.995 0.077 0.978 0.004 
0.032 0.991 0.095 0.965 0.989 
0.009 0.999 0.077 0.980 0.668 
0.024 0.997 0.087 0.980 1.000 
0.021 0.993 0.066 0.978 0.789 
0.021 0.996 0.057 0.980 0.054 
0.015 0.996 0.081 0.980 0.575 
0.023 0.995 0.094 0.973 0.925 
0.016 0.996 0.148 0.975 0.632 
0.022 0.995 0.073 0.978 1.000 
0.019 0.995 0.074 0.985 1.000 
0.013 0.995 0.160 0.960 1.000 
0.014 0.995 0.107 0.980 0.996 
0.026 0.995 0.157 0.935 1.000 
0.033 0.990 0.083 0.980 0.400 
0.014 0.995 0.196 0.943 0.982 
0.032 0.993 0.083 0.973 0.996 
0.017 0.995 0.120 0.958 1.000 
0.018 0.996 0.100 0.973 0.982 
0.010 0.998 0.206 0.968 0.986 
0.030 0.992 0.081 0.968 1.000 
0.013 0.995 0.114 0.973 0.996 
0.020 0.998 0.085 0.975 1.000 
0.018 0.995 0.078 0.978 0.996 
0.014 0.995 0.117 0.973 0.446 
0.012 0.995 0.158 0.963 1.000 
0.019 0.997 0.072 0.980 1.000 
0.022 0.993 0.141 0.953 1.000 
0.035 0.990 0.092 0.975 1.000 
0.008 0.999 0.089 0.973 1.000 
0.023 0.994 0.072 0.973 1.000 
0.021 0.995 0.151 0.938 1.000 
0.016 0.996 0.071 0.978 1.000 
0.030 0.991 0.070 0.975 0.986 
0.015 0.996 0.058 0.980 0.993 
0.016 0.994 0.105 0.970 1.000 
0.022 0.995 0.180 0.927 1.000 
0.021 0.995 0.094 0.970 0.996 
0.021 0.995 0.090 0.978 0.921 
0.017 0.995 0.065 0.980 1.000 
0.027 0.995 0.068 0.980 0.996 
0.014 0.996 0.089 0.980 1.000 
0.029 0.993 0.124 0.970 0.996 
0.043 0.992 0.075 0.980 0.993 
0.017 0.993 0.101 0.973 0.961 
0.018 0.996 0.097 0.978 0.625 
0.022 0.995 0.153 0.938 0.157 
0.017 0.994 0.074 0.978 0.904 
0.016 0.995 0.112 0.978 0.014 
0.013 0.993 0.146 0.940 0.996 
0.011 0.997 0.066 0.980 0.996 
0.016 0.995 0.115 0.968 0.996 
0.022 0.994 0.071 0.980 0.839 
0.014 0.995 0.113 0.973 0.996 
0.027 0.993 0.113 0.965 0.989 
0.019 0.993 0.173 0.920 0.979 
0.009 0.998 0.070 0.978 1.000 
0.017 0.993 0.069 0.978 0.986 
0.013 0.996 0.081 0.980 0.096 
0.013 0.996 0.052 0.980 1.000 
0.027 0.993 0.088 0.970 1.000 
0.011 0.995 0.087 0.978 1.000 
0.014 0.996 0.099 0.973 1.000 
0.020 0.993 0.063 0.980 0.996 
0.019 0.994 0.104 0.968 1.000 
0.009 0.998 0.160 0.963 0.996 
0.020 0.995 0.062 0.983 1.000 
0.025 0.992 0.125 0.980 1.000 
0.025 0.993 0.170 0.927 1.000 
0.027 0.992 0.107 0.960 1.000 
0.026 0.992 0.119 0.950 1.000 
0.015 0.996 0.072 0.980 1.000 
0.016 0.995 0.110 0.965 1.000 
0.017 0.991 0.109 0.970 1.000 
0.047 0.993 0.071 0.978 1.000 
0.014 0.995 0.106 0.980 0.996 
0.037 0.995 0.100 0.968 1.000 
0.015 0.994 0.099 0.978 0.996 
0.024 0.994 0.181 0.940 0.961 
0.015 0.996 0.109 0.970 1.000 
0.018 0.996 0.066 0.983 1.000 
0.018 0.996 0.083 0.975 1.000 
0.019 0.996 0.071 0.978 1.000 
0.017 0.995 0.102 0.968 1.000 
0.025 0.992 0.074 0.983 1.000 
0.015 0.995 0.057 0.983 1.000 
0.015 0.996 0.175 0.930 0.689 
0.012 0.997 0.120 0.973 0.993 
0.029 0.995 0.081 0.980 0.986 
0.018 0.995 0.154 0.943 1.000 
0.021 0.994 0.074 0.980 0.996 
0.029 0.991 0.090 0.978 0.993 
0.020 0.993 0.070 0.980 0.996 
0.025 0.994 0.078 0.978 0.996 
0.021 0.996 0.077 0.978 1.000 
0.023 0.992 0.134 0.960 1.000 
0.011 0.997 0.108 0.970 1.000 
0.021 0.993 0.117 0.968 1.000 
0.018 0.995 0.114 0.968 1.000 
0.023 0.995 0.099 0.968 1.000 
0.014 0.996 0.127 0.970 0.136 
0.021 0.993 0.094 0.978 1.000 
0.013 0.995 0.146 0.968 1.000 
0.021 0.996 0.092 0.970 1.000 
0.021 0.995 0.096 0.973 1.000 
0.016 0.995 0.078 0.975 1.000 
0.020 0.995 0.098 0.970 1.000 
0.015 0.995 0.055 0.983 1.000 
0.023 0.995 0.088 0.973 1.000 
0.011 0.996 0.118 0.968 1.000 
0.014 0.998 0.096 0.973 1.000 
0.013 0.996 0.099 0.973 0.996 
0.012 0.997 0.088 0.973 1.000 
0.017 0.995 0.118 0.968 0.996 
0.025 0.993 0.101 0.970 1.000 
0.026 0.993 0.114 0.965 1.000 
0.017 0.996 0.093 0.973 1.000 
0.011 0.996 0.183 0.955 1.000 
0.021 0.994 0.193 0.920 1.000 
0.018 0.995 0.115 0.965 1.000 
0.013 0.997 0.087 0.973 1.000 
0.024 0.994 0.094 0.973 1.000 
0.023 0.994 0.111 0.960 1.000 
0.016 0.996 0.086 0.978 1.000 
0.012 0.996 0.083 0.980 1.000 
0.035 0.990 0.100 0.968 1.000 
0.016 0.995 0.078 0.978 1.000 
0.022 0.993 0.094 0.975 0.996 
0.020 0.993 0.074 0.978 1.000 
0.019 0.995 0.116 0.975 0.996 
0.010 0.998 0.051 0.985 1.000 
0.021 0.993 0.053 0.983 1.000 
0.017 0.996 0.078 0.978 1.000 
0.013 0.997 0.063 0.983 1.000 
0.015 0.998 0.101 0.973 1.000 
0.019 0.996 0.086 0.978 0.996 
0.018 0.995 0.109 0.965 1.000 
0.026 0.995 0.096 0.973 0.657 
0.009 0.998 0.093 0.975 1.000 
0.023 0.995 0.088 0.973 1.000 
0.019 0.993 0.108 0.970 1.000 
0.028 0.992 0.073 0.978 1.000 
0.012 0.996 0.129 0.973 1.000 
0.024 0.993 0.098 0.978 0.989 
0.019 0.996 0.101 0.975 0.993 
0.024 0.995 0.148 0.953 1.000 
0.013 0.998 0.097 0.978 0.786 
0.017 0.996 0.230 0.945 0.975 
0.014 0.997 0.104 0.980 0.993 
0.012 0.995 0.174 0.980 0.950 
0.031 0.994 0.106 0.978 1.000 
0.026 0.996 0.093 0.980 0.996 
0.024 0.995 0.088 0.975 1.000 
0.021 0.995 0.076 0.983 0.993 
0.009 0.996 0.116 0.980 0.996 
0.018 0.996 0.071 0.980 1.000 
0.014 0.996 0.088 0.978 1.000 
0.030 0.993 0.107 0.973 0.996 
0.021 0.995 0.074 0.978 1.000 
0.014 0.995 0.081 0.983 0.993 
0.011 0.997 0.108 0.970 0.979 
0.012 0.996 0.098 0.980 0.882 
0.015 0.997 0.078 0.980 0.846 
0.019 0.993 0.129 0.975 1.000 
0.025 0.995 0.055 0.983 0.996 
0.010 0.997 0.105 0.973 0.996 
0.021 0.995 0.092 0.975 1.000 
0.022 0.993 0.075 0.983 1.000 
0.013 0.996 0.070 0.983 1.000 
0.023 0.996 0.121 0.975 0.996 
0.015 0.996 0.066 0.985 1.000 
0.018 0.995 0.084 0.980 0.996 
0.020 0.995 0.083 0.978 1.000 
0.022 0.993 0.076 0.975 0.993 
0.016 0.995 0.111 0.968 1.000 
0.013 0.997 0.065 0.983 1.000 
0.018 0.995 0.090 0.975 1.000 
0.015 0.997 0.137 0.955 0.943 
0.023 0.995 0.081 0.975 1.000 
0.010 0.996 0.074 0.975 1.000 
0.013 0.996 0.080 0.975 1.000 
0.019 0.995 0.110 0.973 1.000 
0.021 0.995 0.098 0.973 0.943 
0.036 0.990 0.100 0.973 0.996 
0.014 0.996 0.090 0.975 0.993 
0.036 0.993 0.128 0.948 1.000 
0.013 0.997 0.100 0.973 1.000 
0.027 0.995 0.108 0.963 1.000 
0.017 0.995 0.146 0.953 1.000 
0.014 0.996 0.094 0.975 1.000 
0.020 0.995 0.082 0.978 1.000 
0.023 0.993 0.105 0.978 1.000 
0.017 0.996 0.090 0.973 1.000 
0.019 0.996 0.124 0.980 1.000 
0.012 0.996 0.082 0.975 1.000 
0.014 0.995 0.086 0.973 1.000 
0.015 0.997 0.093 0.975 1.000 
0.019 0.995 0.094 0.973 1.000 
0.023 0.995 0.097 0.973 1.000 
0.026 0.993 0.127 0.958 1.000 
0.010 0.998 0.078 0.983 1.000 
0.035 0.993 0.147 0.945 1.000 
0.011 0.998 0.075 0.980 1.000 
0.023 0.995 0.170 0.943 1.000 
0.017 0.996 0.075 0.978 1.000 
0.015 0.996 0.076 0.978 1.000 
0.013 0.997 0.100 0.978 0.996 
0.011 0.996 0.094 0.973 1.000 
0.009 0.998 0.087 0.978 1.000 
0.018 0.995 0.106 0.975 1.000 
0.013 0.996 0.129 0.968 1.000 
0.020 0.995 0.120 0.968 1.000 
0.013 0.996 0.102 0.973 1.000 
0.012 0.998 0.085 0.980 1.000 
0.020 0.996 0.112 0.973 1.000 
0.014 0.996 0.081 0.980 1.000 
0.019 0.997 0.125 0.963 1.000 
0.021 0.993 0.075 0.980 1.000 
0.021 0.994 0.114 0.973 0.996 
0.021 0.995 0.078 0.980 1.000 
0.008 0.998 0.111 0.973 1.000 
0.011 0.997 0.086 0.980 1.000 
0.017 0.995 0.123 0.963 1.000 
0.010 0.997 0.131 0.975 0.996 
0.019 0.995 0.067 0.980 1.000 
0.017 0.996 0.116 0.970 1.000 
0.012 0.995 0.085 0.980 0.996 
0.027 0.994 0.161 0.943 1.000 
0.012 0.996 0.084 0.970 0.989 
0.023 0.994 0.080 0.973 0.832 
0.019 0.996 0.098 0.975 0.814 
0.009 0.998 0.085 0.970 0.993 
0.011 0.997 0.089 0.975 0.918 
0.006 0.998 0.081 0.978 0.886 
0.009 0.998 0.079 0.983 0.457 
0.015 0.996 0.057 0.980 0.996 
0.014 0.996 0.156 0.963 0.929 
0.015 0.995 0.042 0.988 1.000 
0.009 0.998 0.122 0.975 1.000 
0.029 0.993 0.106 0.978 0.986 
0.020 0.995 0.071 0.978 0.996 
0.014 0.997 0.112 0.960 1.000 
0.014 0.997 0.096 0.973 0.982 
0.018 0.996 0.082 0.975 1.000 
0.010 0.996 0.078 0.978 1.000 
0.021 0.995 0.112 0.965 1.000 
0.011 0.996 0.079 0.975 1.000 
0.025 0.993 0.111 0.970 0.996 
0.010 0.998 0.111 0.973 0.986 
0.029 0.995 0.116 0.975 0.996 
0.014 0.998 0.123 0.978 0.993 
0.022 0.995 0.087 0.978 0.811 
0.018 0.995 0.085 0.975 1.000 
0.028 0.995 0.101 0.978 0.993 
0.031 0.993 0.161 0.950 0.957 
0.012 0.995 0.128 0.975 0.911 
0.020 0.996 0.120 0.970 0.918 
0.013 0.995 0.096 0.975 0.986 
0.015 0.995 0.094 0.973 0.993 
0.016 0.995 0.059 0.980 0.511 
0.013 0.996 0.093 0.975 0.561 
0.014 0.995 0.086 0.983 0.850 
0.008 0.997 0.107 0.980 1.000 
0.022 0.995 0.101 0.973 1.000 
0.017 0.996 0.079 0.975 1.000 
0.022 0.994 0.069 0.978 1.000 
0.012 0.996 0.050 0.985 0.975 
0.016 0.995 0.120 0.960 1.000 
0.016 0.995 0.087 0.975 0.364 
0.008 0.998 0.139 0.973 0.307 
0.021 0.995 0.078 0.975 0.950 
0.022 0.993 0.147 0.943 0.775 
0.012 0.996 0.124 0.958 0.993 
0.022 0.993 0.195 0.975 0.318 
0.014 0.996 0.125 0.975 0.989 
0.024 0.994 0.117 0.973 0.975 
0.016 0.993 0.084 0.978 1.000 
0.014 0.994 0.107 0.978 1.000 
0.018 0.995 0.116 0.975 1.000 
0.010 0.996 0.115 0.975 1.000 
0.015 0.998 0.088 0.975 1.000 
0.011 0.996 0.187 0.945 1.000 
0.012 0.995 0.110 0.978 0.450 
0.028 0.995 0.110 0.980 0.975 
0.033 0.994 0.177 0.978 0.875 
0.016 0.996 0.175 0.975 0.829 
0.019 0.993 0.214 0.975 0.904 
0.011 0.997 0.112 0.973 0.968 
0.036 0.996 0.097 0.975 1.000 
0.024 0.993 0.108 0.968 1.000 
0.016 0.995 0.099 0.973 0.986 
0.012 0.994 0.093 0.985 1.000 
0.012 0.998 0.079 0.980 1.000 
0.010 0.998 0.098 0.975 1.000 
0.030 0.994 0.134 0.980 0.989 
0.018 0.995 0.128 0.978 0.975 
0.016 0.996 0.115 0.980 0.982 
0.015 0.996 0.142 0.978 0.754 
0.021 0.995 0.075 0.980 0.918 
0.015 0.993 0.071 0.980 0.893 
0.017 0.994 0.089 0.975 0.954 
0.015 0.997 0.072 0.980 1.000 
0.017 0.996 0.463 0.912 0.068 
0.031 0.992 0.064 0.983 0.975 
0.008 0.997 0.111 0.970 1.000 
0.016 0.996 0.075 0.978 0.868 
0.014 0.995 0.111 0.970 0.254 
0.018 0.995 0.154 0.975 0.825 
0.021 0.992 0.072 0.980 0.443 
0.014 0.995 0.094 0.973 0.996 
0.009 0.998 0.120 0.978 0.839 
0.016 0.996 0.099 0.973 0.646 
0.026 0.995 0.064 0.980 0.993 
0.015 0.996 0.128 0.973 0.325 
0.016 0.995 0.148 0.958 1.000 
0.010 0.998 0.166 0.953 0.696 
0.035 0.992 0.097 0.973 1.000 
0.017 0.995 0.093 0.975 0.679 
0.012 0.996 0.073 0.983 0.589 
0.028 0.993 0.146 0.955 0.639 
0.015 0.996 0.087 0.973 1.000 
0.019 0.996 0.097 0.973 0.989 
0.013 0.996 0.099 0.975 0.982 
0.011 0.997 0.223 0.920 1.000 
0.014 0.998 0.132 0.960 1.000 
0.014 0.996 0.111 0.978 0.989 
0.024 0.995 0.146 0.975 0.507 
0.023 0.995 0.266 0.927 0.989 
0.013 0.995 0.123 0.975 0.893 
0.013 0.998 0.131 0.975 0.989 
0.031 0.991 0.162 0.958 1.000 
0.020 0.995 0.068 0.980 0.836 
0.012 0.997 0.135 0.963 0.429 
0.028 0.996 0.081 0.983 0.768 
0.020 0.995 0.071 0.978 0.518 
0.017 0.995 0.127 0.955 0.664 
0.012 0.995 0.097 0.975 0.925 
0.021 0.993 0.065 0.983 0.250 
0.013 0.995 0.218 0.920 1.000 
0.025 0.995 0.095 0.975 0.986 
0.012 0.996 0.074 0.980 0.936 
0.017 0.994 0.217 0.925 1.000 
0.011 0.995 0.077 0.973 0.982 
0.011 0.997 0.161 0.943 1.000 
0.011 0.996 0.051 0.983 0.986 
0.013 0.996 0.242 0.970 0.079 
0.018 0.994 0.079 0.980 0.046 
0.017 0.995 0.091 0.978 0.443 
0.009 0.998 0.124 0.955 1.000 
0.006 0.999 0.102 0.973 0.814 
0.037 0.990 0.091 0.970 0.979 
0.021 0.995 0.057 0.988 0.846 
0.018 0.993 0.078 0.983 0.811 
0.015 0.997 0.102 0.965 0.993 
0.017 0.995 0.074 0.975 0.739 
0.012 0.996 0.078 0.975 0.914 
0.015 0.998 0.099 0.973 0.186 
0.019 0.994 0.086 0.978 0.700 
0.014 0.996 0.130 0.953 0.971 
0.013 0.995 0.067 0.983 1.000 
0.016 0.994 0.172 0.965 1.000 
0.020 0.994 0.080 0.983 1.000 
0.010 0.998 0.093 0.980 1.000 
0.029 0.994 0.063 0.983 1.000 
0.013 0.997 0.073 0.978 1.000 
0.023 0.993 0.098 0.973 1.000 
0.011 0.995 0.138 0.975 1.000 
0.012 0.997 0.095 0.980 1.000 
0.011 0.998 0.144 0.968 1.000 
0.020 0.996 0.123 0.973 0.996 
0.012 0.995 0.135 0.975 1.000 
0.013 0.997 0.146 0.983 1.000 
0.023 0.997 0.095 0.975 1.000 
0.012 0.997 0.094 0.978 1.000 
0.017 0.994 0.192 0.932 1.000 
0.009 0.997 0.148 0.973 1.000 
0.013 0.996 0.248 0.922 1.000 
0.032 0.992 0.111 0.970 1.000 
0.016 0.994 0.132 0.960 1.000 
0.019 0.995 0.113 0.965 1.000 
0.013 0.995 0.095 0.975 1.000 
0.022 0.995 0.148 0.955 1.000 
0.017 0.995 0.206 0.927 1.000 
0.017 0.993 0.171 0.955 1.000 
0.013 0.997 0.092 0.975 0.989 
0.013 0.996 0.126 0.965 1.000 
0.015 0.996 0.081 0.978 1.000 
0.020 0.995 0.102 0.973 1.000 
0.019 0.994 0.095 0.973 1.000 
0.023 0.991 0.100 0.973 0.950 
0.012 0.997 0.079 0.980 1.000 
0.061 0.992 0.139 0.973 1.000 
0.011 0.996 0.080 0.980 1.000 
0.006 0.999 0.158 0.970 1.000 
0.017 0.996 0.090 0.973 0.982 
0.014 0.996 0.084 0.970 1.000 
0.011 0.996 0.099 0.975 1.000 
0.021 0.995 0.067 0.978 1.000 
0.028 0.992 0.110 0.970 1.000 
0.015 0.997 0.101 0.973 1.000 
0.019 0.997 0.086 0.973 1.000 
0.029 0.993 0.148 0.950 0.993 
0.015 0.996 0.069 0.985 0.957 
0.011 0.996 0.077 0.970 1.000 
0.018 0.994 0.088 0.970 1.000 
0.019 0.995 0.103 0.970 1.000 
0.009 0.996 0.111 0.973 0.968 
0.021 0.996 0.058 0.975 1.000 
0.010 0.996 0.162 0.943 1.000 
0.017 0.994 0.099 0.973 1.000 
0.025 0.996 0.051 0.988 1.000 
0.021 0.995 0.106 0.975 1.000 
0.011 0.996 0.106 0.973 1.000 
0.005 0.999 0.111 0.975 1.000 
0.017 0.995 0.143 0.943 1.000 
0.010 0.998 0.078 0.978 1.000 
0.017 0.995 0.148 0.958 1.000 
0.012 0.997 0.104 0.970 1.000 
0.020 0.993 0.053 0.980 0.986 
0.015 0.996 0.071 0.980 1.000 
0.010 0.998 0.103 0.980 0.982 
0.010 0.997 0.076 0.980 0.982 
0.021 0.996 0.097 0.973 0.993 
0.013 0.996 0.048 0.980 0.979 
0.024 0.995 0.098 0.968 0.996 
0.015 0.996 0.075 0.978 0.996 
0.014 0.998 0.074 0.978 1.000 
0.030 0.996 0.086 0.980 0.818 
0.013 0.998 0.079 0.978 0.996 
0.015 0.997 0.093 0.975 0.975 
0.028 0.993 0.103 0.970 0.996 
0.074 0.992 0.132 0.968 0.954 
0.008 0.997 0.238 0.970 0.025 
0.019 0.996 0.087 0.975 0.996 
0.010 0.997 0.094 0.980 0.996 
0.011 0.996 0.078 0.980 0.996 
0.009 0.998 0.124 0.978 0.961 
0.025 0.994 0.120 0.975 0.989 
0.023 0.993 0.135 0.950 1.000 
0.018 0.995 0.099 0.973 1.000 
0.024 0.995 0.089 0.978 0.543 
0.019 0.993 0.071 0.983 1.000 
0.019 0.996 0.082 0.978 1.000 
0.019 0.995 0.082 0.975 0.993 
0.019 0.995 0.139 0.950 1.000 
0.019 0.995 0.130 0.950 0.436 
0.013 0.996 0.225 0.925 1.000 
0.031 0.994 0.106 0.978 0.739 
0.015 0.998 0.100 0.968 0.993 
0.019 0.995 0.094 0.980 0.857 
0.015 0.997 0.095 0.980 0.957 
0.020 0.996 0.048 0.988 1.000 
0.032 0.992 0.143 0.948 0.629 
0.009 0.998 0.056 0.983 1.000 
0.012 0.996 0.091 0.973 0.768 
0.025 0.992 0.074 0.978 1.000 
0.015 0.996 0.096 0.970 1.000 
0.024 0.996 0.090 0.975 0.700 
0.019 0.996 0.065 0.980 0.711 
0.015 0.996 0.063 0.980 0.796 
0.008 0.997 0.131 0.978 0.696 
0.013 0.997 0.069 0.980 0.989 
0.012 0.997 0.083 0.980 1.000 
0.031 0.995 0.151 0.960 0.839 
0.009 0.997 0.090 0.973 1.000 
0.027 0.994 0.082 0.975 1.000 
0.017 0.995 0.177 0.935 0.986 
0.015 0.996 0.112 0.968 1.000 
0.013 0.997 0.120 0.970 1.000 
0.009 0.998 0.122 0.965 1.000 
0.018 0.996 0.076 0.975 0.761 
0.010 0.996 0.055 0.980 0.896 
0.016 0.995 0.102 0.968 0.261 
0.011 0.998 0.072 0.975 0.989 
0.022 0.996 0.059 0.980 0.982 
0.015 0.995 0.073 0.975 0.993 
0.021 0.995 0.059 0.980 0.775 
0.010 0.996 0.139 0.973 0.661 
0.034 0.993 0.127 0.955 1.000 
0.016 0.996 0.097 0.973 1.000 
0.014 0.996 0.094 0.973 1.000 
0.017 0.995 0.115 0.968 1.000 
0.016 0.995 0.133 0.958 1.000 
0.015 0.994 0.068 0.978 1.000 
0.010 0.995 0.095 0.975 1.000 
0.011 0.998 0.120 0.945 1.000 
0.019 0.996 0.076 0.980 0.964 
0.013 0.995 0.091 0.970 0.996 
0.010 0.998 0.077 0.975 1.000 
0.015 0.998 0.189 0.963 0.996 
0.025 0.993 0.096 0.975 1.000 
0.016 0.995 0.063 0.978 1.000 
0.027 0.994 0.089 0.975 0.996 
0.009 0.996 0.112 0.970 1.000 
0.020 0.995 0.096 0.970 1.000 
0.011 0.996 0.142 0.980 0.329 
0.025 0.993 0.106 0.968 1.000 
0.022 0.996 0.088 0.973 1.000 
0.017 0.994 0.106 0.968 1.000 
0.023 0.990 0.093 0.973 0.679 
0.025 0.995 0.091 0.973 0.993 
0.008 0.997 0.072 0.983 1.000 
0.023 0.994 0.118 0.970 1.000 
0.015 0.995 0.093 0.975 1.000 
0.030 0.993 0.066 0.980 1.000 
0.012 0.998 0.117 0.963 1.000 
0.008 0.998 0.068 0.980 1.000 
0.031 0.993 0.175 0.943 1.000 
0.017 0.993 0.110 0.968 1.000 
0.018 0.995 0.079 0.978 0.904 
0.012 0.996 0.099 0.973 1.000 
0.015 0.995 0.102 0.980 0.700 
0.014 0.996 0.070 0.983 0.889 
0.002 0.999 0.090 0.975 0.993 
0.017 0.997 0.050 0.988 1.000 
0.015 0.995 0.052 0.988 1.000 
0.013 0.996 0.074 0.975 1.000 
0.011 0.998 0.155 0.943 1.000 
0.023 0.992 0.083 0.973 1.000 
0.018 0.995 0.095 0.973 1.000 
0.017 0.997 0.071 0.980 0.986 
0.018 0.996 0.247 0.922 1.000 
0.011 0.996 0.115 0.975 0.814 
0.011 0.996 0.132 0.968 0.611 
0.019 0.995 0.126 0.970 0.621 
0.009 0.998 0.076 0.980 1.000 
0.027 0.995 0.108 0.963 1.000 
0.016 0.994 0.095 0.975 1.000 
0.021 0.992 0.191 0.932 1.000 
0.013 0.996 0.091 0.975 0.964 
0.020 0.995 0.180 0.973 1.000 
0.011 0.998 0.044 0.980 1.000 
0.024 0.995 0.124 0.960 1.000 
0.016 0.996 0.077 0.980 1.000 
0.012 0.995 0.108 0.980 1.000 
0.009 0.997 0.102 0.973 1.000 
0.012 0.996 0.091 0.980 0.993 
0.005 0.999 0.108 0.978 0.968 
0.019 0.995 0.071 0.978 1.000 
0.015 0.995 0.110 0.968 0.711 
0.011 0.997 0.096 0.975 0.968 
0.016 0.995 0.109 0.975 0.993 
0.017 0.996 0.128 0.975 0.929 
0.013 0.996 0.087 0.978 1.000 
0.027 0.993 0.075 0.978 1.000 
0.017 0.996 0.081 0.980 1.000 
0.012 0.996 0.077 0.975 1.000 
0.015 0.998 0.057 0.980 1.000 
0.009 0.998 0.088 0.988 1.000 
0.027 0.995 0.084 0.980 0.946 
0.014 0.998 0.110 0.980 0.225 
0.004 0.999 0.076 0.980 1.000 
0.013 0.997 0.161 0.970 0.607 
0.006 0.997 0.080 0.980 1.000 
0.030 0.992 0.083 0.980 0.982 
0.015 0.995 0.117 0.970 0.996 
0.016 0.994 0.066 0.978 1.000 
0.022 0.993 0.087 0.978 1.000 
0.019 0.995 0.119 0.968 0.993 
0.012 0.996 0.131 0.953 1.000 
0.014 0.995 0.131 0.960 0.975 
0.012 0.995 0.098 0.973 0.996 
0.014 0.998 0.172 0.945 1.000 
0.017 0.996 0.105 0.975 1.000 
0.021 0.993 0.108 0.963 1.000 
0.023 0.995 0.053 0.980 1.000 
0.027 0.992 0.229 0.917 1.000 
0.018 0.995 0.076 0.975 1.000 
0.014 0.996 0.057 0.980 1.000 
0.014 0.995 0.113 0.978 1.000 
0.010 0.996 0.176 0.978 0.968 
0.019 0.995 0.176 0.935 0.996 
0.010 0.997 0.127 0.978 0.996 
0.034 0.995 0.066 0.978 0.996 
0.015 0.995 0.096 0.973 0.968 
0.011 0.997 0.100 0.970 0.796 
0.006 0.998 0.162 0.973 0.850 
0.008 0.996 0.137 0.963 1.000 
0.013 0.998 0.087 0.973 1.000 
0.011 0.996 0.081 0.978 1.000 
0.017 0.996 0.105 0.973 0.979 
0.015 0.995 0.128 0.968 0.768 
0.012 0.996 0.113 0.968 1.000 
0.013 0.996 0.067 0.983 0.743 
0.018 0.993 0.111 0.970 0.879 
0.009 0.998 0.126 0.968 1.000 
0.009 0.997 0.163 0.943 1.000 
0.020 0.993 0.088 0.975 0.289 
0.017 0.996 0.055 0.983 0.032 
0.009 0.997 0.068 0.980 0.007 
0.012 0.996 0.097 0.973 0.693 
0.015 0.996 0.091 0.973 1.000 
0.035 0.992 0.128 0.968 0.996 
0.009 0.997 0.088 0.983 0.850 
0.036 0.995 0.136 0.968 1.000 
0.015 0.997 0.055 0.988 1.000 
0.017 0.995 0.094 0.970 1.000 
0.023 0.993 0.108 0.968 1.000 
0.010 0.996 0.081 0.975 1.000 
0.011 0.997 0.079 0.975 1.000 
0.024 0.993 0.136 0.965 0.957 
0.014 0.995 0.092 0.973 1.000 
0.019 0.993 0.039 0.988 1.000 
0.011 0.996 0.108 0.970 1.000 
0.011 0.998 0.100 0.968 0.996 
0.014 0.995 0.058 0.980 1.000 
0.014 0.998 0.058 0.980 1.000 
0.008 0.997 0.102 0.975 0.996 
0.017 0.995 0.054 0.983 1.000 
0.006 0.998 0.096 0.980 0.996 
0.022 0.995 0.077 0.980 1.000 
0.014 0.997 0.103 0.973 0.986 
0.006 0.998 0.109 0.973 1.000 
0.021 0.993 0.088 0.975 0.461 
0.021 0.995 0.108 0.968 0.961 
0.008 0.997 0.145 0.975 0.264 
0.008 0.999 0.121 0.973 0.714 
0.019 0.995 0.082 0.978 0.654 
0.008 0.997 0.154 0.965 0.971 
0.016 0.996 0.109 0.975 0.979 
0.014 0.996 0.053 0.983 1.000 
0.009 0.997 0.076 0.973 1.000 
0.025 0.993 0.208 0.948 0.729 
