0.328 0.863 0.154 0.953 0.981 
0.228 0.910 0.179 0.935 0.987 
0.172 0.940 0.155 0.932 0.994 
0.140 0.949 0.119 0.955 0.875 
0.127 0.955 0.125 0.953 0.984 
0.127 0.952 0.072 0.978 1.000 
0.112 0.961 0.140 0.948 0.984 
0.118 0.958 0.126 0.943 0.974 
0.107 0.965 0.160 0.938 0.939 
0.102 0.969 0.085 0.973 0.971 
0.081 0.975 0.145 0.940 0.987 
0.099 0.971 0.089 0.970 0.990 
0.085 0.973 0.081 0.970 0.990 
0.110 0.963 0.099 0.980 0.997 
0.077 0.972 0.067 0.988 0.952 
0.089 0.968 0.099 0.958 0.997 
0.084 0.973 0.105 0.970 1.000 
0.089 0.973 0.091 0.975 1.000 
0.069 0.978 0.066 0.975 1.000 
0.080 0.973 0.080 0.978 1.000 
0.080 0.971 0.070 0.993 1.000 
0.072 0.981 0.070 0.985 0.984 
0.089 0.970 0.070 0.988 1.000 
0.058 0.982 0.070 0.978 1.000 
0.058 0.976 0.098 0.978 0.997 
0.079 0.973 0.072 0.973 0.997 
0.055 0.983 0.062 0.990 1.000 
0.070 0.980 0.073 0.988 1.000 
0.070 0.977 0.065 0.985 1.000 
0.063 0.978 0.056 0.985 1.000 
0.068 0.982 0.062 0.978 1.000 
0.057 0.986 0.050 0.993 0.965 
0.070 0.977 0.059 0.990 0.990 
0.058 0.981 0.080 0.985 1.000 
0.061 0.978 0.074 0.993 1.000 
0.066 0.981 0.060 0.985 1.000 
0.049 0.986 0.060 0.978 1.000 
0.062 0.978 0.064 0.993 1.000 
0.054 0.983 0.076 0.975 1.000 
0.050 0.986 0.080 0.970 0.863 
0.064 0.981 0.065 0.990 1.000 
0.070 0.982 0.072 0.978 0.907 
0.046 0.986 0.063 0.988 1.000 
0.048 0.986 0.061 0.993 0.997 
0.048 0.985 0.054 0.990 1.000 
0.057 0.983 0.065 0.988 1.000 
0.051 0.985 0.068 0.988 1.000 
0.058 0.982 0.086 0.988 1.000 
0.056 0.983 0.080 0.973 0.997 
0.049 0.984 0.066 0.970 1.000 
0.061 0.983 0.061 0.988 0.933 
0.044 0.985 0.067 0.975 0.990 
0.051 0.984 0.062 0.983 0.987 
0.043 0.984 0.062 0.990 1.000 
0.043 0.986 0.057 0.990 1.000 
0.042 0.989 0.052 0.975 1.000 
0.047 0.986 0.043 0.990 0.990 
0.045 0.986 0.042 0.990 1.000 
0.046 0.986 0.057 0.990 0.994 
0.042 0.988 0.060 0.985 0.997 
0.045 0.983 0.060 0.990 0.990 
0.048 0.984 0.051 0.990 1.000 
0.035 0.990 0.049 0.990 1.000 
0.033 0.992 0.046 0.985 0.990 
0.045 0.986 0.066 0.985 0.997 
0.048 0.986 0.048 0.988 1.000 
0.053 0.982 0.077 0.988 1.000 
0.043 0.987 0.066 0.985 1.000 
0.040 0.990 0.050 0.988 1.000 
0.037 0.986 0.089 0.980 1.000 
0.039 0.987 0.055 0.988 1.000 
0.032 0.991 0.044 0.993 1.000 
0.034 0.992 0.057 0.985 1.000 
0.043 0.989 0.103 0.973 1.000 
0.035 0.989 0.050 0.990 0.997 
0.047 0.985 0.068 0.988 0.933 
0.032 0.991 0.054 0.985 0.994 
0.034 0.988 0.045 0.990 1.000 
0.042 0.988 0.051 0.993 1.000 
0.039 0.988 0.043 0.990 1.000 
0.043 0.986 0.060 0.993 0.997 
0.039 0.988 0.065 0.980 0.952 
0.037 0.988 0.064 0.980 0.990 
0.036 0.987 0.052 0.988 0.994 
0.035 0.988 0.049 0.985 0.997 
0.036 0.991 0.050 0.990 1.000 
0.039 0.988 0.067 0.985 1.000 
0.043 0.988 0.049 0.990 1.000 
0.030 0.990 0.060 0.978 0.987 
0.030 0.992 0.068 0.975 1.000 
0.038 0.989 0.047 0.990 1.000 
0.032 0.991 0.046 0.990 1.000 
0.035 0.990 0.055 0.990 0.997 
0.031 0.989 0.074 0.985 0.997 
0.042 0.988 0.050 0.993 0.997 
0.037 0.988 0.050 0.993 1.000 
0.024 0.991 0.048 0.988 0.997 
0.034 0.990 0.043 0.993 0.994 
0.034 0.988 0.064 0.988 1.000 
0.036 0.990 0.045 0.993 1.000 
0.036 0.989 0.078 0.993 0.997 
0.029 0.993 0.051 0.990 0.997 
0.038 0.988 0.056 0.993 0.994 
0.050 0.986 0.065 0.985 0.994 
0.032 0.989 0.050 0.993 0.994 
0.041 0.986 0.062 0.988 0.693 
0.032 0.991 0.065 0.990 1.000 
0.026 0.994 0.054 0.993 0.997 
0.031 0.991 0.050 0.985 0.997 
0.041 0.989 0.059 0.993 0.997 
0.034 0.990 0.057 0.988 1.000 
0.036 0.991 0.063 0.988 1.000 
0.043 0.986 0.060 0.988 1.000 
0.029 0.989 0.056 0.988 1.000 
0.043 0.988 0.080 0.985 1.000 
0.029 0.988 0.058 0.985 0.994 
0.034 0.990 0.053 0.990 0.994 
0.030 0.992 0.067 0.988 1.000 
0.026 0.992 0.055 0.985 1.000 
0.036 0.990 0.062 0.990 1.000 
0.035 0.989 0.048 0.993 1.000 
0.024 0.992 0.042 0.995 1.000 
0.041 0.989 0.053 0.993 0.994 
0.043 0.986 0.060 0.990 0.997 
0.037 0.989 0.047 0.990 1.000 
0.027 0.993 0.064 0.983 1.000 
0.043 0.986 0.047 0.988 1.000 
0.036 0.983 0.051 0.990 1.000 
0.032 0.993 0.056 0.990 0.997 
0.031 0.992 0.056 0.988 1.000 
0.027 0.992 0.048 0.993 0.994 
0.030 0.992 0.047 0.993 0.997 
0.034 0.988 0.041 0.993 1.000 
0.024 0.991 0.071 0.983 1.000 
0.025 0.993 0.055 0.990 1.000 
0.025 0.994 0.055 0.990 0.994 
0.033 0.989 0.043 0.993 1.000 
0.025 0.993 0.043 0.995 1.000 
0.032 0.992 0.057 0.990 1.000 
0.028 0.992 0.066 0.990 0.997 
0.032 0.994 0.073 0.990 1.000 
0.025 0.992 0.053 0.993 1.000 
0.022 0.993 0.060 0.990 0.974 
0.041 0.991 0.069 0.990 1.000 
0.033 0.991 0.054 0.993 1.000 
0.036 0.990 0.072 0.995 1.000 
0.027 0.990 0.062 0.995 0.994 
0.035 0.989 0.050 0.990 1.000 
0.038 0.991 0.076 0.988 0.994 
0.026 0.991 0.063 0.990 1.000 
0.028 0.994 0.055 0.985 1.000 
0.028 0.992 0.052 0.990 1.000 
0.027 0.989 0.059 0.995 0.994 
0.026 0.991 0.066 0.990 1.000 
0.028 0.990 0.064 0.993 1.000 
0.028 0.991 0.062 0.993 1.000 
0.027 0.993 0.085 0.990 1.000 
0.035 0.991 0.060 0.990 1.000 
0.033 0.988 0.072 0.988 1.000 
0.025 0.991 0.063 0.993 0.994 
0.028 0.992 0.063 0.990 0.994 
0.030 0.992 0.080 0.983 0.994 
0.029 0.990 0.085 0.990 1.000 
0.032 0.989 0.075 0.985 1.000 
0.033 0.989 0.054 0.990 1.000 
0.027 0.990 0.059 0.990 1.000 
0.037 0.988 0.084 0.988 1.000 
0.026 0.993 0.074 0.988 1.000 
0.031 0.991 0.075 0.993 0.994 
0.030 0.992 0.062 0.993 0.994 
0.017 0.995 0.054 0.993 1.000 
0.023 0.995 0.085 0.990 0.994 
0.037 0.991 0.061 0.990 0.997 
0.033 0.990 0.064 0.995 1.000 
0.023 0.992 0.079 0.983 0.994 
0.033 0.990 0.067 0.990 1.000 
0.025 0.994 0.072 0.988 0.994 
0.032 0.992 0.064 0.990 0.984 
0.022 0.993 0.055 0.990 0.997 
0.017 0.996 0.055 0.993 1.000 
0.027 0.992 0.068 0.990 1.000 
0.021 0.993 0.072 0.993 1.000 
0.022 0.993 0.078 0.995 1.000 
0.030 0.992 0.082 0.975 1.000 
0.031 0.990 0.061 0.993 1.000 
0.022 0.992 0.074 0.993 0.997 
0.030 0.991 0.073 0.995 0.994 
0.027 0.991 0.065 0.993 0.990 
0.030 0.992 0.079 0.993 1.000 
0.028 0.994 0.087 0.993 1.000 
0.026 0.992 0.090 0.988 0.994 
0.032 0.994 0.076 0.990 0.997 
0.028 0.990 0.083 0.993 0.952 
0.031 0.988 0.071 0.990 0.994 
0.011 0.998 0.085 0.990 0.994 
0.026 0.995 0.068 0.990 0.994 
0.026 0.993 0.079 0.988 1.000 
0.031 0.990 0.087 0.990 0.997 
0.019 0.995 0.075 0.990 0.994 
0.027 0.992 0.071 0.993 0.997 
0.026 0.991 0.063 0.993 0.994 
0.024 0.993 0.069 0.988 0.997 
0.029 0.993 0.085 0.990 0.994 
0.031 0.991 0.081 0.990 1.000 
0.022 0.992 0.090 0.985 0.997 
0.026 0.993 0.072 0.990 0.994 
0.027 0.990 0.101 0.988 1.000 
0.026 0.994 0.086 0.988 0.994 
0.025 0.992 0.066 0.993 1.000 
0.021 0.993 0.076 0.988 0.997 
0.023 0.993 0.075 0.995 1.000 
0.022 0.994 0.106 0.990 0.997 
0.017 0.996 0.093 0.993 1.000 
0.018 0.995 0.085 0.990 1.000 
0.032 0.991 0.071 0.990 1.000 
0.026 0.990 0.066 0.993 1.000 
0.022 0.993 0.064 0.993 0.997 
0.026 0.990 0.067 0.988 1.000 
0.025 0.993 0.082 0.993 0.994 
0.038 0.992 0.072 0.993 0.994 
0.027 0.992 0.083 0.985 0.994 
0.026 0.992 0.068 0.990 1.000 
0.023 0.993 0.066 0.993 0.994 
0.023 0.994 0.061 0.993 1.000 
0.032 0.993 0.083 0.995 0.994 
0.037 0.988 0.072 0.988 0.994 
0.022 0.994 0.075 0.995 0.994 
0.018 0.994 0.071 0.988 0.997 
0.026 0.992 0.075 0.995 0.978 
0.018 0.996 0.064 0.993 0.994 
0.022 0.993 0.076 0.990 0.997 
0.023 0.992 0.067 0.990 1.000 
0.031 0.992 0.086 0.993 0.994 
0.041 0.992 0.067 0.993 1.000 
0.020 0.995 0.079 0.995 1.000 
0.024 0.994 0.134 0.963 1.000 
0.018 0.995 0.086 0.993 0.997 
0.033 0.989 0.069 0.990 0.994 
0.037 0.992 0.074 0.995 1.000 
0.018 0.993 0.093 0.983 0.994 
0.018 0.997 0.070 0.995 1.000 
0.029 0.990 0.090 0.993 1.000 
0.026 0.993 0.082 0.990 1.000 
0.027 0.993 0.084 0.990 1.000 
0.019 0.994 0.071 0.993 1.000 
0.024 0.992 0.078 0.990 1.000 
0.011 0.996 0.080 0.995 1.000 
0.021 0.995 0.063 0.993 1.000 
0.028 0.991 0.084 0.990 0.994 
0.024 0.990 0.073 0.993 1.000 
0.022 0.994 0.079 0.995 0.997 
0.019 0.993 0.082 0.993 0.994 
0.023 0.992 0.095 0.993 0.709 
0.028 0.994 0.073 0.993 1.000 
0.015 0.994 0.091 0.973 1.000 
0.017 0.993 0.117 0.970 0.978 
0.026 0.991 0.076 0.993 1.000 
0.033 0.990 0.065 0.990 1.000 
0.028 0.994 0.066 0.975 1.000 
0.027 0.992 0.050 0.993 1.000 
0.020 0.995 0.070 0.990 0.990 
0.020 0.994 0.068 0.990 1.000 
0.034 0.993 0.052 0.993 1.000 
0.032 0.989 0.056 0.990 1.000 
0.020 0.992 0.051 0.993 0.994 
0.022 0.993 0.056 0.995 0.987 
0.030 0.988 0.079 0.978 1.000 
0.015 0.997 0.057 0.995 1.000 
0.023 0.994 0.050 0.993 1.000 
0.022 0.991 0.056 0.995 1.000 
0.031 0.994 0.039 0.993 1.000 
0.024 0.994 0.058 0.985 1.000 
0.019 0.993 0.076 0.983 1.000 
0.025 0.994 0.062 0.995 0.994 
0.025 0.993 0.060 0.988 1.000 
0.017 0.995 0.061 0.993 1.000 
0.017 0.995 0.078 0.985 1.000 
0.023 0.993 0.086 0.990 0.994 
0.022 0.992 0.068 0.990 1.000 
0.013 0.995 0.071 0.988 0.994 
0.020 0.995 0.059 0.993 0.997 
0.017 0.995 0.073 0.995 0.997 
0.008 0.997 0.079 0.993 0.994 
0.025 0.996 0.056 0.985 0.994 
0.040 0.991 0.065 0.990 0.741 
0.018 0.994 0.080 0.990 0.994 
0.018 0.995 0.068 0.995 0.994 
0.023 0.992 0.083 0.995 1.000 
0.015 0.996 0.074 0.993 0.997 
0.022 0.994 0.060 0.993 0.997 
0.019 0.995 0.060 0.995 0.994 
0.022 0.992 0.071 0.988 1.000 
0.013 0.996 0.083 0.988 0.997 
0.024 0.993 0.112 0.960 1.000 
0.028 0.993 0.059 0.988 0.997 
0.014 0.995 0.062 0.990 0.994 
0.033 0.988 0.068 0.993 0.994 
0.026 0.992 0.061 0.993 1.000 
0.036 0.994 0.070 0.990 1.000 
0.025 0.993 0.116 0.988 1.000 
0.024 0.993 0.089 0.990 0.997 
0.024 0.992 0.096 0.983 1.000 
0.017 0.994 0.114 0.975 0.994 
0.017 0.996 0.090 0.995 1.000 
0.014 0.995 0.142 0.978 1.000 
0.030 0.992 0.087 0.993 1.000 
0.014 0.997 0.130 0.970 1.000 
0.029 0.994 0.053 0.990 0.997 
0.019 0.994 0.062 0.993 1.000 
0.023 0.994 0.080 0.995 1.000 
0.025 0.990 0.085 0.993 0.987 
0.019 0.996 0.079 0.995 1.000 
0.027 0.991 0.082 0.995 0.994 
0.020 0.994 0.095 0.993 1.000 
0.021 0.993 0.100 0.995 1.000 
0.018 0.994 0.097 0.990 0.997 
0.020 0.993 0.118 0.993 0.997 
0.017 0.996 0.126 0.993 0.984 
0.023 0.993 0.106 0.995 1.000 
0.018 0.993 0.105 0.983 1.000 
0.018 0.995 0.138 0.988 1.000 
0.033 0.989 0.082 0.995 1.000 
0.012 0.997 0.091 0.995 1.000 
0.014 0.995 0.089 0.990 1.000 
0.022 0.992 0.094 0.995 1.000 
0.021 0.994 0.074 0.995 1.000 
0.028 0.994 0.086 0.985 1.000 
0.061 0.989 0.105 0.995 1.000 
0.025 0.993 0.085 0.995 1.000 
0.018 0.994 0.135 0.995 1.000 
0.031 0.992 0.107 0.993 1.000 
0.028 0.993 0.112 0.993 1.000 
0.017 0.994 0.077 0.993 1.000 
0.012 0.996 0.096 0.990 1.000 
0.031 0.991 0.079 0.993 1.000 
0.022 0.993 0.100 0.973 1.000 
0.018 0.994 0.113 0.993 1.000 
0.023 0.995 0.093 0.993 1.000 
0.016 0.994 0.109 0.993 1.000 
0.014 0.995 0.087 0.995 1.000 
0.022 0.993 0.090 0.995 1.000 
0.021 0.993 0.112 0.995 1.000 
0.018 0.994 0.109 0.995 0.997 
0.031 0.991 0.088 0.993 1.000 
0.020 0.993 0.090 0.995 1.000 
0.018 0.995 0.091 0.995 0.997 
0.026 0.994 0.083 0.993 1.000 
0.042 0.992 0.059 0.995 1.000 
0.021 0.992 0.081 0.995 1.000 
0.019 0.994 0.088 0.993 1.000 
0.017 0.995 0.085 0.995 1.000 
0.021 0.993 0.080 0.995 1.000 
0.013 0.997 0.086 0.988 1.000 
0.023 0.993 0.081 0.993 1.000 
0.034 0.990 0.078 0.993 1.000 
0.024 0.993 0.079 0.993 0.984 
0.019 0.994 0.079 0.995 0.990 
0.016 0.994 0.065 0.988 1.000 
0.030 0.994 0.055 0.990 0.997 
0.016 0.996 0.092 0.993 0.994 
0.038 0.992 0.058 0.990 1.000 
0.017 0.995 0.063 0.995 1.000 
0.019 0.995 0.064 0.995 1.000 
0.017 0.995 0.091 0.985 1.000 
0.014 0.996 0.082 0.995 0.997 
0.017 0.993 0.081 0.990 1.000 
0.036 0.991 0.054 0.993 1.000 
0.019 0.993 0.060 0.993 1.000 
0.015 0.996 0.063 0.995 1.000 
0.016 0.995 0.091 0.990 1.000 
0.011 0.995 0.096 0.993 0.997 
0.020 0.992 0.068 0.988 1.000 
0.017 0.997 0.058 0.990 1.000 
0.017 0.992 0.061 0.993 1.000 
0.021 0.992 0.058 0.993 1.000 
0.026 0.995 0.054 0.995 1.000 
0.020 0.993 0.058 0.995 1.000 
0.024 0.994 0.086 0.993 0.962 
0.022 0.993 0.235 0.983 0.994 
0.041 0.991 0.094 0.990 1.000 
0.017 0.996 0.156 0.995 1.000 
0.013 0.996 0.135 0.995 1.000 
0.024 0.992 0.084 0.993 1.000 
0.017 0.993 0.119 0.990 1.000 
0.018 0.993 0.074 0.988 1.000 
0.017 0.995 0.108 0.995 1.000 
0.021 0.992 0.172 0.993 0.987 
0.017 0.995 0.112 0.990 1.000 
0.027 0.993 0.110 0.993 1.000 
0.025 0.994 0.076 0.988 1.000 
0.032 0.991 0.081 0.995 1.000 
0.017 0.994 0.134 0.995 1.000 
0.014 0.995 0.122 0.995 1.000 
0.011 0.998 0.119 0.995 1.000 
0.025 0.994 0.124 0.995 1.000 
0.025 0.991 0.129 0.988 1.000 
0.042 0.993 0.065 0.985 0.994 
0.021 0.994 0.062 0.993 1.000 
0.026 0.992 0.090 0.993 1.000 
0.015 0.994 0.099 0.985 0.997 
0.025 0.993 0.097 0.993 0.882 
0.024 0.992 0.089 0.995 0.997 
0.018 0.996 0.064 0.995 1.000 
0.019 0.995 0.080 0.995 1.000 
0.026 0.991 0.090 0.995 1.000 
0.020 0.994 0.091 0.993 0.997 
0.019 0.994 0.087 0.985 1.000 
0.024 0.992 0.070 0.993 1.000 
0.024 0.992 0.058 0.995 1.000 
0.019 0.993 0.066 0.995 0.952 
0.016 0.995 0.080 0.993 1.000 
0.033 0.992 0.070 0.993 0.990 
0.012 0.996 0.126 0.985 1.000 
0.017 0.994 0.123 0.993 0.997 
0.019 0.992 0.131 0.988 1.000 
0.014 0.996 0.117 0.995 1.000 
0.026 0.992 0.087 0.993 0.994 
0.019 0.994 0.124 0.983 0.978 
0.023 0.992 0.084 0.993 0.997 
0.020 0.993 0.082 0.990 0.958 
0.020 0.994 0.077 0.995 1.000 
0.018 0.994 0.105 0.995 1.000 
0.019 0.996 0.078 0.995 1.000 
0.032 0.993 0.080 0.995 1.000 
0.015 0.995 0.089 0.990 0.997 
0.026 0.992 0.073 0.993 0.994 
0.018 0.994 0.071 0.993 0.990 
0.014 0.994 0.072 0.990 0.997 
0.012 0.995 0.109 0.993 0.997 
0.027 0.994 0.065 0.995 0.994 
0.024 0.994 0.072 0.988 1.000 
0.033 0.991 0.139 0.990 0.994 
0.030 0.993 0.147 0.990 1.000 
0.019 0.992 0.146 0.990 0.923 
0.025 0.993 0.072 0.995 1.000 
0.016 0.994 0.095 0.993 0.997 
0.019 0.995 0.070 0.985 1.000 
0.012 0.997 0.120 0.993 1.000 
0.014 0.995 0.113 0.985 1.000 
0.025 0.991 0.057 0.990 1.000 
0.014 0.996 0.083 0.993 1.000 
0.023 0.992 0.111 0.995 1.000 
0.012 0.993 0.104 0.995 1.000 
0.011 0.995 0.116 0.993 1.000 
0.021 0.995 0.104 0.995 1.000 
0.023 0.993 0.093 0.985 0.987 
0.016 0.995 0.069 0.988 0.994 
0.028 0.996 0.112 0.990 1.000 
0.023 0.993 0.128 0.995 1.000 
0.019 0.995 0.080 0.995 1.000 
0.023 0.992 0.079 0.995 1.000 
0.014 0.995 0.130 0.990 1.000 
0.025 0.993 0.089 0.995 1.000 
0.018 0.994 0.070 0.995 1.000 
0.014 0.995 0.117 0.985 1.000 
0.017 0.994 0.072 0.995 1.000 
0.012 0.996 0.130 0.993 0.994 
0.015 0.995 0.137 0.990 0.994 
0.022 0.994 0.074 0.995 1.000 
0.018 0.994 0.078 0.995 1.000 
0.022 0.994 0.072 0.995 0.994 
0.023 0.993 0.078 0.995 1.000 
0.019 0.994 0.066 0.995 1.000 
0.023 0.994 0.061 0.993 1.000 
0.033 0.993 0.048 0.995 1.000 
0.015 0.995 0.056 0.985 1.000 
0.014 0.995 0.072 0.973 0.997 
0.017 0.995 0.064 0.990 1.000 
0.021 0.996 0.038 0.995 1.000 
0.022 0.993 0.056 0.993 1.000 
0.017 0.996 0.102 0.993 1.000 
0.024 0.992 0.084 0.993 0.997 
0.015 0.994 0.097 0.995 1.000 
0.020 0.992 0.091 0.993 0.997 
0.011 0.997 0.117 0.985 0.994 
0.017 0.993 0.098 0.993 1.000 
0.037 0.992 0.061 0.985 1.000 
0.027 0.992 0.041 0.990 1.000 
0.019 0.993 0.042 0.995 0.994 
0.015 0.995 0.043 0.995 1.000 
0.015 0.996 0.077 0.990 1.000 
0.023 0.996 0.051 0.993 0.994 
0.025 0.993 0.202 0.995 1.000 
0.017 0.996 0.102 0.990 0.994 
0.022 0.993 0.106 0.963 0.997 
0.015 0.995 0.075 0.993 0.997 
0.018 0.994 0.078 0.993 0.997 
0.016 0.996 0.074 0.995 1.000 
0.031 0.992 0.053 0.995 1.000 
0.013 0.995 0.087 0.995 0.997 
0.013 0.996 0.070 0.993 0.994 
0.022 0.994 0.085 0.995 1.000 
0.010 0.998 0.094 0.995 0.994 
0.016 0.994 0.078 0.988 1.000 
0.008 0.997 0.106 0.995 0.994 
0.026 0.996 0.051 0.993 0.997 
0.021 0.995 0.048 0.993 0.994 
0.015 0.995 0.062 0.995 0.952 
0.014 0.995 0.073 0.990 0.997 
0.009 0.997 0.063 0.995 0.997 
0.021 0.994 0.047 0.995 1.000 
0.018 0.994 0.081 0.993 0.978 
0.023 0.992 0.051 0.995 0.994 
0.016 0.994 0.070 0.990 1.000 
0.018 0.996 0.077 0.988 1.000 
0.016 0.994 0.098 0.983 0.997 
0.018 0.993 0.097 0.963 1.000 
0.017 0.995 0.051 0.993 0.994 
0.014 0.994 0.052 0.995 1.000 
0.029 0.994 0.076 0.988 1.000 
0.019 0.994 0.069 0.993 1.000 
0.013 0.995 0.083 0.995 1.000 
0.014 0.995 0.059 0.995 1.000 
0.015 0.995 0.057 0.995 1.000 
0.016 0.995 0.082 0.993 0.994 
0.009 0.998 0.094 0.990 1.000 
0.019 0.995 0.058 0.995 1.000 
0.028 0.993 0.119 0.993 0.990 
0.022 0.994 0.075 0.995 1.000 
0.019 0.995 0.069 0.993 1.000 
0.023 0.993 0.065 0.990 0.994 
0.009 0.998 0.079 0.995 0.990 
0.013 0.996 0.058 0.995 0.994 
0.016 0.994 0.077 0.990 1.000 
0.012 0.995 0.078 0.995 0.994 
0.014 0.996 0.089 0.995 0.994 
0.024 0.993 0.046 0.993 1.000 
0.008 0.998 0.081 0.988 1.000 
0.019 0.996 0.111 0.975 1.000 
0.028 0.993 0.050 0.993 1.000 
0.018 0.995 0.064 0.993 1.000 
0.013 0.995 0.066 0.995 1.000 
0.012 0.996 0.094 0.995 1.000 
0.020 0.993 0.073 0.993 1.000 
0.025 0.995 0.133 0.993 1.000 
0.019 0.993 0.060 0.995 1.000 
0.006 0.998 0.106 0.993 1.000 
0.035 0.992 0.050 0.995 1.000 
0.022 0.994 0.053 0.993 1.000 
0.018 0.994 0.061 0.995 0.997 
0.010 0.996 0.055 0.995 1.000 
0.015 0.994 0.078 0.993 0.987 
0.014 0.995 0.066 0.990 1.000 
0.018 0.995 0.065 0.990 0.994 
0.017 0.996 0.087 0.995 1.000 
0.023 0.993 0.125 0.993 1.000 
0.021 0.993 0.085 0.993 1.000 
0.025 0.994 0.074 0.993 1.000 
0.026 0.992 0.093 0.980 0.994 
0.021 0.993 0.070 0.995 1.000 
0.016 0.994 0.091 0.995 1.000 
0.010 0.995 0.129 0.990 0.997 
0.022 0.990 0.122 0.985 0.997 
0.017 0.995 0.078 0.995 0.994 
0.012 0.996 0.073 0.995 0.994 
0.025 0.993 0.082 0.995 1.000 
0.011 0.996 0.116 0.993 0.994 
0.014 0.996 0.101 0.990 0.997 
0.015 0.996 0.088 0.985 1.000 
0.010 0.997 0.073 0.993 1.000 
0.019 0.995 0.071 0.995 1.000 
0.015 0.996 0.110 0.995 1.000 
0.027 0.993 0.091 0.993 0.990 
0.013 0.996 0.079 0.995 1.000 
0.023 0.993 0.093 0.993 0.974 
0.011 0.997 0.116 0.995 0.994 
0.024 0.994 0.131 0.973 0.994 
0.014 0.995 0.135 0.993 1.000 
0.020 0.994 0.099 0.995 1.000 
0.024 0.995 0.082 0.995 0.994 
0.013 0.994 0.104 0.990 0.984 
0.021 0.994 0.065 0.995 1.000 
0.020 0.994 0.160 0.993 1.000 
0.041 0.992 0.157 0.993 0.994 
0.017 0.996 0.088 0.993 1.000 
0.019 0.996 0.092 0.990 0.997 
0.027 0.993 0.069 0.993 1.000 
0.009 0.996 0.084 0.993 0.997 
0.013 0.996 0.086 0.993 1.000 
0.021 0.993 0.091 0.993 1.000 
0.026 0.993 0.096 0.995 0.997 
0.012 0.996 0.107 0.985 0.997 
0.008 0.997 0.116 0.995 0.997 
0.011 0.995 0.093 0.985 0.997 
0.012 0.997 0.064 0.993 1.000 
0.011 0.997 0.083 0.993 1.000 
0.029 0.991 0.077 0.990 1.000 
0.015 0.996 0.070 0.993 1.000 
0.010 0.998 0.105 0.970 0.997 
0.029 0.995 0.058 0.990 1.000 
0.015 0.995 0.080 0.990 1.000 
0.020 0.994 0.063 0.993 1.000 
0.021 0.994 0.072 0.993 1.000 
0.015 0.994 0.089 0.993 0.997 
0.018 0.991 0.078 0.995 1.000 
0.011 0.996 0.071 0.995 1.000 
0.018 0.994 0.053 0.995 1.000 
0.021 0.992 0.066 0.995 1.000 
0.021 0.996 0.055 0.995 1.000 
0.012 0.995 0.065 0.988 1.000 
0.028 0.992 0.055 0.993 1.000 
0.017 0.995 0.055 0.993 0.994 
0.007 0.997 0.073 0.993 0.994 
0.018 0.995 0.069 0.995 1.000 
0.025 0.990 0.052 0.995 0.997 
0.013 0.996 0.065 0.990 1.000 
0.020 0.994 0.058 0.995 0.994 
0.022 0.995 0.060 0.995 1.000 
0.010 0.997 0.045 0.995 0.997 
0.009 0.996 0.081 0.995 1.000 
0.016 0.997 0.095 0.990 1.000 
0.020 0.996 0.055 0.995 0.994 
0.022 0.995 0.062 0.995 0.994 
0.018 0.994 0.144 0.953 0.997 
0.021 0.995 0.051 0.995 0.997 
0.014 0.995 0.093 0.983 0.997 
0.016 0.996 0.066 0.993 1.000 
0.015 0.993 0.093 0.988 1.000 
0.019 0.995 0.065 0.993 1.000 
0.014 0.996 0.072 0.995 1.000 
0.017 0.995 0.063 0.988 0.997 
0.015 0.996 0.060 0.995 1.000 
0.019 0.992 0.071 0.995 0.997 
0.033 0.992 0.079 0.995 0.994 
0.011 0.998 0.059 0.995 0.997 
0.014 0.996 0.072 0.993 1.000 
0.008 0.997 0.071 0.995 0.994 
0.021 0.994 0.062 0.995 1.000 
0.017 0.994 0.060 0.990 0.997 
0.013 0.997 0.076 0.995 1.000 
0.021 0.996 0.057 0.993 1.000 
0.007 0.998 0.049 0.995 0.997 
0.017 0.994 0.054 0.995 0.997 
0.020 0.993 0.041 0.995 0.997 
0.013 0.995 0.049 0.995 0.994 
0.017 0.993 0.058 0.993 1.000 
0.008 0.997 0.081 0.993 1.000 
0.014 0.996 0.112 0.988 0.994 
0.020 0.994 0.078 0.995 0.994 
0.012 0.996 0.110 0.995 0.994 
0.019 0.997 0.074 0.995 0.994 
0.021 0.993 0.061 0.985 1.000 
0.022 0.993 0.047 0.995 1.000 
0.013 0.996 0.042 0.995 1.000 
0.015 0.996 0.053 0.993 0.994 
0.012 0.995 0.101 0.983 1.000 
0.021 0.993 0.051 0.993 0.997 
0.013 0.995 0.082 0.995 0.994 
0.023 0.995 0.096 0.988 1.000 
0.052 0.992 0.098 0.988 1.000 
0.024 0.992 0.144 0.990 0.987 
0.017 0.996 0.165 0.990 0.981 
0.011 0.995 0.158 0.990 1.000 
0.020 0.993 0.181 0.995 0.994 
0.014 0.994 0.111 0.995 1.000 
0.010 0.996 0.120 0.995 0.997 
0.009 0.997 0.165 0.995 0.997 
0.025 0.994 0.102 0.995 0.994 
0.015 0.995 0.106 0.985 1.000 
0.016 0.997 0.091 0.995 1.000 
0.019 0.995 0.127 0.995 1.000 
0.013 0.995 0.149 0.995 0.997 
0.017 0.996 0.131 0.995 0.994 
0.013 0.994 0.121 0.995 1.000 
0.013 0.994 0.115 0.995 0.997 
0.013 0.995 0.135 0.995 0.997 
0.013 0.996 0.158 0.993 1.000 
0.052 0.989 0.110 0.990 1.000 
0.015 0.995 0.180 0.993 0.997 
0.016 0.995 0.121 0.995 1.000 
0.015 0.995 0.139 0.995 0.994 
0.012 0.996 0.181 0.993 0.997 
0.012 0.997 0.115 0.993 1.000 
0.015 0.997 0.128 0.993 0.997 
0.018 0.996 0.129 0.993 0.994 
0.015 0.995 0.165 0.978 0.994 
0.016 0.996 0.119 0.993 1.000 
0.017 0.993 0.131 0.995 1.000 
0.020 0.993 0.232 0.975 1.000 
0.045 0.992 0.125 0.978 0.952 
0.016 0.996 0.066 0.995 0.994 
0.023 0.994 0.047 0.995 0.994 
0.017 0.993 0.061 0.993 0.994 
0.018 0.994 0.071 0.995 1.000 
0.012 0.996 0.076 0.995 0.990 
0.022 0.993 0.153 0.993 1.000 
0.017 0.995 0.081 0.995 1.000 
0.011 0.996 0.119 0.995 1.000 
0.016 0.995 0.095 0.995 1.000 
0.019 0.992 0.132 0.985 1.000 
0.012 0.996 0.156 0.990 1.000 
0.007 0.998 0.145 0.995 1.000 
0.023 0.992 0.129 0.993 1.000 
0.010 0.997 0.090 0.995 0.997 
0.022 0.994 0.144 0.995 0.994 
0.020 0.994 0.113 0.995 0.994 
0.013 0.995 0.123 0.990 1.000 
0.011 0.997 0.116 0.995 0.994 
0.016 0.995 0.082 0.995 1.000 
0.017 0.997 0.129 0.988 0.272 
0.018 0.998 0.074 0.995 1.000 
0.027 0.990 0.039 0.995 1.000 
0.010 0.998 0.063 0.995 1.000 
0.014 0.996 0.068 0.995 0.997 
0.008 0.997 0.063 0.995 0.997 
0.030 0.992 0.058 0.995 1.000 
0.017 0.995 0.079 0.990 0.994 
0.025 0.994 0.083 0.995 0.994 
0.014 0.996 0.088 0.988 1.000 
0.017 0.992 0.121 0.988 0.997 
0.015 0.994 0.103 0.988 1.000 
0.022 0.994 0.079 0.993 0.994 
0.019 0.992 0.068 0.983 1.000 
0.019 0.995 0.044 0.993 1.000 
0.019 0.994 0.057 0.993 1.000 
0.014 0.995 0.228 0.988 1.000 
0.014 0.995 0.079 0.988 0.997 
0.011 0.996 0.096 0.993 0.997 
0.009 0.998 0.063 0.993 0.997 
0.012 0.996 0.044 0.993 1.000 
0.017 0.997 0.074 0.995 0.997 
0.012 0.997 0.086 0.995 1.000 
0.013 0.996 0.106 0.995 0.990 
0.020 0.995 0.121 0.993 0.994 
0.010 0.997 0.123 0.993 1.000 
0.015 0.994 0.124 0.995 0.997 
0.008 0.997 0.153 0.995 0.994 
0.010 0.996 0.179 0.995 0.997 
0.011 0.998 0.150 0.993 0.990 
0.014 0.996 0.142 0.985 0.994 
0.022 0.995 0.139 0.985 0.997 
0.027 0.994 0.078 0.993 0.997 
0.011 0.996 0.075 0.985 0.997 
0.019 0.996 0.101 0.993 1.000 
0.023 0.993 0.079 0.995 0.997 
0.013 0.995 0.202 0.950 0.997 
0.017 0.994 0.109 0.990 0.997 
0.009 0.996 0.160 0.990 0.997 
0.023 0.992 0.102 0.993 0.994 
0.020 0.994 0.106 0.983 1.000 
0.015 0.997 0.133 0.995 0.997 
0.011 0.997 0.185 0.995 1.000 
0.016 0.995 0.079 0.990 1.000 
0.023 0.994 0.036 0.993 0.997 
0.030 0.993 0.083 0.990 1.000 
0.014 0.995 0.082 0.993 1.000 
0.012 0.996 0.084 0.995 0.997 
0.016 0.993 0.059 0.995 0.997 
0.019 0.996 0.057 0.993 1.000 
0.017 0.995 0.042 0.995 1.000 
0.014 0.996 0.063 0.990 1.000 
0.016 0.995 0.069 0.990 1.000 
0.008 0.998 0.065 0.988 1.000 
0.015 0.997 0.099 0.993 1.000 
0.044 0.990 0.089 0.993 1.000 
0.022 0.993 0.081 0.995 1.000 
0.018 0.994 0.086 0.993 0.997 
0.013 0.996 0.073 0.995 0.997 
0.010 0.997 0.096 0.993 1.000 
0.016 0.994 0.087 0.995 1.000 
0.020 0.995 0.086 0.995 0.997 
0.010 0.997 0.093 0.995 0.997 
0.022 0.995 0.081 0.995 0.997 
0.014 0.995 0.072 0.993 1.000 
0.011 0.996 0.104 0.990 0.997 
0.016 0.994 0.050 0.990 0.997 
0.012 0.995 0.198 0.973 0.997 
0.031 0.994 0.085 0.983 1.000 
0.008 0.997 0.052 0.985 0.997 
0.020 0.993 0.097 0.988 0.994 
0.012 0.996 0.076 0.993 1.000 
0.012 0.997 0.101 0.995 1.000 
0.021 0.995 0.134 0.993 0.994 
0.014 0.995 0.108 0.995 0.994 
0.020 0.996 0.127 0.995 0.997 
0.021 0.993 0.109 0.990 1.000 
0.014 0.996 0.091 0.993 1.000 
0.010 0.997 0.102 0.993 1.000 
0.015 0.995 0.062 0.995 0.997 
0.015 0.996 0.093 0.995 0.997 
0.025 0.993 0.113 0.988 0.997 
0.009 0.996 0.092 0.995 0.997 
0.011 0.997 0.118 0.988 0.994 
0.016 0.995 0.085 0.995 0.990 
0.016 0.994 0.086 0.985 1.000 
0.026 0.993 0.053 0.993 1.000 
0.025 0.994 0.101 0.993 1.000 
0.010 0.996 0.117 0.990 1.000 
0.028 0.992 0.069 0.995 1.000 
0.008 0.996 0.087 0.993 1.000 
0.014 0.996 0.086 0.993 1.000 
0.011 0.995 0.110 0.995 1.000 
0.025 0.995 0.072 0.993 1.000 
0.022 0.995 0.031 0.995 1.000 
0.016 0.995 0.035 0.995 1.000 
0.012 0.995 0.066 0.983 1.000 
0.017 0.994 0.052 0.993 0.994 
0.012 0.996 0.065 0.995 0.997 
0.013 0.996 0.068 0.990 0.994 
0.016 0.993 0.058 0.995 0.997 
0.011 0.997 0.103 0.993 0.891 
0.008 0.997 0.090 0.993 1.000 
0.022 0.993 0.055 0.995 1.000 
0.015 0.993 0.091 0.993 0.997 
0.015 0.995 0.079 0.988 0.990 
0.011 0.995 0.071 0.995 1.000 
0.016 0.995 0.068 0.990 1.000 
0.011 0.996 0.084 0.995 1.000 
0.016 0.995 0.065 0.995 0.997 
0.017 0.994 0.107 0.995 0.994 
0.024 0.995 0.093 0.995 1.000 
0.026 0.994 0.073 0.993 1.000 
0.019 0.994 0.131 0.988 1.000 
0.025 0.992 0.081 0.993 1.000 
0.016 0.996 0.098 0.995 1.000 
0.012 0.997 0.133 0.993 1.000 
0.026 0.993 0.116 0.993 1.000 
0.013 0.997 0.098 0.995 1.000 
0.020 0.993 0.087 0.968 1.000 
0.010 0.997 0.095 0.995 1.000 
0.010 0.997 0.107 0.993 1.000 
0.017 0.993 0.102 0.995 1.000 
0.020 0.995 0.165 0.993 1.000 
0.013 0.996 0.091 0.995 1.000 
0.022 0.994 0.111 0.990 1.000 
0.027 0.992 0.084 0.988 1.000 
0.023 0.994 0.084 0.990 0.997 
0.012 0.996 0.112 0.985 1.000 
0.017 0.996 0.081 0.993 0.997 
0.022 0.993 0.064 0.995 0.994 
0.022 0.994 0.110 0.970 0.994 
0.019 0.996 0.168 0.970 0.968 
0.028 0.994 0.108 0.990 0.994 
0.014 0.996 0.124 0.995 0.994 
0.014 0.995 0.124 0.995 1.000 
0.017 0.995 0.133 0.993 0.997 
0.016 0.995 0.056 0.993 1.000 
0.015 0.994 0.144 0.993 1.000 
0.009 0.998 0.123 0.995 0.997 
0.014 0.995 0.105 0.990 1.000 
0.008 0.997 0.154 0.995 0.997 
0.013 0.994 0.165 0.995 0.994 
0.011 0.996 0.187 0.988 0.974 
0.020 0.994 0.151 0.995 0.997 
0.017 0.993 0.166 0.990 1.000 
0.015 0.995 0.129 0.995 0.997 
0.027 0.992 0.130 0.993 1.000 
0.023 0.995 0.108 0.988 0.997 
0.010 0.996 0.174 0.985 0.990 
0.018 0.995 0.129 0.985 0.997 
0.013 0.995 0.130 0.995 0.994 
0.009 0.997 0.298 0.993 0.994 
0.028 0.993 0.105 0.990 0.997 
0.014 0.996 0.087 0.993 1.000 
0.015 0.995 0.095 0.993 0.997 
0.016 0.997 0.072 0.993 1.000 
0.014 0.997 0.063 0.995 1.000 
0.024 0.993 0.094 0.988 1.000 
0.019 0.995 0.090 0.995 0.997 
0.005 0.999 0.113 0.995 0.997 
0.012 0.996 0.102 0.995 0.990 
0.017 0.996 0.089 0.995 0.997 
0.012 0.997 0.138 0.993 0.994 
0.017 0.995 0.124 0.995 0.994 
0.018 0.994 0.100 0.995 1.000 
0.013 0.996 0.140 0.993 0.994 
0.017 0.995 0.129 0.983 0.994 
0.019 0.993 0.097 0.990 0.994 
0.012 0.996 0.118 0.995 1.000 
0.021 0.996 0.193 0.993 0.997 
0.017 0.996 0.116 0.995 0.997 
0.010 0.997 0.083 0.988 0.994 
0.020 0.995 0.168 0.990 0.987 
0.014 0.997 0.060 0.988 0.997 
0.008 0.996 0.133 0.993 0.997 
0.021 0.994 0.127 0.990 1.000 
0.024 0.994 0.127 0.990 1.000 
0.013 0.996 0.161 0.993 0.994 
0.036 0.993 0.071 0.983 1.000 
0.009 0.998 0.087 0.988 1.000 
0.011 0.996 0.169 0.983 1.000 
0.006 0.999 0.058 0.995 1.000 
0.024 0.993 0.051 0.993 1.000 
0.013 0.997 0.046 0.995 0.997 
0.016 0.995 0.078 0.990 0.990 
0.012 0.996 0.052 0.995 1.000 
0.023 0.994 0.052 0.993 1.000 
0.013 0.996 0.078 0.988 1.000 
0.016 0.996 0.081 0.993 1.000 
0.016 0.995 0.069 0.995 0.997 
0.022 0.994 0.074 0.985 1.000 
0.024 0.993 0.048 0.988 1.000 
0.006 0.998 0.085 0.993 1.000 
0.016 0.995 0.067 0.995 0.997 
0.018 0.995 0.082 0.995 0.990 
0.007 0.998 0.096 0.985 1.000 
0.016 0.994 0.048 0.995 0.994 
0.004 0.999 0.134 0.993 0.994 
0.020 0.996 0.083 0.993 0.997 
0.021 0.995 0.043 0.995 0.990 
0.023 0.993 0.089 0.968 0.981 
0.019 0.995 0.088 0.975 0.974 
0.016 0.996 0.047 0.993 1.000 
0.019 0.994 0.120 0.988 1.000 
0.030 0.995 0.051 0.988 0.997 
0.012 0.997 0.089 0.990 1.000 
0.022 0.994 0.068 0.993 1.000 
0.016 0.993 0.108 0.998 1.000 
0.017 0.993 0.121 0.993 0.997 
0.068 0.991 0.062 0.995 1.000 
0.017 0.994 0.079 0.993 1.000 
0.028 0.994 0.047 0.995 1.000 
0.010 0.997 0.094 0.995 1.000 
0.009 0.996 0.089 0.995 1.000 
0.019 0.995 0.038 0.993 0.997 
0.017 0.996 0.076 0.983 0.997 
0.020 0.991 0.040 0.990 1.000 
0.016 0.995 0.062 0.988 1.000 
0.009 0.997 0.108 0.993 1.000 
0.015 0.997 0.080 0.985 1.000 
0.014 0.996 0.083 0.990 1.000 
0.029 0.996 0.033 0.995 1.000 
0.014 0.995 0.043 0.995 1.000 
0.009 0.997 0.063 0.993 1.000 
0.011 0.997 0.076 0.988 1.000 
0.013 0.996 0.059 0.995 1.000 
0.014 0.997 0.080 0.993 1.000 
0.009 0.997 0.064 0.995 1.000 
0.019 0.994 0.077 0.995 0.994 
0.024 0.993 0.048 0.995 0.997 
0.014 0.996 0.066 0.995 0.997 
0.027 0.992 0.057 0.995 1.000 
0.022 0.996 0.081 0.968 0.994 
0.009 0.997 0.060 0.995 1.000 
0.023 0.994 0.125 0.990 1.000 
0.020 0.994 0.055 0.995 1.000 
0.017 0.994 0.032 0.993 0.997 
0.015 0.994 0.047 0.993 1.000 
0.014 0.995 0.052 0.995 1.000 
0.015 0.996 0.085 0.990 0.994 
0.020 0.994 0.041 0.995 1.000 
0.025 0.994 0.054 0.993 0.997 
0.020 0.994 0.056 0.995 0.997 
0.009 0.997 0.046 0.993 1.000 
0.027 0.995 0.063 0.995 0.994 
0.019 0.993 0.048 0.995 0.990 
0.012 0.996 0.059 0.995 0.997 
0.015 0.994 0.064 0.995 0.990 
0.022 0.995 0.040 0.993 1.000 
0.014 0.995 0.042 0.995 1.000 
0.011 0.997 0.077 0.990 1.000 
0.028 0.996 0.185 0.995 0.994 
0.011 0.996 0.128 0.993 1.000 
0.008 0.997 0.222 0.993 1.000 
0.016 0.996 0.099 0.993 1.000 
0.013 0.996 0.225 0.993 0.911 
0.025 0.992 0.147 0.993 1.000 
0.018 0.994 0.097 0.993 1.000 
0.017 0.996 0.097 0.995 0.990 
0.023 0.993 0.164 0.990 0.984 
0.013 0.995 0.114 0.995 1.000 
0.015 0.995 0.110 0.985 1.000 
0.022 0.995 0.102 0.995 0.990 
0.014 0.992 0.086 0.995 1.000 
0.021 0.992 0.112 0.995 0.994 
0.013 0.998 0.093 0.995 1.000 
0.012 0.997 0.119 0.995 1.000 
0.017 0.995 0.143 0.993 1.000 
0.032 0.995 0.087 0.960 0.997 
0.018 0.994 0.035 0.993 1.000 
0.023 0.992 0.053 0.993 1.000 
0.024 0.996 0.069 0.988 0.997 
0.046 0.994 0.053 0.993 0.990 
0.014 0.995 0.057 0.993 0.990 
0.016 0.994 0.092 0.995 0.994 
0.014 0.995 0.077 0.993 0.987 
0.016 0.995 0.039 0.995 0.994 
0.012 0.995 0.077 0.993 0.997 
0.022 0.994 0.060 0.995 0.997 
0.005 0.999 0.067 0.995 0.994 
0.011 0.997 0.056 0.988 0.994 
0.018 0.994 0.054 0.995 0.994 
0.003 0.999 0.088 0.993 0.994 
0.016 0.996 0.091 0.990 0.990 
0.016 0.996 0.106 0.983 1.000 
0.023 0.993 0.069 0.995 1.000 
0.017 0.995 0.173 0.988 1.000 
0.009 0.997 0.113 0.993 0.994 
0.020 0.995 0.062 0.993 1.000 
0.014 0.994 0.077 0.990 0.974 
0.021 0.995 0.062 0.993 0.994 
0.009 0.998 0.076 0.995 0.994 
0.011 0.997 0.102 0.988 0.997 
0.012 0.996 0.061 0.993 1.000 
0.013 0.996 0.143 0.985 0.994 
0.029 0.994 0.060 0.995 1.000 
0.010 0.997 0.081 0.990 1.000 
0.017 0.994 0.061 0.995 1.000 
0.011 0.997 0.097 0.995 1.000 
0.022 0.993 0.085 0.995 1.000 
