0.259 0.899 0.130 0.980 1.000 
0.172 0.938 0.153 0.945 0.958 
0.152 0.952 0.127 0.963 1.000 
0.119 0.966 0.084 0.990 0.972 
0.122 0.965 0.139 0.975 1.000 
0.098 0.966 0.087 0.978 1.000 
0.102 0.970 0.079 0.980 0.993 
0.087 0.973 0.100 0.960 0.087 
0.092 0.972 0.103 0.978 1.000 
0.107 0.967 0.057 0.988 1.000 
0.107 0.970 0.061 0.988 0.255 
0.083 0.972 0.071 0.968 0.955 
0.092 0.971 0.091 0.983 0.801 
0.076 0.977 0.062 0.970 0.059 
0.071 0.980 0.074 0.970 0.552 
0.070 0.980 0.084 0.980 1.000 
0.065 0.979 0.064 0.990 0.101 
0.051 0.985 0.072 0.973 0.951 
0.072 0.978 0.072 0.973 0.997 
0.080 0.976 0.065 0.985 0.399 
0.064 0.981 0.065 0.970 0.839 
0.067 0.983 0.050 0.983 0.916 
0.079 0.974 0.083 0.988 0.591 
0.066 0.979 0.051 0.990 0.143 
0.055 0.984 0.062 0.993 0.997 
0.061 0.981 0.073 0.990 0.185 
0.055 0.988 0.080 0.970 0.437 
0.063 0.981 0.082 0.968 0.976 
0.053 0.985 0.068 0.983 1.000 
0.054 0.986 0.054 0.990 1.000 
0.055 0.986 0.053 0.988 1.000 
0.049 0.986 0.059 0.988 1.000 
0.064 0.982 0.057 0.985 1.000 
0.056 0.984 0.055 0.990 1.000 
0.062 0.983 0.047 0.993 1.000 
0.067 0.983 0.089 0.965 1.000 
0.059 0.983 0.048 0.985 0.958 
0.045 0.986 0.059 0.985 0.493 
0.055 0.986 0.062 0.985 1.000 
0.042 0.988 0.090 0.968 1.000 
0.054 0.985 0.064 0.980 0.923 
0.045 0.986 0.065 0.980 1.000 
0.050 0.987 0.062 0.978 1.000 
0.046 0.986 0.047 0.988 1.000 
0.041 0.989 0.071 0.983 0.930 
0.047 0.986 0.093 0.958 0.759 
0.048 0.986 0.058 0.988 0.979 
0.048 0.988 0.072 0.978 0.559 
0.052 0.985 0.065 0.980 0.993 
0.055 0.985 0.051 0.983 0.766 
0.050 0.988 0.061 0.988 0.262 
0.050 0.988 0.090 0.980 0.738 
0.044 0.989 0.084 0.973 1.000 
0.036 0.989 0.068 0.980 0.066 
0.045 0.990 0.054 0.983 0.724 
0.032 0.991 0.052 0.983 0.308 
0.045 0.986 0.069 0.983 0.245 
0.039 0.990 0.044 0.988 0.000 
0.039 0.989 0.064 0.980 0.248 
0.045 0.984 0.058 0.980 0.000 
0.035 0.991 0.070 0.990 0.269 
0.040 0.988 0.119 0.960 0.199 
0.050 0.988 0.063 0.990 1.000 
0.048 0.988 0.065 0.985 0.822 
0.048 0.987 0.088 0.963 0.867 
0.038 0.990 0.063 0.975 0.990 
0.041 0.989 0.075 0.980 0.262 
0.037 0.991 0.084 0.960 0.843 
0.040 0.988 0.047 0.988 0.210 
0.046 0.988 0.077 0.965 0.213 
0.037 0.990 0.054 0.988 0.640 
0.039 0.992 0.042 0.985 0.000 
0.039 0.988 0.060 0.983 0.510 
0.037 0.992 0.052 0.985 0.997 
0.040 0.985 0.065 0.990 0.594 
0.043 0.987 0.046 0.985 0.000 
0.046 0.986 0.059 0.985 0.867 
0.030 0.992 0.036 0.988 0.000 
0.038 0.988 0.063 0.968 0.888 
0.043 0.988 0.049 0.980 0.276 
0.038 0.989 0.049 0.983 0.923 
0.034 0.990 0.086 0.963 0.986 
0.040 0.989 0.059 0.983 0.315 
0.034 0.992 0.039 0.988 0.507 
0.036 0.990 0.043 0.985 0.636 
0.032 0.994 0.051 0.980 1.000 
0.050 0.985 0.063 0.973 0.969 
0.033 0.993 0.043 0.983 0.629 
0.032 0.991 0.055 0.978 0.815 
0.040 0.990 0.045 0.983 0.357 
0.033 0.991 0.100 0.958 0.227 
0.035 0.991 0.055 0.975 1.000 
0.035 0.987 0.095 0.960 0.955 
0.026 0.993 0.069 0.975 0.846 
0.041 0.987 0.051 0.980 0.846 
0.032 0.991 0.069 0.963 0.283 
0.038 0.990 0.061 0.980 0.024 
0.040 0.990 0.052 0.980 1.000 
0.046 0.988 0.054 0.985 1.000 
0.032 0.991 0.054 0.978 0.000 
0.038 0.989 0.081 0.960 0.227 
0.031 0.992 0.043 0.988 0.976 
0.032 0.991 0.059 0.970 0.944 
0.038 0.989 0.070 0.973 0.818 
0.032 0.992 0.060 0.980 0.084 
0.045 0.990 0.049 0.988 0.892 
0.037 0.993 0.061 0.980 0.727 
0.030 0.992 0.070 0.970 0.552 
0.028 0.992 0.089 0.963 0.850 
0.030 0.990 0.038 0.988 0.986 
0.034 0.992 0.056 0.983 0.556 
0.032 0.991 0.055 0.980 0.409 
0.038 0.991 0.057 0.978 1.000 
0.039 0.988 0.048 0.983 1.000 
0.030 0.993 0.030 0.995 1.000 
0.038 0.990 0.086 0.960 0.878 
0.026 0.995 0.042 0.983 0.934 
0.031 0.992 0.062 0.978 0.986 
0.023 0.995 0.059 0.975 1.000 
0.043 0.990 0.050 0.983 0.804 
0.040 0.990 0.050 0.983 1.000 
0.027 0.993 0.035 0.988 1.000 
0.030 0.992 0.041 0.988 0.234 
0.029 0.994 0.047 0.985 0.997 
0.024 0.993 0.093 0.963 0.682 
0.030 0.992 0.062 0.973 0.951 
0.037 0.992 0.059 0.983 0.822 
0.036 0.990 0.045 0.983 0.336 
0.029 0.993 0.060 0.980 0.486 
0.026 0.992 0.037 0.988 0.741 
0.031 0.992 0.038 0.990 1.000 
0.027 0.993 0.037 0.985 0.357 
0.032 0.989 0.087 0.960 0.294 
0.024 0.996 0.067 0.978 0.587 
0.033 0.991 0.058 0.978 0.993 
0.027 0.995 0.078 0.968 0.455 
0.031 0.992 0.067 0.968 0.329 
0.026 0.992 0.052 0.985 1.000 
0.025 0.992 0.062 0.970 1.000 
0.035 0.989 0.087 0.960 0.997 
0.030 0.991 0.107 0.958 0.997 
0.032 0.992 0.049 0.988 0.972 
0.026 0.991 0.045 0.988 0.745 
0.029 0.993 0.052 0.983 0.703 
0.031 0.992 0.043 0.993 0.052 
0.035 0.987 0.054 0.975 0.969 
0.035 0.990 0.071 0.975 0.983 
0.027 0.993 0.051 0.980 0.497 
0.030 0.992 0.042 0.985 0.738 
0.023 0.992 0.030 0.990 1.000 
0.023 0.993 0.068 0.963 1.000 
0.031 0.991 0.034 0.985 0.997 
0.035 0.993 0.055 0.970 0.983 
0.040 0.990 0.039 0.985 0.927 
0.034 0.991 0.103 0.958 0.993 
0.024 0.993 0.092 0.960 0.965 
0.024 0.994 0.073 0.963 1.000 
0.028 0.991 0.046 0.985 1.000 
0.024 0.993 0.041 0.983 0.948 
0.031 0.995 0.131 0.955 1.000 
0.028 0.993 0.078 0.963 1.000 
0.035 0.994 0.112 0.958 1.000 
0.035 0.990 0.078 0.965 1.000 
0.025 0.992 0.128 0.958 1.000 
0.037 0.993 0.093 0.958 1.000 
0.033 0.992 0.070 0.975 1.000 
0.029 0.993 0.048 0.985 0.990 
0.025 0.993 0.064 0.975 1.000 
0.027 0.993 0.078 0.958 1.000 
0.029 0.992 0.044 0.988 0.339 
0.032 0.993 0.069 0.970 0.997 
0.025 0.994 0.040 0.988 0.766 
0.031 0.991 0.102 0.958 1.000 
0.026 0.993 0.136 0.948 0.979 
0.030 0.992 0.079 0.968 0.885 
0.024 0.993 0.112 0.958 0.993 
0.023 0.995 0.080 0.965 1.000 
0.032 0.992 0.090 0.963 1.000 
0.028 0.993 0.095 0.955 0.832 
0.026 0.991 0.040 0.988 0.993 
0.033 0.992 0.059 0.978 0.997 
0.031 0.992 0.062 0.978 1.000 
0.027 0.993 0.052 0.980 0.993 
0.021 0.993 0.033 0.988 1.000 
0.027 0.995 0.055 0.978 1.000 
0.024 0.993 0.046 0.983 0.983 
0.036 0.992 0.038 0.988 1.000 
0.032 0.990 0.054 0.985 0.997 
0.037 0.992 0.066 0.978 0.993 
0.025 0.992 0.053 0.980 0.920 
0.024 0.994 0.051 0.985 0.143 
0.031 0.993 0.087 0.963 0.972 
0.021 0.997 0.058 0.983 0.031 
0.028 0.993 0.044 0.985 0.969 
0.032 0.992 0.114 0.953 0.605 
0.028 0.993 0.059 0.980 0.364 
0.026 0.992 0.034 0.988 0.238 
0.025 0.995 0.082 0.963 1.000 
0.019 0.994 0.038 0.985 1.000 
0.029 0.994 0.056 0.978 0.990 
0.020 0.995 0.041 0.988 1.000 
0.022 0.995 0.046 0.990 1.000 
0.034 0.990 0.118 0.953 0.986 
0.019 0.993 0.053 0.980 0.990 
0.030 0.991 0.135 0.953 1.000 
0.021 0.996 0.049 0.983 0.986 
0.030 0.991 0.069 0.978 0.336 
0.032 0.993 0.040 0.988 0.385 
0.030 0.992 0.065 0.975 0.983 
0.030 0.992 0.109 0.958 1.000 
0.027 0.995 0.054 0.975 0.972 
0.023 0.993 0.073 0.963 1.000 
0.034 0.993 0.072 0.965 0.790 
0.039 0.991 0.086 0.960 0.976 
0.030 0.993 0.048 0.985 0.986 
0.020 0.995 0.027 0.990 1.000 
0.022 0.995 0.073 0.973 1.000 
0.025 0.992 0.048 0.983 0.993 
0.024 0.992 0.047 0.980 1.000 
0.021 0.995 0.035 0.985 1.000 
0.029 0.990 0.122 0.953 1.000 
0.048 0.990 0.067 0.963 0.997 
0.023 0.992 0.094 0.958 1.000 
0.024 0.992 0.058 0.975 0.986 
0.022 0.993 0.108 0.960 0.951 
0.019 0.994 0.030 0.988 0.717 
0.021 0.996 0.039 0.985 0.993 
0.028 0.995 0.038 0.988 0.769 
0.025 0.993 0.048 0.985 0.920 
0.027 0.991 0.057 0.975 0.017 
0.022 0.995 0.039 0.988 0.829 
0.026 0.994 0.128 0.958 0.703 
0.030 0.994 0.049 0.985 0.542 
0.017 0.995 0.059 0.983 0.997 
0.023 0.995 0.075 0.978 0.990 
0.023 0.993 0.070 0.978 1.000 
0.025 0.993 0.094 0.963 0.993 
0.027 0.992 0.083 0.965 0.993 
0.030 0.993 0.057 0.978 1.000 
0.034 0.992 0.164 0.943 0.899 
0.036 0.990 0.053 0.980 1.000 
0.021 0.995 0.079 0.973 1.000 
0.028 0.993 0.063 0.975 1.000 
0.022 0.995 0.087 0.960 0.951 
0.027 0.994 0.047 0.988 1.000 
0.025 0.995 0.083 0.973 0.990 
0.025 0.995 0.055 0.980 0.993 
0.020 0.993 0.051 0.983 0.825 
0.038 0.992 0.097 0.960 0.997 
0.014 0.995 0.064 0.985 1.000 
0.037 0.991 0.141 0.950 1.000 
0.017 0.997 0.069 0.970 0.920 
0.026 0.994 0.073 0.973 1.000 
0.017 0.995 0.034 0.990 0.990 
0.024 0.992 0.081 0.965 1.000 
0.035 0.991 0.031 0.990 0.997 
0.025 0.995 0.111 0.953 1.000 
0.024 0.993 0.061 0.978 0.993 
0.023 0.995 0.036 0.990 0.990 
0.020 0.995 0.088 0.958 1.000 
0.022 0.993 0.115 0.953 0.997 
0.029 0.993 0.114 0.963 0.927 
0.018 0.996 0.044 0.985 0.990 
0.022 0.994 0.044 0.980 0.699 
0.024 0.993 0.058 0.978 1.000 
0.025 0.993 0.057 0.978 1.000 
0.025 0.993 0.028 0.993 0.979 
0.029 0.993 0.157 0.938 0.993 
0.036 0.988 0.103 0.955 0.993 
0.024 0.994 0.139 0.950 0.997 
0.022 0.995 0.051 0.980 0.986 
0.018 0.993 0.118 0.955 0.990 
0.018 0.995 0.112 0.955 0.993 
0.021 0.992 0.062 0.978 1.000 
0.027 0.993 0.042 0.990 0.986 
0.018 0.995 0.038 0.990 0.986 
0.024 0.995 0.101 0.958 1.000 
0.023 0.993 0.059 0.978 0.990 
0.017 0.993 0.119 0.960 0.983 
0.025 0.994 0.037 0.988 0.993 
0.024 0.995 0.060 0.983 0.986 
0.027 0.992 0.117 0.955 0.993 
0.021 0.995 0.166 0.945 0.923 
0.023 0.996 0.037 0.988 0.983 
0.018 0.996 0.137 0.950 1.000 
0.028 0.992 0.049 0.985 0.976 
0.026 0.992 0.114 0.958 1.000 
0.021 0.997 0.138 0.953 0.993 
0.027 0.991 0.057 0.980 0.990 
0.021 0.995 0.031 0.990 0.797 
0.019 0.996 0.088 0.960 0.976 
0.024 0.992 0.062 0.980 1.000 
0.016 0.995 0.082 0.973 0.983 
0.030 0.992 0.123 0.950 0.986 
0.028 0.992 0.077 0.978 1.000 
0.022 0.992 0.045 0.980 1.000 
0.020 0.995 0.062 0.975 1.000 
0.028 0.995 0.053 0.983 1.000 
0.033 0.992 0.104 0.955 0.990 
0.020 0.994 0.119 0.955 1.000 
0.017 0.996 0.059 0.980 1.000 
0.016 0.996 0.111 0.955 0.997 
0.026 0.991 0.037 0.988 0.979 
0.018 0.996 0.064 0.970 0.909 
0.023 0.994 0.066 0.978 0.993 
0.021 0.997 0.147 0.963 0.983 
0.040 0.991 0.066 0.963 0.874 
0.024 0.992 0.094 0.958 0.958 
0.020 0.995 0.040 0.990 0.748 
0.020 0.995 0.062 0.993 0.972 
0.018 0.996 0.041 0.990 0.675 
0.021 0.996 0.092 0.983 0.948 
0.036 0.991 0.035 0.985 0.993 
0.024 0.994 0.056 0.983 0.986 
0.015 0.997 0.062 0.980 0.878 
0.030 0.993 0.045 0.980 0.580 
0.029 0.994 0.068 0.968 0.682 
0.035 0.993 0.067 0.978 0.902 
0.025 0.993 0.035 0.990 0.577 
0.021 0.994 0.124 0.958 0.983 
0.020 0.993 0.068 0.975 0.986 
0.022 0.993 0.055 0.983 1.000 
0.020 0.993 0.053 0.980 0.878 
0.026 0.995 0.042 0.988 0.986 
0.026 0.992 0.057 0.985 0.986 
0.038 0.994 0.099 0.960 0.986 
0.025 0.991 0.049 0.985 0.822 
0.023 0.993 0.066 0.978 0.962 
0.024 0.993 0.036 0.988 0.986 
0.020 0.995 0.088 0.960 1.000 
0.015 0.995 0.043 0.985 0.990 
0.023 0.993 0.078 0.968 0.986 
0.023 0.994 0.064 0.978 0.976 
0.018 0.995 0.067 0.983 0.986 
0.018 0.996 0.047 0.985 0.986 
0.023 0.993 0.056 0.983 0.836 
0.040 0.992 0.061 0.980 0.986 
0.035 0.993 0.084 0.960 0.997 
0.031 0.992 0.048 0.983 0.993 
0.025 0.993 0.038 0.988 0.990 
0.022 0.993 0.047 0.983 0.990 
0.024 0.993 0.060 0.978 0.962 
0.024 0.994 0.080 0.960 0.986 
0.016 0.994 0.040 0.988 0.895 
0.014 0.996 0.062 0.980 0.979 
0.021 0.996 0.121 0.955 0.997 
0.034 0.991 0.123 0.948 1.000 
0.017 0.995 0.048 0.985 0.993 
0.029 0.992 0.063 0.978 1.000 
0.030 0.991 0.105 0.955 1.000 
0.019 0.993 0.121 0.960 0.990 
0.024 0.994 0.056 0.985 0.972 
0.020 0.994 0.077 0.965 1.000 
0.024 0.996 0.089 0.958 0.983 
0.020 0.994 0.055 0.975 0.990 
0.026 0.993 0.083 0.960 1.000 
0.019 0.995 0.091 0.960 0.993 
0.018 0.996 0.135 0.958 0.846 
0.028 0.994 0.123 0.955 0.976 
0.019 0.993 0.050 0.980 0.675 
0.021 0.995 0.154 0.955 0.986 
0.029 0.995 0.098 0.955 0.986 
0.027 0.992 0.056 0.978 0.986 
0.019 0.996 0.047 0.985 0.986 
0.023 0.994 0.108 0.955 0.965 
0.021 0.995 0.159 0.950 0.930 
0.025 0.993 0.053 0.978 0.965 
0.017 0.996 0.080 0.960 1.000 
0.023 0.994 0.050 0.978 0.969 
0.022 0.996 0.073 0.985 0.976 
0.024 0.993 0.089 0.958 0.958 
0.016 0.995 0.048 0.983 0.990 
0.022 0.993 0.043 0.985 0.990 
0.017 0.995 0.063 0.980 0.986 
0.024 0.992 0.105 0.960 1.000 
0.018 0.996 0.043 0.985 0.990 
0.028 0.993 0.097 0.958 0.836 
0.019 0.995 0.106 0.965 0.899 
0.028 0.991 0.068 0.965 0.962 
0.038 0.990 0.142 0.950 0.965 
0.014 0.996 0.040 0.985 0.769 
0.026 0.995 0.062 0.980 0.993 
0.015 0.996 0.055 0.978 0.983 
0.022 0.995 0.039 0.990 0.776 
0.029 0.992 0.079 0.968 0.976 
0.022 0.995 0.053 0.980 0.986 
0.023 0.993 0.039 0.988 0.682 
0.028 0.996 0.129 0.953 0.990 
0.027 0.994 0.098 0.960 0.615 
0.021 0.995 0.064 0.975 0.664 
0.019 0.996 0.089 0.965 0.608 
0.018 0.994 0.081 0.970 0.976 
0.022 0.993 0.066 0.975 0.913 
0.016 0.995 0.068 0.975 0.682 
0.022 0.992 0.096 0.953 0.580 
0.016 0.998 0.061 0.978 0.301 
0.017 0.997 0.034 0.990 0.283 
0.020 0.993 0.035 0.988 0.598 
0.020 0.993 0.070 0.973 0.573 
0.023 0.993 0.076 0.970 0.336 
0.023 0.995 0.056 0.975 0.413 
0.024 0.992 0.071 0.965 0.007 
0.022 0.993 0.072 0.970 0.196 
0.015 0.996 0.108 0.960 0.808 
0.043 0.992 0.110 0.960 0.364 
0.018 0.995 0.136 0.955 0.997 
0.016 0.996 0.144 0.963 0.028 
0.026 0.994 0.066 0.985 0.573 
0.023 0.996 0.042 0.988 0.192 
0.039 0.992 0.145 0.953 0.895 
0.016 0.997 0.038 0.988 0.955 
0.023 0.995 0.041 0.985 0.962 
0.021 0.995 0.150 0.950 0.731 
0.021 0.995 0.104 0.953 0.986 
0.018 0.995 0.046 0.980 0.308 
0.018 0.995 0.035 0.988 0.301 
0.024 0.995 0.068 0.978 0.902 
0.021 0.993 0.085 0.965 1.000 
0.019 0.996 0.109 0.963 0.976 
0.028 0.992 0.141 0.950 0.990 
0.017 0.994 0.061 0.975 1.000 
0.023 0.993 0.052 0.983 0.990 
0.023 0.995 0.075 0.970 0.839 
0.018 0.996 0.034 0.988 0.682 
0.017 0.995 0.186 0.948 0.077 
0.018 0.996 0.068 0.968 0.986 
0.053 0.991 0.036 0.988 0.958 
0.023 0.996 0.051 0.978 0.622 
0.018 0.995 0.041 0.985 0.465 
0.021 0.995 0.140 0.963 0.542 
0.030 0.992 0.076 0.975 0.510 
0.022 0.995 0.086 0.965 0.913 
0.025 0.994 0.126 0.955 0.979 
0.030 0.992 0.096 0.960 0.745 
0.019 0.995 0.168 0.948 0.965 
0.014 0.996 0.101 0.965 0.650 
0.025 0.994 0.043 0.983 0.458 
0.022 0.993 0.095 0.965 0.955 
0.012 0.998 0.040 0.983 0.794 
0.013 0.996 0.123 0.953 0.059 
0.017 0.996 0.099 0.965 0.360 
0.022 0.995 0.082 0.978 0.682 
0.019 0.996 0.068 0.978 0.969 
0.023 0.992 0.083 0.970 0.650 
0.020 0.993 0.086 0.968 0.325 
0.026 0.993 0.129 0.955 0.738 
0.019 0.995 0.064 0.975 0.042 
0.014 0.996 0.143 0.955 0.941 
0.020 0.996 0.099 0.960 0.909 
0.021 0.994 0.061 0.980 0.245 
0.024 0.995 0.076 0.973 0.948 
0.020 0.995 0.074 0.975 0.608 
0.019 0.995 0.103 0.960 0.909 
0.023 0.994 0.035 0.990 0.923 
0.023 0.993 0.041 0.985 0.825 
0.012 0.996 0.151 0.950 0.997 
0.017 0.995 0.151 0.945 0.983 
0.021 0.995 0.065 0.978 0.843 
0.029 0.992 0.050 0.985 0.815 
0.023 0.995 0.044 0.985 0.934 
0.024 0.992 0.139 0.950 0.969 
0.024 0.992 0.093 0.965 0.958 
0.017 0.995 0.043 0.985 0.986 
0.018 0.996 0.173 0.950 0.990 
0.018 0.993 0.078 0.973 0.927 
0.014 0.996 0.097 0.970 1.000 
0.019 0.995 0.193 0.945 0.521 
0.019 0.992 0.129 0.960 0.703 
0.016 0.995 0.047 0.980 0.920 
0.016 0.996 0.068 0.975 0.818 
0.021 0.992 0.064 0.978 0.993 
0.015 0.995 0.115 0.960 0.965 
0.022 0.995 0.193 0.930 0.993 
0.021 0.994 0.083 0.965 0.997 
0.021 0.995 0.035 0.990 0.857 
0.019 0.995 0.065 0.978 0.930 
0.016 0.997 0.050 0.985 0.643 
0.016 0.997 0.028 0.993 0.888 
0.023 0.994 0.153 0.945 1.000 
0.019 0.995 0.034 0.988 0.937 
0.014 0.997 0.079 0.975 1.000 
0.016 0.996 0.105 0.965 0.990 
0.014 0.997 0.101 0.965 0.997 
0.019 0.995 0.040 0.985 0.993 
0.023 0.993 0.065 0.980 0.986 
0.017 0.995 0.059 0.980 0.119 
0.025 0.995 0.053 0.983 0.811 
0.026 0.996 0.111 0.963 0.584 
0.022 0.995 0.048 0.985 1.000 
0.021 0.995 0.044 0.985 1.000 
0.015 0.997 0.063 0.980 0.990 
0.020 0.995 0.051 0.980 0.990 
0.021 0.995 0.091 0.970 0.965 
0.018 0.995 0.125 0.955 1.000 
0.017 0.993 0.069 0.978 0.878 
0.021 0.994 0.059 0.978 0.951 
0.014 0.996 0.046 0.983 0.979 
0.015 0.996 0.051 0.975 1.000 
0.025 0.993 0.095 0.963 0.927 
0.016 0.996 0.086 0.973 0.629 
0.019 0.995 0.195 0.938 0.920 
0.018 0.996 0.061 0.990 1.000 
0.019 0.995 0.059 0.985 1.000 
0.035 0.994 0.099 0.958 0.990 
0.023 0.993 0.049 0.980 0.990 
0.017 0.997 0.067 0.978 0.986 
0.023 0.994 0.092 0.965 0.972 
0.022 0.993 0.096 0.963 0.997 
0.017 0.996 0.071 0.975 0.990 
0.024 0.996 0.048 0.985 0.857 
0.020 0.995 0.052 0.978 0.986 
0.015 0.995 0.132 0.975 0.983 
0.023 0.995 0.141 0.948 0.983 
0.016 0.995 0.053 0.985 0.885 
0.038 0.992 0.084 0.978 0.899 
0.010 0.998 0.076 0.970 1.000 
0.021 0.996 0.050 0.985 0.815 
0.014 0.997 0.076 0.975 0.993 
0.017 0.995 0.091 0.970 0.979 
0.024 0.993 0.048 0.985 0.976 
0.021 0.994 0.075 0.978 0.976 
0.018 0.995 0.069 0.983 0.846 
0.021 0.994 0.096 0.960 1.000 
0.009 0.997 0.048 0.985 0.986 
0.023 0.995 0.043 0.983 0.955 
0.018 0.996 0.043 0.985 0.983 
0.025 0.994 0.090 0.960 0.997 
0.010 0.997 0.028 0.993 0.937 
0.014 0.995 0.034 0.988 0.986 
0.016 0.997 0.070 0.975 0.990 
0.022 0.995 0.129 0.955 0.986 
0.009 0.997 0.128 0.970 0.993 
0.040 0.994 0.109 0.955 0.979 
0.029 0.992 0.268 0.930 0.972 
0.024 0.993 0.058 0.985 0.951 
0.014 0.996 0.051 0.990 0.734 
0.023 0.994 0.143 0.950 0.997 
0.023 0.995 0.097 0.958 0.818 
0.038 0.995 0.076 0.973 0.923 
0.021 0.995 0.096 0.965 0.986 
0.023 0.993 0.102 0.968 0.962 
0.020 0.996 0.157 0.965 0.969 
0.034 0.991 0.197 0.930 1.000 
0.014 0.996 0.071 0.973 0.976 
0.018 0.994 0.062 0.978 0.811 
0.023 0.996 0.067 0.983 0.822 
0.022 0.996 0.190 0.943 0.986 
0.026 0.993 0.063 0.978 0.986 
0.018 0.996 0.087 0.963 0.951 
0.014 0.996 0.048 0.985 0.654 
0.016 0.995 0.071 0.973 0.986 
0.041 0.995 0.210 0.963 0.986 
0.029 0.992 0.133 0.963 0.986 
0.018 0.995 0.078 0.978 0.969 
0.014 0.996 0.113 0.963 0.990 
0.025 0.991 0.130 0.963 0.780 
0.019 0.995 0.090 0.965 0.986 
0.021 0.995 0.065 0.978 0.923 
0.010 0.997 0.056 0.988 0.983 
0.018 0.994 0.085 0.970 0.986 
0.013 0.997 0.036 0.990 0.983 
0.018 0.993 0.035 0.990 0.986 
0.016 0.996 0.112 0.965 0.993 
0.018 0.993 0.133 0.960 0.990 
0.030 0.995 0.170 0.953 0.958 
0.024 0.994 0.054 0.983 0.895 
0.023 0.997 0.079 0.975 0.986 
0.029 0.993 0.148 0.948 0.969 
0.013 0.997 0.058 0.985 0.965 
0.016 0.996 0.064 0.980 0.923 
0.031 0.993 0.067 0.980 0.976 
0.023 0.992 0.094 0.965 0.944 
0.011 0.996 0.080 0.978 0.951 
0.020 0.996 0.104 0.960 0.983 
0.022 0.993 0.135 0.950 0.979 
0.017 0.996 0.084 0.970 0.538 
0.015 0.995 0.053 0.983 0.979 
0.014 0.995 0.057 0.983 0.818 
0.017 0.997 0.039 0.985 0.990 
0.033 0.995 0.112 0.955 0.510 
0.026 0.993 0.152 0.948 0.948 
0.016 0.994 0.121 0.950 0.990 
0.019 0.994 0.106 0.958 0.986 
0.016 0.994 0.061 0.985 0.986 
0.029 0.991 0.096 0.973 0.787 
0.016 0.996 0.096 0.973 0.822 
0.020 0.995 0.121 0.958 0.969 
0.019 0.992 0.122 0.958 0.955 
0.020 0.995 0.085 0.973 0.986 
0.020 0.995 0.118 0.960 0.990 
0.015 0.993 0.094 0.970 0.990 
0.017 0.994 0.071 0.973 1.000 
0.016 0.996 0.059 0.980 0.367 
0.014 0.996 0.129 0.958 0.902 
0.025 0.995 0.049 0.980 0.801 
0.015 0.996 0.111 0.975 0.252 
0.025 0.991 0.116 0.955 0.986 
0.014 0.997 0.139 0.955 1.000 
0.028 0.993 0.060 0.983 0.958 
0.016 0.997 0.096 0.968 0.990 
0.022 0.993 0.082 0.970 0.986 
0.016 0.996 0.040 0.985 0.948 
0.013 0.996 0.047 0.985 0.986 
0.023 0.994 0.071 0.973 0.986 
0.014 0.996 0.023 0.993 0.976 
0.013 0.998 0.039 0.990 0.741 
0.020 0.996 0.086 0.973 0.948 
0.010 0.997 0.040 0.985 0.927 
0.014 0.996 0.052 0.983 0.210 
0.016 0.995 0.074 0.975 0.822 
0.021 0.993 0.145 0.958 0.986 
0.025 0.995 0.180 0.953 1.000 
0.014 0.995 0.051 0.983 0.962 
0.046 0.995 0.205 0.938 0.976 
0.019 0.996 0.132 0.960 0.965 
0.015 0.995 0.065 0.975 0.990 
0.015 0.995 0.082 0.975 1.000 
0.013 0.996 0.099 0.983 0.990 
0.066 0.990 0.255 0.945 0.958 
0.066 0.992 0.045 0.985 0.986 
0.013 0.997 0.077 0.978 0.986 
0.017 0.994 0.095 0.975 0.895 
0.025 0.995 0.208 0.948 0.913 
0.014 0.996 0.161 0.953 0.955 
0.014 0.996 0.060 0.983 0.986 
0.016 0.995 0.177 0.975 0.983 
0.041 0.991 0.097 0.970 0.986 
0.026 0.994 0.058 0.978 0.986 
0.012 0.997 0.082 0.975 0.990 
0.043 0.993 0.120 0.963 1.000 
0.032 0.994 0.091 0.973 0.986 
0.019 0.993 0.057 0.978 0.990 
0.012 0.996 0.152 0.953 1.000 
0.014 0.995 0.051 0.980 0.990 
0.015 0.998 0.053 0.980 0.986 
0.016 0.995 0.098 0.970 0.990 
0.048 0.995 0.096 0.963 0.986 
0.019 0.996 0.107 0.965 0.986 
0.015 0.996 0.122 0.960 0.979 
0.021 0.993 0.054 0.980 0.986 
0.016 0.996 0.108 0.960 0.990 
0.019 0.995 0.247 0.922 0.986 
0.016 0.995 0.118 0.963 0.899 
0.039 0.995 0.063 0.975 0.990 
0.018 0.995 0.094 0.973 0.958 
0.027 0.994 0.143 0.958 0.986 
0.022 0.992 0.055 0.978 0.986 
0.020 0.993 0.061 0.975 0.811 
0.015 0.996 0.035 0.985 0.885 
0.021 0.992 0.084 0.973 0.997 
0.013 0.997 0.115 0.955 1.000 
0.015 0.996 0.053 0.978 1.000 
0.020 0.993 0.041 0.985 0.958 
0.013 0.997 0.093 0.970 0.969 
0.017 0.995 0.059 0.980 0.958 
0.014 0.996 0.077 0.980 0.955 
0.018 0.994 0.075 0.980 0.986 
0.024 0.996 0.124 0.955 0.091 
0.017 0.996 0.159 0.985 0.140 
0.032 0.995 0.062 0.983 0.986 
0.028 0.993 0.071 0.983 0.986 
0.020 0.995 0.094 0.968 0.986 
0.012 0.996 0.087 0.973 0.969 
0.028 0.991 0.043 0.985 0.455 
0.020 0.993 0.055 0.983 0.913 
0.014 0.997 0.106 0.970 0.720 
0.039 0.996 0.145 0.958 0.990 
0.021 0.995 0.062 0.983 0.990 
0.022 0.995 0.175 0.953 0.983 
0.014 0.995 0.051 0.985 0.986 
0.013 0.996 0.102 0.968 0.983 
0.023 0.993 0.111 0.960 0.570 
0.012 0.995 0.096 0.970 0.979 
0.039 0.994 0.036 0.988 0.664 
0.016 0.995 0.126 0.955 0.640 
0.021 0.996 0.143 0.953 0.902 
0.019 0.996 0.038 0.990 0.885 
0.018 0.996 0.036 0.988 0.976 
0.018 0.996 0.092 0.968 0.825 
0.006 0.997 0.074 0.978 0.028 
0.017 0.997 0.048 0.985 0.787 
0.013 0.997 0.082 0.970 0.986 
0.014 0.993 0.159 0.948 1.000 
0.017 0.996 0.045 0.985 0.986 
0.019 0.996 0.097 0.968 0.881 
0.029 0.994 0.043 0.988 0.986 
0.024 0.993 0.070 0.975 0.780 
0.018 0.995 0.210 0.932 0.241 
0.019 0.995 0.090 0.975 0.853 
0.021 0.993 0.068 0.978 0.899 
0.013 0.998 0.085 0.973 0.909 
0.011 0.996 0.101 0.965 0.972 
0.022 0.997 0.087 0.975 0.927 
0.028 0.993 0.175 0.940 0.804 
0.014 0.996 0.107 0.960 0.315 
0.013 0.996 0.091 0.970 0.857 
0.020 0.993 0.081 0.975 0.108 
0.014 0.996 0.060 0.983 0.780 
0.019 0.995 0.119 0.970 0.790 
0.021 0.993 0.103 0.965 0.976 
0.013 0.996 0.086 0.973 0.986 
0.019 0.996 0.046 0.985 0.850 
0.015 0.997 0.090 0.973 0.972 
0.019 0.995 0.091 0.968 0.976 
0.017 0.996 0.034 0.988 0.986 
0.013 0.996 0.053 0.983 0.822 
0.013 0.997 0.113 0.963 0.997 
0.020 0.992 0.084 0.970 0.993 
0.018 0.996 0.047 0.985 0.965 
0.018 0.996 0.036 0.990 0.587 
0.012 0.996 0.042 0.985 0.895 
0.015 0.995 0.056 0.980 0.948 
0.029 0.995 0.064 0.980 0.832 
0.016 0.995 0.036 0.988 0.895 
0.018 0.994 0.104 0.965 0.993 
0.019 0.996 0.041 0.990 0.332 
0.027 0.993 0.030 0.990 0.500 
0.031 0.993 0.079 0.978 0.850 
0.015 0.996 0.082 0.975 0.997 
0.013 0.997 0.040 0.988 0.993 
0.016 0.995 0.182 0.948 1.000 
0.013 0.996 0.124 0.970 0.955 
0.018 0.998 0.052 0.985 0.497 
0.015 0.994 0.086 0.978 0.983 
0.020 0.992 0.043 0.988 0.706 
0.017 0.996 0.075 0.978 0.972 
0.009 0.998 0.046 0.988 0.958 
0.017 0.997 0.087 0.970 0.979 
0.015 0.996 0.060 0.985 0.895 
0.024 0.995 0.045 0.988 0.993 
0.046 0.996 0.108 0.955 0.997 
0.012 0.996 0.105 0.960 0.969 
0.030 0.993 0.068 0.978 0.899 
0.018 0.993 0.148 0.950 0.937 
0.016 0.996 0.044 0.985 0.773 
0.045 0.994 0.064 0.978 0.885 
0.014 0.996 0.055 0.983 0.776 
0.014 0.996 0.150 0.955 1.000 
0.017 0.996 0.124 0.955 0.986 
0.012 0.998 0.027 0.993 0.734 
0.013 0.996 0.034 0.985 0.804 
0.014 0.997 0.039 0.988 0.808 
0.014 0.996 0.057 0.985 0.601 
0.029 0.996 0.101 0.968 0.846 
0.019 0.995 0.055 0.983 0.766 
0.017 0.997 0.126 0.953 0.769 
0.019 0.996 0.032 0.993 0.290 
0.009 0.997 0.069 0.975 0.164 
0.025 0.993 0.094 0.970 0.692 
0.020 0.997 0.077 0.970 0.983 
0.013 0.995 0.038 0.990 0.364 
0.017 0.997 0.066 0.975 0.923 
0.015 0.993 0.113 0.958 0.451 
0.012 0.997 0.080 0.975 0.990 
0.006 0.999 0.046 0.988 0.871 
0.017 0.996 0.075 0.973 0.759 
0.013 0.997 0.108 0.978 0.633 
0.021 0.993 0.042 0.985 0.573 
0.019 0.995 0.080 0.973 0.378 
0.017 0.995 0.196 0.930 0.902 
0.017 0.996 0.115 0.958 0.497 
0.017 0.995 0.164 0.945 0.990 
0.013 0.996 0.049 0.985 0.318 
0.011 0.998 0.127 0.963 0.675 
0.007 0.999 0.082 0.978 0.224 
0.030 0.995 0.037 0.990 0.161 
0.025 0.993 0.093 0.970 0.986 
0.014 0.997 0.078 0.975 0.990 
0.017 0.995 0.088 0.975 0.990 
0.018 0.995 0.052 0.983 0.227 
0.010 0.996 0.048 0.985 0.668 
0.016 0.997 0.033 0.988 0.706 
0.027 0.993 0.109 0.973 0.545 
0.019 0.995 0.063 0.983 0.038 
0.007 0.997 0.262 0.943 0.979 
0.010 0.997 0.133 0.955 0.990 
0.011 0.997 0.070 0.978 0.283 
0.026 0.995 0.117 0.953 0.794 
0.013 0.996 0.081 0.975 0.157 
0.015 0.993 0.241 0.953 0.003 
0.025 0.995 0.068 0.978 0.311 
0.016 0.994 0.131 0.958 0.643 
0.012 0.996 0.095 0.973 0.979 
0.015 0.997 0.202 0.953 0.759 
0.019 0.993 0.045 0.985 0.003 
0.013 0.996 0.070 0.978 0.776 
0.025 0.994 0.037 0.988 0.007 
0.026 0.994 0.086 0.973 0.871 
0.012 0.998 0.075 0.978 0.983 
0.015 0.996 0.080 0.975 0.458 
0.023 0.995 0.136 0.958 0.958 
0.018 0.993 0.048 0.985 0.266 
0.018 0.995 0.141 0.955 0.885 
0.017 0.995 0.045 0.985 0.311 
0.014 0.995 0.049 0.985 0.948 
0.017 0.995 0.188 0.943 0.455 
0.018 0.995 0.072 0.975 0.472 
0.016 0.997 0.090 0.975 0.899 
0.013 0.996 0.166 0.950 0.503 
0.016 0.996 0.120 0.973 0.948 
0.019 0.995 0.054 0.980 0.587 
0.012 0.997 0.069 0.973 0.713 
0.018 0.996 0.081 0.973 0.692 
0.013 0.997 0.062 0.980 0.269 
0.026 0.995 0.061 0.980 0.951 
0.026 0.995 0.072 0.975 0.818 
0.017 0.996 0.054 0.983 0.371 
0.014 0.995 0.100 0.963 0.000 
0.020 0.995 0.043 0.985 0.909 
0.013 0.996 0.055 0.983 0.734 
0.012 0.998 0.133 0.953 0.951 
0.010 0.997 0.069 0.983 0.720 
0.017 0.995 0.054 0.983 0.983 
0.016 0.996 0.123 0.955 0.983 
0.010 0.997 0.054 0.983 0.476 
0.013 0.997 0.099 0.975 0.577 
0.019 0.995 0.055 0.983 0.871 
0.017 0.997 0.062 0.980 0.969 
0.016 0.996 0.050 0.983 0.000 
0.028 0.995 0.051 0.988 0.031 
0.017 0.996 0.051 0.985 0.983 
0.016 0.996 0.121 0.963 0.825 
0.010 0.997 0.089 0.980 0.990 
0.030 0.993 0.066 0.980 0.836 
0.010 0.997 0.053 0.985 0.983 
0.017 0.998 0.232 0.938 0.857 
0.019 0.995 0.047 0.985 0.983 
0.020 0.996 0.095 0.968 0.843 
0.018 0.995 0.073 0.983 0.976 
0.014 0.997 0.156 0.950 0.738 
0.025 0.992 0.074 0.980 0.650 
0.010 0.997 0.272 0.927 0.990 
0.048 0.992 0.041 0.985 0.979 
0.023 0.994 0.101 0.970 0.874 
0.017 0.998 0.071 0.980 0.972 
0.012 0.996 0.164 0.948 0.986 
0.021 0.995 0.076 0.978 0.839 
0.037 0.992 0.094 0.963 0.986 
0.011 0.998 0.062 0.980 0.913 
0.021 0.995 0.123 0.958 0.993 
0.016 0.996 0.103 0.960 1.000 
0.013 0.996 0.063 0.983 0.689 
0.018 0.996 0.095 0.963 0.962 
0.022 0.994 0.059 0.985 0.937 
0.013 0.996 0.068 0.978 0.979 
0.014 0.996 0.040 0.988 0.245 
0.016 0.995 0.078 0.973 0.990 
0.012 0.995 0.085 0.973 0.976 
0.011 0.997 0.021 0.993 0.850 
0.013 0.996 0.068 0.985 0.650 
0.012 0.997 0.165 0.953 0.899 
0.018 0.995 0.050 0.985 0.528 
0.017 0.995 0.052 0.985 0.794 
0.012 0.996 0.036 0.988 0.990 
0.015 0.996 0.247 0.943 0.941 
0.018 0.994 0.034 0.990 0.948 
0.016 0.996 0.088 0.970 0.983 
0.012 0.997 0.053 0.983 0.976 
0.012 0.995 0.063 0.985 0.969 
0.030 0.992 0.109 0.955 1.000 
0.011 0.996 0.059 0.985 0.983 
0.010 0.997 0.223 0.943 1.000 
0.014 0.997 0.071 0.980 0.853 
0.009 0.995 0.054 0.983 0.983 
0.012 0.997 0.051 0.985 0.874 
0.015 0.997 0.083 0.973 0.913 
0.010 0.997 0.071 0.985 0.990 
0.017 0.996 0.063 0.983 0.990 
0.015 0.996 0.061 0.985 0.874 
0.012 0.996 0.058 0.985 0.972 
0.023 0.995 0.048 0.985 0.965 
0.012 0.997 0.124 0.958 0.990 
0.011 0.997 0.085 0.983 0.899 
0.013 0.996 0.112 0.965 0.986 
0.014 0.996 0.115 0.963 0.997 
0.016 0.996 0.090 0.980 0.801 
0.021 0.994 0.115 0.970 0.664 
0.016 0.996 0.057 0.985 0.689 
0.009 0.998 0.138 0.958 0.990 
0.015 0.995 0.057 0.985 0.986 
0.012 0.997 0.120 0.965 0.986 
0.013 0.996 0.257 0.930 1.000 
0.012 0.997 0.232 0.945 0.990 
0.033 0.995 0.195 0.945 0.990 
0.037 0.991 0.229 0.935 1.000 
0.017 0.997 0.119 0.960 0.972 
0.026 0.993 0.107 0.963 0.990 
0.011 0.997 0.060 0.980 0.972 
0.014 0.995 0.076 0.980 0.976 
0.022 0.995 0.060 0.983 0.885 
0.013 0.996 0.205 0.943 0.850 
0.028 0.996 0.231 0.935 1.000 
0.017 0.995 0.028 0.993 0.962 
0.025 0.997 0.766 0.950 0.941 
0.049 0.995 0.068 0.985 0.976 
0.013 0.994 0.169 0.963 0.986 
0.015 0.997 0.154 0.960 0.990 
0.026 0.992 0.128 0.960 0.948 
0.019 0.995 0.106 0.975 0.913 
0.033 0.996 0.241 0.973 0.990 
0.043 0.995 0.099 0.978 0.990 
0.011 0.997 0.122 0.963 0.990 
0.015 0.996 0.065 0.980 0.948 
0.013 0.995 0.109 0.968 0.969 
0.014 0.996 0.241 0.932 0.997 
0.013 0.997 0.143 0.955 0.979 
0.010 0.997 0.084 0.973 0.958 
0.025 0.993 0.164 0.945 0.990 
0.017 0.994 0.093 0.970 0.986 
0.016 0.996 0.134 0.950 0.972 
0.053 0.995 0.121 0.960 0.990 
0.016 0.994 0.047 0.985 0.986 
0.015 0.996 0.065 0.980 0.990 
0.011 0.998 0.167 0.953 0.979 
0.012 0.995 0.147 0.955 1.000 
0.018 0.995 0.235 0.927 1.000 
0.013 0.996 0.082 0.973 0.990 
0.054 0.994 0.229 0.940 0.990 
0.014 0.997 0.039 0.988 0.962 
0.011 0.998 0.114 0.958 0.993 
0.015 0.996 0.065 0.980 0.976 
0.025 0.993 0.075 0.980 0.972 
0.015 0.995 0.072 0.978 0.990 
0.016 0.995 0.097 0.968 0.839 
0.021 0.995 0.241 0.935 0.990 
0.020 0.993 0.115 0.968 0.983 
0.019 0.995 0.155 0.955 0.990 
0.017 0.995 0.081 0.975 0.990 
0.034 0.991 0.083 0.985 0.948 
0.019 0.995 0.124 0.953 0.892 
0.019 0.995 0.061 0.985 0.941 
0.015 0.997 0.106 0.965 0.990 
0.012 0.997 0.180 0.955 0.990 
0.016 0.996 0.101 0.968 0.983 
0.013 0.995 0.062 0.980 0.972 
0.028 0.997 0.135 0.955 0.993 
0.014 0.997 0.162 0.953 0.990 
0.026 0.994 0.223 0.935 0.713 
0.016 0.993 0.057 0.978 0.734 
0.024 0.994 0.061 0.980 0.976 
0.010 0.996 0.092 0.970 0.899 
0.011 0.997 0.118 0.963 0.976 
0.015 0.997 0.153 0.953 0.986 
0.017 0.995 0.132 0.953 0.979 
0.013 0.996 0.091 0.975 0.990 
0.014 0.997 0.283 0.932 0.990 
0.011 0.998 0.114 0.965 0.990 
0.016 0.996 0.103 0.968 0.986 
0.019 0.995 0.110 0.968 0.986 
0.015 0.997 0.071 0.980 0.990 
0.022 0.995 0.150 0.953 0.990 
0.013 0.996 0.087 0.973 0.990 
0.012 0.996 0.101 0.970 0.986 
0.019 0.995 0.077 0.980 0.990 
0.026 0.998 0.054 0.985 0.990 
0.042 0.994 0.077 0.973 0.990 
0.012 0.997 0.077 0.973 0.990 
0.009 0.997 0.191 0.973 0.979 
0.029 0.994 0.134 0.955 1.000 
0.009 0.997 0.070 0.978 0.993 
0.017 0.993 0.104 0.970 0.993 
0.014 0.995 0.050 0.985 0.990 
0.048 0.992 0.073 0.975 0.990 
0.029 0.993 0.107 0.973 0.997 
0.025 0.995 0.115 0.968 0.993 
0.017 0.994 0.046 0.985 0.990 
0.014 0.997 0.056 0.985 0.990 
0.020 0.998 0.122 0.965 0.990 
0.021 0.993 0.138 0.955 1.000 
0.018 0.996 0.066 0.980 0.990 
0.015 0.995 0.067 0.983 0.990 
0.013 0.995 0.090 0.975 0.979 
0.013 0.997 0.124 0.968 0.990 
0.013 0.997 0.296 0.927 1.000 
0.017 0.995 0.101 0.970 0.997 
0.018 0.996 0.074 0.978 0.986 
0.047 0.993 0.171 0.945 0.983 
0.013 0.996 0.123 0.955 0.986 
0.015 0.995 0.099 0.965 0.990 
0.010 0.998 0.095 0.970 0.976 
0.014 0.995 0.122 0.965 0.969 
0.017 0.995 0.023 0.993 0.986 
0.015 0.996 0.128 0.953 0.990 
0.022 0.993 0.112 0.968 0.990 
0.014 0.996 0.125 0.963 1.000 
0.006 0.998 0.113 0.975 0.990 
0.021 0.995 0.062 0.985 0.990 
0.018 0.993 0.223 0.948 0.997 
0.012 0.996 0.174 0.953 1.000 
0.010 0.996 0.037 0.983 0.811 
0.014 0.996 0.053 0.988 0.990 
0.012 0.995 0.146 0.958 0.990 
0.014 0.998 0.089 0.975 0.990 
0.017 0.996 0.067 0.980 0.986 
0.041 0.995 0.105 0.970 0.986 
0.012 0.996 0.067 0.980 0.979 
0.022 0.995 0.088 0.975 0.983 
0.122 0.995 0.249 0.938 0.990 
0.022 0.995 0.160 0.950 1.000 
0.017 0.995 0.096 0.965 0.990 
