0.460 0.797 0.150 0.960 0.497 
0.348 0.849 0.204 0.925 0.571 
0.301 0.873 0.236 0.915 0.671 
0.291 0.885 0.213 0.912 0.535 
0.264 0.890 0.177 0.960 0.852 
0.284 0.894 0.166 0.958 0.668 
0.256 0.903 0.173 0.943 0.755 
0.245 0.906 0.194 0.958 0.781 
0.215 0.924 0.175 0.943 0.739 
0.235 0.907 0.144 0.978 0.813 
0.205 0.922 0.126 0.975 0.794 
0.225 0.915 0.137 0.970 0.890 
0.222 0.918 0.155 0.965 0.819 
0.183 0.937 0.147 0.963 0.897 
0.204 0.923 0.135 0.970 0.884 
0.188 0.933 0.151 0.963 0.790 
0.194 0.932 0.158 0.965 0.871 
0.205 0.926 0.118 0.980 0.832 
0.170 0.934 0.140 0.963 0.890 
0.168 0.940 0.096 0.980 0.797 
0.184 0.931 0.125 0.960 0.877 
0.159 0.944 0.132 0.958 0.848 
0.177 0.939 0.120 0.975 0.852 
0.168 0.944 0.134 0.968 0.845 
0.163 0.944 0.134 0.970 0.887 
0.157 0.942 0.104 0.973 0.887 
0.177 0.938 0.111 0.975 0.832 
0.161 0.945 0.190 0.955 0.932 
0.162 0.943 0.095 0.978 0.871 
0.152 0.951 0.138 0.970 0.945 
0.141 0.948 0.113 0.963 0.919 
0.146 0.954 0.151 0.965 0.929 
0.139 0.954 0.104 0.963 0.894 
0.146 0.948 0.100 0.970 0.939 
0.137 0.944 0.116 0.970 0.913 
0.138 0.947 0.132 0.960 0.923 
0.135 0.952 0.130 0.960 0.948 
0.131 0.956 0.126 0.955 0.955 
0.138 0.952 0.107 0.973 0.935 
0.146 0.949 0.109 0.970 0.916 
0.155 0.941 0.116 0.963 0.958 
0.119 0.957 0.119 0.963 0.952 
0.124 0.956 0.105 0.965 0.874 
0.145 0.952 0.121 0.958 0.929 
0.131 0.959 0.097 0.970 0.906 
0.142 0.948 0.084 0.975 0.894 
0.138 0.957 0.142 0.958 0.968 
0.119 0.957 0.122 0.963 0.955 
0.133 0.953 0.105 0.970 0.935 
0.127 0.957 0.100 0.973 0.926 
0.117 0.961 0.131 0.963 0.945 
0.114 0.958 0.098 0.973 0.945 
0.114 0.958 0.079 0.970 0.923 
0.108 0.960 0.112 0.963 0.939 
0.119 0.956 0.101 0.968 0.910 
0.114 0.961 0.093 0.965 0.939 
0.138 0.949 0.189 0.948 0.958 
0.121 0.960 0.138 0.968 0.952 
0.121 0.961 0.090 0.973 0.906 
0.122 0.958 0.133 0.960 0.945 
0.113 0.959 0.113 0.975 0.897 
0.130 0.952 0.115 0.970 0.961 
0.113 0.959 0.091 0.973 0.955 
0.107 0.961 0.103 0.968 0.935 
0.111 0.966 0.122 0.968 0.932 
0.117 0.962 0.085 0.975 0.910 
0.121 0.957 0.095 0.975 0.913 
0.095 0.969 0.091 0.973 0.942 
0.117 0.962 0.090 0.975 0.923 
0.105 0.965 0.085 0.973 0.948 
0.123 0.959 0.125 0.965 0.935 
0.123 0.958 0.100 0.968 0.919 
0.101 0.965 0.078 0.973 0.955 
0.107 0.967 0.121 0.960 0.945 
0.116 0.958 0.168 0.950 0.945 
0.098 0.966 0.100 0.970 0.961 
0.110 0.965 0.129 0.958 0.942 
0.104 0.966 0.078 0.983 0.874 
0.103 0.964 0.107 0.970 0.968 
0.112 0.963 0.103 0.968 0.910 
0.098 0.965 0.121 0.963 0.926 
0.101 0.967 0.108 0.970 0.945 
0.100 0.969 0.085 0.973 0.919 
0.093 0.969 0.100 0.965 0.913 
0.106 0.960 0.085 0.975 0.906 
0.102 0.966 0.138 0.965 0.932 
0.099 0.970 0.100 0.973 0.961 
0.108 0.966 0.085 0.970 0.939 
0.114 0.959 0.101 0.970 0.900 
0.110 0.959 0.128 0.963 0.965 
0.105 0.966 0.087 0.973 0.919 
0.101 0.964 0.106 0.968 0.945 
0.107 0.961 0.105 0.970 0.955 
0.087 0.972 0.098 0.970 0.968 
0.106 0.966 0.089 0.983 0.906 
0.086 0.969 0.089 0.970 0.935 
0.113 0.960 0.110 0.968 0.974 
0.095 0.966 0.097 0.975 0.916 
0.102 0.967 0.098 0.970 0.952 
0.110 0.959 0.147 0.965 0.961 
0.093 0.968 0.133 0.963 0.971 
0.102 0.963 0.084 0.978 0.894 
0.075 0.977 0.093 0.973 0.923 
0.102 0.966 0.111 0.973 0.935 
0.099 0.964 0.104 0.973 0.932 
0.091 0.966 0.105 0.973 0.935 
0.092 0.967 0.134 0.968 0.968 
0.092 0.967 0.115 0.968 0.942 
0.092 0.970 0.099 0.968 0.945 
0.084 0.974 0.119 0.968 0.939 
0.093 0.969 0.097 0.973 0.952 
0.095 0.968 0.114 0.975 0.929 
0.081 0.974 0.094 0.970 0.961 
0.087 0.967 0.133 0.963 0.965 
0.106 0.966 0.096 0.975 0.955 
0.089 0.969 0.122 0.965 0.961 
0.086 0.967 0.137 0.965 0.974 
0.092 0.968 0.108 0.970 0.945 
0.090 0.974 0.146 0.965 0.958 
0.088 0.973 0.122 0.968 0.971 
0.097 0.963 0.119 0.963 0.965 
0.088 0.971 0.149 0.970 0.968 
0.075 0.978 0.100 0.973 0.955 
0.083 0.970 0.110 0.973 0.913 
0.085 0.971 0.113 0.968 0.965 
0.072 0.978 0.097 0.970 0.948 
0.086 0.970 0.149 0.963 0.965 
0.090 0.971 0.093 0.973 0.942 
0.098 0.971 0.110 0.970 0.881 
0.085 0.970 0.137 0.965 0.955 
0.084 0.970 0.099 0.968 0.906 
0.089 0.967 0.085 0.975 0.884 
0.078 0.973 0.155 0.958 0.974 
0.079 0.973 0.102 0.968 0.929 
0.089 0.972 0.091 0.973 0.948 
0.082 0.974 0.101 0.970 0.942 
0.093 0.966 0.098 0.973 0.932 
0.076 0.974 0.154 0.958 0.974 
0.078 0.973 0.118 0.980 0.916 
0.080 0.974 0.114 0.968 0.939 
0.077 0.974 0.126 0.973 0.968 
0.072 0.977 0.119 0.968 0.977 
0.096 0.967 0.103 0.973 0.932 
0.073 0.974 0.077 0.978 0.916 
0.085 0.971 0.092 0.973 0.935 
0.101 0.965 0.113 0.973 0.958 
0.087 0.968 0.112 0.973 0.948 
0.083 0.970 0.095 0.975 0.919 
0.084 0.973 0.095 0.973 0.948 
0.082 0.970 0.125 0.973 0.961 
0.076 0.978 0.093 0.973 0.955 
0.072 0.978 0.143 0.958 0.965 
0.080 0.970 0.108 0.975 0.935 
0.075 0.977 0.163 0.965 0.971 
0.075 0.976 0.085 0.975 0.965 
0.080 0.972 0.086 0.975 0.968 
0.074 0.975 0.100 0.970 0.945 
0.055 0.981 0.096 0.970 0.955 
0.092 0.967 0.095 0.978 0.939 
0.083 0.970 0.096 0.973 0.945 
0.082 0.972 0.096 0.978 0.945 
0.080 0.974 0.098 0.975 0.932 
0.065 0.978 0.112 0.970 0.932 
0.084 0.977 0.102 0.968 0.942 
0.065 0.978 0.207 0.932 0.977 
0.081 0.975 0.117 0.973 0.948 
0.067 0.980 0.105 0.973 0.935 
0.086 0.971 0.101 0.973 0.955 
0.085 0.972 0.138 0.953 0.971 
0.071 0.978 0.124 0.973 0.955 
0.068 0.979 0.077 0.975 0.942 
0.082 0.971 0.098 0.975 0.942 
0.091 0.969 0.105 0.970 0.968 
0.076 0.975 0.095 0.973 0.955 
0.066 0.976 0.113 0.965 0.948 
0.075 0.974 0.088 0.975 0.965 
0.085 0.971 0.081 0.978 0.926 
0.074 0.975 0.079 0.978 0.926 
0.073 0.973 0.086 0.975 0.932 
0.068 0.978 0.099 0.975 0.955 
0.072 0.973 0.098 0.978 0.958 
0.067 0.976 0.108 0.968 0.971 
0.076 0.977 0.101 0.973 0.971 
0.075 0.970 0.121 0.970 0.965 
0.086 0.976 0.089 0.978 0.894 
0.075 0.972 0.141 0.958 0.971 
0.067 0.979 0.082 0.978 0.926 
0.083 0.972 0.110 0.968 0.906 
0.073 0.972 0.128 0.965 0.926 
0.058 0.984 0.128 0.968 0.968 
0.067 0.978 0.158 0.955 0.981 
0.087 0.968 0.108 0.973 0.958 
0.082 0.973 0.099 0.970 0.965 
0.065 0.976 0.121 0.968 0.971 
0.087 0.971 0.140 0.963 0.965 
0.055 0.982 0.155 0.965 0.977 
0.072 0.976 0.099 0.975 0.971 
0.076 0.978 0.102 0.970 0.971 
0.068 0.978 0.080 0.983 0.906 
0.061 0.978 0.215 0.960 0.965 
0.081 0.972 0.133 0.973 0.981 
0.069 0.978 0.175 0.943 0.981 
0.066 0.978 0.092 0.975 0.945 
0.065 0.976 0.093 0.978 0.948 
0.079 0.974 0.087 0.978 0.965 
0.074 0.978 0.092 0.975 0.977 
0.069 0.980 0.097 0.973 0.932 
0.076 0.973 0.158 0.965 0.965 
0.060 0.981 0.077 0.980 0.948 
0.078 0.979 0.109 0.970 0.977 
0.065 0.979 0.080 0.983 0.939 
0.064 0.980 0.117 0.968 0.961 
0.071 0.974 0.116 0.978 0.971 
0.074 0.976 0.072 0.980 0.965 
0.069 0.977 0.091 0.973 0.971 
0.072 0.980 0.096 0.973 0.965 
0.072 0.976 0.077 0.978 0.958 
0.079 0.973 0.096 0.975 0.965 
0.069 0.979 0.083 0.980 0.929 
0.078 0.972 0.112 0.965 0.961 
0.064 0.979 0.099 0.980 0.974 
0.059 0.980 0.077 0.978 0.948 
0.060 0.980 0.110 0.973 0.958 
0.070 0.976 0.100 0.968 0.945 
0.050 0.982 0.086 0.973 0.942 
0.060 0.981 0.088 0.975 0.948 
0.055 0.984 0.087 0.970 0.939 
0.059 0.981 0.087 0.975 0.948 
0.065 0.982 0.083 0.980 0.929 
0.068 0.979 0.115 0.975 0.965 
0.069 0.975 0.117 0.975 0.965 
0.085 0.968 0.093 0.978 0.935 
0.066 0.981 0.083 0.978 0.958 
0.068 0.977 0.081 0.975 0.952 
0.069 0.973 0.073 0.978 0.948 
0.065 0.980 0.145 0.968 0.981 
0.070 0.980 0.097 0.973 0.971 
0.059 0.978 0.085 0.973 0.929 
0.060 0.983 0.125 0.970 0.955 
0.068 0.975 0.109 0.973 0.965 
0.075 0.973 0.096 0.978 0.958 
0.063 0.981 0.094 0.975 0.906 
0.056 0.980 0.105 0.978 0.919 
0.062 0.977 0.113 0.970 0.948 
0.081 0.978 0.171 0.968 0.968 
0.067 0.979 0.092 0.980 0.948 
0.082 0.972 0.093 0.975 0.961 
0.055 0.984 0.092 0.978 0.929 
0.073 0.975 0.090 0.975 0.942 
0.068 0.979 0.170 0.955 0.987 
0.068 0.979 0.083 0.980 0.965 
0.055 0.984 0.076 0.980 0.955 
0.089 0.971 0.171 0.973 0.916 
0.062 0.983 0.110 0.970 0.955 
0.061 0.979 0.080 0.975 0.945 
0.065 0.974 0.083 0.975 0.916 
0.068 0.976 0.093 0.975 0.935 
0.072 0.977 0.099 0.975 0.952 
0.058 0.982 0.085 0.973 0.961 
0.050 0.983 0.120 0.970 0.961 
0.059 0.981 0.073 0.980 0.958 
0.069 0.976 0.075 0.978 0.945 
0.064 0.981 0.101 0.975 0.958 
0.056 0.983 0.096 0.975 0.955 
0.063 0.979 0.088 0.973 0.948 
0.067 0.976 0.087 0.978 0.932 
0.056 0.982 0.074 0.983 0.916 
0.067 0.979 0.119 0.968 0.961 
0.062 0.979 0.122 0.970 0.923 
0.071 0.972 0.084 0.978 0.948 
0.077 0.974 0.103 0.975 0.961 
0.054 0.983 0.102 0.980 0.935 
0.057 0.981 0.091 0.980 0.919 
0.065 0.981 0.087 0.975 0.958 
0.070 0.979 0.102 0.970 0.945 
0.061 0.981 0.101 0.973 0.965 
0.054 0.979 0.106 0.970 0.952 
0.059 0.981 0.105 0.973 0.965 
0.064 0.979 0.077 0.983 0.948 
0.055 0.981 0.085 0.978 0.958 
0.053 0.981 0.083 0.978 0.948 
0.058 0.980 0.083 0.978 0.942 
0.060 0.979 0.101 0.978 0.961 
0.062 0.980 0.092 0.980 0.942 
0.063 0.979 0.085 0.980 0.955 
0.056 0.978 0.084 0.978 0.916 
0.065 0.981 0.128 0.978 0.974 
0.061 0.981 0.101 0.973 0.952 
0.074 0.974 0.091 0.975 0.939 
0.060 0.981 0.113 0.978 0.955 
0.058 0.980 0.092 0.980 0.952 
0.068 0.977 0.087 0.978 0.955 
0.066 0.977 0.091 0.975 0.942 
0.050 0.982 0.076 0.980 0.935 
0.058 0.978 0.109 0.980 0.929 
0.058 0.983 0.133 0.980 0.961 
0.071 0.979 0.108 0.980 0.913 
0.063 0.978 0.107 0.980 0.948 
0.052 0.983 0.123 0.975 0.965 
0.071 0.978 0.143 0.963 0.958 
0.053 0.982 0.115 0.973 0.965 
0.057 0.981 0.202 0.938 0.974 
0.061 0.980 0.098 0.978 0.952 
0.055 0.981 0.080 0.980 0.948 
0.057 0.982 0.096 0.973 0.958 
0.045 0.986 0.085 0.978 0.919 
0.057 0.979 0.105 0.975 0.948 
0.063 0.979 0.174 0.950 0.977 
0.064 0.978 0.121 0.973 0.965 
0.053 0.982 0.140 0.970 0.971 
0.061 0.983 0.169 0.975 0.961 
0.072 0.975 0.146 0.973 0.961 
0.051 0.980 0.109 0.968 0.942 
0.059 0.982 0.111 0.975 0.961 
0.062 0.982 0.111 0.973 0.977 
0.059 0.979 0.090 0.978 0.942 
0.070 0.979 0.114 0.978 0.952 
0.064 0.976 0.134 0.970 0.961 
0.061 0.980 0.100 0.973 0.939 
0.058 0.981 0.092 0.980 0.926 
0.060 0.980 0.123 0.978 0.952 
0.058 0.981 0.116 0.978 0.923 
0.068 0.977 0.086 0.983 0.932 
0.061 0.982 0.098 0.978 0.935 
0.053 0.982 0.097 0.980 0.955 
0.052 0.982 0.103 0.975 0.939 
0.067 0.980 0.073 0.978 0.935 
0.054 0.983 0.083 0.978 0.961 
0.059 0.979 0.103 0.970 0.961 
0.051 0.983 0.104 0.978 0.974 
0.050 0.982 0.125 0.975 0.961 
0.057 0.978 0.081 0.985 0.881 
0.060 0.978 0.105 0.968 0.955 
0.062 0.978 0.113 0.978 0.955 
0.062 0.983 0.136 0.958 0.971 
0.061 0.983 0.123 0.975 0.939 
0.057 0.983 0.140 0.960 0.955 
0.059 0.981 0.111 0.968 0.968 
0.060 0.981 0.098 0.983 0.923 
0.058 0.982 0.125 0.975 0.958 
0.049 0.984 0.110 0.975 0.971 
0.065 0.979 0.102 0.980 0.965 
0.065 0.979 0.114 0.973 0.939 
0.060 0.979 0.099 0.970 0.952 
0.051 0.987 0.119 0.960 0.974 
0.050 0.983 0.100 0.978 0.945 
0.045 0.983 0.089 0.975 0.958 
0.050 0.986 0.083 0.975 0.942 
0.054 0.981 0.137 0.955 0.965 
0.048 0.985 0.127 0.968 0.974 
0.061 0.980 0.096 0.975 0.955 
0.050 0.983 0.118 0.978 0.968 
0.057 0.979 0.100 0.980 0.945 
0.054 0.981 0.113 0.975 0.958 
0.052 0.980 0.105 0.975 0.961 
0.057 0.984 0.096 0.978 0.961 
0.046 0.982 0.112 0.978 0.929 
0.049 0.984 0.132 0.973 0.958 
0.053 0.981 0.080 0.978 0.939 
0.057 0.983 0.136 0.975 0.939 
0.058 0.974 0.109 0.978 0.977 
0.064 0.981 0.097 0.978 0.961 
0.064 0.977 0.205 0.960 0.974 
0.055 0.981 0.170 0.968 0.977 
0.065 0.978 0.102 0.978 0.961 
0.051 0.981 0.102 0.975 0.923 
0.064 0.980 0.113 0.973 0.981 
0.064 0.985 0.101 0.975 0.935 
0.041 0.988 0.121 0.973 0.955 
0.052 0.981 0.151 0.973 0.971 
0.054 0.985 0.086 0.980 0.945 
0.057 0.982 0.114 0.975 0.965 
0.048 0.986 0.105 0.978 0.958 
0.046 0.986 0.075 0.980 0.897 
0.045 0.983 0.095 0.978 0.965 
0.050 0.982 0.086 0.978 0.948 
0.060 0.982 0.127 0.970 0.965 
0.044 0.986 0.102 0.975 0.961 
0.069 0.975 0.077 0.975 0.935 
0.055 0.981 0.078 0.978 0.961 
0.036 0.989 0.097 0.978 0.958 
0.045 0.983 0.089 0.975 0.952 
0.052 0.984 0.076 0.978 0.932 
0.059 0.981 0.109 0.970 0.942 
0.050 0.985 0.167 0.973 0.971 
0.070 0.979 0.124 0.978 0.977 
0.058 0.979 0.121 0.970 0.952 
0.065 0.979 0.097 0.965 0.974 
0.054 0.984 0.077 0.975 0.939 
0.047 0.983 0.108 0.978 0.965 
0.051 0.980 0.066 0.985 0.906 
0.048 0.982 0.086 0.980 0.948 
0.054 0.981 0.093 0.978 0.955 
0.057 0.981 0.075 0.978 0.935 
0.054 0.983 0.096 0.978 0.894 
0.052 0.981 0.102 0.973 0.974 
0.066 0.980 0.097 0.980 0.961 
0.040 0.985 0.121 0.975 0.965 
0.047 0.983 0.120 0.970 0.977 
0.051 0.983 0.083 0.978 0.968 
0.053 0.984 0.129 0.975 0.926 
0.060 0.980 0.112 0.975 0.919 
0.047 0.986 0.117 0.978 0.955 
0.042 0.982 0.119 0.973 0.961 
0.048 0.986 0.102 0.978 0.977 
0.043 0.986 0.076 0.983 0.935 
0.054 0.980 0.129 0.978 0.965 
0.053 0.985 0.092 0.973 0.968 
0.039 0.987 0.111 0.973 0.961 
0.055 0.981 0.156 0.973 0.965 
0.056 0.984 0.125 0.968 0.971 
0.059 0.980 0.078 0.980 0.948 
0.044 0.986 0.101 0.975 0.961 
0.057 0.979 0.117 0.970 0.977 
0.056 0.982 0.125 0.970 0.977 
0.059 0.981 0.078 0.980 0.932 
0.054 0.982 0.098 0.978 0.965 
0.049 0.984 0.066 0.978 0.935 
0.051 0.982 0.077 0.980 0.958 
0.046 0.984 0.126 0.978 0.974 
0.057 0.981 0.061 0.980 0.932 
0.062 0.979 0.081 0.975 0.965 
0.063 0.982 0.102 0.973 0.977 
0.049 0.981 0.066 0.980 0.942 
0.066 0.980 0.092 0.973 0.965 
0.056 0.985 0.098 0.978 0.968 
0.052 0.982 0.101 0.973 0.968 
0.050 0.985 0.104 0.973 0.984 
0.056 0.983 0.111 0.970 0.974 
0.048 0.983 0.083 0.970 0.971 
0.050 0.981 0.115 0.973 0.965 
0.040 0.984 0.086 0.980 0.884 
0.045 0.985 0.114 0.973 0.977 
0.041 0.985 0.082 0.978 0.965 
0.051 0.981 0.083 0.975 0.952 
0.051 0.980 0.102 0.975 0.977 
0.053 0.982 0.088 0.983 0.958 
0.052 0.983 0.107 0.978 0.974 
0.059 0.982 0.090 0.978 0.958 
0.054 0.980 0.124 0.968 0.977 
0.055 0.982 0.112 0.980 0.945 
0.049 0.981 0.076 0.983 0.961 
0.040 0.986 0.067 0.985 0.935 
0.053 0.985 0.088 0.978 0.948 
0.051 0.985 0.093 0.973 0.965 
0.042 0.989 0.112 0.980 0.932 
0.065 0.981 0.101 0.978 0.971 
0.060 0.977 0.087 0.975 0.948 
0.053 0.981 0.077 0.978 0.935 
0.047 0.985 0.090 0.978 0.952 
0.055 0.984 0.102 0.978 0.961 
0.057 0.982 0.102 0.970 0.971 
0.049 0.982 0.091 0.978 0.945 
0.045 0.986 0.114 0.978 0.923 
0.057 0.982 0.086 0.975 0.945 
0.072 0.980 0.203 0.965 0.977 
0.050 0.983 0.105 0.975 0.958 
0.072 0.982 0.089 0.975 0.961 
0.046 0.984 0.101 0.973 0.971 
0.066 0.979 0.096 0.980 0.977 
0.055 0.982 0.096 0.975 0.965 
0.051 0.984 0.119 0.975 0.981 
0.038 0.987 0.098 0.973 0.955 
0.054 0.982 0.068 0.980 0.926 
0.056 0.982 0.095 0.980 0.968 
0.055 0.980 0.101 0.978 0.961 
0.048 0.981 0.108 0.973 0.965 
0.047 0.985 0.107 0.975 0.961 
0.076 0.977 0.089 0.975 0.958 
0.053 0.983 0.100 0.975 0.981 
0.050 0.985 0.094 0.973 0.961 
0.044 0.987 0.074 0.980 0.945 
0.052 0.982 0.075 0.980 0.971 
0.044 0.985 0.116 0.965 0.965 
0.046 0.984 0.073 0.980 0.945 
0.050 0.982 0.157 0.955 0.974 
0.041 0.982 0.079 0.975 0.965 
0.060 0.984 0.136 0.968 0.965 
0.046 0.983 0.079 0.978 0.945 
0.056 0.981 0.111 0.975 0.965 
0.051 0.982 0.092 0.970 0.961 
0.048 0.982 0.078 0.975 0.929 
0.042 0.987 0.106 0.975 0.961 
0.047 0.985 0.107 0.978 0.935 
0.051 0.983 0.137 0.973 0.955 
0.055 0.979 0.110 0.975 0.958 
0.057 0.982 0.087 0.973 0.955 
0.051 0.982 0.104 0.973 0.942 
0.059 0.981 0.078 0.978 0.965 
0.045 0.987 0.077 0.980 0.932 
0.054 0.985 0.084 0.980 0.945 
0.050 0.984 0.084 0.978 0.955 
0.068 0.981 0.076 0.980 0.948 
0.041 0.986 0.091 0.975 0.968 
0.033 0.987 0.081 0.975 0.958 
0.049 0.982 0.085 0.975 0.948 
0.056 0.980 0.102 0.975 0.935 
0.044 0.986 0.086 0.975 0.952 
0.046 0.988 0.106 0.973 0.968 
0.050 0.985 0.106 0.978 0.965 
0.049 0.985 0.074 0.983 0.958 
0.046 0.984 0.114 0.975 0.945 
0.045 0.985 0.168 0.978 0.965 
0.051 0.984 0.180 0.973 0.942 
0.057 0.984 0.098 0.975 0.942 
0.046 0.983 0.140 0.973 0.965 
0.057 0.980 0.142 0.960 0.965 
0.045 0.986 0.128 0.963 0.952 
0.049 0.987 0.091 0.985 0.935 
0.055 0.982 0.074 0.975 0.919 
0.042 0.986 0.120 0.970 0.968 
0.044 0.983 0.127 0.970 0.968 
0.047 0.985 0.129 0.973 0.965 
0.038 0.988 0.106 0.980 0.939 
0.063 0.978 0.123 0.970 0.974 
0.053 0.984 0.123 0.973 0.974 
0.070 0.979 0.115 0.968 0.955 
0.059 0.982 0.110 0.975 0.971 
0.052 0.985 0.076 0.980 0.948 
0.044 0.988 0.081 0.978 0.958 
0.046 0.981 0.103 0.975 0.968 
0.044 0.984 0.091 0.978 0.939 
0.056 0.981 0.105 0.975 0.965 
0.047 0.983 0.108 0.975 0.968 
0.043 0.986 0.089 0.980 0.935 
0.063 0.976 0.106 0.985 0.916 
0.047 0.984 0.082 0.975 0.939 
0.039 0.983 0.094 0.975 0.952 
0.051 0.984 0.103 0.978 0.935 
0.061 0.982 0.205 0.960 0.965 
0.057 0.983 0.110 0.978 0.961 
0.052 0.984 0.119 0.973 0.965 
0.049 0.984 0.121 0.975 0.965 
0.045 0.984 0.126 0.975 0.965 
0.049 0.983 0.098 0.978 0.955 
0.046 0.986 0.073 0.980 0.942 
0.051 0.982 0.137 0.978 0.961 
0.061 0.980 0.114 0.973 0.965 
0.063 0.981 0.118 0.975 0.955 
0.056 0.980 0.104 0.975 0.961 
0.056 0.983 0.124 0.955 0.865 
0.038 0.989 0.137 0.973 0.952 
0.048 0.981 0.086 0.975 0.958 
0.041 0.988 0.090 0.975 0.958 
0.044 0.984 0.128 0.978 0.965 
0.045 0.983 0.082 0.983 0.948 
0.049 0.982 0.139 0.970 0.968 
0.050 0.982 0.098 0.975 0.974 
0.040 0.985 0.089 0.975 0.948 
0.033 0.987 0.088 0.973 0.932 
0.046 0.985 0.101 0.978 0.958 
0.049 0.982 0.105 0.978 0.961 
0.046 0.982 0.137 0.975 0.955 
0.050 0.982 0.124 0.978 0.965 
0.062 0.982 0.067 0.980 0.939 
0.038 0.986 0.068 0.978 0.945 
0.047 0.984 0.132 0.978 0.965 
0.052 0.983 0.123 0.960 0.974 
0.047 0.986 0.105 0.968 0.974 
0.039 0.986 0.076 0.983 0.942 
0.042 0.985 0.071 0.975 0.961 
0.040 0.989 0.140 0.975 0.965 
0.050 0.985 0.121 0.973 0.955 
0.045 0.981 0.131 0.975 0.965 
0.049 0.982 0.133 0.948 0.897 
0.037 0.985 0.101 0.968 0.865 
0.043 0.982 0.146 0.973 0.961 
0.045 0.986 0.078 0.978 0.942 
0.039 0.986 0.163 0.975 0.965 
0.036 0.985 0.110 0.973 0.932 
0.037 0.986 0.235 0.975 0.974 
0.056 0.984 0.101 0.975 0.955 
0.037 0.988 0.118 0.970 0.968 
0.042 0.985 0.177 0.970 0.965 
0.054 0.987 0.121 0.970 0.968 
0.040 0.986 0.112 0.970 0.968 
0.046 0.984 0.078 0.978 0.945 
0.042 0.984 0.073 0.983 0.926 
0.043 0.986 0.107 0.973 0.958 
0.043 0.986 0.095 0.978 0.958 
0.049 0.982 0.077 0.978 0.945 
0.047 0.984 0.095 0.975 0.935 
0.058 0.980 0.083 0.975 0.945 
0.068 0.980 0.085 0.978 0.965 
0.038 0.988 0.098 0.978 0.958 
0.050 0.987 0.108 0.978 0.961 
0.050 0.985 0.116 0.978 0.942 
0.044 0.986 0.086 0.978 0.965 
0.044 0.989 0.108 0.983 0.903 
0.072 0.974 0.116 0.975 0.939 
0.053 0.982 0.112 0.975 0.968 
0.045 0.982 0.110 0.973 0.952 
0.039 0.989 0.104 0.975 0.961 
0.040 0.985 0.132 0.975 0.965 
0.051 0.984 0.119 0.978 0.961 
0.038 0.986 0.114 0.975 0.955 
0.043 0.988 0.136 0.978 0.958 
0.049 0.985 0.153 0.975 0.942 
0.031 0.989 0.152 0.978 0.955 
0.056 0.986 0.145 0.983 0.829 
0.043 0.985 0.100 0.970 0.968 
0.041 0.985 0.103 0.968 0.965 
0.047 0.985 0.102 0.970 0.955 
0.040 0.987 0.081 0.980 0.903 
0.043 0.985 0.126 0.973 0.971 
0.045 0.985 0.156 0.963 0.968 
0.051 0.985 0.090 0.975 0.958 
0.054 0.984 0.128 0.973 0.961 
0.050 0.986 0.116 0.973 0.948 
0.050 0.985 0.119 0.973 0.945 
0.045 0.985 0.083 0.980 0.906 
0.034 0.990 0.157 0.963 0.977 
0.037 0.991 0.068 0.983 0.945 
0.039 0.985 0.102 0.975 0.974 
0.050 0.984 0.130 0.963 0.977 
0.043 0.985 0.160 0.970 0.952 
0.039 0.988 0.099 0.980 0.955 
0.037 0.986 0.144 0.973 0.961 
0.034 0.989 0.107 0.975 0.974 
0.038 0.985 0.146 0.963 0.958 
0.045 0.984 0.139 0.973 0.961 
0.052 0.983 0.104 0.975 0.948 
0.049 0.988 0.153 0.968 0.968 
0.045 0.983 0.110 0.978 0.958 
0.049 0.983 0.166 0.978 0.974 
0.042 0.985 0.114 0.975 0.910 
0.047 0.984 0.089 0.980 0.948 
0.092 0.982 0.207 0.965 0.977 
0.045 0.987 0.154 0.975 0.948 
0.041 0.988 0.119 0.970 0.955 
0.053 0.985 0.181 0.958 0.977 
0.056 0.982 0.108 0.973 0.984 
0.052 0.985 0.077 0.983 0.916 
0.054 0.986 0.090 0.980 0.965 
0.047 0.981 0.084 0.983 0.916 
0.040 0.985 0.081 0.978 0.952 
0.057 0.983 0.097 0.975 0.961 
0.038 0.987 0.114 0.970 0.965 
0.048 0.984 0.105 0.970 0.971 
0.038 0.989 0.107 0.978 0.971 
0.048 0.983 0.134 0.953 0.965 
0.048 0.983 0.117 0.973 0.968 
0.048 0.985 0.169 0.970 0.977 
0.052 0.980 0.116 0.975 0.958 
0.039 0.984 0.092 0.973 0.935 
0.047 0.982 0.145 0.970 0.932 
0.042 0.985 0.127 0.980 0.968 
0.060 0.983 0.110 0.975 0.961 
0.043 0.987 0.096 0.975 0.968 
0.039 0.984 0.150 0.973 0.981 
0.052 0.986 0.108 0.978 0.968 
0.045 0.984 0.223 0.940 0.987 
0.048 0.983 0.103 0.975 0.958 
0.040 0.988 0.161 0.973 0.968 
0.047 0.982 0.146 0.970 0.965 
0.048 0.990 0.087 0.980 0.929 
0.070 0.981 0.100 0.978 0.958 
0.047 0.985 0.129 0.973 0.981 
0.041 0.986 0.134 0.973 0.961 
0.044 0.986 0.255 0.912 0.977 
0.055 0.989 0.254 0.968 0.955 
0.045 0.986 0.147 0.980 0.965 
0.040 0.990 0.091 0.978 0.961 
0.041 0.987 0.119 0.970 0.977 
0.042 0.984 0.089 0.975 0.926 
0.040 0.986 0.111 0.975 0.961 
0.047 0.983 0.112 0.973 0.958 
0.041 0.987 0.179 0.978 0.952 
0.055 0.987 0.184 0.965 0.965 
0.037 0.986 0.087 0.983 0.923 
0.053 0.983 0.079 0.978 0.945 
0.043 0.987 0.072 0.980 0.965 
0.035 0.989 0.108 0.970 0.981 
0.050 0.984 0.059 0.983 0.932 
0.046 0.987 0.076 0.978 0.955 
0.047 0.983 0.097 0.978 0.952 
0.045 0.983 0.113 0.975 0.952 
0.040 0.986 0.162 0.968 0.974 
0.044 0.986 0.121 0.970 0.977 
0.039 0.988 0.088 0.980 0.942 
0.039 0.989 0.140 0.973 0.981 
0.047 0.987 0.070 0.980 0.948 
0.038 0.989 0.082 0.975 0.945 
0.043 0.988 0.089 0.973 0.955 
0.035 0.988 0.066 0.983 0.939 
0.055 0.982 0.073 0.983 0.932 
0.056 0.981 0.130 0.968 0.977 
0.047 0.981 0.100 0.973 0.965 
0.035 0.991 0.101 0.975 0.935 
0.041 0.983 0.105 0.978 0.958 
0.056 0.982 0.086 0.985 0.948 
0.042 0.985 0.107 0.975 0.961 
0.054 0.983 0.095 0.980 0.968 
0.030 0.989 0.120 0.970 0.981 
0.038 0.987 0.118 0.975 0.977 
0.040 0.985 0.059 0.985 0.923 
0.052 0.985 0.136 0.963 0.971 
0.039 0.984 0.108 0.980 0.955 
0.061 0.980 0.123 0.973 0.971 
0.054 0.983 0.113 0.975 0.965 
0.059 0.981 0.085 0.980 0.945 
0.041 0.990 0.093 0.975 0.945 
0.045 0.985 0.105 0.980 0.955 
0.041 0.986 0.109 0.970 0.945 
0.039 0.986 0.101 0.975 0.935 
0.038 0.990 0.099 0.975 0.935 
0.059 0.983 0.099 0.973 0.952 
0.056 0.983 0.097 0.975 0.958 
0.043 0.984 0.088 0.978 0.965 
0.039 0.984 0.084 0.980 0.887 
0.059 0.980 0.102 0.980 0.971 
0.039 0.981 0.090 0.980 0.939 
0.040 0.986 0.138 0.975 0.948 
0.047 0.986 0.154 0.970 0.965 
0.039 0.983 0.097 0.978 0.961 
0.040 0.988 0.139 0.978 0.968 
0.043 0.986 0.100 0.975 0.965 
0.040 0.989 0.133 0.965 0.965 
0.036 0.986 0.116 0.975 0.958 
0.044 0.985 0.120 0.980 0.939 
0.076 0.981 0.103 0.970 0.968 
0.039 0.988 0.084 0.978 0.952 
0.040 0.984 0.093 0.973 0.971 
0.038 0.990 0.096 0.978 0.961 
0.037 0.989 0.088 0.980 0.961 
0.026 0.989 0.097 0.973 0.952 
0.043 0.985 0.107 0.975 0.948 
0.069 0.981 0.109 0.973 0.971 
0.031 0.990 0.084 0.978 0.968 
0.044 0.987 0.125 0.983 0.968 
0.050 0.987 0.094 0.978 0.948 
0.039 0.988 0.155 0.980 0.939 
0.037 0.990 0.100 0.980 0.939 
0.039 0.983 0.099 0.970 0.965 
0.048 0.982 0.104 0.978 0.984 
0.042 0.984 0.088 0.978 0.955 
0.042 0.984 0.087 0.980 0.932 
0.030 0.990 0.101 0.973 0.965 
0.054 0.981 0.122 0.975 0.958 
0.052 0.979 0.175 0.975 0.974 
0.032 0.989 0.118 0.970 0.945 
0.039 0.988 0.129 0.980 0.961 
0.048 0.983 0.128 0.973 0.965 
0.048 0.982 0.112 0.973 0.968 
0.038 0.991 0.114 0.973 0.955 
0.032 0.988 0.100 0.973 0.974 
0.035 0.989 0.104 0.975 0.977 
0.040 0.986 0.157 0.965 0.977 
0.039 0.982 0.181 0.978 0.961 
0.034 0.990 0.159 0.973 0.965 
0.048 0.986 0.140 0.970 0.974 
0.050 0.984 0.085 0.975 0.942 
0.039 0.986 0.107 0.970 0.977 
0.050 0.984 0.110 0.973 0.945 
0.042 0.985 0.106 0.975 0.945 
0.053 0.986 0.090 0.975 0.919 
0.035 0.990 0.113 0.970 0.965 
0.039 0.986 0.130 0.970 0.942 
0.035 0.988 0.289 0.983 0.916 
0.058 0.982 0.075 0.978 0.903 
0.046 0.985 0.085 0.975 0.971 
0.043 0.984 0.148 0.948 0.955 
0.038 0.985 0.121 0.968 0.958 
0.048 0.987 0.141 0.973 0.955 
0.041 0.987 0.103 0.970 0.948 
0.038 0.988 0.167 0.963 0.961 
0.040 0.987 0.149 0.973 0.939 
0.051 0.984 0.072 0.978 0.948 
0.059 0.978 0.125 0.970 0.971 
0.036 0.990 0.108 0.975 0.965 
0.041 0.989 0.076 0.980 0.948 
0.050 0.982 0.080 0.980 0.913 
0.043 0.989 0.108 0.973 0.952 
0.040 0.988 0.080 0.970 0.958 
0.036 0.985 0.075 0.975 0.948 
0.037 0.983 0.095 0.975 0.968 
0.047 0.984 0.096 0.970 0.968 
0.040 0.986 0.104 0.978 0.961 
0.033 0.991 0.119 0.965 0.974 
0.046 0.984 0.142 0.973 0.974 
0.045 0.985 0.114 0.968 0.977 
0.042 0.988 0.124 0.973 0.974 
0.033 0.986 0.107 0.965 0.971 
0.044 0.985 0.084 0.980 0.974 
0.042 0.990 0.069 0.980 0.903 
0.034 0.986 0.110 0.970 0.968 
0.056 0.984 0.160 0.963 0.961 
0.043 0.988 0.084 0.975 0.958 
0.052 0.987 0.138 0.970 0.971 
0.039 0.989 0.099 0.975 0.961 
0.041 0.984 0.163 0.970 0.968 
0.042 0.988 0.139 0.973 0.968 
0.045 0.986 0.099 0.970 0.955 
0.037 0.988 0.135 0.968 0.955 
0.042 0.988 0.155 0.968 0.965 
0.040 0.988 0.114 0.975 0.948 
0.038 0.986 0.175 0.965 0.981 
0.037 0.988 0.172 0.955 0.977 
0.033 0.988 0.119 0.970 0.968 
0.041 0.986 0.082 0.978 0.932 
0.031 0.991 0.093 0.978 0.965 
0.035 0.991 0.138 0.968 0.981 
0.062 0.980 0.135 0.973 0.977 
0.037 0.986 0.100 0.973 0.981 
0.040 0.988 0.119 0.980 0.942 
0.035 0.988 0.084 0.975 0.961 
0.036 0.989 0.120 0.960 0.971 
0.037 0.987 0.092 0.978 0.974 
0.040 0.988 0.076 0.978 0.942 
0.034 0.990 0.118 0.970 0.981 
0.037 0.989 0.093 0.978 0.971 
0.039 0.988 0.073 0.980 0.945 
0.049 0.984 0.083 0.973 0.958 
0.044 0.985 0.096 0.975 0.952 
0.038 0.985 0.103 0.980 0.935 
0.043 0.987 0.093 0.975 0.968 
0.038 0.990 0.164 0.948 0.981 
0.030 0.989 0.084 0.980 0.945 
0.039 0.988 0.067 0.985 0.929 
0.046 0.985 0.077 0.975 0.952 
0.035 0.989 0.082 0.978 0.903 
0.038 0.988 0.064 0.973 0.952 
0.033 0.989 0.144 0.983 0.935 
0.040 0.989 0.118 0.978 0.968 
0.058 0.983 0.159 0.980 0.942 
0.046 0.984 0.099 0.983 0.945 
0.049 0.983 0.161 0.970 0.971 
0.039 0.988 0.101 0.975 0.974 
0.041 0.984 0.091 0.970 0.948 
0.028 0.988 0.087 0.978 0.932 
0.038 0.989 0.167 0.970 0.974 
0.057 0.983 0.081 0.970 0.939 
0.047 0.986 0.082 0.973 0.968 
0.035 0.988 0.096 0.973 0.968 
0.038 0.986 0.155 0.965 0.981 
0.041 0.988 0.070 0.983 0.919 
0.044 0.987 0.089 0.980 0.961 
0.035 0.989 0.214 0.968 0.977 
0.046 0.981 0.082 0.975 0.961 
0.029 0.991 0.073 0.975 0.965 
0.043 0.988 0.105 0.978 0.952 
0.035 0.988 0.135 0.975 0.981 
0.040 0.989 0.134 0.975 0.932 
0.042 0.986 0.159 0.968 0.945 
0.039 0.984 0.070 0.980 0.968 
0.039 0.989 0.119 0.978 0.968 
0.039 0.988 0.104 0.973 0.977 
0.038 0.985 0.159 0.960 0.971 
0.035 0.989 0.071 0.983 0.961 
0.034 0.991 0.074 0.978 0.971 
0.042 0.985 0.120 0.968 0.974 
0.038 0.984 0.110 0.978 0.977 
0.034 0.988 0.075 0.978 0.968 
0.047 0.981 0.091 0.980 0.968 
0.032 0.990 0.098 0.975 0.965 
0.041 0.988 0.083 0.980 0.939 
0.054 0.980 0.078 0.980 0.932 
0.044 0.987 0.157 0.975 0.965 
0.054 0.983 0.127 0.960 0.897 
0.054 0.984 0.105 0.975 0.958 
0.037 0.991 0.089 0.978 0.968 
0.037 0.989 0.084 0.978 0.977 
0.037 0.989 0.067 0.985 0.965 
0.045 0.985 0.118 0.958 0.981 
0.036 0.988 0.076 0.980 0.974 
0.034 0.990 0.087 0.978 0.945 
0.036 0.986 0.068 0.980 0.965 
0.038 0.986 0.129 0.970 0.971 
0.041 0.987 0.070 0.980 0.942 
0.033 0.987 0.084 0.975 0.968 
0.041 0.986 0.130 0.975 0.968 
0.043 0.986 0.092 0.978 0.961 
0.040 0.987 0.122 0.970 0.971 
0.040 0.988 0.219 0.945 0.974 
0.039 0.981 0.131 0.968 0.965 
0.040 0.988 0.112 0.978 0.974 
0.042 0.984 0.100 0.970 0.942 
0.041 0.988 0.092 0.970 0.974 
0.039 0.988 0.100 0.975 0.965 
0.041 0.990 0.132 0.978 0.968 
0.035 0.992 0.093 0.980 0.968 
0.046 0.981 0.116 0.983 0.971 
0.049 0.985 0.168 0.975 0.974 
0.045 0.982 0.134 0.980 0.961 
0.031 0.989 0.094 0.980 0.955 
0.038 0.989 0.078 0.983 0.952 
0.031 0.990 0.137 0.980 0.974 
0.043 0.985 0.081 0.988 0.958 
0.033 0.988 0.078 0.985 0.952 
0.033 0.991 0.138 0.975 0.955 
0.038 0.985 0.167 0.970 0.977 
0.051 0.984 0.072 0.978 0.942 
0.033 0.990 0.090 0.980 0.948 
0.030 0.989 0.079 0.980 0.942 
0.042 0.985 0.225 0.975 0.984 
0.042 0.988 0.072 0.975 0.939 
0.045 0.986 0.090 0.973 0.971 
0.039 0.986 0.082 0.978 0.968 
0.030 0.989 0.096 0.973 0.974 
0.054 0.982 0.081 0.975 0.958 
0.043 0.986 0.119 0.968 0.961 
0.046 0.987 0.084 0.980 0.942 
0.046 0.987 0.077 0.983 0.932 
0.044 0.989 0.092 0.975 0.952 
0.030 0.990 0.128 0.970 0.974 
0.051 0.981 0.117 0.978 0.968 
0.035 0.988 0.067 0.985 0.952 
0.040 0.984 0.093 0.978 0.965 
0.036 0.989 0.110 0.965 0.961 
0.050 0.988 0.104 0.975 0.952 
0.030 0.990 0.109 0.975 0.961 
0.043 0.988 0.099 0.973 0.958 
0.039 0.990 0.082 0.975 0.916 
0.038 0.990 0.126 0.963 0.961 
0.039 0.984 0.116 0.978 0.955 
0.040 0.987 0.110 0.975 0.958 
0.028 0.989 0.121 0.975 0.971 
0.037 0.989 0.114 0.980 0.965 
0.037 0.985 0.086 0.983 0.913 
0.039 0.986 0.162 0.978 0.952 
0.034 0.987 0.102 0.980 0.968 
0.039 0.988 0.097 0.983 0.961 
0.048 0.983 0.115 0.973 0.961 
0.036 0.986 0.066 0.985 0.929 
0.036 0.987 0.088 0.983 0.948 
0.050 0.985 0.113 0.978 0.929 
0.020 0.994 0.093 0.983 0.858 
0.035 0.989 0.115 0.980 0.955 
0.026 0.993 0.127 0.980 0.952 
0.032 0.989 0.122 0.975 0.961 
0.048 0.986 0.116 0.978 0.945 
0.036 0.988 0.142 0.975 0.971 
0.031 0.990 0.067 0.980 0.929 
0.028 0.992 0.084 0.980 0.965 
0.041 0.986 0.138 0.978 0.977 
0.035 0.987 0.136 0.968 0.965 
0.042 0.989 0.103 0.973 0.958 
0.047 0.981 0.177 0.975 0.881 
0.046 0.987 0.130 0.970 0.961 
0.035 0.988 0.107 0.968 0.948 
0.048 0.990 0.108 0.978 0.932 
0.040 0.988 0.100 0.978 0.939 
0.040 0.986 0.078 0.980 0.942 
0.056 0.981 0.070 0.978 0.945 
0.033 0.988 0.159 0.960 0.961 
0.039 0.991 0.128 0.965 0.971 
0.027 0.992 0.120 0.970 0.958 
0.032 0.990 0.205 0.953 0.977 
0.028 0.992 0.103 0.978 0.952 
0.032 0.989 0.153 0.978 0.961 
0.028 0.993 0.149 0.980 0.958 
0.060 0.982 0.087 0.978 0.968 
0.036 0.990 0.078 0.985 0.868 
0.045 0.985 0.090 0.975 0.955 
0.022 0.991 0.156 0.978 0.965 
0.041 0.988 0.153 0.970 0.977 
0.054 0.984 0.102 0.975 0.952 
0.051 0.984 0.084 0.978 0.968 
0.032 0.990 0.080 0.978 0.974 
0.032 0.987 0.061 0.983 0.903 
0.031 0.989 0.105 0.973 0.968 
0.041 0.990 0.144 0.983 0.965 
0.047 0.985 0.103 0.970 0.942 
0.036 0.990 0.091 0.970 0.961 
0.036 0.986 0.072 0.978 0.948 
0.037 0.988 0.098 0.970 0.965 
0.030 0.990 0.077 0.975 0.974 
0.043 0.990 0.147 0.975 0.981 
0.050 0.983 0.071 0.983 0.952 
0.037 0.990 0.132 0.968 0.974 
0.028 0.988 0.095 0.970 0.968 
0.037 0.990 0.104 0.973 0.965 
0.058 0.978 0.077 0.978 0.942 
0.033 0.989 0.107 0.973 0.965 
0.037 0.988 0.080 0.973 0.945 
0.024 0.993 0.088 0.978 0.948 
0.041 0.985 0.113 0.968 0.968 
0.040 0.989 0.073 0.980 0.968 
0.037 0.988 0.143 0.965 0.968 
0.041 0.985 0.102 0.978 0.932 
0.040 0.985 0.103 0.975 0.965 
0.035 0.987 0.070 0.983 0.945 
0.038 0.988 0.245 0.980 0.961 
0.040 0.986 0.179 0.978 0.942 
0.039 0.985 0.140 0.975 0.965 
0.029 0.992 0.136 0.975 0.945 
0.036 0.988 0.062 0.980 0.952 
0.030 0.990 0.089 0.973 0.948 
0.049 0.983 0.064 0.980 0.910 
0.045 0.986 0.090 0.978 0.935 
0.049 0.988 0.069 0.983 0.932 
0.037 0.985 0.059 0.985 0.910 
0.025 0.992 0.151 0.975 0.948 
0.043 0.985 0.206 0.960 0.958 
0.047 0.983 0.096 0.978 0.948 
0.034 0.989 0.094 0.975 0.961 
0.036 0.988 0.086 0.970 0.939 
0.033 0.988 0.075 0.978 0.932 
0.036 0.986 0.062 0.980 0.965 
0.024 0.990 0.120 0.975 0.974 
