0.321 0.880 0.191 0.950 0.997 
0.184 0.937 0.238 0.922 1.000 
0.149 0.947 0.252 0.910 0.997 
0.146 0.956 0.203 0.930 1.000 
0.134 0.955 0.140 0.950 1.000 
0.108 0.963 0.124 0.950 0.994 
0.091 0.970 0.112 0.955 1.000 
0.099 0.971 0.116 0.955 1.000 
0.080 0.978 0.139 0.953 0.997 
0.088 0.973 0.096 0.965 1.000 
0.075 0.977 0.072 0.985 0.997 
0.100 0.967 0.095 0.983 1.000 
0.094 0.968 0.108 0.958 1.000 
0.071 0.977 0.102 0.960 0.978 
0.075 0.977 0.081 0.980 1.000 
0.079 0.978 0.072 0.983 1.000 
0.059 0.982 0.062 0.985 1.000 
0.090 0.974 0.111 0.955 1.000 
0.071 0.983 0.102 0.973 1.000 
0.095 0.976 0.118 0.953 1.000 
0.080 0.977 0.073 0.980 0.997 
0.074 0.977 0.082 0.980 0.994 
0.068 0.980 0.072 0.985 1.000 
0.062 0.984 0.051 0.988 1.000 
0.072 0.977 0.066 0.985 0.984 
0.065 0.984 0.111 0.955 0.911 
0.061 0.983 0.061 0.983 0.987 
0.067 0.980 0.074 0.973 1.000 
0.048 0.989 0.075 0.975 1.000 
0.079 0.978 0.068 0.978 0.942 
0.053 0.985 0.061 0.978 0.984 
0.074 0.983 0.107 0.958 0.990 
0.060 0.984 0.091 0.973 0.994 
0.058 0.983 0.052 0.985 1.000 
0.056 0.983 0.080 0.983 1.000 
0.059 0.984 0.059 0.985 1.000 
0.052 0.986 0.096 0.963 0.706 
0.063 0.981 0.061 0.985 0.735 
0.047 0.990 0.070 0.983 1.000 
0.046 0.988 0.064 0.978 1.000 
0.042 0.990 0.049 0.985 0.406 
0.048 0.990 0.067 0.975 0.946 
0.058 0.986 0.071 0.978 1.000 
0.053 0.984 0.069 0.980 0.994 
0.053 0.987 0.073 0.975 1.000 
0.050 0.986 0.087 0.973 1.000 
0.052 0.983 0.066 0.975 0.351 
0.047 0.982 0.058 0.985 0.952 
0.049 0.983 0.103 0.955 1.000 
0.049 0.989 0.048 0.988 1.000 
0.054 0.985 0.059 0.988 0.997 
0.042 0.988 0.058 0.988 0.032 
0.043 0.988 0.090 0.958 0.997 
0.045 0.986 0.078 0.965 0.914 
0.062 0.980 0.050 0.983 1.000 
0.043 0.988 0.068 0.985 0.997 
0.039 0.990 0.069 0.980 1.000 
0.051 0.985 0.058 0.983 1.000 
0.040 0.989 0.039 0.990 1.000 
0.056 0.985 0.065 0.978 1.000 
0.044 0.988 0.076 0.968 0.703 
0.040 0.986 0.055 0.985 0.581 
0.049 0.989 0.067 0.968 0.942 
0.044 0.989 0.043 0.985 0.348 
0.033 0.992 0.037 0.985 0.978 
0.045 0.986 0.041 0.988 0.990 
0.032 0.992 0.056 0.990 0.939 
0.038 0.991 0.052 0.985 1.000 
0.052 0.988 0.066 0.983 1.000 
0.033 0.990 0.059 0.975 1.000 
0.043 0.991 0.077 0.965 1.000 
0.041 0.988 0.078 0.975 1.000 
0.037 0.991 0.070 0.970 1.000 
0.037 0.991 0.063 0.980 0.971 
0.037 0.989 0.071 0.980 0.987 
0.043 0.987 0.064 0.973 0.997 
0.040 0.988 0.075 0.973 1.000 
0.042 0.990 0.068 0.985 0.962 
0.044 0.988 0.073 0.975 1.000 
0.037 0.991 0.065 0.975 1.000 
0.038 0.988 0.046 0.988 1.000 
0.028 0.992 0.101 0.953 1.000 
0.043 0.989 0.056 0.983 1.000 
0.038 0.990 0.073 0.973 1.000 
0.048 0.988 0.084 0.963 1.000 
0.031 0.992 0.084 0.970 1.000 
0.040 0.987 0.054 0.985 1.000 
0.040 0.989 0.033 0.990 1.000 
0.035 0.991 0.069 0.975 1.000 
0.036 0.991 0.038 0.988 0.994 
0.036 0.988 0.157 0.943 0.997 
0.037 0.991 0.092 0.963 1.000 
0.041 0.991 0.061 0.978 1.000 
0.038 0.990 0.060 0.978 0.994 
0.034 0.990 0.044 0.985 0.968 
0.044 0.988 0.059 0.975 0.949 
0.038 0.989 0.043 0.983 0.990 
0.032 0.992 0.057 0.985 0.987 
0.041 0.989 0.073 0.975 0.984 
0.032 0.993 0.049 0.985 0.997 
0.036 0.992 0.092 0.970 0.361 
0.032 0.990 0.055 0.973 0.776 
0.044 0.988 0.036 0.990 1.000 
0.038 0.989 0.035 0.990 0.990 
0.037 0.991 0.032 0.990 0.997 
0.026 0.994 0.067 0.973 1.000 
0.033 0.989 0.056 0.988 0.997 
0.047 0.985 0.084 0.968 0.958 
0.031 0.992 0.113 0.955 0.904 
0.038 0.991 0.180 0.945 0.933 
0.030 0.991 0.039 0.985 1.000 
0.038 0.989 0.048 0.988 0.971 
0.037 0.990 0.065 0.985 0.997 
0.029 0.994 0.066 0.975 1.000 
0.032 0.993 0.058 0.978 1.000 
0.035 0.991 0.128 0.950 0.891 
0.033 0.992 0.072 0.968 1.000 
0.031 0.993 0.050 0.985 1.000 
0.033 0.992 0.103 0.963 0.818 
0.041 0.990 0.069 0.973 1.000 
0.033 0.991 0.059 0.985 0.997 
0.030 0.992 0.063 0.973 1.000 
0.030 0.995 0.052 0.983 1.000 
0.043 0.989 0.040 0.985 1.000 
0.034 0.991 0.084 0.960 1.000 
0.031 0.992 0.067 0.978 1.000 
0.048 0.986 0.164 0.940 1.000 
0.025 0.993 0.059 0.980 1.000 
0.030 0.992 0.103 0.955 0.974 
0.028 0.992 0.031 0.990 1.000 
0.028 0.993 0.078 0.973 0.997 
0.032 0.990 0.057 0.980 0.994 
0.038 0.989 0.050 0.988 1.000 
0.026 0.995 0.040 0.985 1.000 
0.030 0.991 0.096 0.958 0.942 
0.032 0.993 0.109 0.955 1.000 
0.035 0.990 0.078 0.973 0.901 
0.037 0.991 0.057 0.988 1.000 
0.031 0.992 0.064 0.983 1.000 
0.048 0.988 0.096 0.965 1.000 
0.030 0.991 0.046 0.985 1.000 
0.030 0.991 0.045 0.990 0.997 
0.030 0.990 0.061 0.985 1.000 
0.043 0.992 0.090 0.968 0.994 
0.031 0.991 0.053 0.980 1.000 
0.029 0.993 0.037 0.990 1.000 
0.028 0.993 0.064 0.978 0.997 
0.043 0.990 0.074 0.983 0.997 
0.035 0.991 0.067 0.980 1.000 
0.024 0.993 0.067 0.975 1.000 
0.024 0.994 0.076 0.975 1.000 
0.026 0.993 0.149 0.953 1.000 
0.035 0.992 0.083 0.975 1.000 
0.032 0.993 0.096 0.963 1.000 
0.033 0.991 0.067 0.980 1.000 
0.036 0.991 0.079 0.968 1.000 
0.025 0.993 0.179 0.932 1.000 
0.033 0.991 0.130 0.953 1.000 
0.032 0.993 0.104 0.965 0.984 
0.039 0.989 0.053 0.978 1.000 
0.032 0.991 0.057 0.980 1.000 
0.026 0.993 0.051 0.985 1.000 
0.032 0.992 0.073 0.970 1.000 
0.029 0.990 0.110 0.938 1.000 
0.029 0.990 0.065 0.970 1.000 
0.030 0.990 0.047 0.985 1.000 
0.025 0.993 0.062 0.983 1.000 
0.031 0.992 0.065 0.985 1.000 
0.024 0.993 0.084 0.963 1.000 
0.031 0.993 0.198 0.935 1.000 
0.035 0.991 0.059 0.973 1.000 
0.030 0.994 0.070 0.975 1.000 
0.028 0.992 0.058 0.985 1.000 
0.030 0.992 0.223 0.955 1.000 
0.033 0.992 0.093 0.978 0.997 
0.032 0.990 0.046 0.988 1.000 
0.026 0.992 0.024 0.990 1.000 
0.032 0.991 0.044 0.988 0.997 
0.029 0.993 0.060 0.973 1.000 
0.025 0.994 0.032 0.988 1.000 
0.028 0.991 0.073 0.965 1.000 
0.027 0.992 0.030 0.988 1.000 
0.030 0.992 0.061 0.970 1.000 
0.030 0.993 0.070 0.968 1.000 
0.027 0.995 0.038 0.993 0.997 
0.032 0.991 0.030 0.993 1.000 
0.030 0.992 0.035 0.990 1.000 
0.024 0.993 0.064 0.973 0.997 
0.029 0.992 0.035 0.990 1.000 
0.031 0.992 0.051 0.988 1.000 
0.034 0.992 0.071 0.975 1.000 
0.015 0.996 0.087 0.973 1.000 
0.033 0.991 0.103 0.985 1.000 
0.022 0.992 0.038 0.988 1.000 
0.034 0.990 0.068 0.978 0.994 
0.028 0.991 0.071 0.978 1.000 
0.030 0.992 0.084 0.968 1.000 
0.029 0.993 0.037 0.988 1.000 
0.028 0.992 0.100 0.958 0.997 
0.024 0.992 0.115 0.953 0.994 
0.028 0.993 0.054 0.988 1.000 
0.024 0.995 0.038 0.988 1.000 
0.031 0.991 0.055 0.983 1.000 
0.029 0.992 0.041 0.988 0.997 
0.027 0.992 0.067 0.975 0.997 
0.034 0.991 0.089 0.970 0.834 
0.021 0.995 0.055 0.980 1.000 
0.026 0.993 0.040 0.990 0.997 
0.026 0.994 0.056 0.980 0.974 
0.022 0.993 0.032 0.990 1.000 
0.025 0.996 0.036 0.993 0.974 
0.043 0.991 0.063 0.975 0.987 
0.036 0.992 0.073 0.983 1.000 
0.023 0.994 0.076 0.985 0.965 
0.028 0.991 0.061 0.975 0.997 
0.027 0.992 0.040 0.988 0.997 
0.031 0.992 0.043 0.985 0.987 
0.030 0.993 0.056 0.985 1.000 
0.031 0.993 0.070 0.970 0.994 
0.023 0.992 0.047 0.985 1.000 
0.031 0.992 0.067 0.980 0.994 
0.026 0.994 0.054 0.978 0.997 
0.034 0.989 0.049 0.985 0.997 
0.037 0.990 0.065 0.975 0.978 
0.024 0.995 0.044 0.988 0.997 
0.030 0.993 0.130 0.955 0.971 
0.027 0.993 0.052 0.988 0.997 
0.026 0.994 0.163 0.948 0.971 
0.037 0.992 0.054 0.980 1.000 
0.032 0.992 0.078 0.965 0.997 
0.029 0.992 0.061 0.975 0.997 
0.026 0.993 0.120 0.943 0.933 
0.028 0.992 0.107 0.953 0.808 
0.021 0.996 0.035 0.990 1.000 
0.026 0.993 0.054 0.973 0.994 
0.023 0.993 0.051 0.975 0.997 
0.027 0.991 0.048 0.983 0.997 
0.043 0.989 0.050 0.978 0.981 
0.028 0.991 0.089 0.965 0.971 
0.019 0.994 0.094 0.968 0.978 
0.026 0.992 0.085 0.968 1.000 
0.030 0.990 0.121 0.958 0.974 
0.029 0.994 0.058 0.978 0.997 
0.022 0.993 0.058 0.980 1.000 
0.025 0.994 0.039 0.988 1.000 
0.027 0.990 0.044 0.988 1.000 
0.026 0.991 0.089 0.963 0.997 
0.022 0.995 0.078 0.968 0.997 
0.030 0.991 0.047 0.978 0.994 
0.023 0.994 0.039 0.983 0.994 
0.037 0.990 0.030 0.990 1.000 
0.024 0.993 0.071 0.970 0.997 
0.024 0.996 0.037 0.988 1.000 
0.027 0.992 0.034 0.990 1.000 
0.028 0.992 0.032 0.988 1.000 
0.020 0.995 0.031 0.990 1.000 
0.021 0.993 0.039 0.990 0.997 
0.022 0.995 0.028 0.988 1.000 
0.043 0.990 0.040 0.983 0.990 
0.031 0.994 0.046 0.983 0.997 
0.021 0.993 0.044 0.983 1.000 
0.028 0.994 0.098 0.968 0.888 
0.028 0.996 0.068 0.978 0.994 
0.024 0.992 0.066 0.973 0.955 
0.027 0.991 0.030 0.990 1.000 
0.022 0.994 0.034 0.990 1.000 
0.026 0.991 0.064 0.975 1.000 
0.021 0.993 0.058 0.988 1.000 
0.022 0.994 0.053 0.978 1.000 
0.021 0.993 0.071 0.973 1.000 
0.018 0.993 0.151 0.958 0.997 
0.027 0.992 0.053 0.978 0.994 
0.025 0.993 0.030 0.990 1.000 
0.024 0.993 0.061 0.980 0.987 
0.027 0.993 0.100 0.958 0.994 
0.020 0.995 0.045 0.988 0.978 
0.022 0.996 0.033 0.990 0.997 
0.030 0.991 0.092 0.983 0.994 
0.020 0.994 0.040 0.988 1.000 
0.025 0.992 0.046 0.988 1.000 
0.026 0.993 0.059 0.978 1.000 
0.027 0.993 0.050 0.980 1.000 
0.027 0.995 0.040 0.990 0.997 
0.026 0.997 0.249 0.950 0.987 
0.031 0.992 0.047 0.983 1.000 
0.032 0.991 0.051 0.985 1.000 
0.014 0.996 0.062 0.985 0.994 
0.021 0.995 0.105 0.973 0.946 
0.019 0.995 0.046 0.985 0.997 
0.021 0.991 0.049 0.980 1.000 
0.031 0.992 0.112 0.975 0.997 
0.022 0.995 0.057 0.988 1.000 
0.052 0.990 0.069 0.980 1.000 
0.026 0.992 0.070 0.983 0.997 
0.020 0.995 0.068 0.965 1.000 
0.020 0.995 0.052 0.983 0.888 
0.028 0.992 0.040 0.990 0.997 
0.027 0.993 0.034 0.988 1.000 
0.021 0.995 0.043 0.985 0.997 
0.022 0.993 0.092 0.955 1.000 
0.033 0.989 0.060 0.990 1.000 
0.023 0.993 0.049 0.983 1.000 
0.021 0.995 0.051 0.990 1.000 
0.029 0.992 0.105 0.948 0.984 
0.030 0.993 0.067 0.975 0.997 
0.024 0.993 0.059 0.980 1.000 
0.015 0.996 0.050 0.983 1.000 
0.021 0.995 0.080 0.960 0.997 
0.019 0.995 0.057 0.993 1.000 
0.022 0.992 0.055 0.988 0.997 
0.032 0.992 0.060 0.985 0.994 
0.016 0.996 0.048 0.988 1.000 
0.022 0.995 0.040 0.988 0.997 
0.016 0.996 0.098 0.953 0.990 
0.020 0.995 0.067 0.970 1.000 
0.018 0.993 0.065 0.968 0.958 
0.020 0.995 0.100 0.953 0.997 
0.020 0.992 0.129 0.953 1.000 
0.013 0.995 0.079 0.988 0.984 
0.015 0.994 0.031 0.990 0.997 
0.029 0.996 0.096 0.955 0.994 
0.023 0.994 0.031 0.988 0.990 
0.029 0.989 0.026 0.990 0.987 
0.012 0.996 0.092 0.973 0.665 
0.039 0.989 0.053 0.980 0.850 
0.019 0.996 0.067 0.980 0.994 
0.017 0.997 0.036 0.990 1.000 
0.018 0.995 0.032 0.988 0.990 
0.022 0.993 0.058 0.988 1.000 
0.014 0.996 0.071 0.983 1.000 
0.022 0.993 0.054 0.990 1.000 
0.026 0.992 0.075 0.990 0.690 
0.015 0.996 0.066 0.978 0.968 
0.030 0.991 0.040 0.988 0.997 
0.028 0.992 0.056 0.985 0.978 
0.027 0.992 0.026 0.993 0.984 
0.031 0.992 0.055 0.988 0.981 
0.018 0.996 0.042 0.980 0.997 
0.020 0.993 0.035 0.988 1.000 
0.029 0.993 0.042 0.988 1.000 
0.018 0.995 0.046 0.988 1.000 
0.018 0.995 0.030 0.990 1.000 
0.019 0.996 0.033 0.993 0.812 
0.037 0.988 0.056 0.980 0.984 
0.032 0.995 0.097 0.960 0.997 
0.019 0.993 0.031 0.990 1.000 
0.019 0.995 0.067 0.970 0.994 
0.017 0.996 0.085 0.958 0.997 
0.016 0.996 0.045 0.983 0.990 
0.034 0.991 0.059 0.973 0.984 
0.023 0.995 0.102 0.955 0.997 
0.018 0.996 0.058 0.980 0.987 
0.028 0.993 0.046 0.988 0.914 
0.023 0.994 0.030 0.988 0.955 
0.021 0.993 0.034 0.990 0.974 
0.024 0.993 0.035 0.990 0.997 
0.022 0.994 0.079 0.965 0.783 
0.022 0.995 0.066 0.973 0.914 
0.017 0.994 0.029 0.990 1.000 
0.021 0.993 0.029 0.988 0.990 
0.023 0.993 0.041 0.983 0.994 
0.020 0.995 0.040 0.988 1.000 
0.025 0.992 0.057 0.973 1.000 
0.023 0.993 0.047 0.983 1.000 
0.016 0.997 0.072 0.963 1.000 
0.028 0.993 0.110 0.960 1.000 
0.025 0.993 0.073 0.978 1.000 
0.023 0.993 0.041 0.985 0.942 
0.029 0.993 0.060 0.973 0.955 
0.023 0.993 0.054 0.980 0.990 
0.014 0.995 0.061 0.968 1.000 
0.025 0.995 0.096 0.975 0.994 
0.026 0.993 0.021 0.990 0.971 
0.029 0.993 0.051 0.975 0.939 
0.023 0.992 0.056 0.970 1.000 
0.025 0.994 0.084 0.955 0.728 
0.012 0.996 0.035 0.988 0.962 
0.022 0.993 0.092 0.960 0.933 
0.014 0.996 0.119 0.953 0.952 
0.026 0.993 0.064 0.973 0.990 
0.019 0.993 0.049 0.978 0.917 
0.028 0.990 0.036 0.985 0.543 
0.019 0.996 0.040 0.988 0.955 
0.013 0.995 0.051 0.988 0.882 
0.024 0.993 0.067 0.983 0.863 
0.019 0.996 0.028 0.993 0.831 
0.020 0.995 0.048 0.983 0.728 
0.027 0.991 0.033 0.990 0.978 
0.024 0.993 0.102 0.955 0.962 
0.014 0.997 0.025 0.990 0.147 
0.017 0.996 0.084 0.955 0.891 
0.023 0.993 0.102 0.960 0.971 
0.017 0.993 0.114 0.953 0.946 
0.023 0.995 0.037 0.988 0.984 
0.022 0.994 0.159 0.970 0.706 
0.025 0.995 0.043 0.990 0.879 
0.022 0.993 0.063 0.978 0.994 
0.017 0.994 0.068 0.983 0.997 
0.011 0.997 0.048 0.980 1.000 
0.022 0.993 0.065 0.978 0.872 
0.034 0.991 0.069 0.975 0.898 
0.024 0.993 0.038 0.988 0.917 
0.020 0.993 0.063 0.983 0.869 
0.018 0.995 0.177 0.935 0.917 
0.008 0.997 0.093 0.980 0.965 
0.022 0.995 0.056 0.983 0.978 
0.026 0.994 0.054 0.983 1.000 
0.021 0.994 0.077 0.963 0.997 
0.024 0.993 0.066 0.985 0.994 
0.017 0.993 0.053 0.985 1.000 
0.022 0.993 0.050 0.985 1.000 
0.040 0.993 0.056 0.985 1.000 
0.028 0.990 0.087 0.958 1.000 
0.027 0.993 0.079 0.963 1.000 
0.027 0.995 0.059 0.978 0.994 
0.022 0.993 0.036 0.988 1.000 
0.022 0.996 0.041 0.990 1.000 
0.016 0.996 0.050 0.985 1.000 
0.021 0.991 0.040 0.980 1.000 
0.023 0.997 0.036 0.988 0.997 
0.024 0.992 0.025 0.993 1.000 
0.015 0.996 0.078 0.970 1.000 
0.015 0.996 0.083 0.978 1.000 
0.023 0.993 0.093 0.968 0.984 
0.022 0.993 0.060 0.975 1.000 
0.018 0.994 0.033 0.990 1.000 
0.020 0.995 0.046 0.983 1.000 
0.025 0.994 0.110 0.960 0.978 
0.016 0.995 0.039 0.988 1.000 
0.023 0.993 0.044 0.988 0.984 
0.029 0.992 0.054 0.983 1.000 
0.021 0.994 0.051 0.983 1.000 
0.027 0.992 0.067 0.968 1.000 
0.013 0.997 0.081 0.973 0.994 
0.028 0.995 0.074 0.965 0.990 
0.015 0.996 0.133 0.948 1.000 
0.022 0.993 0.115 0.953 0.936 
0.021 0.997 0.069 0.968 1.000 
0.017 0.996 0.076 0.968 0.936 
0.022 0.992 0.058 0.978 0.243 
0.021 0.993 0.038 0.988 0.936 
0.016 0.995 0.059 0.975 0.639 
0.020 0.994 0.044 0.983 0.978 
0.026 0.994 0.084 0.970 0.518 
0.029 0.992 0.061 0.978 0.990 
0.020 0.995 0.085 0.963 1.000 
0.015 0.994 0.051 0.985 0.990 
0.012 0.996 0.087 0.958 1.000 
0.033 0.993 0.052 0.985 0.974 
0.022 0.993 0.056 0.988 0.361 
0.021 0.993 0.071 0.980 0.930 
0.028 0.995 0.061 0.980 0.984 
0.020 0.994 0.093 0.980 0.051 
0.024 0.993 0.066 0.973 0.524 
0.010 0.997 0.081 0.980 0.958 
0.021 0.995 0.083 0.983 0.652 
0.019 0.994 0.070 0.978 0.974 
0.025 0.995 0.036 0.990 0.994 
0.025 0.992 0.079 0.975 0.693 
0.024 0.995 0.103 0.955 1.000 
0.014 0.995 0.060 0.985 0.895 
0.025 0.995 0.032 0.988 0.399 
0.016 0.996 0.062 0.985 0.997 
0.027 0.992 0.068 0.983 0.997 
0.015 0.995 0.152 0.945 1.000 
0.026 0.993 0.165 0.943 0.834 
0.018 0.994 0.044 0.983 0.700 
0.022 0.994 0.054 0.983 0.990 
0.028 0.995 0.085 0.980 0.974 
0.017 0.997 0.027 0.990 1.000 
0.015 0.996 0.084 0.988 0.997 
0.011 0.997 0.154 0.953 0.968 
0.017 0.995 0.115 0.965 1.000 
0.021 0.993 0.056 0.983 0.968 
0.021 0.993 0.056 0.985 1.000 
0.018 0.994 0.104 0.955 1.000 
0.021 0.995 0.065 0.978 1.000 
0.018 0.993 0.046 0.990 1.000 
0.018 0.995 0.074 0.985 1.000 
0.015 0.995 0.024 0.990 1.000 
0.013 0.995 0.107 0.968 1.000 
0.017 0.995 0.074 0.975 1.000 
0.025 0.993 0.070 0.973 1.000 
0.015 0.995 0.128 0.953 0.997 
0.018 0.995 0.051 0.983 0.978 
0.025 0.993 0.076 0.980 0.990 
0.016 0.997 0.167 0.965 0.872 
0.031 0.995 0.053 0.983 0.955 
0.009 0.997 0.094 0.983 0.997 
0.011 0.996 0.100 0.978 1.000 
0.023 0.992 0.128 0.983 1.000 
0.019 0.991 0.116 0.975 1.000 
0.017 0.995 0.061 0.985 1.000 
0.014 0.995 0.070 0.988 1.000 
0.012 0.996 0.110 0.988 1.000 
0.016 0.994 0.083 0.963 1.000 
0.024 0.993 0.076 0.985 1.000 
0.026 0.995 0.123 0.970 1.000 
0.029 0.991 0.097 0.985 0.994 
0.030 0.993 0.115 0.973 0.994 
0.014 0.996 0.131 0.983 0.974 
0.019 0.996 0.084 0.970 1.000 
0.012 0.996 0.097 0.983 1.000 
0.023 0.993 0.035 0.990 1.000 
0.021 0.993 0.128 0.960 1.000 
0.022 0.992 0.098 0.978 1.000 
0.012 0.997 0.077 0.985 1.000 
0.025 0.991 0.089 0.980 1.000 
0.011 0.996 0.114 0.968 0.997 
0.023 0.993 0.107 0.960 1.000 
0.020 0.997 0.068 0.970 0.987 
0.017 0.995 0.044 0.988 0.933 
0.015 0.997 0.052 0.980 0.958 
0.030 0.992 0.048 0.988 1.000 
0.082 0.990 0.073 0.988 0.997 
0.018 0.996 0.053 0.978 0.994 
0.027 0.994 0.377 0.978 0.591 
0.031 0.995 0.126 0.983 0.990 
0.024 0.994 0.121 0.983 0.997 
0.018 0.997 0.170 0.955 0.997 
0.015 0.995 0.182 0.953 0.981 
0.027 0.993 0.309 0.950 0.930 
0.027 0.996 0.100 0.975 0.984 
0.017 0.996 0.097 0.978 0.984 
0.018 0.995 0.053 0.985 0.978 
0.018 0.995 0.070 0.978 0.923 
0.015 0.995 0.050 0.988 0.994 
0.019 0.996 0.096 0.968 0.965 
0.015 0.996 0.092 0.958 0.971 
0.009 0.996 0.042 0.988 1.000 
0.014 0.996 0.050 0.990 1.000 
0.029 0.992 0.091 0.980 1.000 
0.016 0.995 0.048 0.983 1.000 
0.011 0.996 0.063 0.988 0.997 
0.009 0.997 0.050 0.988 1.000 
0.017 0.996 0.072 0.988 1.000 
0.023 0.993 0.176 0.943 0.981 
0.021 0.995 0.111 0.958 0.994 
0.022 0.993 0.074 0.983 0.994 
0.024 0.994 0.070 0.965 1.000 
0.030 0.992 0.147 0.943 1.000 
0.013 0.997 0.079 0.988 0.981 
0.011 0.996 0.138 0.970 0.987 
0.017 0.994 0.096 0.960 1.000 
0.019 0.993 0.092 0.973 0.994 
0.015 0.995 0.082 0.973 0.958 
0.020 0.997 0.059 0.980 0.994 
0.031 0.991 0.035 0.988 1.000 
0.016 0.995 0.075 0.980 0.994 
0.018 0.996 0.114 0.960 0.997 
0.023 0.993 0.174 0.963 0.949 
0.013 0.995 0.244 0.958 0.911 
0.014 0.996 0.078 0.980 0.879 
0.020 0.995 0.093 0.985 0.923 
0.014 0.997 0.176 0.978 0.728 
0.038 0.992 0.156 0.963 0.939 
0.016 0.993 0.125 0.985 0.869 
0.012 0.997 0.109 0.985 0.984 
0.012 0.996 0.172 0.970 0.990 
0.023 0.993 0.128 0.985 0.962 
0.021 0.996 0.118 0.985 0.968 
0.020 0.993 0.231 0.965 0.987 
0.018 0.995 0.109 0.975 0.994 
0.018 0.993 0.163 0.958 0.955 
0.022 0.995 0.061 0.978 0.962 
0.017 0.997 0.178 0.980 0.045 
0.047 0.992 0.070 0.963 1.000 
0.014 0.997 0.107 0.965 0.703 
0.013 0.996 0.061 0.978 1.000 
0.017 0.995 0.097 0.968 0.987 
0.026 0.991 0.117 0.965 0.984 
0.021 0.995 0.121 0.975 0.891 
0.013 0.997 0.065 0.978 0.994 
0.015 0.996 0.084 0.970 0.990 
0.020 0.996 0.107 0.980 0.840 
0.031 0.992 0.059 0.985 0.994 
0.008 0.997 0.056 0.988 0.923 
0.013 0.996 0.065 0.985 1.000 
0.024 0.994 0.074 0.980 0.994 
0.025 0.993 0.073 0.975 0.974 
0.025 0.995 0.208 0.978 0.920 
0.013 0.997 0.215 0.968 0.981 
0.019 0.993 0.201 0.978 0.997 
0.013 0.998 0.227 0.943 0.990 
0.012 0.997 0.180 0.988 0.990 
0.018 0.993 0.327 0.950 0.987 
0.033 0.993 0.064 0.988 1.000 
0.023 0.993 0.135 0.983 1.000 
0.019 0.995 0.193 0.965 0.984 
0.020 0.995 0.168 0.968 0.990 
0.019 0.992 0.154 0.978 0.971 
0.014 0.996 0.187 0.978 0.984 
0.013 0.995 0.197 0.980 0.978 
0.091 0.994 0.301 0.932 0.786 
0.028 0.994 0.093 0.970 0.997 
0.019 0.996 0.142 0.958 0.984 
0.020 0.994 0.093 0.985 0.978 
0.016 0.996 0.179 0.978 0.997 
0.017 0.994 0.152 0.983 0.955 
0.020 0.996 0.139 0.975 0.990 
0.010 0.997 0.114 0.978 1.000 
0.027 0.994 0.078 0.983 1.000 
0.009 0.997 0.117 0.968 1.000 
0.022 0.995 0.117 0.965 1.000 
0.015 0.996 0.112 0.978 1.000 
0.014 0.995 0.063 0.985 1.000 
0.020 0.996 0.174 0.988 1.000 
0.024 0.994 0.222 0.955 1.000 
0.019 0.995 0.136 0.973 1.000 
0.005 0.999 0.150 0.988 1.000 
0.011 0.997 0.142 0.980 1.000 
0.026 0.992 0.126 0.958 0.997 
0.020 0.993 0.132 0.980 1.000 
0.023 0.995 0.062 0.985 1.000 
0.020 0.995 0.090 0.988 1.000 
0.020 0.993 0.061 0.988 1.000 
0.022 0.995 0.174 0.960 1.000 
0.023 0.995 0.107 0.980 1.000 
0.017 0.995 0.167 0.958 1.000 
0.024 0.992 0.141 0.955 0.965 
0.033 0.994 0.055 0.988 1.000 
0.023 0.997 0.075 0.985 1.000 
0.031 0.992 0.084 0.988 1.000 
0.010 0.997 0.094 0.988 1.000 
0.024 0.993 0.050 0.988 1.000 
0.015 0.997 0.032 0.988 1.000 
0.014 0.995 0.036 0.990 1.000 
0.020 0.994 0.081 0.973 1.000 
0.013 0.998 0.189 0.955 1.000 
0.022 0.994 0.129 0.978 0.990 
0.028 0.993 0.152 0.973 0.974 
0.020 0.993 0.240 0.990 0.981 
0.018 0.996 0.080 0.990 0.997 
0.022 0.993 0.261 0.963 0.994 
0.021 0.994 0.153 0.983 0.990 
0.014 0.996 0.298 0.948 0.994 
0.022 0.995 0.144 0.975 1.000 
0.012 0.997 0.306 0.960 0.994 
0.018 0.997 0.250 0.983 0.965 
0.020 0.993 0.090 0.990 0.994 
0.009 0.998 0.179 0.960 0.981 
0.013 0.997 0.185 0.945 1.000 
0.016 0.995 0.091 0.985 1.000 
0.020 0.995 0.137 0.955 1.000 
0.024 0.991 0.156 0.968 0.994 
0.033 0.992 0.202 0.945 0.898 
0.016 0.994 0.155 0.988 0.984 
0.019 0.995 0.101 0.975 0.930 
0.023 0.994 0.119 0.950 0.799 
0.025 0.991 0.117 0.960 0.952 
0.016 0.996 0.154 0.950 0.971 
0.033 0.992 0.068 0.973 0.994 
0.018 0.996 0.089 0.965 1.000 
0.018 0.994 0.094 0.958 0.974 
0.015 0.996 0.066 0.960 0.987 
0.012 0.995 0.060 0.978 1.000 
0.021 0.995 0.055 0.980 0.933 
0.017 0.996 0.077 0.988 0.974 
0.021 0.995 0.043 0.985 0.974 
0.015 0.995 0.049 0.978 0.981 
0.020 0.995 0.040 0.985 0.971 
0.027 0.993 0.139 0.953 0.936 
0.018 0.996 0.044 0.990 0.955 
0.018 0.996 0.053 0.970 0.952 
0.019 0.996 0.031 0.990 0.997 
0.022 0.995 0.047 0.993 1.000 
0.017 0.995 0.137 0.955 0.987 
0.014 0.996 0.084 0.980 1.000 
0.025 0.993 0.071 0.983 1.000 
0.014 0.996 0.227 0.968 0.997 
0.008 0.998 0.208 0.985 1.000 
0.018 0.996 0.188 0.955 1.000 
0.033 0.993 0.094 0.980 0.990 
0.021 0.995 0.067 0.965 1.000 
0.012 0.997 0.109 0.978 0.981 
0.012 0.995 0.051 0.993 1.000 
0.019 0.995 0.058 0.975 1.000 
0.019 0.994 0.154 0.950 0.997 
0.028 0.993 0.118 0.973 1.000 
0.026 0.993 0.103 0.958 1.000 
0.029 0.992 0.193 0.965 1.000 
0.016 0.995 0.138 0.968 0.997 
0.017 0.995 0.107 0.980 0.997 
0.009 0.996 0.130 0.985 1.000 
0.016 0.995 0.116 0.973 1.000 
0.009 0.998 0.171 0.980 1.000 
0.015 0.995 0.069 0.985 1.000 
0.017 0.995 0.175 0.980 1.000 
0.022 0.995 0.063 0.990 1.000 
0.023 0.995 0.046 0.985 1.000 
0.015 0.995 0.363 0.983 1.000 
0.016 0.996 0.183 0.980 1.000 
0.016 0.995 0.194 0.980 1.000 
0.013 0.996 0.175 0.983 1.000 
0.014 0.995 0.182 0.978 0.997 
0.016 0.998 0.136 0.988 1.000 
0.020 0.995 0.191 0.953 0.997 
0.031 0.990 0.108 0.975 1.000 
0.015 0.996 0.310 0.988 0.946 
0.013 0.995 0.177 0.973 0.997 
0.012 0.997 0.198 0.975 0.984 
0.038 0.994 0.280 0.932 0.901 
0.022 0.993 0.179 0.970 0.994 
0.020 0.991 0.076 0.988 1.000 
0.012 0.995 0.162 0.985 0.984 
0.025 0.995 0.231 0.938 1.000 
0.018 0.993 0.115 0.965 1.000 
0.014 0.998 0.113 0.960 1.000 
0.016 0.995 0.084 0.975 1.000 
0.019 0.994 0.128 0.960 1.000 
0.013 0.997 0.117 0.965 1.000 
0.021 0.994 0.155 0.978 1.000 
0.020 0.995 0.185 0.955 1.000 
0.022 0.994 0.145 0.955 1.000 
0.024 0.992 0.071 0.975 1.000 
0.017 0.997 0.089 0.975 1.000 
0.028 0.992 0.072 0.968 1.000 
0.012 0.995 0.127 0.963 0.984 
0.014 0.996 0.156 0.955 0.990 
0.015 0.996 0.085 0.955 0.978 
0.031 0.995 0.048 0.985 0.997 
0.016 0.995 0.103 0.975 0.933 
0.017 0.996 0.249 0.988 0.997 
0.030 0.994 0.074 0.970 1.000 
0.016 0.996 0.216 0.950 1.000 
0.014 0.995 0.218 0.963 0.997 
0.012 0.997 0.192 0.980 1.000 
0.023 0.995 0.110 0.980 1.000 
0.015 0.996 0.155 0.985 1.000 
0.014 0.996 0.221 0.955 1.000 
0.014 0.996 0.135 0.978 1.000 
0.022 0.993 0.217 0.973 1.000 
0.025 0.992 0.263 0.953 1.000 
0.030 0.993 0.133 0.963 1.000 
0.011 0.997 0.192 0.953 1.000 
0.012 0.996 0.189 0.965 1.000 
0.015 0.993 0.239 0.955 1.000 
0.013 0.995 0.198 0.953 1.000 
0.013 0.997 0.241 0.958 1.000 
0.015 0.995 0.116 0.965 1.000 
0.022 0.997 0.116 0.973 1.000 
0.012 0.996 0.318 0.970 1.000 
0.020 0.994 0.266 0.965 1.000 
0.050 0.993 0.322 0.975 1.000 
0.010 0.997 0.206 0.965 1.000 
0.015 0.997 0.185 0.973 1.000 
0.023 0.992 0.254 0.963 1.000 
0.013 0.996 0.259 0.983 1.000 
0.027 0.996 0.139 0.943 1.000 
0.024 0.995 0.189 0.983 1.000 
0.013 0.996 0.188 0.983 1.000 
0.015 0.997 0.191 0.985 1.000 
0.025 0.992 0.377 0.953 1.000 
0.030 0.993 0.272 0.955 1.000 
0.012 0.997 0.246 0.990 0.997 
0.022 0.993 0.154 0.980 1.000 
0.014 0.996 0.119 0.980 1.000 
0.017 0.996 0.093 0.960 1.000 
0.013 0.997 0.104 0.985 1.000 
0.012 0.996 0.118 0.975 1.000 
0.015 0.997 0.069 0.978 1.000 
0.019 0.995 0.243 0.980 1.000 
0.019 0.992 0.380 0.948 1.000 
0.025 0.995 0.163 0.988 1.000 
0.012 0.996 0.139 0.985 1.000 
0.012 0.996 0.157 0.965 1.000 
0.010 0.997 0.187 0.980 1.000 
0.021 0.993 0.115 0.978 1.000 
0.022 0.994 0.122 0.960 1.000 
0.012 0.996 0.170 0.960 0.997 
0.020 0.995 0.089 0.988 1.000 
0.026 0.993 0.254 0.950 0.990 
0.015 0.996 0.153 0.980 1.000 
0.018 0.996 0.230 0.958 1.000 
0.028 0.993 0.165 0.968 1.000 
0.021 0.995 0.150 0.965 0.994 
0.025 0.993 0.122 0.953 1.000 
0.021 0.995 0.163 0.985 1.000 
0.016 0.995 0.155 0.975 1.000 
0.018 0.995 0.215 0.975 1.000 
0.020 0.996 0.277 0.973 1.000 
0.011 0.997 0.202 0.965 1.000 
0.007 0.997 0.456 0.948 0.994 
0.016 0.996 0.170 0.980 1.000 
0.019 0.997 0.212 0.970 1.000 
0.032 0.995 0.054 0.988 1.000 
0.016 0.996 0.097 0.973 1.000 
0.020 0.995 0.088 0.985 1.000 
0.030 0.992 0.138 0.958 1.000 
0.014 0.996 0.037 0.988 1.000 
0.011 0.997 0.059 0.988 1.000 
0.018 0.995 0.145 0.958 1.000 
0.009 0.998 0.181 0.940 0.987 
0.031 0.991 0.039 0.988 1.000 
0.013 0.997 0.079 0.968 1.000 
0.029 0.994 0.062 0.973 1.000 
0.023 0.995 0.148 0.958 1.000 
0.014 0.995 0.100 0.958 1.000 
0.011 0.995 0.036 0.983 1.000 
0.015 0.996 0.147 0.973 1.000 
0.009 0.998 0.096 0.980 1.000 
0.016 0.995 0.054 0.985 1.000 
0.030 0.993 0.126 0.978 1.000 
0.031 0.993 0.236 0.953 0.997 
0.019 0.997 0.092 0.988 1.000 
0.016 0.995 0.133 0.990 1.000 
0.010 0.997 0.096 0.988 1.000 
0.025 0.993 0.136 0.968 1.000 
0.015 0.996 0.049 0.988 1.000 
0.029 0.996 0.266 0.945 0.952 
0.017 0.993 0.101 0.975 1.000 
0.021 0.995 0.066 0.985 1.000 
0.018 0.995 0.067 0.983 1.000 
0.022 0.994 0.051 0.978 1.000 
0.015 0.996 0.046 0.985 1.000 
0.022 0.995 0.147 0.953 1.000 
0.011 0.997 0.074 0.978 1.000 
0.017 0.997 0.109 0.975 1.000 
0.019 0.994 0.040 0.985 0.994 
0.017 0.993 0.049 0.980 1.000 
0.016 0.994 0.058 0.978 1.000 
0.013 0.997 0.082 0.973 1.000 
0.016 0.996 0.070 0.970 1.000 
0.014 0.996 0.072 0.978 1.000 
0.025 0.994 0.132 0.953 1.000 
0.031 0.991 0.089 0.978 1.000 
0.013 0.994 0.156 0.953 1.000 
0.013 0.996 0.178 0.970 0.994 
0.013 0.997 0.122 0.988 1.000 
0.014 0.996 0.144 0.988 1.000 
0.012 0.997 0.047 0.995 0.997 
0.010 0.996 0.125 0.985 0.990 
0.015 0.996 0.158 0.973 0.994 
0.017 0.996 0.248 0.955 0.984 
0.018 0.996 0.119 0.983 1.000 
0.021 0.993 0.101 0.975 0.984 
0.011 0.997 0.090 0.975 1.000 
0.025 0.995 0.055 0.978 1.000 
0.013 0.997 0.042 0.983 1.000 
0.013 0.997 0.143 0.955 0.987 
0.021 0.995 0.054 0.980 1.000 
0.024 0.992 0.121 0.988 1.000 
0.020 0.993 0.079 0.990 1.000 
0.027 0.995 0.077 0.973 1.000 
0.019 0.994 0.071 0.980 1.000 
0.023 0.992 0.089 0.985 1.000 
0.018 0.995 0.073 0.960 1.000 
0.012 0.996 0.089 0.975 1.000 
0.014 0.996 0.142 0.990 1.000 
0.018 0.994 0.119 0.993 1.000 
0.020 0.992 0.148 0.963 1.000 
0.012 0.997 0.090 0.988 1.000 
0.008 0.998 0.204 0.960 1.000 
0.022 0.995 0.122 0.978 1.000 
0.013 0.997 0.112 0.988 1.000 
0.011 0.996 0.097 0.963 1.000 
0.020 0.995 0.075 0.990 1.000 
0.018 0.996 0.045 0.990 1.000 
0.034 0.991 0.068 0.983 1.000 
0.019 0.994 0.038 0.983 1.000 
0.015 0.996 0.098 0.965 0.994 
0.014 0.997 0.040 0.988 1.000 
0.030 0.992 0.041 0.990 1.000 
0.012 0.996 0.061 0.978 1.000 
0.014 0.997 0.081 0.978 1.000 
0.024 0.995 0.094 0.965 0.997 
0.012 0.997 0.038 0.988 1.000 
0.017 0.994 0.107 0.978 1.000 
0.016 0.995 0.201 0.983 1.000 
0.027 0.993 0.170 0.963 1.000 
0.021 0.997 0.168 0.988 1.000 
0.008 0.997 0.220 0.978 1.000 
0.011 0.996 0.159 0.963 1.000 
0.011 0.997 0.143 0.988 1.000 
0.013 0.996 0.268 0.970 1.000 
0.014 0.997 0.097 0.990 1.000 
0.015 0.997 0.054 0.990 1.000 
0.010 0.998 0.075 0.980 1.000 
0.016 0.996 0.073 0.990 1.000 
0.035 0.992 0.095 0.978 1.000 
0.014 0.995 0.171 0.983 0.990 
0.026 0.996 0.031 0.988 1.000 
0.019 0.995 0.117 0.990 1.000 
0.017 0.997 0.191 0.990 1.000 
0.018 0.998 0.182 0.963 1.000 
0.019 0.995 0.220 0.953 1.000 
0.015 0.995 0.177 0.968 1.000 
0.019 0.995 0.178 0.965 1.000 
0.017 0.995 0.194 0.990 1.000 
0.012 0.997 0.180 0.978 1.000 
0.015 0.994 0.256 0.973 1.000 
0.018 0.996 0.198 0.950 1.000 
0.017 0.995 0.078 0.973 0.997 
0.051 0.993 0.232 0.955 1.000 
0.017 0.995 0.217 0.978 0.997 
0.015 0.996 0.156 0.983 1.000 
0.009 0.997 0.274 0.973 0.997 
0.009 0.998 0.258 0.970 1.000 
0.023 0.996 0.101 0.988 1.000 
0.021 0.993 0.116 0.985 1.000 
0.016 0.993 0.148 0.975 0.984 
0.018 0.994 0.080 0.978 0.997 
0.016 0.995 0.053 0.990 0.997 
0.012 0.996 0.150 0.955 0.974 
0.015 0.996 0.043 0.990 1.000 
0.017 0.996 0.069 0.985 1.000 
0.011 0.998 0.068 0.988 1.000 
0.016 0.996 0.100 0.988 0.997 
0.018 0.994 0.065 0.978 0.997 
0.026 0.991 0.039 0.988 1.000 
0.013 0.996 0.156 0.953 1.000 
0.018 0.995 0.025 0.985 1.000 
0.015 0.996 0.032 0.988 1.000 
0.013 0.996 0.034 0.988 0.997 
0.018 0.996 0.055 0.980 1.000 
0.012 0.996 0.044 0.985 1.000 
0.035 0.991 0.259 0.963 0.984 
0.023 0.995 0.258 0.988 0.990 
0.015 0.996 0.084 0.988 0.987 
0.014 0.996 0.167 0.985 1.000 
0.008 0.997 0.159 0.985 0.990 
0.013 0.995 0.098 0.980 1.000 
0.014 0.997 0.047 0.990 1.000 
0.022 0.994 0.188 0.983 0.971 
0.009 0.997 0.234 0.985 0.895 
0.014 0.998 0.042 0.983 1.000 
0.017 0.993 0.122 0.975 1.000 
0.016 0.995 0.083 0.980 1.000 
0.010 0.996 0.047 0.988 1.000 
0.016 0.994 0.149 0.968 0.981 
0.022 0.995 0.064 0.975 1.000 
0.014 0.996 0.128 0.985 1.000 
0.023 0.994 0.046 0.993 1.000 
0.011 0.998 0.034 0.990 1.000 
0.010 0.998 0.061 0.988 1.000 
0.016 0.996 0.074 0.975 1.000 
0.012 0.997 0.119 0.968 1.000 
0.010 0.996 0.098 0.975 1.000 
0.015 0.998 0.236 0.960 1.000 
0.008 0.997 0.177 0.990 1.000 
0.020 0.997 0.100 0.985 1.000 
0.013 0.996 0.091 0.980 0.997 
0.018 0.995 0.093 0.985 0.994 
0.020 0.997 0.084 0.983 1.000 
0.011 0.996 0.238 0.940 0.987 
0.021 0.993 0.199 0.955 0.962 
0.009 0.996 0.130 0.983 0.990 
0.026 0.993 0.158 0.968 1.000 
0.013 0.995 0.158 0.965 1.000 
0.013 0.997 0.062 0.985 1.000 
0.013 0.996 0.179 0.973 1.000 
0.005 0.997 0.206 0.985 1.000 
0.019 0.992 0.091 0.983 1.000 
0.020 0.994 0.086 0.980 1.000 
0.020 0.994 0.120 0.985 1.000 
0.023 0.995 0.081 0.993 1.000 
0.031 0.993 0.113 0.970 1.000 
0.015 0.996 0.062 0.988 1.000 
0.045 0.995 0.156 0.965 1.000 
0.012 0.995 0.159 0.988 1.000 
0.013 0.996 0.175 0.970 1.000 
0.016 0.994 0.110 0.988 1.000 
0.025 0.995 0.149 0.960 0.997 
0.012 0.995 0.119 0.983 1.000 
0.018 0.993 0.135 0.965 1.000 
0.026 0.993 0.174 0.965 1.000 
0.012 0.997 0.105 0.988 1.000 
0.020 0.995 0.075 0.985 0.990 
0.010 0.996 0.122 0.973 1.000 
0.022 0.995 0.164 0.973 0.984 
0.025 0.995 0.090 0.980 1.000 
0.012 0.997 0.107 0.963 1.000 
0.012 0.997 0.075 0.988 1.000 
0.011 0.998 0.108 0.988 1.000 
0.016 0.993 0.069 0.973 1.000 
0.008 0.998 0.078 0.980 1.000 
0.007 0.997 0.212 0.955 1.000 
0.015 0.996 0.026 0.993 1.000 
0.018 0.995 0.152 0.968 1.000 
0.013 0.996 0.185 0.988 1.000 
0.025 0.995 0.122 0.990 0.984 
0.015 0.998 0.154 0.958 0.994 
0.023 0.994 0.085 0.983 0.994 
0.024 0.992 0.196 0.960 0.949 
0.036 0.995 0.101 0.988 1.000 
0.016 0.994 0.157 0.973 0.997 
0.014 0.996 0.118 0.988 0.997 
0.015 0.994 0.188 0.988 1.000 
0.014 0.998 0.092 0.988 0.997 
0.014 0.997 0.079 0.988 1.000 
0.022 0.995 0.176 0.990 1.000 
0.019 0.995 0.186 0.968 0.930 
0.011 0.997 0.156 0.988 0.987 
0.022 0.995 0.251 0.988 1.000 
0.015 0.997 0.037 0.990 1.000 
0.022 0.994 0.035 0.980 1.000 
0.010 0.996 0.043 0.980 1.000 
0.019 0.996 0.171 0.945 0.987 
0.012 0.996 0.050 0.980 1.000 
0.012 0.997 0.052 0.988 1.000 
