0.286 0.892 0.170 0.958 0.959 
0.157 0.945 0.255 0.955 0.987 
0.144 0.949 0.108 0.968 0.969 
0.140 0.947 0.098 0.973 0.972 
0.105 0.966 0.152 0.970 0.975 
0.114 0.958 0.104 0.968 0.950 
0.086 0.974 0.187 0.965 0.997 
0.084 0.974 0.110 0.968 0.997 
0.085 0.968 0.140 0.963 0.994 
0.081 0.973 0.075 0.985 0.997 
0.081 0.973 0.084 0.983 0.966 
0.066 0.983 0.186 0.970 0.994 
0.071 0.972 0.094 0.983 1.000 
0.078 0.973 0.126 0.968 0.981 
0.070 0.971 0.127 0.975 0.994 
0.060 0.977 0.080 0.983 0.997 
0.067 0.979 0.096 0.975 1.000 
0.077 0.974 0.073 0.985 0.981 
0.066 0.979 0.097 0.978 1.000 
0.059 0.980 0.091 0.978 0.997 
0.078 0.978 0.086 0.983 1.000 
0.047 0.985 0.075 0.980 0.925 
0.063 0.982 0.103 0.983 0.984 
0.062 0.976 0.087 0.985 0.994 
0.049 0.985 0.079 0.985 1.000 
0.052 0.980 0.085 0.983 0.984 
0.058 0.979 0.103 0.968 1.000 
0.054 0.981 0.066 0.985 0.981 
0.042 0.985 0.055 0.990 0.969 
0.062 0.980 0.066 0.985 0.984 
0.065 0.980 0.065 0.985 0.978 
0.056 0.984 0.076 0.988 0.994 
0.055 0.987 0.069 0.985 0.997 
0.039 0.987 0.113 0.973 1.000 
0.049 0.986 0.051 0.990 0.856 
0.051 0.985 0.076 0.983 0.997 
0.044 0.986 0.055 0.985 0.991 
0.047 0.985 0.066 0.988 0.997 
0.056 0.984 0.068 0.988 0.962 
0.041 0.988 0.064 0.985 1.000 
0.038 0.988 0.085 0.968 0.991 
0.033 0.989 0.062 0.988 0.950 
0.064 0.981 0.127 0.978 1.000 
0.065 0.982 0.099 0.988 0.997 
0.045 0.984 0.050 0.990 0.991 
0.047 0.986 0.061 0.988 0.987 
0.039 0.989 0.089 0.983 1.000 
0.039 0.989 0.053 0.990 0.997 
0.048 0.987 0.060 0.985 0.994 
0.039 0.986 0.052 0.990 1.000 
0.042 0.987 0.060 0.990 0.966 
0.035 0.990 0.050 0.988 0.978 
0.048 0.986 0.063 0.985 0.994 
0.029 0.993 0.062 0.988 1.000 
0.046 0.980 0.053 0.988 0.966 
0.038 0.987 0.091 0.965 0.994 
0.039 0.989 0.062 0.988 0.997 
0.037 0.989 0.048 0.990 0.865 
0.034 0.990 0.048 0.990 0.072 
0.032 0.990 0.053 0.990 0.997 
0.036 0.990 0.075 0.985 0.981 
0.027 0.995 0.057 0.988 0.984 
0.029 0.990 0.044 0.993 0.981 
0.047 0.986 0.051 0.988 0.978 
0.033 0.989 0.053 0.993 0.934 
0.031 0.989 0.065 0.985 1.000 
0.030 0.990 0.048 0.993 0.818 
0.029 0.990 0.066 0.988 0.947 
0.028 0.989 0.058 0.988 1.000 
0.048 0.989 0.058 0.985 0.994 
0.042 0.990 0.050 0.993 0.928 
0.030 0.992 0.077 0.988 0.875 
0.042 0.989 0.075 0.985 0.997 
0.033 0.989 0.072 0.978 0.803 
0.046 0.986 0.061 0.988 0.962 
0.027 0.995 0.063 0.983 0.994 
0.047 0.986 0.059 0.985 1.000 
0.031 0.993 0.052 0.988 0.784 
0.040 0.988 0.067 0.990 0.987 
0.027 0.992 0.046 0.993 0.777 
0.039 0.989 0.045 0.993 0.897 
0.033 0.990 0.083 0.983 0.997 
0.033 0.989 0.045 0.993 0.831 
0.038 0.986 0.067 0.980 0.925 
0.029 0.989 0.052 0.988 0.940 
0.031 0.989 0.045 0.995 0.991 
0.025 0.993 0.044 0.993 0.997 
0.039 0.988 0.053 0.993 0.981 
0.035 0.988 0.049 0.993 0.953 
0.031 0.989 0.045 0.993 0.978 
0.035 0.990 0.069 0.985 1.000 
0.033 0.988 0.052 0.995 0.981 
0.042 0.989 0.054 0.993 0.815 
0.025 0.994 0.043 0.993 0.154 
0.037 0.989 0.040 0.993 0.950 
0.025 0.994 0.074 0.993 0.987 
0.027 0.992 0.075 0.980 0.994 
0.028 0.990 0.070 0.985 0.871 
0.043 0.989 0.056 0.990 0.978 
0.030 0.990 0.056 0.983 0.984 
0.037 0.990 0.051 0.988 0.596 
0.024 0.992 0.054 0.990 0.734 
0.049 0.987 0.047 0.993 0.994 
0.023 0.993 0.044 0.993 0.875 
0.037 0.989 0.049 0.990 0.997 
0.031 0.991 0.051 0.990 0.182 
0.032 0.992 0.051 0.990 0.981 
0.043 0.986 0.059 0.983 0.975 
0.039 0.988 0.047 0.993 0.987 
0.035 0.989 0.052 0.990 0.718 
0.024 0.993 0.045 0.993 0.574 
0.034 0.992 0.045 0.990 0.966 
0.021 0.993 0.050 0.993 0.953 
0.029 0.993 0.039 0.995 0.981 
0.033 0.989 0.065 0.978 1.000 
0.022 0.994 0.042 0.990 0.978 
0.036 0.990 0.061 0.990 0.991 
0.026 0.991 0.044 0.990 0.984 
0.045 0.990 0.045 0.993 0.978 
0.028 0.989 0.069 0.978 0.887 
0.035 0.991 0.049 0.988 0.969 
0.030 0.990 0.051 0.990 0.806 
0.028 0.993 0.046 0.990 0.972 
0.019 0.994 0.042 0.993 0.928 
0.029 0.992 0.043 0.995 0.326 
0.031 0.990 0.046 0.990 0.702 
0.028 0.990 0.064 0.980 0.981 
0.031 0.993 0.047 0.993 0.912 
0.030 0.990 0.050 0.993 0.959 
0.031 0.992 0.049 0.990 0.987 
0.020 0.992 0.051 0.990 0.777 
0.024 0.993 0.045 0.993 0.956 
0.021 0.994 0.057 0.990 0.561 
0.032 0.992 0.046 0.993 0.962 
0.030 0.989 0.086 0.990 0.981 
0.028 0.992 0.047 0.993 0.928 
0.047 0.988 0.049 0.990 0.937 
0.027 0.991 0.056 0.985 0.994 
0.036 0.986 0.059 0.988 0.981 
0.022 0.993 0.061 0.988 0.994 
0.024 0.992 0.058 0.990 0.937 
0.027 0.991 0.056 0.990 0.991 
0.027 0.995 0.049 0.990 0.978 
0.033 0.991 0.059 0.983 0.931 
0.021 0.994 0.044 0.995 0.969 
0.024 0.993 0.054 0.990 0.991 
0.024 0.992 0.044 0.993 0.997 
0.022 0.995 0.044 0.993 0.997 
0.022 0.993 0.047 0.990 0.987 
0.021 0.995 0.043 0.995 0.837 
0.026 0.993 0.045 0.993 0.997 
0.019 0.994 0.052 0.990 0.997 
0.028 0.993 0.041 0.993 0.912 
0.026 0.993 0.056 0.985 0.994 
0.033 0.990 0.047 0.990 0.984 
0.023 0.993 0.053 0.985 0.997 
0.029 0.989 0.043 0.995 0.956 
0.019 0.990 0.043 0.995 0.624 
0.025 0.995 0.043 0.993 0.953 
0.020 0.995 0.042 0.993 0.984 
0.023 0.994 0.054 0.988 0.981 
0.021 0.994 0.051 0.993 0.859 
0.010 0.996 0.074 0.993 0.630 
0.027 0.991 0.050 0.990 0.969 
0.021 0.995 0.042 0.993 0.987 
0.023 0.995 0.044 0.988 0.997 
0.036 0.992 0.050 0.983 0.994 
0.019 0.995 0.038 0.993 1.000 
0.028 0.991 0.047 0.988 1.000 
0.028 0.991 0.060 0.990 0.997 
0.016 0.996 0.043 0.993 0.991 
0.020 0.995 0.085 0.985 0.777 
0.015 0.996 0.054 0.993 0.991 
0.027 0.993 0.041 0.993 0.972 
0.026 0.990 0.047 0.993 0.934 
0.025 0.992 0.041 0.995 0.969 
0.025 0.993 0.045 0.995 0.991 
0.029 0.991 0.060 0.985 0.987 
0.024 0.993 0.048 0.993 0.984 
0.024 0.993 0.053 0.993 0.959 
0.020 0.993 0.061 0.988 0.677 
0.027 0.990 0.050 0.993 0.975 
0.023 0.995 0.053 0.988 0.972 
0.028 0.993 0.044 0.990 0.991 
0.039 0.990 0.047 0.993 0.959 
0.019 0.995 0.045 0.993 0.947 
0.029 0.992 0.044 0.995 0.994 
0.029 0.993 0.051 0.988 0.665 
0.023 0.993 0.049 0.995 0.956 
0.012 0.996 0.045 0.995 0.975 
0.028 0.992 0.044 0.993 0.897 
0.021 0.995 0.039 0.995 0.897 
0.024 0.989 0.051 0.995 0.991 
0.028 0.995 0.054 0.990 0.884 
0.013 0.996 0.076 0.980 0.994 
0.018 0.993 0.051 0.993 0.975 
0.020 0.995 0.052 0.988 1.000 
0.013 0.995 0.053 0.990 1.000 
0.016 0.994 0.054 0.993 0.997 
0.015 0.995 0.071 0.990 0.997 
0.028 0.992 0.081 0.988 0.997 
0.021 0.995 0.054 0.993 0.912 
0.016 0.996 0.055 0.988 0.991 
0.021 0.994 0.064 0.983 0.947 
0.027 0.992 0.078 0.980 0.991 
0.029 0.992 0.059 0.990 0.987 
0.022 0.994 0.047 0.990 0.994 
0.022 0.993 0.044 0.993 0.997 
0.016 0.996 0.048 0.990 0.994 
0.017 0.994 0.048 0.993 0.994 
0.012 0.996 0.046 0.993 0.953 
0.010 0.996 0.050 0.993 0.966 
0.017 0.995 0.048 0.988 0.969 
0.016 0.994 0.062 0.988 0.953 
0.021 0.993 0.043 0.993 0.991 
0.023 0.993 0.048 0.993 0.978 
0.016 0.993 0.051 0.993 0.978 
0.018 0.993 0.053 0.993 0.991 
0.019 0.995 0.052 0.993 0.972 
0.024 0.993 0.049 0.995 0.972 
0.029 0.992 0.063 0.993 0.972 
0.027 0.993 0.048 0.990 0.831 
0.023 0.994 0.041 0.995 0.984 
0.023 0.992 0.054 0.993 0.978 
0.029 0.992 0.045 0.993 0.991 
0.020 0.994 0.056 0.993 0.978 
0.017 0.995 0.054 0.990 1.000 
0.011 0.996 0.047 0.995 1.000 
0.016 0.997 0.047 0.995 0.991 
0.018 0.997 0.059 0.990 0.994 
0.026 0.992 0.049 0.993 1.000 
0.021 0.995 0.060 0.990 0.991 
0.026 0.990 0.062 0.990 1.000 
0.016 0.996 0.057 0.988 0.922 
0.017 0.995 0.067 0.993 0.969 
0.024 0.990 0.062 0.993 0.426 
0.013 0.994 0.067 0.993 0.966 
0.032 0.993 0.050 0.990 0.345 
0.032 0.989 0.047 0.993 0.674 
0.020 0.992 0.052 0.993 0.978 
0.025 0.993 0.060 0.990 0.702 
0.024 0.991 0.053 0.993 0.994 
0.022 0.991 0.075 0.985 0.956 
0.015 0.997 0.052 0.985 0.991 
0.026 0.991 0.058 0.988 0.981 
0.015 0.992 0.059 0.993 0.956 
0.032 0.992 0.048 0.993 0.991 
0.025 0.995 0.050 0.993 0.991 
0.015 0.995 0.070 0.993 0.950 
0.026 0.995 0.057 0.993 0.915 
0.027 0.992 0.056 0.993 0.950 
0.015 0.994 0.061 0.993 0.984 
0.026 0.993 0.047 0.993 0.972 
0.012 0.996 0.056 0.993 0.969 
0.012 0.996 0.078 0.983 0.997 
0.027 0.993 0.050 0.993 0.768 
0.019 0.994 0.052 0.988 0.884 
0.013 0.996 0.056 0.993 0.853 
0.023 0.992 0.051 0.985 0.859 
0.012 0.996 0.067 0.993 0.956 
0.031 0.992 0.052 0.990 0.981 
0.025 0.992 0.042 0.993 0.987 
0.017 0.994 0.043 0.993 0.987 
0.026 0.993 0.048 0.993 0.875 
0.018 0.993 0.052 0.990 0.991 
0.014 0.995 0.046 0.993 0.953 
0.018 0.994 0.057 0.990 0.959 
0.015 0.995 0.083 0.990 0.821 
0.016 0.993 0.051 0.993 0.991 
0.012 0.995 0.060 0.993 0.940 
0.011 0.996 0.051 0.993 0.972 
0.025 0.992 0.103 0.988 0.956 
0.018 0.995 0.073 0.985 0.991 
0.015 0.995 0.074 0.993 0.991 
0.028 0.996 0.071 0.990 0.972 
0.024 0.993 0.068 0.990 0.978 
0.016 0.996 0.119 0.993 0.000 
0.023 0.996 0.051 0.993 0.987 
0.014 0.995 0.065 0.995 0.577 
0.041 0.994 0.048 0.993 0.972 
0.026 0.994 0.053 0.990 0.890 
0.021 0.993 0.059 0.990 0.991 
0.018 0.995 0.050 0.990 0.978 
0.019 0.995 0.070 0.993 0.962 
0.017 0.994 0.060 0.993 0.978 
0.011 0.995 0.061 0.993 1.000 
0.019 0.993 0.061 0.993 0.997 
0.020 0.994 0.074 0.988 0.997 
0.021 0.995 0.055 0.993 0.987 
0.026 0.995 0.078 0.990 0.843 
0.012 0.995 0.076 0.995 0.975 
0.012 0.995 0.060 0.993 0.759 
0.012 0.996 0.056 0.995 0.451 
0.020 0.992 0.080 0.993 0.984 
0.024 0.992 0.047 0.993 0.887 
0.021 0.992 0.070 0.993 0.981 
0.018 0.992 0.059 0.995 0.984 
0.015 0.996 0.057 0.995 0.994 
0.021 0.995 0.048 0.995 0.962 
0.021 0.996 0.044 0.995 1.000 
0.015 0.996 0.059 0.990 0.997 
0.023 0.993 0.062 0.995 0.934 
0.017 0.995 0.052 0.993 1.000 
0.022 0.992 0.051 0.993 0.987 
0.035 0.993 0.085 0.983 1.000 
0.024 0.993 0.044 0.993 0.987 
0.026 0.993 0.043 0.995 0.984 
0.020 0.992 0.045 0.993 0.994 
0.020 0.993 0.063 0.990 0.887 
0.027 0.993 0.062 0.988 0.997 
0.032 0.988 0.052 0.990 0.853 
0.019 0.994 0.049 0.988 0.997 
0.017 0.995 0.059 0.993 0.981 
0.017 0.996 0.050 0.993 0.881 
0.021 0.993 0.053 0.993 0.646 
0.016 0.995 0.073 0.993 0.665 
0.016 0.995 0.090 0.993 0.928 
0.026 0.995 0.054 0.988 0.991 
0.036 0.993 0.064 0.990 0.994 
0.027 0.992 0.062 0.993 0.969 
0.022 0.994 0.057 0.993 0.991 
0.012 0.997 0.061 0.993 0.815 
0.021 0.993 0.060 0.993 0.978 
0.021 0.993 0.075 0.988 0.981 
0.018 0.995 0.059 0.990 0.765 
0.026 0.993 0.048 0.993 0.950 
0.013 0.996 0.045 0.993 0.950 
0.016 0.995 0.057 0.993 0.934 
0.010 0.998 0.066 0.990 0.978 
0.010 0.995 0.095 0.980 0.984 
0.015 0.996 0.061 0.990 1.000 
0.014 0.996 0.067 0.990 0.997 
0.045 0.993 0.042 0.993 0.984 
0.015 0.995 0.046 0.995 0.994 
0.011 0.998 0.055 0.993 0.959 
0.023 0.994 0.056 0.990 0.755 
0.019 0.993 0.052 0.993 0.809 
0.013 0.994 0.046 0.993 0.984 
0.018 0.993 0.055 0.993 0.969 
0.015 0.996 0.053 0.988 0.649 
0.019 0.993 0.063 0.993 0.991 
0.013 0.995 0.071 0.993 0.984 
0.037 0.994 0.042 0.995 0.881 
0.013 0.996 0.040 0.995 0.987 
0.017 0.992 0.049 0.990 0.962 
0.025 0.993 0.059 0.988 1.000 
0.019 0.993 0.048 0.990 0.994 
0.016 0.995 0.067 0.993 0.987 
0.012 0.996 0.122 0.993 0.991 
0.028 0.993 0.073 0.990 1.000 
0.015 0.996 0.064 0.995 0.997 
0.027 0.994 0.075 0.993 0.997 
0.026 0.990 0.076 0.993 0.956 
0.023 0.995 0.059 0.990 0.903 
0.020 0.993 0.068 0.988 0.962 
0.023 0.996 0.060 0.993 0.969 
0.014 0.996 0.057 0.993 0.994 
0.024 0.994 0.048 0.993 0.987 
0.011 0.993 0.067 0.993 0.962 
0.009 0.998 0.052 0.995 0.966 
0.023 0.995 0.058 0.993 0.931 
0.014 0.995 0.050 0.993 0.997 
0.017 0.993 0.052 0.993 0.984 
0.021 0.993 0.043 0.993 0.966 
0.016 0.995 0.046 0.993 1.000 
0.015 0.995 0.051 0.993 0.947 
0.014 0.996 0.051 0.993 0.875 
0.016 0.996 0.050 0.993 0.947 
0.028 0.993 0.063 0.990 0.966 
0.021 0.994 0.049 0.993 0.922 
0.014 0.995 0.053 0.990 0.950 
0.021 0.995 0.045 0.995 0.900 
0.018 0.994 0.047 0.995 0.969 
0.010 0.996 0.049 0.993 0.981 
0.012 0.996 0.061 0.993 0.987 
0.014 0.996 0.053 0.993 0.997 
0.010 0.998 0.079 0.988 0.643 
0.057 0.992 0.051 0.993 0.978 
0.013 0.996 0.091 0.993 0.605 
0.016 0.996 0.071 0.993 0.884 
0.025 0.995 0.053 0.993 0.978 
0.015 0.992 0.058 0.995 0.934 
0.009 0.996 0.075 0.993 0.956 
0.019 0.993 0.068 0.993 1.000 
0.015 0.996 0.052 0.993 0.991 
0.016 0.995 0.056 0.995 0.997 
0.017 0.993 0.075 0.993 0.549 
0.011 0.997 0.056 0.993 0.994 
0.017 0.995 0.075 0.993 0.828 
0.024 0.993 0.071 0.993 0.966 
0.011 0.995 0.081 0.993 0.997 
0.017 0.996 0.061 0.993 0.981 
0.008 0.998 0.061 0.990 0.987 
0.016 0.996 0.061 0.993 0.991 
0.013 0.996 0.064 0.990 0.994 
0.015 0.995 0.084 0.993 0.997 
0.025 0.993 0.057 0.993 0.611 
0.014 0.996 0.050 0.993 0.953 
0.017 0.993 0.073 0.990 0.915 
0.015 0.996 0.070 0.993 0.984 
0.018 0.996 0.063 0.993 0.950 
0.016 0.994 0.060 0.993 0.972 
0.016 0.996 0.064 0.993 0.890 
0.013 0.996 0.068 0.988 0.856 
0.013 0.995 0.057 0.993 0.994 
0.008 0.997 0.049 0.990 0.981 
0.005 0.999 0.077 0.993 0.918 
0.011 0.995 0.064 0.993 0.997 
0.014 0.995 0.082 0.993 0.987 
0.019 0.993 0.049 0.993 0.997 
0.017 0.994 0.054 0.993 0.991 
0.015 0.997 0.047 0.993 0.994 
0.014 0.996 0.058 0.993 1.000 
0.015 0.996 0.062 0.993 0.975 
0.014 0.996 0.054 0.993 0.991 
0.032 0.993 0.052 0.993 0.991 
0.024 0.993 0.048 0.993 0.743 
0.014 0.994 0.065 0.993 0.884 
0.007 0.996 0.056 0.995 0.984 
0.015 0.994 0.055 0.993 0.975 
0.012 0.996 0.063 0.993 0.978 
0.026 0.991 0.067 0.993 0.959 
0.012 0.995 0.119 0.993 0.994 
0.019 0.996 0.061 0.993 1.000 
0.017 0.994 0.066 0.993 0.991 
0.016 0.995 0.080 0.993 0.881 
0.008 0.998 0.098 0.990 0.969 
0.017 0.996 0.127 0.993 0.320 
0.016 0.994 0.078 0.995 0.984 
0.016 0.995 0.058 0.993 0.981 
0.026 0.994 0.056 0.993 0.984 
0.014 0.996 0.061 0.990 0.991 
0.010 0.997 0.067 0.993 0.962 
0.011 0.996 0.052 0.990 0.944 
0.015 0.996 0.065 0.993 0.984 
0.007 0.997 0.066 0.993 0.975 
0.017 0.996 0.073 0.990 0.987 
0.017 0.995 0.076 0.993 0.987 
0.014 0.995 0.085 0.993 1.000 
0.017 0.994 0.085 0.993 0.991 
0.011 0.996 0.102 0.993 0.975 
0.011 0.998 0.091 0.993 0.987 
0.019 0.994 0.100 0.990 0.984 
0.014 0.996 0.089 0.993 0.981 
0.015 0.995 0.073 0.993 0.994 
0.010 0.997 0.077 0.993 0.972 
0.014 0.994 0.075 0.988 0.994 
0.020 0.995 0.055 0.993 0.997 
0.008 0.995 0.071 0.990 0.991 
0.030 0.992 0.042 0.993 1.000 
0.099 0.995 0.151 0.993 1.000 
0.040 0.993 0.082 0.993 1.000 
0.027 0.992 0.079 0.993 1.000 
0.011 0.998 0.087 0.985 0.981 
0.010 0.998 0.077 0.993 0.997 
0.053 0.991 0.096 0.995 0.997 
0.012 0.995 0.086 0.990 0.978 
0.009 0.997 0.110 0.993 0.661 
0.008 0.997 0.096 0.993 0.978 
0.018 0.996 0.057 0.995 0.931 
0.009 0.997 0.055 0.993 1.000 
0.021 0.993 0.061 0.995 0.981 
0.023 0.997 0.049 0.993 0.994 
0.013 0.995 0.061 0.993 0.991 
0.013 0.996 0.075 0.993 1.000 
0.018 0.992 0.091 0.990 0.981 
0.020 0.994 0.082 0.988 0.984 
0.013 0.998 0.088 0.980 0.959 
0.010 0.997 0.085 0.993 0.972 
0.044 0.994 0.056 0.985 1.000 
0.012 0.995 0.049 0.993 0.991 
0.011 0.995 0.072 0.990 0.821 
0.021 0.995 0.053 0.993 0.793 
0.010 0.998 0.057 0.993 0.925 
0.031 0.993 0.043 0.993 0.718 
0.021 0.992 0.044 0.993 0.395 
0.015 0.995 0.045 0.993 0.285 
0.012 0.996 0.047 0.993 0.696 
0.012 0.996 0.074 0.985 1.000 
0.020 0.995 0.054 0.993 0.962 
0.021 0.995 0.055 0.988 0.655 
0.011 0.997 0.047 0.993 0.956 
0.007 0.998 0.078 0.985 0.991 
0.020 0.993 0.064 0.988 1.000 
0.013 0.995 0.063 0.993 0.997 
0.013 0.996 0.044 0.993 0.997 
0.025 0.992 0.049 0.990 0.994 
0.017 0.996 0.048 0.993 0.984 
0.014 0.997 0.118 0.990 0.972 
0.018 0.995 0.129 0.993 0.878 
0.023 0.995 0.079 0.993 0.981 
0.009 0.997 0.094 0.993 0.981 
0.002 1.000 0.085 0.993 0.997 
0.016 0.995 0.079 0.995 0.878 
0.019 0.995 0.119 0.993 0.944 
0.009 0.996 0.073 0.993 0.918 
0.011 0.995 0.081 0.993 0.972 
0.014 0.995 0.078 0.993 0.743 
0.009 0.997 0.080 0.995 0.959 
0.011 0.998 0.078 0.995 0.950 
0.022 0.994 0.069 0.988 0.994 
0.013 0.995 0.073 0.993 0.959 
0.010 0.996 0.119 0.993 0.966 
0.016 0.995 0.061 0.993 1.000 
0.016 0.993 0.096 0.993 0.987 
0.025 0.994 0.080 0.993 0.978 
0.007 0.998 0.100 0.993 0.975 
0.010 0.997 0.075 0.993 0.906 
0.005 0.999 0.094 0.993 0.978 
0.020 0.995 0.065 0.990 0.987 
0.016 0.996 0.044 0.993 0.997 
0.005 0.998 0.057 0.993 0.865 
0.013 0.995 0.065 0.993 0.978 
0.011 0.997 0.079 0.980 1.000 
0.027 0.989 0.039 0.993 0.962 
0.019 0.996 0.061 0.993 0.950 
0.008 0.997 0.064 0.993 0.978 
0.014 0.996 0.046 0.993 0.984 
0.026 0.993 0.043 0.995 0.947 
0.011 0.996 0.056 0.993 0.987 
0.009 0.998 0.063 0.993 0.944 
0.013 0.997 0.050 0.993 0.991 
0.014 0.996 0.050 0.993 0.987 
0.019 0.994 0.104 0.993 0.991 
0.018 0.993 0.093 0.993 0.997 
0.012 0.996 0.100 0.993 1.000 
0.020 0.995 0.120 0.993 0.997 
0.021 0.993 0.069 0.990 0.981 
0.013 0.998 0.093 0.990 0.984 
0.016 0.995 0.053 0.993 1.000 
0.009 0.997 0.062 0.993 0.997 
0.009 0.997 0.062 0.993 0.997 
0.023 0.995 0.103 0.978 1.000 
0.033 0.992 0.075 0.993 0.975 
0.012 0.996 0.087 0.990 0.991 
0.016 0.996 0.075 0.993 0.972 
0.012 0.996 0.096 0.993 0.994 
0.013 0.996 0.121 0.993 0.972 
0.018 0.995 0.094 0.980 0.966 
0.010 0.997 0.120 0.990 0.975 
0.021 0.994 0.085 0.993 0.981 
0.009 0.998 0.054 0.990 1.000 
0.011 0.997 0.078 0.990 1.000 
0.022 0.993 0.075 0.990 0.994 
0.013 0.996 0.083 0.993 0.994 
0.008 0.997 0.109 0.993 0.994 
0.018 0.994 0.047 0.990 0.997 
0.015 0.997 0.073 0.993 0.994 
0.017 0.997 0.099 0.993 0.987 
0.017 0.995 0.085 0.993 0.991 
0.007 0.998 0.079 0.993 0.994 
0.008 0.996 0.102 0.993 0.994 
0.012 0.997 0.109 0.993 0.959 
0.038 0.993 0.048 0.993 0.987 
0.016 0.995 0.055 0.993 0.994 
0.016 0.996 0.048 0.993 0.994 
0.012 0.997 0.054 0.993 0.994 
0.010 0.996 0.050 0.993 0.984 
0.016 0.996 0.051 0.993 0.994 
0.021 0.996 0.085 0.993 0.962 
0.011 0.996 0.083 0.993 0.981 
0.014 0.996 0.077 0.990 0.984 
0.009 0.998 0.068 0.993 0.994 
0.011 0.997 0.057 0.993 0.994 
0.016 0.994 0.066 0.993 0.972 
0.012 0.996 0.079 0.993 0.959 
0.005 0.999 0.117 0.988 0.962 
0.033 0.996 0.064 0.993 0.991 
0.013 0.997 0.057 0.993 0.994 
0.014 0.996 0.059 0.990 0.984 
0.012 0.996 0.081 0.993 0.972 
0.008 0.997 0.080 0.993 0.962 
0.019 0.993 0.046 0.993 0.984 
0.001 1.000 0.054 0.990 0.991 
0.026 0.993 0.083 0.988 0.966 
0.021 0.996 0.050 0.990 1.000 
0.012 0.998 0.063 0.993 0.981 
0.013 0.996 0.118 0.990 0.893 
0.013 0.996 0.091 0.990 0.984 
0.012 0.996 0.137 0.988 0.966 
0.020 0.993 0.055 0.993 0.994 
0.015 0.997 0.053 0.990 1.000 
0.014 0.995 0.069 0.993 0.997 
0.022 0.996 0.058 0.993 0.994 
0.017 0.996 0.066 0.990 1.000 
0.011 0.996 0.067 0.993 0.994 
0.009 0.996 0.124 0.990 0.997 
0.014 0.996 0.067 0.993 0.991 
0.020 0.993 0.068 0.990 0.991 
0.008 0.996 0.079 0.993 0.981 
0.015 0.995 0.071 0.993 0.975 
0.002 1.000 0.099 0.990 0.975 
0.004 0.998 0.073 0.993 0.997 
0.018 0.996 0.095 0.975 1.000 
0.016 0.996 0.087 0.975 0.978 
0.021 0.995 0.098 0.988 0.975 
0.012 0.996 0.080 0.993 0.987 
0.014 0.996 0.066 0.990 0.972 
0.006 0.998 0.156 0.988 0.915 
0.023 0.996 0.069 0.993 0.984 
0.011 0.997 0.079 0.993 0.981 
0.024 0.995 0.080 0.990 0.991 
0.009 0.998 0.123 0.990 0.991 
0.021 0.993 0.070 0.993 0.991 
0.009 0.998 0.098 0.993 0.975 
0.005 0.998 0.117 0.993 0.981 
0.016 0.995 0.108 0.993 0.969 
0.015 0.996 0.087 0.993 0.984 
0.017 0.996 0.078 0.993 0.994 
0.016 0.995 0.074 0.993 0.991 
0.018 0.995 0.075 0.993 0.994 
0.016 0.995 0.060 0.993 0.991 
0.010 0.996 0.082 0.988 0.984 
0.044 0.995 0.056 0.995 1.000 
0.015 0.996 0.069 0.990 1.000 
0.032 0.993 0.064 0.993 1.000 
0.006 0.999 0.098 0.993 0.981 
0.015 0.996 0.076 0.993 0.984 
0.012 0.997 0.082 0.993 0.991 
0.008 0.996 0.100 0.990 0.991 
0.016 0.994 0.175 0.985 0.962 
0.008 0.996 0.147 0.993 0.969 
0.033 0.994 0.049 0.993 1.000 
0.030 0.995 0.070 0.988 0.978 
0.017 0.994 0.268 0.993 0.928 
0.014 0.995 0.148 0.993 0.997 
0.008 0.998 0.181 0.990 0.997 
0.014 0.997 0.110 0.993 0.972 
0.016 0.995 0.177 0.990 0.915 
0.010 0.997 0.101 0.993 1.000 
0.011 0.997 0.100 0.993 1.000 
0.045 0.996 0.049 0.990 0.997 
0.019 0.996 0.055 0.990 0.966 
0.015 0.996 0.070 0.988 0.959 
0.016 0.996 0.050 0.990 0.984 
0.013 0.996 0.080 0.993 0.953 
0.016 0.996 0.088 0.988 0.991 
0.030 0.994 0.049 0.993 0.987 
0.019 0.995 0.039 0.990 0.997 
0.014 0.995 0.057 0.993 0.997 
0.010 0.997 0.052 0.993 0.997 
0.012 0.997 0.039 0.993 0.997 
0.015 0.994 0.061 0.993 0.975 
0.030 0.992 0.039 0.993 0.969 
0.020 0.995 0.186 0.993 0.972 
0.016 0.995 0.123 0.983 1.000 
0.098 0.995 0.041 0.990 1.000 
0.026 0.993 0.047 0.993 0.997 
0.019 0.996 0.054 0.990 0.987 
0.015 0.996 0.129 0.975 0.940 
0.016 0.995 0.100 0.988 0.994 
0.021 0.993 0.069 0.993 1.000 
0.017 0.995 0.064 0.993 0.994 
0.008 0.998 0.091 0.990 0.997 
0.014 0.996 0.152 0.993 0.975 
0.015 0.998 0.059 0.993 0.997 
0.015 0.996 0.074 0.993 0.991 
0.040 0.993 0.045 0.993 0.997 
0.010 0.996 0.054 0.993 1.000 
0.014 0.994 0.060 0.990 0.997 
0.013 0.998 0.066 0.985 1.000 
0.015 0.995 0.069 0.990 0.997 
0.009 0.998 0.084 0.993 0.997 
0.013 0.998 0.056 0.990 0.994 
0.021 0.993 0.055 0.993 0.997 
0.013 0.998 0.049 0.993 0.981 
0.017 0.995 0.052 0.993 0.987 
0.011 0.995 0.063 0.993 0.962 
0.005 0.999 0.072 0.993 0.975 
0.021 0.996 0.055 0.990 0.991 
0.017 0.993 0.052 0.993 0.997 
0.024 0.994 0.052 0.993 1.000 
0.014 0.996 0.053 0.993 0.987 
0.012 0.993 0.081 0.990 0.984 
0.014 0.997 0.058 0.993 1.000 
0.022 0.994 0.081 0.993 0.984 
0.029 0.993 0.048 0.990 1.000 
0.015 0.995 0.061 0.993 1.000 
0.010 0.998 0.170 0.988 1.000 
0.037 0.996 0.082 0.990 0.994 
0.012 0.994 0.129 0.993 0.940 
0.015 0.996 0.102 0.990 0.969 
0.013 0.995 0.137 0.990 0.806 
0.008 0.998 0.091 0.993 0.969 
0.017 0.993 0.133 0.993 0.777 
0.011 0.998 0.098 0.990 0.953 
0.014 0.995 0.104 0.990 0.950 
0.011 0.996 0.141 0.990 0.903 
0.021 0.992 0.132 0.990 0.953 
0.012 0.996 0.108 0.990 0.962 
0.011 0.995 0.137 0.990 0.871 
0.002 1.000 0.155 0.993 0.978 
0.025 0.995 0.077 0.990 0.972 
0.012 0.996 0.085 0.990 0.962 
0.014 0.996 0.087 0.993 0.978 
0.021 0.996 0.073 0.993 0.984 
0.014 0.996 0.088 0.993 0.972 
0.013 0.998 0.080 0.993 0.865 
0.005 0.998 0.081 0.990 0.978 
0.019 0.995 0.073 0.993 0.897 
0.024 0.993 0.065 0.993 0.972 
0.007 0.996 0.082 0.993 0.931 
0.007 0.996 0.072 0.993 0.997 
0.011 0.996 0.086 0.990 0.994 
0.030 0.993 0.044 0.993 0.991 
0.023 0.992 0.061 0.993 0.991 
0.008 0.998 0.090 0.988 0.994 
0.016 0.995 0.072 0.990 0.991 
0.017 0.996 0.087 0.993 1.000 
0.024 0.993 0.084 0.993 0.994 
0.010 0.998 0.091 0.993 1.000 
0.011 0.996 0.099 0.993 0.991 
0.011 0.997 0.092 0.990 0.994 
0.013 0.997 0.068 0.988 0.984 
0.015 0.995 0.065 0.993 1.000 
0.006 0.997 0.063 0.993 1.000 
0.010 0.996 0.111 0.993 0.987 
0.015 0.995 0.103 0.993 1.000 
0.024 0.993 0.064 0.990 1.000 
0.005 0.999 0.075 0.993 1.000 
0.044 0.996 0.043 0.993 0.997 
0.021 0.994 0.053 0.993 1.000 
0.018 0.996 0.055 0.993 1.000 
0.010 0.997 0.076 0.985 0.997 
0.011 0.996 0.094 0.993 0.959 
0.011 0.996 0.078 0.988 0.975 
0.009 0.998 0.087 0.993 0.984 
0.013 0.996 0.099 0.988 0.981 
0.005 0.998 0.119 0.993 0.969 
0.007 0.998 0.117 0.993 0.991 
0.020 0.994 0.092 0.985 0.997 
0.009 0.997 0.077 0.993 1.000 
0.014 0.995 0.083 0.993 0.997 
0.017 0.995 0.103 0.993 0.994 
0.011 0.995 0.088 0.993 0.994 
0.009 0.998 0.077 0.993 0.994 
0.012 0.996 0.067 0.993 1.000 
0.017 0.996 0.084 0.990 0.991 
0.010 0.997 0.092 0.993 0.991 
0.013 0.996 0.085 0.993 0.997 
0.015 0.998 0.062 0.993 0.997 
0.016 0.994 0.057 0.993 1.000 
0.012 0.997 0.179 0.993 0.859 
0.022 0.994 0.123 0.993 0.994 
0.014 0.995 0.186 0.993 0.984 
0.014 0.996 0.128 0.983 0.994 
0.020 0.994 0.115 0.993 0.984 
0.010 0.997 0.107 0.993 0.956 
0.013 0.997 0.066 0.993 0.984 
0.011 0.996 0.099 0.993 0.991 
0.010 0.999 0.101 0.993 0.859 
0.011 0.995 0.125 0.993 1.000 
0.016 0.995 0.137 0.988 0.984 
0.003 0.999 0.138 0.993 0.987 
0.008 0.998 0.065 0.993 0.981 
0.015 0.996 0.147 0.993 0.987 
0.011 0.995 0.241 0.993 0.972 
0.029 0.995 0.164 0.993 0.467 
0.006 0.998 0.097 0.993 0.953 
0.010 0.997 0.179 0.993 0.843 
0.007 0.998 0.130 0.993 0.953 
0.046 0.990 0.083 0.990 0.984 
0.027 0.996 0.101 0.993 0.975 
0.012 0.996 0.126 0.993 0.994 
0.014 0.994 0.108 0.993 0.991 
0.013 0.997 0.055 0.993 0.975 
0.015 0.993 0.107 0.993 0.987 
0.012 0.995 0.220 0.993 0.934 
0.017 0.997 0.109 0.993 0.966 
0.006 0.999 0.111 0.993 0.975 
0.020 0.997 0.111 0.990 0.909 
0.017 0.995 0.143 0.990 0.721 
0.019 0.990 0.113 0.993 0.972 
0.013 0.995 0.079 0.993 0.978 
0.013 0.995 0.145 0.993 0.909 
0.010 0.997 0.099 0.993 0.922 
0.019 0.994 0.111 0.993 0.969 
0.010 0.996 0.184 0.993 0.803 
0.035 0.992 0.159 0.990 0.994 
0.010 0.997 0.179 0.988 0.953 
0.029 0.993 0.087 0.988 0.981 
0.012 0.998 0.093 0.990 0.975 
0.021 0.995 0.135 0.988 0.997 
0.009 0.996 0.152 0.990 0.991 
0.004 0.999 0.317 0.990 0.875 
0.018 0.994 0.151 0.993 0.984 
0.016 0.995 0.124 0.993 0.981 
0.008 0.997 0.165 0.993 0.994 
0.010 0.996 0.204 0.993 0.987 
0.008 0.997 0.197 0.993 0.997 
0.004 0.999 0.236 0.993 1.000 
0.020 0.993 0.190 0.988 0.997 
0.043 0.993 0.214 0.990 0.940 
0.035 0.994 0.100 0.993 1.000 
0.020 0.996 0.072 0.993 1.000 
0.013 0.996 0.090 0.993 0.997 
0.011 0.995 0.145 0.988 0.994 
0.014 0.996 0.134 0.993 0.975 
0.008 0.997 0.160 0.993 0.966 
0.011 0.997 0.165 0.993 0.969 
0.054 0.990 0.065 0.990 0.991 
0.015 0.996 0.076 0.993 0.994 
0.012 0.996 0.238 0.993 0.953 
0.007 0.998 0.080 0.990 1.000 
0.020 0.993 0.066 0.993 1.000 
0.003 1.000 0.092 0.993 1.000 
0.011 0.997 0.107 0.988 0.947 
0.014 0.996 0.101 0.990 0.984 
0.010 0.998 0.164 0.980 1.000 
0.054 0.992 0.328 0.988 0.997 
0.013 0.995 0.089 0.993 0.987 
0.015 0.995 0.114 0.993 0.975 
0.021 0.996 0.037 0.993 0.994 
0.016 0.995 0.104 0.993 0.991 
0.009 0.998 0.103 0.990 0.987 
0.008 0.998 0.082 0.993 0.994 
0.016 0.996 0.086 0.993 1.000 
0.011 0.995 0.085 0.993 0.981 
0.006 0.999 0.098 0.993 1.000 
0.020 0.993 0.072 0.993 1.000 
0.014 0.996 0.134 0.993 0.991 
0.008 0.997 0.106 0.993 0.991 
0.026 0.995 0.111 0.973 0.978 
0.009 0.996 0.109 0.993 0.984 
0.014 0.996 0.116 0.988 0.947 
0.019 0.995 0.064 0.993 0.991 
0.014 0.996 0.092 0.993 0.991 
0.009 0.996 0.101 0.993 0.953 
0.009 0.997 0.140 0.993 0.476 
0.019 0.995 0.079 0.990 0.978 
0.007 0.997 0.089 0.993 0.991 
0.019 0.994 0.112 0.993 0.934 
0.021 0.997 0.053 0.993 0.950 
0.008 0.996 0.066 0.993 0.940 
0.006 0.999 0.063 0.993 0.987 
0.016 0.996 0.062 0.990 0.790 
0.010 0.998 0.059 0.993 0.987 
0.011 0.995 0.067 0.993 0.991 
0.016 0.995 0.084 0.993 0.991 
0.010 0.996 0.062 0.993 0.994 
0.026 0.993 0.098 0.990 0.994 
0.013 0.996 0.120 0.988 1.000 
0.014 0.996 0.099 0.993 1.000 
0.017 0.994 0.076 0.990 1.000 
0.030 0.992 0.070 0.993 0.984 
0.008 0.998 0.142 0.990 0.897 
0.009 0.995 0.109 0.993 0.966 
0.016 0.996 0.066 0.993 0.997 
0.012 0.996 0.123 0.990 0.981 
0.005 0.999 0.123 0.993 0.903 
0.013 0.995 0.142 0.993 0.639 
0.007 0.998 0.135 0.993 0.940 
0.027 0.993 0.160 0.990 0.981 
0.028 0.992 0.170 0.990 0.997 
0.035 0.993 0.158 0.993 0.975 
0.013 0.997 0.125 0.990 0.997 
0.008 0.996 0.122 0.993 0.997 
0.025 0.993 0.060 0.988 1.000 
0.009 0.997 0.103 0.990 0.994 
0.021 0.992 0.094 0.993 1.000 
0.009 0.998 0.123 0.990 0.997 
0.010 0.996 0.105 0.993 0.997 
0.011 0.996 0.135 0.990 0.997 
0.010 0.996 0.135 0.993 0.997 
0.011 0.998 0.096 0.993 0.997 
0.030 0.993 0.070 0.990 0.997 
0.032 0.994 0.101 0.990 0.981 
0.030 0.994 0.049 0.993 0.991 
0.016 0.996 0.053 0.993 0.994 
0.010 0.996 0.057 0.993 0.981 
0.006 0.998 0.068 0.993 0.991 
0.033 0.996 0.049 0.993 0.981 
0.019 0.993 0.067 0.993 0.997 
0.011 0.997 0.060 0.993 0.987 
0.004 0.998 0.090 0.993 0.674 
0.007 0.998 0.085 0.993 0.978 
0.010 0.996 0.125 0.993 0.966 
0.015 0.998 0.077 0.990 0.987 
0.013 0.997 0.095 0.993 0.956 
0.026 0.994 0.092 0.993 0.975 
0.012 0.997 0.096 0.988 0.962 
0.011 0.997 0.076 0.993 0.994 
0.019 0.994 0.096 0.990 1.000 
0.018 0.993 0.078 0.990 1.000 
0.043 0.991 0.106 0.990 0.975 
0.024 0.993 0.064 0.993 1.000 
0.007 0.996 0.108 0.993 0.994 
0.017 0.995 0.087 0.993 0.997 
0.005 0.998 0.103 0.993 0.978 
0.013 0.995 0.098 0.993 0.997 
0.005 0.998 0.113 0.993 0.991 
0.015 0.996 0.065 0.993 0.994 
0.017 0.996 0.096 0.985 0.997 
0.063 0.991 0.102 0.993 0.987 
0.016 0.993 0.112 0.993 0.928 
0.007 0.997 0.184 0.993 0.473 
0.007 0.996 0.158 0.993 0.313 
0.020 0.997 0.095 0.990 0.959 
0.011 0.996 0.095 0.988 0.994 
0.022 0.993 0.123 0.990 0.837 
0.011 0.998 0.068 0.993 0.994 
0.014 0.996 0.132 0.993 0.201 
0.006 0.999 0.158 0.993 0.661 
0.013 0.996 0.094 0.993 0.975 
0.011 0.996 0.070 0.993 1.000 
0.008 0.998 0.098 0.990 0.978 
0.012 0.997 0.118 0.993 0.771 
0.011 0.995 0.117 0.993 0.981 
0.002 0.999 0.134 0.993 0.987 
0.026 0.991 0.129 0.993 0.232 
0.029 0.992 0.070 0.993 0.972 
0.006 0.997 0.093 0.993 0.812 
0.026 0.993 0.056 0.993 0.947 
0.012 0.994 0.081 0.993 0.687 
0.012 0.995 0.057 0.993 0.975 
0.014 0.996 0.086 0.993 0.395 
0.017 0.993 0.076 0.993 0.793 
0.012 0.997 0.060 0.993 0.984 
0.007 0.998 0.083 0.993 0.950 
0.004 0.999 0.128 0.988 0.235 
0.019 0.996 0.042 0.993 1.000 
0.012 0.996 0.117 0.988 1.000 
0.017 0.998 0.073 0.990 1.000 
0.012 0.995 0.087 0.990 0.997 
0.021 0.994 0.091 0.983 0.994 
0.018 0.996 0.085 0.993 0.994 
0.015 0.994 0.067 0.990 0.765 
0.012 0.996 0.062 0.993 0.915 
0.009 0.997 0.109 0.993 0.288 
0.008 0.998 0.129 0.993 0.185 
0.010 0.997 0.105 0.993 0.906 
0.017 0.993 0.086 0.988 0.853 
0.009 0.996 0.098 0.993 0.984 
0.013 0.994 0.112 0.993 0.972 
0.017 0.995 0.087 0.993 0.991 
0.004 0.998 0.115 0.993 0.975 
0.026 0.994 0.102 0.993 1.000 
0.007 0.998 0.109 0.988 1.000 
0.008 0.998 0.378 0.993 0.966 
0.063 0.993 0.115 0.990 1.000 
0.014 0.995 0.063 0.993 1.000 
0.003 0.999 0.074 0.993 0.997 
0.009 0.997 0.094 0.990 0.991 
0.012 0.996 0.082 0.993 0.975 
0.016 0.993 0.098 0.993 0.984 
0.012 0.996 0.087 0.990 0.975 
0.008 0.998 0.093 0.993 0.978 
0.009 0.998 0.067 0.990 1.000 
0.014 0.995 0.075 0.993 0.991 
0.017 0.996 0.120 0.990 0.994 
0.006 0.998 0.281 0.993 0.981 
0.060 0.996 0.108 0.990 0.922 
0.029 0.990 0.079 0.993 0.981 
0.014 0.996 0.102 0.993 0.987 
0.012 0.996 0.128 0.990 0.984 
0.013 0.995 0.111 0.993 0.984 
0.006 0.998 0.181 0.993 0.464 
0.011 0.996 0.126 0.993 0.969 
0.013 0.996 0.186 0.993 0.966 
0.007 0.998 0.114 0.993 0.987 
0.010 0.996 0.154 0.993 0.962 
0.007 0.998 0.158 0.993 0.978 
0.008 0.997 0.160 0.993 0.972 
0.011 0.995 0.153 0.993 0.984 
0.012 0.996 0.161 0.993 0.969 
0.009 0.998 0.197 0.983 1.000 
0.024 0.995 0.104 0.993 0.972 
0.032 0.998 0.168 0.988 1.000 
0.014 0.996 0.077 0.993 0.997 
0.012 0.996 0.080 0.985 0.991 
0.019 0.997 0.056 0.990 0.997 
0.014 0.994 0.096 0.993 0.997 
0.027 0.995 0.099 0.988 0.991 
0.017 0.995 0.060 0.988 1.000 
0.032 0.996 0.051 0.993 0.997 
0.005 0.999 0.058 0.990 0.981 
0.028 0.994 0.058 0.990 0.868 
0.014 0.996 0.064 0.980 0.966 
0.024 0.995 0.055 0.993 0.110 
0.008 0.998 0.042 0.993 0.950 
0.006 0.998 0.063 0.993 0.887 
0.009 0.996 0.078 0.993 0.157 
0.005 0.998 0.078 0.993 0.699 
0.043 0.994 0.041 0.993 0.834 
0.020 0.995 0.041 0.990 0.972 
0.014 0.998 0.049 0.993 0.828 
0.009 0.997 0.060 0.985 0.997 
0.012 0.998 0.060 0.988 0.994 
0.010 0.995 0.057 0.993 0.975 
0.004 0.998 0.094 0.990 0.762 
0.029 0.994 0.059 0.993 0.928 
0.016 0.998 0.061 0.993 0.831 
0.017 0.996 0.062 0.980 0.991 
0.008 0.997 0.064 0.993 0.978 
0.018 0.992 0.052 0.993 0.966 
0.008 0.998 0.056 0.993 0.987 
0.024 0.993 0.047 0.993 1.000 
0.027 0.996 0.052 0.993 0.969 
0.013 0.996 0.052 0.993 1.000 
0.010 0.997 0.065 0.993 0.987 
