0.335 0.865 0.236 0.900 0.028 
0.238 0.922 0.159 0.968 0.196 
0.218 0.919 0.200 0.960 0.472 
0.180 0.935 0.176 0.970 0.525 
0.170 0.937 0.120 0.965 0.469 
0.182 0.942 0.171 0.968 0.429 
0.152 0.945 0.316 0.955 0.842 
0.161 0.944 0.115 0.973 0.711 
0.150 0.948 0.119 0.960 0.345 
0.140 0.949 0.110 0.975 0.646 
0.147 0.950 0.173 0.973 0.839 
0.136 0.947 0.115 0.975 0.764 
0.121 0.963 0.123 0.963 0.621 
0.134 0.955 0.152 0.958 0.720 
0.126 0.957 0.131 0.963 0.727 
0.118 0.961 0.154 0.945 0.708 
0.115 0.958 0.148 0.960 0.798 
0.110 0.963 0.098 0.975 0.671 
0.110 0.964 0.105 0.973 0.665 
0.108 0.961 0.084 0.978 0.736 
0.110 0.959 0.093 0.975 0.720 
0.119 0.958 0.111 0.975 0.739 
0.099 0.970 0.185 0.965 0.795 
0.119 0.961 0.177 0.970 0.730 
0.102 0.968 0.123 0.975 0.748 
0.119 0.962 0.131 0.960 0.817 
0.111 0.963 0.086 0.980 0.842 
0.099 0.970 0.094 0.968 0.786 
0.101 0.967 0.124 0.963 0.674 
0.114 0.968 0.100 0.963 0.730 
0.106 0.965 0.102 0.970 0.755 
0.108 0.965 0.160 0.968 0.922 
0.094 0.968 0.168 0.973 0.910 
0.095 0.972 0.202 0.978 0.870 
0.103 0.968 0.086 0.980 0.835 
0.097 0.970 0.129 0.955 0.783 
0.105 0.968 0.111 0.970 0.863 
0.091 0.970 0.156 0.958 0.832 
0.109 0.967 0.137 0.968 0.842 
0.101 0.967 0.267 0.963 0.891 
0.089 0.970 0.168 0.968 0.873 
0.080 0.973 0.102 0.970 0.767 
0.106 0.967 0.273 0.958 0.879 
0.084 0.974 0.147 0.965 0.857 
0.093 0.970 0.094 0.980 0.832 
0.089 0.974 0.114 0.980 0.888 
0.088 0.971 0.105 0.975 0.842 
0.088 0.971 0.108 0.980 0.913 
0.071 0.976 0.088 0.980 0.767 
0.092 0.967 0.090 0.978 0.851 
0.091 0.970 0.108 0.973 0.839 
0.091 0.971 0.082 0.980 0.866 
0.092 0.972 0.099 0.975 0.795 
0.077 0.976 0.127 0.973 0.891 
0.096 0.970 0.085 0.978 0.870 
0.079 0.975 0.097 0.978 0.913 
0.092 0.971 0.075 0.973 0.854 
0.098 0.969 0.103 0.970 0.888 
0.078 0.974 0.101 0.980 0.770 
0.078 0.976 0.087 0.970 0.876 
0.081 0.977 0.064 0.975 0.851 
0.077 0.973 0.092 0.983 0.873 
0.076 0.975 0.094 0.985 0.938 
0.088 0.969 0.088 0.970 0.798 
0.085 0.971 0.091 0.983 0.857 
0.085 0.974 0.112 0.975 0.885 
0.091 0.971 0.115 0.983 0.866 
0.081 0.979 0.124 0.983 0.950 
0.077 0.974 0.076 0.975 0.845 
0.065 0.982 0.100 0.978 0.935 
0.087 0.975 0.108 0.970 0.857 
0.079 0.975 0.098 0.978 0.919 
0.072 0.977 0.080 0.975 0.873 
0.079 0.972 0.117 0.970 0.904 
0.071 0.982 0.094 0.988 0.901 
0.071 0.978 0.227 0.958 0.932 
0.075 0.979 0.119 0.965 0.807 
0.075 0.980 0.101 0.988 0.910 
0.070 0.980 0.102 0.973 0.882 
0.070 0.982 0.087 0.983 0.876 
0.076 0.976 0.115 0.968 0.876 
0.071 0.980 0.080 0.980 0.910 
0.066 0.980 0.099 0.973 0.863 
0.072 0.982 0.090 0.978 0.885 
0.078 0.976 0.092 0.970 0.857 
0.069 0.977 0.102 0.970 0.866 
0.080 0.974 0.120 0.985 0.904 
0.072 0.980 0.083 0.973 0.904 
0.067 0.982 0.092 0.973 0.851 
0.081 0.975 0.106 0.968 0.891 
0.057 0.982 0.091 0.978 0.857 
0.079 0.977 0.097 0.973 0.882 
0.063 0.983 0.095 0.980 0.938 
0.054 0.986 0.102 0.978 0.894 
0.080 0.976 0.111 0.983 0.913 
0.062 0.981 0.074 0.980 0.882 
0.059 0.980 0.105 0.963 0.839 
0.063 0.979 0.098 0.985 0.925 
0.070 0.974 0.111 0.975 0.910 
0.072 0.982 0.129 0.980 0.944 
0.064 0.982 0.120 0.973 0.885 
0.074 0.974 0.120 0.975 0.913 
0.067 0.982 0.126 0.978 0.904 
0.070 0.979 0.102 0.973 0.860 
0.060 0.981 0.129 0.968 0.904 
0.053 0.981 0.095 0.978 0.916 
0.057 0.981 0.093 0.965 0.851 
0.064 0.982 0.135 0.970 0.904 
0.068 0.977 0.101 0.960 0.888 
0.067 0.979 0.117 0.985 0.950 
0.066 0.978 0.086 0.980 0.910 
0.061 0.980 0.106 0.970 0.854 
0.047 0.989 0.087 0.985 0.922 
0.076 0.975 0.105 0.975 0.925 
0.064 0.977 0.119 0.970 0.938 
0.051 0.985 0.125 0.970 0.845 
0.055 0.980 0.104 0.975 0.904 
0.060 0.980 0.110 0.978 0.935 
0.068 0.982 0.096 0.973 0.916 
0.039 0.990 0.082 0.978 0.845 
0.062 0.980 0.112 0.983 0.925 
0.063 0.976 0.097 0.973 0.882 
0.051 0.985 0.100 0.973 0.876 
0.055 0.985 0.133 0.983 0.919 
0.045 0.988 0.101 0.980 0.925 
0.065 0.974 0.084 0.980 0.894 
0.065 0.978 0.085 0.983 0.879 
0.055 0.986 0.108 0.975 0.894 
0.054 0.982 0.077 0.970 0.863 
0.055 0.985 0.115 0.985 0.925 
0.060 0.983 0.116 0.973 0.894 
0.061 0.979 0.084 0.980 0.891 
0.060 0.982 0.079 0.983 0.888 
0.058 0.981 0.087 0.985 0.925 
0.049 0.986 0.067 0.990 0.885 
0.045 0.986 0.113 0.988 0.947 
0.064 0.984 0.091 0.975 0.857 
0.055 0.985 0.093 0.980 0.913 
0.045 0.984 0.071 0.983 0.885 
0.052 0.985 0.099 0.978 0.904 
0.055 0.983 0.097 0.978 0.922 
0.052 0.985 0.101 0.980 0.913 
0.060 0.979 0.153 0.968 0.894 
0.054 0.981 0.090 0.973 0.891 
0.051 0.985 0.091 0.978 0.866 
0.047 0.984 0.132 0.963 0.848 
0.050 0.986 0.101 0.983 0.866 
0.057 0.979 0.113 0.978 0.898 
0.055 0.985 0.070 0.985 0.898 
0.060 0.983 0.104 0.985 0.907 
0.053 0.984 0.103 0.980 0.904 
0.046 0.987 0.100 0.985 0.910 
0.054 0.982 0.087 0.970 0.739 
0.058 0.980 0.117 0.983 0.885 
0.057 0.982 0.101 0.980 0.885 
0.048 0.986 0.196 0.965 0.811 
0.059 0.983 0.120 0.973 0.798 
0.040 0.988 0.148 0.973 0.848 
0.056 0.979 0.143 0.983 0.919 
0.054 0.983 0.133 0.975 0.845 
0.050 0.982 0.142 0.978 0.894 
0.034 0.989 0.136 0.980 0.910 
0.059 0.983 0.082 0.980 0.863 
0.059 0.979 0.083 0.983 0.876 
0.054 0.983 0.110 0.983 0.953 
0.047 0.986 0.140 0.978 0.938 
0.049 0.984 0.134 0.980 0.885 
0.050 0.984 0.120 0.980 0.873 
0.049 0.986 0.185 0.975 0.845 
0.054 0.986 0.157 0.978 0.891 
0.037 0.990 0.213 0.980 0.935 
0.043 0.986 0.233 0.980 0.894 
0.057 0.986 0.095 0.983 0.935 
0.046 0.986 0.097 0.983 0.901 
0.049 0.985 0.136 0.983 0.891 
0.050 0.985 0.159 0.978 0.901 
0.047 0.986 0.140 0.980 0.932 
0.041 0.986 0.099 0.980 0.932 
0.048 0.985 0.072 0.983 0.925 
0.055 0.988 0.149 0.975 0.866 
0.053 0.986 0.067 0.983 0.857 
0.053 0.983 0.098 0.973 0.913 
0.037 0.988 0.134 0.963 0.854 
0.043 0.988 0.105 0.968 0.882 
0.046 0.986 0.089 0.983 0.894 
0.045 0.984 0.143 0.978 0.873 
0.050 0.984 0.152 0.983 0.947 
0.051 0.986 0.155 0.978 0.941 
0.059 0.982 0.112 0.973 0.857 
0.053 0.982 0.099 0.975 0.879 
0.044 0.987 0.116 0.973 0.873 
0.047 0.986 0.158 0.983 0.916 
0.057 0.980 0.113 0.980 0.851 
0.050 0.984 0.173 0.955 0.873 
0.033 0.990 0.144 0.983 0.916 
0.054 0.979 0.149 0.978 0.888 
0.053 0.986 0.110 0.983 0.882 
0.055 0.986 0.105 0.985 0.904 
0.049 0.987 0.151 0.970 0.870 
0.041 0.986 0.154 0.985 0.907 
0.044 0.986 0.181 0.975 0.904 
0.056 0.985 0.172 0.985 0.916 
0.051 0.984 0.156 0.970 0.842 
0.054 0.983 0.145 0.985 0.898 
0.053 0.985 0.142 0.978 0.898 
0.055 0.983 0.151 0.980 0.916 
0.045 0.985 0.128 0.975 0.870 
0.054 0.985 0.169 0.973 0.907 
0.042 0.987 0.165 0.978 0.932 
0.049 0.984 0.089 0.985 0.885 
0.042 0.986 0.135 0.983 0.919 
0.052 0.982 0.127 0.980 0.832 
0.041 0.991 0.211 0.980 0.963 
0.039 0.989 0.208 0.983 0.916 
0.038 0.985 0.194 0.965 0.811 
0.044 0.986 0.171 0.983 0.910 
0.051 0.982 0.138 0.980 0.866 
0.044 0.985 0.170 0.985 0.904 
0.043 0.986 0.137 0.983 0.938 
0.048 0.983 0.230 0.973 0.888 
0.050 0.986 0.098 0.978 0.904 
0.055 0.982 0.217 0.978 0.938 
0.044 0.988 0.141 0.983 0.888 
0.036 0.986 0.101 0.978 0.901 
0.051 0.986 0.161 0.968 0.860 
0.042 0.987 0.146 0.985 0.882 
0.046 0.986 0.163 0.975 0.885 
0.048 0.985 0.181 0.980 0.913 
0.048 0.985 0.080 0.983 0.854 
0.055 0.982 0.185 0.983 0.857 
0.037 0.987 0.156 0.978 0.904 
0.051 0.983 0.184 0.985 0.898 
0.043 0.989 0.232 0.983 0.919 
0.044 0.984 0.214 0.978 0.866 
0.041 0.989 0.199 0.983 0.907 
0.050 0.986 0.224 0.983 0.885 
0.048 0.983 0.208 0.978 0.857 
0.059 0.983 0.211 0.978 0.938 
0.033 0.986 0.181 0.985 0.913 
0.040 0.987 0.145 0.985 0.873 
0.039 0.990 0.280 0.983 0.870 
0.054 0.983 0.116 0.985 0.866 
0.048 0.986 0.120 0.990 0.882 
0.044 0.986 0.084 0.983 0.913 
0.046 0.988 0.196 0.980 0.950 
0.048 0.987 0.232 0.985 0.873 
0.040 0.990 0.092 0.988 0.888 
0.043 0.985 0.198 0.980 0.904 
0.035 0.990 0.265 0.980 0.882 
0.046 0.986 0.154 0.978 0.870 
0.035 0.988 0.223 0.983 0.919 
0.043 0.985 0.327 0.978 0.898 
0.038 0.987 0.217 0.980 0.913 
0.035 0.988 0.231 0.980 0.916 
0.033 0.992 0.198 0.985 0.929 
0.037 0.989 0.171 0.980 0.876 
0.048 0.987 0.173 0.983 0.866 
0.038 0.988 0.140 0.983 0.873 
0.043 0.986 0.168 0.983 0.907 
0.044 0.987 0.203 0.975 0.901 
0.034 0.991 0.145 0.985 0.842 
0.053 0.983 0.156 0.983 0.941 
0.035 0.989 0.151 0.985 0.882 
0.039 0.985 0.144 0.983 0.935 
0.052 0.983 0.165 0.970 0.898 
0.046 0.985 0.152 0.983 0.913 
0.034 0.987 0.240 0.980 0.953 
0.037 0.988 0.190 0.978 0.885 
0.050 0.986 0.138 0.985 0.925 
0.044 0.988 0.131 0.985 0.929 
0.044 0.988 0.168 0.980 0.876 
0.045 0.985 0.157 0.980 0.913 
0.037 0.990 0.209 0.980 0.910 
0.040 0.987 0.173 0.978 0.870 
0.040 0.988 0.234 0.983 0.904 
0.040 0.989 0.252 0.985 0.882 
0.031 0.993 0.246 0.978 0.916 
0.044 0.984 0.237 0.988 0.876 
0.050 0.985 0.302 0.988 0.873 
0.038 0.988 0.296 0.985 0.885 
0.037 0.990 0.290 0.980 0.879 
0.042 0.987 0.309 0.980 0.898 
0.046 0.986 0.231 0.978 0.876 
0.046 0.986 0.252 0.970 0.882 
0.037 0.991 0.234 0.985 0.907 
0.047 0.987 0.138 0.980 0.919 
0.031 0.992 0.160 0.985 0.842 
0.035 0.988 0.211 0.980 0.913 
0.041 0.985 0.200 0.980 0.888 
0.040 0.986 0.286 0.980 0.857 
0.031 0.990 0.221 0.980 0.953 
0.035 0.988 0.183 0.978 0.935 
0.041 0.989 0.124 0.978 0.888 
0.039 0.985 0.167 0.983 0.885 
0.042 0.984 0.157 0.983 0.913 
0.046 0.986 0.173 0.960 0.839 
0.042 0.988 0.136 0.980 0.876 
0.029 0.991 0.173 0.978 0.925 
0.049 0.988 0.174 0.978 0.925 
0.036 0.988 0.151 0.980 0.898 
0.040 0.987 0.126 0.975 0.929 
0.036 0.989 0.116 0.983 0.891 
0.028 0.992 0.200 0.983 0.907 
0.040 0.988 0.141 0.978 0.857 
0.044 0.982 0.245 0.978 0.851 
0.037 0.988 0.205 0.983 0.882 
0.035 0.990 0.265 0.980 0.913 
0.035 0.989 0.178 0.978 0.907 
0.034 0.990 0.208 0.983 0.894 
0.042 0.986 0.169 0.975 0.761 
0.027 0.992 0.241 0.983 0.888 
0.030 0.992 0.168 0.983 0.848 
0.031 0.991 0.180 0.978 0.814 
0.045 0.988 0.264 0.983 0.891 
0.040 0.989 0.190 0.983 0.891 
0.040 0.990 0.175 0.980 0.882 
0.033 0.988 0.162 0.980 0.888 
0.036 0.989 0.200 0.985 0.941 
0.031 0.991 0.201 0.978 0.932 
0.035 0.989 0.173 0.983 0.891 
0.023 0.989 0.246 0.988 0.904 
0.046 0.986 0.178 0.988 0.901 
0.032 0.989 0.188 0.980 0.870 
0.043 0.986 0.321 0.983 0.904 
0.037 0.988 0.233 0.980 0.941 
0.036 0.986 0.148 0.983 0.947 
0.033 0.987 0.171 0.985 0.916 
0.039 0.990 0.129 0.983 0.910 
0.042 0.987 0.164 0.983 0.898 
0.033 0.987 0.206 0.980 0.882 
0.027 0.993 0.262 0.985 0.944 
0.042 0.987 0.203 0.983 0.898 
0.030 0.987 0.149 0.983 0.941 
0.045 0.986 0.175 0.988 0.904 
0.032 0.988 0.180 0.988 0.907 
0.046 0.989 0.173 0.990 0.842 
0.042 0.988 0.258 0.983 0.907 
0.034 0.988 0.093 0.978 0.925 
0.028 0.993 0.172 0.980 0.919 
0.044 0.986 0.186 0.978 0.891 
0.038 0.989 0.186 0.980 0.925 
0.029 0.988 0.196 0.978 0.919 
0.021 0.995 0.234 0.985 0.901 
0.032 0.989 0.191 0.988 0.922 
0.028 0.990 0.142 0.988 0.795 
0.042 0.990 0.158 0.983 0.876 
0.048 0.986 0.200 0.983 0.891 
0.030 0.989 0.176 0.985 0.901 
0.036 0.989 0.362 0.980 0.910 
0.033 0.992 0.223 0.980 0.851 
0.037 0.988 0.127 0.983 0.885 
0.024 0.992 0.192 0.983 0.885 
0.034 0.986 0.211 0.985 0.919 
0.043 0.986 0.237 0.983 0.922 
0.036 0.990 0.273 0.980 0.866 
0.025 0.992 0.324 0.983 0.913 
0.030 0.990 0.274 0.983 0.929 
0.040 0.986 0.314 0.983 0.901 
0.038 0.990 0.254 0.988 0.901 
0.055 0.983 0.193 0.988 0.919 
0.041 0.986 0.230 0.980 0.894 
0.039 0.988 0.158 0.980 0.888 
0.034 0.990 0.181 0.990 0.888 
0.048 0.988 0.171 0.988 0.882 
0.033 0.989 0.261 0.985 0.795 
0.041 0.988 0.120 0.983 0.907 
0.033 0.992 0.125 0.988 0.901 
0.047 0.988 0.136 0.985 0.898 
0.033 0.990 0.141 0.983 0.873 
0.041 0.987 0.163 0.985 0.919 
0.038 0.989 0.180 0.983 0.913 
0.028 0.992 0.147 0.985 0.929 
0.034 0.990 0.097 0.983 0.873 
0.040 0.986 0.086 0.985 0.891 
0.040 0.989 0.169 0.985 0.901 
0.036 0.990 0.131 0.983 0.932 
0.033 0.987 0.131 0.983 0.882 
0.032 0.989 0.148 0.985 0.910 
0.030 0.989 0.128 0.983 0.885 
0.036 0.989 0.161 0.985 0.938 
0.049 0.988 0.096 0.975 0.910 
0.049 0.985 0.093 0.980 0.873 
0.034 0.990 0.081 0.980 0.913 
0.042 0.985 0.242 0.990 0.860 
0.030 0.989 0.261 0.985 0.863 
0.030 0.992 0.124 0.988 0.873 
0.033 0.989 0.129 0.980 0.944 
0.028 0.993 0.195 0.980 0.913 
0.032 0.987 0.230 0.990 0.916 
0.031 0.990 0.200 0.978 0.922 
0.042 0.988 0.230 0.978 0.919 
0.032 0.990 0.273 0.983 0.919 
0.038 0.987 0.232 0.983 0.913 
0.038 0.991 0.402 0.980 0.935 
0.037 0.989 0.332 0.990 0.885 
0.040 0.988 0.423 0.983 0.922 
0.043 0.985 0.258 0.983 0.829 
0.036 0.992 0.261 0.988 0.894 
0.031 0.989 0.334 0.983 0.888 
0.032 0.992 0.370 0.983 0.898 
0.035 0.991 0.501 0.988 0.910 
0.051 0.983 0.362 0.983 0.935 
0.040 0.991 0.277 0.983 0.925 
0.047 0.990 0.255 0.983 0.919 
0.038 0.990 0.228 0.985 0.901 
0.036 0.987 0.465 0.975 0.925 
0.037 0.991 0.462 0.985 0.941 
0.029 0.992 0.350 0.985 0.901 
0.053 0.983 0.383 0.983 0.876 
0.040 0.991 0.331 0.985 0.807 
0.028 0.992 0.295 0.983 0.901 
0.034 0.986 0.402 0.985 0.932 
0.024 0.991 0.451 0.988 0.898 
0.044 0.988 0.358 0.985 0.901 
0.037 0.986 0.332 0.983 0.901 
0.030 0.990 0.299 0.985 0.891 
0.041 0.987 0.358 0.985 0.925 
0.033 0.985 0.261 0.978 0.922 
0.033 0.992 0.306 0.985 0.885 
0.032 0.988 0.359 0.988 0.910 
0.038 0.991 0.244 0.990 0.885 
0.034 0.992 0.200 0.988 0.894 
0.037 0.990 0.167 0.990 0.938 
0.035 0.991 0.138 0.983 0.870 
0.035 0.986 0.147 0.988 0.885 
0.032 0.990 0.216 0.988 0.925 
0.033 0.989 0.205 0.978 0.882 
0.044 0.990 0.169 0.985 0.885 
0.034 0.988 0.360 0.978 0.863 
0.046 0.986 0.220 0.985 0.891 
0.037 0.988 0.222 0.988 0.929 
0.020 0.993 0.277 0.980 0.876 
0.038 0.988 0.251 0.988 0.925 
0.032 0.989 0.159 0.990 0.919 
0.038 0.988 0.262 0.985 0.919 
0.038 0.991 0.190 0.990 0.929 
0.034 0.991 0.145 0.988 0.888 
0.037 0.985 0.156 0.983 0.879 
0.032 0.989 0.158 0.988 0.835 
0.030 0.990 0.191 0.990 0.919 
0.031 0.988 0.156 0.985 0.929 
0.032 0.989 0.157 0.985 0.891 
0.034 0.989 0.227 0.975 0.898 
0.027 0.992 0.155 0.990 0.879 
0.031 0.989 0.306 0.988 0.916 
0.036 0.987 0.264 0.980 0.953 
0.026 0.990 0.230 0.988 0.891 
0.029 0.990 0.213 0.988 0.873 
0.043 0.990 0.151 0.988 0.913 
0.037 0.992 0.166 0.978 0.919 
0.040 0.986 0.086 0.985 0.910 
0.051 0.988 0.133 0.975 0.885 
0.019 0.996 0.175 0.988 0.916 
0.025 0.992 0.125 0.985 0.817 
0.044 0.989 0.286 0.988 0.907 
0.038 0.988 0.248 0.983 0.901 
0.031 0.988 0.353 0.985 0.913 
0.038 0.989 0.133 0.985 0.885 
0.038 0.990 0.106 0.978 0.870 
0.027 0.993 0.185 0.983 0.916 
0.025 0.993 0.220 0.988 0.922 
0.024 0.990 0.286 0.990 0.916 
0.050 0.985 0.175 0.988 0.860 
0.043 0.989 0.170 0.983 0.891 
0.025 0.992 0.190 0.983 0.925 
0.030 0.990 0.266 0.983 0.873 
0.029 0.990 0.193 0.988 0.910 
0.035 0.989 0.137 0.985 0.919 
0.019 0.992 0.278 0.988 0.904 
0.032 0.990 0.305 0.983 0.894 
0.031 0.992 0.172 0.988 0.919 
0.036 0.988 0.157 0.988 0.925 
0.027 0.993 0.097 0.988 0.904 
0.040 0.986 0.202 0.985 0.916 
0.031 0.989 0.225 0.978 0.885 
0.031 0.989 0.177 0.983 0.907 
0.037 0.990 0.235 0.988 0.907 
0.029 0.988 0.300 0.983 0.907 
0.035 0.989 0.211 0.970 0.885 
0.025 0.994 0.185 0.978 0.922 
0.036 0.989 0.104 0.983 0.913 
0.023 0.993 0.124 0.988 0.901 
0.033 0.989 0.174 0.988 0.901 
0.024 0.994 0.179 0.980 0.916 
0.045 0.986 0.192 0.983 0.891 
0.028 0.993 0.351 0.978 0.929 
0.026 0.992 0.299 0.978 0.938 
0.040 0.989 0.324 0.978 0.916 
0.032 0.989 0.152 0.980 0.879 
0.023 0.993 0.177 0.980 0.898 
0.044 0.986 0.229 0.983 0.944 
0.019 0.993 0.429 0.983 0.935 
0.035 0.990 0.313 0.983 0.891 
0.034 0.991 0.174 0.985 0.919 
0.026 0.993 0.250 0.983 0.916 
0.035 0.989 0.316 0.980 0.916 
0.034 0.989 0.293 0.988 0.907 
0.025 0.993 0.287 0.973 0.854 
0.034 0.989 0.215 0.985 0.925 
0.038 0.990 0.323 0.983 0.891 
0.031 0.993 0.228 0.985 0.904 
0.028 0.993 0.273 0.983 0.935 
0.030 0.987 0.247 0.983 0.866 
0.033 0.990 0.498 0.988 0.866 
0.037 0.991 0.262 0.988 0.876 
0.029 0.990 0.413 0.985 0.932 
0.029 0.993 0.318 0.980 0.860 
0.030 0.988 0.442 0.978 0.901 
0.051 0.988 0.116 0.983 0.913 
0.028 0.990 0.275 0.983 0.922 
0.023 0.993 0.254 0.980 0.894 
0.038 0.988 0.045 0.985 0.873 
0.037 0.990 0.218 0.983 0.904 
0.020 0.993 0.268 0.985 0.885 
0.023 0.992 0.211 0.983 0.851 
0.033 0.992 0.215 0.985 0.894 
0.021 0.993 0.370 0.985 0.941 
0.027 0.990 0.316 0.970 0.879 
0.018 0.993 0.408 0.985 0.925 
0.033 0.990 0.334 0.983 0.922 
0.041 0.989 0.342 0.983 0.929 
0.017 0.995 0.434 0.988 0.919 
0.033 0.990 0.118 0.985 0.888 
0.035 0.987 0.182 0.988 0.901 
0.023 0.993 0.230 0.988 0.888 
0.028 0.995 0.281 0.988 0.891 
0.025 0.995 0.183 0.985 0.907 
0.022 0.989 0.184 0.988 0.907 
0.030 0.992 0.203 0.988 0.919 
0.018 0.992 0.300 0.988 0.891 
0.027 0.994 0.295 0.983 0.916 
0.026 0.992 0.307 0.990 0.929 
0.044 0.989 0.374 0.988 0.932 
0.028 0.990 0.314 0.985 0.925 
0.021 0.993 0.411 0.980 0.929 
0.026 0.989 0.346 0.980 0.919 
0.044 0.986 0.385 0.983 0.935 
0.034 0.989 0.312 0.985 0.932 
0.025 0.990 0.445 0.980 0.888 
0.035 0.990 0.526 0.988 0.891 
0.032 0.989 0.512 0.988 0.910 
0.029 0.993 0.405 0.988 0.916 
0.036 0.990 0.403 0.988 0.863 
0.037 0.987 0.307 0.983 0.879 
0.027 0.990 0.235 0.985 0.913 
0.041 0.988 0.353 0.980 0.863 
0.025 0.991 0.409 0.980 0.907 
0.028 0.991 0.401 0.988 0.866 
0.034 0.992 0.520 0.985 0.941 
0.020 0.990 0.624 0.983 0.894 
0.033 0.988 0.563 0.985 0.929 
0.035 0.989 0.486 0.985 0.913 
0.026 0.991 0.503 0.983 0.938 
0.025 0.993 0.665 0.985 0.922 
0.022 0.992 0.539 0.985 0.925 
0.034 0.992 0.354 0.988 0.863 
0.037 0.989 0.235 0.988 0.863 
0.026 0.992 0.361 0.983 0.925 
0.032 0.990 0.319 0.988 0.910 
0.033 0.988 0.213 0.988 0.860 
0.053 0.987 0.269 0.985 0.919 
0.027 0.989 0.330 0.985 0.916 
0.026 0.989 0.210 0.985 0.919 
0.027 0.988 0.358 0.983 0.929 
0.037 0.988 0.316 0.985 0.898 
0.024 0.994 0.335 0.975 0.839 
0.035 0.988 0.302 0.978 0.876 
0.032 0.986 0.393 0.988 0.907 
0.023 0.992 0.251 0.983 0.876 
0.024 0.992 0.432 0.988 0.913 
0.030 0.989 0.635 0.985 0.922 
0.024 0.990 0.448 0.978 0.839 
0.029 0.989 0.491 0.985 0.885 
0.027 0.994 0.356 0.978 0.848 
0.037 0.990 0.297 0.978 0.910 
0.043 0.985 0.247 0.988 0.919 
0.027 0.993 0.237 0.978 0.882 
0.022 0.992 0.331 0.985 0.898 
0.026 0.993 0.211 0.988 0.845 
0.025 0.990 0.157 0.990 0.910 
0.031 0.989 0.133 0.975 0.863 
0.019 0.996 0.115 0.985 0.919 
0.020 0.994 0.180 0.985 0.925 
0.024 0.991 0.240 0.980 0.910 
0.030 0.991 0.136 0.988 0.901 
0.036 0.990 0.161 0.988 0.919 
0.029 0.993 0.152 0.988 0.888 
0.032 0.993 0.033 0.990 0.857 
0.035 0.990 0.058 0.988 0.913 
0.031 0.989 0.144 0.985 0.935 
0.038 0.988 0.082 0.988 0.901 
0.031 0.988 0.115 0.985 0.879 
0.030 0.993 0.058 0.988 0.882 
0.041 0.986 0.118 0.988 0.919 
0.027 0.990 0.073 0.988 0.857 
0.021 0.993 0.192 0.985 0.957 
0.036 0.989 0.115 0.978 0.876 
0.033 0.989 0.165 0.980 0.898 
0.028 0.989 0.174 0.980 0.860 
0.027 0.992 0.249 0.983 0.913 
0.027 0.992 0.262 0.980 0.935 
0.034 0.989 0.198 0.980 0.910 
0.028 0.990 0.210 0.983 0.891 
0.031 0.989 0.134 0.985 0.919 
0.026 0.992 0.265 0.985 0.947 
0.025 0.993 0.292 0.985 0.941 
0.014 0.992 0.340 0.988 0.935 
0.023 0.993 0.332 0.988 0.898 
0.026 0.988 0.297 0.985 0.919 
0.024 0.989 0.332 0.988 0.938 
0.027 0.992 0.509 0.985 0.894 
0.056 0.990 0.078 0.983 0.860 
0.025 0.990 0.162 0.985 0.935 
0.017 0.995 0.176 0.985 0.925 
0.030 0.992 0.184 0.985 0.860 
0.027 0.995 0.171 0.985 0.894 
0.025 0.990 0.211 0.985 0.913 
0.031 0.989 0.139 0.988 0.904 
0.028 0.992 0.115 0.983 0.894 
0.016 0.995 0.158 0.983 0.888 
0.030 0.993 0.136 0.983 0.913 
0.028 0.990 0.115 0.985 0.888 
0.022 0.993 0.179 0.985 0.814 
0.019 0.993 0.140 0.990 0.898 
0.028 0.990 0.233 0.985 0.929 
0.014 0.995 0.261 0.985 0.894 
0.035 0.990 0.326 0.988 0.882 
0.032 0.991 0.351 0.985 0.898 
0.018 0.995 0.403 0.988 0.935 
0.023 0.995 0.216 0.983 0.891 
0.025 0.994 0.211 0.988 0.932 
0.025 0.991 0.459 0.985 0.935 
0.027 0.990 0.545 0.980 0.904 
0.025 0.992 0.235 0.988 0.935 
0.025 0.991 0.708 0.983 0.863 
0.030 0.990 0.633 0.983 0.919 
0.021 0.993 0.423 0.985 0.898 
0.018 0.993 0.763 0.985 0.879 
0.028 0.990 0.366 0.985 0.944 
0.033 0.992 0.482 0.983 0.953 
0.031 0.992 0.299 0.985 0.885 
0.028 0.992 0.260 0.983 0.891 
0.026 0.994 0.261 0.985 0.919 
0.025 0.992 0.278 0.983 0.907 
0.021 0.995 0.256 0.988 0.925 
0.035 0.989 0.242 0.988 0.901 
0.026 0.991 0.295 0.988 0.860 
0.036 0.988 0.159 0.983 0.913 
0.032 0.994 0.199 0.980 0.932 
0.032 0.990 0.452 0.985 0.929 
0.031 0.992 0.382 0.985 0.913 
0.029 0.993 0.514 0.985 0.888 
0.034 0.990 0.522 0.990 0.907 
0.021 0.992 0.583 0.990 0.925 
0.034 0.988 0.434 0.983 0.901 
0.044 0.990 0.449 0.988 0.888 
0.015 0.996 0.389 0.988 0.898 
0.026 0.993 0.588 0.985 0.932 
0.021 0.992 0.227 0.988 0.863 
0.034 0.991 0.301 0.985 0.870 
0.021 0.992 0.256 0.988 0.885 
0.021 0.993 0.508 0.973 0.953 
0.043 0.988 0.621 0.980 0.919 
0.039 0.990 0.504 0.988 0.876 
0.024 0.995 0.714 0.985 0.932 
0.020 0.993 0.659 0.990 0.910 
0.028 0.990 0.850 0.988 0.922 
0.023 0.993 1.047 0.988 0.913 
0.030 0.989 1.218 0.985 0.904 
0.032 0.991 0.926 0.983 0.873 
0.024 0.992 1.346 0.983 0.938 
0.022 0.993 0.718 0.985 0.888 
0.020 0.993 0.919 0.988 0.910 
0.033 0.991 0.921 0.985 0.882 
0.033 0.990 0.658 0.983 0.888 
0.034 0.989 0.832 0.985 0.873 
0.018 0.993 1.180 0.980 0.941 
0.021 0.993 1.738 0.980 0.885 
0.021 0.993 1.581 0.985 0.919 
0.024 0.992 1.090 0.985 0.922 
0.028 0.990 0.905 0.985 0.904 
0.046 0.989 0.463 0.983 0.901 
0.036 0.992 0.507 0.988 0.916 
0.014 0.996 0.972 0.985 0.910 
0.020 0.992 0.673 0.988 0.913 
0.022 0.994 0.887 0.988 0.919 
0.024 0.991 0.707 0.988 0.898 
0.030 0.995 0.843 0.985 0.919 
0.043 0.988 0.969 0.985 0.904 
0.040 0.990 0.390 0.988 0.891 
0.029 0.989 0.515 0.988 0.901 
0.029 0.992 0.731 0.985 0.873 
0.032 0.990 0.945 0.988 0.922 
0.032 0.989 0.816 0.985 0.863 
0.026 0.991 1.045 0.983 0.885 
0.023 0.990 0.952 0.988 0.894 
0.023 0.991 0.971 0.985 0.894 
0.037 0.991 0.806 0.988 0.860 
0.025 0.990 1.127 0.985 0.845 
0.023 0.993 0.569 0.985 0.932 
0.026 0.988 0.940 0.988 0.879 
0.024 0.991 0.954 0.980 0.863 
0.034 0.988 0.949 0.985 0.916 
0.033 0.990 1.114 0.978 0.904 
0.024 0.995 1.075 0.988 0.916 
0.032 0.990 1.089 0.980 0.901 
0.019 0.995 1.259 0.988 0.922 
0.030 0.989 0.793 0.985 0.873 
0.024 0.991 0.972 0.985 0.876 
0.030 0.991 0.663 0.988 0.901 
0.013 0.995 0.824 0.985 0.854 
0.046 0.989 0.673 0.988 0.870 
0.029 0.992 0.729 0.985 0.888 
0.032 0.991 0.581 0.980 0.891 
0.020 0.993 0.746 0.983 0.938 
0.029 0.990 0.777 0.985 0.913 
0.021 0.992 0.733 0.985 0.901 
0.028 0.992 1.085 0.988 0.913 
0.031 0.989 1.112 0.985 0.879 
0.026 0.990 0.895 0.990 0.866 
0.033 0.991 1.286 0.988 0.894 
0.027 0.990 1.181 0.990 0.863 
0.021 0.993 1.616 0.983 0.873 
0.025 0.992 1.088 0.985 0.882 
0.032 0.990 0.708 0.988 0.898 
0.034 0.989 1.041 0.988 0.885 
0.024 0.993 0.782 0.988 0.935 
0.020 0.993 0.832 0.990 0.901 
0.028 0.990 1.078 0.988 0.907 
0.041 0.986 0.877 0.988 0.882 
0.027 0.990 1.063 0.978 0.907 
0.020 0.991 0.889 0.988 0.898 
0.025 0.992 0.707 0.983 0.882 
0.019 0.993 0.740 0.985 0.938 
0.026 0.991 0.746 0.983 0.888 
0.025 0.991 0.745 0.985 0.873 
0.024 0.991 0.688 0.988 0.922 
0.017 0.995 0.873 0.990 0.932 
0.039 0.990 0.728 0.983 0.929 
0.020 0.991 0.644 0.978 0.941 
0.031 0.989 0.597 0.985 0.898 
0.023 0.994 0.736 0.988 0.882 
0.020 0.993 0.744 0.975 0.863 
0.021 0.989 0.732 0.988 0.910 
0.032 0.989 0.800 0.990 0.910 
0.035 0.989 0.651 0.990 0.854 
0.023 0.992 0.625 0.988 0.870 
0.035 0.990 0.420 0.990 0.835 
0.031 0.990 0.457 0.988 0.876 
0.029 0.988 0.950 0.990 0.916 
0.035 0.990 0.807 0.980 0.885 
0.036 0.988 0.645 0.980 0.935 
0.017 0.995 0.515 0.990 0.870 
0.015 0.994 1.249 0.988 0.891 
0.022 0.993 1.510 0.985 0.935 
0.048 0.988 0.850 0.990 0.907 
0.033 0.989 0.893 0.988 0.873 
0.016 0.996 1.128 0.985 0.938 
0.018 0.993 0.816 0.990 0.879 
0.034 0.988 0.980 0.985 0.898 
0.032 0.993 0.702 0.988 0.941 
0.023 0.992 0.748 0.990 0.898 
0.037 0.988 1.008 0.988 0.898 
0.028 0.989 0.959 0.988 0.870 
0.023 0.993 1.123 0.990 0.922 
0.036 0.988 0.602 0.990 0.922 
0.013 0.994 0.763 0.988 0.910 
0.020 0.995 0.799 0.985 0.904 
0.014 0.995 1.049 0.988 0.901 
0.019 0.994 0.777 0.990 0.894 
0.022 0.992 0.962 0.988 0.916 
0.016 0.995 0.850 0.988 0.919 
0.045 0.989 0.541 0.985 0.891 
0.025 0.991 0.696 0.985 0.913 
0.037 0.990 0.393 0.983 0.885 
0.030 0.989 0.474 0.988 0.888 
0.030 0.993 0.467 0.988 0.888 
0.033 0.992 0.221 0.988 0.916 
0.026 0.993 0.241 0.970 0.938 
0.033 0.988 0.130 0.988 0.879 
0.019 0.994 0.064 0.990 0.879 
0.022 0.994 0.253 0.988 0.913 
0.030 0.989 0.266 0.990 0.922 
0.023 0.992 0.290 0.988 0.882 
0.028 0.993 0.628 0.988 0.894 
0.027 0.992 0.469 0.980 0.876 
0.022 0.992 0.505 0.985 0.919 
0.027 0.991 0.530 0.978 0.876 
0.018 0.993 0.746 0.988 0.904 
0.031 0.990 0.752 0.990 0.916 
0.030 0.990 0.729 0.973 0.957 
0.018 0.996 0.656 0.985 0.941 
0.027 0.992 0.308 0.985 0.929 
0.044 0.988 0.367 0.988 0.882 
0.033 0.990 0.262 0.975 0.925 
0.034 0.992 0.322 0.980 0.941 
0.031 0.991 0.212 0.978 0.873 
0.027 0.992 0.320 0.983 0.891 
0.022 0.992 0.411 0.985 0.919 
0.015 0.992 0.483 0.985 0.894 
0.015 0.992 0.647 0.988 0.929 
0.027 0.993 0.476 0.985 0.901 
0.017 0.997 0.442 0.983 0.916 
0.027 0.991 0.264 0.980 0.932 
0.022 0.992 0.441 0.988 0.860 
0.030 0.992 0.132 0.985 0.916 
0.021 0.994 0.174 0.983 0.839 
0.025 0.991 0.221 0.988 0.894 
0.023 0.993 0.179 0.990 0.894 
0.023 0.992 0.269 0.988 0.929 
0.029 0.990 0.304 0.988 0.891 
0.026 0.990 0.175 0.983 0.929 
0.014 0.996 0.290 0.985 0.932 
0.024 0.993 0.287 0.983 0.860 
0.017 0.995 0.378 0.985 0.913 
0.022 0.993 0.392 0.978 0.932 
0.028 0.995 0.241 0.988 0.932 
0.019 0.996 0.298 0.985 0.910 
0.019 0.995 0.377 0.975 0.944 
0.026 0.995 0.319 0.985 0.922 
0.025 0.995 0.299 0.978 0.882 
0.030 0.992 0.235 0.973 0.823 
0.027 0.992 0.155 0.980 0.866 
0.021 0.994 0.151 0.985 0.857 
0.027 0.992 0.224 0.988 0.898 
0.029 0.990 0.090 0.985 0.866 
0.020 0.993 0.235 0.988 0.891 
0.022 0.995 0.249 0.988 0.925 
0.034 0.989 0.261 0.988 0.904 
0.027 0.990 0.237 0.988 0.904 
0.031 0.989 0.198 0.983 0.882 
0.026 0.991 0.181 0.988 0.901 
0.021 0.995 0.233 0.985 0.894 
0.022 0.992 0.507 0.978 0.848 
0.022 0.994 0.327 0.985 0.885 
0.024 0.993 0.302 0.988 0.888 
0.023 0.992 0.328 0.983 0.854 
0.029 0.993 0.277 0.978 0.814 
0.020 0.992 0.352 0.980 0.857 
0.024 0.993 0.332 0.985 0.919 
0.029 0.990 0.294 0.990 0.854 
0.018 0.995 0.351 0.985 0.898 
0.020 0.994 0.302 0.988 0.907 
0.028 0.990 0.358 0.983 0.891 
0.017 0.995 0.340 0.988 0.888 
0.016 0.995 0.328 0.990 0.907 
0.030 0.990 0.385 0.985 0.935 
0.018 0.992 0.316 0.988 0.891 
0.016 0.996 0.522 0.973 0.894 
0.019 0.996 0.361 0.988 0.929 
0.024 0.993 0.243 0.988 0.901 
0.023 0.993 0.260 0.988 0.894 
0.023 0.992 0.515 0.988 0.938 
0.025 0.991 0.313 0.988 0.904 
0.029 0.988 0.432 0.983 0.885 
0.012 0.996 0.593 0.988 0.922 
0.019 0.995 0.601 0.988 0.891 
0.018 0.993 0.570 0.983 0.904 
0.041 0.988 0.248 0.975 0.835 
0.037 0.990 0.215 0.985 0.898 
0.030 0.990 0.386 0.988 0.898 
0.028 0.993 0.363 0.985 0.929 
0.028 0.993 0.330 0.988 0.891 
0.019 0.995 0.436 0.985 0.935 
0.028 0.991 0.255 0.985 0.882 
0.022 0.994 0.380 0.983 0.866 
0.028 0.993 0.539 0.988 0.882 
0.015 0.994 0.530 0.985 0.938 
0.019 0.993 0.543 0.985 0.932 
0.022 0.994 0.475 0.985 0.898 
0.025 0.991 0.693 0.983 0.894 
0.029 0.992 0.772 0.988 0.907 
0.026 0.993 0.500 0.985 0.935 
0.025 0.992 0.520 0.985 0.873 
0.033 0.992 0.311 0.985 0.929 
0.031 0.991 0.289 0.990 0.876 
0.022 0.993 0.332 0.985 0.950 
0.016 0.994 0.334 0.985 0.910 
0.014 0.994 0.331 0.985 0.907 
0.023 0.992 0.219 0.980 0.873 
0.019 0.995 0.376 0.980 0.938 
0.029 0.990 0.280 0.980 0.879 
0.031 0.989 0.441 0.980 0.876 
0.025 0.991 0.307 0.983 0.904 
0.017 0.995 0.434 0.988 0.904 
0.023 0.992 0.542 0.985 0.910 
0.031 0.992 0.190 0.988 0.913 
0.030 0.991 0.219 0.985 0.929 
0.024 0.992 0.208 0.985 0.910 
0.031 0.994 0.312 0.985 0.922 
0.019 0.993 0.334 0.985 0.888 
0.029 0.991 0.205 0.988 0.907 
0.028 0.990 0.275 0.988 0.935 
0.022 0.992 0.356 0.985 0.925 
0.034 0.988 0.182 0.985 0.938 
0.031 0.992 0.198 0.980 0.860 
0.018 0.992 0.354 0.980 0.894 
0.023 0.993 0.185 0.985 0.916 
0.022 0.994 0.446 0.985 0.941 
0.021 0.995 0.202 0.988 0.916 
0.020 0.993 0.252 0.988 0.888 
0.023 0.989 0.473 0.983 0.944 
0.020 0.993 0.427 0.985 0.879 
0.025 0.993 0.190 0.990 0.882 
0.025 0.991 0.255 0.988 0.904 
0.025 0.992 0.317 0.988 0.929 
0.022 0.995 0.126 0.980 0.885 
0.030 0.990 0.155 0.988 0.901 
0.018 0.992 0.270 0.988 0.929 
0.010 0.996 0.305 0.988 0.941 
0.029 0.992 0.286 0.988 0.925 
0.023 0.992 0.394 0.988 0.919 
0.019 0.993 0.454 0.988 0.904 
0.023 0.991 0.389 0.985 0.894 
0.027 0.990 0.265 0.988 0.907 
0.019 0.993 0.358 0.985 0.925 
0.026 0.996 0.413 0.983 0.922 
0.032 0.990 0.578 0.990 0.857 
0.013 0.995 0.461 0.983 0.944 
0.026 0.992 0.312 0.988 0.891 
0.022 0.993 0.600 0.985 0.919 
0.023 0.993 0.537 0.985 0.901 
0.029 0.990 0.331 0.990 0.854 
0.027 0.992 0.476 0.985 0.938 
0.024 0.993 0.541 0.985 0.888 
0.027 0.993 0.508 0.985 0.882 
0.018 0.995 0.365 0.985 0.863 
0.012 0.995 0.321 0.988 0.876 
0.027 0.992 0.491 0.983 0.860 
0.022 0.991 0.145 0.983 0.935 
0.015 0.994 0.258 0.988 0.888 
0.032 0.990 0.221 0.980 0.876 
0.021 0.994 0.337 0.985 0.938 
0.019 0.993 0.378 0.985 0.860 
0.026 0.990 0.459 0.988 0.888 
0.019 0.993 0.204 0.988 0.888 
0.013 0.995 0.349 0.988 0.904 
0.036 0.992 0.073 0.988 0.922 
0.026 0.993 0.175 0.988 0.944 
0.029 0.990 0.280 0.988 0.894 
0.019 0.995 0.172 0.988 0.904 
0.022 0.994 0.330 0.983 0.941 
0.016 0.992 0.383 0.985 0.901 
0.019 0.993 0.428 0.990 0.894 
0.032 0.990 0.304 0.988 0.919 
0.031 0.990 0.233 0.988 0.891 
0.029 0.990 0.589 0.988 0.888 
0.023 0.990 0.591 0.988 0.913 
0.026 0.990 0.482 0.988 0.910 
0.027 0.992 0.592 0.985 0.870 
0.018 0.993 0.496 0.985 0.950 
0.012 0.996 0.733 0.985 0.938 
0.040 0.989 0.475 0.985 0.916 
0.010 0.998 0.727 0.985 0.907 
0.021 0.995 0.594 0.988 0.879 
0.021 0.995 1.104 0.988 0.898 
0.022 0.994 0.820 0.985 0.851 
0.022 0.992 0.726 0.988 0.848 
0.025 0.989 0.725 0.988 0.876 
0.019 0.993 0.771 0.983 0.860 
0.023 0.992 0.478 0.988 0.882 
0.023 0.992 1.506 0.973 0.879 
0.022 0.993 0.884 0.985 0.898 
0.013 0.995 0.589 0.985 0.944 
0.015 0.995 0.380 0.990 0.876 
0.015 0.995 1.146 0.985 0.904 
0.018 0.994 1.324 0.980 0.916 
0.032 0.992 0.464 0.985 0.888 
0.028 0.991 0.438 0.983 0.898 
0.020 0.994 0.543 0.985 0.938 
0.029 0.989 0.524 0.988 0.919 
0.022 0.994 0.439 0.985 0.950 
0.021 0.994 0.564 0.985 0.929 
0.018 0.995 0.641 0.983 0.885 
0.027 0.991 0.369 0.985 0.904 
0.014 0.995 0.614 0.983 0.919 
0.027 0.992 0.288 0.985 0.901 
0.022 0.994 0.399 0.983 0.907 
0.031 0.992 0.345 0.983 0.901 
0.021 0.993 0.489 0.985 0.925 
0.017 0.991 0.439 0.988 0.916 
0.018 0.995 0.226 0.988 0.885 
0.025 0.993 0.450 0.985 0.913 
0.019 0.993 0.788 0.983 0.910 
0.029 0.992 0.303 0.985 0.919 
0.019 0.995 0.529 0.983 0.944 
0.026 0.993 0.244 0.988 0.919 
0.018 0.995 0.399 0.988 0.916 
0.032 0.990 0.386 0.988 0.898 
0.015 0.995 0.439 0.988 0.941 
0.020 0.993 0.425 0.988 0.938 
0.013 0.996 0.424 0.985 0.925 
0.022 0.996 0.235 0.985 0.941 
0.035 0.990 0.165 0.988 0.907 
0.019 0.993 0.185 0.988 0.894 
0.014 0.994 0.227 0.988 0.935 
0.020 0.993 0.392 0.985 0.957 
0.023 0.991 0.208 0.988 0.944 
0.020 0.993 0.181 0.985 0.907 
0.023 0.992 0.268 0.988 0.941 
