0.310 0.891 0.134 0.958 1.000 
0.168 0.939 0.114 0.973 1.000 
0.120 0.964 0.093 0.985 1.000 
0.136 0.951 0.131 0.958 1.000 
0.116 0.960 0.106 0.985 1.000 
0.106 0.970 0.087 0.983 1.000 
0.102 0.964 0.109 0.985 1.000 
0.091 0.964 0.080 0.983 1.000 
0.105 0.973 0.077 0.980 1.000 
0.088 0.972 0.084 0.985 0.958 
0.060 0.983 0.063 0.988 1.000 
0.071 0.981 0.109 0.988 1.000 
0.087 0.974 0.079 0.988 1.000 
0.064 0.981 0.090 0.988 0.298 
0.071 0.979 0.084 0.975 0.981 
0.064 0.980 0.077 0.980 0.916 
0.073 0.976 0.076 0.978 1.000 
0.069 0.979 0.073 0.988 0.996 
0.060 0.978 0.107 0.960 1.000 
0.052 0.983 0.125 0.958 1.000 
0.073 0.978 0.052 0.990 0.794 
0.064 0.985 0.069 0.985 0.996 
0.072 0.980 0.072 0.973 1.000 
0.063 0.978 0.065 0.983 0.927 
0.066 0.982 0.077 0.970 1.000 
0.055 0.983 0.059 0.988 1.000 
0.054 0.983 0.092 0.960 0.092 
0.058 0.984 0.058 0.988 1.000 
0.050 0.986 0.076 0.985 0.966 
0.064 0.980 0.075 0.985 0.985 
0.063 0.978 0.087 0.980 1.000 
0.049 0.985 0.075 0.980 1.000 
0.060 0.984 0.099 0.955 1.000 
0.048 0.987 0.099 0.965 0.989 
0.043 0.990 0.065 0.990 1.000 
0.052 0.988 0.062 0.983 1.000 
0.048 0.986 0.074 0.978 1.000 
0.040 0.988 0.063 0.988 0.966 
0.054 0.984 0.050 0.985 0.954 
0.048 0.986 0.053 0.990 0.515 
0.053 0.985 0.073 0.980 0.958 
0.039 0.988 0.095 0.958 1.000 
0.046 0.987 0.059 0.990 0.992 
0.046 0.982 0.119 0.950 0.977 
0.049 0.988 0.075 0.975 0.969 
0.041 0.989 0.068 0.980 0.992 
0.042 0.990 0.053 0.988 1.000 
0.042 0.989 0.053 0.985 0.996 
0.055 0.983 0.111 0.985 0.996 
0.046 0.986 0.047 0.990 1.000 
0.053 0.985 0.068 0.978 1.000 
0.055 0.989 0.051 0.988 1.000 
0.042 0.987 0.054 0.990 1.000 
0.041 0.991 0.077 0.970 1.000 
0.034 0.990 0.111 0.963 0.947 
0.045 0.989 0.072 0.975 1.000 
0.037 0.989 0.055 0.988 1.000 
0.053 0.983 0.072 0.975 0.950 
0.048 0.989 0.067 0.988 0.992 
0.044 0.989 0.085 0.965 1.000 
0.035 0.991 0.088 0.975 0.981 
0.050 0.988 0.051 0.988 0.798 
0.043 0.988 0.051 0.990 0.183 
0.043 0.991 0.050 0.990 0.996 
0.052 0.988 0.101 0.958 1.000 
0.044 0.989 0.051 0.988 1.000 
0.049 0.988 0.066 0.980 1.000 
0.036 0.989 0.111 0.953 0.966 
0.038 0.989 0.090 0.968 0.340 
0.050 0.984 0.106 0.955 1.000 
0.044 0.990 0.094 0.983 1.000 
0.033 0.991 0.056 0.985 1.000 
0.046 0.987 0.115 0.950 0.992 
0.030 0.991 0.062 0.990 0.985 
0.034 0.991 0.067 0.978 1.000 
0.041 0.990 0.074 0.975 0.939 
0.040 0.988 0.067 0.978 1.000 
0.033 0.990 0.060 0.980 1.000 
0.036 0.990 0.051 0.990 0.195 
0.044 0.988 0.089 0.963 0.195 
0.035 0.991 0.050 0.988 0.256 
0.033 0.992 0.081 0.968 0.920 
0.038 0.987 0.049 0.990 1.000 
0.039 0.989 0.093 0.960 0.821 
0.036 0.990 0.058 0.983 1.000 
0.029 0.992 0.041 0.990 1.000 
0.035 0.993 0.059 0.980 0.656 
0.036 0.993 0.059 0.983 0.443 
0.030 0.993 0.065 0.980 0.679 
0.038 0.989 0.061 0.978 0.962 
0.031 0.990 0.097 0.955 0.908 
0.041 0.990 0.098 0.955 0.851 
0.034 0.994 0.107 0.963 0.782 
0.038 0.989 0.105 0.955 0.969 
0.037 0.990 0.086 0.965 0.981 
0.036 0.991 0.104 0.953 0.996 
0.031 0.991 0.069 0.975 0.989 
0.033 0.991 0.096 0.970 1.000 
0.029 0.989 0.079 0.968 0.973 
0.030 0.992 0.071 0.975 0.882 
0.023 0.995 0.074 0.978 0.504 
0.038 0.990 0.066 0.980 0.767 
0.039 0.990 0.061 0.983 0.103 
0.042 0.988 0.057 0.983 0.893 
0.041 0.990 0.052 0.990 0.206 
0.029 0.991 0.059 0.985 0.802 
0.038 0.990 0.050 0.990 0.290 
0.034 0.993 0.146 0.945 0.019 
0.029 0.991 0.039 0.990 0.302 
0.037 0.990 0.067 0.983 0.969 
0.037 0.988 0.104 0.955 0.943 
0.043 0.989 0.075 0.970 0.985 
0.030 0.993 0.063 0.985 0.981 
0.026 0.994 0.076 0.978 0.439 
0.034 0.993 0.053 0.985 0.950 
0.044 0.988 0.060 0.983 1.000 
0.031 0.993 0.085 0.965 1.000 
0.034 0.991 0.060 0.985 0.954 
0.031 0.993 0.054 0.988 0.905 
0.026 0.995 0.051 0.988 0.733 
0.032 0.989 0.091 0.965 0.721 
0.029 0.993 0.126 0.955 0.947 
0.030 0.991 0.107 0.955 0.779 
0.020 0.996 0.082 0.973 0.935 
0.033 0.993 0.141 0.938 0.176 
0.029 0.994 0.065 0.983 0.584 
0.029 0.991 0.056 0.983 0.107 
0.029 0.990 0.062 0.973 0.973 
0.030 0.994 0.057 0.985 0.695 
0.035 0.991 0.107 0.950 0.553 
0.035 0.991 0.071 0.973 0.714 
0.030 0.990 0.056 0.980 0.924 
0.027 0.992 0.090 0.965 0.847 
0.034 0.991 0.062 0.975 0.989 
0.029 0.994 0.054 0.980 0.580 
0.030 0.991 0.049 0.988 0.664 
0.035 0.993 0.070 0.975 0.344 
0.033 0.990 0.062 0.983 0.817 
0.026 0.990 0.056 0.983 0.271 
0.029 0.993 0.060 0.985 0.790 
0.035 0.991 0.084 0.978 0.538 
0.028 0.991 0.080 0.968 0.920 
0.037 0.986 0.071 0.968 1.000 
0.019 0.995 0.052 0.988 0.870 
0.027 0.993 0.043 0.990 0.939 
0.023 0.994 0.039 0.990 0.973 
0.030 0.993 0.074 0.983 0.916 
0.040 0.988 0.103 0.965 0.767 
0.031 0.992 0.043 0.990 0.996 
0.029 0.994 0.068 0.978 0.954 
0.028 0.994 0.109 0.955 1.000 
0.027 0.990 0.043 0.990 0.954 
0.030 0.991 0.050 0.983 0.969 
0.027 0.992 0.069 0.975 0.943 
0.023 0.994 0.076 0.970 0.927 
0.020 0.994 0.128 0.953 1.000 
0.028 0.993 0.087 0.975 1.000 
0.033 0.992 0.077 0.973 1.000 
0.022 0.993 0.120 0.950 1.000 
0.025 0.993 0.064 0.983 0.996 
0.036 0.989 0.079 0.965 1.000 
0.027 0.993 0.051 0.990 1.000 
0.026 0.991 0.047 0.990 1.000 
0.027 0.993 0.036 0.990 1.000 
0.035 0.991 0.138 0.940 0.996 
0.035 0.990 0.047 0.990 1.000 
0.029 0.993 0.061 0.983 1.000 
0.021 0.993 0.188 0.938 0.985 
0.027 0.993 0.105 0.963 0.969 
0.020 0.994 0.048 0.988 1.000 
0.027 0.991 0.081 0.963 1.000 
0.028 0.992 0.072 0.973 0.992 
0.025 0.994 0.074 0.973 1.000 
0.024 0.995 0.044 0.988 1.000 
0.030 0.993 0.099 0.958 1.000 
0.039 0.989 0.050 0.985 0.996 
0.030 0.991 0.063 0.980 1.000 
0.032 0.991 0.056 0.983 1.000 
0.027 0.993 0.073 0.975 0.939 
0.025 0.995 0.097 0.963 0.996 
0.020 0.994 0.062 0.985 1.000 
0.034 0.990 0.130 0.950 1.000 
0.020 0.994 0.062 0.980 0.756 
0.025 0.993 0.068 0.973 0.996 
0.023 0.993 0.055 0.983 0.969 
0.029 0.989 0.070 0.968 0.989 
0.021 0.995 0.053 0.983 1.000 
0.025 0.993 0.046 0.988 0.950 
0.025 0.993 0.088 0.963 0.107 
0.033 0.991 0.080 0.965 0.908 
0.019 0.995 0.086 0.968 1.000 
0.024 0.991 0.073 0.973 1.000 
0.025 0.994 0.060 0.980 1.000 
0.023 0.994 0.062 0.975 1.000 
0.026 0.991 0.089 0.963 1.000 
0.027 0.992 0.043 0.990 1.000 
0.022 0.995 0.053 0.990 1.000 
0.022 0.994 0.059 0.978 1.000 
0.025 0.993 0.226 0.912 0.931 
0.021 0.996 0.080 0.970 1.000 
0.030 0.993 0.071 0.973 0.981 
0.018 0.994 0.056 0.985 1.000 
0.026 0.993 0.050 0.985 1.000 
0.038 0.990 0.047 0.983 1.000 
0.023 0.994 0.058 0.978 1.000 
0.022 0.993 0.054 0.983 1.000 
0.023 0.994 0.070 0.973 0.996 
0.020 0.995 0.082 0.973 0.935 
0.020 0.995 0.068 0.978 1.000 
0.026 0.993 0.093 0.960 1.000 
0.028 0.993 0.087 0.958 0.889 
0.041 0.991 0.088 0.965 0.149 
0.021 0.994 0.081 0.968 0.958 
0.024 0.994 0.056 0.983 0.412 
0.024 0.993 0.075 0.970 0.977 
0.024 0.993 0.126 0.955 1.000 
0.024 0.994 0.080 0.970 1.000 
0.024 0.995 0.063 0.978 0.996 
0.020 0.995 0.083 0.973 0.954 
0.037 0.990 0.122 0.948 0.000 
0.024 0.991 0.088 0.965 1.000 
0.020 0.995 0.068 0.978 0.298 
0.016 0.995 0.072 0.978 0.996 
0.018 0.996 0.082 0.980 0.168 
0.026 0.994 0.060 0.983 0.760 
0.018 0.994 0.083 0.973 0.989 
0.018 0.995 0.078 0.968 1.000 
0.019 0.991 0.070 0.973 1.000 
0.026 0.993 0.078 0.968 1.000 
0.021 0.994 0.092 0.960 0.992 
0.014 0.996 0.073 0.978 0.985 
0.032 0.992 0.118 0.953 0.962 
0.027 0.991 0.102 0.955 0.802 
0.018 0.995 0.100 0.963 1.000 
0.021 0.995 0.047 0.988 0.950 
0.016 0.995 0.062 0.975 1.000 
0.019 0.994 0.070 0.975 0.962 
0.028 0.992 0.071 0.978 0.802 
0.028 0.992 0.071 0.975 0.561 
0.026 0.995 0.073 0.975 1.000 
0.025 0.993 0.098 0.963 1.000 
0.021 0.995 0.086 0.970 0.981 
0.024 0.994 0.065 0.980 0.302 
0.021 0.994 0.067 0.975 1.000 
0.021 0.995 0.089 0.965 1.000 
0.018 0.996 0.057 0.983 0.905 
0.027 0.992 0.089 0.968 1.000 
0.016 0.996 0.064 0.980 0.840 
0.021 0.993 0.145 0.948 0.920 
0.015 0.997 0.084 0.975 1.000 
0.027 0.994 0.137 0.953 1.000 
0.018 0.994 0.059 0.978 1.000 
0.024 0.994 0.115 0.945 1.000 
0.043 0.991 0.040 0.990 1.000 
0.025 0.993 0.066 0.980 0.996 
0.017 0.994 0.080 0.970 1.000 
0.021 0.993 0.150 0.950 1.000 
0.019 0.997 0.108 0.963 1.000 
0.027 0.992 0.096 0.963 0.828 
0.021 0.994 0.062 0.983 0.031 
0.017 0.996 0.085 0.963 0.989 
0.018 0.995 0.074 0.973 0.912 
0.048 0.994 0.076 0.980 0.958 
0.023 0.993 0.151 0.935 0.912 
0.026 0.991 0.053 0.983 0.134 
0.012 0.995 0.068 0.980 0.817 
0.022 0.993 0.105 0.958 0.996 
0.027 0.994 0.096 0.965 0.889 
0.034 0.993 0.082 0.970 0.908 
0.031 0.990 0.065 0.983 0.592 
0.018 0.997 0.100 0.963 0.378 
0.048 0.990 0.081 0.968 0.847 
0.013 0.997 0.063 0.973 0.996 
0.022 0.994 0.074 0.968 0.683 
0.026 0.994 0.118 0.948 0.473 
0.029 0.992 0.043 0.985 0.931 
0.026 0.991 0.065 0.983 0.447 
0.021 0.994 0.069 0.975 1.000 
0.022 0.995 0.058 0.983 1.000 
0.022 0.994 0.052 0.983 0.844 
0.016 0.995 0.036 0.988 0.962 
0.031 0.989 0.066 0.975 0.366 
0.016 0.994 0.092 0.965 0.748 
0.020 0.995 0.060 0.978 0.172 
0.023 0.997 0.055 0.978 0.985 
0.013 0.997 0.063 0.980 0.931 
0.027 0.992 0.086 0.960 1.000 
0.015 0.995 0.176 0.935 1.000 
0.014 0.996 0.128 0.945 1.000 
0.026 0.993 0.118 0.950 1.000 
0.022 0.996 0.031 0.993 1.000 
0.025 0.992 0.102 0.958 0.844 
0.021 0.994 0.049 0.983 0.866 
0.025 0.992 0.086 0.960 1.000 
0.020 0.995 0.069 0.970 1.000 
0.021 0.992 0.128 0.943 0.710 
0.016 0.995 0.091 0.960 1.000 
0.027 0.990 0.064 0.970 1.000 
0.019 0.996 0.109 0.958 0.992 
0.031 0.994 0.231 0.915 0.641 
0.015 0.996 0.085 0.973 1.000 
0.022 0.994 0.053 0.983 0.302 
0.017 0.995 0.092 0.973 0.092 
0.020 0.995 0.176 0.935 0.534 
0.024 0.995 0.068 0.973 0.309 
0.017 0.995 0.059 0.980 0.004 
0.023 0.996 0.139 0.945 1.000 
0.025 0.994 0.100 0.963 0.053 
0.025 0.994 0.120 0.955 0.073 
0.014 0.995 0.220 0.925 0.691 
0.021 0.995 0.159 0.932 1.000 
0.020 0.996 0.121 0.963 1.000 
0.024 0.993 0.141 0.938 0.183 
0.015 0.997 0.118 0.963 1.000 
0.013 0.995 0.108 0.960 1.000 
0.013 0.997 0.080 0.970 1.000 
0.013 0.997 0.058 0.978 0.943 
0.023 0.993 0.193 0.927 0.996 
0.024 0.993 0.135 0.955 1.000 
0.016 0.997 0.138 0.955 0.389 
0.026 0.992 0.056 0.980 0.962 
0.025 0.993 0.154 0.938 1.000 
0.021 0.993 0.140 0.945 0.958 
0.026 0.994 0.123 0.953 0.958 
0.019 0.994 0.085 0.980 0.637 
0.021 0.993 0.157 0.943 0.962 
0.028 0.992 0.116 0.950 1.000 
0.015 0.997 0.136 0.955 0.992 
0.016 0.996 0.071 0.978 0.897 
0.025 0.991 0.129 0.950 1.000 
0.010 0.996 0.111 0.973 0.553 
0.022 0.995 0.109 0.955 0.962 
0.019 0.997 0.049 0.988 0.809 
0.020 0.994 0.140 0.958 1.000 
0.020 0.995 0.090 0.963 0.908 
0.026 0.993 0.112 0.958 1.000 
0.024 0.994 0.045 0.990 1.000 
0.015 0.997 0.068 0.985 0.985 
0.032 0.993 0.052 0.985 0.878 
0.024 0.991 0.107 0.958 0.981 
0.016 0.995 0.074 0.970 0.969 
0.015 0.997 0.149 0.935 1.000 
0.018 0.994 0.050 0.988 1.000 
0.022 0.994 0.099 0.960 1.000 
0.023 0.993 0.052 0.985 0.802 
0.021 0.994 0.102 0.960 1.000 
0.018 0.994 0.079 0.975 0.916 
0.026 0.994 0.108 0.958 0.729 
0.025 0.992 0.106 0.958 0.943 
0.027 0.995 0.070 0.980 0.832 
0.020 0.993 0.078 0.975 0.408 
0.022 0.993 0.076 0.973 0.844 
0.019 0.994 0.059 0.980 0.439 
0.017 0.995 0.096 0.973 0.733 
0.018 0.997 0.115 0.958 0.920 
0.017 0.996 0.125 0.950 1.000 
0.026 0.994 0.069 0.980 0.588 
0.014 0.997 0.046 0.985 0.985 
0.013 0.998 0.087 0.978 0.702 
0.024 0.995 0.110 0.958 0.916 
0.025 0.992 0.045 0.983 0.782 
0.021 0.994 0.111 0.970 0.347 
0.020 0.994 0.159 0.932 0.840 
0.022 0.995 0.057 0.978 0.790 
0.024 0.995 0.072 0.980 0.599 
0.023 0.994 0.053 0.983 0.385 
0.022 0.994 0.058 0.980 0.676 
0.021 0.995 0.128 0.953 1.000 
0.033 0.991 0.181 0.920 0.973 
0.017 0.997 0.056 0.983 0.187 
0.021 0.994 0.066 0.983 0.027 
0.020 0.994 0.059 0.983 0.340 
0.021 0.992 0.080 0.973 0.710 
0.016 0.995 0.088 0.968 0.924 
0.026 0.994 0.070 0.973 0.779 
0.020 0.995 0.082 0.970 0.473 
0.018 0.995 0.078 0.973 0.950 
0.038 0.991 0.139 0.950 0.515 
0.017 0.995 0.057 0.975 0.405 
0.014 0.997 0.097 0.968 0.649 
0.016 0.995 0.086 0.968 0.698 
0.013 0.997 0.159 0.955 1.000 
0.017 0.997 0.085 0.970 0.916 
0.033 0.990 0.080 0.973 0.916 
0.022 0.994 0.122 0.950 0.763 
0.015 0.995 0.118 0.970 0.908 
0.025 0.991 0.101 0.970 0.977 
0.023 0.994 0.155 0.943 0.947 
0.023 0.995 0.057 0.980 1.000 
0.012 0.997 0.077 0.978 0.531 
0.023 0.992 0.086 0.970 0.996 
0.019 0.995 0.121 0.950 0.920 
0.020 0.994 0.042 0.988 0.817 
0.015 0.995 0.081 0.970 1.000 
0.021 0.994 0.085 0.973 0.992 
0.019 0.994 0.166 0.948 1.000 
0.019 0.996 0.091 0.975 0.916 
0.015 0.997 0.168 0.948 1.000 
0.022 0.994 0.098 0.968 1.000 
0.018 0.997 0.125 0.963 0.989 
0.026 0.994 0.199 0.935 1.000 
0.022 0.993 0.079 0.975 1.000 
0.015 0.995 0.207 0.920 1.000 
0.016 0.995 0.140 0.950 1.000 
0.019 0.996 0.045 0.988 0.996 
0.017 0.994 0.110 0.963 1.000 
0.021 0.994 0.090 0.975 0.935 
0.013 0.997 0.070 0.980 0.889 
0.019 0.994 0.086 0.968 0.584 
0.020 0.996 0.183 0.943 1.000 
0.023 0.995 0.093 0.965 1.000 
0.012 0.998 0.105 0.965 1.000 
0.019 0.997 0.076 0.973 1.000 
0.027 0.994 0.148 0.945 0.966 
0.017 0.995 0.097 0.965 1.000 
0.016 0.995 0.122 0.970 1.000 
0.018 0.995 0.287 0.920 1.000 
0.017 0.995 0.079 0.975 1.000 
0.012 0.995 0.060 0.983 1.000 
0.024 0.994 0.067 0.975 0.992 
0.017 0.995 0.135 0.955 0.989 
0.017 0.997 0.063 0.980 1.000 
0.014 0.995 0.095 0.965 0.989 
0.023 0.995 0.144 0.955 0.916 
0.018 0.995 0.097 0.970 0.866 
0.013 0.997 0.093 0.975 0.947 
0.018 0.993 0.082 0.975 0.885 
0.019 0.994 0.133 0.950 0.966 
0.014 0.996 0.171 0.932 1.000 
0.012 0.995 0.037 0.990 0.920 
0.013 0.995 0.091 0.980 0.931 
0.009 0.995 0.080 0.983 1.000 
0.030 0.995 0.108 0.953 1.000 
0.027 0.992 0.121 0.945 0.866 
0.023 0.994 0.086 0.968 0.916 
0.019 0.995 0.106 0.960 0.977 
0.010 0.998 0.106 0.968 0.950 
0.024 0.991 0.085 0.970 0.866 
0.011 0.997 0.073 0.980 0.908 
0.022 0.994 0.103 0.963 0.466 
0.014 0.996 0.073 0.973 0.641 
0.019 0.994 0.084 0.968 0.924 
0.019 0.994 0.099 0.960 0.981 
0.010 0.996 0.065 0.983 0.634 
0.027 0.993 0.052 0.983 0.534 
0.018 0.995 0.066 0.973 0.679 
0.017 0.994 0.075 0.970 0.901 
0.014 0.996 0.101 0.965 0.981 
0.013 0.995 0.065 0.975 0.859 
0.022 0.992 0.076 0.970 0.813 
0.017 0.995 0.095 0.965 0.893 
0.030 0.992 0.039 0.993 0.447 
0.015 0.997 0.130 0.958 0.878 
0.014 0.996 0.212 0.935 0.573 
0.018 0.994 0.073 0.975 0.893 
0.017 0.995 0.073 0.978 0.908 
0.023 0.993 0.097 0.968 0.992 
0.026 0.993 0.064 0.978 0.870 
0.024 0.993 0.057 0.983 0.576 
0.016 0.997 0.103 0.963 0.912 
0.020 0.995 0.088 0.970 0.985 
0.016 0.995 0.071 0.983 1.000 
0.026 0.994 0.113 0.965 1.000 
0.018 0.994 0.171 0.943 0.973 
0.019 0.994 0.176 0.975 0.859 
0.087 0.989 0.069 0.973 0.958 
0.020 0.994 0.058 0.980 1.000 
0.036 0.994 0.123 0.948 0.981 
0.026 0.997 0.056 0.983 0.954 
0.036 0.993 0.130 0.958 0.996 
0.011 0.997 0.119 0.973 1.000 
0.019 0.995 0.099 0.973 0.989 
0.023 0.993 0.099 0.963 0.893 
0.021 0.994 0.094 0.963 0.973 
0.011 0.998 0.083 0.973 0.992 
0.011 0.997 0.187 0.953 0.992 
0.021 0.994 0.069 0.980 0.595 
0.018 0.996 0.122 0.983 0.687 
0.027 0.996 0.049 0.985 0.634 
0.017 0.995 0.085 0.968 1.000 
0.010 0.997 0.101 0.963 1.000 
0.014 0.996 0.157 0.960 1.000 
0.015 0.997 0.103 0.968 0.981 
0.022 0.994 0.048 0.983 1.000 
0.015 0.997 0.139 0.948 1.000 
0.017 0.995 0.130 0.953 1.000 
0.015 0.994 0.081 0.973 1.000 
0.011 0.998 0.103 0.963 1.000 
0.018 0.997 0.041 0.988 1.000 
0.018 0.993 0.075 0.973 1.000 
0.020 0.993 0.098 0.958 1.000 
0.017 0.994 0.047 0.983 1.000 
0.018 0.995 0.178 0.950 1.000 
0.019 0.994 0.053 0.983 1.000 
0.027 0.991 0.099 0.965 1.000 
0.028 0.994 0.150 0.943 1.000 
0.022 0.994 0.076 0.970 1.000 
0.007 0.999 0.067 0.980 1.000 
0.023 0.991 0.089 0.965 1.000 
0.015 0.997 0.099 0.970 1.000 
0.027 0.991 0.136 0.965 0.981 
0.014 0.997 0.090 0.965 0.977 
0.016 0.997 0.098 0.965 0.989 
0.018 0.995 0.105 0.968 0.992 
0.019 0.997 0.099 0.965 0.989 
0.019 0.993 0.086 0.965 1.000 
0.013 0.996 0.114 0.963 0.893 
0.024 0.996 0.204 0.960 0.958 
0.021 0.993 0.107 0.960 0.973 
0.018 0.997 0.062 0.978 1.000 
0.013 0.995 0.061 0.973 0.782 
0.004 0.999 0.082 0.978 0.985 
0.023 0.995 0.165 0.948 1.000 
0.016 0.996 0.267 0.925 1.000 
0.020 0.996 0.096 0.965 0.985 
0.012 0.997 0.073 0.978 0.985 
0.028 0.994 0.067 0.980 0.985 
0.018 0.995 0.090 0.963 0.992 
0.014 0.996 0.037 0.990 0.985 
0.014 0.995 0.094 0.968 0.897 
0.007 0.998 0.052 0.985 0.989 
0.012 0.998 0.070 0.980 0.996 
0.015 0.997 0.032 0.993 1.000 
0.016 0.995 0.060 0.980 1.000 
0.011 0.998 0.103 0.960 1.000 
0.017 0.994 0.084 0.985 0.244 
0.030 0.995 0.096 0.965 0.725 
0.034 0.994 0.149 0.955 0.905 
0.039 0.993 0.098 0.960 0.725 
0.017 0.997 0.099 0.963 0.885 
0.023 0.994 0.117 0.963 0.996 
0.018 0.996 0.260 0.927 1.000 
0.015 0.997 0.069 0.973 0.996 
0.012 0.998 0.117 0.958 0.996 
0.012 0.998 0.043 0.990 0.466 
0.018 0.997 0.105 0.963 0.950 
0.017 0.996 0.087 0.973 0.985 
0.018 0.995 0.043 0.988 0.691 
0.015 0.994 0.056 0.985 0.328 
0.026 0.994 0.116 0.958 0.439 
0.013 0.997 0.060 0.978 0.248 
0.008 0.997 0.054 0.985 0.977 
0.014 0.997 0.055 0.983 0.760 
0.015 0.995 0.066 0.978 0.989 
0.024 0.993 0.118 0.965 1.000 
0.014 0.997 0.102 0.963 1.000 
0.013 0.998 0.073 0.985 0.786 
0.023 0.994 0.075 0.983 0.706 
0.033 0.995 0.059 0.983 0.893 
0.029 0.993 0.050 0.988 0.992 
0.032 0.994 0.085 0.975 0.958 
0.013 0.996 0.080 0.975 0.962 
0.026 0.995 0.120 0.948 0.966 
0.021 0.995 0.071 0.973 0.966 
0.015 0.995 0.053 0.983 1.000 
0.019 0.994 0.048 0.985 0.920 
0.014 0.995 0.081 0.983 0.844 
0.017 0.995 0.127 0.963 1.000 
0.013 0.997 0.090 0.965 1.000 
0.015 0.996 0.232 0.927 0.989 
0.014 0.995 0.061 0.983 0.985 
0.027 0.994 0.050 0.985 0.935 
0.016 0.995 0.088 0.983 0.775 
0.012 0.997 0.164 0.958 1.000 
0.024 0.994 0.200 0.925 0.989 
0.022 0.995 0.124 0.958 0.996 
0.023 0.993 0.115 0.960 0.851 
0.013 0.997 0.175 0.953 0.992 
0.019 0.994 0.069 0.975 1.000 
0.019 0.991 0.078 0.970 0.809 
0.021 0.994 0.107 0.960 0.973 
0.012 0.997 0.126 0.953 0.977 
0.026 0.993 0.038 0.990 1.000 
0.019 0.994 0.142 0.955 1.000 
0.016 0.995 0.093 0.963 0.935 
0.009 0.997 0.091 0.968 0.817 
0.019 0.994 0.219 0.932 1.000 
0.010 0.997 0.157 0.953 1.000 
0.009 0.998 0.095 0.968 0.924 
0.014 0.997 0.055 0.980 1.000 
0.018 0.995 0.192 0.943 1.000 
0.022 0.994 0.164 0.955 0.969 
0.027 0.994 0.096 0.963 1.000 
0.011 0.997 0.130 0.958 1.000 
0.010 0.998 0.191 0.940 1.000 
0.010 0.997 0.151 0.960 1.000 
0.010 0.998 0.099 0.965 1.000 
0.013 0.995 0.326 0.930 1.000 
0.017 0.996 0.081 0.968 1.000 
0.014 0.997 0.163 0.948 1.000 
0.011 0.996 0.077 0.973 1.000 
0.027 0.994 0.075 0.973 1.000 
0.025 0.991 0.087 0.968 1.000 
0.012 0.996 0.091 0.970 1.000 
0.014 0.997 0.121 0.955 1.000 
0.018 0.995 0.228 0.915 1.000 
0.011 0.996 0.216 0.935 1.000 
0.020 0.994 0.136 0.953 1.000 
0.014 0.996 0.194 0.930 1.000 
0.013 0.997 0.126 0.953 1.000 
0.030 0.991 0.146 0.950 0.981 
0.014 0.997 0.133 0.955 1.000 
0.019 0.995 0.077 0.980 1.000 
0.018 0.996 0.116 0.953 1.000 
0.019 0.995 0.110 0.950 0.969 
0.010 0.997 0.135 0.953 0.943 
0.017 0.997 0.219 0.932 1.000 
0.020 0.994 0.045 0.985 0.763 
0.018 0.995 0.202 0.948 0.794 
0.011 0.998 0.145 0.958 0.985 
0.023 0.994 0.116 0.960 0.981 
0.034 0.992 0.139 0.940 0.950 
0.013 0.995 0.171 0.943 0.973 
0.018 0.995 0.063 0.975 0.893 
0.015 0.997 0.309 0.910 0.989 
0.015 0.996 0.121 0.963 0.897 
0.012 0.996 0.121 0.963 0.985 
0.017 0.993 0.049 0.980 0.935 
0.017 0.995 0.265 0.940 0.874 
0.021 0.995 0.164 0.948 0.916 
0.010 0.997 0.178 0.960 0.824 
0.017 0.995 0.135 0.960 0.927 
0.025 0.995 0.092 0.968 0.901 
0.016 0.994 0.076 0.968 0.989 
0.018 0.994 0.198 0.935 0.966 
0.016 0.995 0.141 0.960 0.996 
0.016 0.997 0.114 0.960 0.927 
0.010 0.997 0.206 0.950 0.989 
0.020 0.994 0.155 0.953 0.992 
0.025 0.997 0.153 0.955 1.000 
0.018 0.995 0.078 0.978 1.000 
0.018 0.995 0.074 0.970 1.000 
0.017 0.995 0.164 0.950 0.817 
0.017 0.995 0.141 0.958 1.000 
0.015 0.995 0.252 0.925 0.889 
0.010 0.997 0.100 0.970 1.000 
0.020 0.995 0.094 0.975 1.000 
0.036 0.993 0.099 0.973 1.000 
0.021 0.996 0.167 0.960 0.989 
0.024 0.997 0.063 0.978 0.947 
0.022 0.995 0.108 0.965 0.996 
0.007 0.998 0.094 0.973 1.000 
0.008 0.997 0.222 0.938 1.000 
0.014 0.996 0.136 0.963 1.000 
0.013 0.994 0.142 0.955 0.981 
0.013 0.995 0.119 0.980 0.954 
0.018 0.995 0.087 0.973 1.000 
0.015 0.994 0.117 0.963 1.000 
0.015 0.994 0.082 0.980 1.000 
0.036 0.993 0.092 0.970 1.000 
0.016 0.998 0.120 0.955 1.000 
0.030 0.995 0.069 0.975 0.985 
0.008 0.997 0.133 0.950 1.000 
0.018 0.995 0.165 0.935 1.000 
0.018 0.995 0.161 0.945 1.000 
0.017 0.994 0.095 0.960 1.000 
0.024 0.995 0.090 0.973 0.908 
0.005 0.998 0.107 0.960 1.000 
0.016 0.996 0.199 0.943 0.973 
0.013 0.997 0.164 0.953 0.985 
0.023 0.995 0.117 0.955 0.992 
0.012 0.997 0.066 0.975 1.000 
0.015 0.995 0.194 0.943 1.000 
0.024 0.994 0.078 0.970 1.000 
0.010 0.996 0.108 0.958 1.000 
0.017 0.995 0.120 0.955 1.000 
0.024 0.995 0.067 0.973 1.000 
0.018 0.996 0.067 0.978 1.000 
0.017 0.995 0.076 0.978 1.000 
0.025 0.995 0.081 0.978 1.000 
0.026 0.993 0.056 0.983 1.000 
0.013 0.995 0.062 0.983 1.000 
0.019 0.995 0.075 0.968 1.000 
0.025 0.994 0.049 0.985 0.985 
0.013 0.996 0.076 0.970 0.989 
0.017 0.995 0.150 0.945 1.000 
0.009 0.999 0.079 0.968 0.901 
0.016 0.995 0.109 0.963 1.000 
0.015 0.995 0.105 0.973 0.958 
0.012 0.997 0.057 0.985 1.000 
0.019 0.997 0.059 0.980 1.000 
0.018 0.995 0.222 0.938 1.000 
0.011 0.996 0.069 0.975 1.000 
0.020 0.994 0.103 0.960 1.000 
0.015 0.996 0.091 0.965 1.000 
0.018 0.995 0.084 0.973 1.000 
0.032 0.995 0.125 0.955 1.000 
0.014 0.995 0.202 0.932 1.000 
0.014 0.997 0.105 0.963 1.000 
0.010 0.998 0.060 0.980 1.000 
0.019 0.995 0.122 0.960 1.000 
0.019 0.994 0.139 0.973 1.000 
0.010 0.997 0.067 0.983 1.000 
0.018 0.995 0.075 0.975 1.000 
0.010 0.996 0.072 0.978 1.000 
0.008 0.998 0.071 0.978 1.000 
0.007 0.996 0.073 0.985 1.000 
0.021 0.994 0.110 0.955 1.000 
0.021 0.994 0.084 0.965 1.000 
0.013 0.996 0.084 0.970 1.000 
0.010 0.996 0.069 0.978 1.000 
0.007 0.998 0.129 0.970 1.000 
0.019 0.995 0.201 0.940 1.000 
0.017 0.996 0.106 0.968 0.985 
0.012 0.996 0.072 0.985 1.000 
0.015 0.993 0.125 0.963 0.725 
0.016 0.994 0.058 0.978 1.000 
0.008 0.996 0.094 0.970 0.966 
0.014 0.996 0.141 0.958 0.985 
0.025 0.993 0.079 0.978 1.000 
0.020 0.995 0.301 0.945 0.935 
0.027 0.994 0.155 0.950 1.000 
0.016 0.997 0.150 0.950 1.000 
0.009 0.998 0.252 0.938 1.000 
0.007 0.999 0.134 0.963 1.000 
0.022 0.995 0.211 0.940 1.000 
0.021 0.995 0.183 0.943 1.000 
0.027 0.995 0.231 0.925 1.000 
0.014 0.997 0.167 0.950 1.000 
0.017 0.995 0.156 0.948 1.000 
0.012 0.996 0.117 0.960 1.000 
0.010 0.997 0.165 0.953 0.958 
0.009 0.998 0.162 0.940 1.000 
0.023 0.994 0.216 0.932 1.000 
0.010 0.998 0.112 0.958 1.000 
0.012 0.997 0.088 0.970 0.996 
0.010 0.997 0.219 0.930 1.000 
0.010 0.994 0.111 0.968 1.000 
0.015 0.996 0.071 0.973 1.000 
0.019 0.995 0.079 0.973 1.000 
0.008 0.998 0.114 0.968 1.000 
0.011 0.997 0.114 0.975 1.000 
0.017 0.995 0.077 0.973 1.000 
0.014 0.997 0.061 0.980 1.000 
0.016 0.995 0.096 0.965 1.000 
0.013 0.994 0.070 0.970 1.000 
0.018 0.995 0.089 0.968 1.000 
0.022 0.994 0.084 0.968 1.000 
0.019 0.997 0.081 0.973 1.000 
0.017 0.994 0.116 0.960 1.000 
0.011 0.997 0.087 0.970 1.000 
0.021 0.995 0.061 0.983 1.000 
0.016 0.995 0.129 0.958 1.000 
0.011 0.995 0.061 0.988 0.996 
0.020 0.995 0.105 0.970 1.000 
0.013 0.995 0.071 0.978 0.992 
0.009 0.997 0.038 0.990 0.996 
0.010 0.999 0.137 0.958 1.000 
0.010 0.997 0.173 0.955 0.996 
0.016 0.997 0.187 0.950 1.000 
0.014 0.996 0.075 0.975 1.000 
0.028 0.995 0.053 0.990 1.000 
0.032 0.994 0.101 0.968 1.000 
0.021 0.994 0.169 0.938 1.000 
0.022 0.993 0.157 0.932 1.000 
0.010 0.997 0.082 0.970 1.000 
0.016 0.997 0.093 0.975 1.000 
0.017 0.994 0.044 0.988 1.000 
0.016 0.995 0.111 0.955 1.000 
0.016 0.995 0.136 0.950 1.000 
0.020 0.992 0.096 0.963 1.000 
0.010 0.997 0.079 0.983 0.935 
0.013 0.994 0.146 0.955 1.000 
0.011 0.996 0.063 0.983 0.962 
0.021 0.995 0.082 0.975 1.000 
0.014 0.995 0.093 0.983 0.851 
0.010 0.996 0.193 0.938 1.000 
0.008 0.997 0.068 0.985 1.000 
0.015 0.997 0.085 0.963 0.992 
0.016 0.996 0.142 0.955 1.000 
0.007 0.999 0.049 0.988 1.000 
0.024 0.994 0.171 0.943 1.000 
0.030 0.995 0.081 0.973 1.000 
0.008 0.999 0.061 0.980 0.981 
0.012 0.996 0.169 0.948 1.000 
0.015 0.995 0.110 0.968 1.000 
0.015 0.996 0.231 0.927 1.000 
0.018 0.996 0.053 0.983 1.000 
0.017 0.993 0.149 0.950 1.000 
0.019 0.994 0.054 0.983 1.000 
0.015 0.994 0.190 0.925 1.000 
0.009 0.997 0.075 0.980 0.996 
0.016 0.996 0.143 0.953 1.000 
0.014 0.997 0.071 0.978 0.958 
0.013 0.995 0.126 0.965 1.000 
0.023 0.994 0.146 0.953 1.000 
0.008 0.997 0.218 0.945 1.000 
0.015 0.996 0.076 0.988 1.000 
0.016 0.997 0.112 0.968 1.000 
0.013 0.995 0.129 0.968 1.000 
0.015 0.995 0.158 0.958 1.000 
0.012 0.996 0.069 0.985 0.824 
0.017 0.994 0.097 0.980 1.000 
0.020 0.997 0.159 0.963 1.000 
0.014 0.995 0.085 0.975 1.000 
0.029 0.991 0.227 0.958 0.950 
0.020 0.995 0.180 0.945 1.000 
0.014 0.997 0.130 0.963 1.000 
0.029 0.994 0.061 0.985 1.000 
0.020 0.995 0.119 0.963 1.000 
0.012 0.997 0.184 0.950 1.000 
0.008 0.997 0.105 0.970 1.000 
0.023 0.995 0.075 0.970 1.000 
0.009 0.997 0.145 0.960 1.000 
0.011 0.996 0.188 0.968 0.989 
0.017 0.995 0.160 0.958 1.000 
0.009 0.998 0.185 0.953 1.000 
0.013 0.995 0.114 0.968 1.000 
0.016 0.996 0.106 0.973 0.966 
0.016 0.996 0.113 0.965 1.000 
0.019 0.995 0.130 0.965 0.985 
0.011 0.996 0.312 0.935 1.000 
0.012 0.996 0.237 0.938 1.000 
0.011 0.994 0.084 0.988 0.996 
0.020 0.997 0.121 0.965 1.000 
0.012 0.995 0.310 0.953 1.000 
0.014 0.998 0.156 0.958 1.000 
0.012 0.997 0.053 0.985 1.000 
0.024 0.994 0.075 0.975 1.000 
0.013 0.997 0.070 0.980 1.000 
0.017 0.995 0.096 0.968 1.000 
0.032 0.991 0.093 0.968 1.000 
0.019 0.994 0.068 0.980 1.000 
0.015 0.995 0.074 0.973 1.000 
0.010 0.997 0.162 0.953 1.000 
0.016 0.994 0.268 0.963 1.000 
0.012 0.997 0.073 0.975 1.000 
0.012 0.996 0.175 0.948 1.000 
0.009 0.998 0.085 0.983 1.000 
0.011 0.995 0.087 0.975 1.000 
0.015 0.997 0.137 0.953 1.000 
0.014 0.996 0.162 0.950 1.000 
0.010 0.998 0.134 0.968 1.000 
0.012 0.995 0.094 0.978 1.000 
0.017 0.996 0.222 0.930 1.000 
0.040 0.991 0.087 0.968 1.000 
0.013 0.997 0.069 0.978 1.000 
0.010 0.997 0.084 0.973 1.000 
0.017 0.997 0.117 0.958 1.000 
0.010 0.995 0.104 0.970 1.000 
0.019 0.998 0.098 0.963 1.000 
0.021 0.993 0.057 0.985 1.000 
0.008 0.997 0.075 0.978 1.000 
0.003 0.999 0.093 0.980 1.000 
0.008 0.999 0.059 0.985 1.000 
0.015 0.997 0.136 0.958 1.000 
0.017 0.994 0.095 0.970 1.000 
0.039 0.991 0.073 0.978 1.000 
0.017 0.996 0.078 0.973 1.000 
0.011 0.996 0.082 0.973 1.000 
0.018 0.994 0.081 0.970 1.000 
0.009 0.997 0.209 0.940 1.000 
0.018 0.997 0.080 0.975 1.000 
0.008 0.997 0.136 0.958 1.000 
0.030 0.992 0.136 0.953 1.000 
0.019 0.993 0.068 0.975 1.000 
0.010 0.996 0.166 0.950 1.000 
0.016 0.994 0.093 0.970 1.000 
0.015 0.996 0.079 0.973 1.000 
0.018 0.997 0.083 0.975 1.000 
0.015 0.993 0.069 0.975 1.000 
0.015 0.994 0.098 0.965 1.000 
0.015 0.994 0.132 0.958 0.996 
0.014 0.995 0.075 0.973 1.000 
0.015 0.995 0.105 0.968 1.000 
0.014 0.996 0.110 0.958 1.000 
0.015 0.997 0.085 0.975 1.000 
0.017 0.996 0.123 0.963 0.996 
0.009 0.996 0.268 0.945 1.000 
0.014 0.998 0.131 0.958 1.000 
0.018 0.994 0.186 0.945 1.000 
0.021 0.994 0.068 0.975 1.000 
0.013 0.996 0.145 0.953 1.000 
0.013 0.994 0.052 0.988 1.000 
0.009 0.998 0.098 0.968 1.000 
0.011 0.998 0.053 0.988 1.000 
0.021 0.994 0.047 0.988 1.000 
0.011 0.997 0.115 0.958 1.000 
0.016 0.996 0.079 0.985 0.996 
0.014 0.995 0.255 0.915 1.000 
0.009 0.997 0.107 0.975 1.000 
0.008 0.998 0.106 0.980 1.000 
0.017 0.994 0.070 0.975 1.000 
0.011 0.998 0.107 0.985 0.828 
0.013 0.997 0.171 0.953 1.000 
0.010 0.997 0.083 0.988 0.977 
0.024 0.994 0.098 0.973 1.000 
0.009 0.998 0.077 0.983 1.000 
0.018 0.993 0.149 0.950 1.000 
0.015 0.996 0.178 0.945 1.000 
0.014 0.996 0.122 0.965 1.000 
0.018 0.994 0.100 0.965 1.000 
0.021 0.995 0.066 0.980 1.000 
0.022 0.997 0.118 0.973 0.992 
0.029 0.995 0.181 0.945 1.000 
0.006 0.998 0.087 0.970 1.000 
0.016 0.995 0.120 0.963 1.000 
0.018 0.996 0.081 0.975 1.000 
0.012 0.998 0.058 0.985 1.000 
0.012 0.997 0.065 0.983 1.000 
0.010 0.998 0.165 0.963 1.000 
0.021 0.994 0.098 0.970 1.000 
0.011 0.997 0.092 0.970 1.000 
0.012 0.997 0.115 0.963 1.000 
0.011 0.997 0.097 0.973 0.996 
0.025 0.995 0.146 0.953 1.000 
0.016 0.996 0.065 0.985 1.000 
0.006 0.999 0.078 0.975 1.000 
0.012 0.997 0.066 0.988 1.000 
0.017 0.995 0.040 0.990 1.000 
0.014 0.996 0.158 0.948 1.000 
0.012 0.997 0.262 0.917 1.000 
0.013 0.997 0.100 0.973 1.000 
0.016 0.996 0.071 0.978 1.000 
0.025 0.993 0.118 0.973 0.992 
0.012 0.997 0.112 0.963 1.000 
0.014 0.995 0.263 0.935 0.996 
0.022 0.994 0.058 0.978 1.000 
0.035 0.996 0.179 0.945 1.000 
0.010 0.998 0.049 0.988 1.000 
0.018 0.994 0.133 0.955 1.000 
0.013 0.996 0.054 0.978 1.000 
0.019 0.993 0.119 0.958 1.000 
0.028 0.994 0.164 0.940 0.996 
0.009 0.997 0.079 0.973 1.000 
0.016 0.996 0.086 0.965 0.981 
0.009 0.997 0.132 0.965 0.996 
0.020 0.996 0.068 0.975 1.000 
0.009 0.997 0.153 0.955 0.996 
0.024 0.994 0.100 0.968 0.935 
0.027 0.994 0.047 0.988 0.996 
0.010 0.997 0.069 0.975 1.000 
0.021 0.994 0.073 0.983 0.996 
0.012 0.995 0.072 0.985 1.000 
0.016 0.997 0.078 0.975 0.996 
0.010 0.997 0.099 0.970 0.989 
0.014 0.998 0.133 0.960 1.000 
0.008 0.998 0.120 0.965 0.996 
0.021 0.995 0.121 0.970 0.996 
0.008 0.997 0.423 0.927 1.000 
0.020 0.996 0.056 0.988 1.000 
0.010 0.997 0.084 0.983 1.000 
0.017 0.994 0.071 0.978 1.000 
0.016 0.995 0.081 0.973 1.000 
0.017 0.995 0.133 0.965 0.977 
0.021 0.994 0.120 0.965 1.000 
0.021 0.995 0.075 0.985 1.000 
0.027 0.994 0.190 0.930 1.000 
0.008 0.997 0.067 0.988 1.000 
0.009 0.997 0.086 0.988 0.989 
0.010 0.996 0.103 0.968 1.000 
0.019 0.995 0.103 0.968 1.000 
0.015 0.997 0.116 0.965 1.000 
0.009 0.998 0.085 0.980 0.996 
0.020 0.994 0.089 0.973 1.000 
0.014 0.994 0.110 0.973 0.996 
0.010 0.997 0.250 0.940 1.000 
0.018 0.995 0.087 0.973 0.996 
0.017 0.994 0.120 0.965 1.000 
0.011 0.998 0.077 0.980 1.000 
0.014 0.997 0.085 0.980 0.996 
0.011 0.998 0.052 0.990 0.996 
0.027 0.995 0.114 0.963 0.996 
0.013 0.997 0.117 0.970 0.996 
0.018 0.995 0.065 0.983 1.000 
0.017 0.997 0.077 0.980 0.996 
0.015 0.992 0.087 0.970 1.000 
0.007 0.997 0.163 0.963 1.000 
0.020 0.994 0.118 0.968 1.000 
0.007 0.997 0.129 0.965 1.000 
0.012 0.998 0.083 0.983 0.989 
0.012 0.995 0.161 0.963 0.977 
0.017 0.995 0.058 0.988 0.996 
0.016 0.995 0.252 0.917 1.000 
0.005 0.999 0.133 0.963 1.000 
0.019 0.996 0.069 0.978 1.000 
0.013 0.996 0.113 0.960 1.000 
0.013 0.995 0.097 0.975 1.000 
0.007 0.998 0.152 0.963 1.000 
0.022 0.995 0.097 0.975 0.992 
0.011 0.997 0.050 0.985 0.985 
0.007 0.998 0.101 0.973 0.985 
0.018 0.995 0.094 0.973 0.996 
0.015 0.995 0.146 0.955 0.996 
0.021 0.995 0.126 0.958 1.000 
0.012 0.996 0.314 0.935 1.000 
0.016 0.995 0.132 0.963 0.989 
0.009 0.998 0.081 0.970 1.000 
0.009 0.997 0.137 0.965 0.996 
0.012 0.997 0.140 0.968 0.943 
0.018 0.995 0.126 0.960 0.996 
0.010 0.997 0.326 0.917 1.000 
0.014 0.996 0.082 0.975 0.996 
0.017 0.994 0.187 0.955 0.969 
0.006 0.997 0.094 0.975 0.996 
0.049 0.994 0.116 0.965 0.996 
0.010 0.996 0.101 0.968 1.000 
0.015 0.997 0.131 0.958 1.000 
0.027 0.993 0.152 0.940 0.996 
0.016 0.996 0.142 0.955 0.996 
