0.426 0.824 0.187 0.950 0.034 
0.300 0.884 0.271 0.887 0.103 
0.263 0.902 0.144 0.948 0.179 
0.244 0.906 0.226 0.953 0.022 
0.212 0.923 0.087 0.985 0.633 
0.211 0.932 0.100 0.985 0.796 
0.200 0.931 0.119 0.963 0.574 
0.201 0.928 0.154 0.983 0.737 
0.187 0.932 0.108 0.968 0.649 
0.177 0.937 0.092 0.985 0.897 
0.176 0.936 0.103 0.973 0.677 
0.171 0.941 0.123 0.985 0.856 
0.172 0.935 0.080 0.988 0.796 
0.158 0.941 0.075 0.985 0.875 
0.151 0.948 0.083 0.983 0.768 
0.158 0.947 0.120 0.980 0.906 
0.158 0.939 0.106 0.983 0.790 
0.147 0.948 0.076 0.978 0.887 
0.157 0.947 0.099 0.970 0.837 
0.149 0.951 0.057 0.988 0.865 
0.161 0.947 0.110 0.988 0.925 
0.137 0.956 0.099 0.980 0.818 
0.138 0.949 0.082 0.990 0.900 
0.138 0.953 0.084 0.985 0.878 
0.137 0.951 0.091 0.988 0.903 
0.146 0.949 0.073 0.993 0.871 
0.128 0.956 0.103 0.980 0.912 
0.122 0.957 0.091 0.983 0.903 
0.126 0.959 0.064 0.988 0.821 
0.136 0.955 0.096 0.985 0.903 
0.137 0.951 0.090 0.990 0.897 
0.125 0.961 0.078 0.988 0.900 
0.140 0.950 0.097 0.990 0.850 
0.130 0.958 0.094 0.975 0.865 
0.126 0.959 0.083 0.993 0.906 
0.132 0.957 0.057 0.990 0.834 
0.111 0.963 0.066 0.995 0.884 
0.115 0.959 0.081 0.990 0.871 
0.118 0.965 0.066 0.985 0.875 
0.112 0.963 0.076 0.990 0.871 
0.124 0.960 0.099 0.988 0.934 
0.097 0.968 0.060 0.993 0.862 
0.119 0.961 0.070 0.990 0.900 
0.104 0.961 0.083 0.988 0.915 
0.102 0.972 0.058 0.988 0.865 
0.123 0.959 0.142 0.990 0.915 
0.104 0.970 0.065 0.988 0.925 
0.118 0.959 0.095 0.985 0.862 
0.102 0.969 0.081 0.988 0.840 
0.121 0.957 0.085 0.988 0.890 
0.104 0.963 0.075 0.985 0.843 
0.094 0.969 0.078 0.980 0.843 
0.112 0.968 0.073 0.988 0.881 
0.111 0.961 0.074 0.990 0.912 
0.115 0.961 0.060 0.990 0.906 
0.101 0.970 0.051 0.993 0.881 
0.112 0.960 0.077 0.985 0.799 
0.109 0.959 0.093 0.983 0.922 
0.099 0.966 0.075 0.985 0.893 
0.102 0.970 0.107 0.978 0.837 
0.102 0.972 0.086 0.988 0.887 
0.096 0.968 0.114 0.988 0.890 
0.094 0.970 0.096 0.988 0.884 
0.108 0.967 0.118 0.983 0.944 
0.091 0.970 0.078 0.988 0.909 
0.107 0.963 0.089 0.985 0.922 
0.087 0.968 0.054 0.985 0.900 
0.090 0.970 0.119 0.980 0.953 
0.091 0.969 0.096 0.983 0.922 
0.091 0.968 0.075 0.988 0.868 
0.081 0.974 0.071 0.983 0.900 
0.089 0.968 0.067 0.990 0.859 
0.077 0.976 0.093 0.990 0.865 
0.098 0.966 0.102 0.985 0.937 
0.109 0.965 0.166 0.990 0.915 
0.101 0.968 0.119 0.985 0.897 
0.090 0.972 0.090 0.985 0.925 
0.088 0.972 0.097 0.975 0.868 
0.081 0.972 0.107 0.985 0.906 
0.089 0.968 0.156 0.980 0.962 
0.084 0.973 0.115 0.985 0.931 
0.095 0.972 0.069 0.988 0.893 
0.101 0.968 0.133 0.990 0.890 
0.082 0.973 0.095 0.983 0.940 
0.099 0.968 0.109 0.988 0.922 
0.098 0.969 0.085 0.990 0.915 
0.078 0.975 0.067 0.993 0.868 
0.092 0.971 0.083 0.990 0.818 
0.082 0.972 0.078 0.993 0.865 
0.078 0.972 0.088 0.980 0.897 
0.086 0.973 0.083 0.985 0.903 
0.083 0.976 0.092 0.988 0.912 
0.091 0.968 0.064 0.988 0.909 
0.085 0.969 0.089 0.988 0.931 
0.070 0.977 0.060 0.990 0.834 
0.072 0.975 0.094 0.978 0.824 
0.074 0.975 0.074 0.990 0.900 
0.074 0.977 0.158 0.980 0.937 
0.082 0.974 0.082 0.990 0.900 
0.085 0.973 0.064 0.988 0.893 
0.084 0.972 0.081 0.988 0.928 
0.074 0.976 0.102 0.988 0.925 
0.077 0.976 0.081 0.988 0.937 
0.072 0.974 0.088 0.988 0.931 
0.077 0.970 0.065 0.988 0.890 
0.073 0.978 0.108 0.990 0.862 
0.097 0.972 0.111 0.988 0.931 
0.076 0.975 0.073 0.988 0.909 
0.074 0.980 0.073 0.988 0.925 
0.079 0.976 0.084 0.985 0.897 
0.075 0.975 0.126 0.983 0.959 
0.084 0.970 0.133 0.980 0.862 
0.084 0.972 0.092 0.988 0.931 
0.068 0.976 0.088 0.990 0.840 
0.092 0.970 0.056 0.993 0.878 
0.072 0.974 0.083 0.988 0.922 
0.065 0.977 0.081 0.985 0.900 
0.076 0.973 0.049 0.990 0.690 
0.073 0.974 0.077 0.983 0.771 
0.076 0.978 0.085 0.990 0.918 
0.077 0.976 0.055 0.988 0.881 
0.086 0.974 0.114 0.980 0.950 
0.077 0.975 0.057 0.988 0.912 
0.078 0.972 0.073 0.990 0.915 
0.072 0.972 0.085 0.988 0.931 
0.072 0.977 0.074 0.983 0.912 
0.073 0.978 0.082 0.990 0.922 
0.059 0.984 0.097 0.985 0.893 
0.066 0.980 0.057 0.990 0.922 
0.078 0.973 0.113 0.980 0.937 
0.082 0.972 0.087 0.990 0.909 
0.080 0.969 0.068 0.990 0.928 
0.056 0.980 0.085 0.983 0.947 
0.075 0.972 0.070 0.990 0.887 
0.070 0.974 0.097 0.988 0.834 
0.059 0.980 0.108 0.983 0.940 
0.071 0.977 0.109 0.980 0.909 
0.071 0.977 0.106 0.978 0.784 
0.075 0.977 0.078 0.988 0.931 
0.074 0.973 0.097 0.973 0.931 
0.071 0.975 0.064 0.988 0.897 
0.070 0.977 0.136 0.975 0.922 
0.067 0.976 0.069 0.988 0.925 
0.074 0.976 0.055 0.988 0.897 
0.080 0.971 0.092 0.985 0.931 
0.059 0.979 0.093 0.980 0.906 
0.065 0.980 0.084 0.993 0.937 
0.074 0.974 0.123 0.990 0.900 
0.060 0.984 0.109 0.985 0.909 
0.066 0.980 0.082 0.988 0.928 
0.064 0.980 0.075 0.990 0.918 
0.065 0.977 0.078 0.990 0.947 
0.056 0.981 0.079 0.978 0.834 
0.081 0.973 0.096 0.975 0.909 
0.058 0.981 0.079 0.978 0.897 
0.053 0.982 0.071 0.990 0.909 
0.073 0.972 0.033 0.993 0.853 
0.067 0.978 0.052 0.988 0.903 
0.059 0.977 0.180 0.948 0.928 
0.069 0.977 0.118 0.988 0.934 
0.067 0.979 0.086 0.985 0.922 
0.072 0.978 0.069 0.990 0.890 
0.062 0.979 0.100 0.988 0.940 
0.070 0.977 0.067 0.988 0.893 
0.059 0.983 0.075 0.990 0.774 
0.058 0.984 0.110 0.985 0.944 
0.053 0.986 0.105 0.988 0.931 
0.067 0.978 0.075 0.995 0.809 
0.067 0.978 0.065 0.988 0.897 
0.072 0.977 0.124 0.978 0.950 
0.066 0.977 0.058 0.993 0.890 
0.060 0.981 0.065 0.990 0.875 
0.056 0.979 0.105 0.990 0.940 
0.070 0.975 0.054 0.990 0.906 
0.051 0.983 0.060 0.993 0.918 
0.063 0.980 0.056 0.985 0.903 
0.060 0.981 0.060 0.990 0.915 
0.075 0.979 0.063 0.993 0.881 
0.066 0.980 0.172 0.970 0.959 
0.078 0.979 0.164 0.968 0.975 
0.051 0.983 0.076 0.983 0.875 
0.072 0.973 0.093 0.990 0.906 
0.062 0.978 0.101 0.988 0.925 
0.058 0.981 0.094 0.985 0.931 
0.055 0.983 0.081 0.990 0.871 
0.057 0.986 0.110 0.978 0.862 
0.064 0.980 0.079 0.990 0.906 
0.057 0.980 0.099 0.985 0.934 
0.072 0.981 0.092 0.985 0.918 
0.061 0.980 0.087 0.988 0.878 
0.055 0.982 0.086 0.990 0.900 
0.064 0.981 0.088 0.988 0.884 
0.062 0.978 0.070 0.988 0.837 
0.058 0.982 0.088 0.988 0.887 
0.050 0.984 0.086 0.990 0.903 
0.062 0.979 0.069 0.988 0.915 
0.068 0.978 0.183 0.978 0.931 
0.054 0.983 0.071 0.990 0.915 
0.069 0.975 0.043 0.988 0.850 
0.056 0.978 0.056 0.990 0.862 
0.059 0.982 0.115 0.990 0.918 
0.058 0.980 0.096 0.990 0.915 
0.072 0.979 0.090 0.990 0.906 
0.067 0.978 0.075 0.988 0.915 
0.060 0.981 0.067 0.985 0.893 
0.064 0.977 0.088 0.993 0.906 
0.049 0.985 0.126 0.990 0.912 
0.061 0.984 0.069 0.993 0.900 
0.057 0.978 0.081 0.985 0.925 
0.056 0.981 0.069 0.983 0.897 
0.064 0.982 0.079 0.990 0.940 
0.047 0.982 0.070 0.988 0.903 
0.050 0.983 0.118 0.985 0.947 
0.059 0.985 0.081 0.988 0.934 
0.061 0.981 0.077 0.990 0.922 
0.048 0.985 0.054 0.990 0.918 
0.069 0.978 0.059 0.988 0.909 
0.076 0.973 0.100 0.978 0.915 
0.064 0.980 0.052 0.990 0.887 
0.061 0.981 0.132 0.973 0.959 
0.052 0.981 0.056 0.988 0.884 
0.070 0.979 0.063 0.993 0.903 
0.049 0.982 0.064 0.993 0.918 
0.057 0.984 0.059 0.988 0.909 
0.049 0.981 0.068 0.988 0.928 
0.053 0.981 0.067 0.983 0.900 
0.050 0.980 0.122 0.968 0.940 
0.044 0.986 0.073 0.985 0.918 
0.059 0.981 0.074 0.988 0.871 
0.055 0.981 0.067 0.990 0.893 
0.044 0.986 0.090 0.983 0.928 
0.051 0.985 0.052 0.993 0.906 
0.055 0.985 0.097 0.988 0.944 
0.052 0.984 0.064 0.990 0.931 
0.050 0.983 0.065 0.988 0.912 
0.058 0.982 0.083 0.993 0.871 
0.051 0.983 0.135 0.973 0.966 
0.056 0.983 0.079 0.988 0.940 
0.060 0.981 0.073 0.988 0.922 
0.052 0.985 0.080 0.990 0.887 
0.055 0.982 0.097 0.988 0.925 
0.045 0.986 0.076 0.990 0.850 
0.057 0.982 0.040 0.993 0.881 
0.052 0.981 0.070 0.993 0.897 
0.058 0.980 0.058 0.988 0.906 
0.047 0.985 0.138 0.985 0.922 
0.060 0.978 0.116 0.985 0.940 
0.048 0.986 0.070 0.988 0.865 
0.068 0.976 0.084 0.985 0.890 
0.045 0.985 0.094 0.988 0.915 
0.042 0.987 0.113 0.990 0.934 
0.048 0.983 0.085 0.988 0.890 
0.047 0.986 0.112 0.990 0.925 
0.042 0.988 0.054 0.995 0.884 
0.051 0.980 0.143 0.985 0.937 
0.048 0.985 0.104 0.988 0.922 
0.050 0.982 0.117 0.988 0.947 
0.044 0.987 0.078 0.990 0.900 
0.050 0.984 0.157 0.990 0.950 
0.059 0.978 0.143 0.988 0.912 
0.057 0.982 0.048 0.993 0.850 
0.052 0.983 0.170 0.988 0.940 
0.067 0.977 0.168 0.990 0.947 
0.050 0.984 0.114 0.990 0.918 
0.051 0.983 0.094 0.980 0.890 
0.047 0.984 0.093 0.993 0.947 
0.055 0.983 0.079 0.988 0.884 
0.033 0.988 0.105 0.988 0.934 
0.044 0.986 0.093 0.988 0.918 
0.039 0.985 0.107 0.988 0.931 
0.047 0.986 0.086 0.990 0.900 
0.052 0.985 0.055 0.993 0.900 
0.057 0.980 0.080 0.990 0.918 
0.060 0.981 0.153 0.983 0.953 
0.046 0.984 0.095 0.988 0.925 
0.056 0.982 0.059 0.988 0.871 
0.048 0.986 0.100 0.988 0.925 
0.045 0.982 0.105 0.988 0.915 
0.067 0.977 0.144 0.990 0.928 
0.047 0.981 0.137 0.985 0.937 
0.053 0.982 0.120 0.995 0.865 
0.045 0.984 0.187 0.990 0.918 
0.058 0.980 0.141 0.985 0.931 
0.052 0.981 0.094 0.993 0.912 
0.057 0.981 0.133 0.985 0.934 
0.055 0.984 0.121 0.985 0.903 
0.050 0.986 0.126 0.990 0.934 
0.061 0.985 0.095 0.995 0.906 
0.054 0.985 0.099 0.988 0.909 
0.047 0.982 0.067 0.990 0.922 
0.045 0.984 0.099 0.978 0.912 
0.044 0.984 0.072 0.988 0.906 
0.052 0.983 0.053 0.985 0.897 
0.055 0.980 0.051 0.990 0.850 
0.051 0.985 0.110 0.988 0.940 
0.055 0.984 0.080 0.985 0.928 
0.055 0.982 0.062 0.988 0.900 
0.047 0.986 0.125 0.980 0.947 
0.051 0.983 0.083 0.990 0.937 
0.044 0.988 0.057 0.990 0.893 
0.048 0.985 0.072 0.990 0.940 
0.047 0.988 0.063 0.993 0.918 
0.058 0.984 0.070 0.990 0.915 
0.058 0.982 0.114 0.990 0.944 
0.045 0.988 0.101 0.993 0.937 
0.046 0.986 0.073 0.988 0.900 
0.045 0.986 0.065 0.993 0.915 
0.063 0.979 0.053 0.988 0.853 
0.057 0.982 0.076 0.985 0.912 
0.052 0.984 0.076 0.990 0.940 
0.053 0.980 0.067 0.990 0.897 
0.049 0.984 0.090 0.993 0.887 
0.062 0.979 0.093 0.988 0.906 
0.049 0.983 0.056 0.990 0.887 
0.057 0.977 0.082 0.993 0.931 
0.053 0.986 0.164 0.993 0.928 
0.046 0.988 0.160 0.988 0.925 
0.052 0.987 0.145 0.990 0.915 
0.044 0.988 0.108 0.990 0.934 
0.047 0.985 0.079 0.990 0.897 
0.058 0.980 0.191 0.985 0.950 
0.047 0.986 0.149 0.988 0.937 
0.056 0.986 0.159 0.988 0.934 
0.036 0.989 0.094 0.985 0.856 
0.061 0.981 0.089 0.993 0.940 
0.037 0.988 0.090 0.988 0.944 
0.039 0.986 0.088 0.985 0.903 
0.058 0.982 0.194 0.963 0.947 
0.044 0.985 0.106 0.988 0.931 
0.044 0.989 0.161 0.988 0.915 
0.058 0.985 0.090 0.990 0.906 
0.048 0.985 0.082 0.985 0.912 
0.040 0.987 0.118 0.983 0.947 
0.055 0.982 0.164 0.963 0.893 
0.049 0.985 0.095 0.990 0.928 
0.053 0.985 0.079 0.990 0.934 
0.052 0.981 0.081 0.988 0.928 
0.049 0.985 0.066 0.990 0.928 
0.062 0.982 0.146 0.978 0.947 
0.040 0.986 0.131 0.990 0.940 
0.054 0.985 0.082 0.990 0.909 
0.065 0.982 0.073 0.983 0.922 
0.049 0.984 0.061 0.988 0.922 
0.045 0.988 0.068 0.985 0.925 
0.052 0.986 0.071 0.990 0.912 
0.049 0.984 0.077 0.983 0.893 
0.051 0.981 0.061 0.985 0.900 
0.042 0.988 0.076 0.990 0.940 
0.038 0.988 0.063 0.990 0.915 
0.050 0.986 0.093 0.990 0.940 
0.049 0.985 0.064 0.990 0.828 
0.033 0.987 0.074 0.988 0.940 
0.045 0.983 0.247 0.930 0.906 
0.032 0.994 0.102 0.978 0.890 
0.042 0.988 0.080 0.983 0.912 
0.048 0.980 0.083 0.993 0.856 
0.041 0.984 0.085 0.983 0.931 
0.036 0.986 0.061 0.990 0.884 
0.041 0.988 0.237 0.975 0.947 
0.040 0.986 0.092 0.983 0.900 
0.041 0.982 0.067 0.983 0.893 
0.049 0.985 0.202 0.983 0.956 
0.044 0.986 0.140 0.970 0.915 
0.052 0.986 0.094 0.993 0.918 
0.030 0.993 0.082 0.995 0.918 
0.061 0.980 0.124 0.988 0.950 
0.049 0.982 0.053 0.985 0.693 
0.045 0.986 0.128 0.985 0.915 
0.054 0.987 0.086 0.980 0.843 
0.048 0.986 0.159 0.988 0.950 
0.045 0.980 0.071 0.988 0.906 
0.057 0.982 0.093 0.990 0.931 
0.046 0.984 0.091 0.990 0.918 
0.044 0.986 0.127 0.980 0.890 
0.048 0.986 0.118 0.990 0.912 
0.055 0.985 0.142 0.988 0.909 
0.047 0.982 0.112 0.990 0.918 
0.049 0.988 0.118 0.993 0.918 
0.041 0.986 0.110 0.990 0.903 
0.037 0.988 0.076 0.990 0.890 
0.042 0.986 0.171 0.988 0.934 
0.042 0.984 0.096 0.990 0.881 
0.033 0.991 0.195 0.985 0.940 
0.057 0.982 0.164 0.988 0.940 
0.051 0.985 0.188 0.988 0.953 
0.043 0.986 0.137 0.993 0.928 
0.042 0.988 0.115 0.983 0.893 
0.050 0.982 0.115 0.988 0.922 
0.046 0.985 0.256 0.993 0.947 
0.052 0.978 0.120 0.990 0.906 
0.037 0.989 0.059 0.990 0.878 
0.049 0.985 0.327 0.983 0.953 
0.053 0.985 0.130 0.985 0.906 
0.049 0.984 0.076 0.988 0.925 
0.055 0.984 0.129 0.988 0.947 
0.030 0.992 0.133 0.988 0.953 
0.050 0.982 0.119 0.990 0.934 
0.040 0.986 0.082 0.988 0.906 
0.052 0.984 0.106 0.990 0.940 
0.050 0.985 0.117 0.993 0.903 
0.044 0.985 0.102 0.993 0.909 
0.051 0.986 0.162 0.988 0.944 
0.036 0.984 0.048 0.988 0.871 
0.046 0.982 0.071 0.995 0.890 
0.038 0.986 0.076 0.985 0.956 
0.046 0.985 0.048 0.993 0.887 
0.037 0.984 0.093 0.988 0.947 
0.051 0.985 0.086 0.988 0.915 
0.049 0.984 0.155 0.988 0.950 
0.049 0.983 0.153 0.988 0.944 
0.041 0.984 0.138 0.978 0.912 
0.040 0.986 0.122 0.988 0.909 
0.043 0.989 0.269 0.990 0.944 
0.049 0.985 0.141 0.988 0.928 
0.042 0.986 0.094 0.985 0.890 
0.047 0.985 0.091 0.988 0.912 
0.050 0.982 0.086 0.990 0.906 
0.038 0.986 0.073 0.985 0.878 
0.037 0.987 0.106 0.985 0.903 
0.051 0.981 0.117 0.990 0.922 
0.040 0.988 0.092 0.985 0.909 
0.050 0.981 0.083 0.990 0.912 
0.047 0.986 0.070 0.990 0.906 
0.039 0.986 0.097 0.990 0.922 
0.045 0.989 0.124 0.990 0.931 
0.049 0.983 0.170 0.988 0.947 
0.051 0.984 0.098 0.990 0.915 
0.041 0.985 0.043 0.988 0.749 
0.036 0.990 0.071 0.988 0.906 
0.045 0.981 0.070 0.990 0.887 
0.043 0.990 0.103 0.988 0.947 
0.058 0.982 0.075 0.988 0.928 
0.038 0.986 0.106 0.988 0.944 
0.041 0.984 0.078 0.985 0.909 
0.043 0.989 0.168 0.990 0.947 
0.041 0.986 0.118 0.988 0.909 
0.037 0.989 0.116 0.990 0.944 
0.044 0.987 0.097 0.988 0.918 
0.047 0.986 0.067 0.985 0.900 
0.038 0.988 0.143 0.990 0.940 
0.057 0.983 0.068 0.988 0.925 
0.037 0.991 0.074 0.990 0.940 
0.038 0.986 0.135 0.988 0.950 
0.046 0.988 0.067 0.990 0.909 
0.040 0.989 0.107 0.990 0.937 
0.028 0.993 0.058 0.985 0.906 
0.059 0.981 0.390 0.920 0.953 
0.060 0.981 0.130 0.990 0.915 
0.036 0.989 0.240 0.988 0.950 
0.042 0.986 0.141 0.985 0.918 
0.036 0.986 0.186 0.990 0.944 
0.056 0.980 0.144 0.990 0.937 
0.040 0.988 0.122 0.988 0.944 
0.038 0.987 0.218 0.978 0.953 
0.043 0.985 0.101 0.993 0.934 
0.041 0.988 0.064 0.985 0.862 
0.040 0.988 0.106 0.988 0.925 
0.046 0.984 0.244 0.988 0.953 
0.051 0.985 0.083 0.990 0.909 
0.028 0.991 0.140 0.985 0.928 
0.044 0.988 0.095 0.990 0.928 
0.042 0.986 0.113 0.985 0.903 
0.041 0.985 0.082 0.985 0.940 
0.038 0.988 0.098 0.990 0.928 
0.041 0.988 0.215 0.985 0.928 
0.061 0.987 0.140 0.988 0.897 
0.041 0.990 0.089 0.988 0.884 
0.042 0.988 0.062 0.993 0.868 
0.035 0.986 0.179 0.988 0.928 
0.044 0.985 0.082 0.988 0.925 
0.032 0.990 0.070 0.990 0.909 
0.049 0.985 0.084 0.993 0.922 
0.041 0.986 0.080 0.990 0.928 
0.038 0.988 0.049 0.990 0.900 
0.036 0.986 0.131 0.990 0.918 
0.045 0.985 0.167 0.988 0.940 
0.037 0.985 0.100 0.995 0.897 
0.039 0.986 0.116 0.990 0.922 
0.046 0.986 0.067 0.993 0.843 
0.034 0.988 0.081 0.988 0.922 
0.040 0.986 0.082 0.990 0.900 
0.045 0.984 0.142 0.985 0.925 
0.038 0.989 0.129 0.990 0.934 
0.044 0.986 0.097 0.985 0.853 
0.047 0.986 0.212 0.980 0.950 
0.033 0.989 0.115 0.993 0.881 
0.056 0.984 0.218 0.985 0.950 
0.035 0.989 0.134 0.993 0.934 
0.039 0.989 0.147 0.990 0.934 
0.045 0.984 0.149 0.993 0.918 
0.045 0.984 0.180 0.988 0.947 
0.036 0.986 0.122 0.988 0.918 
0.053 0.985 0.106 0.993 0.912 
0.032 0.987 0.070 0.990 0.897 
0.040 0.988 0.190 0.988 0.915 
0.040 0.988 0.046 0.993 0.868 
0.038 0.985 0.036 0.995 0.878 
0.050 0.982 0.193 0.990 0.931 
0.031 0.989 0.204 0.990 0.937 
0.037 0.989 0.324 0.990 0.940 
0.040 0.986 0.282 0.988 0.934 
0.038 0.986 0.287 0.990 0.922 
0.053 0.984 0.259 0.988 0.947 
0.044 0.989 0.074 0.993 0.834 
0.042 0.986 0.110 0.988 0.922 
0.038 0.989 0.164 0.990 0.956 
0.050 0.985 0.067 0.988 0.853 
0.043 0.987 0.133 0.988 0.922 
0.039 0.985 0.255 0.993 0.918 
0.034 0.989 0.247 0.988 0.884 
0.074 0.984 0.182 0.990 0.937 
0.040 0.989 0.234 0.990 0.937 
0.033 0.989 0.272 0.988 0.944 
0.037 0.985 0.204 0.985 0.931 
0.033 0.989 0.148 0.993 0.912 
0.063 0.976 0.109 0.988 0.915 
0.036 0.989 0.058 0.990 0.903 
0.043 0.987 0.191 0.990 0.934 
0.035 0.989 0.164 0.990 0.922 
0.050 0.986 0.339 0.985 0.944 
0.033 0.989 0.152 0.985 0.897 
0.037 0.988 0.238 0.988 0.940 
0.051 0.982 0.192 0.988 0.912 
0.037 0.991 0.095 0.988 0.890 
0.050 0.984 0.197 0.985 0.912 
0.039 0.988 0.044 0.993 0.759 
0.054 0.987 0.130 0.990 0.912 
0.032 0.990 0.060 0.988 0.903 
0.038 0.987 0.194 0.988 0.922 
0.035 0.987 0.211 0.988 0.950 
0.027 0.991 0.269 0.990 0.944 
0.047 0.983 0.121 0.990 0.925 
0.040 0.985 0.204 0.990 0.940 
0.046 0.986 0.122 0.985 0.950 
0.023 0.993 0.114 0.985 0.953 
0.037 0.989 0.264 0.980 0.962 
0.039 0.989 0.235 0.988 0.950 
0.030 0.988 0.115 0.985 0.875 
0.037 0.989 0.316 0.990 0.934 
0.035 0.989 0.185 0.990 0.925 
0.053 0.984 0.127 0.990 0.915 
0.056 0.984 0.081 0.988 0.906 
0.035 0.990 0.071 0.988 0.859 
0.036 0.988 0.321 0.983 0.962 
0.035 0.990 0.117 0.985 0.937 
0.038 0.989 0.088 0.988 0.940 
0.044 0.983 0.079 0.988 0.909 
0.036 0.990 0.041 0.993 0.859 
0.030 0.990 0.184 0.985 0.922 
0.039 0.985 0.125 0.988 0.925 
0.031 0.990 0.089 0.990 0.918 
0.028 0.989 0.169 0.988 0.934 
0.044 0.986 0.051 0.993 0.850 
0.043 0.986 0.074 0.990 0.925 
0.040 0.987 0.106 0.990 0.944 
0.027 0.989 0.141 0.993 0.915 
0.033 0.991 0.135 0.973 0.897 
0.035 0.990 0.193 0.990 0.956 
0.039 0.988 0.120 0.988 0.922 
0.043 0.986 0.081 0.988 0.918 
0.045 0.985 0.122 0.988 0.931 
0.034 0.988 0.128 0.988 0.928 
0.037 0.985 0.031 0.995 0.856 
0.040 0.989 0.290 0.975 0.959 
0.045 0.986 0.118 0.985 0.912 
0.036 0.991 0.181 0.988 0.925 
0.031 0.989 0.217 0.988 0.953 
0.045 0.983 0.091 0.985 0.903 
0.036 0.989 0.081 0.990 0.903 
0.037 0.985 0.117 0.985 0.931 
0.045 0.984 0.041 0.988 0.881 
0.040 0.989 0.088 0.985 0.909 
0.033 0.989 0.099 0.993 0.934 
0.038 0.988 0.057 0.990 0.893 
0.027 0.988 0.052 0.990 0.912 
0.033 0.989 0.036 0.993 0.925 
0.041 0.985 0.064 0.990 0.934 
0.041 0.988 0.219 0.988 0.947 
0.039 0.988 0.098 0.990 0.928 
0.048 0.988 0.087 0.985 0.906 
0.032 0.990 0.069 0.985 0.875 
0.037 0.988 0.094 0.988 0.931 
0.030 0.989 0.105 0.988 0.922 
0.033 0.991 0.124 0.990 0.937 
0.049 0.989 0.136 0.985 0.937 
0.053 0.981 0.052 0.985 0.884 
0.039 0.986 0.111 0.988 0.940 
0.041 0.986 0.098 0.988 0.918 
0.039 0.987 0.120 0.985 0.909 
0.047 0.984 0.068 0.990 0.900 
0.034 0.991 0.135 0.988 0.928 
0.036 0.988 0.140 0.990 0.934 
0.038 0.989 0.085 0.985 0.900 
0.041 0.987 0.224 0.988 0.953 
0.042 0.986 0.135 0.985 0.944 
0.048 0.984 0.093 0.993 0.897 
0.037 0.990 0.089 0.993 0.900 
0.055 0.986 0.054 0.993 0.875 
0.040 0.985 0.064 0.993 0.918 
0.031 0.989 0.051 0.988 0.903 
0.040 0.985 0.101 0.988 0.922 
0.036 0.990 0.283 0.988 0.937 
0.029 0.990 0.152 0.985 0.912 
0.029 0.991 0.224 0.988 0.937 
0.052 0.983 0.139 0.990 0.906 
0.043 0.990 0.096 0.988 0.900 
0.040 0.988 0.141 0.990 0.947 
0.035 0.988 0.058 0.988 0.906 
0.047 0.985 0.132 0.990 0.925 
0.025 0.994 0.114 0.990 0.884 
0.037 0.989 0.125 0.990 0.931 
0.029 0.989 0.149 0.985 0.922 
0.037 0.986 0.046 0.990 0.893 
0.038 0.989 0.037 0.990 0.890 
0.049 0.985 0.167 0.988 0.897 
0.038 0.989 0.229 0.988 0.934 
0.030 0.986 0.120 0.985 0.881 
0.038 0.988 0.075 0.988 0.856 
0.035 0.988 0.163 0.988 0.878 
0.045 0.984 0.077 0.983 0.878 
0.038 0.989 0.170 0.988 0.931 
0.047 0.989 0.092 0.988 0.922 
0.030 0.989 0.201 0.988 0.940 
0.039 0.985 0.291 0.990 0.944 
0.052 0.985 0.087 0.990 0.912 
0.029 0.989 0.106 0.990 0.856 
0.094 0.985 0.179 0.985 0.912 
0.071 0.982 0.126 0.990 0.912 
0.034 0.987 0.189 0.990 0.944 
0.031 0.991 0.094 0.985 0.906 
0.040 0.985 0.118 0.988 0.893 
0.042 0.985 0.263 0.960 0.953 
0.044 0.988 0.127 0.988 0.925 
0.047 0.984 0.147 0.988 0.777 
0.046 0.986 0.137 0.988 0.915 
0.037 0.981 0.158 0.990 0.918 
0.049 0.984 0.252 0.985 0.947 
0.028 0.990 0.227 0.988 0.931 
0.033 0.991 0.402 0.988 0.947 
0.030 0.989 0.149 0.990 0.922 
0.046 0.985 0.169 0.990 0.953 
0.035 0.986 0.034 0.993 0.865 
0.037 0.988 0.174 0.990 0.934 
0.032 0.990 0.158 0.990 0.915 
0.041 0.984 0.188 0.990 0.928 
0.033 0.992 0.219 0.990 0.928 
0.049 0.988 0.288 0.983 0.953 
0.029 0.989 0.127 0.990 0.903 
0.046 0.985 0.084 0.988 0.846 
0.049 0.987 0.174 0.990 0.944 
0.033 0.991 0.112 0.988 0.922 
0.042 0.988 0.150 0.988 0.937 
0.029 0.991 0.198 0.985 0.962 
0.049 0.986 0.209 0.990 0.934 
0.039 0.989 0.279 0.985 0.912 
0.040 0.989 0.118 0.990 0.906 
0.034 0.988 0.108 0.990 0.915 
0.034 0.985 0.116 0.993 0.912 
0.029 0.988 0.190 0.990 0.928 
0.046 0.984 0.155 0.990 0.944 
0.034 0.990 0.072 0.993 0.918 
0.044 0.985 0.266 0.988 0.947 
0.033 0.988 0.204 0.993 0.925 
0.036 0.986 0.082 0.990 0.931 
0.027 0.991 0.131 0.988 0.947 
0.045 0.985 0.106 0.983 0.934 
0.041 0.987 0.115 0.988 0.909 
0.037 0.989 0.147 0.990 0.912 
0.042 0.991 0.108 0.988 0.909 
0.032 0.993 0.103 0.988 0.922 
0.042 0.988 0.105 0.988 0.875 
0.048 0.984 0.083 0.993 0.906 
0.032 0.988 0.085 0.990 0.893 
0.032 0.990 0.307 0.985 0.944 
0.028 0.991 0.081 0.985 0.912 
0.030 0.989 0.135 0.990 0.937 
0.040 0.988 0.139 0.990 0.931 
0.028 0.992 0.157 0.988 0.912 
0.053 0.985 0.157 0.985 0.893 
0.038 0.990 0.148 0.985 0.856 
0.042 0.985 0.136 0.988 0.881 
0.045 0.988 0.220 0.990 0.934 
0.035 0.986 0.417 0.988 0.900 
0.020 0.991 0.142 0.988 0.903 
0.046 0.990 0.175 0.990 0.928 
0.036 0.988 0.072 0.990 0.887 
0.043 0.988 0.090 0.993 0.881 
0.037 0.988 0.185 0.990 0.947 
0.044 0.987 0.064 0.990 0.893 
0.037 0.991 0.150 0.990 0.897 
0.028 0.991 0.306 0.990 0.909 
0.044 0.989 0.053 0.993 0.900 
0.032 0.992 0.146 0.985 0.944 
0.039 0.984 0.136 0.993 0.934 
0.033 0.990 0.075 0.988 0.934 
0.023 0.991 0.124 0.993 0.915 
0.040 0.988 0.113 0.988 0.931 
0.035 0.988 0.057 0.988 0.918 
0.024 0.992 0.054 0.988 0.890 
0.039 0.989 0.158 0.990 0.950 
0.040 0.990 0.135 0.985 0.915 
0.051 0.986 0.206 0.993 0.887 
0.043 0.985 0.064 0.985 0.903 
0.044 0.983 0.082 0.988 0.890 
0.040 0.984 0.122 0.988 0.900 
0.041 0.991 0.079 0.993 0.875 
0.027 0.990 0.131 0.988 0.947 
0.032 0.988 0.089 0.993 0.925 
0.029 0.989 0.143 0.985 0.918 
0.035 0.990 0.192 0.988 0.934 
0.031 0.991 0.131 0.993 0.925 
0.049 0.982 0.140 0.990 0.900 
0.029 0.989 0.171 0.988 0.925 
0.032 0.989 0.108 0.990 0.871 
0.040 0.988 0.092 0.993 0.912 
0.027 0.990 0.091 0.985 0.893 
0.030 0.991 0.061 0.990 0.865 
0.043 0.989 0.077 0.990 0.906 
0.033 0.989 0.069 0.990 0.897 
0.029 0.988 0.086 0.988 0.878 
0.031 0.990 0.116 0.988 0.900 
0.046 0.988 0.084 0.990 0.878 
0.029 0.990 0.227 0.988 0.934 
0.026 0.991 0.047 0.990 0.862 
0.037 0.986 0.135 0.988 0.925 
0.032 0.990 0.126 0.990 0.906 
0.028 0.991 0.088 0.988 0.897 
0.032 0.991 0.115 0.993 0.900 
0.036 0.988 0.152 0.988 0.928 
0.037 0.989 0.124 0.995 0.893 
0.029 0.987 0.087 0.990 0.903 
0.020 0.994 0.098 0.990 0.918 
0.037 0.990 0.079 0.985 0.915 
0.027 0.991 0.105 0.993 0.900 
0.047 0.985 0.091 0.995 0.912 
0.037 0.989 0.120 0.995 0.862 
0.038 0.986 0.143 0.990 0.897 
0.031 0.991 0.054 0.990 0.859 
0.028 0.990 0.098 0.988 0.912 
0.041 0.987 0.118 0.988 0.937 
0.032 0.990 0.252 0.980 0.925 
0.035 0.986 0.212 0.983 0.928 
0.026 0.993 0.124 0.993 0.878 
0.035 0.988 0.174 0.985 0.956 
0.034 0.990 0.070 0.990 0.918 
0.047 0.986 0.056 0.988 0.915 
0.037 0.990 0.177 0.988 0.940 
0.043 0.989 0.070 0.985 0.903 
0.037 0.988 0.092 0.988 0.931 
0.030 0.989 0.093 0.988 0.922 
0.036 0.988 0.065 0.988 0.887 
0.030 0.990 0.061 0.985 0.881 
0.030 0.991 0.171 0.985 0.925 
0.054 0.985 0.085 0.988 0.903 
0.029 0.991 0.069 0.985 0.890 
0.057 0.983 0.075 0.985 0.912 
0.031 0.990 0.059 0.988 0.897 
0.030 0.987 0.070 0.988 0.931 
0.038 0.988 0.113 0.990 0.925 
0.037 0.986 0.163 0.990 0.928 
0.031 0.988 0.096 0.993 0.922 
0.033 0.989 0.144 0.990 0.925 
0.019 0.992 0.217 0.985 0.950 
0.040 0.987 0.179 0.988 0.937 
0.046 0.984 0.210 0.990 0.928 
0.030 0.989 0.160 0.993 0.912 
0.035 0.986 0.136 0.990 0.922 
0.039 0.989 0.088 0.988 0.900 
0.032 0.989 0.167 0.993 0.918 
0.031 0.990 0.293 0.990 0.950 
0.025 0.990 0.194 0.993 0.922 
0.046 0.985 0.074 0.990 0.893 
0.042 0.989 0.069 0.993 0.893 
0.033 0.989 0.096 0.988 0.906 
0.035 0.988 0.093 0.988 0.897 
0.030 0.990 0.098 0.993 0.918 
0.044 0.986 0.215 0.993 0.944 
0.015 0.994 0.205 0.993 0.940 
0.036 0.986 0.088 0.995 0.893 
0.039 0.984 0.226 0.990 0.928 
0.039 0.989 0.091 0.988 0.903 
0.033 0.989 0.060 0.990 0.906 
0.036 0.988 0.162 0.993 0.900 
0.030 0.989 0.120 0.993 0.893 
0.025 0.994 0.181 0.990 0.915 
0.036 0.991 0.169 0.990 0.922 
0.031 0.990 0.172 0.988 0.912 
0.036 0.989 0.069 0.993 0.915 
0.048 0.983 0.030 0.993 0.881 
0.036 0.986 0.144 0.990 0.962 
0.024 0.990 0.087 0.988 0.928 
0.019 0.993 0.041 0.993 0.865 
0.036 0.991 0.116 0.995 0.909 
0.033 0.990 0.123 0.990 0.859 
0.052 0.985 0.344 0.988 0.928 
0.042 0.987 0.138 0.993 0.934 
0.028 0.990 0.105 0.990 0.915 
0.036 0.991 0.095 0.990 0.903 
0.037 0.988 0.221 0.990 0.928 
0.027 0.989 0.274 0.993 0.931 
0.027 0.989 0.075 0.980 0.824 
0.032 0.990 0.112 0.988 0.906 
0.038 0.988 0.194 0.990 0.928 
0.041 0.988 0.083 0.985 0.884 
0.035 0.991 0.143 0.985 0.918 
0.036 0.988 0.152 0.993 0.934 
0.035 0.988 0.085 0.988 0.878 
0.041 0.988 0.067 0.990 0.828 
0.038 0.988 0.178 0.990 0.925 
0.036 0.988 0.170 0.993 0.893 
0.024 0.993 0.155 0.988 0.922 
0.034 0.990 0.262 0.988 0.950 
0.044 0.987 0.166 0.988 0.925 
0.037 0.988 0.353 0.993 0.928 
0.034 0.990 0.220 0.993 0.931 
0.060 0.988 0.235 0.985 0.947 
0.036 0.990 0.139 0.995 0.918 
0.032 0.989 0.024 0.988 0.900 
0.031 0.991 0.050 0.990 0.900 
0.032 0.989 0.067 0.990 0.918 
0.035 0.991 0.221 0.990 0.940 
0.028 0.994 0.089 0.988 0.918 
0.028 0.989 0.204 0.985 0.959 
0.031 0.991 0.199 0.985 0.947 
0.029 0.990 0.368 0.988 0.950 
0.033 0.990 0.061 0.985 0.871 
0.029 0.992 0.129 0.988 0.893 
0.025 0.991 0.355 0.990 0.912 
0.041 0.987 0.064 0.993 0.865 
0.037 0.989 0.242 0.990 0.909 
0.028 0.986 0.073 0.988 0.887 
0.036 0.987 0.185 0.988 0.903 
0.024 0.993 0.392 0.990 0.937 
0.037 0.989 0.439 0.990 0.937 
0.030 0.988 0.051 0.990 0.865 
0.040 0.990 0.135 0.988 0.925 
0.038 0.990 0.125 0.983 0.925 
0.035 0.991 0.126 0.980 0.912 
0.051 0.983 0.041 0.988 0.893 
0.040 0.989 0.094 0.990 0.918 
0.035 0.989 0.262 0.988 0.950 
0.035 0.988 0.164 0.988 0.922 
0.028 0.991 0.295 0.985 0.953 
0.055 0.988 0.112 0.985 0.859 
0.041 0.991 0.226 0.968 0.912 
0.041 0.988 0.205 0.985 0.906 
0.031 0.986 0.258 0.990 0.906 
0.035 0.988 0.191 0.990 0.909 
0.039 0.990 0.176 0.988 0.909 
0.046 0.991 0.200 0.988 0.937 
0.029 0.990 0.168 0.990 0.931 
0.030 0.991 0.081 0.993 0.906 
0.028 0.993 0.141 0.990 0.918 
0.030 0.993 0.151 0.990 0.959 
0.040 0.987 0.202 0.993 0.950 
0.037 0.986 0.340 0.990 0.953 
0.032 0.989 0.163 0.990 0.906 
0.029 0.989 0.101 0.990 0.875 
0.038 0.988 0.179 0.988 0.918 
0.038 0.988 0.125 0.993 0.912 
0.020 0.993 0.159 0.993 0.922 
0.048 0.989 0.083 0.995 0.884 
0.042 0.988 0.108 0.995 0.915 
0.039 0.991 0.157 0.990 0.922 
0.033 0.988 0.292 0.988 0.956 
0.022 0.993 0.272 0.985 0.931 
0.042 0.989 0.115 0.988 0.887 
0.028 0.989 0.205 0.985 0.912 
0.028 0.991 0.174 0.988 0.944 
0.030 0.989 0.102 0.988 0.890 
0.030 0.993 0.156 0.990 0.918 
0.035 0.988 0.101 0.975 0.928 
0.035 0.989 0.147 0.990 0.903 
0.032 0.990 0.059 0.983 0.915 
0.028 0.990 0.105 0.990 0.937 
0.025 0.991 0.100 0.990 0.878 
0.043 0.987 0.190 0.990 0.918 
0.030 0.990 0.324 0.993 0.956 
0.034 0.989 0.369 0.988 0.959 
0.024 0.995 0.358 0.990 0.934 
0.048 0.982 0.096 0.990 0.878 
0.037 0.985 0.193 0.988 0.931 
0.027 0.991 0.145 0.988 0.925 
0.024 0.989 0.141 0.990 0.947 
0.033 0.989 0.206 0.993 0.912 
0.030 0.991 0.118 0.990 0.906 
0.043 0.989 0.181 0.988 0.925 
0.036 0.989 0.121 0.988 0.915 
0.027 0.993 0.137 0.988 0.878 
0.044 0.985 0.220 0.990 0.944 
0.036 0.986 0.168 0.990 0.909 
0.028 0.990 0.262 0.985 0.937 
0.053 0.986 0.260 0.990 0.906 
0.041 0.988 0.267 0.993 0.940 
0.029 0.990 0.244 0.993 0.928 
0.036 0.989 0.217 0.985 0.903 
0.032 0.989 0.130 0.988 0.884 
0.032 0.988 0.091 0.990 0.881 
0.034 0.988 0.165 0.990 0.934 
0.035 0.989 0.149 0.990 0.918 
0.028 0.993 0.101 0.988 0.893 
0.038 0.987 0.075 0.990 0.871 
0.053 0.987 0.252 0.985 0.900 
0.041 0.986 0.215 0.985 0.934 
0.045 0.988 0.289 0.988 0.906 
0.044 0.985 0.157 0.988 0.912 
0.031 0.986 0.148 0.990 0.928 
0.033 0.987 0.142 0.988 0.900 
0.032 0.990 0.303 0.990 0.950 
0.030 0.990 0.201 0.990 0.906 
0.039 0.985 0.152 0.985 0.893 
0.041 0.983 0.141 0.993 0.931 
0.044 0.984 0.142 0.985 0.925 
0.029 0.991 0.116 0.990 0.931 
0.022 0.991 0.272 0.985 0.953 
0.035 0.988 0.182 0.993 0.925 
0.047 0.983 0.087 0.985 0.906 
0.034 0.988 0.250 0.988 0.897 
0.055 0.991 0.099 0.990 0.893 
0.029 0.989 0.106 0.993 0.918 
0.030 0.990 0.112 0.990 0.944 
0.042 0.987 0.155 0.990 0.934 
0.022 0.991 0.103 0.993 0.925 
0.032 0.990 0.165 0.990 0.940 
0.042 0.987 0.083 0.990 0.915 
0.025 0.994 0.126 0.993 0.931 
0.034 0.988 0.086 0.990 0.931 
0.036 0.991 0.081 0.990 0.918 
0.030 0.990 0.369 0.985 0.959 
0.043 0.989 0.541 0.990 0.956 
0.031 0.991 0.061 0.985 0.815 
0.032 0.988 0.211 0.988 0.931 
0.022 0.994 0.239 0.988 0.915 
0.029 0.989 0.162 0.993 0.890 
0.019 0.994 0.112 0.990 0.915 
0.039 0.987 0.225 0.990 0.915 
0.032 0.991 0.367 0.990 0.940 
0.039 0.985 0.384 0.993 0.937 
0.034 0.989 0.418 0.993 0.928 
0.019 0.994 0.693 0.988 0.950 
0.027 0.991 0.126 0.990 0.887 
0.026 0.994 0.601 0.990 0.950 
0.033 0.991 0.135 0.993 0.922 
0.029 0.989 0.117 0.990 0.922 
0.028 0.991 0.187 0.993 0.925 
0.034 0.988 0.354 0.990 0.931 
0.052 0.986 0.338 0.993 0.940 
0.018 0.991 0.211 0.990 0.931 
0.039 0.988 0.290 0.990 0.893 
0.040 0.988 0.257 0.993 0.887 
0.037 0.988 0.464 0.990 0.925 
0.032 0.990 0.692 0.990 0.918 
0.039 0.989 0.298 0.990 0.909 
0.040 0.987 0.217 0.990 0.922 
0.030 0.989 0.303 0.993 0.937 
0.031 0.993 0.189 0.990 0.912 
0.030 0.991 0.112 0.993 0.925 
0.044 0.989 0.087 0.993 0.909 
0.027 0.992 0.308 0.990 0.947 
0.029 0.991 0.201 0.993 0.934 
0.030 0.990 0.204 0.990 0.918 
0.045 0.990 0.064 0.995 0.871 
0.033 0.988 0.060 0.990 0.871 
0.032 0.990 0.287 0.993 0.940 
0.018 0.993 0.125 0.990 0.897 
0.038 0.991 0.564 0.990 0.959 
0.039 0.990 0.130 0.990 0.909 
0.022 0.994 0.243 0.988 0.947 
0.036 0.990 0.082 0.988 0.922 
0.031 0.991 0.292 0.993 0.947 
0.029 0.991 0.193 0.990 0.944 
0.025 0.992 0.248 0.990 0.937 
0.038 0.991 0.090 0.990 0.906 
0.034 0.988 0.123 0.990 0.925 
0.033 0.986 0.070 0.990 0.906 
0.033 0.989 0.178 0.990 0.928 
0.042 0.989 0.324 0.988 0.934 
0.041 0.990 0.191 0.988 0.912 
0.029 0.991 0.182 0.988 0.909 
0.035 0.988 0.239 0.988 0.909 
0.029 0.991 0.365 0.993 0.909 
0.025 0.991 0.253 0.990 0.918 
0.055 0.985 0.169 0.993 0.865 
0.020 0.993 0.467 0.988 0.937 
0.028 0.994 0.178 0.990 0.909 
0.039 0.988 0.247 0.988 0.928 
0.035 0.988 0.399 0.988 0.944 
0.029 0.989 0.197 0.988 0.928 
0.037 0.990 0.050 0.980 0.768 
0.040 0.988 0.306 0.980 0.922 
0.035 0.988 0.249 0.990 0.934 
0.032 0.990 0.104 0.988 0.903 
0.022 0.993 0.071 0.990 0.897 
0.033 0.989 0.059 0.990 0.884 
0.051 0.983 0.095 0.990 0.944 
0.029 0.989 0.072 0.990 0.944 
0.032 0.988 0.156 0.988 0.950 
0.029 0.990 0.117 0.990 0.937 
0.026 0.993 0.200 0.985 0.956 
0.028 0.990 0.054 0.990 0.887 
