0.325 0.872 0.162 0.968 0.990 
0.160 0.941 0.106 0.960 0.942 
0.154 0.947 0.109 0.975 0.984 
0.147 0.946 0.146 0.935 0.859 
0.144 0.947 0.073 0.975 0.990 
0.114 0.965 0.090 0.980 0.997 
0.089 0.970 0.102 0.963 0.823 
0.108 0.966 0.134 0.950 0.990 
0.102 0.969 0.130 0.948 0.977 
0.104 0.969 0.098 0.965 0.968 
0.086 0.972 0.114 0.958 0.862 
0.092 0.971 0.140 0.968 0.994 
0.087 0.972 0.078 0.970 0.994 
0.085 0.979 0.085 0.975 0.997 
0.078 0.972 0.081 0.968 0.971 
0.073 0.973 0.085 0.968 0.987 
0.086 0.971 0.080 0.975 1.000 
0.089 0.972 0.080 0.978 0.981 
0.075 0.972 0.074 0.978 0.994 
0.075 0.977 0.090 0.975 1.000 
0.072 0.976 0.054 0.988 1.000 
0.064 0.982 0.053 0.985 1.000 
0.062 0.981 0.051 0.985 0.974 
0.069 0.978 0.051 0.988 0.997 
0.072 0.981 0.076 0.975 1.000 
0.066 0.984 0.086 0.978 1.000 
0.054 0.985 0.078 0.975 1.000 
0.053 0.982 0.067 0.978 0.997 
0.049 0.986 0.062 0.978 0.984 
0.057 0.982 0.052 0.985 1.000 
0.063 0.981 0.078 0.985 0.984 
0.060 0.984 0.064 0.993 0.923 
0.072 0.978 0.056 0.980 1.000 
0.066 0.983 0.048 0.988 0.910 
0.069 0.981 0.062 0.985 1.000 
0.073 0.977 0.065 0.980 1.000 
0.059 0.983 0.045 0.983 0.704 
0.064 0.982 0.044 0.990 0.997 
0.059 0.980 0.118 0.950 0.759 
0.053 0.986 0.052 0.985 0.627 
0.049 0.984 0.053 0.988 0.968 
0.064 0.983 0.064 0.988 0.990 
0.040 0.987 0.049 0.988 1.000 
0.053 0.984 0.047 0.985 0.627 
0.053 0.982 0.069 0.978 0.987 
0.054 0.984 0.058 0.985 0.550 
0.051 0.984 0.047 0.985 0.987 
0.066 0.979 0.054 0.985 0.916 
0.047 0.989 0.069 0.978 0.997 
0.053 0.982 0.044 0.988 0.932 
0.056 0.983 0.053 0.988 1.000 
0.054 0.983 0.069 0.988 0.997 
0.053 0.983 0.041 0.988 0.997 
0.056 0.983 0.065 0.985 0.608 
0.051 0.985 0.049 0.988 0.984 
0.046 0.989 0.053 0.983 0.990 
0.066 0.983 0.059 0.983 1.000 
0.061 0.984 0.053 0.985 0.997 
0.044 0.989 0.049 0.983 0.990 
0.052 0.986 0.077 0.988 0.974 
0.047 0.987 0.069 0.978 0.994 
0.046 0.987 0.046 0.988 0.984 
0.050 0.986 0.081 0.985 1.000 
0.055 0.985 0.058 0.985 0.994 
0.058 0.982 0.039 0.990 1.000 
0.061 0.984 0.068 0.985 0.875 
0.043 0.988 0.038 0.988 0.762 
0.058 0.983 0.048 0.985 0.997 
0.055 0.985 0.051 0.985 0.987 
0.053 0.984 0.061 0.983 1.000 
0.050 0.986 0.044 0.988 0.987 
0.041 0.990 0.054 0.985 1.000 
0.041 0.988 0.042 0.988 0.997 
0.057 0.981 0.092 0.988 1.000 
0.041 0.990 0.057 0.985 0.994 
0.065 0.984 0.044 0.988 0.913 
0.037 0.990 0.058 0.983 0.846 
0.041 0.987 0.042 0.985 0.106 
0.042 0.990 0.038 0.988 0.968 
0.047 0.984 0.041 0.985 0.222 
0.043 0.989 0.023 0.993 0.949 
0.040 0.986 0.033 0.983 0.981 
0.073 0.983 0.056 0.978 0.151 
0.042 0.988 0.056 0.985 0.997 
0.040 0.989 0.050 0.985 0.997 
0.039 0.990 0.047 0.980 1.000 
0.040 0.989 0.031 0.988 1.000 
0.043 0.987 0.042 0.988 1.000 
0.043 0.989 0.032 0.988 0.997 
0.043 0.988 0.048 0.988 0.994 
0.042 0.989 0.049 0.990 1.000 
0.038 0.989 0.029 0.990 0.855 
0.045 0.986 0.033 0.988 0.730 
0.046 0.989 0.026 0.990 0.894 
0.036 0.988 0.033 0.988 1.000 
0.040 0.990 0.040 0.988 0.592 
0.044 0.989 0.038 0.990 1.000 
0.038 0.988 0.024 0.988 1.000 
0.036 0.992 0.033 0.988 1.000 
0.036 0.989 0.022 0.990 0.756 
0.035 0.993 0.040 0.988 1.000 
0.040 0.992 0.031 0.990 1.000 
0.056 0.984 0.041 0.993 0.961 
0.039 0.989 0.039 0.990 1.000 
0.042 0.991 0.039 0.990 0.997 
0.036 0.993 0.062 0.985 0.977 
0.050 0.985 0.056 0.985 0.997 
0.036 0.989 0.038 0.988 1.000 
0.034 0.991 0.039 0.985 1.000 
0.033 0.990 0.032 0.993 0.916 
0.045 0.988 0.033 0.990 0.997 
0.037 0.988 0.061 0.983 1.000 
0.045 0.990 0.047 0.990 0.942 
0.040 0.988 0.038 0.990 0.997 
0.044 0.989 0.056 0.985 0.264 
0.032 0.991 0.036 0.988 0.987 
0.038 0.989 0.056 0.988 1.000 
0.036 0.989 0.058 0.988 1.000 
0.044 0.986 0.039 0.988 1.000 
0.045 0.986 0.033 0.990 1.000 
0.057 0.984 0.032 0.988 1.000 
0.025 0.995 0.062 0.980 0.498 
0.037 0.991 0.025 0.993 1.000 
0.044 0.989 0.046 0.985 1.000 
0.037 0.990 0.031 0.993 0.907 
0.036 0.990 0.034 0.990 1.000 
0.041 0.989 0.032 0.990 0.884 
0.043 0.990 0.045 0.988 1.000 
0.033 0.992 0.032 0.988 0.704 
0.052 0.985 0.034 0.985 1.000 
0.044 0.990 0.055 0.988 1.000 
0.035 0.990 0.037 0.988 0.990 
0.032 0.990 0.045 0.985 0.958 
0.035 0.991 0.030 0.990 1.000 
0.040 0.991 0.039 0.988 0.990 
0.029 0.993 0.042 0.988 0.572 
0.028 0.990 0.038 0.990 0.984 
0.034 0.991 0.028 0.993 0.994 
0.033 0.991 0.037 0.988 0.994 
0.043 0.988 0.043 0.985 1.000 
0.031 0.991 0.037 0.990 0.894 
0.042 0.989 0.025 0.990 1.000 
0.037 0.990 0.037 0.993 0.080 
0.038 0.990 0.056 0.990 0.987 
0.048 0.985 0.042 0.990 0.929 
0.031 0.993 0.035 0.995 0.990 
0.031 0.991 0.063 0.980 0.000 
0.043 0.989 0.033 0.990 0.241 
0.028 0.994 0.022 0.993 0.965 
0.032 0.991 0.033 0.990 0.981 
0.035 0.989 0.043 0.990 0.952 
0.033 0.993 0.037 0.990 1.000 
0.038 0.990 0.049 0.985 1.000 
0.032 0.991 0.030 0.990 0.971 
0.025 0.993 0.016 0.995 0.936 
0.030 0.993 0.060 0.988 1.000 
0.040 0.991 0.042 0.988 0.997 
0.038 0.989 0.038 0.990 1.000 
0.030 0.994 0.018 0.995 1.000 
0.030 0.992 0.036 0.990 1.000 
0.038 0.991 0.032 0.990 0.974 
0.038 0.992 0.026 0.988 0.994 
0.039 0.991 0.038 0.988 1.000 
0.035 0.991 0.054 0.983 0.994 
0.053 0.989 0.043 0.995 0.804 
0.035 0.990 0.075 0.990 1.000 
0.028 0.994 0.068 0.985 0.981 
0.035 0.991 0.032 0.988 1.000 
0.032 0.990 0.037 0.988 0.994 
0.035 0.993 0.047 0.985 1.000 
0.039 0.988 0.055 0.983 1.000 
0.036 0.992 0.039 0.988 0.974 
0.031 0.991 0.046 0.985 0.859 
0.040 0.990 0.055 1.000 1.000 
0.044 0.987 0.037 0.988 1.000 
0.046 0.989 0.034 0.990 1.000 
0.026 0.994 0.081 0.983 0.997 
0.037 0.991 0.041 0.988 0.598 
0.033 0.991 0.044 0.988 0.997 
0.036 0.989 0.034 0.990 0.977 
0.026 0.994 0.048 0.988 1.000 
0.039 0.990 0.053 0.975 0.997 
0.024 0.995 0.019 0.993 1.000 
0.031 0.990 0.013 0.998 1.000 
0.030 0.991 0.027 0.985 0.814 
0.022 0.994 0.022 0.993 1.000 
0.036 0.993 0.027 0.988 0.994 
0.029 0.992 0.025 0.990 0.997 
0.025 0.994 0.016 0.993 1.000 
0.035 0.992 0.034 0.990 1.000 
0.037 0.991 0.058 0.985 0.981 
0.036 0.991 0.039 0.988 0.984 
0.035 0.990 0.027 0.990 0.984 
0.034 0.991 0.022 0.993 0.961 
0.025 0.993 0.031 0.988 0.994 
0.030 0.993 0.023 0.993 0.958 
0.049 0.986 0.042 0.993 0.974 
0.037 0.989 0.028 0.988 0.492 
0.028 0.991 0.034 0.988 0.331 
0.029 0.994 0.065 0.988 1.000 
0.029 0.994 0.030 0.990 0.987 
0.037 0.991 0.042 0.988 1.000 
0.027 0.993 0.016 1.000 1.000 
0.037 0.989 0.024 0.993 1.000 
0.030 0.990 0.045 0.985 0.965 
0.030 0.994 0.034 0.983 0.997 
0.027 0.993 0.028 0.988 1.000 
0.039 0.989 0.023 0.990 1.000 
0.033 0.991 0.101 0.965 0.640 
0.025 0.993 0.039 0.988 1.000 
0.042 0.988 0.051 0.983 0.939 
0.022 0.993 0.040 0.988 0.984 
0.036 0.993 0.052 0.985 0.990 
0.029 0.993 0.042 0.988 1.000 
0.027 0.993 0.063 0.980 0.961 
0.025 0.993 0.056 0.988 0.990 
0.053 0.988 0.028 0.998 0.990 
0.025 0.994 0.030 0.988 1.000 
0.023 0.995 0.019 0.995 1.000 
0.035 0.991 0.053 0.978 0.997 
0.027 0.991 0.013 1.000 0.926 
0.027 0.992 0.040 0.988 0.981 
0.032 0.990 0.028 0.990 1.000 
0.027 0.993 0.033 0.988 1.000 
0.020 0.994 0.055 0.983 1.000 
0.018 0.995 0.022 0.990 1.000 
0.044 0.986 0.030 0.988 1.000 
0.034 0.989 0.041 0.988 0.977 
0.021 0.993 0.035 0.988 0.942 
0.033 0.992 0.034 0.988 0.987 
0.032 0.989 0.042 0.988 0.987 
0.023 0.994 0.016 0.995 1.000 
0.033 0.990 0.018 0.993 1.000 
0.031 0.992 0.032 0.990 0.997 
0.023 0.993 0.035 0.990 1.000 
0.024 0.993 0.035 0.990 1.000 
0.028 0.994 0.020 0.990 0.997 
0.047 0.991 0.027 0.990 0.958 
0.021 0.995 0.019 0.990 1.000 
0.030 0.991 0.026 0.993 1.000 
0.021 0.993 0.019 0.995 1.000 
0.024 0.994 0.025 0.990 0.891 
0.028 0.994 0.022 0.990 0.254 
0.034 0.989 0.060 0.983 0.717 
0.023 0.995 0.020 0.995 1.000 
0.026 0.993 0.021 0.993 1.000 
0.029 0.993 0.034 0.988 0.990 
0.029 0.992 0.043 0.988 0.974 
0.034 0.993 0.028 0.988 1.000 
0.026 0.992 0.025 0.990 0.997 
0.019 0.995 0.016 1.000 1.000 
0.026 0.993 0.033 0.985 1.000 
0.021 0.995 0.029 0.990 1.000 
0.041 0.987 0.032 0.988 0.997 
0.027 0.992 0.031 0.998 1.000 
0.025 0.993 0.021 0.993 0.971 
0.037 0.993 0.026 0.990 1.000 
0.035 0.990 0.018 0.998 1.000 
0.028 0.994 0.013 0.995 0.994 
0.027 0.991 0.016 0.993 0.997 
0.027 0.992 0.015 0.998 1.000 
0.025 0.994 0.014 1.000 1.000 
0.032 0.991 0.036 0.988 0.997 
0.023 0.995 0.031 0.988 1.000 
0.015 0.997 0.018 0.995 1.000 
0.025 0.991 0.030 0.990 1.000 
0.037 0.991 0.024 0.990 0.990 
0.027 0.991 0.016 0.990 1.000 
0.025 0.992 0.065 0.985 1.000 
0.030 0.993 0.042 0.988 1.000 
0.030 0.992 0.036 0.988 1.000 
0.029 0.993 0.034 0.988 1.000 
0.025 0.994 0.047 0.985 0.974 
0.020 0.994 0.022 0.990 1.000 
0.025 0.994 0.023 0.993 1.000 
0.046 0.990 0.056 0.988 0.997 
0.025 0.993 0.037 0.988 1.000 
0.019 0.995 0.032 0.990 0.952 
0.025 0.993 0.022 0.988 0.997 
0.037 0.993 0.039 0.988 1.000 
0.037 0.993 0.034 0.988 0.994 
0.025 0.992 0.034 0.990 0.997 
0.027 0.993 0.034 0.988 0.994 
0.023 0.993 0.032 0.988 0.987 
0.026 0.993 0.028 0.988 1.000 
0.042 0.990 0.044 0.988 1.000 
0.028 0.992 0.039 0.995 1.000 
0.021 0.993 0.025 0.990 0.990 
0.031 0.993 0.037 0.985 0.354 
0.022 0.994 0.032 0.988 0.990 
0.018 0.994 0.084 0.960 1.000 
0.031 0.991 0.016 0.993 0.997 
0.044 0.990 0.019 0.993 1.000 
0.031 0.991 0.026 0.988 0.994 
0.022 0.994 0.059 0.985 0.865 
0.024 0.994 0.080 0.960 0.997 
0.023 0.993 0.021 0.990 1.000 
0.028 0.993 0.058 0.975 0.990 
0.029 0.989 0.014 0.998 1.000 
0.030 0.991 0.040 0.993 1.000 
0.023 0.993 0.038 0.988 0.997 
0.024 0.990 0.025 0.990 0.974 
0.020 0.993 0.018 0.993 1.000 
0.027 0.992 0.018 0.995 0.826 
0.025 0.993 0.028 0.990 0.733 
0.032 0.991 0.035 0.988 0.936 
0.023 0.994 0.035 0.988 1.000 
0.027 0.993 0.033 0.988 0.949 
0.026 0.993 0.022 0.988 0.987 
0.026 0.993 0.019 0.995 1.000 
0.024 0.993 0.015 0.998 0.994 
0.019 0.995 0.024 0.993 0.981 
0.027 0.994 0.045 0.985 0.949 
0.030 0.993 0.034 0.990 0.994 
0.024 0.994 0.031 0.993 0.994 
0.030 0.995 0.022 0.990 1.000 
0.020 0.993 0.022 0.993 0.997 
0.034 0.989 0.077 0.970 0.990 
0.030 0.991 0.031 0.990 0.997 
0.028 0.991 0.077 0.988 0.968 
0.025 0.993 0.144 0.990 0.994 
0.020 0.993 0.070 0.990 0.990 
0.035 0.991 0.033 0.990 1.000 
0.037 0.989 0.064 0.983 1.000 
0.028 0.991 0.081 0.990 1.000 
0.025 0.992 0.030 0.993 1.000 
0.024 0.995 0.021 0.995 0.952 
0.020 0.994 0.040 0.990 1.000 
0.026 0.991 0.049 0.988 0.997 
0.025 0.993 0.028 0.990 0.994 
0.019 0.994 0.016 0.998 1.000 
0.026 0.992 0.102 0.948 0.968 
0.030 0.990 0.039 0.988 0.945 
0.028 0.993 0.016 0.990 0.990 
0.028 0.991 0.022 0.993 0.990 
0.030 0.992 0.036 0.990 1.000 
0.018 0.997 0.025 0.990 1.000 
0.020 0.993 0.040 0.988 0.981 
0.019 0.994 0.023 0.998 1.000 
0.026 0.994 0.022 0.990 0.997 
0.027 0.991 0.013 0.998 0.997 
0.028 0.993 0.045 0.980 0.990 
0.016 0.995 0.043 0.988 0.891 
0.027 0.993 0.032 0.993 1.000 
0.025 0.991 0.046 0.985 0.971 
0.058 0.990 0.053 0.983 0.994 
0.024 0.991 0.029 0.993 1.000 
0.018 0.994 0.022 0.990 1.000 
0.028 0.991 0.029 0.990 1.000 
0.022 0.993 0.017 0.990 1.000 
0.029 0.993 0.085 0.993 1.000 
0.029 0.991 0.070 0.965 0.997 
0.023 0.994 0.020 0.988 1.000 
0.017 0.996 0.027 0.990 0.994 
0.022 0.994 0.031 0.990 1.000 
0.024 0.994 0.025 0.990 0.997 
0.018 0.993 0.018 0.993 0.984 
0.022 0.993 0.026 0.990 0.981 
0.026 0.993 0.024 0.993 0.997 
0.021 0.996 0.021 0.990 0.997 
0.022 0.993 0.028 0.990 0.990 
0.036 0.990 0.064 0.973 0.997 
0.020 0.993 0.025 0.990 0.987 
0.036 0.994 0.012 1.000 1.000 
0.022 0.991 0.015 0.998 0.997 
0.021 0.994 0.029 0.990 0.945 
0.020 0.993 0.022 1.000 1.000 
0.023 0.991 0.026 0.990 1.000 
0.025 0.994 0.023 0.993 1.000 
0.021 0.996 0.028 0.990 0.997 
0.028 0.995 0.087 0.963 1.000 
0.025 0.993 0.014 0.995 1.000 
0.039 0.992 0.024 0.990 0.997 
0.020 0.995 0.033 0.990 0.984 
0.020 0.995 0.020 0.990 0.965 
0.027 0.993 0.019 0.990 1.000 
0.019 0.994 0.024 0.990 1.000 
0.032 0.993 0.031 0.990 1.000 
0.017 0.993 0.043 0.985 1.000 
0.028 0.993 0.022 0.993 1.000 
0.018 0.991 0.031 0.988 0.952 
0.020 0.994 0.026 0.990 1.000 
0.017 0.995 0.025 0.988 0.990 
0.028 0.991 0.053 0.988 0.997 
0.026 0.994 0.043 0.988 0.990 
0.027 0.992 0.027 0.990 1.000 
0.021 0.996 0.029 0.993 1.000 
0.022 0.993 0.025 0.990 1.000 
0.028 0.991 0.025 0.990 1.000 
0.016 0.994 0.062 0.980 0.994 
0.032 0.991 0.032 0.990 0.990 
0.024 0.993 0.020 0.990 1.000 
0.019 0.997 0.045 0.985 1.000 
0.034 0.992 0.016 0.993 1.000 
0.026 0.994 0.025 0.990 0.997 
0.022 0.995 0.035 0.988 1.000 
0.018 0.996 0.031 0.988 1.000 
0.013 0.995 0.026 0.998 1.000 
0.022 0.993 0.026 0.988 0.984 
0.024 0.993 0.028 0.988 0.990 
0.019 0.993 0.020 0.998 1.000 
0.024 0.994 0.032 0.998 1.000 
0.033 0.990 0.025 0.988 1.000 
0.022 0.994 0.012 0.998 0.994 
0.027 0.991 0.068 0.988 0.955 
0.033 0.994 0.031 0.985 0.990 
0.018 0.995 0.034 0.985 0.897 
0.016 0.995 0.021 0.990 0.997 
0.023 0.993 0.037 0.985 0.997 
0.017 0.996 0.029 0.990 1.000 
0.042 0.994 0.057 0.988 1.000 
0.037 0.994 0.036 0.988 0.987 
0.022 0.994 0.017 0.995 1.000 
0.019 0.993 0.024 0.990 0.997 
0.017 0.993 0.035 0.993 0.997 
0.026 0.994 0.020 0.990 0.994 
0.023 0.994 0.026 0.990 1.000 
0.026 0.995 0.036 0.995 1.000 
0.025 0.993 0.043 0.983 1.000 
0.017 0.992 0.023 0.990 0.994 
0.020 0.994 0.032 0.990 0.997 
0.018 0.995 0.025 0.990 1.000 
0.026 0.994 0.030 0.990 0.997 
0.029 0.990 0.032 0.988 1.000 
0.025 0.993 0.031 0.990 1.000 
0.014 0.997 0.037 0.983 1.000 
0.031 0.991 0.032 0.988 1.000 
0.033 0.991 0.035 0.995 1.000 
0.073 0.994 0.017 0.995 0.990 
0.034 0.993 0.020 0.998 1.000 
0.015 0.994 0.017 0.998 1.000 
0.024 0.996 0.016 0.998 1.000 
0.016 0.996 0.028 0.990 1.000 
0.019 0.994 0.020 0.995 1.000 
0.015 0.995 0.026 0.988 1.000 
0.029 0.993 0.028 0.993 1.000 
0.024 0.994 0.033 0.990 0.997 
0.012 0.997 0.032 0.988 1.000 
0.021 0.993 0.052 0.978 1.000 
0.023 0.994 0.027 0.993 1.000 
0.022 0.993 0.046 0.983 0.981 
0.020 0.993 0.069 0.988 0.968 
0.015 0.996 0.026 0.995 0.997 
0.023 0.994 0.022 0.990 0.987 
0.022 0.995 0.037 0.990 0.990 
0.017 0.997 0.018 0.998 1.000 
0.031 0.993 0.065 0.975 0.968 
0.018 0.994 0.022 0.990 1.000 
0.020 0.995 0.020 0.990 0.987 
0.017 0.995 0.013 0.998 1.000 
0.018 0.993 0.013 0.995 1.000 
0.021 0.993 0.025 0.995 0.916 
0.029 0.992 0.021 0.990 0.990 
0.021 0.997 0.026 0.990 0.990 
0.007 0.999 0.019 0.998 0.952 
0.020 0.995 0.015 0.993 0.994 
0.013 0.994 0.020 0.995 0.714 
0.026 0.994 0.036 0.985 0.981 
0.010 0.997 0.033 0.990 1.000 
0.025 0.992 0.017 0.995 1.000 
0.024 0.994 0.027 0.998 1.000 
0.038 0.991 0.041 0.985 0.984 
0.027 0.993 0.019 0.995 1.000 
0.019 0.995 0.018 0.993 1.000 
0.037 0.993 0.026 0.995 0.926 
0.020 0.994 0.025 0.988 0.994 
0.015 0.997 0.017 0.995 0.965 
0.020 0.994 0.032 0.990 0.939 
0.021 0.993 0.017 0.990 0.990 
0.022 0.995 0.031 0.998 1.000 
0.019 0.995 0.032 0.990 0.910 
0.018 0.993 0.031 0.988 0.997 
0.028 0.994 0.043 0.985 0.910 
0.025 0.991 0.030 0.990 1.000 
0.011 0.997 0.049 0.983 0.968 
0.029 0.991 0.023 0.990 0.974 
0.014 0.995 0.015 0.995 0.987 
0.025 0.992 0.017 0.990 0.997 
0.025 0.993 0.036 0.990 0.955 
0.025 0.991 0.038 0.985 0.916 
0.034 0.992 0.025 0.990 0.936 
0.021 0.994 0.020 0.990 0.977 
0.021 0.994 0.063 0.968 0.987 
0.017 0.994 0.025 0.995 0.990 
0.020 0.995 0.031 0.998 1.000 
0.022 0.993 0.035 0.985 0.971 
0.019 0.997 0.012 0.998 0.923 
0.019 0.993 0.022 0.990 1.000 
0.055 0.988 0.023 0.995 1.000 
0.029 0.992 0.029 0.990 0.965 
0.024 0.995 0.019 0.993 0.997 
0.027 0.993 0.041 0.985 0.997 
0.023 0.993 0.024 0.990 0.997 
0.026 0.992 0.030 0.988 0.987 
0.018 0.994 0.028 0.990 0.997 
0.018 0.994 0.011 0.998 1.000 
0.030 0.992 0.040 0.988 0.958 
0.030 0.990 0.022 0.993 1.000 
0.021 0.995 0.026 0.990 1.000 
0.024 0.993 0.022 0.993 1.000 
0.023 0.992 0.023 0.990 0.981 
0.032 0.993 0.051 0.985 0.977 
0.032 0.995 0.019 0.990 0.997 
0.023 0.993 0.040 0.985 1.000 
0.022 0.995 0.026 0.990 1.000 
0.017 0.994 0.037 0.988 1.000 
0.015 0.997 0.031 0.990 0.977 
0.023 0.994 0.057 0.988 0.990 
0.014 0.994 0.030 0.993 0.939 
0.018 0.994 0.036 0.988 0.974 
0.019 0.994 0.035 0.988 1.000 
0.035 0.993 0.016 0.993 1.000 
0.034 0.997 0.019 0.998 0.653 
0.026 0.994 0.025 0.998 0.691 
0.030 0.993 0.033 0.990 0.952 
0.019 0.995 0.023 0.993 1.000 
0.016 0.995 0.019 0.995 0.997 
0.021 0.990 0.019 0.990 1.000 
0.018 0.995 0.026 0.990 0.987 
0.019 0.993 0.024 0.990 0.987 
0.024 0.994 0.031 0.990 0.961 
0.028 0.991 0.061 0.980 0.418 
0.019 0.995 0.026 0.990 0.997 
0.017 0.997 0.021 0.993 0.994 
0.028 0.994 0.024 0.993 0.958 
0.026 0.991 0.019 0.990 0.990 
0.020 0.994 0.028 0.990 1.000 
0.016 0.994 0.050 0.993 1.000 
0.018 0.994 0.029 0.995 0.322 
0.021 0.994 0.028 0.998 1.000 
0.023 0.994 0.020 0.995 0.830 
0.016 0.997 0.018 0.998 0.942 
0.017 0.995 0.030 0.988 0.984 
0.019 0.995 0.030 0.983 1.000 
0.020 0.994 0.023 0.993 1.000 
0.021 0.993 0.017 0.998 0.997 
0.015 0.996 0.008 1.000 1.000 
0.043 0.989 0.035 0.990 0.990 
0.023 0.994 0.031 0.990 1.000 
0.018 0.995 0.027 0.990 0.997 
0.030 0.993 0.024 0.988 0.997 
0.030 0.991 0.011 0.998 0.997 
0.025 0.993 0.021 0.990 1.000 
0.016 0.995 0.026 0.990 0.990 
0.036 0.993 0.027 0.993 0.977 
0.021 0.993 0.036 0.990 0.997 
0.017 0.996 0.018 0.993 1.000 
0.015 0.996 0.045 0.983 1.000 
0.021 0.994 0.048 0.985 1.000 
0.013 0.996 0.016 0.993 1.000 
0.025 0.993 0.018 0.993 1.000 
0.036 0.993 0.023 0.990 1.000 
0.019 0.994 0.023 0.993 0.990 
0.024 0.993 0.046 0.983 0.997 
0.021 0.993 0.030 0.990 1.000 
0.017 0.994 0.037 0.985 1.000 
0.026 0.993 0.025 0.990 1.000 
0.028 0.995 0.025 0.990 1.000 
0.029 0.993 0.025 0.990 1.000 
0.018 0.994 0.020 0.990 1.000 
0.021 0.994 0.072 0.980 0.974 
0.013 0.997 0.025 0.990 0.984 
0.016 0.995 0.014 0.990 0.997 
0.017 0.996 0.030 0.990 1.000 
0.021 0.992 0.035 0.985 1.000 
0.020 0.993 0.043 0.983 1.000 
0.025 0.991 0.077 0.990 0.997 
0.022 0.992 0.055 0.978 0.997 
0.014 0.997 0.031 0.988 1.000 
0.016 0.995 0.027 0.990 1.000 
0.020 0.994 0.031 0.988 1.000 
0.019 0.994 0.028 0.990 1.000 
0.014 0.997 0.029 0.993 0.994 
0.017 0.995 0.082 0.995 0.997 
0.026 0.992 0.046 0.980 0.997 
0.030 0.994 0.027 0.990 0.981 
0.019 0.995 0.018 0.995 0.997 
0.026 0.993 0.032 0.988 0.965 
0.031 0.995 0.032 0.990 1.000 
0.030 0.993 0.035 0.990 1.000 
0.020 0.995 0.062 0.978 0.997 
0.018 0.995 0.045 0.988 1.000 
0.018 0.994 0.036 0.988 0.987 
0.024 0.995 0.037 0.990 0.990 
0.016 0.996 0.041 0.988 0.994 
0.021 0.994 0.044 0.985 0.958 
0.019 0.995 0.022 0.993 0.923 
0.018 0.995 0.032 0.990 0.981 
0.016 0.996 0.042 0.990 0.923 
0.034 0.993 0.039 0.988 1.000 
0.027 0.991 0.031 0.988 0.997 
0.027 0.992 0.025 0.990 0.987 
0.018 0.996 0.031 0.990 0.987 
0.041 0.992 0.033 0.990 0.997 
0.017 0.995 0.032 0.990 0.997 
0.015 0.997 0.020 0.995 1.000 
0.025 0.991 0.035 0.990 1.000 
0.019 0.993 0.023 0.990 1.000 
0.022 0.993 0.019 0.993 0.987 
0.024 0.994 0.020 0.993 0.949 
0.009 0.998 0.026 0.993 0.936 
0.019 0.994 0.042 0.990 0.984 
0.020 0.995 0.056 0.978 0.994 
0.016 0.996 0.041 0.985 0.942 
0.013 0.993 0.022 0.990 0.659 
0.027 0.995 0.034 0.990 0.968 
0.024 0.993 0.016 0.993 0.977 
0.041 0.994 0.032 0.990 0.894 
0.019 0.995 0.014 0.998 0.997 
0.050 0.993 0.059 0.980 0.977 
0.021 0.995 0.020 0.995 0.997 
0.016 0.997 0.021 0.993 0.990 
0.039 0.993 0.035 0.990 0.984 
0.033 0.991 0.039 0.988 0.981 
0.024 0.994 0.030 0.990 0.981 
0.015 0.995 0.033 0.990 0.916 
0.019 0.996 0.021 0.993 1.000 
0.022 0.994 0.021 0.993 0.987 
0.019 0.995 0.038 0.988 0.981 
0.025 0.993 0.026 0.990 0.997 
0.031 0.992 0.030 0.990 0.994 
0.019 0.995 0.047 0.983 0.955 
0.013 0.995 0.033 0.990 0.987 
0.022 0.991 0.032 0.990 0.987 
0.016 0.996 0.041 0.985 0.987 
0.021 0.993 0.022 0.993 0.994 
0.017 0.996 0.018 0.995 1.000 
0.018 0.996 0.021 0.993 1.000 
0.012 0.997 0.022 0.990 1.000 
0.018 0.995 0.027 0.990 0.974 
0.015 0.994 0.035 0.990 0.990 
0.020 0.993 0.033 0.988 0.997 
0.018 0.995 0.025 0.993 0.987 
0.029 0.991 0.025 0.993 0.987 
0.024 0.992 0.040 0.983 0.984 
0.019 0.994 0.033 0.985 0.994 
0.023 0.993 0.037 0.988 1.000 
0.015 0.995 0.033 0.988 0.990 
0.020 0.991 0.021 0.990 0.997 
0.014 0.997 0.031 0.988 1.000 
0.017 0.994 0.019 0.990 0.990 
0.027 0.993 0.031 0.990 1.000 
0.041 0.988 0.031 0.990 0.994 
0.009 0.997 0.022 0.990 0.997 
0.014 0.994 0.034 0.988 0.997 
0.020 0.995 0.021 0.990 0.997 
0.019 0.995 0.031 0.988 0.994 
0.028 0.991 0.030 0.988 0.987 
0.012 0.997 0.023 0.990 0.994 
0.015 0.997 0.051 0.983 0.556 
0.020 0.992 0.033 0.985 0.939 
0.027 0.993 0.036 0.988 0.961 
0.015 0.995 0.025 0.990 0.997 
0.016 0.995 0.021 0.990 1.000 
0.035 0.993 0.024 0.993 0.974 
0.029 0.993 0.026 0.990 0.810 
0.014 0.996 0.018 0.995 1.000 
0.009 0.997 0.013 0.998 0.977 
0.031 0.993 0.016 0.995 0.994 
0.039 0.990 0.029 0.988 0.968 
0.010 0.998 0.021 0.993 0.981 
0.014 0.996 0.015 0.995 0.990 
0.017 0.994 0.019 0.993 1.000 
0.017 0.995 0.020 0.998 0.987 
0.015 0.995 0.024 0.988 0.997 
0.014 0.997 0.012 0.998 0.997 
0.019 0.995 0.033 0.983 0.830 
0.010 0.997 0.022 0.990 0.997 
0.014 0.994 0.020 0.990 0.984 
0.015 0.995 0.014 0.993 1.000 
0.014 0.995 0.012 0.993 0.994 
0.016 0.995 0.018 0.995 1.000 
0.011 0.996 0.010 0.998 0.990 
0.024 0.993 0.010 1.000 1.000 
0.046 0.992 0.034 0.985 1.000 
0.031 0.994 0.023 0.988 1.000 
0.019 0.994 0.024 0.988 0.987 
0.022 0.993 0.018 0.990 0.968 
0.014 0.995 0.021 0.990 0.720 
0.025 0.994 0.022 0.988 0.997 
0.018 0.993 0.027 0.988 0.997 
0.019 0.995 0.026 0.988 0.997 
0.025 0.993 0.023 0.993 0.990 
0.024 0.993 0.024 0.990 0.990 
0.013 0.997 0.023 0.995 1.000 
0.020 0.993 0.034 0.985 0.450 
0.023 0.991 0.021 0.993 0.990 
0.012 0.997 0.016 0.995 0.974 
0.020 0.994 0.016 0.998 0.994 
0.056 0.993 0.019 0.993 0.920 
0.025 0.992 0.025 0.990 0.990 
0.020 0.995 0.021 0.993 1.000 
0.020 0.994 0.019 0.990 1.000 
0.030 0.994 0.026 0.995 1.000 
0.016 0.995 0.015 0.995 0.987 
0.020 0.994 0.029 0.990 0.990 
0.010 0.996 0.014 0.995 1.000 
0.023 0.994 0.016 0.993 0.939 
0.010 0.996 0.029 0.988 1.000 
0.026 0.993 0.021 0.990 0.997 
0.013 0.997 0.028 0.990 0.997 
0.014 0.996 0.019 0.993 1.000 
0.018 0.995 0.025 0.990 0.994 
0.017 0.997 0.032 0.993 1.000 
0.029 0.992 0.021 0.993 1.000 
0.015 0.995 0.011 0.998 1.000 
0.019 0.995 0.011 0.998 1.000 
0.023 0.993 0.020 0.998 1.000 
0.022 0.993 0.013 0.995 1.000 
0.018 0.995 0.016 0.998 1.000 
0.029 0.993 0.018 0.990 0.920 
0.022 0.994 0.013 0.993 0.945 
0.018 0.995 0.014 0.993 1.000 
0.031 0.993 0.032 0.988 1.000 
0.015 0.996 0.028 0.990 0.994 
0.024 0.993 0.014 0.995 1.000 
0.019 0.993 0.014 0.998 1.000 
0.029 0.993 0.034 0.990 0.990 
0.012 0.995 0.019 0.990 1.000 
0.017 0.994 0.027 0.990 0.961 
0.015 0.993 0.020 0.993 0.987 
0.023 0.994 0.025 0.993 0.994 
0.017 0.991 0.019 0.993 0.862 
0.022 0.994 0.027 0.995 0.884 
0.018 0.996 0.024 0.990 0.894 
0.024 0.993 0.026 0.990 0.987 
0.023 0.994 0.042 0.983 0.785 
0.033 0.991 0.023 0.993 1.000 
0.013 0.996 0.035 0.988 0.691 
0.011 0.997 0.036 0.985 0.984 
0.036 0.993 0.052 0.993 0.971 
0.016 0.996 0.037 0.995 0.968 
0.019 0.994 0.070 0.995 0.984 
0.012 0.995 0.077 0.995 0.984 
0.015 0.995 0.022 0.988 0.949 
0.024 0.991 0.031 0.988 0.965 
0.016 0.995 0.024 0.990 0.929 
0.014 0.996 0.037 0.983 0.627 
0.018 0.994 0.029 0.985 0.949 
0.041 0.995 0.030 0.985 0.981 
0.032 0.990 0.063 0.978 0.990 
0.023 0.991 0.067 0.978 1.000 
0.019 0.995 0.017 0.995 1.000 
0.018 0.993 0.022 0.993 1.000 
0.022 0.993 0.027 0.993 1.000 
0.010 0.996 0.017 0.995 1.000 
0.017 0.993 0.081 0.975 0.929 
0.045 0.993 0.031 0.985 0.997 
0.016 0.996 0.016 0.995 0.961 
0.008 0.998 0.019 0.988 0.984 
0.014 0.995 0.007 1.000 0.997 
0.025 0.995 0.022 0.993 1.000 
0.019 0.993 0.021 0.990 0.994 
0.012 0.996 0.017 0.993 1.000 
0.011 0.994 0.055 0.993 0.997 
0.015 0.996 0.073 0.973 0.994 
0.022 0.996 0.043 0.988 0.955 
0.019 0.994 0.027 0.990 0.987 
0.018 0.995 0.023 0.990 0.997 
0.025 0.995 0.043 0.985 0.852 
0.022 0.992 0.018 0.993 0.974 
0.015 0.995 0.013 0.995 1.000 
0.024 0.993 0.019 0.990 1.000 
0.017 0.995 0.016 0.993 1.000 
0.016 0.995 0.016 0.998 1.000 
0.020 0.991 0.024 0.995 1.000 
0.014 0.997 0.023 0.993 1.000 
0.019 0.993 0.021 0.993 1.000 
0.012 0.995 0.022 0.993 1.000 
0.023 0.993 0.020 0.995 0.997 
0.018 0.995 0.026 0.990 1.000 
0.023 0.993 0.034 0.985 0.997 
0.015 0.995 0.023 0.990 1.000 
0.021 0.993 0.046 0.978 0.981 
0.023 0.994 0.080 0.960 0.990 
0.020 0.991 0.021 0.990 0.997 
0.027 0.994 0.024 0.990 1.000 
0.046 0.994 0.022 0.998 1.000 
0.017 0.994 0.025 0.990 1.000 
0.018 0.995 0.016 0.998 1.000 
0.012 0.997 0.040 0.985 1.000 
0.008 0.998 0.043 0.983 0.997 
0.019 0.995 0.019 0.995 0.990 
0.014 0.995 0.012 0.998 1.000 
0.026 0.998 0.035 0.988 0.994 
0.024 0.993 0.028 0.988 1.000 
0.022 0.994 0.069 0.970 0.984 
0.013 0.995 0.024 0.990 0.994 
0.020 0.994 0.086 0.973 0.955 
0.016 0.995 0.030 0.988 0.994 
0.010 0.994 0.023 0.990 1.000 
0.011 0.997 0.019 0.993 1.000 
0.010 0.998 0.034 0.990 0.997 
0.015 0.997 0.017 0.995 1.000 
0.015 0.996 0.020 0.993 1.000 
0.014 0.995 0.009 1.000 1.000 
0.028 0.993 0.051 0.980 0.971 
0.018 0.997 0.053 0.983 0.997 
0.022 0.995 0.024 0.993 1.000 
0.032 0.994 0.027 0.990 0.981 
0.017 0.995 0.017 0.995 1.000 
0.010 0.995 0.016 0.993 1.000 
0.009 0.998 0.022 0.993 1.000 
0.015 0.997 0.014 0.995 0.990 
0.022 0.996 0.057 0.983 0.990 
0.031 0.993 0.015 0.995 1.000 
0.028 0.990 0.022 0.993 0.990 
0.013 0.996 0.018 0.995 0.965 
0.023 0.995 0.039 0.985 0.701 
0.020 0.995 0.014 0.998 0.994 
0.013 0.995 0.015 0.998 1.000 
0.024 0.993 0.017 0.995 1.000 
0.020 0.996 0.019 0.995 1.000 
0.016 0.996 0.013 0.995 0.990 
0.012 0.996 0.019 0.990 0.926 
0.013 0.996 0.012 0.995 0.997 
0.021 0.992 0.025 0.988 0.994 
0.039 0.993 0.057 0.983 1.000 
0.026 0.994 0.022 0.995 0.997 
0.011 0.997 0.011 0.995 0.990 
0.027 0.993 0.024 0.990 0.997 
0.028 0.993 0.021 0.993 0.990 
0.018 0.997 0.015 0.998 1.000 
0.013 0.997 0.045 0.988 0.994 
0.012 0.997 0.057 0.983 0.990 
0.016 0.997 0.015 0.993 1.000 
0.013 0.997 0.012 0.993 1.000 
0.020 0.993 0.088 0.970 0.929 
0.018 0.993 0.025 0.993 0.990 
0.019 0.994 0.046 0.985 0.984 
0.013 0.995 0.020 0.990 0.997 
0.020 0.995 0.037 0.988 0.990 
0.021 0.996 0.024 0.990 1.000 
0.009 0.997 0.039 0.988 0.987 
0.024 0.994 0.021 0.990 0.990 
0.018 0.995 0.025 0.990 0.994 
0.008 0.998 0.026 0.993 0.997 
0.020 0.993 0.020 0.993 1.000 
0.014 0.996 0.028 0.990 0.990 
0.021 0.995 0.064 0.975 0.913 
0.026 0.994 0.032 0.990 0.984 
0.030 0.993 0.039 0.983 0.977 
0.019 0.995 0.024 0.993 0.994 
0.031 0.990 0.026 0.995 1.000 
0.023 0.995 0.018 0.995 1.000 
0.028 0.994 0.012 0.998 0.987 
0.010 0.998 0.016 0.998 1.000 
0.031 0.991 0.018 0.995 0.949 
0.018 0.994 0.022 0.990 0.987 
0.011 0.996 0.034 0.985 0.974 
0.021 0.994 0.024 0.993 1.000 
0.016 0.994 0.023 0.993 0.984 
0.019 0.994 0.020 0.993 1.000 
0.020 0.995 0.027 0.990 0.974 
0.012 0.995 0.021 0.990 0.987 
0.025 0.993 0.015 0.995 0.997 
0.024 0.993 0.014 0.998 0.994 
0.019 0.995 0.018 0.993 0.994 
0.024 0.995 0.019 0.995 0.987 
0.021 0.995 0.018 0.995 0.977 
0.022 0.994 0.010 0.998 0.994 
0.040 0.992 0.024 0.990 0.990 
0.033 0.994 0.035 0.983 0.743 
0.015 0.995 0.017 0.995 0.994 
0.020 0.994 0.022 0.993 0.990 
0.013 0.997 0.024 0.993 0.984 
0.015 0.993 0.012 0.993 0.987 
0.018 0.994 0.015 0.995 0.997 
0.022 0.995 0.038 0.983 0.968 
0.013 0.997 0.038 0.988 0.990 
0.015 0.995 0.012 0.995 0.994 
0.011 0.997 0.010 1.000 1.000 
0.009 0.997 0.030 0.990 0.994 
0.019 0.992 0.038 0.983 1.000 
0.008 0.998 0.022 0.993 1.000 
0.016 0.994 0.010 0.998 0.997 
0.022 0.993 0.030 0.985 0.984 
0.018 0.996 0.003 1.000 0.997 
0.013 0.995 0.044 0.983 0.974 
0.018 0.994 0.012 1.000 1.000 
0.010 0.997 0.012 0.998 1.000 
0.021 0.995 0.015 0.993 0.994 
0.025 0.992 0.030 0.988 0.990 
0.011 0.996 0.023 0.993 0.997 
0.022 0.995 0.019 0.993 1.000 
0.013 0.995 0.009 0.998 0.994 
0.024 0.993 0.015 0.995 1.000 
0.011 0.997 0.014 0.993 1.000 
0.028 0.994 0.025 0.993 1.000 
0.011 0.998 0.024 0.990 1.000 
0.020 0.994 0.019 0.990 1.000 
0.015 0.994 0.017 0.990 0.997 
0.036 0.995 0.021 0.993 1.000 
0.027 0.994 0.027 0.988 0.997 
0.016 0.995 0.019 0.990 1.000 
0.017 0.995 0.019 0.998 0.997 
0.020 0.993 0.020 0.990 1.000 
0.016 0.995 0.047 0.983 0.997 
0.015 0.994 0.097 0.965 0.984 
0.011 0.998 0.034 0.988 0.997 
0.019 0.995 0.034 0.985 0.990 
0.028 0.991 0.104 0.955 0.939 
0.016 0.995 0.018 0.998 1.000 
0.018 0.993 0.058 0.978 0.997 
0.029 0.994 0.024 0.990 1.000 
0.021 0.994 0.017 0.995 1.000 
0.018 0.993 0.010 0.995 1.000 
0.017 0.995 0.023 0.990 0.997 
0.021 0.994 0.016 0.998 1.000 
0.016 0.994 0.016 0.995 1.000 
0.018 0.995 0.010 0.998 1.000 
0.020 0.994 0.020 0.990 0.997 
0.009 0.997 0.023 0.993 0.997 
0.016 0.995 0.016 0.993 0.997 
0.014 0.995 0.031 0.990 0.990 
0.023 0.991 0.024 0.993 1.000 
0.011 0.997 0.038 0.985 1.000 
0.020 0.995 0.021 0.995 0.997 
0.016 0.996 0.021 0.993 1.000 
0.012 0.997 0.012 0.998 1.000 
0.008 0.998 0.054 0.988 0.987 
0.019 0.994 0.016 0.995 1.000 
0.015 0.994 0.021 0.990 1.000 
0.011 0.998 0.036 0.988 0.997 
0.006 0.998 0.026 0.993 1.000 
0.027 0.992 0.035 0.990 0.994 
0.023 0.994 0.023 0.993 0.997 
0.020 0.994 0.030 0.988 0.997 
0.008 0.997 0.026 0.995 0.997 
0.016 0.995 0.033 0.990 0.981 
0.017 0.993 0.036 0.988 0.945 
0.010 0.996 0.023 0.990 1.000 
0.029 0.993 0.029 0.990 1.000 
0.026 0.994 0.047 0.985 0.997 
0.027 0.993 0.030 0.988 0.997 
0.017 0.995 0.043 0.985 0.977 
0.011 0.997 0.020 0.990 0.990 
0.014 0.996 0.019 0.993 0.990 
0.034 0.994 0.030 0.990 0.987 
0.013 0.996 0.023 0.993 0.961 
0.024 0.994 0.014 0.993 0.997 
0.011 0.996 0.025 0.990 0.974 
0.010 0.998 0.019 0.993 0.997 
0.014 0.997 0.013 0.998 1.000 
0.018 0.994 0.022 0.993 0.971 
0.011 0.995 0.020 0.993 0.997 
0.017 0.995 0.021 0.995 1.000 
0.015 0.994 0.023 0.990 0.804 
0.026 0.991 0.011 0.998 0.942 
0.015 0.996 0.016 0.995 0.987 
0.014 0.995 0.012 0.998 0.984 
0.027 0.994 0.020 0.990 0.971 
0.016 0.994 0.011 1.000 0.997 
0.013 0.996 0.014 0.993 1.000 
0.008 0.997 0.009 0.998 1.000 
0.028 0.995 0.035 0.988 1.000 
0.015 0.995 0.020 0.990 1.000 
0.020 0.994 0.037 0.985 0.994 
0.013 0.996 0.015 0.993 0.997 
0.013 0.997 0.059 0.983 1.000 
0.026 0.994 0.017 0.993 0.994 
0.014 0.995 0.015 0.995 1.000 
0.011 0.997 0.009 1.000 1.000 
0.018 0.996 0.018 0.993 1.000 
0.024 0.994 0.013 0.993 0.990 
0.009 0.995 0.036 0.988 0.987 
0.014 0.994 0.029 0.990 1.000 
0.016 0.995 0.042 0.983 0.990 
0.014 0.996 0.032 0.995 0.997 
0.016 0.995 0.022 0.993 0.984 
0.015 0.994 0.019 0.995 1.000 
0.057 0.993 0.014 0.993 0.984 
0.014 0.995 0.027 0.990 0.990 
0.015 0.995 0.015 0.995 0.994 
0.019 0.995 0.023 0.990 0.987 
0.010 0.996 0.054 0.983 0.987 
0.014 0.995 0.018 0.990 1.000 
0.028 0.994 0.047 0.988 0.997 
0.021 0.994 0.018 0.993 0.997 
0.021 0.995 0.020 0.993 0.997 
0.025 0.996 0.023 0.990 0.997 
0.020 0.993 0.032 0.990 0.984 
0.018 0.995 0.027 0.990 0.971 
0.017 0.998 0.028 0.990 0.984 
0.021 0.994 0.018 0.995 1.000 
0.010 0.997 0.026 0.990 0.987 
0.014 0.997 0.020 0.998 1.000 
0.010 0.995 0.025 0.990 1.000 
0.015 0.998 0.024 0.990 0.997 
0.024 0.993 0.016 0.995 0.997 
0.010 0.998 0.013 0.998 0.997 
0.017 0.997 0.028 0.990 0.987 
0.009 0.997 0.017 0.995 0.981 
0.012 0.996 0.015 0.995 0.997 
0.039 0.988 0.016 0.998 0.990 
0.016 0.995 0.024 0.990 0.971 
0.015 0.994 0.038 0.985 0.910 
0.018 0.997 0.034 0.990 0.961 
0.027 0.992 0.043 0.988 0.904 
0.013 0.996 0.022 0.993 0.987 
