0.322 0.883 0.177 0.958 1.000 
0.163 0.937 0.145 0.943 1.000 
0.133 0.958 0.102 0.960 1.000 
0.105 0.968 0.139 0.943 1.000 
0.104 0.964 0.136 0.940 1.000 
0.086 0.972 0.080 0.978 1.000 
0.090 0.970 0.186 0.925 1.000 
0.084 0.972 0.074 0.985 0.987 
0.086 0.973 0.137 0.945 0.860 
0.095 0.969 0.114 0.948 0.994 
0.085 0.974 0.130 0.940 0.997 
0.072 0.976 0.082 0.978 0.994 
0.062 0.982 0.165 0.930 0.964 
0.072 0.982 0.142 0.932 0.990 
0.060 0.980 0.191 0.922 0.987 
0.083 0.973 0.100 0.965 0.753 
0.066 0.982 0.067 0.985 0.990 
0.061 0.981 0.056 0.990 1.000 
0.058 0.984 0.077 0.980 1.000 
0.057 0.983 0.126 0.940 1.000 
0.056 0.983 0.099 0.968 1.000 
0.064 0.982 0.149 0.930 0.994 
0.053 0.983 0.111 0.950 1.000 
0.059 0.983 0.086 0.968 0.938 
0.044 0.988 0.055 0.990 1.000 
0.056 0.982 0.078 0.978 1.000 
0.053 0.981 0.096 0.960 0.997 
0.054 0.985 0.091 0.968 1.000 
0.042 0.989 0.163 0.935 0.987 
0.052 0.985 0.084 0.968 1.000 
0.047 0.987 0.066 0.980 1.000 
0.052 0.984 0.077 0.980 1.000 
0.051 0.985 0.103 0.958 0.948 
0.049 0.983 0.095 0.970 1.000 
0.046 0.989 0.060 0.988 1.000 
0.043 0.986 0.071 0.985 0.997 
0.056 0.984 0.062 0.983 1.000 
0.046 0.987 0.076 0.983 0.997 
0.036 0.992 0.066 0.983 1.000 
0.045 0.987 0.071 0.985 1.000 
0.048 0.986 0.054 0.988 1.000 
0.052 0.985 0.095 0.960 0.994 
0.050 0.988 0.070 0.990 0.847 
0.044 0.988 0.073 0.983 0.997 
0.045 0.988 0.090 0.983 1.000 
0.052 0.986 0.064 0.983 1.000 
0.052 0.986 0.101 0.955 1.000 
0.058 0.983 0.123 0.948 1.000 
0.036 0.991 0.037 0.990 1.000 
0.049 0.986 0.048 0.990 1.000 
0.047 0.989 0.070 0.993 1.000 
0.042 0.988 0.062 0.985 0.974 
0.043 0.990 0.082 0.965 0.997 
0.055 0.985 0.083 0.988 1.000 
0.035 0.989 0.079 0.970 0.997 
0.046 0.989 0.045 0.993 1.000 
0.034 0.992 0.081 0.970 1.000 
0.044 0.988 0.074 0.980 1.000 
0.044 0.989 0.077 0.983 1.000 
0.048 0.988 0.041 0.990 1.000 
0.029 0.992 0.057 0.988 1.000 
0.038 0.990 0.043 0.990 1.000 
0.045 0.989 0.066 0.990 1.000 
0.030 0.993 0.059 0.975 1.000 
0.045 0.987 0.080 0.970 0.994 
0.039 0.990 0.055 0.988 1.000 
0.039 0.990 0.059 0.993 0.756 
0.032 0.994 0.053 0.990 0.899 
0.037 0.989 0.071 0.988 0.990 
0.044 0.989 0.078 0.983 1.000 
0.041 0.988 0.081 0.973 0.000 
0.039 0.990 0.052 0.990 0.987 
0.028 0.995 0.045 0.993 0.997 
0.037 0.990 0.053 0.990 0.234 
0.045 0.989 0.058 0.990 0.705 
0.036 0.990 0.036 0.993 0.997 
0.044 0.989 0.047 0.995 1.000 
0.030 0.991 0.052 0.990 0.958 
0.035 0.992 0.055 0.978 0.958 
0.031 0.992 0.077 0.975 0.964 
0.042 0.991 0.113 0.973 0.951 
0.039 0.990 0.059 0.990 0.925 
0.043 0.985 0.065 0.990 0.984 
0.030 0.991 0.071 0.975 0.997 
0.034 0.993 0.049 0.990 0.984 
0.043 0.989 0.040 0.990 0.896 
0.039 0.988 0.079 0.978 0.909 
0.032 0.992 0.072 0.970 0.877 
0.033 0.992 0.107 0.960 0.003 
0.036 0.991 0.043 0.993 1.000 
0.032 0.992 0.136 0.953 0.455 
0.030 0.992 0.060 0.990 0.299 
0.032 0.992 0.058 0.983 1.000 
0.033 0.991 0.067 0.988 0.744 
0.025 0.993 0.085 0.975 0.006 
0.034 0.991 0.099 0.965 0.831 
0.042 0.989 0.068 0.970 0.984 
0.028 0.992 0.093 0.970 0.675 
0.028 0.995 0.057 0.985 0.981 
0.044 0.989 0.073 0.978 0.042 
0.036 0.992 0.050 0.988 0.886 
0.035 0.990 0.063 0.980 0.896 
0.032 0.990 0.079 0.965 1.000 
0.030 0.993 0.119 0.948 0.997 
0.025 0.993 0.047 0.993 0.997 
0.025 0.995 0.035 0.993 0.912 
0.036 0.988 0.090 0.963 0.750 
0.030 0.992 0.049 0.990 0.792 
0.034 0.993 0.089 0.963 1.000 
0.029 0.993 0.038 0.993 1.000 
0.022 0.996 0.049 0.983 1.000 
0.032 0.991 0.052 0.988 1.000 
0.029 0.993 0.111 0.950 0.997 
0.048 0.990 0.088 0.965 0.997 
0.033 0.992 0.069 0.970 1.000 
0.026 0.996 0.139 0.955 0.987 
0.034 0.992 0.053 0.988 1.000 
0.029 0.990 0.046 0.990 0.994 
0.036 0.990 0.073 0.975 0.919 
0.037 0.990 0.041 0.990 1.000 
0.027 0.992 0.101 0.965 0.964 
0.029 0.989 0.056 0.978 0.994 
0.022 0.996 0.056 0.990 1.000 
0.024 0.994 0.067 0.973 0.997 
0.025 0.996 0.027 0.993 1.000 
0.032 0.992 0.041 0.990 1.000 
0.024 0.992 0.080 0.968 1.000 
0.030 0.991 0.052 0.985 1.000 
0.028 0.993 0.063 0.980 0.990 
0.027 0.996 0.051 0.985 1.000 
0.034 0.992 0.092 0.963 0.994 
0.027 0.991 0.059 0.978 0.347 
0.023 0.996 0.041 0.993 0.974 
0.026 0.993 0.043 0.990 1.000 
0.034 0.990 0.057 0.978 0.994 
0.027 0.993 0.087 0.968 0.990 
0.028 0.991 0.057 0.975 0.994 
0.043 0.989 0.102 0.965 0.994 
0.032 0.991 0.066 0.988 1.000 
0.026 0.993 0.077 0.960 0.971 
0.030 0.991 0.047 0.990 0.929 
0.027 0.990 0.042 0.990 0.990 
0.020 0.996 0.035 0.995 1.000 
0.031 0.992 0.069 0.988 0.994 
0.024 0.995 0.060 0.988 0.948 
0.031 0.992 0.096 0.963 0.994 
0.042 0.989 0.087 0.965 0.994 
0.028 0.992 0.064 0.985 1.000 
0.026 0.994 0.073 0.965 0.997 
0.023 0.995 0.068 0.975 0.987 
0.027 0.995 0.144 0.955 0.990 
0.031 0.993 0.051 0.988 0.990 
0.030 0.993 0.089 0.968 0.744 
0.022 0.994 0.096 0.965 0.997 
0.046 0.989 0.051 0.990 1.000 
0.034 0.992 0.048 0.990 1.000 
0.039 0.988 0.176 0.927 0.994 
0.022 0.995 0.102 0.963 0.984 
0.027 0.992 0.131 0.960 0.890 
0.027 0.994 0.064 0.983 0.990 
0.029 0.994 0.066 0.988 0.987 
0.027 0.993 0.065 0.983 0.994 
0.028 0.993 0.056 0.988 0.981 
0.020 0.994 0.057 0.990 0.919 
0.024 0.995 0.152 0.950 0.851 
0.027 0.993 0.073 0.983 0.971 
0.026 0.995 0.040 0.993 0.984 
0.025 0.994 0.080 0.965 1.000 
0.030 0.993 0.061 0.978 1.000 
0.027 0.993 0.104 0.958 1.000 
0.034 0.990 0.143 0.945 0.964 
0.032 0.990 0.065 0.970 0.971 
0.019 0.995 0.037 0.993 1.000 
0.024 0.993 0.120 0.955 0.081 
0.034 0.990 0.040 0.980 0.445 
0.034 0.991 0.048 0.995 0.961 
0.022 0.993 0.084 0.958 1.000 
0.020 0.996 0.037 0.995 0.857 
0.029 0.992 0.065 0.973 1.000 
0.034 0.994 0.135 0.955 1.000 
0.023 0.993 0.080 0.968 0.744 
0.022 0.994 0.045 0.988 0.974 
0.018 0.995 0.031 0.995 1.000 
0.036 0.993 0.043 0.993 0.734 
0.025 0.995 0.049 0.993 0.737 
0.027 0.994 0.073 0.968 0.909 
0.033 0.992 0.041 0.988 0.997 
0.027 0.994 0.035 0.993 0.786 
0.027 0.991 0.056 0.983 1.000 
0.023 0.995 0.057 0.975 0.987 
0.024 0.992 0.069 0.968 0.003 
0.024 0.994 0.127 0.945 0.997 
0.022 0.993 0.040 0.990 0.971 
0.025 0.994 0.095 0.960 1.000 
0.025 0.992 0.041 0.993 1.000 
0.032 0.992 0.107 0.950 0.714 
0.028 0.996 0.139 0.945 0.419 
0.013 0.996 0.036 0.993 0.750 
0.031 0.992 0.089 0.960 0.990 
0.019 0.995 0.042 0.993 1.000 
0.038 0.990 0.093 0.963 0.558 
0.031 0.992 0.045 0.990 0.179 
0.023 0.993 0.037 0.993 1.000 
0.021 0.992 0.038 0.993 0.669 
0.023 0.992 0.051 0.990 0.938 
0.030 0.993 0.058 0.975 1.000 
0.019 0.995 0.083 0.965 0.997 
0.018 0.995 0.062 0.978 1.000 
0.026 0.993 0.096 0.973 0.351 
0.027 0.994 0.090 0.963 1.000 
0.030 0.993 0.112 0.955 0.990 
0.027 0.994 0.063 0.973 0.987 
0.024 0.994 0.041 0.990 0.481 
0.017 0.993 0.047 0.988 0.929 
0.030 0.995 0.089 0.965 0.584 
0.025 0.995 0.056 0.978 0.925 
0.030 0.990 0.059 0.978 0.357 
0.020 0.995 0.093 0.963 0.032 
0.032 0.991 0.152 0.932 0.994 
0.026 0.992 0.082 0.965 0.049 
0.023 0.993 0.046 0.980 0.951 
0.024 0.993 0.082 0.970 0.049 
0.014 0.998 0.069 0.973 0.997 
0.028 0.994 0.124 0.955 0.987 
0.024 0.994 0.039 0.993 0.659 
0.026 0.995 0.063 0.990 0.997 
0.031 0.992 0.062 0.990 0.971 
0.015 0.996 0.039 0.990 1.000 
0.030 0.992 0.053 0.990 0.994 
0.030 0.993 0.064 0.978 0.006 
0.031 0.991 0.065 0.978 0.948 
0.025 0.994 0.043 0.993 0.984 
0.025 0.992 0.063 0.975 1.000 
0.023 0.992 0.056 0.978 0.990 
0.019 0.996 0.047 0.990 0.977 
0.021 0.994 0.098 0.960 0.857 
0.022 0.995 0.048 0.988 0.896 
0.023 0.995 0.059 0.978 0.818 
0.020 0.996 0.053 0.978 0.870 
0.023 0.995 0.070 0.973 0.958 
0.015 0.996 0.055 0.985 0.906 
0.022 0.995 0.092 0.965 0.961 
0.026 0.995 0.092 0.973 0.961 
0.021 0.993 0.051 0.990 0.516 
0.021 0.995 0.119 0.965 0.734 
0.027 0.992 0.054 0.990 0.828 
0.022 0.996 0.106 0.958 0.555 
0.021 0.994 0.135 0.950 0.497 
0.026 0.993 0.057 0.975 1.000 
0.019 0.994 0.062 0.973 0.971 
0.029 0.994 0.070 0.968 0.558 
0.022 0.996 0.059 0.978 0.019 
0.019 0.995 0.060 0.978 0.179 
0.042 0.988 0.126 0.940 0.601 
0.024 0.991 0.064 0.975 0.263 
0.022 0.992 0.125 0.948 0.591 
0.025 0.994 0.091 0.968 0.802 
0.021 0.993 0.064 0.990 0.260 
0.028 0.994 0.166 0.932 0.994 
0.019 0.993 0.069 0.973 0.909 
0.025 0.993 0.078 0.978 0.344 
0.019 0.993 0.077 0.975 0.023 
0.025 0.991 0.067 0.973 0.828 
0.015 0.995 0.175 0.935 0.023 
0.018 0.993 0.085 0.975 0.016 
0.019 0.995 0.074 0.968 0.708 
0.021 0.995 0.037 0.993 0.971 
0.026 0.993 0.066 0.973 0.860 
0.018 0.996 0.061 0.975 0.510 
0.018 0.997 0.057 0.988 0.961 
0.024 0.994 0.081 0.965 0.123 
0.028 0.992 0.034 0.993 0.994 
0.038 0.993 0.091 0.965 0.578 
0.015 0.994 0.069 0.975 0.864 
0.019 0.996 0.098 0.960 0.987 
0.016 0.993 0.100 0.970 0.984 
0.021 0.995 0.083 0.970 0.964 
0.013 0.997 0.074 0.978 0.968 
0.023 0.994 0.073 0.975 0.925 
0.022 0.992 0.046 0.990 0.997 
0.016 0.995 0.070 0.978 0.497 
0.021 0.992 0.055 0.978 0.721 
0.025 0.993 0.066 0.973 0.958 
0.025 0.995 0.073 0.978 0.331 
0.034 0.994 0.041 0.988 0.435 
0.014 0.995 0.058 0.988 0.922 
0.023 0.993 0.099 0.960 0.718 
0.019 0.994 0.094 0.958 0.997 
0.015 0.996 0.085 0.965 0.227 
0.027 0.990 0.087 0.963 0.198 
0.020 0.995 0.054 0.978 0.318 
0.014 0.997 0.036 0.993 0.948 
0.023 0.994 0.033 0.993 0.623 
0.021 0.994 0.049 0.978 0.932 
0.015 0.995 0.109 0.965 0.955 
0.033 0.991 0.035 0.995 0.841 
0.015 0.996 0.034 0.993 0.929 
0.027 0.992 0.040 0.980 1.000 
0.024 0.994 0.033 0.990 0.705 
0.021 0.995 0.055 0.978 0.974 
0.023 0.995 0.044 0.990 0.929 
0.020 0.995 0.044 0.990 0.971 
0.028 0.995 0.056 0.978 0.023 
0.022 0.993 0.071 0.968 1.000 
0.014 0.997 0.037 0.990 0.906 
0.015 0.996 0.064 0.973 0.961 
0.020 0.996 0.071 0.978 0.000 
0.018 0.995 0.080 0.975 0.127 
0.016 0.995 0.070 0.970 0.932 
0.025 0.992 0.049 0.993 0.000 
0.015 0.998 0.056 0.973 0.227 
0.015 0.996 0.030 0.993 0.377 
0.021 0.993 0.080 0.970 0.036 
0.020 0.993 0.059 0.970 0.740 
0.015 0.995 0.036 0.993 0.477 
0.027 0.994 0.102 0.965 0.133 
0.022 0.995 0.032 0.990 0.620 
0.020 0.994 0.049 0.990 0.000 
0.025 0.994 0.047 0.990 0.896 
0.011 0.998 0.037 0.993 0.795 
0.019 0.995 0.046 0.988 0.464 
0.023 0.993 0.030 0.993 0.977 
0.014 0.997 0.057 0.975 0.968 
0.032 0.993 0.097 0.963 0.519 
0.015 0.995 0.092 0.988 0.117 
0.020 0.998 0.056 0.983 0.994 
0.017 0.995 0.037 0.993 0.987 
0.022 0.995 0.133 0.958 0.568 
0.022 0.993 0.028 0.995 0.893 
0.024 0.993 0.074 0.978 0.997 
0.016 0.995 0.059 0.975 0.734 
0.024 0.993 0.032 0.993 0.688 
0.019 0.994 0.045 0.988 0.938 
0.023 0.995 0.083 0.973 0.942 
0.017 0.995 0.037 0.990 0.916 
0.038 0.991 0.073 0.975 0.503 
0.020 0.995 0.058 0.988 0.039 
0.017 0.995 0.092 0.960 0.984 
0.021 0.993 0.033 0.993 0.614 
0.015 0.997 0.072 0.973 0.818 
0.013 0.996 0.070 0.975 0.000 
0.034 0.993 0.045 0.988 0.458 
0.019 0.995 0.058 0.990 0.000 
0.022 0.996 0.135 0.953 0.386 
0.020 0.992 0.028 0.990 0.795 
0.019 0.996 0.031 0.990 0.000 
0.014 0.996 0.043 0.990 0.003 
0.017 0.995 0.095 0.975 0.282 
0.022 0.994 0.027 0.993 0.123 
0.023 0.993 0.036 0.990 0.873 
0.021 0.993 0.070 0.973 0.114 
0.026 0.995 0.156 0.945 0.003 
0.018 0.995 0.052 0.978 0.000 
0.022 0.995 0.037 0.990 0.003 
0.011 0.996 0.104 0.970 0.390 
0.021 0.995 0.057 0.980 0.000 
0.050 0.989 0.070 0.978 0.052 
0.017 0.995 0.053 0.978 0.094 
0.026 0.995 0.044 0.990 0.808 
0.043 0.994 0.065 0.990 0.000 
0.027 0.993 0.036 0.993 0.000 
0.016 0.995 0.033 0.990 0.321 
0.023 0.995 0.042 0.990 0.000 
0.019 0.995 0.114 0.953 0.938 
0.017 0.995 0.054 0.975 0.000 
0.016 0.994 0.047 0.978 0.633 
0.042 0.993 0.063 0.973 0.000 
0.018 0.995 0.075 0.975 0.000 
0.020 0.995 0.059 0.978 0.036 
0.018 0.996 0.046 0.978 0.000 
0.017 0.994 0.063 0.975 0.000 
0.025 0.995 0.053 0.990 0.000 
0.021 0.994 0.041 0.988 0.000 
0.014 0.995 0.047 0.990 0.000 
0.021 0.995 0.044 0.990 0.036 
0.011 0.999 0.043 0.988 0.000 
0.039 0.990 0.077 0.968 0.364 
0.017 0.995 0.104 0.960 0.091 
0.019 0.995 0.061 0.975 0.091 
0.013 0.996 0.044 0.990 0.000 
0.015 0.995 0.029 0.995 0.321 
0.016 0.993 0.087 0.973 0.000 
0.017 0.994 0.104 0.958 0.354 
0.023 0.993 0.041 0.990 0.341 
0.024 0.992 0.027 0.993 0.088 
0.015 0.996 0.055 0.973 0.679 
0.019 0.997 0.041 0.995 0.630 
0.033 0.992 0.035 0.993 0.000 
0.021 0.993 0.024 0.990 0.000 
0.020 0.995 0.037 0.978 0.364 
0.024 0.995 0.031 0.993 0.006 
0.016 0.996 0.028 0.990 0.000 
0.023 0.993 0.067 0.978 0.000 
0.028 0.996 0.084 0.965 0.000 
0.029 0.996 0.229 0.932 0.000 
0.030 0.993 0.053 0.975 0.373 
0.015 0.998 0.039 0.988 0.000 
0.027 0.991 0.069 0.978 0.016 
0.027 0.993 0.032 0.993 0.052 
0.025 0.996 0.063 0.978 0.000 
0.021 0.993 0.076 0.965 0.614 
0.019 0.993 0.036 0.993 0.799 
0.024 0.993 0.039 0.990 0.990 
0.019 0.994 0.051 0.978 0.945 
0.034 0.991 0.070 0.970 0.685 
0.012 0.995 0.047 0.990 0.955 
0.016 0.996 0.044 0.988 0.844 
0.017 0.994 0.132 0.968 0.367 
0.023 0.995 0.062 0.975 0.075 
0.014 0.996 0.036 0.990 0.792 
0.027 0.996 0.155 0.955 0.000 
0.014 0.997 0.131 0.963 0.026 
0.013 0.997 0.029 0.993 0.039 
0.016 0.993 0.046 0.990 0.997 
0.021 0.996 0.072 0.973 1.000 
0.022 0.995 0.068 0.978 0.071 
0.015 0.995 0.038 0.993 0.026 
0.027 0.993 0.084 0.975 0.045 
0.020 0.994 0.029 0.990 0.831 
0.032 0.994 0.044 0.988 0.916 
0.016 0.994 0.078 0.990 0.000 
0.015 0.997 0.079 0.978 0.045 
0.012 0.995 0.053 0.980 0.393 
0.024 0.994 0.033 0.993 0.815 
0.014 0.995 0.037 0.993 0.445 
0.017 0.995 0.095 0.963 0.987 
0.020 0.994 0.044 0.990 0.899 
0.016 0.996 0.049 0.978 0.000 
0.018 0.996 0.080 0.970 0.120 
0.021 0.993 0.049 0.990 0.682 
0.024 0.995 0.056 0.990 0.169 
0.018 0.995 0.074 0.975 0.711 
0.021 0.995 0.118 0.950 0.997 
0.027 0.994 0.036 0.990 1.000 
0.022 0.995 0.082 0.975 0.049 
0.021 0.992 0.053 0.975 0.932 
0.020 0.995 0.075 0.970 1.000 
0.008 0.996 0.076 0.990 0.325 
0.022 0.994 0.059 0.975 0.237 
0.018 0.996 0.046 0.990 0.049 
0.014 0.997 0.053 0.988 0.860 
0.019 0.995 0.059 0.975 0.812 
0.020 0.996 0.139 0.988 0.013 
0.021 0.995 0.080 0.988 0.458 
0.031 0.992 0.092 0.973 0.094 
0.015 0.995 0.078 0.973 0.870 
0.011 0.996 0.110 0.960 0.938 
0.016 0.993 0.051 0.990 1.000 
0.012 0.996 0.058 0.988 1.000 
0.018 0.995 0.039 0.993 1.000 
0.022 0.995 0.047 0.990 1.000 
0.026 0.992 0.038 0.990 0.000 
0.012 0.994 0.062 0.975 1.000 
0.018 0.995 0.031 0.993 0.269 
0.022 0.995 0.042 0.990 0.981 
0.023 0.995 0.050 0.988 0.825 
0.039 0.990 0.068 0.965 0.974 
0.019 0.994 0.046 0.988 1.000 
0.017 0.994 0.167 0.925 0.724 
0.020 0.994 0.113 0.955 0.971 
0.025 0.995 0.035 0.990 0.870 
0.024 0.993 0.108 0.958 0.964 
0.020 0.994 0.084 0.973 0.968 
0.015 0.995 0.079 0.970 0.906 
0.012 0.998 0.064 0.985 0.776 
0.024 0.992 0.053 0.988 0.994 
0.008 0.999 0.055 0.988 0.974 
0.019 0.997 0.038 0.993 0.448 
0.034 0.989 0.044 0.990 0.701 
0.018 0.996 0.056 0.978 0.588 
0.023 0.995 0.040 0.990 0.880 
0.024 0.992 0.049 0.988 0.487 
0.017 0.997 0.071 0.975 0.055 
0.015 0.996 0.059 0.988 0.662 
0.030 0.989 0.065 0.988 0.880 
0.024 0.992 0.040 0.993 0.643 
0.028 0.993 0.074 0.988 0.023 
0.014 0.995 0.076 0.988 0.019 
0.012 0.997 0.055 0.990 0.997 
0.036 0.994 0.220 0.922 0.890 
0.013 0.996 0.171 0.955 0.932 
0.017 0.996 0.161 0.948 0.977 
0.020 0.995 0.039 0.990 0.994 
0.017 0.996 0.163 0.930 0.935 
0.025 0.993 0.082 0.983 0.984 
0.024 0.995 0.211 0.917 0.890 
0.021 0.996 0.072 0.990 0.140 
0.023 0.995 0.098 0.960 1.000 
0.029 0.993 0.169 0.932 0.860 
0.016 0.995 0.046 0.988 0.890 
0.023 0.994 0.037 0.993 1.000 
0.037 0.990 0.039 0.990 0.266 
0.011 0.997 0.094 0.965 0.974 
0.015 0.996 0.046 0.988 0.968 
0.023 0.994 0.055 0.988 0.016 
0.014 0.996 0.072 0.973 0.994 
0.016 0.993 0.036 0.988 1.000 
0.014 0.996 0.035 0.993 0.987 
0.020 0.995 0.050 0.990 0.828 
0.015 0.995 0.090 0.988 0.974 
0.017 0.997 0.132 0.958 1.000 
0.027 0.993 0.140 0.953 0.942 
0.019 0.994 0.111 0.975 0.312 
0.020 0.995 0.048 0.990 0.974 
0.026 0.995 0.039 0.990 0.068 
0.026 0.996 0.086 0.980 0.000 
0.024 0.993 0.086 0.968 0.737 
0.017 0.994 0.117 0.960 1.000 
0.017 0.996 0.154 0.945 0.997 
0.017 0.995 0.045 0.980 0.935 
0.015 0.994 0.078 0.978 0.990 
0.029 0.994 0.287 0.915 0.929 
0.028 0.996 0.101 0.963 0.968 
0.014 0.996 0.080 0.968 0.997 
0.023 0.995 0.046 0.988 0.971 
0.019 0.993 0.048 0.990 0.864 
0.022 0.992 0.061 0.975 0.318 
0.014 0.996 0.061 0.990 0.172 
0.018 0.996 0.040 0.990 0.880 
0.015 0.994 0.065 0.975 0.903 
0.013 0.998 0.042 0.990 0.773 
0.028 0.992 0.051 0.978 0.659 
0.019 0.993 0.078 0.965 0.721 
0.017 0.996 0.030 0.993 0.094 
0.008 0.999 0.081 0.990 0.003 
0.030 0.993 0.154 0.945 0.065 
0.010 0.997 0.095 0.955 1.000 
0.015 0.994 0.052 0.988 0.000 
0.021 0.994 0.045 0.988 0.526 
0.019 0.994 0.095 0.960 0.263 
0.021 0.995 0.059 0.988 0.146 
0.015 0.995 0.119 0.968 0.188 
0.019 0.993 0.133 0.953 0.396 
0.023 0.994 0.060 0.978 0.010 
0.017 0.996 0.049 0.993 0.000 
0.014 0.996 0.099 0.963 0.568 
0.030 0.992 0.088 0.968 0.890 
0.011 0.996 0.068 0.990 0.156 
0.013 0.996 0.071 0.968 0.890 
0.014 0.995 0.179 0.927 0.987 
0.015 0.995 0.072 0.988 0.081 
0.019 0.994 0.069 0.975 0.146 
0.015 0.997 0.143 0.948 0.370 
0.022 0.993 0.061 0.975 0.581 
0.026 0.992 0.067 0.978 0.010 
0.017 0.995 0.057 0.978 0.055 
0.019 0.995 0.052 0.988 0.068 
0.019 0.995 0.040 0.990 0.295 
0.016 0.993 0.081 0.980 0.575 
0.016 0.996 0.037 0.990 0.701 
0.019 0.997 0.126 0.950 0.860 
0.020 0.995 0.047 0.990 0.659 
0.040 0.989 0.063 0.985 0.201 
0.010 0.995 0.118 0.970 0.393 
0.019 0.993 0.118 0.965 0.705 
0.011 0.995 0.113 0.990 0.166 
0.018 0.995 0.037 0.990 0.997 
0.012 0.996 0.095 0.958 0.997 
0.021 0.995 0.120 0.955 0.919 
0.025 0.994 0.110 0.955 0.529 
0.018 0.995 0.210 0.935 0.964 
0.019 0.995 0.107 0.960 0.214 
0.022 0.994 0.220 0.922 0.994 
0.020 0.994 0.066 0.975 0.711 
0.022 0.995 0.058 0.988 0.474 
0.016 0.996 0.099 0.988 0.006 
0.019 0.995 0.054 0.988 0.951 
0.016 0.996 0.039 0.990 0.201 
0.019 0.995 0.058 0.990 0.123 
0.032 0.994 0.038 0.990 1.000 
0.021 0.996 0.044 0.990 0.997 
0.015 0.994 0.058 0.978 0.834 
0.016 0.993 0.082 0.970 0.997 
0.014 0.996 0.059 0.988 0.925 
0.018 0.993 0.063 0.973 0.734 
0.018 0.996 0.067 0.975 0.685 
0.016 0.995 0.055 0.990 0.026 
0.016 0.993 0.059 0.975 0.776 
0.016 0.996 0.036 0.993 0.994 
0.020 0.993 0.146 0.965 0.032 
0.011 0.998 0.040 0.993 0.107 
0.024 0.992 0.040 0.993 0.698 
0.020 0.994 0.026 0.993 0.990 
0.044 0.992 0.047 0.985 0.000 
0.012 0.996 0.064 0.985 0.244 
0.012 0.996 0.118 0.963 1.000 
0.016 0.995 0.145 0.948 1.000 
0.022 0.993 0.032 0.993 1.000 
0.015 0.996 0.068 0.988 1.000 
0.018 0.995 0.116 0.963 1.000 
0.013 0.996 0.064 0.985 1.000 
0.014 0.998 0.047 0.990 1.000 
0.018 0.993 0.064 0.990 1.000 
0.020 0.995 0.035 0.993 0.997 
0.029 0.993 0.193 0.927 0.997 
0.026 0.992 0.076 0.973 0.997 
0.022 0.994 0.160 0.945 1.000 
0.019 0.995 0.045 0.990 1.000 
0.013 0.998 0.343 0.907 1.000 
0.013 0.996 0.137 0.955 1.000 
0.019 0.996 0.127 0.953 1.000 
0.014 0.998 0.114 0.968 1.000 
0.037 0.993 0.045 0.988 1.000 
0.014 0.995 0.126 0.960 1.000 
0.014 0.995 0.124 0.973 0.994 
0.010 0.996 0.084 0.978 1.000 
0.016 0.997 0.049 0.988 1.000 
0.012 0.996 0.069 0.983 0.958 
0.015 0.996 0.063 0.983 1.000 
0.017 0.993 0.182 0.940 1.000 
0.023 0.995 0.029 0.993 1.000 
0.015 0.996 0.077 0.973 0.994 
0.008 0.997 0.087 0.990 0.023 
0.017 0.995 0.063 0.975 0.984 
0.027 0.994 0.046 0.990 0.971 
0.015 0.996 0.061 0.975 0.977 
0.010 0.997 0.117 0.973 0.334 
0.022 0.994 0.130 0.953 0.994 
0.018 0.993 0.114 0.960 1.000 
0.017 0.996 0.097 0.963 1.000 
0.026 0.992 0.090 0.985 0.990 
0.013 0.996 0.137 0.968 0.997 
0.016 0.996 0.164 0.958 0.990 
0.016 0.995 0.088 0.985 0.295 
0.008 0.998 0.161 0.965 0.870 
0.021 0.996 0.106 0.960 1.000 
0.020 0.995 0.083 0.968 1.000 
0.026 0.995 0.122 0.963 0.997 
0.020 0.996 0.135 0.950 0.997 
0.019 0.996 0.204 0.932 1.000 
0.016 0.995 0.051 0.990 0.084 
0.008 0.998 0.052 0.975 0.912 
0.018 0.997 0.123 0.973 0.000 
0.019 0.995 0.080 0.965 0.994 
0.010 0.998 0.077 0.970 0.987 
0.015 0.997 0.091 0.965 0.994 
0.015 0.996 0.065 0.978 0.971 
0.024 0.993 0.070 0.973 0.981 
0.016 0.997 0.091 0.968 0.977 
0.018 0.996 0.090 0.965 1.000 
0.008 0.998 0.124 0.968 0.990 
0.011 0.998 0.039 0.993 0.981 
0.027 0.994 0.050 0.978 0.938 
0.012 0.997 0.035 0.990 0.994 
0.013 0.996 0.126 0.960 1.000 
0.015 0.998 0.050 0.990 1.000 
0.027 0.994 0.071 0.968 1.000 
0.010 0.995 0.125 0.965 0.935 
0.024 0.995 0.059 0.988 0.987 
0.010 0.998 0.069 0.988 0.922 
0.020 0.994 0.078 0.973 0.981 
0.017 0.997 0.139 0.950 0.851 
0.022 0.994 0.199 0.932 0.903 
0.017 0.995 0.076 0.970 0.997 
0.012 0.997 0.087 0.965 0.516 
0.021 0.993 0.136 0.965 0.231 
0.031 0.991 0.153 0.945 0.776 
0.015 0.996 0.105 0.965 0.916 
0.008 0.997 0.069 0.975 0.994 
0.020 0.992 0.042 0.990 1.000 
0.008 0.997 0.113 0.963 0.961 
0.018 0.996 0.047 0.990 1.000 
0.028 0.991 0.061 0.975 0.890 
0.013 0.997 0.058 0.990 0.429 
0.008 0.996 0.041 0.980 1.000 
0.015 0.995 0.161 0.960 0.974 
0.012 0.997 0.104 0.965 0.805 
0.013 0.997 0.036 0.990 0.351 
0.014 0.995 0.080 0.970 0.435 
0.010 0.998 0.068 0.970 0.792 
0.021 0.995 0.038 0.990 0.903 
0.018 0.996 0.053 0.975 0.997 
0.017 0.996 0.052 0.990 1.000 
0.029 0.995 0.065 0.990 0.000 
0.009 0.996 0.132 0.950 0.971 
0.007 0.998 0.053 0.988 0.409 
0.014 0.997 0.068 0.970 1.000 
0.013 0.996 0.183 0.948 1.000 
0.019 0.994 0.057 0.978 0.990 
0.027 0.995 0.041 0.990 1.000 
0.021 0.993 0.136 0.953 1.000 
0.018 0.993 0.044 0.990 0.636 
0.019 0.995 0.085 0.970 0.016 
0.014 0.995 0.080 0.985 0.451 
0.025 0.993 0.043 0.990 0.870 
0.029 0.992 0.037 0.993 0.987 
0.013 0.996 0.106 0.955 0.997 
0.015 0.996 0.048 0.988 0.955 
0.011 0.996 0.083 0.970 0.964 
0.012 0.996 0.078 0.973 1.000 
0.049 0.993 0.059 0.990 0.977 
0.016 0.994 0.117 0.960 0.000 
0.010 0.998 0.043 0.980 0.000 
0.013 0.998 0.061 0.975 0.032 
0.018 0.996 0.041 0.990 0.886 
0.008 0.998 0.043 0.990 0.685 
0.009 0.998 0.049 0.990 1.000 
0.015 0.995 0.069 0.988 0.659 
0.017 0.996 0.148 0.950 0.997 
0.022 0.994 0.026 0.993 0.990 
0.014 0.997 0.044 0.990 0.987 
0.019 0.994 0.052 0.975 1.000 
0.014 0.996 0.070 0.975 0.997 
0.014 0.995 0.035 0.990 0.977 
0.019 0.995 0.082 0.968 0.925 
0.010 0.996 0.039 0.990 0.955 
0.013 0.996 0.057 0.978 0.000 
0.022 0.993 0.053 0.988 0.974 
0.015 0.996 0.049 0.990 0.675 
0.018 0.997 0.065 0.973 0.955 
0.027 0.992 0.041 0.990 0.065 
0.013 0.996 0.033 0.993 0.000 
0.024 0.993 0.057 0.988 0.162 
0.017 0.994 0.079 0.970 0.000 
0.014 0.997 0.074 0.973 1.000 
0.015 0.995 0.037 0.993 0.140 
0.023 0.992 0.100 0.960 0.994 
0.018 0.996 0.044 0.990 0.000 
0.015 0.996 0.095 0.958 1.000 
0.009 0.994 0.044 0.993 0.000 
0.011 0.996 0.092 0.970 0.192 
0.013 0.997 0.036 0.993 0.013 
0.010 0.996 0.029 0.993 1.000 
0.018 0.996 0.048 0.988 0.974 
0.018 0.996 0.039 0.990 0.442 
0.007 0.998 0.068 0.968 0.308 
0.010 0.997 0.032 0.990 0.523 
0.021 0.993 0.136 0.958 0.269 
0.066 0.993 0.115 0.945 0.997 
0.015 0.995 0.057 0.988 0.994 
0.017 0.997 0.118 0.945 1.000 
0.019 0.994 0.045 0.985 0.351 
0.009 0.998 0.099 0.963 0.714 
0.015 0.995 0.124 0.945 1.000 
0.021 0.995 0.094 0.958 0.997 
0.016 0.995 0.127 0.955 1.000 
0.039 0.990 0.038 0.990 1.000 
0.033 0.990 0.049 0.990 0.458 
0.010 0.996 0.058 0.978 0.942 
0.021 0.995 0.038 0.988 0.877 
0.020 0.993 0.073 0.963 0.984 
0.018 0.997 0.078 0.963 0.987 
0.012 0.998 0.047 0.990 0.799 
0.017 0.996 0.053 0.978 0.964 
0.013 0.998 0.038 0.990 0.990 
0.011 0.996 0.034 0.993 0.269 
0.026 0.992 0.036 0.993 0.867 
0.012 0.995 0.102 0.970 0.536 
0.008 0.998 0.043 0.988 0.916 
0.026 0.993 0.085 0.955 0.847 
0.011 0.995 0.052 0.990 0.036 
0.018 0.994 0.038 0.990 0.003 
0.011 0.996 0.079 0.968 0.990 
0.027 0.995 0.082 0.968 0.058 
0.015 0.995 0.049 0.990 0.893 
0.019 0.995 0.046 0.990 0.994 
0.011 0.996 0.035 0.990 1.000 
0.014 0.996 0.045 0.985 1.000 
0.010 0.996 0.066 0.965 0.740 
0.019 0.993 0.033 0.990 0.094 
0.015 0.998 0.060 0.985 0.373 
0.025 0.992 0.072 0.973 0.019 
0.035 0.993 0.040 0.990 0.935 
0.016 0.996 0.059 0.988 0.912 
0.007 0.998 0.050 0.988 0.977 
0.019 0.995 0.065 0.985 1.000 
0.017 0.995 0.085 0.980 0.805 
0.017 0.993 0.149 0.940 1.000 
0.016 0.995 0.050 0.985 0.695 
0.009 0.996 0.042 0.990 1.000 
0.014 0.996 0.035 0.993 1.000 
0.005 0.999 0.033 0.990 0.935 
0.012 0.998 0.058 0.978 0.990 
0.018 0.995 0.076 0.973 0.987 
0.024 0.993 0.096 0.960 0.916 
0.019 0.995 0.078 0.968 1.000 
0.021 0.995 0.063 0.988 0.026 
0.003 0.999 0.113 0.988 0.000 
0.014 0.997 0.060 0.978 0.214 
0.017 0.995 0.291 0.920 0.607 
0.017 0.996 0.120 0.950 1.000 
0.012 0.997 0.142 0.938 0.997 
0.019 0.995 0.092 0.968 0.955 
0.008 0.996 0.055 0.988 0.899 
0.017 0.995 0.037 0.990 0.854 
0.011 0.997 0.108 0.978 0.604 
0.018 0.995 0.051 0.983 0.990 
0.021 0.995 0.037 0.990 0.224 
0.013 0.997 0.135 0.963 0.003 
0.019 0.995 0.096 0.963 0.964 
0.021 0.995 0.089 0.975 0.422 
0.016 0.995 0.161 0.945 0.821 
0.030 0.995 0.094 0.983 0.497 
0.021 0.996 0.047 0.990 0.990 
0.008 0.998 0.061 0.990 0.724 
0.024 0.994 0.086 0.968 0.786 
0.014 0.997 0.065 0.970 0.312 
0.018 0.995 0.048 0.990 0.851 
0.014 0.995 0.058 0.978 0.857 
0.027 0.992 0.319 0.907 0.838 
0.055 0.993 0.097 0.960 0.994 
0.014 0.996 0.039 0.990 0.685 
0.015 0.997 0.041 0.990 0.653 
0.010 0.996 0.040 0.990 0.948 
0.017 0.996 0.104 0.958 0.925 
0.025 0.994 0.047 0.990 0.860 
0.011 0.996 0.074 0.970 0.945 
0.010 0.997 0.033 0.990 0.656 
0.017 0.993 0.084 0.963 1.000 
0.012 0.997 0.055 0.988 0.997 
0.013 0.996 0.048 0.990 0.802 
0.014 0.996 0.115 0.958 0.981 
0.014 0.996 0.061 0.978 0.984 
0.019 0.995 0.040 0.990 0.971 
0.010 0.999 0.036 0.990 0.987 
0.027 0.992 0.048 0.988 0.990 
0.023 0.994 0.060 0.983 0.922 
0.025 0.992 0.048 0.990 0.601 
0.016 0.995 0.071 0.970 0.714 
0.013 0.995 0.050 0.988 0.766 
0.012 0.996 0.089 0.965 0.880 
0.031 0.995 0.055 0.975 0.328 
0.011 0.996 0.053 0.978 0.084 
0.029 0.995 0.104 0.968 0.896 
0.018 0.994 0.048 0.990 0.984 
0.012 0.996 0.042 0.990 0.990 
0.008 0.998 0.097 0.973 1.000 
0.021 0.995 0.042 0.990 0.019 
0.022 0.995 0.181 0.938 0.997 
0.011 0.996 0.050 0.990 0.893 
0.014 0.996 0.037 0.990 0.500 
0.023 0.995 0.034 0.993 0.075 
0.012 0.995 0.053 0.985 0.773 
0.014 0.996 0.028 0.990 0.958 
0.011 0.995 0.048 0.978 0.958 
0.016 0.993 0.124 0.960 0.932 
0.004 0.998 0.094 0.978 0.276 
0.020 0.996 0.052 0.988 0.974 
0.012 0.997 0.031 0.990 0.990 
0.023 0.993 0.043 0.990 0.766 
0.011 0.996 0.093 0.963 0.981 
0.013 0.995 0.066 0.968 0.909 
0.022 0.996 0.091 0.965 0.984 
0.032 0.993 0.072 0.965 0.886 
0.011 0.997 0.099 0.958 1.000 
0.013 0.996 0.101 0.958 0.990 
0.029 0.992 0.053 0.985 0.990 
0.015 0.996 0.034 0.993 0.886 
0.013 0.996 0.050 0.990 0.964 
0.012 0.996 0.072 0.970 0.834 
0.018 0.993 0.075 0.970 0.721 
0.022 0.993 0.101 0.965 0.932 
0.046 0.994 0.121 0.958 0.552 
0.018 0.995 0.103 0.963 0.042 
0.014 0.996 0.047 0.990 0.864 
0.010 0.998 0.106 0.970 0.737 
0.023 0.995 0.073 0.965 0.997 
0.019 0.996 0.083 0.960 0.886 
0.025 0.993 0.059 0.985 0.981 
0.007 0.996 0.074 0.973 0.711 
0.014 0.996 0.066 0.970 0.315 
0.020 0.996 0.055 0.990 0.617 
0.016 0.995 0.085 0.978 0.000 
0.016 0.995 0.040 0.988 0.192 
0.013 0.995 0.047 0.990 0.906 
0.020 0.995 0.069 0.973 0.640 
0.005 0.998 0.049 0.988 0.088 
0.013 0.997 0.069 0.973 0.971 
0.022 0.993 0.085 0.970 1.000 
0.014 0.997 0.063 0.985 0.994 
0.013 0.997 0.042 0.990 0.990 
0.020 0.995 0.102 0.960 0.932 
0.011 0.996 0.119 0.978 0.997 
0.031 0.993 0.068 0.965 0.994 
0.023 0.994 0.153 0.953 0.532 
0.012 0.997 0.084 0.978 0.942 
0.004 0.998 0.056 0.978 1.000 
0.018 0.994 0.087 0.965 0.990 
0.013 0.995 0.079 0.980 0.961 
0.011 0.997 0.043 0.990 0.880 
0.012 0.996 0.040 0.993 0.662 
0.023 0.993 0.079 0.973 0.484 
0.017 0.995 0.086 0.970 0.955 
0.027 0.993 0.039 0.990 0.994 
0.013 0.997 0.074 0.970 0.916 
0.043 0.994 0.100 0.960 0.896 
0.012 0.997 0.178 0.940 1.000 
0.014 0.996 0.153 0.955 1.000 
0.016 0.995 0.101 0.973 0.481 
0.019 0.993 0.056 0.983 0.925 
0.010 0.996 0.140 0.963 0.711 
0.013 0.996 0.081 0.968 0.994 
0.020 0.992 0.058 0.978 0.974 
0.013 0.996 0.087 0.968 0.922 
0.013 0.996 0.158 0.953 0.981 
0.021 0.994 0.064 0.980 1.000 
0.017 0.995 0.100 0.958 1.000 
0.017 0.995 0.049 0.990 0.373 
0.011 0.996 0.083 0.973 1.000 
0.039 0.996 0.192 0.932 0.987 
0.018 0.995 0.135 0.958 0.935 
0.012 0.994 0.049 0.990 0.630 
0.009 0.999 0.106 0.965 0.990 
0.009 0.996 0.060 0.990 0.620 
0.011 0.996 0.061 0.975 0.997 
0.018 0.993 0.089 0.968 0.906 
0.029 0.994 0.102 0.968 1.000 
0.019 0.995 0.142 0.955 1.000 
0.008 0.999 0.074 0.970 1.000 
0.020 0.996 0.046 0.990 1.000 
0.017 0.995 0.077 0.968 0.997 
0.007 0.997 0.162 0.953 1.000 
0.016 0.995 0.073 0.978 0.981 
0.015 0.995 0.132 0.963 0.084 
0.007 0.996 0.313 0.917 0.955 
0.017 0.995 0.043 0.990 1.000 
0.014 0.997 0.112 0.965 0.864 
0.017 0.995 0.069 0.970 1.000 
0.018 0.996 0.126 0.958 1.000 
0.011 0.998 0.091 0.965 0.997 
0.027 0.993 0.056 0.990 0.351 
0.018 0.995 0.045 0.990 0.990 
0.016 0.994 0.123 0.968 0.776 
0.017 0.996 0.095 0.963 1.000 
0.020 0.995 0.061 0.990 0.097 
0.022 0.996 0.072 0.973 1.000 
0.009 0.996 0.041 0.993 0.948 
0.016 0.997 0.088 0.970 1.000 
0.012 0.995 0.038 0.993 1.000 
0.014 0.996 0.056 0.985 0.828 
0.013 0.995 0.040 0.993 0.727 
0.004 0.998 0.034 0.993 0.958 
0.012 0.996 0.098 0.970 1.000 
0.008 0.998 0.197 0.932 0.942 
0.021 0.992 0.054 0.975 0.981 
0.021 0.995 0.054 0.985 0.964 
0.016 0.997 0.106 0.965 0.886 
0.044 0.992 0.169 0.940 0.383 
0.010 0.997 0.069 0.970 0.997 
0.008 0.996 0.095 0.970 0.903 
0.007 0.998 0.055 0.978 0.990 
0.013 0.996 0.069 0.988 0.399 
0.016 0.995 0.108 0.965 0.276 
0.019 0.994 0.248 0.925 0.981 
0.009 0.997 0.040 0.988 0.315 
0.009 0.996 0.066 0.973 0.627 
0.027 0.994 0.063 0.980 0.614 
0.016 0.998 0.045 0.993 0.799 
0.016 0.995 0.045 0.985 0.942 
0.015 0.997 0.037 0.990 0.776 
0.024 0.993 0.060 0.983 0.114 
0.013 0.995 0.110 0.953 0.981 
0.017 0.995 0.045 0.990 0.883 
0.008 0.997 0.068 0.988 0.328 
0.019 0.995 0.068 0.970 0.906 
0.010 0.996 0.158 0.945 0.854 
0.010 0.998 0.046 0.988 0.062 
0.017 0.996 0.044 0.990 0.870 
0.014 0.996 0.089 0.975 0.929 
0.013 0.997 0.108 0.988 0.000 
0.013 0.996 0.042 0.988 0.104 
0.007 0.997 0.202 0.948 0.909 
0.015 0.996 0.050 0.988 1.000 
0.041 0.992 0.065 0.980 1.000 
0.023 0.995 0.062 0.980 1.000 
0.021 0.995 0.060 0.983 1.000 
0.012 0.996 0.038 0.990 0.718 
0.017 0.995 0.042 0.990 0.818 
0.011 0.996 0.111 0.963 0.977 
0.007 0.998 0.051 0.990 1.000 
0.018 0.995 0.071 0.990 0.656 
0.013 0.994 0.166 0.958 0.659 
0.017 0.995 0.111 0.958 1.000 
0.010 0.997 0.220 0.950 0.909 
0.011 0.996 0.074 0.970 0.971 
0.027 0.995 0.084 0.968 1.000 
0.028 0.994 0.065 0.988 0.308 
0.012 0.996 0.151 0.963 0.971 
0.007 0.998 0.210 0.965 0.338 
0.015 0.995 0.095 0.970 0.328 
0.008 0.997 0.073 0.978 0.347 
0.008 0.998 0.079 0.968 0.218 
0.025 0.994 0.041 0.990 0.912 
0.011 0.997 0.035 0.990 0.994 
0.012 0.998 0.065 0.980 1.000 
0.011 0.996 0.088 0.968 1.000 
0.016 0.996 0.042 0.990 0.945 
0.011 0.997 0.032 0.993 1.000 
0.019 0.994 0.034 0.990 0.997 
0.005 0.998 0.080 0.983 1.000 
0.041 0.996 0.090 0.965 0.994 
0.015 0.995 0.088 0.970 0.344 
0.013 0.996 0.115 0.985 0.013 
0.011 0.996 0.085 0.970 0.503 
0.010 0.996 0.056 0.980 0.968 
0.010 0.996 0.048 0.983 0.997 
0.016 0.993 0.076 0.978 0.808 
0.017 0.996 0.034 0.990 0.974 
0.022 0.996 0.029 0.993 1.000 
0.010 0.998 0.094 0.983 0.818 
