0.309 0.878 0.280 0.902 0.989 
0.184 0.943 0.158 0.953 1.000 
0.164 0.946 0.130 0.968 1.000 
0.124 0.959 0.130 0.970 1.000 
0.161 0.950 0.125 0.963 1.000 
0.090 0.973 0.129 0.955 1.000 
0.096 0.966 0.076 0.980 1.000 
0.114 0.968 0.126 0.950 1.000 
0.084 0.972 0.077 0.978 1.000 
0.072 0.978 0.119 0.955 1.000 
0.089 0.972 0.096 0.970 1.000 
0.084 0.972 0.101 0.965 1.000 
0.071 0.979 0.087 0.968 1.000 
0.095 0.972 0.171 0.927 0.996 
0.078 0.976 0.179 0.922 1.000 
0.070 0.977 0.084 0.968 1.000 
0.089 0.974 0.160 0.945 0.963 
0.060 0.984 0.101 0.968 1.000 
0.057 0.982 0.101 0.965 1.000 
0.071 0.980 0.111 0.960 1.000 
0.076 0.981 0.157 0.940 0.996 
0.072 0.978 0.095 0.975 1.000 
0.066 0.980 0.103 0.973 1.000 
0.061 0.984 0.135 0.950 1.000 
0.070 0.979 0.110 0.958 1.000 
0.060 0.982 0.103 0.963 1.000 
0.050 0.984 0.117 0.950 0.996 
0.050 0.984 0.115 0.965 1.000 
0.058 0.985 0.080 0.975 0.996 
0.056 0.983 0.081 0.973 1.000 
0.066 0.983 0.069 0.983 0.834 
0.052 0.985 0.077 0.970 1.000 
0.041 0.988 0.083 0.980 1.000 
0.054 0.983 0.074 0.975 1.000 
0.061 0.982 0.124 0.960 1.000 
0.062 0.984 0.100 0.963 1.000 
0.053 0.983 0.081 0.973 0.967 
0.050 0.985 0.088 0.973 0.970 
0.055 0.983 0.098 0.970 1.000 
0.050 0.987 0.083 0.973 0.793 
0.047 0.985 0.084 0.970 0.421 
0.044 0.990 0.095 0.965 0.797 
0.046 0.987 0.143 0.953 0.930 
0.041 0.990 0.121 0.953 0.613 
0.045 0.989 0.090 0.965 1.000 
0.043 0.987 0.105 0.960 0.996 
0.042 0.990 0.066 0.978 1.000 
0.049 0.986 0.158 0.945 0.989 
0.039 0.990 0.095 0.973 1.000 
0.050 0.985 0.160 0.953 0.963 
0.058 0.983 0.111 0.973 0.993 
0.040 0.986 0.090 0.973 0.985 
0.039 0.989 0.235 0.940 0.911 
0.045 0.989 0.130 0.953 0.996 
0.041 0.988 0.097 0.960 1.000 
0.045 0.989 0.121 0.955 0.229 
0.044 0.987 0.140 0.953 0.959 
0.029 0.993 0.087 0.973 0.982 
0.037 0.991 0.110 0.960 1.000 
0.035 0.992 0.070 0.983 0.934 
0.040 0.992 0.070 0.983 0.679 
0.036 0.992 0.141 0.950 0.948 
0.041 0.988 0.125 0.953 0.993 
0.044 0.986 0.097 0.968 1.000 
0.033 0.991 0.109 0.963 0.967 
0.044 0.990 0.146 0.943 0.993 
0.044 0.990 0.106 0.968 0.967 
0.038 0.988 0.070 0.973 0.690 
0.042 0.989 0.182 0.932 0.996 
0.042 0.988 0.069 0.978 0.970 
0.039 0.991 0.124 0.953 1.000 
0.033 0.993 0.060 0.983 0.948 
0.041 0.987 0.097 0.970 0.841 
0.043 0.989 0.183 0.950 0.934 
0.032 0.993 0.127 0.963 0.996 
0.039 0.992 0.097 0.970 1.000 
0.041 0.991 0.123 0.963 0.996 
0.028 0.995 0.115 0.958 0.974 
0.041 0.990 0.095 0.963 0.760 
0.033 0.989 0.077 0.975 0.923 
0.030 0.992 0.157 0.965 1.000 
0.043 0.989 0.132 0.943 0.860 
0.048 0.986 0.109 0.965 0.923 
0.036 0.991 0.079 0.973 0.911 
0.036 0.991 0.134 0.955 0.974 
0.036 0.990 0.074 0.973 0.996 
0.033 0.992 0.107 0.960 0.934 
0.046 0.988 0.091 0.958 0.889 
0.031 0.992 0.100 0.965 0.336 
0.038 0.992 0.105 0.965 0.461 
0.032 0.993 0.097 0.970 0.882 
0.045 0.989 0.235 0.943 0.948 
0.031 0.993 0.098 0.968 0.779 
0.029 0.993 0.068 0.980 0.834 
0.046 0.988 0.141 0.950 0.380 
0.028 0.993 0.086 0.973 0.970 
0.032 0.991 0.099 0.965 0.867 
0.032 0.989 0.070 0.978 0.277 
0.033 0.991 0.082 0.973 0.768 
0.036 0.990 0.144 0.953 0.970 
0.032 0.991 0.096 0.965 0.967 
0.035 0.990 0.072 0.980 0.568 
0.029 0.992 0.088 0.965 0.908 
0.026 0.994 0.123 0.958 0.985 
0.031 0.990 0.074 0.973 0.982 
0.043 0.989 0.085 0.965 0.893 
0.033 0.991 0.120 0.965 0.572 
0.034 0.990 0.092 0.963 0.911 
0.028 0.991 0.048 0.985 0.000 
0.033 0.991 0.052 0.985 0.948 
0.036 0.990 0.112 0.958 0.620 
0.032 0.991 0.084 0.983 0.834 
0.039 0.991 0.135 0.960 0.959 
0.029 0.995 0.135 0.958 0.561 
0.039 0.990 0.097 0.963 0.727 
0.034 0.993 0.073 0.978 0.937 
0.032 0.993 0.066 0.983 0.941 
0.034 0.990 0.087 0.970 1.000 
0.027 0.993 0.070 0.980 0.982 
0.030 0.992 0.113 0.958 0.303 
0.032 0.990 0.106 0.960 0.963 
0.027 0.993 0.166 0.968 0.768 
0.033 0.991 0.103 0.978 0.834 
0.025 0.992 0.192 0.943 0.989 
0.035 0.991 0.083 0.973 0.738 
0.024 0.995 0.046 0.985 0.919 
0.030 0.992 0.069 0.980 1.000 
0.036 0.990 0.126 0.958 0.978 
0.026 0.992 0.172 0.950 0.952 
0.033 0.993 0.073 0.978 1.000 
0.024 0.995 0.169 0.955 0.812 
0.039 0.991 0.116 0.958 0.967 
0.034 0.993 0.115 0.963 1.000 
0.044 0.990 0.109 0.973 0.926 
0.032 0.990 0.148 0.955 1.000 
0.024 0.991 0.064 0.980 0.923 
0.029 0.993 0.237 0.925 0.332 
0.035 0.992 0.078 0.973 0.952 
0.027 0.993 0.100 0.965 0.878 
0.031 0.991 0.095 0.963 0.978 
0.037 0.991 0.118 0.955 0.723 
0.024 0.993 0.192 0.943 1.000 
0.037 0.992 0.087 0.965 0.996 
0.032 0.990 0.118 0.958 0.779 
0.027 0.993 0.096 0.965 0.989 
0.026 0.992 0.071 0.983 0.967 
0.029 0.992 0.064 0.983 0.978 
0.026 0.993 0.123 0.960 1.000 
0.027 0.993 0.137 0.953 1.000 
0.025 0.993 0.153 0.948 0.838 
0.030 0.992 0.099 0.965 1.000 
0.023 0.994 0.087 0.965 0.959 
0.030 0.991 0.087 0.968 0.399 
0.026 0.992 0.121 0.953 0.956 
0.026 0.992 0.108 0.983 0.952 
0.034 0.989 0.074 0.978 0.255 
0.028 0.991 0.091 0.960 0.930 
0.031 0.992 0.104 0.965 0.779 
0.029 0.992 0.087 0.965 0.956 
0.033 0.991 0.084 0.968 0.970 
0.028 0.992 0.177 0.943 0.015 
0.032 0.991 0.169 0.945 0.952 
0.027 0.993 0.074 0.973 0.841 
0.025 0.993 0.088 0.973 0.458 
0.024 0.991 0.139 0.958 0.945 
0.029 0.993 0.105 0.965 1.000 
0.034 0.993 0.100 0.965 0.993 
0.028 0.992 0.123 0.955 0.993 
0.029 0.992 0.115 0.963 0.908 
0.029 0.994 0.097 0.963 0.620 
0.034 0.992 0.121 0.960 0.956 
0.024 0.992 0.118 0.963 0.875 
0.028 0.992 0.178 0.938 0.048 
0.032 0.990 0.106 0.963 1.000 
0.030 0.993 0.120 0.963 0.889 
0.033 0.991 0.169 0.935 0.993 
0.028 0.991 0.129 0.950 0.860 
0.025 0.991 0.109 0.955 0.070 
0.026 0.996 0.102 0.960 0.978 
0.032 0.991 0.128 0.953 0.930 
0.024 0.993 0.113 0.965 0.218 
0.022 0.993 0.061 0.983 0.849 
0.028 0.993 0.074 0.975 0.945 
0.026 0.993 0.171 0.945 0.074 
0.021 0.995 0.126 0.960 0.185 
0.022 0.995 0.103 0.960 0.000 
0.023 0.993 0.172 0.948 0.982 
0.022 0.995 0.074 0.983 0.535 
0.028 0.993 0.086 0.970 1.000 
0.034 0.990 0.107 0.960 0.996 
0.029 0.993 0.093 0.973 0.779 
0.026 0.993 0.151 0.955 0.900 
0.027 0.993 0.138 0.960 0.860 
0.026 0.993 0.169 0.943 0.978 
0.034 0.993 0.085 0.973 0.339 
0.025 0.993 0.104 0.965 0.989 
0.023 0.993 0.127 0.955 1.000 
0.025 0.992 0.132 0.958 0.882 
0.028 0.992 0.094 0.960 0.959 
0.033 0.993 0.185 0.943 0.996 
0.033 0.991 0.088 0.975 0.277 
0.041 0.994 0.099 0.968 0.705 
0.028 0.993 0.216 0.960 0.996 
0.033 0.991 0.071 0.978 0.830 
0.027 0.992 0.085 0.968 0.723 
0.025 0.992 0.136 0.955 0.989 
0.026 0.993 0.094 0.960 0.934 
0.025 0.991 0.113 0.955 0.919 
0.031 0.991 0.081 0.975 0.996 
0.028 0.992 0.074 0.973 0.996 
0.019 0.994 0.165 0.955 0.934 
0.028 0.994 0.094 0.970 0.926 
0.018 0.997 0.078 0.978 0.199 
0.023 0.992 0.104 0.963 0.900 
0.028 0.992 0.116 0.960 0.996 
0.022 0.994 0.104 0.963 0.675 
0.025 0.993 0.083 0.975 0.786 
0.015 0.997 0.106 0.968 0.996 
0.020 0.995 0.134 0.958 0.996 
0.029 0.992 0.114 0.965 0.897 
0.029 0.992 0.086 0.968 0.878 
0.021 0.995 0.087 0.978 0.974 
0.019 0.995 0.112 0.960 0.930 
0.031 0.993 0.157 0.948 0.299 
0.025 0.993 0.075 0.978 0.771 
0.019 0.995 0.077 0.978 0.661 
0.018 0.995 0.222 0.945 0.974 
0.027 0.994 0.079 0.975 0.845 
0.028 0.993 0.179 0.958 0.768 
0.014 0.996 0.135 0.960 0.996 
0.028 0.993 0.113 0.965 0.989 
0.019 0.994 0.246 0.958 0.993 
0.032 0.993 0.150 0.958 1.000 
0.027 0.993 0.104 0.963 0.967 
0.028 0.994 0.160 0.950 0.989 
0.024 0.992 0.231 0.955 1.000 
0.024 0.994 0.200 0.940 0.970 
0.029 0.990 0.056 0.983 0.701 
0.022 0.994 0.097 0.965 0.989 
0.026 0.994 0.117 0.965 1.000 
0.024 0.992 0.109 0.963 0.985 
0.032 0.995 0.155 0.953 0.554 
0.022 0.996 0.130 0.965 0.332 
0.024 0.993 0.099 0.968 0.343 
0.022 0.993 0.211 0.943 0.834 
0.024 0.995 0.066 0.985 0.554 
0.024 0.993 0.046 0.988 0.996 
0.019 0.993 0.109 0.960 0.668 
0.025 0.993 0.076 0.978 0.638 
0.030 0.993 0.059 0.985 0.000 
0.035 0.993 0.063 0.978 0.978 
0.022 0.993 0.128 0.965 1.000 
0.020 0.996 0.098 0.965 0.915 
0.018 0.994 0.153 0.958 0.985 
0.027 0.994 0.096 0.963 0.996 
0.021 0.996 0.100 0.963 0.941 
0.028 0.992 0.068 0.978 0.406 
0.017 0.993 0.082 0.975 0.893 
0.023 0.991 0.063 0.980 0.941 
0.021 0.995 0.156 0.960 0.941 
0.027 0.994 0.078 0.975 0.875 
0.029 0.993 0.070 0.980 0.812 
0.020 0.995 0.152 0.960 0.974 
0.030 0.992 0.129 0.953 0.959 
0.028 0.992 0.117 0.960 0.387 
0.019 0.997 0.063 0.980 0.970 
0.019 0.992 0.052 0.985 0.203 
0.020 0.994 0.219 0.920 0.893 
0.024 0.992 0.063 0.980 0.768 
0.022 0.996 0.108 0.965 0.100 
0.030 0.993 0.077 0.980 0.550 
0.021 0.995 0.108 0.965 0.974 
0.027 0.995 0.164 0.948 0.797 
0.017 0.995 0.079 0.978 0.572 
0.025 0.995 0.211 0.925 0.716 
0.018 0.994 0.125 0.963 1.000 
0.023 0.993 0.190 0.950 0.941 
0.018 0.996 0.107 0.960 0.830 
0.017 0.997 0.120 0.973 0.882 
0.026 0.995 0.094 0.968 1.000 
0.039 0.989 0.091 0.963 0.908 
0.021 0.993 0.148 0.948 0.948 
0.024 0.996 0.124 0.958 0.974 
0.017 0.995 0.102 0.963 0.945 
0.018 0.995 0.051 0.980 0.266 
0.025 0.992 0.187 0.948 0.970 
0.028 0.994 0.089 0.965 0.926 
0.018 0.996 0.112 0.965 0.978 
0.032 0.992 0.120 0.955 0.358 
0.028 0.992 0.096 0.965 0.764 
0.025 0.995 0.160 0.955 0.000 
0.034 0.992 0.118 0.958 0.919 
0.029 0.992 0.088 0.970 0.941 
0.017 0.996 0.085 0.970 0.679 
0.025 0.993 0.089 0.965 0.642 
0.023 0.993 0.100 0.958 0.295 
0.025 0.993 0.098 0.965 0.845 
0.011 0.997 0.066 0.980 0.860 
0.017 0.995 0.111 0.960 0.015 
0.021 0.996 0.088 0.978 0.945 
0.037 0.992 0.092 0.970 0.893 
0.026 0.994 0.125 0.958 0.635 
0.019 0.996 0.131 0.960 0.967 
0.018 0.996 0.071 0.980 0.963 
0.038 0.993 0.121 0.963 0.959 
0.018 0.996 0.142 0.960 0.982 
0.021 0.995 0.160 0.953 0.978 
0.020 0.993 0.068 0.980 0.860 
0.022 0.995 0.121 0.965 0.963 
0.023 0.995 0.081 0.973 0.841 
0.018 0.996 0.124 0.960 0.779 
0.018 0.995 0.099 0.980 0.317 
0.022 0.992 0.089 0.970 0.926 
0.016 0.996 0.140 0.970 0.716 
0.027 0.995 0.095 0.965 0.661 
0.020 0.994 0.066 0.983 0.417 
0.021 0.993 0.109 0.978 0.520 
0.023 0.993 0.181 0.932 0.959 
0.026 0.991 0.072 0.978 0.934 
0.034 0.992 0.123 0.960 0.934 
0.018 0.994 0.116 0.963 0.993 
0.031 0.994 0.265 0.955 0.982 
0.034 0.993 0.071 0.975 0.904 
0.019 0.997 0.164 0.965 0.985 
0.020 0.995 0.079 0.980 0.978 
0.014 0.996 0.055 0.980 0.793 
0.033 0.992 0.116 0.965 0.963 
0.032 0.992 0.108 0.970 0.970 
0.028 0.991 0.163 0.953 1.000 
0.021 0.995 0.093 0.970 0.996 
0.017 0.996 0.138 0.965 0.996 
0.021 0.995 0.171 0.953 0.996 
0.016 0.996 0.262 0.940 0.970 
0.021 0.995 0.086 0.980 0.989 
0.020 0.995 0.158 0.940 1.000 
0.020 0.995 0.078 0.975 1.000 
0.024 0.993 0.058 0.983 1.000 
0.031 0.994 0.129 0.960 0.970 
0.014 0.996 0.065 0.980 1.000 
0.020 0.994 0.091 0.970 0.970 
0.016 0.996 0.187 0.950 1.000 
0.020 0.995 0.061 0.983 0.993 
0.022 0.995 0.095 0.968 0.446 
0.037 0.992 0.125 0.958 1.000 
0.027 0.991 0.114 0.960 0.974 
0.019 0.997 0.108 0.973 0.993 
0.028 0.996 0.115 0.968 1.000 
0.020 0.996 0.119 0.963 1.000 
0.027 0.992 0.182 0.945 0.996 
0.022 0.994 0.097 0.965 0.989 
0.018 0.993 0.089 0.970 0.989 
0.020 0.996 0.189 0.945 1.000 
0.014 0.997 0.114 0.960 0.989 
0.015 0.996 0.102 0.963 0.985 
0.028 0.995 0.115 0.963 0.952 
0.022 0.995 0.074 0.978 0.771 
0.018 0.996 0.115 0.970 0.989 
0.028 0.993 0.154 0.960 1.000 
0.023 0.995 0.101 0.965 1.000 
0.017 0.996 0.059 0.983 0.841 
0.024 0.993 0.086 0.970 0.989 
0.023 0.992 0.099 0.970 0.959 
0.017 0.996 0.114 0.960 1.000 
0.015 0.996 0.074 0.978 0.982 
0.020 0.996 0.145 0.955 0.635 
0.017 0.995 0.177 0.945 0.937 
0.025 0.993 0.130 0.958 0.738 
0.020 0.996 0.079 0.968 0.923 
0.015 0.997 0.155 0.953 0.993 
0.018 0.996 0.161 0.948 0.963 
0.020 0.996 0.165 0.953 1.000 
0.028 0.993 0.127 0.960 0.978 
0.022 0.992 0.228 0.938 1.000 
0.021 0.993 0.185 0.945 0.948 
0.022 0.994 0.161 0.953 0.915 
0.017 0.995 0.086 0.978 0.956 
0.022 0.993 0.138 0.958 1.000 
0.023 0.994 0.067 0.983 0.889 
0.023 0.993 0.152 0.958 1.000 
0.028 0.992 0.076 0.970 0.989 
0.012 0.998 0.110 0.978 0.882 
0.019 0.995 0.206 0.943 1.000 
0.026 0.995 0.170 0.948 1.000 
0.028 0.993 0.138 0.960 1.000 
0.024 0.996 0.132 0.958 0.786 
0.017 0.997 0.169 0.953 0.996 
0.015 0.996 0.150 0.955 0.668 
0.018 0.995 0.121 0.963 1.000 
0.031 0.995 0.149 0.953 0.952 
0.019 0.995 0.110 0.960 0.845 
0.020 0.996 0.199 0.945 0.996 
0.020 0.995 0.141 0.960 0.952 
0.020 0.996 0.079 0.973 0.893 
0.017 0.995 0.087 0.980 0.325 
0.026 0.992 0.249 0.938 1.000 
0.015 0.996 0.106 0.965 0.996 
0.026 0.993 0.220 0.943 0.996 
0.019 0.995 0.052 0.988 0.993 
0.018 0.996 0.140 0.955 0.985 
0.019 0.996 0.132 0.960 1.000 
0.022 0.992 0.072 0.978 0.978 
0.022 0.995 0.078 0.973 0.793 
0.020 0.996 0.146 0.950 0.982 
0.027 0.993 0.143 0.950 0.572 
0.020 0.994 0.052 0.988 0.989 
0.030 0.991 0.175 0.943 0.996 
0.014 0.996 0.088 0.975 0.568 
0.021 0.995 0.074 0.983 0.738 
0.022 0.995 0.205 0.935 0.059 
0.014 0.996 0.082 0.973 0.978 
0.026 0.991 0.121 0.958 0.085 
0.015 0.996 0.243 0.938 0.996 
0.011 0.997 0.234 0.935 1.000 
0.023 0.992 0.109 0.965 0.996 
0.022 0.995 0.138 0.960 1.000 
0.007 0.999 0.272 0.960 0.996 
0.020 0.992 0.211 0.960 0.974 
0.020 0.994 0.088 0.970 0.672 
0.030 0.993 0.275 0.932 0.886 
0.019 0.995 0.127 0.960 0.974 
0.017 0.994 0.133 0.963 0.911 
0.027 0.993 0.178 0.953 0.845 
0.017 0.994 0.132 0.960 0.982 
0.021 0.993 0.203 0.938 0.937 
0.019 0.995 0.161 0.953 0.996 
0.016 0.996 0.106 0.965 0.897 
0.022 0.995 0.183 0.965 0.642 
0.024 0.997 0.146 0.958 0.952 
0.020 0.994 0.116 0.960 0.875 
0.021 0.995 0.153 0.955 0.982 
0.016 0.995 0.148 0.958 0.985 
0.017 0.995 0.094 0.963 0.941 
0.020 0.995 0.058 0.983 0.063 
0.017 0.995 0.089 0.973 0.908 
0.023 0.993 0.121 0.970 0.779 
0.024 0.993 0.107 0.963 0.712 
0.025 0.994 0.108 0.970 0.993 
0.016 0.996 0.088 0.965 0.760 
0.022 0.993 0.070 0.973 0.985 
0.020 0.996 0.084 0.975 0.989 
0.017 0.995 0.187 0.958 0.996 
0.020 0.993 0.099 0.963 0.509 
0.023 0.994 0.136 0.958 0.959 
0.022 0.994 0.072 0.975 0.410 
0.012 0.995 0.170 0.978 0.974 
0.029 0.994 0.211 0.953 0.996 
0.013 0.995 0.097 0.980 0.240 
0.025 0.995 0.138 0.963 0.830 
0.026 0.994 0.255 0.925 0.520 
0.029 0.992 0.326 0.912 0.354 
0.018 0.996 0.093 0.983 0.203 
0.025 0.993 0.123 0.970 0.742 
0.023 0.993 0.092 0.978 0.672 
0.024 0.994 0.133 0.958 0.483 
0.013 0.997 0.039 0.990 0.506 
0.018 0.994 0.062 0.985 0.000 
0.021 0.995 0.144 0.955 0.247 
0.013 0.996 0.126 0.968 0.989 
0.023 0.993 0.218 0.935 0.989 
0.019 0.993 0.079 0.970 0.838 
0.017 0.996 0.120 0.960 0.996 
0.019 0.993 0.061 0.983 0.967 
0.018 0.996 0.138 0.960 0.509 
0.017 0.993 0.147 0.958 0.760 
0.019 0.995 0.114 0.963 0.063 
0.013 0.997 0.093 0.963 0.262 
0.026 0.996 0.092 0.968 0.177 
0.022 0.997 0.187 0.950 0.996 
0.026 0.993 0.162 0.948 0.967 
0.013 0.996 0.138 0.963 0.978 
0.023 0.995 0.195 0.943 0.915 
0.016 0.996 0.142 0.958 0.996 
0.021 0.993 0.148 0.953 0.982 
0.022 0.993 0.053 0.985 0.989 
0.025 0.992 0.165 0.945 0.967 
0.019 0.993 0.056 0.980 0.166 
0.026 0.993 0.188 0.938 0.797 
0.012 0.997 0.122 0.963 0.996 
0.012 0.997 0.162 0.955 0.827 
0.020 0.995 0.067 0.975 0.996 
0.020 0.994 0.127 0.958 0.823 
0.013 0.997 0.105 0.968 0.808 
0.017 0.995 0.093 0.965 0.952 
0.016 0.997 0.127 0.960 0.716 
0.020 0.995 0.098 0.968 0.609 
0.014 0.995 0.169 0.958 0.982 
0.020 0.996 0.079 0.970 0.882 
0.014 0.996 0.133 0.960 0.948 
0.023 0.995 0.066 0.975 0.745 
0.017 0.996 0.111 0.963 0.782 
0.022 0.993 0.053 0.988 1.000 
0.017 0.994 0.057 0.988 0.410 
0.020 0.993 0.103 0.970 0.897 
0.018 0.996 0.095 0.970 0.786 
0.018 0.996 0.155 0.953 0.952 
0.010 0.998 0.192 0.955 1.000 
0.031 0.992 0.067 0.980 0.956 
0.018 0.995 0.077 0.985 0.738 
0.024 0.994 0.078 0.975 1.000 
0.017 0.996 0.083 0.975 1.000 
0.018 0.995 0.049 0.988 0.959 
0.022 0.993 0.092 0.970 0.985 
0.013 0.998 0.209 0.948 1.000 
0.018 0.996 0.193 0.945 0.996 
0.019 0.994 0.118 0.958 0.605 
0.016 0.995 0.150 0.960 0.738 
0.023 0.993 0.103 0.968 0.137 
0.019 0.994 0.104 0.965 0.727 
0.020 0.993 0.195 0.950 0.948 
0.020 0.995 0.144 0.958 0.266 
0.023 0.996 0.221 0.938 0.989 
0.017 0.995 0.088 0.980 0.321 
0.019 0.993 0.124 0.963 0.812 
0.019 0.996 0.210 0.950 0.240 
0.015 0.997 0.076 0.975 0.675 
0.016 0.997 0.152 0.960 0.801 
0.022 0.995 0.161 0.960 0.542 
0.019 0.995 0.098 0.960 0.989 
0.021 0.995 0.121 0.963 0.863 
0.020 0.996 0.130 0.958 0.055 
0.013 0.997 0.137 0.960 0.985 
0.013 0.996 0.075 0.978 0.114 
0.013 0.997 0.204 0.932 0.993 
0.024 0.993 0.102 0.963 0.915 
0.018 0.995 0.175 0.943 0.535 
0.019 0.992 0.083 0.970 0.993 
0.016 0.995 0.233 0.938 0.996 
0.027 0.994 0.073 0.983 0.059 
0.019 0.995 0.125 0.963 0.808 
0.017 0.995 0.232 0.948 0.919 
0.014 0.995 0.100 0.963 0.007 
0.024 0.992 0.237 0.938 0.801 
0.017 0.995 0.089 0.975 0.041 
0.022 0.996 0.077 0.963 0.963 
0.017 0.995 0.114 0.963 0.974 
0.011 0.995 0.182 0.958 0.303 
0.025 0.995 0.226 0.940 0.952 
0.015 0.996 0.096 0.960 0.793 
0.025 0.996 0.046 0.988 0.118 
0.015 0.996 0.057 0.983 0.897 
0.020 0.995 0.103 0.970 0.956 
0.017 0.995 0.087 0.968 0.941 
0.033 0.995 0.237 0.938 0.173 
0.018 0.996 0.098 0.963 0.959 
0.021 0.993 0.073 0.975 0.240 
0.011 0.997 0.157 0.960 1.000 
0.023 0.995 0.174 0.945 0.867 
0.014 0.994 0.074 0.975 0.841 
0.014 0.997 0.256 0.948 0.140 
0.013 0.997 0.074 0.978 0.598 
0.018 0.995 0.130 0.960 0.996 
0.017 0.995 0.186 0.950 0.967 
0.018 0.996 0.080 0.973 0.616 
0.020 0.995 0.134 0.958 1.000 
0.021 0.995 0.079 0.975 0.963 
0.021 0.996 0.126 0.958 0.705 
0.022 0.995 0.108 0.965 0.000 
0.019 0.997 0.126 0.960 0.945 
0.021 0.995 0.060 0.980 0.240 
0.029 0.995 0.135 0.950 0.830 
0.018 0.993 0.102 0.965 0.945 
0.018 0.996 0.071 0.980 0.089 
0.014 0.995 0.114 0.953 0.930 
0.015 0.995 0.104 0.965 0.952 
0.028 0.994 0.066 0.978 0.244 
0.017 0.995 0.086 0.975 0.697 
0.021 0.994 0.095 0.965 0.945 
0.014 0.996 0.179 0.953 0.993 
0.018 0.994 0.106 0.965 0.000 
0.013 0.996 0.113 0.965 0.978 
0.017 0.996 0.158 0.953 0.015 
0.026 0.994 0.186 0.953 1.000 
0.016 0.995 0.074 0.980 0.454 
0.026 0.993 0.061 0.983 0.996 
0.036 0.991 0.071 0.978 0.801 
0.016 0.996 0.078 0.980 0.391 
0.011 0.997 0.074 0.980 0.332 
0.015 0.997 0.170 0.958 0.945 
0.019 0.996 0.134 0.970 0.491 
0.020 0.996 0.096 0.973 0.111 
0.016 0.996 0.071 0.978 0.351 
0.020 0.995 0.081 0.975 0.856 
0.018 0.995 0.150 0.953 0.945 
0.028 0.992 0.130 0.960 0.937 
0.017 0.996 0.124 0.968 0.037 
0.022 0.996 0.109 0.970 0.100 
0.017 0.996 0.094 0.970 0.771 
0.016 0.996 0.135 0.963 0.852 
0.014 0.996 0.074 0.983 0.889 
0.021 0.995 0.124 0.953 0.151 
0.022 0.995 0.053 0.983 0.598 
0.021 0.993 0.103 0.978 0.048 
0.019 0.996 0.093 0.978 0.303 
0.018 0.996 0.073 0.978 0.494 
0.014 0.996 0.090 0.973 0.801 
0.017 0.995 0.083 0.978 0.325 
0.015 0.995 0.068 0.980 0.114 
0.020 0.996 0.081 0.978 0.181 
0.013 0.995 0.193 0.945 0.686 
0.016 0.996 0.090 0.978 0.007 
0.022 0.994 0.097 0.970 0.100 
0.012 0.998 0.117 0.973 0.716 
0.019 0.996 0.116 0.975 0.554 
0.018 0.997 0.071 0.980 0.959 
0.015 0.996 0.085 0.973 0.893 
0.017 0.995 0.114 0.970 0.982 
0.010 0.997 0.137 0.963 0.919 
0.010 0.998 0.081 0.978 0.993 
0.020 0.993 0.205 0.943 0.764 
0.014 0.994 0.079 0.978 0.878 
0.027 0.994 0.113 0.963 0.893 
0.017 0.996 0.102 0.970 0.742 
0.019 0.995 0.196 0.943 0.982 
0.014 0.996 0.111 0.975 0.908 
0.023 0.995 0.054 0.988 0.731 
0.013 0.996 0.157 0.963 0.985 
0.041 0.990 0.090 0.975 0.362 
0.014 0.996 0.110 0.968 0.970 
0.017 0.996 0.059 0.985 0.055 
0.019 0.995 0.125 0.958 0.959 
0.009 0.998 0.095 0.983 0.232 
0.015 0.997 0.102 0.965 0.952 
0.014 0.998 0.075 0.978 0.941 
0.017 0.997 0.086 0.975 0.889 
0.026 0.993 0.122 0.965 0.889 
0.017 0.996 0.055 0.988 0.044 
0.008 0.998 0.138 0.968 0.797 
0.018 0.995 0.134 0.953 0.860 
0.018 0.994 0.127 0.960 1.000 
0.021 0.995 0.084 0.975 0.214 
0.021 0.997 0.167 0.948 0.720 
0.019 0.995 0.106 0.960 0.701 
0.014 0.997 0.055 0.985 0.458 
0.021 0.993 0.053 0.983 0.506 
0.012 0.997 0.062 0.985 0.849 
0.025 0.995 0.133 0.963 0.915 
0.032 0.993 0.155 0.958 0.535 
0.012 0.996 0.108 0.965 0.956 
0.009 0.996 0.136 0.960 1.000 
0.018 0.993 0.088 0.975 1.000 
0.017 0.996 0.154 0.948 1.000 
0.022 0.995 0.126 0.960 0.930 
0.009 0.998 0.149 0.958 0.974 
0.026 0.993 0.145 0.958 0.970 
0.018 0.996 0.229 0.945 1.000 
0.020 0.996 0.184 0.940 0.937 
0.032 0.991 0.147 0.953 0.863 
0.017 0.995 0.158 0.965 0.565 
0.020 0.995 0.217 0.945 0.897 
0.012 0.997 0.069 0.978 0.937 
0.016 0.995 0.158 0.953 0.819 
0.020 0.995 0.224 0.943 0.945 
0.015 0.996 0.136 0.960 0.830 
0.018 0.995 0.119 0.960 0.867 
0.014 0.997 0.132 0.965 0.694 
0.015 0.996 0.096 0.975 0.804 
0.016 0.996 0.256 0.958 0.945 
0.018 0.995 0.088 0.970 0.782 
0.026 0.994 0.175 0.950 0.255 
0.009 0.996 0.124 0.963 0.993 
0.019 0.991 0.110 0.970 0.967 
0.032 0.991 0.141 0.963 0.993 
0.015 0.996 0.126 0.965 0.996 
0.025 0.996 0.150 0.950 0.982 
0.008 0.998 0.149 0.958 0.908 
0.009 0.997 0.138 0.968 0.956 
0.003 0.999 0.064 0.985 0.989 
0.022 0.995 0.133 0.955 1.000 
0.014 0.997 0.077 0.985 0.838 
0.018 0.994 0.117 0.960 0.982 
0.010 0.997 0.169 0.960 0.948 
0.011 0.996 0.176 0.963 0.956 
0.014 0.997 0.139 0.968 0.993 
0.025 0.995 0.128 0.960 0.993 
0.049 0.994 0.393 0.950 0.978 
0.032 0.992 0.127 0.978 0.996 
0.026 0.993 0.113 0.968 0.819 
0.017 0.996 0.093 0.970 0.948 
0.014 0.996 0.196 0.960 0.771 
0.020 0.996 0.068 0.985 0.269 
0.020 0.997 0.113 0.965 1.000 
0.045 0.991 0.249 0.932 0.956 
0.021 0.994 0.140 0.960 1.000 
0.007 0.998 0.211 0.950 1.000 
0.013 0.997 0.112 0.970 0.970 
0.013 0.997 0.095 0.978 0.989 
0.023 0.995 0.150 0.960 0.967 
0.022 0.995 0.229 0.932 1.000 
0.014 0.997 0.141 0.958 0.996 
0.018 0.996 0.184 0.953 1.000 
0.040 0.993 0.250 0.938 0.963 
0.019 0.994 0.070 0.978 0.989 
0.012 0.995 0.208 0.950 1.000 
0.013 0.996 0.283 0.950 0.996 
0.018 0.994 0.179 0.963 0.993 
0.014 0.997 0.087 0.973 1.000 
0.018 0.995 0.091 0.980 0.827 
0.013 0.996 0.062 0.980 0.982 
0.022 0.994 0.089 0.970 0.993 
0.015 0.996 0.076 0.978 0.989 
0.012 0.996 0.074 0.983 0.945 
0.021 0.995 0.188 0.948 0.993 
0.022 0.995 0.086 0.975 0.974 
0.027 0.993 0.145 0.960 0.945 
0.013 0.996 0.165 0.960 0.985 
0.017 0.995 0.101 0.973 0.775 
0.007 0.997 0.107 0.978 0.985 
0.020 0.995 0.079 0.975 0.996 
0.015 0.995 0.157 0.958 0.996 
0.021 0.994 0.147 0.948 1.000 
0.037 0.992 0.115 0.955 1.000 
0.010 0.997 0.125 0.968 0.956 
0.013 0.997 0.079 0.980 0.945 
0.024 0.994 0.103 0.965 0.207 
0.018 0.997 0.151 0.955 1.000 
0.021 0.995 0.118 0.963 0.358 
0.011 0.997 0.094 0.975 0.679 
0.017 0.996 0.045 0.985 0.277 
0.014 0.996 0.048 0.988 0.878 
0.023 0.994 0.116 0.965 0.993 
0.019 0.995 0.186 0.932 1.000 
0.023 0.996 0.284 0.927 0.745 
0.014 0.996 0.108 0.970 0.875 
0.017 0.993 0.146 0.963 1.000 
0.011 0.997 0.273 0.955 0.974 
0.022 0.995 0.204 0.955 0.900 
0.009 0.997 0.148 0.985 0.280 
0.033 0.994 0.086 0.978 0.849 
0.019 0.997 0.216 0.975 0.018 
0.025 0.996 0.110 0.968 0.875 
0.020 0.996 0.072 0.978 0.900 
0.010 0.998 0.117 0.978 0.923 
0.019 0.995 0.102 0.970 0.978 
0.017 0.996 0.114 0.968 0.970 
0.020 0.995 0.121 0.975 0.266 
0.016 0.995 0.063 0.980 0.299 
0.016 0.997 0.078 0.973 1.000 
0.016 0.996 0.095 0.973 0.675 
0.016 0.995 0.076 0.978 0.937 
0.019 0.997 0.116 0.978 0.768 
0.026 0.993 0.108 0.973 0.923 
0.019 0.994 0.104 0.973 0.937 
0.017 0.996 0.123 0.958 0.996 
0.008 0.998 0.111 0.978 0.332 
0.016 0.997 0.059 0.985 0.306 
0.011 0.998 0.112 0.978 0.177 
0.025 0.993 0.113 0.973 0.937 
0.022 0.992 0.086 0.978 0.970 
0.010 0.997 0.139 0.978 0.911 
0.024 0.993 0.097 0.980 0.989 
0.015 0.996 0.098 0.978 0.255 
0.017 0.995 0.100 0.978 0.945 
0.016 0.996 0.092 0.975 0.546 
0.010 0.996 0.193 0.955 0.985 
0.009 0.997 0.106 0.973 0.996 
0.010 0.997 0.091 0.988 0.982 
0.022 0.996 0.138 0.963 0.989 
0.010 0.997 0.101 0.980 0.982 
0.013 0.997 0.150 0.963 1.000 
0.018 0.997 0.163 0.973 0.978 
0.016 0.996 0.170 0.970 1.000 
0.084 0.994 0.264 0.963 0.989 
0.028 0.993 0.242 0.932 1.000 
0.014 0.996 0.146 0.965 0.908 
0.020 0.997 0.145 0.960 0.952 
0.023 0.993 0.177 0.955 0.982 
0.044 0.992 0.084 0.975 0.956 
0.019 0.996 0.097 0.968 0.985 
0.013 0.997 0.067 0.980 0.974 
0.023 0.993 0.120 0.965 0.978 
0.010 0.996 0.226 0.948 0.974 
0.017 0.997 0.111 0.965 0.985 
0.010 0.996 0.141 0.958 1.000 
0.022 0.995 0.270 0.953 0.956 
0.023 0.994 0.169 0.950 0.985 
0.011 0.996 0.185 0.970 0.708 
0.021 0.994 0.207 0.932 1.000 
0.022 0.993 0.132 0.963 0.974 
0.024 0.996 0.167 0.948 0.993 
0.012 0.996 0.066 0.980 0.982 
0.014 0.997 0.101 0.973 1.000 
0.016 0.993 0.161 0.950 1.000 
0.020 0.996 0.093 0.978 0.314 
0.017 0.995 0.182 0.953 1.000 
0.024 0.994 0.152 0.948 1.000 
0.020 0.995 0.111 0.970 1.000 
0.021 0.995 0.095 0.978 1.000 
0.013 0.997 0.146 0.963 0.996 
0.017 0.993 0.135 0.975 0.948 
0.027 0.993 0.077 0.978 0.956 
0.017 0.997 0.245 0.927 0.956 
0.022 0.993 0.164 0.960 0.956 
0.018 0.997 0.137 0.958 0.727 
0.021 0.993 0.196 0.948 0.923 
0.018 0.995 0.104 0.963 0.959 
0.015 0.995 0.131 0.950 0.974 
0.010 0.997 0.346 0.932 0.996 
0.013 0.994 0.139 0.973 0.731 
0.021 0.997 0.103 0.963 0.875 
0.011 0.997 0.154 0.958 0.970 
0.015 0.996 0.087 0.975 0.601 
0.012 0.997 0.185 0.955 0.996 
0.011 0.996 0.061 0.985 0.982 
0.025 0.994 0.170 0.950 0.996 
0.015 0.997 0.150 0.953 1.000 
0.017 0.996 0.183 0.958 1.000 
0.020 0.995 0.118 0.968 1.000 
0.012 0.997 0.067 0.980 1.000 
0.026 0.996 0.298 0.915 1.000 
0.013 0.995 0.070 0.980 1.000 
0.039 0.992 0.202 0.935 1.000 
0.014 0.994 0.098 0.968 1.000 
0.012 0.998 0.154 0.948 1.000 
0.020 0.994 0.103 0.965 0.926 
0.017 0.996 0.083 0.978 1.000 
0.018 0.997 0.158 0.948 0.996 
0.014 0.996 0.058 0.988 1.000 
0.018 0.996 0.102 0.970 0.989 
0.023 0.995 0.139 0.950 1.000 
0.018 0.995 0.249 0.922 0.993 
0.017 0.995 0.108 0.965 0.945 
0.016 0.996 0.090 0.975 0.930 
0.022 0.996 0.319 0.948 1.000 
0.019 0.995 0.094 0.973 0.993 
0.014 0.997 0.183 0.953 0.959 
0.027 0.993 0.165 0.948 1.000 
0.019 0.995 0.099 0.973 0.579 
0.010 0.997 0.292 0.925 0.974 
0.016 0.996 0.065 0.985 0.605 
0.022 0.994 0.080 0.978 0.572 
0.019 0.994 0.074 0.988 0.756 
0.023 0.992 0.057 0.988 0.886 
0.023 0.993 0.131 0.970 0.384 
0.012 0.995 0.087 0.983 0.247 
0.014 0.997 0.182 0.953 0.982 
0.014 0.996 0.130 0.975 0.878 
0.023 0.993 0.168 0.950 0.985 
0.015 0.997 0.079 0.978 1.000 
0.022 0.994 0.099 0.968 1.000 
0.023 0.994 0.178 0.948 1.000 
0.015 0.996 0.068 0.980 1.000 
0.007 0.998 0.181 0.975 0.764 
0.015 0.994 0.066 0.983 1.000 
0.019 0.995 0.188 0.960 0.978 
0.015 0.996 0.055 0.988 0.347 
0.019 0.996 0.081 0.978 0.413 
0.031 0.992 0.108 0.978 0.089 
0.022 0.993 0.081 0.980 0.118 
0.015 0.997 0.130 0.963 0.963 
0.014 0.997 0.145 0.963 0.989 
0.029 0.993 0.179 0.950 0.199 
0.011 0.997 0.087 0.973 0.875 
0.020 0.995 0.108 0.963 0.996 
0.018 0.997 0.102 0.968 0.989 
0.029 0.996 0.137 0.960 1.000 
0.017 0.995 0.351 0.958 1.000 
0.040 0.993 0.244 0.950 0.993 
0.017 0.994 0.242 0.948 1.000 
0.022 0.997 0.083 0.975 1.000 
0.017 0.996 0.059 0.985 0.941 
0.011 0.998 0.274 0.938 0.993 
0.017 0.993 0.147 0.960 0.978 
0.033 0.995 0.065 0.978 0.996 
0.020 0.996 0.143 0.953 1.000 
0.015 0.996 0.158 0.948 0.956 
0.020 0.996 0.255 0.927 1.000 
0.013 0.995 0.073 0.980 0.989 
0.027 0.996 0.152 0.960 0.974 
0.029 0.993 0.191 0.940 0.982 
0.017 0.996 0.133 0.958 0.661 
0.011 0.995 0.220 0.943 0.937 
0.020 0.995 0.132 0.958 0.978 
0.023 0.992 0.080 0.970 1.000 
0.029 0.993 0.111 0.968 0.321 
0.023 0.994 0.046 0.988 0.059 
0.013 0.997 0.097 0.970 1.000 
0.023 0.993 0.154 0.963 0.934 
0.016 0.995 0.128 0.968 0.041 
0.027 0.993 0.083 0.978 0.882 
0.022 0.996 0.138 0.975 0.959 
0.019 0.995 0.168 0.948 0.963 
0.012 0.997 0.042 0.988 0.030 
0.031 0.995 0.103 0.970 1.000 
0.023 0.995 0.222 0.960 0.978 
0.018 0.995 0.063 0.988 0.845 
0.015 0.996 0.076 0.978 0.989 
0.018 0.996 0.107 0.968 0.756 
0.017 0.996 0.084 0.978 0.985 
0.018 0.996 0.094 0.970 1.000 
0.012 0.997 0.061 0.985 0.989 
0.033 0.993 0.154 0.953 1.000 
0.012 0.995 0.094 0.978 0.819 
0.013 0.997 0.068 0.980 0.989 
0.019 0.995 0.114 0.965 1.000 
0.015 0.996 0.080 0.983 0.432 
0.012 0.996 0.174 0.950 0.993 
0.014 0.995 0.125 0.970 0.856 
0.016 0.997 0.096 0.968 1.000 
0.024 0.995 0.128 0.968 0.616 
0.029 0.995 0.190 0.953 0.443 
0.021 0.995 0.094 0.978 0.963 
0.017 0.996 0.088 0.973 0.399 
0.013 0.996 0.165 0.955 0.996 
0.017 0.996 0.107 0.965 0.756 
0.015 0.996 0.067 0.980 0.565 
0.019 0.994 0.264 0.938 0.978 
0.015 0.995 0.293 0.935 1.000 
0.013 0.997 0.229 0.950 1.000 
0.016 0.996 0.137 0.960 1.000 
0.021 0.992 0.132 0.950 0.753 
0.013 0.995 0.205 0.950 0.993 
0.020 0.994 0.188 0.948 1.000 
0.029 0.994 0.084 0.975 0.970 
0.012 0.995 0.145 0.960 0.605 
0.007 0.998 0.116 0.965 0.731 
0.013 0.995 0.172 0.958 0.982 
0.012 0.995 0.102 0.970 0.993 
0.022 0.995 0.235 0.935 0.993 
0.014 0.995 0.218 0.963 0.974 
0.035 0.992 0.133 0.965 0.937 
0.027 0.997 0.135 0.955 0.989 
0.016 0.997 0.221 0.948 0.996 
0.008 0.998 0.094 0.980 0.376 
0.017 0.997 0.201 0.950 0.852 
0.019 0.994 0.110 0.978 0.583 
0.019 0.994 0.063 0.980 0.162 
0.012 0.996 0.107 0.968 0.089 
0.041 0.990 0.187 0.948 0.985 
0.007 0.997 0.189 0.960 1.000 
0.022 0.994 0.710 0.920 0.989 
0.029 0.996 0.088 0.975 0.889 
0.020 0.991 0.097 0.968 0.646 
0.017 0.997 0.245 0.943 0.993 
0.009 0.996 0.073 0.978 0.827 
0.012 0.997 0.069 0.980 0.653 
0.019 0.995 0.072 0.975 0.985 
0.015 0.996 0.152 0.958 0.982 
0.008 0.998 0.258 0.950 1.000 
0.021 0.995 0.102 0.978 0.889 
0.015 0.997 0.167 0.965 0.970 
0.020 0.993 0.078 0.983 0.948 
0.011 0.997 0.185 0.960 0.970 
0.015 0.996 0.121 0.968 0.985 
0.008 0.997 0.223 0.973 0.317 
0.021 0.993 0.215 0.945 0.985 
0.018 0.993 0.209 0.945 0.989 
0.008 0.998 0.124 0.973 0.993 
0.027 0.995 0.108 0.968 0.993 
0.016 0.997 0.147 0.963 0.996 
0.019 0.996 0.093 0.980 0.100 
0.021 0.996 0.126 0.963 1.000 
0.017 0.993 0.168 0.953 1.000 
0.014 0.996 0.099 0.978 1.000 
0.015 0.996 0.085 0.975 0.716 
0.019 0.995 0.122 0.970 0.982 
0.020 0.996 0.086 0.975 0.074 
0.019 0.995 0.155 0.960 0.749 
0.009 0.996 0.077 0.983 0.022 
0.019 0.996 0.078 0.980 0.207 
0.024 0.995 0.126 0.960 0.978 
0.021 0.996 0.187 0.968 0.343 
0.028 0.994 0.188 0.945 0.982 
0.020 0.993 0.099 0.968 0.328 
0.014 0.997 0.087 0.975 0.989 
0.017 0.996 0.081 0.980 0.454 
0.019 0.996 0.211 0.943 1.000 
0.018 0.996 0.072 0.983 0.993 
0.019 0.995 0.100 0.970 0.635 
0.012 0.997 0.101 0.975 0.886 
0.014 0.995 0.142 0.958 1.000 
0.016 0.996 0.176 0.945 0.959 
0.007 0.997 0.070 0.980 0.996 
0.019 0.996 0.101 0.968 0.690 
0.012 0.996 0.136 0.960 1.000 
0.018 0.995 0.052 0.985 0.280 
0.018 0.995 0.084 0.978 0.236 
0.018 0.994 0.172 0.948 0.996 
0.012 0.998 0.096 0.968 0.173 
0.017 0.996 0.119 0.965 0.974 
0.009 0.997 0.116 0.970 0.030 
0.018 0.996 0.170 0.955 0.616 
0.011 0.998 0.186 0.965 0.967 
0.019 0.995 0.088 0.980 1.000 
0.015 0.996 0.102 0.965 0.989 
0.021 0.995 0.392 0.938 0.052 
0.030 0.990 0.140 0.965 0.661 
0.014 0.995 0.171 0.960 0.111 
0.022 0.996 0.126 0.955 0.815 
0.015 0.995 0.179 0.950 0.875 
0.019 0.995 0.289 0.930 0.974 
0.017 0.995 0.158 0.955 0.830 
0.013 0.996 0.231 0.943 0.989 
0.018 0.996 0.242 0.943 0.904 
0.010 0.998 0.110 0.975 0.734 
0.018 0.995 0.092 0.980 0.314 
0.023 0.992 0.181 0.945 0.579 
0.025 0.995 0.081 0.970 0.026 
0.019 0.993 0.041 0.988 0.000 
0.012 0.996 0.128 0.955 0.310 
0.013 0.996 0.243 0.943 0.624 
