0.310 0.878 0.177 0.935 1.000 
0.174 0.938 0.155 0.927 0.990 
0.181 0.933 0.135 0.963 1.000 
0.129 0.958 0.113 0.983 1.000 
0.101 0.964 0.136 0.963 1.000 
0.116 0.964 0.205 0.917 1.000 
0.113 0.971 0.149 0.960 1.000 
0.092 0.972 0.092 0.985 1.000 
0.099 0.971 0.097 0.988 1.000 
0.099 0.970 0.146 0.958 1.000 
0.093 0.970 0.116 0.975 1.000 
0.094 0.976 0.154 0.973 1.000 
0.071 0.983 0.055 0.983 1.000 
0.082 0.976 0.091 0.970 1.000 
0.080 0.973 0.084 0.978 0.968 
0.071 0.978 0.085 0.980 0.974 
0.073 0.977 0.075 0.980 1.000 
0.067 0.981 0.095 0.968 1.000 
0.061 0.981 0.068 0.985 0.897 
0.081 0.981 0.161 0.938 0.990 
0.069 0.976 0.047 0.985 0.994 
0.067 0.982 0.069 0.983 1.000 
0.074 0.977 0.073 0.985 1.000 
0.057 0.982 0.076 0.978 1.000 
0.065 0.980 0.087 0.990 1.000 
0.053 0.985 0.074 0.980 1.000 
0.075 0.973 0.087 0.970 1.000 
0.053 0.984 0.060 0.978 1.000 
0.060 0.987 0.058 0.983 0.997 
0.054 0.983 0.070 0.980 0.958 
0.043 0.988 0.079 0.970 1.000 
0.048 0.989 0.052 0.985 1.000 
0.052 0.984 0.056 0.983 1.000 
0.053 0.986 0.057 0.988 1.000 
0.058 0.984 0.086 0.970 0.994 
0.058 0.981 0.065 0.983 1.000 
0.053 0.987 0.057 0.980 1.000 
0.055 0.982 0.077 0.993 0.997 
0.051 0.984 0.052 0.988 1.000 
0.043 0.989 0.197 0.958 1.000 
0.060 0.985 0.056 0.980 0.936 
0.039 0.991 0.053 0.980 0.987 
0.058 0.981 0.063 0.990 1.000 
0.048 0.987 0.052 0.990 1.000 
0.050 0.985 0.049 0.988 0.598 
0.064 0.979 0.107 0.963 1.000 
0.054 0.987 0.068 0.980 0.945 
0.034 0.992 0.070 0.975 0.842 
0.061 0.984 0.054 0.988 0.990 
0.035 0.991 0.080 0.973 0.884 
0.047 0.990 0.048 0.985 1.000 
0.043 0.988 0.042 0.993 0.990 
0.043 0.989 0.052 0.993 1.000 
0.050 0.990 0.048 0.988 1.000 
0.046 0.984 0.062 0.980 0.395 
0.037 0.991 0.043 0.990 0.984 
0.048 0.986 0.042 0.993 1.000 
0.035 0.992 0.070 0.978 1.000 
0.051 0.984 0.083 0.973 0.997 
0.051 0.988 0.049 0.993 1.000 
0.048 0.986 0.043 0.993 1.000 
0.037 0.990 0.127 0.940 1.000 
0.044 0.987 0.083 0.965 1.000 
0.043 0.989 0.071 0.980 1.000 
0.044 0.988 0.041 0.990 1.000 
0.034 0.991 0.038 0.993 1.000 
0.038 0.990 0.038 0.993 1.000 
0.033 0.993 0.068 0.975 0.994 
0.048 0.987 0.048 0.995 0.916 
0.046 0.988 0.074 0.973 1.000 
0.036 0.990 0.043 0.995 0.984 
0.037 0.987 0.044 0.993 0.942 
0.037 0.989 0.043 0.990 1.000 
0.041 0.988 0.055 0.975 0.572 
0.041 0.989 0.044 0.990 0.736 
0.041 0.988 0.043 0.995 1.000 
0.037 0.990 0.072 0.973 1.000 
0.033 0.991 0.083 0.970 1.000 
0.038 0.989 0.062 0.988 1.000 
0.035 0.992 0.050 0.983 1.000 
0.049 0.989 0.058 0.978 1.000 
0.036 0.989 0.054 0.980 1.000 
0.036 0.991 0.070 0.980 1.000 
0.033 0.990 0.040 0.995 1.000 
0.030 0.992 0.038 0.990 0.974 
0.031 0.991 0.040 0.995 1.000 
0.030 0.992 0.073 0.980 1.000 
0.039 0.990 0.026 0.993 1.000 
0.034 0.988 0.085 0.975 0.997 
0.036 0.991 0.038 0.988 0.997 
0.033 0.992 0.079 0.970 1.000 
0.047 0.989 0.054 0.980 1.000 
0.039 0.987 0.047 0.995 1.000 
0.032 0.991 0.040 0.988 1.000 
0.033 0.992 0.094 0.963 1.000 
0.040 0.989 0.089 0.968 1.000 
0.027 0.994 0.065 0.975 0.997 
0.033 0.991 0.070 0.970 0.990 
0.035 0.990 0.029 0.993 1.000 
0.034 0.992 0.040 0.988 0.961 
0.035 0.991 0.037 0.990 1.000 
0.034 0.992 0.049 0.985 0.936 
0.031 0.991 0.037 0.993 1.000 
0.032 0.993 0.052 0.985 1.000 
0.034 0.992 0.067 0.975 0.977 
0.030 0.991 0.036 0.993 0.662 
0.027 0.995 0.059 0.978 0.669 
0.027 0.991 0.044 0.990 1.000 
0.037 0.991 0.040 0.988 0.399 
0.029 0.995 0.043 0.985 0.698 
0.030 0.994 0.054 0.983 0.997 
0.029 0.992 0.035 0.993 0.949 
0.026 0.992 0.040 0.988 0.752 
0.034 0.993 0.072 0.975 0.990 
0.030 0.991 0.036 0.993 0.408 
0.028 0.993 0.045 0.985 0.981 
0.027 0.992 0.051 0.983 0.994 
0.030 0.992 0.043 0.988 0.920 
0.033 0.990 0.053 0.978 1.000 
0.027 0.994 0.045 0.990 1.000 
0.025 0.995 0.031 0.993 0.997 
0.035 0.987 0.050 0.983 0.997 
0.031 0.993 0.070 0.970 1.000 
0.026 0.992 0.066 0.980 1.000 
0.037 0.990 0.042 0.985 1.000 
0.031 0.990 0.047 0.985 1.000 
0.025 0.995 0.050 0.983 1.000 
0.040 0.989 0.071 0.973 0.997 
0.031 0.989 0.046 0.983 0.994 
0.022 0.993 0.057 0.983 1.000 
0.024 0.995 0.064 0.975 0.984 
0.029 0.993 0.035 0.995 0.977 
0.026 0.993 0.044 0.985 0.932 
0.031 0.991 0.027 0.995 0.965 
0.034 0.991 0.050 0.983 0.939 
0.028 0.991 0.040 0.988 1.000 
0.028 0.993 0.037 0.990 0.997 
0.030 0.993 0.069 0.978 0.949 
0.026 0.992 0.055 0.980 0.916 
0.033 0.991 0.060 0.975 1.000 
0.025 0.995 0.034 0.993 1.000 
0.044 0.989 0.034 0.993 0.994 
0.021 0.995 0.032 0.995 0.990 
0.025 0.992 0.031 0.990 1.000 
0.028 0.991 0.039 0.988 0.961 
0.027 0.993 0.050 0.980 0.952 
0.022 0.993 0.051 0.983 0.994 
0.027 0.991 0.046 0.988 1.000 
0.028 0.992 0.047 0.990 1.000 
0.018 0.995 0.034 0.993 1.000 
0.024 0.995 0.042 0.990 0.990 
0.034 0.988 0.091 0.958 0.994 
0.038 0.991 0.038 0.993 1.000 
0.028 0.992 0.112 0.963 0.994 
0.021 0.996 0.064 0.978 0.997 
0.029 0.992 0.082 0.973 1.000 
0.032 0.991 0.042 0.993 1.000 
0.031 0.992 0.045 0.993 1.000 
0.026 0.994 0.035 0.990 1.000 
0.020 0.995 0.050 0.983 1.000 
0.028 0.993 0.079 0.975 0.727 
0.024 0.996 0.029 0.995 0.457 
0.027 0.993 0.033 0.995 0.971 
0.041 0.991 0.042 0.985 0.891 
0.025 0.992 0.032 0.995 0.932 
0.021 0.993 0.032 0.993 0.968 
0.030 0.992 0.034 0.990 0.997 
0.021 0.995 0.145 0.948 1.000 
0.032 0.989 0.050 0.978 0.961 
0.035 0.993 0.041 0.983 0.997 
0.025 0.995 0.043 0.983 1.000 
0.020 0.993 0.060 0.978 0.981 
0.023 0.995 0.059 0.978 0.926 
0.024 0.995 0.035 0.993 0.987 
0.019 0.995 0.067 0.975 0.907 
0.026 0.993 0.070 0.975 0.997 
0.025 0.993 0.035 0.988 0.887 
0.030 0.993 0.044 0.985 0.984 
0.023 0.993 0.026 0.995 0.881 
0.031 0.992 0.032 0.990 0.116 
0.027 0.992 0.032 0.990 0.971 
0.024 0.995 0.049 0.990 0.961 
0.027 0.991 0.031 0.995 1.000 
0.021 0.995 0.032 0.990 1.000 
0.025 0.993 0.057 0.980 1.000 
0.022 0.995 0.039 0.995 0.977 
0.021 0.995 0.054 0.983 0.990 
0.018 0.994 0.053 0.983 0.997 
0.024 0.994 0.021 0.998 1.000 
0.020 0.995 0.038 0.998 1.000 
0.027 0.994 0.073 0.980 0.402 
0.031 0.991 0.055 0.983 1.000 
0.026 0.993 0.052 0.983 1.000 
0.040 0.987 0.060 0.983 0.997 
0.025 0.992 0.035 0.990 0.833 
0.029 0.992 0.080 0.980 0.990 
0.025 0.992 0.060 0.985 1.000 
0.026 0.992 0.057 0.983 1.000 
0.021 0.995 0.084 0.975 1.000 
0.018 0.997 0.043 0.988 1.000 
0.020 0.993 0.075 0.980 1.000 
0.026 0.993 0.041 0.988 1.000 
0.020 0.995 0.055 0.983 1.000 
0.022 0.994 0.055 0.985 1.000 
0.030 0.992 0.079 0.975 1.000 
0.018 0.997 0.042 0.985 1.000 
0.028 0.993 0.052 0.985 1.000 
0.022 0.994 0.094 0.970 1.000 
0.022 0.992 0.019 0.995 1.000 
0.029 0.991 0.054 0.983 1.000 
0.018 0.996 0.069 0.983 1.000 
0.018 0.995 0.036 0.990 0.994 
0.025 0.992 0.050 0.985 0.997 
0.021 0.993 0.032 0.990 0.936 
0.022 0.996 0.031 0.988 0.971 
0.028 0.992 0.095 0.965 1.000 
0.021 0.993 0.028 0.995 0.836 
0.019 0.996 0.035 0.993 1.000 
0.016 0.995 0.024 0.998 0.994 
0.018 0.997 0.031 0.993 0.952 
0.019 0.993 0.055 0.980 1.000 
0.027 0.992 0.043 0.980 1.000 
0.021 0.994 0.042 0.985 0.974 
0.031 0.992 0.052 0.983 1.000 
0.023 0.995 0.035 0.995 1.000 
0.027 0.991 0.083 0.980 0.994 
0.018 0.992 0.025 0.998 0.942 
0.026 0.993 0.047 0.985 0.997 
0.033 0.990 0.068 0.980 0.775 
0.022 0.997 0.035 0.988 1.000 
0.024 0.993 0.049 0.983 0.743 
0.027 0.994 0.035 0.985 0.971 
0.023 0.995 0.046 0.988 1.000 
0.026 0.995 0.041 0.990 0.698 
0.024 0.991 0.064 0.983 1.000 
0.023 0.993 0.046 0.983 1.000 
0.018 0.994 0.064 0.980 0.997 
0.022 0.995 0.033 0.993 0.981 
0.019 0.995 0.046 0.985 0.971 
0.019 0.996 0.043 0.988 0.981 
0.031 0.990 0.039 0.985 0.981 
0.022 0.995 0.033 0.995 0.518 
0.039 0.992 0.028 0.993 0.370 
0.020 0.993 0.032 0.993 0.994 
0.028 0.993 0.053 0.993 0.997 
0.021 0.993 0.064 0.983 1.000 
0.021 0.993 0.033 0.995 0.997 
0.019 0.994 0.049 0.983 1.000 
0.016 0.995 0.047 0.983 1.000 
0.028 0.994 0.031 0.995 1.000 
0.024 0.991 0.036 0.988 1.000 
0.023 0.995 0.036 0.990 1.000 
0.023 0.995 0.045 0.983 1.000 
0.018 0.995 0.026 0.995 1.000 
0.013 0.997 0.031 0.993 1.000 
0.020 0.995 0.083 0.973 1.000 
0.026 0.995 0.047 0.988 1.000 
0.023 0.994 0.039 0.988 0.997 
0.029 0.990 0.088 0.963 1.000 
0.028 0.995 0.044 0.985 1.000 
0.021 0.993 0.035 0.990 1.000 
0.017 0.993 0.088 0.965 0.994 
0.024 0.995 0.043 0.983 0.990 
0.017 0.996 0.042 0.990 0.994 
0.024 0.993 0.026 0.993 1.000 
0.020 0.992 0.040 0.990 1.000 
0.024 0.995 0.028 0.990 1.000 
0.024 0.992 0.066 0.980 1.000 
0.017 0.996 0.039 0.990 1.000 
0.030 0.990 0.030 0.990 1.000 
0.035 0.991 0.048 0.983 1.000 
0.020 0.996 0.037 0.985 1.000 
0.019 0.995 0.027 0.995 1.000 
0.023 0.995 0.026 0.993 1.000 
0.022 0.995 0.030 0.993 1.000 
0.019 0.995 0.042 0.978 1.000 
0.028 0.995 0.035 0.993 1.000 
0.017 0.996 0.025 0.995 0.994 
0.028 0.993 0.030 0.993 1.000 
0.025 0.993 0.041 0.990 1.000 
0.027 0.990 0.053 0.983 1.000 
0.020 0.995 0.057 0.980 1.000 
0.018 0.993 0.032 0.990 0.981 
0.020 0.995 0.059 0.983 1.000 
0.028 0.992 0.036 0.990 1.000 
0.025 0.993 0.048 0.983 1.000 
0.017 0.996 0.033 0.993 0.990 
0.020 0.993 0.047 0.983 1.000 
0.020 0.997 0.040 0.988 0.952 
0.021 0.994 0.052 0.980 1.000 
0.029 0.993 0.027 0.998 1.000 
0.021 0.995 0.047 0.988 1.000 
0.039 0.990 0.036 0.990 1.000 
0.014 0.997 0.033 0.988 1.000 
0.033 0.993 0.043 0.990 0.987 
0.017 0.996 0.041 0.985 0.987 
0.017 0.996 0.025 0.998 1.000 
0.021 0.992 0.024 0.993 1.000 
0.031 0.993 0.034 0.993 1.000 
0.017 0.995 0.025 0.995 0.977 
0.012 0.997 0.031 0.993 0.955 
0.023 0.993 0.055 0.985 0.997 
0.019 0.995 0.124 0.963 0.997 
0.034 0.991 0.033 0.995 0.987 
0.017 0.996 0.035 0.985 0.900 
0.023 0.995 0.023 0.995 1.000 
0.029 0.996 0.064 0.993 0.971 
0.027 0.993 0.031 0.993 0.785 
0.015 0.995 0.029 0.993 1.000 
0.024 0.995 0.041 0.983 0.852 
0.020 0.994 0.043 0.980 0.977 
0.019 0.996 0.042 0.988 1.000 
0.030 0.992 0.067 0.975 0.981 
0.022 0.994 0.041 0.988 0.891 
0.021 0.995 0.042 0.985 0.878 
0.017 0.997 0.030 0.993 0.939 
0.021 0.995 0.054 0.983 0.904 
0.018 0.995 0.028 0.993 0.997 
0.026 0.993 0.036 0.985 1.000 
0.021 0.993 0.037 0.988 0.974 
0.015 0.995 0.038 0.985 0.955 
0.024 0.996 0.069 0.970 0.984 
0.023 0.993 0.040 0.985 0.977 
0.015 0.995 0.044 0.993 1.000 
0.019 0.995 0.043 0.993 0.576 
0.029 0.992 0.030 0.990 0.997 
0.022 0.993 0.048 0.985 0.987 
0.023 0.993 0.057 0.975 0.878 
0.019 0.993 0.042 0.988 0.977 
0.018 0.996 0.027 0.993 0.987 
0.015 0.993 0.035 0.985 0.984 
0.021 0.997 0.024 0.995 1.000 
0.013 0.996 0.044 0.985 1.000 
0.022 0.997 0.133 0.953 1.000 
0.019 0.993 0.049 0.993 0.997 
0.021 0.995 0.024 0.998 0.994 
0.018 0.993 0.039 0.988 1.000 
0.020 0.995 0.036 0.988 0.961 
0.018 0.995 0.040 0.983 0.987 
0.021 0.995 0.030 0.990 0.990 
0.019 0.993 0.037 0.985 0.984 
0.022 0.994 0.064 0.980 0.913 
0.039 0.995 0.094 0.988 1.000 
0.021 0.995 0.031 0.993 0.987 
0.018 0.994 0.046 0.985 0.961 
0.011 0.997 0.042 0.985 0.997 
0.021 0.994 0.032 0.990 0.904 
0.024 0.992 0.047 0.983 0.897 
0.017 0.996 0.073 0.978 0.141 
0.019 0.996 0.039 0.988 0.981 
0.021 0.995 0.046 0.980 1.000 
0.023 0.992 0.047 0.983 0.990 
0.015 0.996 0.040 0.985 1.000 
0.019 0.993 0.039 0.985 0.997 
0.014 0.997 0.035 0.983 1.000 
0.031 0.991 0.066 0.980 1.000 
0.021 0.993 0.041 0.985 1.000 
0.020 0.995 0.029 0.993 0.990 
0.012 0.997 0.026 0.993 1.000 
0.016 0.995 0.024 0.993 0.987 
0.021 0.992 0.033 0.988 0.965 
0.024 0.992 0.032 0.988 1.000 
0.024 0.995 0.098 0.958 1.000 
0.020 0.993 0.039 0.985 1.000 
0.023 0.995 0.053 0.980 0.955 
0.019 0.993 0.040 0.988 0.974 
0.017 0.993 0.065 0.975 1.000 
0.019 0.995 0.037 0.990 1.000 
0.020 0.993 0.040 0.983 1.000 
0.022 0.995 0.027 0.995 1.000 
0.026 0.996 0.029 0.993 1.000 
0.017 0.996 0.033 0.990 1.000 
0.014 0.997 0.023 0.998 1.000 
0.017 0.995 0.019 0.998 1.000 
0.018 0.994 0.041 0.983 1.000 
0.011 0.996 0.147 0.955 0.997 
0.022 0.993 0.027 0.995 1.000 
0.033 0.988 0.025 0.995 0.997 
0.028 0.992 0.035 0.993 0.990 
0.028 0.993 0.035 0.990 0.958 
0.015 0.995 0.034 0.995 1.000 
0.018 0.995 0.034 0.990 1.000 
0.013 0.997 0.059 0.980 1.000 
0.019 0.996 0.045 0.995 1.000 
0.021 0.995 0.023 0.995 0.997 
0.014 0.996 0.029 0.995 1.000 
0.024 0.992 0.038 0.985 0.987 
0.023 0.994 0.021 0.998 0.958 
0.021 0.995 0.032 0.990 1.000 
0.020 0.993 0.024 0.995 0.987 
0.021 0.996 0.045 0.985 1.000 
0.012 0.997 0.032 0.988 1.000 
0.021 0.996 0.024 0.998 1.000 
0.018 0.997 0.040 0.983 0.945 
0.019 0.992 0.061 0.975 1.000 
0.016 0.995 0.023 0.995 0.974 
0.013 0.997 0.032 0.995 0.598 
0.016 0.995 0.030 0.990 0.913 
0.015 0.995 0.036 0.995 0.974 
0.022 0.993 0.039 0.985 0.910 
0.025 0.994 0.034 0.990 0.920 
0.015 0.997 0.022 0.998 1.000 
0.018 0.995 0.032 0.988 0.990 
0.025 0.991 0.045 0.983 1.000 
0.016 0.996 0.053 0.978 1.000 
0.015 0.998 0.027 0.993 0.971 
0.026 0.993 0.054 0.978 0.984 
0.009 0.997 0.024 0.995 0.955 
0.027 0.996 0.025 0.995 1.000 
0.018 0.993 0.034 0.985 0.974 
0.014 0.996 0.036 0.990 1.000 
0.017 0.996 0.023 0.998 0.994 
0.017 0.996 0.035 0.990 0.958 
0.020 0.994 0.065 0.975 0.961 
0.020 0.995 0.027 0.993 1.000 
0.019 0.995 0.036 0.988 0.997 
0.023 0.993 0.035 0.985 0.987 
0.018 0.995 0.031 0.985 0.997 
0.012 0.997 0.035 0.993 0.990 
0.017 0.995 0.118 0.950 1.000 
0.016 0.996 0.074 0.975 1.000 
0.018 0.996 0.041 0.985 0.942 
0.021 0.996 0.078 0.975 0.955 
0.016 0.995 0.039 0.985 0.987 
0.034 0.995 0.063 0.983 1.000 
0.021 0.993 0.051 0.983 0.997 
0.018 0.995 0.151 0.975 1.000 
0.022 0.994 0.086 0.970 1.000 
0.018 0.994 0.032 0.988 1.000 
0.016 0.997 0.111 0.965 0.994 
0.022 0.993 0.046 0.985 0.997 
0.013 0.997 0.031 0.988 0.987 
0.018 0.993 0.025 0.995 1.000 
0.025 0.994 0.031 0.993 0.990 
0.018 0.993 0.029 0.995 1.000 
0.020 0.995 0.108 0.973 0.984 
0.017 0.996 0.045 0.983 1.000 
0.009 0.997 0.032 0.993 1.000 
0.018 0.993 0.026 0.998 1.000 
0.020 0.995 0.027 0.995 0.958 
0.010 0.998 0.082 0.975 0.971 
0.018 0.996 0.042 0.988 1.000 
0.027 0.992 0.052 0.980 1.000 
0.022 0.995 0.053 0.983 1.000 
0.015 0.996 0.046 0.985 1.000 
0.022 0.995 0.041 0.988 1.000 
0.012 0.997 0.025 0.995 0.994 
0.018 0.997 0.034 0.990 1.000 
0.016 0.995 0.022 0.995 1.000 
0.019 0.996 0.026 0.993 1.000 
0.015 0.996 0.020 0.998 1.000 
0.017 0.995 0.031 0.988 1.000 
0.025 0.993 0.029 0.995 1.000 
0.017 0.995 0.079 0.983 0.997 
0.017 0.996 0.037 0.988 0.997 
0.019 0.996 0.034 0.995 1.000 
0.027 0.995 0.046 0.988 1.000 
0.012 0.997 0.139 0.948 0.990 
0.037 0.992 0.065 0.978 0.990 
0.029 0.993 0.027 0.995 1.000 
0.017 0.996 0.036 0.985 1.000 
0.022 0.994 0.062 0.978 1.000 
0.014 0.996 0.045 0.985 1.000 
0.021 0.996 0.036 0.985 0.997 
0.024 0.991 0.024 0.993 1.000 
0.018 0.996 0.053 0.983 1.000 
0.014 0.995 0.033 0.993 1.000 
0.018 0.995 0.039 0.985 1.000 
0.019 0.993 0.038 0.983 1.000 
0.050 0.992 0.038 0.990 0.952 
0.026 0.993 0.082 0.985 0.958 
0.017 0.995 0.059 0.993 0.936 
0.025 0.996 0.040 0.993 0.823 
0.015 0.995 0.029 0.993 0.939 
0.011 0.996 0.034 0.993 1.000 
0.024 0.993 0.032 0.988 0.987 
0.025 0.994 0.097 0.968 0.942 
0.017 0.995 0.025 0.995 0.884 
0.020 0.995 0.032 0.985 0.836 
0.015 0.996 0.023 0.995 0.955 
0.015 0.996 0.023 0.995 0.916 
0.017 0.995 0.107 0.973 0.997 
0.021 0.993 0.040 0.990 0.984 
0.016 0.997 0.042 0.980 1.000 
0.011 0.997 0.031 0.990 0.900 
0.021 0.993 0.074 0.978 0.871 
0.033 0.991 0.061 0.983 0.994 
0.013 0.996 0.051 0.983 1.000 
0.011 0.997 0.090 0.970 0.977 
0.031 0.994 0.047 0.985 0.730 
0.017 0.993 0.034 0.993 0.894 
0.013 0.997 0.038 0.990 0.994 
0.015 0.996 0.055 0.988 0.884 
0.009 0.997 0.033 0.995 0.977 
0.026 0.994 0.047 0.983 0.961 
0.012 0.996 0.035 0.988 0.961 
0.019 0.996 0.039 0.990 0.974 
0.027 0.993 0.044 0.985 0.958 
0.027 0.993 0.044 0.985 0.971 
0.017 0.996 0.056 0.983 1.000 
0.038 0.995 0.022 0.995 0.984 
0.028 0.994 0.061 0.983 0.997 
0.012 0.997 0.042 0.988 0.974 
0.019 0.995 0.049 0.985 0.942 
0.016 0.995 0.024 0.993 0.987 
0.023 0.992 0.049 0.985 0.926 
0.018 0.995 0.025 0.995 0.994 
0.018 0.996 0.036 0.988 1.000 
0.014 0.995 0.041 0.993 0.997 
0.020 0.993 0.099 0.965 1.000 
0.018 0.997 0.037 0.985 0.990 
0.016 0.995 0.034 0.990 0.987 
0.018 0.996 0.022 0.998 0.977 
0.011 0.996 0.023 0.995 0.984 
0.010 0.996 0.052 0.985 0.977 
0.027 0.995 0.054 0.985 0.984 
0.016 0.995 0.024 0.995 1.000 
0.017 0.995 0.026 0.998 0.932 
0.022 0.995 0.074 0.970 0.984 
0.016 0.995 0.024 0.993 0.974 
0.021 0.996 0.022 0.995 0.971 
0.018 0.993 0.036 0.990 0.945 
0.013 0.997 0.025 0.995 0.984 
0.019 0.996 0.026 0.995 0.897 
0.018 0.996 0.022 0.998 0.855 
0.022 0.993 0.080 0.980 1.000 
0.012 0.997 0.054 0.980 1.000 
0.016 0.996 0.026 0.993 1.000 
0.013 0.996 0.187 0.912 0.643 
0.024 0.993 0.065 0.993 1.000 
0.011 0.997 0.057 0.993 0.997 
0.015 0.995 0.060 0.985 1.000 
0.022 0.994 0.038 0.995 1.000 
0.021 0.996 0.064 0.985 1.000 
0.010 0.998 0.098 0.985 0.994 
0.016 0.996 0.047 0.985 1.000 
0.030 0.993 0.097 0.965 0.994 
0.012 0.997 0.047 0.993 0.997 
0.012 0.995 0.057 0.983 0.997 
0.011 0.999 0.045 0.993 1.000 
0.017 0.995 0.083 0.983 1.000 
0.014 0.995 0.042 0.993 1.000 
0.014 0.996 0.092 0.980 1.000 
0.028 0.996 0.050 0.985 1.000 
0.006 0.998 0.021 0.998 1.000 
0.020 0.993 0.025 0.995 1.000 
0.027 0.993 0.041 0.985 1.000 
0.015 0.995 0.049 0.985 1.000 
0.011 0.996 0.030 0.993 1.000 
0.019 0.996 0.067 0.985 1.000 
0.016 0.997 0.022 0.995 1.000 
0.016 0.995 0.041 0.990 0.878 
0.014 0.996 0.033 0.995 0.994 
0.016 0.996 0.045 0.988 0.987 
0.021 0.996 0.048 0.983 0.974 
0.024 0.995 0.086 0.983 0.894 
0.019 0.995 0.058 0.985 0.997 
0.058 0.988 0.038 0.988 0.913 
0.013 0.996 0.031 0.988 0.775 
0.011 0.997 0.075 0.983 0.965 
0.019 0.993 0.052 0.983 0.984 
0.017 0.996 0.072 0.978 0.997 
0.018 0.996 0.081 0.968 0.990 
0.013 0.998 0.089 0.975 0.955 
0.013 0.997 0.109 0.973 0.984 
0.017 0.996 0.032 0.990 0.994 
0.017 0.995 0.096 0.973 0.965 
0.020 0.996 0.030 0.995 0.974 
0.025 0.992 0.049 0.980 0.990 
0.017 0.993 0.040 0.988 0.997 
0.012 0.997 0.022 0.995 1.000 
0.018 0.995 0.069 0.990 0.926 
0.019 0.995 0.045 0.980 0.958 
0.011 0.997 0.046 0.998 0.971 
0.021 0.995 0.042 0.995 0.961 
0.016 0.997 0.180 0.948 1.000 
0.016 0.996 0.047 0.995 0.974 
0.018 0.996 0.023 0.998 0.974 
0.007 0.998 0.085 0.985 1.000 
0.028 0.995 0.046 0.985 0.994 
0.017 0.996 0.073 0.980 0.923 
0.015 0.996 0.028 0.993 0.994 
0.018 0.996 0.057 0.988 0.990 
0.019 0.993 0.038 0.988 0.987 
0.021 0.995 0.090 0.978 0.971 
0.016 0.995 0.055 0.978 0.994 
0.017 0.994 0.040 0.993 0.942 
0.016 0.997 0.058 0.993 0.965 
0.019 0.996 0.050 0.990 0.997 
0.021 0.994 0.054 0.990 1.000 
0.018 0.993 0.054 0.998 0.994 
0.020 0.994 0.035 0.993 0.997 
0.018 0.996 0.046 0.990 0.994 
0.016 0.994 0.070 0.973 0.926 
0.018 0.995 0.039 0.993 0.977 
0.025 0.996 0.104 0.960 0.791 
0.023 0.994 0.051 0.985 0.961 
0.016 0.993 0.038 0.993 1.000 
0.014 0.997 0.025 0.995 1.000 
0.020 0.995 0.044 0.993 1.000 
0.021 0.995 0.038 0.990 1.000 
0.012 0.998 0.040 0.995 0.997 
0.009 0.998 0.065 0.983 1.000 
0.017 0.996 0.100 0.983 1.000 
0.018 0.994 0.081 0.990 0.981 
0.035 0.992 0.042 0.993 0.981 
0.013 0.997 0.020 0.998 0.987 
0.014 0.996 0.034 0.993 0.958 
0.014 0.995 0.041 0.993 0.997 
0.017 0.995 0.069 0.985 1.000 
0.026 0.993 0.029 0.993 1.000 
0.017 0.995 0.040 0.993 0.984 
0.014 0.995 0.044 0.993 0.987 
0.009 0.997 0.057 0.993 0.990 
0.020 0.994 0.025 0.995 1.000 
0.020 0.995 0.046 0.985 1.000 
0.011 0.997 0.033 0.995 0.968 
0.014 0.997 0.041 0.985 0.977 
0.034 0.995 0.042 0.993 0.952 
0.010 0.996 0.028 0.995 0.994 
0.014 0.995 0.031 0.995 1.000 
0.014 0.997 0.038 0.990 0.997 
0.032 0.995 0.068 0.990 1.000 
0.020 0.996 0.113 0.955 0.994 
0.025 0.993 0.079 0.985 0.994 
0.025 0.994 0.061 0.993 0.997 
0.027 0.995 0.037 0.993 0.997 
0.020 0.993 0.029 0.993 0.994 
0.016 0.995 0.026 0.993 0.997 
0.012 0.997 0.023 0.995 1.000 
0.012 0.997 0.041 0.988 0.997 
0.010 0.997 0.021 0.998 0.974 
0.009 0.997 0.120 0.958 0.994 
0.018 0.993 0.089 0.978 1.000 
0.010 0.997 0.067 0.993 0.984 
0.019 0.996 0.039 0.985 1.000 
0.020 0.994 0.126 0.963 0.804 
0.014 0.996 0.096 0.985 1.000 
0.040 0.995 0.030 0.993 1.000 
0.017 0.996 0.101 0.985 1.000 
0.031 0.995 0.116 0.955 1.000 
0.023 0.995 0.072 0.980 0.997 
0.012 0.996 0.106 0.983 1.000 
0.013 0.996 0.093 0.995 1.000 
0.017 0.995 0.074 0.983 1.000 
0.019 0.995 0.034 0.993 1.000 
0.015 0.997 0.056 0.985 0.994 
0.009 0.996 0.163 0.983 0.913 
0.018 0.995 0.055 0.985 0.994 
0.017 0.996 0.058 0.988 0.997 
0.021 0.993 0.047 0.993 1.000 
0.011 0.998 0.043 0.993 1.000 
0.018 0.993 0.051 0.990 1.000 
0.035 0.990 0.032 0.995 1.000 
0.023 0.993 0.029 0.993 1.000 
0.015 0.996 0.050 0.985 1.000 
0.016 0.997 0.080 0.985 0.990 
0.011 0.998 0.028 0.993 1.000 
0.012 0.997 0.027 0.995 1.000 
0.019 0.993 0.024 0.995 1.000 
0.022 0.993 0.052 0.990 1.000 
0.018 0.996 0.134 0.983 0.994 
0.041 0.996 0.074 0.988 0.958 
0.013 0.996 0.091 0.978 0.997 
0.023 0.995 0.096 0.973 1.000 
0.019 0.996 0.092 0.970 1.000 
0.028 0.996 0.096 0.965 1.000 
0.018 0.994 0.105 0.965 0.994 
0.017 0.996 0.099 0.975 0.997 
0.018 0.995 0.071 0.975 0.965 
0.010 0.995 0.064 0.983 1.000 
0.021 0.994 0.070 0.983 0.965 
0.012 0.997 0.118 0.960 1.000 
0.025 0.994 0.111 0.973 0.997 
0.020 0.995 0.050 0.993 0.987 
0.020 0.995 0.038 0.993 1.000 
0.015 0.996 0.137 0.965 1.000 
0.015 0.997 0.028 0.990 1.000 
0.017 0.995 0.035 0.993 0.997 
0.022 0.997 0.039 0.988 0.990 
0.015 0.999 0.133 0.965 0.762 
0.018 0.995 0.096 0.993 0.987 
0.065 0.996 0.133 0.980 0.984 
0.027 0.995 0.087 0.980 0.965 
0.023 0.994 0.118 0.978 0.904 
0.019 0.995 0.091 0.983 0.955 
0.010 0.997 0.103 0.983 1.000 
0.011 0.997 0.111 0.983 0.981 
0.028 0.998 0.049 0.988 1.000 
0.027 0.997 0.228 0.930 1.000 
0.013 0.996 0.063 0.993 1.000 
0.036 0.993 0.076 0.983 1.000 
0.013 0.996 0.047 0.990 0.997 
0.020 0.995 0.049 0.985 1.000 
0.020 0.993 0.053 0.985 1.000 
0.016 0.996 0.070 0.985 1.000 
0.020 0.995 0.137 0.960 1.000 
0.015 0.997 0.103 0.985 0.997 
0.021 0.997 0.039 0.993 1.000 
0.010 0.996 0.042 0.993 1.000 
0.036 0.993 0.099 0.975 0.990 
0.016 0.996 0.033 0.985 1.000 
0.022 0.994 0.054 0.983 1.000 
0.025 0.993 0.040 0.993 0.997 
0.019 0.995 0.058 0.983 0.997 
0.026 0.993 0.108 0.983 0.987 
0.018 0.996 0.058 0.985 1.000 
0.013 0.996 0.054 0.985 0.997 
0.009 0.996 0.099 0.980 0.984 
0.034 0.993 0.091 0.983 1.000 
0.020 0.997 0.090 0.978 0.981 
0.016 0.993 0.076 0.980 0.987 
0.009 0.998 0.096 0.980 1.000 
0.020 0.994 0.072 0.975 1.000 
0.008 0.996 0.141 0.975 0.997 
0.014 0.997 0.086 0.983 0.997 
0.024 0.991 0.073 0.980 1.000 
0.014 0.994 0.063 0.990 0.997 
0.011 0.994 0.100 0.975 1.000 
0.024 0.996 0.041 0.990 0.961 
0.008 0.997 0.062 0.978 1.000 
0.018 0.996 0.024 0.993 1.000 
0.030 0.995 0.102 0.985 1.000 
0.025 0.995 0.035 0.985 0.997 
0.012 0.997 0.035 0.988 0.997 
0.023 0.995 0.053 0.983 1.000 
0.015 0.996 0.066 0.978 0.949 
0.007 0.997 0.028 0.998 0.990 
0.018 0.996 0.020 0.998 0.990 
0.017 0.997 0.034 0.988 0.897 
0.014 0.997 0.030 0.995 1.000 
0.022 0.994 0.029 0.990 0.984 
0.021 0.994 0.058 0.980 0.984 
0.011 0.997 0.087 0.980 0.987 
0.016 0.995 0.069 0.985 1.000 
0.020 0.995 0.059 0.985 0.990 
0.021 0.993 0.143 0.970 0.987 
0.013 0.996 0.040 0.995 0.974 
0.020 0.993 0.036 0.988 0.968 
0.017 0.997 0.072 0.983 0.994 
0.024 0.992 0.104 0.968 0.994 
0.018 0.996 0.061 0.983 0.987 
0.014 0.997 0.042 0.988 0.984 
0.018 0.995 0.037 0.993 0.997 
0.012 0.997 0.037 0.993 0.987 
0.026 0.995 0.041 0.983 0.997 
0.018 0.995 0.038 0.985 1.000 
0.015 0.995 0.033 0.993 0.945 
0.017 0.995 0.044 0.993 0.984 
0.014 0.997 0.067 0.983 1.000 
0.015 0.996 0.034 0.993 0.994 
0.011 0.998 0.049 0.985 0.994 
0.013 0.996 0.154 0.980 0.955 
0.026 0.993 0.168 0.943 0.994 
0.016 0.994 0.041 0.998 0.958 
0.020 0.995 0.042 0.988 0.997 
0.019 0.997 0.078 0.980 0.990 
0.023 0.995 0.024 0.995 1.000 
0.019 0.995 0.038 0.990 0.994 
0.009 0.998 0.035 0.995 0.987 
0.015 0.996 0.037 0.995 0.997 
0.021 0.995 0.048 0.983 0.997 
0.013 0.994 0.050 0.985 0.997 
0.019 0.996 0.026 0.998 0.990 
0.023 0.997 0.064 0.985 0.990 
0.021 0.995 0.042 0.990 0.997 
0.012 0.997 0.029 0.998 0.997 
0.009 0.997 0.031 0.995 0.987 
0.012 0.997 0.037 0.998 0.997 
0.025 0.995 0.051 0.988 0.965 
0.017 0.996 0.068 0.985 1.000 
0.011 0.997 0.042 0.985 1.000 
0.015 0.996 0.045 0.983 0.942 
0.011 0.995 0.040 0.993 1.000 
0.016 0.996 0.045 0.995 0.994 
0.012 0.997 0.052 0.993 1.000 
0.029 0.993 0.184 0.945 1.000 
0.019 0.996 0.048 0.988 0.990 
0.021 0.996 0.030 0.993 0.971 
0.020 0.995 0.047 0.995 1.000 
0.020 0.995 0.086 0.983 0.994 
0.025 0.995 0.031 0.990 0.994 
0.028 0.995 0.042 0.993 1.000 
0.020 0.992 0.054 0.990 1.000 
0.022 0.994 0.057 0.983 0.878 
0.019 0.996 0.139 0.945 1.000 
0.031 0.993 0.035 0.990 0.997 
0.015 0.994 0.024 0.995 1.000 
0.017 0.997 0.080 0.983 1.000 
0.017 0.994 0.049 0.985 0.997 
0.017 0.997 0.089 0.983 0.987 
0.016 0.995 0.034 0.985 0.990 
0.011 0.997 0.029 0.990 1.000 
0.021 0.994 0.034 0.995 1.000 
0.019 0.995 0.069 0.983 1.000 
0.012 0.997 0.033 0.993 1.000 
0.014 0.996 0.050 0.990 1.000 
0.010 0.997 0.091 0.983 1.000 
0.024 0.995 0.053 0.985 0.994 
0.013 0.997 0.035 0.990 0.990 
0.027 0.990 0.076 0.973 0.997 
0.021 0.994 0.023 0.995 0.984 
0.013 0.997 0.033 0.995 0.990 
0.018 0.994 0.028 0.995 0.984 
0.012 0.996 0.071 0.985 0.997 
0.014 0.996 0.039 0.993 1.000 
0.042 0.994 0.025 0.990 1.000 
0.020 0.995 0.030 0.995 1.000 
0.012 0.995 0.051 0.988 0.990 
0.022 0.993 0.025 0.995 1.000 
0.015 0.995 0.116 0.968 0.990 
0.012 0.996 0.064 0.983 0.990 
0.016 0.996 0.041 0.995 1.000 
0.009 0.997 0.064 0.998 0.997 
0.018 0.996 0.045 0.995 0.997 
0.024 0.994 0.097 0.975 1.000 
0.015 0.995 0.053 0.985 1.000 
0.023 0.996 0.064 0.983 1.000 
0.013 0.997 0.027 0.995 1.000 
0.016 0.997 0.026 0.998 1.000 
0.014 0.998 0.038 0.995 1.000 
0.011 0.997 0.067 0.985 1.000 
0.012 0.997 0.077 0.985 1.000 
0.009 0.995 0.056 0.990 0.997 
0.011 0.996 0.063 0.985 1.000 
0.044 0.995 0.026 0.995 0.997 
0.016 0.996 0.030 0.993 1.000 
0.012 0.997 0.055 0.990 1.000 
0.009 0.997 0.039 0.995 1.000 
0.009 0.997 0.038 0.993 1.000 
0.013 0.997 0.026 0.993 1.000 
0.010 0.997 0.041 0.993 1.000 
0.020 0.994 0.028 0.990 1.000 
0.033 0.995 0.047 0.990 1.000 
0.017 0.996 0.034 0.995 1.000 
0.019 0.995 0.027 0.995 1.000 
0.017 0.996 0.059 0.983 0.997 
0.018 0.996 0.031 0.993 1.000 
0.012 0.995 0.039 0.990 1.000 
0.018 0.997 0.032 0.995 1.000 
0.010 0.996 0.054 0.990 1.000 
0.020 0.995 0.038 0.993 1.000 
0.017 0.994 0.064 0.983 1.000 
0.020 0.997 0.025 0.995 1.000 
0.012 0.996 0.036 0.993 1.000 
0.011 0.996 0.033 0.995 0.984 
0.014 0.997 0.033 0.993 0.997 
0.020 0.996 0.072 0.978 0.923 
0.009 0.998 0.089 0.980 1.000 
0.020 0.996 0.048 0.988 0.984 
0.011 0.997 0.040 0.985 1.000 
0.016 0.995 0.065 0.983 0.987 
0.030 0.992 0.035 0.990 1.000 
0.018 0.993 0.083 0.983 1.000 
0.016 0.994 0.089 0.980 1.000 
0.025 0.996 0.118 0.973 1.000 
0.022 0.994 0.034 0.993 1.000 
0.012 0.996 0.054 0.988 0.977 
0.010 0.996 0.061 0.995 0.990 
0.016 0.995 0.022 0.995 0.990 
0.010 0.997 0.037 0.993 0.987 
0.019 0.995 0.031 0.995 0.994 
0.010 0.997 0.023 0.998 1.000 
0.012 0.998 0.028 0.995 0.997 
0.010 0.997 0.027 0.993 0.987 
0.020 0.995 0.043 0.993 0.990 
0.019 0.993 0.042 0.988 0.997 
0.006 0.998 0.041 0.993 0.961 
0.010 0.998 0.049 0.993 0.624 
0.011 0.998 0.036 0.993 0.791 
0.022 0.996 0.044 0.995 0.765 
0.015 0.995 0.047 0.993 0.987 
0.008 0.998 0.152 0.998 0.855 
0.021 0.993 0.023 0.993 0.994 
0.022 0.996 0.040 0.988 0.994 
0.024 0.995 0.093 0.970 0.994 
0.013 0.997 0.031 0.998 0.997 
0.023 0.995 0.048 0.993 0.990 
0.026 0.994 0.021 0.995 0.987 
0.028 0.996 0.026 0.995 0.994 
0.018 0.994 0.053 0.980 0.971 
0.008 0.998 0.040 0.990 0.997 
0.010 0.997 0.053 0.990 1.000 
0.018 0.997 0.032 0.995 1.000 
0.026 0.992 0.107 0.968 1.000 
0.014 0.996 0.093 0.978 1.000 
0.020 0.996 0.017 0.998 1.000 
0.016 0.996 0.025 0.998 1.000 
0.008 0.996 0.028 0.998 1.000 
0.025 0.993 0.046 0.985 0.997 
0.009 0.997 0.041 0.988 1.000 
0.015 0.996 0.031 0.993 0.997 
0.018 0.994 0.033 0.990 0.997 
0.008 0.997 0.024 0.998 1.000 
0.021 0.995 0.048 0.985 1.000 
0.016 0.997 0.023 0.995 1.000 
0.007 0.997 0.081 0.980 1.000 
0.031 0.994 0.136 0.993 1.000 
0.025 0.995 0.044 0.993 1.000 
0.014 0.995 0.092 0.980 1.000 
0.015 0.996 0.036 0.993 1.000 
0.007 0.997 0.042 0.993 1.000 
0.017 0.996 0.030 0.993 1.000 
0.013 0.995 0.026 0.993 1.000 
0.115 0.990 0.035 0.988 1.000 
0.011 0.997 0.042 0.990 1.000 
0.013 0.996 0.044 0.988 1.000 
0.011 0.997 0.065 0.990 1.000 
0.008 0.997 0.059 0.988 1.000 
0.016 0.996 0.037 0.990 1.000 
0.011 0.995 0.080 0.980 1.000 
0.013 0.994 0.051 0.990 1.000 
0.012 0.997 0.042 0.985 1.000 
0.008 0.998 0.047 0.993 1.000 
0.018 0.993 0.030 0.990 1.000 
0.047 0.995 0.064 0.985 1.000 
0.026 0.992 0.038 0.993 1.000 
0.016 0.996 0.038 0.990 1.000 
0.040 0.995 0.076 0.983 1.000 
0.019 0.994 0.037 0.985 1.000 
0.010 0.997 0.037 0.985 1.000 
0.019 0.995 0.113 0.948 0.952 
0.015 0.996 0.032 0.995 1.000 
0.009 0.998 0.031 0.995 1.000 
0.016 0.997 0.025 0.993 1.000 
0.012 0.996 0.035 0.993 1.000 
0.016 0.995 0.058 0.990 0.990 
0.016 0.996 0.040 0.990 1.000 
0.023 0.994 0.028 0.998 1.000 
0.012 0.996 0.072 0.993 0.994 
0.065 0.991 0.068 0.978 1.000 
0.007 0.999 0.074 0.980 1.000 
0.008 0.998 0.052 0.993 1.000 
0.006 0.998 0.054 0.995 0.997 
0.011 0.996 0.063 0.985 0.997 
0.015 0.996 0.034 0.988 1.000 
0.019 0.996 0.080 0.980 0.994 
0.003 0.999 0.075 0.995 0.997 
0.021 0.995 0.096 0.973 0.990 
0.012 0.997 0.040 0.998 1.000 
0.015 0.996 0.061 0.983 1.000 
0.018 0.994 0.067 0.988 1.000 
0.016 0.997 0.068 0.988 1.000 
0.014 0.997 0.039 0.990 1.000 
0.016 0.995 0.074 0.975 1.000 
0.017 0.995 0.125 0.965 1.000 
0.012 0.998 0.065 0.978 1.000 
0.012 0.997 0.073 0.980 1.000 
0.019 0.993 0.038 0.993 1.000 
0.029 0.995 0.036 0.995 1.000 
0.012 0.996 0.066 0.980 1.000 
0.016 0.997 0.056 0.985 0.997 
0.011 0.996 0.055 0.988 0.994 
0.009 0.997 0.038 0.995 1.000 
0.021 0.996 0.039 0.988 1.000 
0.010 0.997 0.029 0.995 1.000 
0.025 0.993 0.025 0.995 1.000 
0.021 0.993 0.075 0.983 1.000 
0.018 0.995 0.059 0.983 1.000 
0.044 0.993 0.039 0.993 1.000 
0.014 0.995 0.094 0.978 0.997 
0.017 0.995 0.065 0.990 1.000 
0.028 0.996 0.044 0.985 1.000 
0.014 0.997 0.042 0.988 1.000 
0.020 0.996 0.045 0.985 1.000 
0.012 0.995 0.036 0.988 1.000 
0.011 0.996 0.081 0.998 1.000 
0.015 0.997 0.051 0.985 1.000 
0.015 0.995 0.076 0.983 1.000 
0.005 0.998 0.039 0.995 1.000 
0.020 0.995 0.052 0.985 1.000 
0.029 0.996 0.051 0.988 1.000 
0.019 0.995 0.030 0.998 1.000 
0.007 0.998 0.042 0.995 1.000 
0.011 0.997 0.057 0.990 1.000 
0.008 0.996 0.053 0.993 1.000 
0.010 0.997 0.066 0.985 1.000 
0.017 0.996 0.064 0.983 1.000 
0.011 0.997 0.050 0.988 1.000 
0.020 0.993 0.037 0.988 1.000 
0.015 0.995 0.048 0.988 1.000 
0.011 0.997 0.032 0.993 1.000 
0.016 0.996 0.023 0.998 1.000 
0.011 0.995 0.039 0.995 1.000 
0.014 0.997 0.035 0.995 1.000 
0.007 0.997 0.056 0.990 1.000 
0.019 0.997 0.050 0.995 1.000 
0.009 0.996 0.078 0.990 1.000 
0.022 0.995 0.023 0.995 1.000 
0.019 0.993 0.029 0.993 1.000 
0.012 0.997 0.029 0.995 1.000 
0.023 0.997 0.084 0.980 0.997 
0.015 0.997 0.048 0.995 1.000 
0.014 0.996 0.148 0.960 0.987 
0.014 0.996 0.044 0.988 1.000 
0.017 0.993 0.135 0.993 1.000 
0.039 0.997 0.034 0.985 1.000 
0.010 0.997 0.053 0.985 1.000 
0.025 0.996 0.089 0.978 1.000 
0.012 0.996 0.031 0.993 1.000 
