0.369 0.859 0.255 0.902 0.728 
0.222 0.917 0.173 0.935 0.951 
0.163 0.941 0.144 0.943 0.971 
0.149 0.944 0.161 0.927 0.981 
0.179 0.935 0.148 0.943 0.997 
0.123 0.959 0.117 0.965 0.977 
0.125 0.961 0.115 0.978 1.000 
0.120 0.957 0.090 0.978 1.000 
0.111 0.965 0.116 0.960 0.984 
0.110 0.966 0.111 0.968 0.997 
0.098 0.970 0.082 0.978 1.000 
0.093 0.966 0.076 0.983 0.722 
0.090 0.971 0.092 0.978 0.990 
0.085 0.971 0.076 0.985 1.000 
0.093 0.965 0.079 0.978 0.981 
0.091 0.967 0.084 0.980 1.000 
0.078 0.978 0.094 0.978 1.000 
0.075 0.980 0.102 0.968 1.000 
0.078 0.977 0.084 0.973 1.000 
0.087 0.973 0.111 0.958 0.948 
0.071 0.978 0.081 0.983 0.890 
0.054 0.982 0.070 0.978 1.000 
0.071 0.974 0.072 0.983 0.977 
0.070 0.974 0.082 0.968 0.997 
0.063 0.979 0.086 0.978 1.000 
0.073 0.974 0.089 0.965 0.770 
0.068 0.980 0.078 0.985 1.000 
0.059 0.981 0.117 0.948 0.738 
0.063 0.979 0.079 0.990 1.000 
0.060 0.981 0.067 0.983 0.994 
0.075 0.976 0.083 0.975 1.000 
0.065 0.979 0.075 0.978 1.000 
0.072 0.973 0.071 0.975 1.000 
0.063 0.982 0.073 0.980 1.000 
0.063 0.982 0.070 0.983 1.000 
0.052 0.985 0.078 0.988 0.689 
0.065 0.980 0.065 0.980 1.000 
0.044 0.989 0.054 0.983 0.958 
0.046 0.983 0.067 0.980 1.000 
0.058 0.982 0.080 0.975 1.000 
0.055 0.983 0.063 0.978 1.000 
0.057 0.984 0.076 0.983 0.974 
0.054 0.983 0.072 0.983 1.000 
0.046 0.986 0.057 0.990 0.861 
0.050 0.986 0.106 0.963 0.990 
0.048 0.986 0.095 0.960 0.984 
0.043 0.986 0.063 0.980 1.000 
0.044 0.988 0.082 0.973 1.000 
0.048 0.983 0.078 0.980 0.974 
0.035 0.990 0.056 0.985 1.000 
0.048 0.983 0.075 0.978 1.000 
0.052 0.986 0.062 0.983 1.000 
0.044 0.988 0.082 0.973 0.984 
0.048 0.986 0.069 0.983 1.000 
0.044 0.989 0.064 0.980 1.000 
0.038 0.986 0.063 0.980 1.000 
0.046 0.985 0.059 0.985 0.997 
0.051 0.985 0.065 0.988 0.997 
0.052 0.988 0.068 0.983 0.495 
0.043 0.986 0.088 0.980 1.000 
0.033 0.989 0.074 0.983 0.955 
0.040 0.990 0.075 0.990 0.997 
0.042 0.990 0.072 0.985 1.000 
0.048 0.985 0.060 0.980 1.000 
0.041 0.989 0.085 0.968 1.000 
0.041 0.988 0.076 0.983 0.984 
0.044 0.986 0.067 0.988 0.997 
0.037 0.990 0.070 0.985 0.951 
0.038 0.986 0.080 0.985 1.000 
0.038 0.990 0.094 0.965 0.984 
0.036 0.990 0.100 0.985 1.000 
0.044 0.984 0.069 0.985 0.958 
0.044 0.988 0.065 0.983 1.000 
0.039 0.987 0.060 0.983 1.000 
0.036 0.990 0.056 0.990 0.955 
0.042 0.989 0.057 0.990 0.757 
0.036 0.988 0.063 0.983 0.922 
0.046 0.985 0.072 0.990 0.990 
0.038 0.990 0.052 0.993 0.958 
0.046 0.986 0.089 0.985 0.997 
0.033 0.990 0.084 0.988 0.984 
0.035 0.990 0.068 0.983 0.990 
0.036 0.989 0.063 0.983 0.994 
0.043 0.986 0.074 0.978 0.994 
0.026 0.991 0.086 0.980 1.000 
0.039 0.989 0.079 0.973 0.951 
0.031 0.989 0.058 0.985 0.994 
0.033 0.990 0.069 0.985 0.994 
0.033 0.989 0.064 0.983 1.000 
0.032 0.990 0.060 0.985 1.000 
0.037 0.992 0.078 0.988 1.000 
0.032 0.991 0.057 0.985 0.958 
0.048 0.984 0.070 0.985 1.000 
0.044 0.989 0.066 0.985 0.916 
0.027 0.992 0.067 0.990 0.958 
0.029 0.992 0.059 0.985 0.990 
0.030 0.992 0.054 0.985 0.990 
0.037 0.990 0.075 0.983 1.000 
0.048 0.985 0.061 0.985 0.984 
0.030 0.993 0.062 0.985 0.997 
0.033 0.990 0.052 0.988 0.981 
0.029 0.992 0.066 0.980 1.000 
0.031 0.991 0.074 0.990 0.880 
0.039 0.990 0.081 0.983 1.000 
0.032 0.988 0.064 0.990 0.994 
0.025 0.992 0.089 0.963 0.974 
0.026 0.991 0.074 0.990 0.977 
0.027 0.991 0.100 0.985 1.000 
0.031 0.992 0.061 0.985 1.000 
0.033 0.989 0.066 0.985 0.997 
0.023 0.992 0.091 0.983 1.000 
0.036 0.987 0.057 0.985 0.544 
0.031 0.990 0.061 0.983 0.994 
0.026 0.992 0.078 0.988 1.000 
0.034 0.991 0.063 0.980 1.000 
0.042 0.988 0.115 0.980 1.000 
0.026 0.993 0.058 0.985 0.997 
0.039 0.989 0.050 0.985 1.000 
0.033 0.991 0.061 0.978 1.000 
0.018 0.996 0.048 0.988 1.000 
0.037 0.988 0.059 0.983 0.971 
0.034 0.987 0.062 0.985 1.000 
0.034 0.991 0.071 0.985 1.000 
0.022 0.994 0.053 0.993 1.000 
0.040 0.990 0.048 0.990 0.997 
0.037 0.989 0.055 0.983 1.000 
0.032 0.990 0.079 0.980 1.000 
0.033 0.991 0.061 0.988 1.000 
0.029 0.991 0.064 0.985 0.858 
0.028 0.993 0.068 0.980 0.977 
0.023 0.991 0.065 0.983 1.000 
0.023 0.994 0.117 0.980 1.000 
0.033 0.989 0.086 0.983 1.000 
0.024 0.993 0.065 0.988 1.000 
0.036 0.990 0.087 0.978 1.000 
0.031 0.990 0.073 0.985 1.000 
0.022 0.993 0.070 0.985 1.000 
0.025 0.992 0.075 0.980 1.000 
0.027 0.993 0.064 0.983 1.000 
0.034 0.990 0.058 0.990 0.997 
0.032 0.990 0.061 0.985 1.000 
0.034 0.992 0.076 0.983 1.000 
0.028 0.992 0.060 0.985 1.000 
0.024 0.995 0.058 0.978 0.997 
0.032 0.991 0.063 0.978 1.000 
0.027 0.993 0.067 0.993 1.000 
0.020 0.994 0.059 0.993 0.997 
0.027 0.994 0.069 0.990 1.000 
0.026 0.993 0.075 0.988 1.000 
0.041 0.988 0.076 0.978 1.000 
0.033 0.991 0.068 0.988 1.000 
0.036 0.991 0.076 0.980 1.000 
0.037 0.992 0.063 0.988 1.000 
0.029 0.993 0.067 0.990 0.997 
0.033 0.990 0.061 0.988 1.000 
0.024 0.992 0.068 0.988 1.000 
0.031 0.992 0.064 0.985 0.994 
0.024 0.993 0.102 0.960 0.990 
0.028 0.991 0.114 0.990 0.994 
0.028 0.992 0.099 0.970 0.994 
0.027 0.992 0.093 0.980 0.997 
0.029 0.992 0.102 0.985 1.000 
0.026 0.991 0.079 0.983 1.000 
0.031 0.992 0.061 0.988 0.997 
0.030 0.991 0.078 0.973 0.990 
0.019 0.995 0.070 0.990 0.997 
0.026 0.992 0.064 0.990 0.997 
0.029 0.992 0.081 0.985 1.000 
0.040 0.989 0.051 0.988 1.000 
0.028 0.992 0.060 0.983 1.000 
0.026 0.991 0.081 0.985 1.000 
0.022 0.992 0.070 0.988 1.000 
0.023 0.995 0.077 0.983 0.997 
0.020 0.994 0.114 0.980 1.000 
0.040 0.989 0.080 0.985 0.977 
0.024 0.993 0.069 0.985 1.000 
0.034 0.993 0.080 0.978 0.981 
0.017 0.993 0.097 0.963 0.994 
0.018 0.994 0.065 0.988 0.945 
0.035 0.990 0.079 0.973 0.994 
0.029 0.990 0.138 0.970 1.000 
0.023 0.994 0.068 0.985 0.997 
0.024 0.994 0.110 0.983 0.997 
0.023 0.992 0.057 0.990 0.896 
0.023 0.991 0.063 0.993 0.964 
0.025 0.992 0.066 0.985 1.000 
0.029 0.994 0.072 0.980 0.994 
0.028 0.993 0.075 0.990 0.968 
0.024 0.992 0.068 0.985 0.981 
0.019 0.995 0.071 0.990 0.987 
0.020 0.991 0.062 0.990 0.994 
0.023 0.995 0.055 0.988 1.000 
0.024 0.992 0.312 0.900 1.000 
0.052 0.990 0.057 0.988 0.948 
0.021 0.995 0.066 0.983 1.000 
0.030 0.993 0.064 0.988 0.997 
0.028 0.992 0.078 0.983 0.984 
0.021 0.994 0.073 0.983 1.000 
0.022 0.995 0.079 0.985 1.000 
0.022 0.993 0.061 0.988 0.932 
0.024 0.994 0.064 0.990 1.000 
0.023 0.993 0.057 0.993 1.000 
0.019 0.994 0.056 0.985 0.981 
0.019 0.993 0.061 0.985 0.987 
0.031 0.992 0.069 0.985 1.000 
0.024 0.992 0.063 0.985 0.994 
0.020 0.995 0.062 0.985 0.984 
0.023 0.993 0.055 0.988 0.997 
0.023 0.993 0.059 0.988 1.000 
0.020 0.995 0.060 0.988 0.945 
0.025 0.992 0.057 0.993 1.000 
0.025 0.993 0.056 0.993 0.994 
0.018 0.994 0.058 0.988 0.990 
0.025 0.993 0.062 0.985 1.000 
0.032 0.993 0.069 0.988 1.000 
0.030 0.994 0.107 0.978 1.000 
0.033 0.993 0.071 0.988 1.000 
0.021 0.994 0.072 0.988 1.000 
0.024 0.992 0.067 0.988 1.000 
0.027 0.991 0.076 0.990 1.000 
0.027 0.992 0.061 0.990 0.887 
0.019 0.995 0.062 0.988 1.000 
0.032 0.991 0.061 0.988 1.000 
0.016 0.993 0.071 0.985 0.994 
0.021 0.994 0.081 0.985 1.000 
0.029 0.991 0.079 0.985 1.000 
0.029 0.992 0.075 0.985 0.997 
0.020 0.994 0.148 0.975 0.990 
0.030 0.990 0.085 0.985 1.000 
0.030 0.991 0.081 0.983 0.997 
0.026 0.995 0.076 0.985 1.000 
0.025 0.993 0.066 0.988 1.000 
0.024 0.993 0.092 0.985 1.000 
0.022 0.992 0.073 0.985 1.000 
0.026 0.992 0.070 0.983 1.000 
0.020 0.995 0.056 0.985 1.000 
0.028 0.992 0.060 0.983 1.000 
0.021 0.994 0.076 0.983 0.990 
0.025 0.992 0.051 0.988 0.981 
0.029 0.991 0.085 0.980 1.000 
0.030 0.992 0.056 0.983 0.997 
0.021 0.994 0.059 0.985 0.990 
0.023 0.993 0.050 0.985 0.929 
0.020 0.995 0.111 0.978 0.997 
0.034 0.990 0.073 0.985 0.994 
0.018 0.996 0.076 0.983 0.994 
0.021 0.993 0.119 0.983 1.000 
0.018 0.992 0.084 0.985 0.683 
0.028 0.993 0.066 0.985 0.997 
0.016 0.994 0.103 0.983 1.000 
0.041 0.992 0.091 0.985 1.000 
0.030 0.990 0.067 0.988 1.000 
0.028 0.992 0.078 0.980 0.984 
0.018 0.995 0.065 0.985 1.000 
0.025 0.994 0.055 0.988 1.000 
0.021 0.995 0.104 0.985 1.000 
0.015 0.996 0.073 0.988 1.000 
0.013 0.996 0.066 0.985 0.994 
0.018 0.995 0.061 0.993 0.984 
0.022 0.991 0.076 0.983 1.000 
0.025 0.991 0.053 0.988 0.987 
0.020 0.994 0.075 0.988 1.000 
0.025 0.994 0.096 0.983 0.997 
0.028 0.992 0.101 0.985 0.994 
0.055 0.989 0.084 0.983 0.997 
0.035 0.988 0.098 0.990 1.000 
0.019 0.995 0.087 0.985 0.799 
0.021 0.994 0.073 0.988 0.871 
0.015 0.994 0.082 0.985 0.990 
0.020 0.994 0.067 0.988 0.790 
0.014 0.997 0.115 0.985 1.000 
0.021 0.992 0.087 0.983 1.000 
0.027 0.991 0.075 0.983 0.958 
0.023 0.993 0.069 0.983 0.223 
0.026 0.990 0.081 0.990 1.000 
0.023 0.994 0.078 0.988 0.997 
0.015 0.997 0.070 0.990 0.997 
0.026 0.992 0.084 0.980 0.955 
0.019 0.996 0.097 0.990 1.000 
0.021 0.995 0.085 0.985 1.000 
0.025 0.996 0.103 0.985 1.000 
0.024 0.992 0.074 0.985 0.997 
0.025 0.993 0.087 0.988 0.981 
0.014 0.995 0.112 0.985 0.922 
0.034 0.990 0.055 0.988 1.000 
0.018 0.995 0.064 0.983 1.000 
0.023 0.991 0.070 0.983 0.997 
0.016 0.994 0.088 0.983 1.000 
0.031 0.992 0.062 0.988 1.000 
0.029 0.990 0.084 0.985 1.000 
0.019 0.995 0.085 0.988 1.000 
0.025 0.994 0.064 0.985 1.000 
0.018 0.993 0.080 0.985 1.000 
0.017 0.996 0.065 0.990 1.000 
0.018 0.994 0.117 0.985 1.000 
0.022 0.993 0.193 0.980 1.000 
0.023 0.993 0.078 0.985 1.000 
0.018 0.995 0.079 0.985 0.984 
0.025 0.994 0.091 0.983 1.000 
0.024 0.994 0.093 0.983 1.000 
0.015 0.995 0.101 0.983 1.000 
0.030 0.992 0.066 0.988 0.997 
0.019 0.994 0.074 0.985 1.000 
0.019 0.996 0.053 0.985 1.000 
0.026 0.991 0.066 0.993 1.000 
0.016 0.996 0.060 0.990 0.997 
0.025 0.991 0.064 0.990 1.000 
0.014 0.996 0.089 0.985 0.990 
0.020 0.992 0.061 0.985 1.000 
0.023 0.993 0.062 0.988 0.987 
0.021 0.993 0.063 0.988 1.000 
0.015 0.996 0.102 0.958 0.997 
0.019 0.993 0.061 0.985 0.939 
0.018 0.993 0.098 0.978 0.990 
0.016 0.996 0.060 0.988 1.000 
0.021 0.993 0.085 0.985 1.000 
0.029 0.993 0.084 0.988 1.000 
0.033 0.993 0.082 0.985 1.000 
0.018 0.995 0.083 0.988 1.000 
0.012 0.997 0.130 0.983 1.000 
0.021 0.992 0.077 0.985 0.997 
0.031 0.993 0.076 0.990 0.573 
0.022 0.996 0.062 0.985 1.000 
0.024 0.992 0.056 0.988 0.997 
0.026 0.991 0.062 0.988 1.000 
0.022 0.995 0.070 0.988 1.000 
0.020 0.993 0.072 0.988 1.000 
0.020 0.996 0.059 0.990 1.000 
0.021 0.994 0.123 0.990 1.000 
0.035 0.993 0.097 0.973 0.997 
0.017 0.996 0.072 0.993 1.000 
0.022 0.994 0.068 0.985 0.942 
0.020 0.997 0.077 0.990 0.848 
0.030 0.992 0.064 0.988 0.990 
0.019 0.993 0.069 0.975 0.977 
0.020 0.993 0.058 0.988 0.816 
0.024 0.992 0.068 0.985 1.000 
0.016 0.996 0.098 0.988 0.997 
0.019 0.997 0.044 0.990 0.375 
0.021 0.994 0.050 0.988 0.951 
0.023 0.994 0.085 0.988 1.000 
0.019 0.993 0.066 0.988 0.893 
0.022 0.992 0.081 0.988 0.997 
0.019 0.993 0.079 0.980 0.997 
0.031 0.991 0.060 0.988 1.000 
0.017 0.994 0.056 0.988 0.961 
0.030 0.990 0.055 0.985 1.000 
0.019 0.995 0.088 0.983 1.000 
0.021 0.994 0.093 0.970 1.000 
0.015 0.995 0.054 0.988 1.000 
0.028 0.993 0.079 0.973 0.990 
0.014 0.994 0.074 0.985 1.000 
0.020 0.993 0.064 0.985 1.000 
0.020 0.995 0.055 0.990 1.000 
0.028 0.991 0.059 0.983 1.000 
0.018 0.995 0.066 0.985 1.000 
0.017 0.996 0.055 0.988 1.000 
0.020 0.994 0.063 0.985 0.997 
0.013 0.996 0.062 0.988 1.000 
0.012 0.996 0.068 0.990 1.000 
0.035 0.992 0.076 0.988 1.000 
0.024 0.993 0.070 0.983 0.997 
0.022 0.994 0.065 0.985 1.000 
0.019 0.993 0.059 0.988 0.997 
0.014 0.994 0.075 0.985 1.000 
0.035 0.993 0.065 0.983 1.000 
0.023 0.997 0.102 0.988 1.000 
0.022 0.995 0.130 0.983 1.000 
0.014 0.996 0.124 0.985 1.000 
0.031 0.994 0.118 0.990 0.997 
0.016 0.995 0.072 0.985 0.987 
0.019 0.994 0.111 0.985 0.997 
0.024 0.995 0.070 0.990 0.997 
0.019 0.995 0.064 0.983 1.000 
0.010 0.997 0.062 0.985 1.000 
0.018 0.997 0.054 0.990 1.000 
0.023 0.994 0.058 0.990 0.877 
0.018 0.995 0.046 0.985 1.000 
0.014 0.994 0.048 0.988 0.994 
0.019 0.995 0.049 0.988 0.990 
0.023 0.992 0.070 0.983 0.990 
0.024 0.996 0.050 0.988 0.693 
0.021 0.996 0.059 0.985 1.000 
0.022 0.992 0.053 0.985 0.909 
0.022 0.993 0.062 0.983 0.997 
0.016 0.994 0.056 0.985 0.997 
0.014 0.996 0.067 0.990 1.000 
0.027 0.992 0.090 0.993 0.997 
0.027 0.995 0.082 0.993 1.000 
0.022 0.995 0.080 0.990 0.990 
0.028 0.992 0.104 0.990 0.997 
0.016 0.996 0.114 0.990 0.994 
0.024 0.993 0.098 0.983 0.994 
0.027 0.995 0.108 0.985 0.994 
0.018 0.994 0.094 0.988 0.981 
0.014 0.995 0.125 0.985 0.997 
0.024 0.995 0.085 0.983 1.000 
0.011 0.997 0.123 0.988 1.000 
0.019 0.993 0.083 0.985 1.000 
0.032 0.992 0.078 0.985 1.000 
0.022 0.993 0.089 0.985 1.000 
0.027 0.994 0.080 0.988 1.000 
0.026 0.994 0.086 0.985 0.997 
0.020 0.993 0.082 0.983 0.994 
0.016 0.997 0.079 0.985 0.997 
0.026 0.992 0.094 0.990 1.000 
0.015 0.995 0.098 0.990 0.997 
0.015 0.994 0.107 0.988 1.000 
0.013 0.996 0.101 0.985 1.000 
0.015 0.995 0.102 0.993 1.000 
0.024 0.993 0.090 0.975 1.000 
0.024 0.995 0.091 0.985 1.000 
0.016 0.996 0.129 0.985 1.000 
0.028 0.994 0.117 0.980 1.000 
0.029 0.993 0.092 0.980 0.997 
0.011 0.997 0.110 0.983 1.000 
0.026 0.992 0.116 0.985 1.000 
0.020 0.994 0.088 0.983 0.997 
0.019 0.996 0.097 0.988 1.000 
0.024 0.993 0.076 0.985 1.000 
0.019 0.995 0.080 0.988 1.000 
0.022 0.993 0.065 0.985 1.000 
0.017 0.993 0.065 0.988 1.000 
0.022 0.993 0.096 0.985 1.000 
0.022 0.993 0.092 0.985 1.000 
0.018 0.993 0.086 0.983 1.000 
0.011 0.996 0.157 0.985 1.000 
0.016 0.994 0.078 0.985 0.990 
0.026 0.994 0.100 0.985 1.000 
0.028 0.992 0.072 0.985 0.997 
0.011 0.996 0.087 0.985 1.000 
0.031 0.994 0.082 0.985 1.000 
0.011 0.995 0.077 0.985 0.997 
0.018 0.995 0.066 0.988 1.000 
0.020 0.993 0.060 0.988 1.000 
0.016 0.995 0.103 0.990 0.867 
0.023 0.993 0.095 0.985 0.994 
0.013 0.997 0.249 0.985 0.424 
0.019 0.996 0.121 0.985 0.990 
0.022 0.995 0.109 0.983 1.000 
0.022 0.994 0.074 0.985 1.000 
0.012 0.996 0.118 0.988 0.945 
0.022 0.994 0.083 0.985 1.000 
0.021 0.995 0.095 0.970 1.000 
0.013 0.996 0.088 0.988 1.000 
0.028 0.994 0.085 0.985 1.000 
0.020 0.994 0.061 0.985 0.997 
0.024 0.991 0.091 0.985 1.000 
0.016 0.996 0.064 0.988 1.000 
0.016 0.995 0.117 0.985 1.000 
0.025 0.994 0.071 0.985 1.000 
0.018 0.995 0.090 0.988 1.000 
0.015 0.998 0.103 0.973 0.997 
0.031 0.993 0.079 0.978 0.994 
0.020 0.995 0.074 0.988 1.000 
0.020 0.995 0.067 0.988 0.994 
0.019 0.994 0.085 0.978 1.000 
0.016 0.996 0.074 0.988 0.997 
0.012 0.995 0.070 0.988 1.000 
0.020 0.995 0.065 0.990 0.990 
0.022 0.992 0.080 0.990 1.000 
0.017 0.996 0.091 0.988 1.000 
0.020 0.994 0.095 0.985 1.000 
0.018 0.996 0.089 0.985 1.000 
0.022 0.994 0.099 0.988 1.000 
0.014 0.996 0.098 0.990 0.997 
0.022 0.993 0.108 0.983 1.000 
0.015 0.994 0.100 0.988 1.000 
0.030 0.989 0.107 0.978 1.000 
0.017 0.994 0.108 0.985 1.000 
0.023 0.994 0.091 0.983 1.000 
0.017 0.994 0.105 0.983 1.000 
0.018 0.994 0.074 0.988 1.000 
0.010 0.995 0.088 0.988 1.000 
0.017 0.996 0.175 0.985 1.000 
0.028 0.995 0.075 0.993 1.000 
0.013 0.996 0.134 0.985 1.000 
0.018 0.994 0.115 0.980 1.000 
0.016 0.994 0.142 0.985 1.000 
0.016 0.995 0.120 0.985 1.000 
0.020 0.992 0.097 0.990 1.000 
0.008 0.996 0.140 0.985 0.990 
0.020 0.993 0.126 0.990 1.000 
0.023 0.994 0.170 0.983 1.000 
0.016 0.997 0.103 0.988 1.000 
0.019 0.994 0.116 0.985 1.000 
0.033 0.990 0.084 0.988 1.000 
0.019 0.995 0.115 0.988 0.994 
0.024 0.992 0.079 0.993 1.000 
0.017 0.995 0.091 0.990 1.000 
0.009 0.997 0.125 0.985 0.994 
0.017 0.995 0.183 0.983 1.000 
0.017 0.993 0.112 0.988 1.000 
0.011 0.996 0.127 0.985 1.000 
0.039 0.996 0.073 0.988 0.997 
0.016 0.995 0.068 0.988 0.997 
0.028 0.991 0.095 0.988 1.000 
0.011 0.997 0.097 0.985 1.000 
0.016 0.997 0.072 0.993 1.000 
0.015 0.995 0.109 0.970 1.000 
0.010 0.996 0.075 0.988 1.000 
0.009 0.996 0.185 0.980 1.000 
0.019 0.996 0.058 0.995 1.000 
0.021 0.996 0.063 0.993 1.000 
0.026 0.993 0.152 0.968 1.000 
0.023 0.995 0.119 0.985 1.000 
0.012 0.996 0.099 0.988 1.000 
0.021 0.995 0.051 0.988 0.997 
0.018 0.995 0.064 0.990 1.000 
0.018 0.996 0.060 0.990 0.945 
0.024 0.994 0.067 0.990 0.968 
0.015 0.995 0.100 0.968 0.997 
0.014 0.996 0.119 0.985 1.000 
0.021 0.995 0.083 0.988 0.994 
0.021 0.993 0.077 0.990 1.000 
0.028 0.995 0.066 0.985 1.000 
0.022 0.993 0.069 0.985 1.000 
0.013 0.996 0.080 0.985 1.000 
0.012 0.996 0.075 0.988 1.000 
0.020 0.994 0.056 0.993 0.845 
0.013 0.997 0.069 0.988 1.000 
0.017 0.994 0.076 0.990 1.000 
0.013 0.995 0.069 0.985 1.000 
0.012 0.996 0.073 0.988 1.000 
0.017 0.995 0.077 0.988 1.000 
0.010 0.995 0.106 0.980 1.000 
0.019 0.994 0.070 0.990 0.990 
0.011 0.995 0.088 0.988 0.997 
0.018 0.996 0.075 0.985 0.994 
0.016 0.995 0.091 0.985 0.994 
0.020 0.995 0.077 0.988 0.997 
0.026 0.993 0.068 0.983 0.997 
0.014 0.997 0.076 0.985 1.000 
0.017 0.995 0.062 0.990 0.997 
0.016 0.993 0.084 0.980 1.000 
0.014 0.997 0.073 0.985 0.984 
0.015 0.993 0.083 0.985 1.000 
0.012 0.997 0.100 0.985 1.000 
0.030 0.995 0.109 0.963 1.000 
0.017 0.995 0.071 0.988 1.000 
0.013 0.995 0.109 0.985 1.000 
0.025 0.993 0.069 0.988 1.000 
0.010 0.997 0.087 0.985 1.000 
0.015 0.996 0.090 0.985 1.000 
0.028 0.994 0.174 0.983 1.000 
0.017 0.994 0.120 0.985 1.000 
0.032 0.996 0.184 0.985 0.987 
0.009 0.995 0.119 0.985 1.000 
0.011 0.996 0.144 0.988 0.994 
0.024 0.994 0.097 0.988 1.000 
0.011 0.995 0.116 0.990 1.000 
0.039 0.992 0.070 0.990 1.000 
0.025 0.995 0.058 0.980 0.994 
0.014 0.993 0.055 0.990 1.000 
0.018 0.993 0.113 0.968 1.000 
0.015 0.995 0.091 0.980 1.000 
0.024 0.992 0.096 0.978 1.000 
0.017 0.994 0.087 0.988 1.000 
0.021 0.994 0.080 0.983 0.990 
0.020 0.994 0.080 0.985 1.000 
0.012 0.996 0.086 0.983 1.000 
0.017 0.993 0.099 0.983 1.000 
0.023 0.993 0.144 0.990 1.000 
0.017 0.993 0.113 0.980 1.000 
0.015 0.996 0.111 0.985 1.000 
0.016 0.996 0.100 0.988 0.896 
0.015 0.996 0.075 0.990 0.977 
0.016 0.994 0.093 0.980 1.000 
0.021 0.994 0.124 0.985 1.000 
0.018 0.997 0.092 0.985 1.000 
0.019 0.995 0.117 0.988 1.000 
0.011 0.997 0.120 0.988 1.000 
0.012 0.996 0.128 0.985 0.994 
0.045 0.993 0.119 0.983 1.000 
0.019 0.994 0.090 0.985 1.000 
0.009 0.997 0.110 0.983 1.000 
0.017 0.995 0.151 0.983 1.000 
0.011 0.996 0.123 0.985 1.000 
0.019 0.994 0.081 0.983 1.000 
0.009 0.996 0.139 0.990 1.000 
0.017 0.996 0.082 0.985 1.000 
0.022 0.994 0.097 0.990 1.000 
0.013 0.996 0.098 0.968 0.997 
0.018 0.996 0.075 0.975 0.997 
0.020 0.994 0.081 0.985 1.000 
0.009 0.996 0.054 0.993 1.000 
0.023 0.993 0.064 0.985 0.994 
0.013 0.995 0.070 0.985 1.000 
0.015 0.995 0.070 0.985 1.000 
0.018 0.995 0.072 0.985 1.000 
0.021 0.995 0.096 0.985 1.000 
0.022 0.994 0.089 0.985 1.000 
0.017 0.996 0.087 0.985 1.000 
0.014 0.996 0.086 0.988 1.000 
0.015 0.996 0.088 0.975 1.000 
0.031 0.992 0.114 0.985 1.000 
0.016 0.994 0.098 0.985 1.000 
0.014 0.996 0.090 0.985 1.000 
0.009 0.997 0.101 0.985 1.000 
0.014 0.996 0.074 0.988 1.000 
0.028 0.992 0.116 0.990 1.000 
0.017 0.994 0.097 0.985 0.994 
0.013 0.998 0.107 0.988 1.000 
0.007 0.998 0.155 0.983 1.000 
0.017 0.994 0.128 0.985 1.000 
0.015 0.994 0.099 0.985 1.000 
0.016 0.997 0.090 0.980 1.000 
0.013 0.997 0.239 0.985 1.000 
0.013 0.994 0.263 0.983 1.000 
0.016 0.995 0.115 0.985 1.000 
0.015 0.996 0.129 0.983 1.000 
0.015 0.996 0.109 0.985 1.000 
0.012 0.996 0.131 0.985 1.000 
0.017 0.996 0.099 0.988 1.000 
0.029 0.995 0.062 0.990 1.000 
0.025 0.996 0.097 0.985 1.000 
0.016 0.995 0.098 0.988 1.000 
0.014 0.995 0.090 0.980 1.000 
0.017 0.995 0.101 0.978 1.000 
0.022 0.991 0.112 0.978 1.000 
0.018 0.994 0.095 0.978 0.663 
0.015 0.996 0.166 0.985 1.000 
0.013 0.996 0.134 0.985 1.000 
0.014 0.996 0.097 0.988 1.000 
0.020 0.996 0.078 0.985 1.000 
0.035 0.994 0.095 0.985 1.000 
0.009 0.997 0.138 0.985 1.000 
0.020 0.995 0.128 0.983 1.000 
0.020 0.993 0.218 0.983 1.000 
0.015 0.997 0.102 0.985 0.997 
0.014 0.996 0.117 0.975 0.997 
0.033 0.994 0.138 0.960 0.896 
0.015 0.994 0.093 0.988 1.000 
0.016 0.993 0.088 0.985 1.000 
0.018 0.996 0.086 0.988 1.000 
0.019 0.994 0.064 0.988 1.000 
0.013 0.997 0.078 0.985 1.000 
0.014 0.996 0.081 0.980 1.000 
0.007 0.997 0.094 0.988 1.000 
0.021 0.994 0.076 0.988 1.000 
0.014 0.995 0.078 0.985 0.990 
0.020 0.994 0.073 0.988 1.000 
0.008 0.997 0.089 0.988 1.000 
0.015 0.995 0.106 0.988 1.000 
0.008 0.996 0.147 0.988 1.000 
0.034 0.993 0.068 0.985 1.000 
0.022 0.993 0.058 0.985 1.000 
0.018 0.996 0.049 0.988 0.971 
0.015 0.998 0.108 0.985 1.000 
0.018 0.993 0.126 0.983 1.000 
0.010 0.996 0.104 0.988 1.000 
0.011 0.996 0.091 0.985 1.000 
0.011 0.997 0.103 0.988 1.000 
0.019 0.995 0.068 0.985 1.000 
0.023 0.994 0.061 0.988 1.000 
0.020 0.996 0.070 0.988 1.000 
0.010 0.996 0.067 0.988 1.000 
0.011 0.995 0.088 0.990 1.000 
0.006 0.998 0.098 0.988 1.000 
0.021 0.997 0.093 0.985 1.000 
0.013 0.995 0.241 0.985 1.000 
0.034 0.993 0.159 0.985 1.000 
0.036 0.993 0.074 0.983 1.000 
0.011 0.996 0.075 0.988 1.000 
0.015 0.993 0.076 0.990 1.000 
0.016 0.995 0.064 0.990 1.000 
0.015 0.996 0.094 0.985 1.000 
0.025 0.994 0.097 0.988 1.000 
0.022 0.994 0.066 0.985 1.000 
0.012 0.996 0.067 0.985 1.000 
0.021 0.995 0.058 0.988 1.000 
0.016 0.997 0.067 0.983 1.000 
0.016 0.994 0.078 0.988 1.000 
0.011 0.997 0.066 0.988 1.000 
0.015 0.997 0.088 0.988 1.000 
0.013 0.996 0.058 0.990 0.994 
0.009 0.998 0.094 0.988 1.000 
0.010 0.996 0.079 0.988 1.000 
0.027 0.996 0.101 0.983 1.000 
0.026 0.994 0.069 0.990 1.000 
0.016 0.995 0.121 0.988 1.000 
0.017 0.994 0.093 0.988 1.000 
0.012 0.996 0.108 0.988 1.000 
0.016 0.994 0.105 0.988 1.000 
0.012 0.997 0.132 0.993 1.000 
0.007 0.998 0.158 0.988 0.990 
0.055 0.993 0.095 0.988 1.000 
0.006 0.998 0.097 0.990 1.000 
0.015 0.994 0.092 0.988 1.000 
0.019 0.995 0.155 0.960 0.922 
0.018 0.996 0.114 0.988 1.000 
0.013 0.996 0.094 0.990 1.000 
0.010 0.997 0.107 0.993 1.000 
0.012 0.995 0.107 0.990 1.000 
0.022 0.995 0.099 0.988 1.000 
0.012 0.996 0.099 0.985 1.000 
0.013 0.995 0.119 0.990 1.000 
0.017 0.996 0.101 0.985 1.000 
0.017 0.995 0.098 0.988 1.000 
0.015 0.996 0.089 0.988 1.000 
0.016 0.995 0.132 0.990 0.922 
0.020 0.993 0.095 0.990 1.000 
0.015 0.995 0.078 0.990 1.000 
0.016 0.996 0.067 0.990 1.000 
0.011 0.996 0.080 0.988 1.000 
0.005 0.997 0.093 0.985 1.000 
0.020 0.996 0.060 0.988 1.000 
0.017 0.994 0.086 0.985 1.000 
0.013 0.996 0.079 0.990 1.000 
0.013 0.995 0.117 0.985 1.000 
0.019 0.994 0.095 0.988 1.000 
0.017 0.995 0.092 0.988 1.000 
0.037 0.993 0.057 0.988 1.000 
0.014 0.995 0.077 0.988 1.000 
0.016 0.996 0.058 0.988 1.000 
0.017 0.996 0.077 0.988 1.000 
0.036 0.992 0.095 0.988 1.000 
0.022 0.995 0.073 0.988 1.000 
0.007 0.998 0.093 0.985 1.000 
0.019 0.995 0.091 0.985 1.000 
0.010 0.996 0.087 0.990 1.000 
0.011 0.997 0.084 0.990 1.000 
0.016 0.995 0.069 0.993 1.000 
0.016 0.993 0.092 0.990 1.000 
0.011 0.997 0.102 0.988 1.000 
0.018 0.993 0.079 0.990 1.000 
0.006 0.998 0.092 0.988 0.997 
0.015 0.995 0.088 0.990 1.000 
0.008 0.998 0.074 0.990 0.997 
0.012 0.996 0.117 0.988 0.984 
0.035 0.994 0.058 0.990 1.000 
0.020 0.995 0.056 0.990 1.000 
0.016 0.996 0.062 0.988 1.000 
0.020 0.996 0.049 0.988 1.000 
0.013 0.995 0.061 0.988 1.000 
0.020 0.994 0.059 0.993 1.000 
0.019 0.994 0.051 0.990 1.000 
0.018 0.996 0.063 0.988 1.000 
0.028 0.993 0.056 0.990 1.000 
0.013 0.997 0.095 0.985 1.000 
0.015 0.995 0.060 0.988 1.000 
0.023 0.993 0.056 0.990 0.994 
0.009 0.997 0.060 0.988 1.000 
0.022 0.994 0.053 0.993 1.000 
0.010 0.996 0.059 0.988 1.000 
0.010 0.996 0.073 0.988 1.000 
0.017 0.995 0.077 0.988 1.000 
0.023 0.995 0.061 0.983 0.981 
0.012 0.997 0.077 0.990 1.000 
0.016 0.995 0.067 0.990 0.994 
0.017 0.994 0.086 0.990 1.000 
0.014 0.996 0.067 0.990 1.000 
0.016 0.996 0.052 0.988 1.000 
0.015 0.994 0.047 0.993 1.000 
0.015 0.996 0.051 0.993 0.990 
0.017 0.995 0.075 0.980 1.000 
0.016 0.995 0.074 0.990 1.000 
0.009 0.997 0.080 0.988 1.000 
0.009 0.997 0.081 0.990 0.958 
0.038 0.995 0.055 0.988 1.000 
0.015 0.994 0.070 0.988 1.000 
0.012 0.997 0.066 0.990 1.000 
0.018 0.994 0.081 0.990 0.984 
0.018 0.993 0.078 0.988 0.994 
0.019 0.997 0.048 0.990 1.000 
0.012 0.997 0.050 0.993 0.997 
0.004 0.999 0.095 0.988 1.000 
0.015 0.995 0.061 0.990 1.000 
0.021 0.995 0.055 0.985 1.000 
0.012 0.996 0.120 0.988 0.994 
0.016 0.995 0.297 0.958 0.971 
0.019 0.994 0.061 0.990 1.000 
0.019 0.994 0.065 0.990 0.990 
0.016 0.996 0.335 0.978 0.994 
0.022 0.995 0.050 0.988 1.000 
0.011 0.995 0.060 0.990 1.000 
0.016 0.995 0.059 0.993 0.984 
0.015 0.997 0.055 0.990 0.997 
0.021 0.994 0.081 0.988 1.000 
0.014 0.997 0.074 0.985 1.000 
0.028 0.993 0.058 0.990 1.000 
0.017 0.995 0.096 0.985 1.000 
0.021 0.995 0.073 0.990 1.000 
0.005 0.998 0.114 0.988 1.000 
0.020 0.994 0.085 0.985 1.000 
0.020 0.995 0.063 0.995 0.964 
0.019 0.998 0.095 0.990 1.000 
0.020 0.994 0.045 0.990 1.000 
0.030 0.994 0.042 0.995 0.997 
0.010 0.997 0.059 0.990 1.000 
0.014 0.996 0.062 0.990 1.000 
0.016 0.995 0.081 0.985 1.000 
0.020 0.995 0.085 0.988 1.000 
0.021 0.996 0.052 0.990 1.000 
0.017 0.996 0.054 0.988 0.997 
0.019 0.995 0.055 0.993 0.990 
0.011 0.996 0.074 0.988 1.000 
0.016 0.996 0.122 0.983 1.000 
0.020 0.995 0.060 0.985 1.000 
0.011 0.997 0.128 0.988 1.000 
0.007 0.996 0.098 0.988 1.000 
0.024 0.995 0.112 0.988 1.000 
0.015 0.996 0.067 0.985 1.000 
0.011 0.995 0.095 0.985 1.000 
0.009 0.998 0.083 0.990 0.997 
0.019 0.995 0.073 0.988 1.000 
0.012 0.996 0.132 0.983 1.000 
0.009 0.996 0.076 0.990 1.000 
0.017 0.994 0.094 0.983 1.000 
0.021 0.995 0.082 0.985 1.000 
0.017 0.996 0.099 0.988 1.000 
0.035 0.993 0.078 0.988 1.000 
0.012 0.996 0.119 0.985 1.000 
0.015 0.995 0.074 0.985 1.000 
0.015 0.997 0.049 0.988 1.000 
0.021 0.994 0.080 0.985 1.000 
0.008 0.997 0.105 0.988 1.000 
0.009 0.997 0.097 0.988 1.000 
0.018 0.993 0.084 0.995 0.990 
0.014 0.996 0.077 0.988 1.000 
0.038 0.992 0.131 0.960 0.997 
0.023 0.993 0.071 0.990 1.000 
0.016 0.995 0.069 0.990 0.997 
0.016 0.996 0.058 0.988 1.000 
0.011 0.997 0.050 0.988 1.000 
0.028 0.993 0.097 0.983 1.000 
0.015 0.995 0.078 0.985 1.000 
0.017 0.997 0.111 0.985 0.994 
0.011 0.996 0.096 0.985 1.000 
0.016 0.996 0.109 0.985 1.000 
0.025 0.994 0.098 0.975 1.000 
0.012 0.996 0.104 0.985 1.000 
0.018 0.996 0.154 0.985 1.000 
0.015 0.995 0.091 0.985 1.000 
0.014 0.995 0.114 0.985 1.000 
0.017 0.995 0.099 0.985 1.000 
0.016 0.994 0.068 0.988 1.000 
0.023 0.995 0.062 0.988 1.000 
0.013 0.997 0.073 0.985 1.000 
0.012 0.994 0.085 0.985 1.000 
0.013 0.995 0.083 0.983 1.000 
0.008 0.997 0.075 0.993 1.000 
0.031 0.994 0.049 0.990 1.000 
0.015 0.996 0.069 0.988 1.000 
0.010 0.997 0.083 0.965 0.997 
0.023 0.994 0.051 0.993 1.000 
0.009 0.997 0.068 0.990 1.000 
0.023 0.994 0.086 0.980 1.000 
0.010 0.997 0.065 0.988 1.000 
0.014 0.996 0.132 0.993 1.000 
0.016 0.996 0.057 0.993 1.000 
0.009 0.996 0.075 0.988 1.000 
0.016 0.994 0.075 0.988 1.000 
0.016 0.995 0.063 0.990 1.000 
0.016 0.996 0.090 0.985 1.000 
0.016 0.995 0.088 0.988 1.000 
0.012 0.996 0.103 0.985 0.997 
0.017 0.995 0.186 0.978 0.997 
0.031 0.993 0.093 0.983 0.997 
0.012 0.995 0.093 0.988 0.994 
0.014 0.998 0.070 0.975 1.000 
0.014 0.995 0.077 0.985 1.000 
0.014 0.996 0.076 0.983 0.987 
0.014 0.994 0.074 0.983 1.000 
0.006 0.997 0.114 0.980 1.000 
0.013 0.995 0.088 0.988 1.000 
0.012 0.996 0.089 0.988 1.000 
0.011 0.997 0.132 0.948 0.997 
0.021 0.994 0.102 0.985 1.000 
0.012 0.996 0.127 0.988 1.000 
0.019 0.995 0.086 0.985 1.000 
0.014 0.995 0.183 0.988 1.000 
0.021 0.994 0.090 0.993 1.000 
0.012 0.996 0.063 0.988 1.000 
0.015 0.995 0.046 0.990 1.000 
0.024 0.996 0.087 0.988 1.000 
0.007 0.997 0.102 0.988 1.000 
0.018 0.995 0.089 0.988 1.000 
0.020 0.995 0.076 0.985 1.000 
0.005 0.998 0.074 0.995 1.000 
0.025 0.996 0.098 0.988 1.000 
0.012 0.994 0.102 0.988 1.000 
0.015 0.996 0.139 0.985 1.000 
0.031 0.993 0.074 0.988 1.000 
0.016 0.996 0.075 0.985 1.000 
0.008 0.997 0.073 0.990 1.000 
0.008 0.997 0.137 0.988 1.000 
0.017 0.996 0.072 0.990 1.000 
0.018 0.996 0.182 0.988 1.000 
0.036 0.993 0.112 0.983 1.000 
0.045 0.993 0.099 0.980 1.000 
0.016 0.997 0.067 0.985 1.000 
0.020 0.996 0.127 0.965 0.997 
0.021 0.993 0.093 0.973 1.000 
0.015 0.996 0.061 0.988 1.000 
0.012 0.996 0.054 0.993 1.000 
0.015 0.997 0.050 0.993 1.000 
0.017 0.997 0.079 0.985 1.000 
0.017 0.995 0.072 0.990 1.000 
0.013 0.996 0.076 0.990 1.000 
0.046 0.995 0.062 0.985 1.000 
0.014 0.995 0.054 0.988 1.000 
0.018 0.995 0.056 0.990 1.000 
0.020 0.994 0.082 0.980 1.000 
0.011 0.996 0.076 0.988 1.000 
0.014 0.997 0.059 0.988 1.000 
0.019 0.995 0.070 0.988 1.000 
0.015 0.996 0.083 0.990 1.000 
0.013 0.996 0.082 0.988 1.000 
0.010 0.996 0.130 0.988 1.000 
0.012 0.996 0.099 0.988 1.000 
0.015 0.995 0.099 0.988 0.997 
0.012 0.995 0.113 0.990 1.000 
0.019 0.995 0.072 0.988 1.000 
0.015 0.995 0.084 0.980 1.000 
0.014 0.997 0.075 0.988 1.000 
0.028 0.994 0.062 0.988 1.000 
0.013 0.996 0.070 0.990 1.000 
0.015 0.995 0.064 0.988 1.000 
0.017 0.996 0.089 0.985 1.000 
0.013 0.996 0.062 0.990 1.000 
0.014 0.997 0.076 0.990 1.000 
0.012 0.997 0.091 0.985 1.000 
0.006 0.999 0.072 0.990 1.000 
0.034 0.992 0.066 0.990 1.000 
0.015 0.994 0.097 0.985 1.000 
0.009 0.997 0.113 0.988 1.000 
0.011 0.996 0.068 0.988 0.997 
0.016 0.995 0.096 0.990 1.000 
0.010 0.996 0.071 0.988 1.000 
0.022 0.995 0.085 0.985 1.000 
0.017 0.995 0.056 0.993 1.000 
0.018 0.996 0.076 0.988 1.000 
0.016 0.995 0.072 0.985 1.000 
0.015 0.996 0.091 0.988 1.000 
0.024 0.994 0.063 0.990 1.000 
0.010 0.996 0.077 0.990 1.000 
0.012 0.996 0.084 0.990 1.000 
0.016 0.994 0.135 0.978 1.000 
0.012 0.997 0.083 0.990 1.000 
0.015 0.995 0.079 0.990 0.990 
0.013 0.996 0.076 0.993 1.000 
0.009 0.996 0.100 0.988 1.000 
0.024 0.993 0.064 0.985 1.000 
0.014 0.997 0.092 0.990 1.000 
0.015 0.994 0.095 0.985 1.000 
0.008 0.998 0.096 0.990 1.000 
0.016 0.994 0.108 0.993 1.000 
0.016 0.995 0.055 0.993 1.000 
0.016 0.995 0.106 0.988 1.000 
0.017 0.997 0.129 0.988 1.000 
0.019 0.992 0.092 0.985 1.000 
0.022 0.995 0.089 0.990 1.000 
0.015 0.996 0.075 0.988 1.000 
0.010 0.997 0.104 0.993 1.000 
0.016 0.996 0.108 0.983 1.000 
0.014 0.997 0.109 0.990 1.000 
0.007 0.997 0.143 0.985 1.000 
0.013 0.995 0.100 0.988 1.000 
0.014 0.996 0.076 0.988 1.000 
0.016 0.996 0.091 0.985 1.000 
0.012 0.996 0.095 0.985 1.000 
0.012 0.996 0.110 0.988 1.000 
0.013 0.996 0.126 0.988 1.000 
0.022 0.993 0.103 0.985 1.000 
0.014 0.995 0.141 0.983 1.000 
0.011 0.998 0.119 0.990 1.000 
0.015 0.993 0.098 0.995 1.000 
0.026 0.995 0.082 0.988 1.000 
0.020 0.995 0.087 0.988 1.000 
0.013 0.995 0.145 0.985 1.000 
0.010 0.997 0.084 0.990 1.000 
0.008 0.997 0.113 0.993 1.000 
0.019 0.996 0.075 0.990 1.000 
0.010 0.997 0.105 0.988 1.000 
0.017 0.995 0.076 0.988 0.997 
0.015 0.997 0.082 0.990 1.000 
0.022 0.995 0.080 0.988 1.000 
0.007 0.998 0.099 0.990 1.000 
0.020 0.995 0.099 0.988 1.000 
0.015 0.995 0.076 0.988 1.000 
0.014 0.996 0.062 0.988 1.000 
0.015 0.997 0.060 0.995 1.000 
0.024 0.992 0.049 0.995 1.000 
0.015 0.996 0.057 0.990 1.000 
0.017 0.996 0.065 0.988 1.000 
0.008 0.997 0.065 0.993 1.000 
0.007 0.999 0.110 0.990 1.000 
0.020 0.996 0.070 0.985 1.000 
0.015 0.996 0.105 0.990 1.000 
0.010 0.998 0.153 0.965 1.000 
0.014 0.995 0.085 0.990 1.000 
0.007 0.998 0.098 0.990 1.000 
0.017 0.995 0.184 0.985 1.000 
0.032 0.991 0.113 0.973 0.990 
0.018 0.994 0.090 0.985 1.000 
0.021 0.995 0.083 0.990 1.000 
0.015 0.993 0.106 0.980 0.997 
0.005 0.998 0.101 0.988 1.000 
0.015 0.996 0.081 0.995 1.000 
