0.317 0.871 0.156 0.940 1.000 
0.142 0.948 0.175 0.930 1.000 
0.154 0.952 0.197 0.963 1.000 
0.123 0.961 0.141 0.945 1.000 
0.109 0.968 0.154 0.950 1.000 
0.114 0.967 0.129 0.968 1.000 
0.088 0.970 0.099 0.973 1.000 
0.084 0.972 0.136 0.970 1.000 
0.070 0.979 0.109 0.975 1.000 
0.082 0.976 0.143 0.940 1.000 
0.073 0.977 0.095 0.970 0.993 
0.073 0.973 0.108 0.960 1.000 
0.066 0.978 0.106 0.965 1.000 
0.076 0.977 0.105 0.963 1.000 
0.049 0.988 0.167 0.938 1.000 
0.068 0.977 0.100 0.958 1.000 
0.066 0.982 0.107 0.958 1.000 
0.061 0.982 0.125 0.958 1.000 
0.051 0.989 0.101 0.963 1.000 
0.063 0.984 0.110 0.963 1.000 
0.050 0.985 0.103 0.965 1.000 
0.047 0.985 0.106 0.975 1.000 
0.060 0.982 0.095 0.973 1.000 
0.052 0.982 0.079 0.980 1.000 
0.055 0.988 0.100 0.965 0.136 
0.044 0.988 0.073 0.978 1.000 
0.055 0.983 0.093 0.970 0.949 
0.054 0.982 0.096 0.975 1.000 
0.046 0.988 0.122 0.955 1.000 
0.045 0.986 0.084 0.975 1.000 
0.047 0.990 0.088 0.973 0.952 
0.046 0.984 0.088 0.973 1.000 
0.048 0.984 0.134 0.950 0.993 
0.040 0.988 0.099 0.970 1.000 
0.040 0.989 0.085 0.973 1.000 
0.050 0.983 0.101 0.963 1.000 
0.050 0.986 0.106 0.960 0.960 
0.035 0.989 0.128 0.943 0.496 
0.040 0.988 0.168 0.943 0.996 
0.041 0.990 0.088 0.973 1.000 
0.040 0.991 0.066 0.980 0.735 
0.044 0.987 0.153 0.945 1.000 
0.038 0.990 0.092 0.965 0.960 
0.032 0.993 0.075 0.975 1.000 
0.047 0.988 0.108 0.953 1.000 
0.052 0.985 0.125 0.958 1.000 
0.041 0.991 0.072 0.975 0.974 
0.041 0.990 0.092 0.970 1.000 
0.039 0.988 0.163 0.945 1.000 
0.037 0.988 0.094 0.973 1.000 
0.030 0.992 0.149 0.948 0.993 
0.035 0.988 0.079 0.975 1.000 
0.038 0.990 0.117 0.970 0.996 
0.046 0.988 0.086 0.973 1.000 
0.035 0.992 0.074 0.973 0.982 
0.039 0.987 0.101 0.958 1.000 
0.030 0.992 0.079 0.975 0.386 
0.040 0.990 0.070 0.973 0.993 
0.033 0.992 0.120 0.968 0.985 
0.039 0.991 0.147 0.935 0.974 
0.040 0.989 0.065 0.983 0.882 
0.039 0.990 0.088 0.973 0.982 
0.040 0.990 0.091 0.970 0.875 
0.042 0.988 0.090 0.975 1.000 
0.043 0.988 0.080 0.975 0.941 
0.038 0.989 0.088 0.975 0.956 
0.033 0.991 0.076 0.980 1.000 
0.032 0.992 0.089 0.975 0.989 
0.034 0.990 0.099 0.978 0.971 
0.047 0.986 0.081 0.978 1.000 
0.038 0.990 0.075 0.978 1.000 
0.032 0.990 0.110 0.955 1.000 
0.031 0.990 0.094 0.973 1.000 
0.034 0.993 0.070 0.978 0.967 
0.036 0.990 0.087 0.973 1.000 
0.026 0.993 0.111 0.960 1.000 
0.028 0.994 0.136 0.958 1.000 
0.038 0.992 0.081 0.975 1.000 
0.031 0.991 0.115 0.960 1.000 
0.040 0.988 0.090 0.965 1.000 
0.026 0.993 0.089 0.968 1.000 
0.029 0.992 0.093 0.973 1.000 
0.037 0.989 0.162 0.938 1.000 
0.030 0.991 0.165 0.940 1.000 
0.032 0.991 0.070 0.975 1.000 
0.026 0.992 0.101 0.973 0.989 
0.038 0.990 0.061 0.980 1.000 
0.034 0.992 0.088 0.968 1.000 
0.030 0.991 0.065 0.973 1.000 
0.036 0.990 0.182 0.940 0.996 
0.044 0.988 0.158 0.945 1.000 
0.027 0.992 0.081 0.978 1.000 
0.028 0.992 0.079 0.973 0.982 
0.030 0.993 0.080 0.973 0.989 
0.027 0.991 0.082 0.978 0.993 
0.027 0.994 0.201 0.940 0.871 
0.030 0.994 0.078 0.975 1.000 
0.030 0.991 0.066 0.980 1.000 
0.034 0.991 0.126 0.945 0.974 
0.030 0.993 0.105 0.955 1.000 
0.035 0.990 0.100 0.958 1.000 
0.037 0.991 0.068 0.980 0.960 
0.037 0.992 0.136 0.948 0.989 
0.023 0.996 0.137 0.958 1.000 
0.030 0.995 0.095 0.975 1.000 
0.038 0.989 0.101 0.975 0.897 
0.026 0.993 0.096 0.975 0.989 
0.024 0.992 0.076 0.973 1.000 
0.038 0.993 0.114 0.965 0.982 
0.040 0.989 0.135 0.943 0.996 
0.026 0.994 0.131 0.948 0.993 
0.030 0.991 0.115 0.965 0.993 
0.033 0.992 0.127 0.958 0.993 
0.033 0.991 0.137 0.950 0.974 
0.026 0.992 0.105 0.963 1.000 
0.027 0.994 0.110 0.958 0.794 
0.028 0.991 0.068 0.978 0.993 
0.023 0.994 0.128 0.955 0.996 
0.026 0.991 0.172 0.935 0.982 
0.026 0.993 0.104 0.960 0.982 
0.025 0.996 0.100 0.978 0.971 
0.028 0.992 0.081 0.978 0.982 
0.034 0.990 0.161 0.932 0.904 
0.025 0.993 0.082 0.980 0.967 
0.018 0.996 0.218 0.932 0.993 
0.030 0.993 0.114 0.963 1.000 
0.030 0.992 0.167 0.930 0.960 
0.027 0.994 0.142 0.940 0.985 
0.030 0.992 0.082 0.978 0.982 
0.027 0.993 0.067 0.978 1.000 
0.022 0.995 0.211 0.932 0.985 
0.024 0.993 0.128 0.950 1.000 
0.029 0.992 0.138 0.940 1.000 
0.026 0.992 0.103 0.968 1.000 
0.024 0.993 0.142 0.948 0.989 
0.037 0.991 0.232 0.930 1.000 
0.033 0.992 0.090 0.975 1.000 
0.024 0.993 0.148 0.935 0.996 
0.029 0.993 0.080 0.975 0.989 
0.021 0.994 0.144 0.950 1.000 
0.022 0.995 0.090 0.978 0.993 
0.029 0.992 0.086 0.978 0.985 
0.034 0.992 0.149 0.938 0.993 
0.028 0.994 0.141 0.943 0.989 
0.032 0.994 0.119 0.958 0.974 
0.031 0.990 0.099 0.960 1.000 
0.027 0.995 0.089 0.968 1.000 
0.032 0.992 0.107 0.955 1.000 
0.019 0.997 0.136 0.953 1.000 
0.035 0.991 0.077 0.978 1.000 
0.021 0.996 0.121 0.965 0.974 
0.024 0.994 0.102 0.978 1.000 
0.034 0.992 0.112 0.958 1.000 
0.027 0.994 0.113 0.958 1.000 
0.018 0.996 0.081 0.978 1.000 
0.029 0.994 0.149 0.940 0.967 
0.021 0.995 0.147 0.940 0.875 
0.030 0.993 0.120 0.955 1.000 
0.032 0.991 0.108 0.963 0.993 
0.022 0.993 0.114 0.955 0.996 
0.025 0.994 0.134 0.943 0.901 
0.020 0.994 0.118 0.968 1.000 
0.030 0.992 0.074 0.975 1.000 
0.029 0.993 0.091 0.978 0.982 
0.027 0.992 0.110 0.958 0.996 
0.021 0.995 0.146 0.958 0.996 
0.030 0.994 0.101 0.975 0.963 
0.026 0.995 0.104 0.973 0.978 
0.031 0.994 0.076 0.978 0.956 
0.023 0.993 0.094 0.978 0.982 
0.030 0.993 0.086 0.978 0.989 
0.023 0.993 0.098 0.978 1.000 
0.022 0.993 0.058 0.980 0.982 
0.030 0.994 0.145 0.935 0.875 
0.016 0.997 0.093 0.978 0.993 
0.025 0.994 0.152 0.953 0.996 
0.017 0.994 0.108 0.978 0.912 
0.023 0.995 0.138 0.963 1.000 
0.025 0.994 0.140 0.960 0.875 
0.025 0.993 0.115 0.960 0.989 
0.022 0.994 0.202 0.935 1.000 
0.034 0.993 0.075 0.975 0.971 
0.026 0.992 0.107 0.955 0.963 
0.023 0.995 0.116 0.968 0.974 
0.024 0.994 0.091 0.970 0.996 
0.019 0.995 0.199 0.920 1.000 
0.037 0.989 0.099 0.963 1.000 
0.019 0.996 0.162 0.943 0.956 
0.023 0.995 0.147 0.955 0.982 
0.022 0.994 0.094 0.970 0.985 
0.025 0.996 0.116 0.955 0.956 
0.023 0.994 0.078 0.980 0.993 
0.017 0.997 0.106 0.970 1.000 
0.021 0.993 0.405 0.907 0.960 
0.030 0.993 0.120 0.960 1.000 
0.033 0.992 0.110 0.960 1.000 
0.038 0.988 0.131 0.960 0.993 
0.020 0.995 0.169 0.950 0.993 
0.023 0.995 0.147 0.958 0.985 
0.026 0.994 0.163 0.950 0.982 
0.018 0.996 0.110 0.960 0.996 
0.024 0.994 0.129 0.955 0.989 
0.023 0.993 0.098 0.970 0.886 
0.026 0.992 0.116 0.958 1.000 
0.021 0.996 0.102 0.970 0.967 
0.027 0.995 0.114 0.965 0.956 
0.024 0.994 0.076 0.978 0.982 
0.016 0.997 0.138 0.948 1.000 
0.026 0.995 0.094 0.975 0.989 
0.023 0.994 0.248 0.920 0.960 
0.022 0.994 0.134 0.950 0.982 
0.026 0.993 0.089 0.978 0.967 
0.024 0.993 0.110 0.975 1.000 
0.026 0.993 0.120 0.975 0.893 
0.024 0.995 0.234 0.930 0.974 
0.026 0.995 0.162 0.938 0.857 
0.021 0.996 0.127 0.958 1.000 
0.026 0.993 0.126 0.950 0.996 
0.016 0.996 0.093 0.965 1.000 
0.027 0.993 0.103 0.968 1.000 
0.029 0.995 0.113 0.963 0.989 
0.018 0.995 0.120 0.978 1.000 
0.025 0.995 0.187 0.948 1.000 
0.027 0.995 0.137 0.940 0.978 
0.024 0.994 0.115 0.963 0.985 
0.028 0.995 0.076 0.978 0.982 
0.024 0.994 0.188 0.932 0.974 
0.022 0.995 0.132 0.943 0.989 
0.021 0.995 0.173 0.943 1.000 
0.018 0.996 0.061 0.980 1.000 
0.020 0.993 0.120 0.963 1.000 
0.026 0.994 0.070 0.980 0.982 
0.024 0.995 0.152 0.940 0.923 
0.015 0.996 0.103 0.978 1.000 
0.028 0.993 0.085 0.978 0.673 
0.026 0.993 0.123 0.950 1.000 
0.018 0.997 0.087 0.978 0.963 
0.023 0.994 0.096 0.968 0.989 
0.019 0.996 0.278 0.938 1.000 
0.023 0.992 0.201 0.965 0.993 
0.027 0.994 0.113 0.963 0.996 
0.029 0.994 0.099 0.968 0.978 
0.019 0.995 0.094 0.968 1.000 
0.014 0.998 0.244 0.927 0.985 
0.018 0.996 0.231 0.925 1.000 
0.018 0.996 0.197 0.935 0.978 
0.021 0.994 0.112 0.958 0.993 
0.020 0.995 0.085 0.978 0.989 
0.026 0.992 1.401 0.907 0.915 
0.033 0.995 0.081 0.978 1.000 
0.032 0.995 0.094 0.970 0.996 
0.034 0.993 0.164 0.948 0.934 
0.028 0.993 0.163 0.943 0.967 
0.016 0.997 0.075 0.978 0.985 
0.016 0.996 0.119 0.955 0.967 
0.022 0.992 0.135 0.948 1.000 
0.026 0.995 0.089 0.978 0.985 
0.029 0.993 0.086 0.968 1.000 
0.020 0.995 0.177 0.938 0.996 
0.016 0.996 0.198 0.935 0.974 
0.018 0.995 0.205 0.932 1.000 
0.019 0.995 0.086 0.978 1.000 
0.018 0.996 0.121 0.958 0.971 
0.026 0.994 0.087 0.970 1.000 
0.021 0.993 0.104 0.968 0.996 
0.020 0.995 0.131 0.950 0.908 
0.025 0.994 0.162 0.935 0.982 
0.021 0.995 0.079 0.978 1.000 
0.022 0.993 0.107 0.955 0.971 
0.015 0.997 0.069 0.978 0.996 
0.023 0.995 0.095 0.970 0.996 
0.020 0.995 0.136 0.970 1.000 
0.026 0.993 0.125 0.945 0.967 
0.025 0.993 0.144 0.950 0.956 
0.025 0.996 0.139 0.955 1.000 
0.012 0.997 0.196 0.948 1.000 
0.016 0.997 0.116 0.968 0.996 
0.030 0.990 0.121 0.955 1.000 
0.018 0.996 0.128 0.965 1.000 
0.025 0.997 0.095 0.970 1.000 
0.016 0.996 0.108 0.963 1.000 
0.023 0.994 0.155 0.940 1.000 
0.025 0.996 0.118 0.963 1.000 
0.021 0.993 0.163 0.948 0.982 
0.018 0.996 0.141 0.948 0.978 
0.017 0.995 0.116 0.960 1.000 
0.020 0.995 0.320 0.932 0.857 
0.019 0.996 0.130 0.950 0.989 
0.032 0.993 0.134 0.948 0.974 
0.027 0.995 0.147 0.945 0.971 
0.021 0.995 0.134 0.958 0.971 
0.013 0.996 0.165 0.963 1.000 
0.021 0.993 0.101 0.968 1.000 
0.014 0.996 0.213 0.938 1.000 
0.030 0.994 0.179 0.940 0.941 
0.034 0.994 0.115 0.960 0.971 
0.024 0.996 0.178 0.945 0.989 
0.022 0.995 0.233 0.917 0.985 
0.022 0.995 0.102 0.970 0.860 
0.020 0.995 0.206 0.930 0.930 
0.024 0.994 0.129 0.953 0.989 
0.019 0.994 0.157 0.953 0.989 
0.012 0.997 0.220 0.938 1.000 
0.020 0.995 0.136 0.968 0.926 
0.018 0.995 0.055 0.983 1.000 
0.018 0.996 0.112 0.968 0.974 
0.023 0.994 0.116 0.963 0.985 
0.020 0.995 0.093 0.970 1.000 
0.023 0.995 0.167 0.943 0.993 
0.017 0.995 0.134 0.953 1.000 
0.024 0.994 0.146 0.943 0.949 
0.015 0.997 0.079 0.978 0.996 
0.023 0.994 0.179 0.938 0.996 
0.017 0.996 0.168 0.963 0.949 
0.028 0.993 0.078 0.978 0.993 
0.017 0.996 0.055 0.983 1.000 
0.016 0.997 0.072 0.978 0.982 
0.029 0.992 0.263 0.912 0.996 
0.022 0.994 0.126 0.958 1.000 
0.026 0.992 0.129 0.958 0.978 
0.021 0.996 0.234 0.925 0.982 
0.021 0.994 0.183 0.932 0.978 
0.014 0.996 0.257 0.915 0.945 
0.050 0.995 0.233 0.927 1.000 
0.018 0.994 0.083 0.978 1.000 
0.015 0.997 0.094 0.980 1.000 
0.030 0.992 0.099 0.965 1.000 
0.016 0.996 0.260 0.932 0.938 
0.023 0.993 0.079 0.978 0.985 
0.017 0.996 0.205 0.932 0.982 
0.016 0.996 0.098 0.965 0.886 
0.015 0.996 0.229 0.927 0.996 
0.014 0.997 0.262 0.932 0.938 
0.016 0.994 0.124 0.960 0.890 
0.018 0.994 0.172 0.960 0.904 
0.043 0.993 0.100 0.970 1.000 
0.008 0.997 0.137 0.970 0.985 
0.028 0.994 0.066 0.980 0.985 
0.017 0.995 0.100 0.968 0.989 
0.018 0.994 0.151 0.945 0.919 
0.019 0.997 0.231 0.925 0.996 
0.014 0.996 0.135 0.960 1.000 
0.019 0.996 0.210 0.930 0.993 
0.019 0.995 0.148 0.950 0.989 
0.017 0.994 0.104 0.975 1.000 
0.015 0.994 0.182 0.950 1.000 
0.022 0.994 0.194 0.932 0.982 
0.026 0.992 0.147 0.943 0.978 
0.024 0.996 0.217 0.930 1.000 
0.021 0.994 0.184 0.945 0.978 
0.028 0.994 0.226 0.922 0.993 
0.023 0.994 0.124 0.950 0.989 
0.022 0.995 0.152 0.948 0.989 
0.020 0.994 0.116 0.968 0.967 
0.016 0.997 0.125 0.958 0.996 
0.018 0.995 0.093 0.978 1.000 
0.018 0.996 0.067 0.978 0.971 
0.015 0.996 0.093 0.970 0.949 
0.016 0.996 0.092 0.970 0.978 
0.025 0.992 0.137 0.950 0.993 
0.016 0.996 0.114 0.968 0.978 
0.018 0.994 0.129 0.958 0.949 
0.013 0.997 0.094 0.968 1.000 
0.025 0.994 0.116 0.965 0.930 
0.021 0.993 0.083 0.970 0.963 
0.005 0.999 0.152 0.970 1.000 
0.018 0.996 0.146 0.948 0.963 
0.013 0.996 0.051 0.985 0.949 
0.021 0.995 0.133 0.955 0.912 
0.019 0.995 0.112 0.968 0.971 
0.020 0.994 0.085 0.970 0.978 
0.015 0.997 0.076 0.970 0.879 
0.016 0.997 0.110 0.968 0.967 
0.019 0.995 0.164 0.945 0.934 
0.031 0.993 0.164 0.938 0.985 
0.015 0.996 0.168 0.940 0.989 
0.014 0.996 0.128 0.953 0.985 
0.017 0.997 0.085 0.970 0.993 
0.015 0.996 0.073 0.980 0.989 
0.014 0.996 0.121 0.958 0.945 
0.021 0.994 0.125 0.948 1.000 
0.013 0.998 0.099 0.973 0.974 
0.025 0.993 0.125 0.950 0.978 
0.020 0.995 0.145 0.945 0.996 
0.033 0.995 0.076 0.973 1.000 
0.018 0.996 0.202 0.938 0.985 
0.036 0.993 0.100 0.968 1.000 
0.015 0.997 0.118 0.968 1.000 
0.017 0.996 0.292 0.902 1.000 
0.010 0.998 0.252 0.932 0.985 
0.015 0.996 0.195 0.943 0.989 
0.019 0.995 0.145 0.945 0.993 
0.018 0.995 0.225 0.935 0.996 
0.016 0.995 0.129 0.963 1.000 
0.014 0.996 0.197 0.935 0.974 
0.018 0.996 0.207 0.948 0.978 
0.044 0.993 0.116 0.963 0.912 
0.029 0.995 0.183 0.948 0.956 
0.018 0.996 0.325 0.955 0.790 
0.016 0.996 0.260 0.963 0.893 
0.024 0.994 0.125 0.963 0.989 
0.013 0.996 0.114 0.968 0.963 
0.025 0.994 0.145 0.968 1.000 
0.045 0.993 0.146 0.950 0.982 
0.032 0.995 0.082 0.978 0.989 
0.010 0.995 0.076 0.978 0.985 
0.015 0.995 0.079 0.978 0.860 
0.016 0.996 0.262 0.922 0.996 
0.011 0.996 0.111 0.963 1.000 
0.011 0.996 0.148 0.953 0.963 
0.014 0.996 0.143 0.950 0.956 
0.023 0.996 0.249 0.930 0.985 
0.013 0.996 0.282 0.927 0.989 
0.015 0.996 0.106 0.968 0.842 
0.016 0.995 0.108 0.965 0.989 
0.015 0.995 0.080 0.978 0.662 
0.015 0.995 0.121 0.963 0.860 
0.019 0.994 0.131 0.955 0.982 
0.021 0.994 0.153 0.948 0.978 
0.018 0.993 0.272 0.912 0.982 
0.021 0.996 0.137 0.950 0.996 
0.017 0.995 0.076 0.980 1.000 
0.018 0.995 0.103 0.968 0.996 
0.021 0.995 0.091 0.978 1.000 
0.017 0.995 0.107 0.963 0.952 
0.015 0.995 0.156 0.953 1.000 
0.025 0.994 0.115 0.965 0.868 
0.019 0.994 0.172 0.932 0.941 
0.024 0.993 0.147 0.943 0.960 
0.018 0.997 0.151 0.943 0.945 
0.012 0.996 0.094 0.970 0.996 
0.017 0.995 0.118 0.963 1.000 
0.019 0.996 0.265 0.915 0.985 
0.013 0.997 0.296 0.958 0.835 
0.020 0.995 0.111 0.965 0.985 
0.028 0.993 0.115 0.960 0.996 
0.020 0.994 0.309 0.887 0.978 
0.022 0.993 0.206 0.927 0.967 
0.019 0.994 0.113 0.965 1.000 
0.022 0.995 0.242 0.922 0.982 
0.015 0.994 0.144 0.950 1.000 
0.017 0.997 0.158 0.948 1.000 
0.017 0.996 0.130 0.960 0.996 
0.026 0.993 0.291 0.912 0.941 
0.015 0.996 0.249 0.920 0.989 
0.016 0.995 0.088 0.968 0.952 
0.016 0.994 0.187 0.938 0.971 
0.019 0.994 0.150 0.950 1.000 
0.017 0.997 0.104 0.963 1.000 
0.017 0.996 0.152 0.945 0.989 
0.024 0.993 0.130 0.960 0.963 
0.020 0.995 0.144 0.963 1.000 
0.020 0.995 0.181 0.943 0.993 
0.017 0.995 0.230 0.925 0.996 
0.014 0.996 0.099 0.968 0.996 
0.011 0.998 0.103 0.968 0.996 
0.012 0.997 0.212 0.943 0.993 
0.017 0.995 0.226 0.920 1.000 
0.017 0.995 0.169 0.932 1.000 
0.018 0.995 0.162 0.938 1.000 
0.022 0.994 0.160 0.945 1.000 
0.061 0.992 0.095 0.975 1.000 
0.045 0.991 0.188 0.943 0.993 
0.019 0.995 0.134 0.953 0.996 
0.019 0.995 0.217 0.930 1.000 
0.022 0.995 0.103 0.970 0.996 
0.017 0.996 0.212 0.938 1.000 
0.021 0.996 0.093 0.970 1.000 
0.017 0.995 0.145 0.955 1.000 
0.014 0.997 0.174 0.940 1.000 
0.019 0.996 0.213 0.927 1.000 
0.020 0.996 0.140 0.970 0.971 
0.030 0.992 0.159 0.945 0.989 
0.021 0.994 0.135 0.968 0.971 
0.016 0.995 0.100 0.968 1.000 
0.013 0.996 0.151 0.953 1.000 
0.021 0.996 0.343 0.940 0.993 
0.029 0.994 0.176 0.948 0.993 
0.018 0.996 0.160 0.943 0.985 
0.014 0.997 0.155 0.950 0.996 
0.022 0.994 0.086 0.970 1.000 
0.017 0.995 0.231 0.930 0.985 
0.018 0.996 0.076 0.978 1.000 
0.015 0.996 0.231 0.940 0.996 
0.026 0.996 0.123 0.965 1.000 
0.017 0.996 0.132 0.945 1.000 
0.019 0.995 0.223 0.932 0.996 
0.014 0.996 0.106 0.968 1.000 
0.015 0.996 0.151 0.953 0.996 
0.020 0.994 0.245 0.917 0.993 
0.012 0.996 0.098 0.975 1.000 
0.015 0.996 0.142 0.960 1.000 
0.021 0.995 0.093 0.968 1.000 
0.017 0.997 0.092 0.973 0.798 
0.012 0.996 0.080 0.978 1.000 
0.027 0.994 0.195 0.955 0.989 
0.020 0.995 0.183 0.940 0.952 
0.013 0.997 0.200 0.932 0.996 
0.014 0.997 0.148 0.950 1.000 
0.016 0.996 0.159 0.955 1.000 
0.011 0.998 0.215 0.953 0.963 
0.024 0.994 0.136 0.960 0.985 
0.019 0.996 0.106 0.975 0.978 
0.016 0.995 0.156 0.953 1.000 
0.034 0.995 0.137 0.963 1.000 
0.016 0.995 0.144 0.955 0.996 
0.015 0.996 0.236 0.935 0.985 
0.013 0.995 0.281 0.925 0.978 
0.024 0.995 0.101 0.970 1.000 
0.019 0.995 0.093 0.965 1.000 
0.016 0.996 0.162 0.948 1.000 
0.012 0.997 0.138 0.963 0.982 
0.017 0.996 0.177 0.948 1.000 
0.018 0.996 0.211 0.935 1.000 
0.020 0.995 0.194 0.932 0.996 
0.015 0.997 0.130 0.955 1.000 
0.017 0.997 0.148 0.968 1.000 
0.038 0.996 0.166 0.950 0.996 
0.014 0.995 0.085 0.978 1.000 
0.017 0.994 0.192 0.935 0.996 
0.027 0.995 0.288 0.950 0.923 
0.011 0.997 0.143 0.968 0.971 
0.010 0.997 0.102 0.970 1.000 
0.012 0.997 0.124 0.978 1.000 
0.019 0.995 0.244 0.927 0.996 
0.019 0.995 0.165 0.955 0.996 
0.017 0.996 0.127 0.965 0.996 
0.010 0.997 0.132 0.970 1.000 
0.020 0.995 0.178 0.940 1.000 
0.016 0.997 0.266 0.932 1.000 
0.013 0.996 0.410 0.922 1.000 
0.015 0.997 0.124 0.968 1.000 
0.018 0.997 0.170 0.953 1.000 
0.018 0.994 0.202 0.948 0.996 
0.033 0.992 0.151 0.958 1.000 
0.010 0.998 0.255 0.953 1.000 
0.016 0.996 0.293 0.920 0.996 
0.015 0.995 0.202 0.940 1.000 
0.012 0.997 0.160 0.963 1.000 
0.011 0.997 0.153 0.960 1.000 
0.015 0.996 0.197 0.953 1.000 
0.007 0.998 0.319 0.932 0.996 
0.021 0.996 0.176 0.948 0.963 
0.013 0.996 0.248 0.935 0.967 
0.028 0.996 0.078 0.980 1.000 
0.017 0.996 0.153 0.958 0.989 
0.014 0.997 0.188 0.938 0.982 
0.017 0.996 0.110 0.965 0.993 
0.030 0.994 0.159 0.948 0.945 
0.014 0.995 0.254 0.927 0.941 
0.016 0.997 0.293 0.920 0.949 
0.009 0.998 0.173 0.955 1.000 
0.012 0.996 0.142 0.958 1.000 
0.014 0.995 0.131 0.960 0.952 
0.013 0.997 0.176 0.948 0.978 
0.014 0.996 0.248 0.927 0.963 
0.011 0.998 0.176 0.953 1.000 
0.016 0.995 0.343 0.920 1.000 
0.024 0.994 0.224 0.945 1.000 
0.013 0.998 0.119 0.963 1.000 
0.014 0.996 0.212 0.955 0.974 
0.021 0.993 0.142 0.960 0.993 
0.029 0.993 0.169 0.945 0.982 
0.022 0.993 0.228 0.930 1.000 
0.018 0.995 0.174 0.945 0.996 
0.010 0.996 0.336 0.920 0.985 
0.017 0.996 0.131 0.955 1.000 
0.026 0.995 0.308 0.920 1.000 
0.013 0.997 0.165 0.958 0.996 
0.014 0.997 0.385 0.917 0.996 
0.015 0.995 0.268 0.948 1.000 
0.020 0.993 0.132 0.965 1.000 
0.011 0.998 0.119 0.968 1.000 
0.019 0.994 0.266 0.935 0.978 
0.012 0.997 0.196 0.968 1.000 
0.024 0.994 0.232 0.927 0.996 
0.022 0.996 0.259 0.948 1.000 
0.023 0.993 0.207 0.932 0.989 
0.010 0.995 0.211 0.932 0.993 
0.010 0.998 0.084 0.970 1.000 
0.017 0.995 0.165 0.958 0.978 
0.018 0.996 0.205 0.938 1.000 
0.012 0.996 0.417 0.907 0.996 
0.023 0.996 0.269 0.938 0.985 
0.015 0.995 0.170 0.960 0.993 
0.020 0.992 0.222 0.938 0.949 
0.013 0.995 0.250 0.927 0.996 
0.015 0.998 0.239 0.938 0.989 
0.026 0.996 0.155 0.968 0.996 
0.012 0.997 0.255 0.940 0.993 
0.019 0.995 0.135 0.955 1.000 
0.020 0.994 0.140 0.960 0.989 
0.017 0.996 0.282 0.917 0.974 
0.014 0.995 0.251 0.935 1.000 
0.019 0.992 0.170 0.958 1.000 
0.017 0.997 0.270 0.948 0.989 
0.031 0.993 0.158 0.950 1.000 
0.015 0.996 0.136 0.968 0.993 
0.024 0.994 0.145 0.963 1.000 
0.020 0.994 0.171 0.938 1.000 
0.013 0.997 0.430 0.905 1.000 
0.018 0.996 0.154 0.965 1.000 
0.010 0.996 0.290 0.935 0.993 
0.017 0.997 0.127 0.968 0.996 
0.016 0.996 0.173 0.940 0.989 
0.017 0.995 0.116 0.970 1.000 
0.013 0.997 0.223 0.932 1.000 
0.019 0.994 0.215 0.940 0.996 
0.021 0.995 0.269 0.927 1.000 
0.013 0.995 0.124 0.970 0.750 
0.012 0.998 0.184 0.945 0.820 
0.014 0.996 0.168 0.950 0.993 
0.010 0.996 0.270 0.925 1.000 
0.014 0.997 0.120 0.970 1.000 
0.026 0.994 0.259 0.960 0.949 
0.020 0.995 0.242 0.927 1.000 
0.014 0.996 0.109 0.975 1.000 
0.009 0.997 0.200 0.943 1.000 
0.009 0.997 0.130 0.978 0.978 
0.028 0.992 0.149 0.960 1.000 
0.019 0.996 0.118 0.965 1.000 
0.012 0.997 0.134 0.960 1.000 
0.010 0.997 0.256 0.940 1.000 
0.016 0.995 0.104 0.968 1.000 
0.020 0.994 0.294 0.925 1.000 
0.019 0.996 0.287 0.925 1.000 
0.015 0.997 0.289 0.917 1.000 
0.013 0.998 0.148 0.958 1.000 
0.024 0.994 0.293 0.915 0.985 
0.017 0.995 0.170 0.945 1.000 
0.024 0.993 0.208 0.935 0.996 
0.014 0.996 0.404 0.907 0.897 
0.014 0.997 0.303 0.917 0.974 
0.010 0.997 0.223 0.958 1.000 
0.012 0.996 0.322 0.920 0.996 
0.014 0.997 0.291 0.917 1.000 
0.018 0.995 0.134 0.965 1.000 
0.019 0.996 0.164 0.953 1.000 
0.013 0.996 0.152 0.960 1.000 
0.023 0.995 0.154 0.953 1.000 
0.014 0.996 0.126 0.965 1.000 
0.013 0.996 0.148 0.963 1.000 
0.012 0.996 0.363 0.927 0.996 
0.011 0.998 0.256 0.935 1.000 
0.016 0.997 0.159 0.950 1.000 
0.021 0.994 0.228 0.943 1.000 
0.011 0.997 0.282 0.943 1.000 
0.019 0.994 0.226 0.930 0.864 
0.026 0.993 0.463 0.907 0.996 
0.020 0.995 0.261 0.935 0.993 
0.014 0.995 0.182 0.945 0.993 
0.012 0.997 0.209 0.953 1.000 
0.022 0.994 0.181 0.960 0.996 
0.006 0.999 0.152 0.978 1.000 
0.012 0.997 0.275 0.955 1.000 
0.034 0.997 0.175 0.950 1.000 
0.007 0.997 0.240 0.950 0.978 
0.008 0.998 0.404 0.948 0.996 
0.023 0.995 0.132 0.953 0.993 
0.018 0.994 0.334 0.935 1.000 
0.013 0.996 0.263 0.938 1.000 
0.024 0.994 0.258 0.940 0.993 
0.019 0.993 0.147 0.965 1.000 
0.011 0.997 0.294 0.953 0.996 
0.019 0.998 0.189 0.945 1.000 
0.014 0.996 0.281 0.948 1.000 
0.009 0.998 0.376 0.938 0.996 
0.012 0.997 0.227 0.958 0.996 
0.014 0.995 0.170 0.968 1.000 
0.015 0.996 0.094 0.980 0.912 
0.017 0.996 0.099 0.970 0.996 
0.012 0.997 0.178 0.948 0.993 
0.018 0.995 0.137 0.968 0.982 
0.014 0.996 0.160 0.958 0.941 
0.024 0.993 0.261 0.935 1.000 
0.012 0.996 0.129 0.968 0.996 
0.019 0.996 0.310 0.922 0.996 
0.020 0.994 0.147 0.948 1.000 
0.013 0.997 0.158 0.963 1.000 
0.026 0.995 0.187 0.943 1.000 
0.016 0.994 0.350 0.927 1.000 
0.010 0.996 0.302 0.920 1.000 
0.033 0.995 0.281 0.938 1.000 
0.023 0.994 0.295 0.932 1.000 
0.014 0.995 0.105 0.965 1.000 
0.011 0.997 0.187 0.945 1.000 
0.014 0.997 0.180 0.943 1.000 
0.021 0.994 0.292 0.932 1.000 
0.012 0.997 0.203 0.960 1.000 
0.013 0.996 0.138 0.960 1.000 
0.021 0.996 0.114 0.965 1.000 
0.011 0.995 0.095 0.968 0.919 
0.019 0.994 0.165 0.943 1.000 
0.015 0.996 0.145 0.963 1.000 
0.009 0.997 0.122 0.968 0.993 
0.017 0.996 0.134 0.958 1.000 
0.012 0.996 0.119 0.968 0.978 
0.021 0.994 0.167 0.945 0.993 
0.012 0.997 0.149 0.958 1.000 
0.020 0.996 0.259 0.950 0.985 
0.019 0.994 0.236 0.935 0.993 
0.010 0.998 0.216 0.940 0.996 
0.013 0.995 0.169 0.960 0.996 
0.011 0.997 0.100 0.968 0.985 
0.018 0.995 0.112 0.968 0.974 
0.007 0.997 0.271 0.940 0.996 
0.041 0.995 0.195 0.950 0.993 
0.051 0.990 0.134 0.963 0.993 
0.013 0.997 0.147 0.955 1.000 
0.015 0.995 0.137 0.960 1.000 
0.013 0.996 0.126 0.960 1.000 
0.024 0.995 0.299 0.945 1.000 
0.019 0.996 0.158 0.960 1.000 
0.006 0.998 0.422 0.943 1.000 
0.012 0.996 0.519 0.905 0.985 
0.015 0.996 0.192 0.943 0.996 
0.011 0.996 0.264 0.932 0.989 
0.017 0.994 0.107 0.968 1.000 
0.032 0.996 0.187 0.940 0.996 
0.013 0.996 0.197 0.940 1.000 
0.008 0.997 0.243 0.945 1.000 
0.010 0.998 0.158 0.958 1.000 
0.018 0.994 0.248 0.935 0.971 
0.012 0.997 0.183 0.943 0.989 
0.011 0.997 0.158 0.960 0.996 
0.015 0.997 0.116 0.968 0.989 
0.014 0.997 0.179 0.940 0.996 
0.014 0.996 0.290 0.938 1.000 
0.022 0.994 0.159 0.948 0.996 
0.009 0.997 0.141 0.965 1.000 
0.015 0.996 0.252 0.945 0.989 
0.007 0.997 0.124 0.968 1.000 
0.017 0.997 0.172 0.943 1.000 
0.011 0.996 0.193 0.948 0.993 
0.021 0.996 0.366 0.905 1.000 
0.017 0.996 0.138 0.958 1.000 
0.018 0.993 0.299 0.930 0.993 
0.017 0.995 0.154 0.955 1.000 
0.023 0.993 0.154 0.950 1.000 
0.015 0.996 0.239 0.935 1.000 
0.018 0.995 0.231 0.935 1.000 
0.016 0.994 0.182 0.940 1.000 
0.012 0.995 0.109 0.968 0.974 
0.014 0.995 0.194 0.945 1.000 
0.013 0.997 0.162 0.958 1.000 
0.014 0.996 0.405 0.930 1.000 
0.017 0.996 0.184 0.958 0.996 
0.013 0.997 0.171 0.953 1.000 
0.016 0.997 0.128 0.963 1.000 
0.015 0.994 0.105 0.983 0.993 
0.014 0.995 0.335 0.950 0.945 
0.057 0.991 0.200 0.950 0.993 
0.018 0.996 0.137 0.960 0.993 
0.009 0.998 0.114 0.965 0.996 
0.008 0.997 0.113 0.973 0.996 
0.014 0.996 0.169 0.953 1.000 
0.006 0.999 0.136 0.970 0.996 
0.020 0.996 0.161 0.950 1.000 
0.037 0.993 0.127 0.960 1.000 
0.010 0.997 0.115 0.965 0.996 
0.016 0.995 0.163 0.958 1.000 
0.016 0.996 0.178 0.960 0.993 
0.013 0.997 0.274 0.943 1.000 
0.010 0.997 0.108 0.970 0.996 
0.014 0.995 0.260 0.948 1.000 
0.010 0.997 0.235 0.943 1.000 
0.016 0.997 0.281 0.943 1.000 
0.014 0.997 0.234 0.955 1.000 
0.020 0.997 0.213 0.945 1.000 
0.008 0.998 0.328 0.925 0.989 
0.008 0.998 0.159 0.963 1.000 
0.020 0.994 0.439 0.907 1.000 
0.017 0.996 0.160 0.963 1.000 
0.014 0.996 0.184 0.943 1.000 
0.017 0.996 0.189 0.948 1.000 
0.011 0.996 0.255 0.935 1.000 
0.022 0.995 0.263 0.953 1.000 
0.013 0.996 0.139 0.965 0.993 
0.018 0.996 0.141 0.968 1.000 
0.010 0.996 0.280 0.917 1.000 
0.016 0.994 0.286 0.922 0.993 
0.011 0.998 0.189 0.945 1.000 
0.017 0.994 0.266 0.922 0.978 
0.011 0.998 0.158 0.963 0.996 
0.011 0.998 0.354 0.930 1.000 
0.016 0.997 0.129 0.970 0.996 
0.016 0.996 0.299 0.930 1.000 
0.013 0.997 0.353 0.920 1.000 
0.039 0.992 0.182 0.948 1.000 
0.032 0.995 0.666 0.938 1.000 
0.021 0.997 0.328 0.950 1.000 
0.014 0.996 0.178 0.960 0.996 
0.014 0.997 0.171 0.958 1.000 
0.020 0.994 0.184 0.948 0.971 
0.014 0.996 0.205 0.945 1.000 
0.011 0.997 0.223 0.943 1.000 
0.016 0.996 0.184 0.948 0.974 
0.015 0.996 0.204 0.940 0.989 
0.018 0.996 0.181 0.953 1.000 
0.010 0.997 0.126 0.965 0.996 
0.019 0.994 0.181 0.945 0.996 
0.009 0.996 0.173 0.958 1.000 
0.009 0.997 0.177 0.958 0.996 
0.018 0.994 0.191 0.948 0.996 
0.011 0.997 0.313 0.915 0.996 
0.015 0.995 0.123 0.965 0.996 
0.020 0.996 0.261 0.925 0.996 
0.011 0.997 0.227 0.943 0.996 
0.014 0.996 0.360 0.935 0.996 
0.025 0.997 0.291 0.912 1.000 
0.018 0.993 0.185 0.960 0.996 
0.010 0.997 0.191 0.948 1.000 
0.008 0.998 0.168 0.960 0.993 
0.022 0.994 0.297 0.917 1.000 
0.022 0.995 0.144 0.960 0.996 
0.015 0.997 0.212 0.943 0.996 
0.019 0.995 0.237 0.930 0.996 
0.007 0.998 0.268 0.935 1.000 
0.015 0.997 0.207 0.938 1.000 
0.008 0.997 0.344 0.917 0.996 
0.009 0.997 0.286 0.922 0.996 
0.010 0.998 0.225 0.950 0.996 
0.019 0.996 0.251 0.955 1.000 
0.014 0.995 0.126 0.970 0.996 
0.012 0.998 0.249 0.938 1.000 
0.038 0.994 0.202 0.960 0.996 
0.031 0.994 0.170 0.950 0.996 
0.022 0.994 0.238 0.927 1.000 
0.013 0.996 0.199 0.940 1.000 
0.015 0.997 0.174 0.953 0.945 
0.007 0.998 0.358 0.907 0.996 
0.013 0.995 0.209 0.943 0.996 
0.009 0.997 0.587 0.902 0.993 
0.013 0.996 0.112 0.970 0.996 
0.027 0.997 0.107 0.970 0.996 
0.035 0.995 0.196 0.963 0.949 
0.021 0.996 0.193 0.948 0.978 
0.011 0.998 0.280 0.915 0.978 
0.008 0.997 0.345 0.917 0.996 
0.009 0.998 0.361 0.917 0.996 
0.013 0.996 0.249 0.943 0.993 
0.008 0.998 0.229 0.943 0.989 
0.020 0.995 0.290 0.920 0.996 
0.011 0.995 0.204 0.950 0.996 
0.042 0.990 0.231 0.932 0.996 
0.017 0.996 0.141 0.963 0.996 
0.024 0.994 0.153 0.963 0.996 
0.016 0.995 0.327 0.910 0.993 
0.013 0.996 0.205 0.940 0.971 
0.011 0.996 0.117 0.965 0.996 
0.015 0.996 0.142 0.968 0.923 
0.016 0.996 0.421 0.912 0.996 
0.014 0.996 0.169 0.958 0.971 
0.013 0.996 0.397 0.915 0.996 
0.028 0.995 0.206 0.950 0.985 
0.025 0.995 0.313 0.915 0.982 
0.014 0.995 0.312 0.917 0.996 
0.014 0.996 0.204 0.950 0.985 
0.019 0.995 0.169 0.955 0.967 
0.020 0.994 0.131 0.965 0.989 
0.008 0.998 0.117 0.970 0.989 
0.009 0.998 0.195 0.960 0.993 
0.015 0.995 0.205 0.940 0.974 
0.006 0.997 0.217 0.948 0.993 
0.021 0.994 0.172 0.960 0.993 
0.021 0.995 0.379 0.912 0.993 
0.006 0.998 1.521 0.943 0.934 
0.087 0.994 0.339 0.965 0.941 
0.029 0.996 0.171 0.965 0.996 
0.024 0.992 0.222 0.948 0.996 
0.013 0.995 0.218 0.950 0.996 
0.018 0.995 0.211 0.943 0.982 
0.012 0.996 0.275 0.932 0.989 
0.031 0.991 0.743 0.885 0.963 
0.011 0.997 0.235 0.940 0.996 
0.017 0.997 0.218 0.945 0.996 
0.014 0.996 0.185 0.953 0.996 
0.017 0.996 0.228 0.940 0.993 
0.010 0.996 0.173 0.965 0.960 
0.012 0.997 0.122 0.968 0.974 
0.020 0.997 0.205 0.950 0.996 
0.015 0.997 0.184 0.958 1.000 
0.015 0.996 0.137 0.965 0.996 
0.026 0.996 0.223 0.953 0.993 
0.010 0.997 0.392 0.912 1.000 
0.012 0.996 0.224 0.943 0.996 
0.010 0.996 0.321 0.930 0.996 
0.008 0.997 0.140 0.965 0.982 
0.019 0.994 0.180 0.958 0.915 
0.014 0.997 0.235 0.932 0.996 
0.011 0.997 0.109 0.970 0.989 
0.022 0.993 0.328 0.917 0.985 
0.012 0.997 0.278 0.940 0.989 
0.014 0.996 0.395 0.925 0.974 
0.027 0.993 0.463 0.917 0.985 
0.014 0.997 0.267 0.932 0.996 
0.038 0.994 0.134 0.968 0.974 
0.011 0.996 0.303 0.938 0.971 
0.024 0.996 0.176 0.958 0.971 
0.008 0.998 0.209 0.958 0.993 
0.021 0.995 0.217 0.953 0.912 
0.011 0.996 0.133 0.960 0.993 
0.012 0.997 0.120 0.965 0.941 
0.009 0.998 0.199 0.955 0.982 
0.019 0.993 0.113 0.975 0.923 
0.013 0.996 0.240 0.938 0.993 
0.012 0.996 0.122 0.968 0.820 
0.017 0.995 0.126 0.968 0.934 
0.006 0.998 0.089 0.985 0.658 
0.015 0.997 0.257 0.932 0.985 
0.015 0.997 0.212 0.945 0.993 
0.017 0.995 0.278 0.932 0.989 
0.010 0.996 0.164 0.960 0.993 
0.010 0.996 0.319 0.925 0.989 
0.028 0.995 0.232 0.943 0.993 
0.025 0.995 0.210 0.938 0.996 
0.035 0.995 0.311 0.925 0.985 
0.010 0.998 0.187 0.945 0.993 
0.016 0.996 0.184 0.953 0.996 
0.009 0.997 0.170 0.955 0.982 
0.013 0.997 0.265 0.930 0.993 
0.024 0.995 0.138 0.965 0.717 
0.016 0.996 0.386 0.930 0.974 
0.022 0.994 0.894 0.948 0.985 
0.035 0.995 0.171 0.963 0.945 
0.019 0.995 0.454 0.917 0.993 
0.020 0.994 0.190 0.948 0.960 
0.018 0.996 0.301 0.930 1.000 
0.015 0.996 0.283 0.935 0.996 
0.014 0.998 0.236 0.953 0.996 
0.013 0.996 0.111 0.965 0.996 
0.010 0.997 0.196 0.963 0.996 
0.012 0.997 0.199 0.955 0.996 
0.011 0.996 0.168 0.960 0.945 
0.016 0.995 0.181 0.965 0.996 
0.020 0.995 0.195 0.963 0.996 
0.026 0.996 0.191 0.953 0.996 
0.013 0.998 0.347 0.915 1.000 
0.016 0.995 0.254 0.950 0.996 
0.013 0.996 0.176 0.958 0.996 
0.012 0.997 0.171 0.963 0.978 
0.016 0.996 0.225 0.950 0.996 
0.017 0.995 0.577 0.963 0.993 
0.042 0.991 0.350 0.912 0.989 
0.021 0.995 0.368 0.912 0.989 
0.018 0.996 0.302 0.943 0.996 
0.013 0.997 0.703 0.900 0.996 
0.014 0.997 0.274 0.930 0.982 
0.012 0.997 0.142 0.963 0.989 
0.010 0.997 0.195 0.958 0.996 
0.019 0.994 0.544 0.960 0.974 
0.026 0.996 0.641 0.917 0.993 
0.018 0.995 0.537 0.960 0.993 
0.014 0.996 0.417 0.963 0.996 
0.017 0.996 0.559 0.930 0.989 
0.010 0.996 0.253 0.943 0.974 
0.012 0.996 0.183 0.955 0.996 
0.006 0.998 0.300 0.965 0.945 
0.033 0.997 0.540 0.927 0.974 
0.011 0.996 0.289 0.950 0.993 
0.004 0.999 0.311 0.953 0.993 
0.011 0.997 0.198 0.965 0.765 
0.013 0.997 0.182 0.965 0.974 
0.036 0.995 0.325 0.917 1.000 
0.009 0.997 0.294 0.940 1.000 
0.008 0.997 0.447 0.917 0.996 
0.011 0.998 0.299 0.922 1.000 
0.010 0.998 0.172 0.960 0.985 
0.067 0.995 0.232 0.940 0.985 
0.012 0.995 0.235 0.943 0.996 
0.007 0.998 0.553 0.917 0.993 
0.019 0.995 0.243 0.950 0.996 
0.013 0.997 0.156 0.965 0.989 
0.014 0.998 0.137 0.968 0.989 
0.007 0.997 0.407 0.940 0.993 
0.018 0.996 0.444 0.940 0.996 
0.016 0.996 0.215 0.945 0.993 
0.012 0.996 0.204 0.945 0.996 
0.008 0.996 0.437 0.912 1.000 
0.015 0.995 0.111 0.980 0.732 
0.047 0.996 0.247 0.932 0.967 
0.012 0.996 0.432 0.912 1.000 
0.030 0.996 0.212 0.958 0.993 
0.007 0.998 0.193 0.960 0.974 
0.016 0.997 0.506 0.905 0.996 
0.020 0.995 0.189 0.953 0.938 
0.011 0.997 0.167 0.960 0.993 
0.016 0.994 0.246 0.948 0.993 
0.014 0.996 0.290 0.963 0.989 
0.011 0.997 0.198 0.955 0.978 
0.014 0.997 0.360 0.960 0.989 
0.024 0.995 0.145 0.968 0.974 
0.011 0.998 0.196 0.955 0.993 
0.013 0.996 0.428 0.902 0.974 
0.008 0.998 0.213 0.950 0.952 
0.010 0.997 0.287 0.938 0.956 
0.025 0.994 0.247 0.945 0.963 
0.013 0.997 0.197 0.955 0.993 
0.013 0.997 0.348 0.938 0.989 
0.025 0.995 0.349 0.953 0.993 
