0.287 0.886 0.172 0.945 1.000 
0.172 0.944 0.143 0.975 1.000 
0.144 0.944 0.132 0.965 1.000 
0.141 0.959 0.131 0.973 1.000 
0.122 0.961 0.126 0.953 1.000 
0.098 0.967 0.078 0.993 0.996 
0.095 0.971 0.085 0.980 0.912 
0.095 0.969 0.072 0.985 1.000 
0.089 0.972 0.092 0.990 0.546 
0.079 0.973 0.103 0.953 1.000 
0.088 0.968 0.085 0.985 1.000 
0.085 0.972 0.086 0.965 1.000 
0.089 0.972 0.065 0.980 1.000 
0.072 0.976 0.071 0.988 0.949 
0.081 0.979 0.082 0.995 1.000 
0.083 0.976 0.091 0.960 0.777 
0.079 0.978 0.074 0.975 0.956 
0.071 0.977 0.054 0.980 1.000 
0.059 0.980 0.053 0.990 0.689 
0.072 0.976 0.094 0.970 0.996 
0.062 0.984 0.074 0.980 1.000 
0.077 0.979 0.113 0.978 0.996 
0.067 0.981 0.049 0.993 1.000 
0.066 0.976 0.074 0.980 1.000 
0.053 0.987 0.057 0.978 1.000 
0.065 0.984 0.059 0.985 1.000 
0.065 0.982 0.073 0.993 1.000 
0.057 0.985 0.059 0.978 1.000 
0.054 0.983 0.044 0.990 0.993 
0.052 0.985 0.050 0.983 0.985 
0.072 0.978 0.076 0.990 1.000 
0.055 0.988 0.043 0.988 1.000 
0.071 0.984 0.047 0.980 1.000 
0.060 0.981 0.044 0.990 0.993 
0.054 0.985 0.057 0.980 1.000 
0.048 0.982 0.041 0.990 1.000 
0.051 0.984 0.045 0.993 1.000 
0.055 0.984 0.064 0.983 0.703 
0.049 0.988 0.053 0.988 1.000 
0.059 0.984 0.065 0.975 1.000 
0.053 0.982 0.055 0.983 1.000 
0.051 0.987 0.049 0.980 0.158 
0.059 0.984 0.044 0.995 0.897 
0.049 0.986 0.046 0.993 0.989 
0.054 0.984 0.098 0.983 0.722 
0.042 0.985 0.025 0.995 0.919 
0.051 0.989 0.064 0.978 0.930 
0.045 0.985 0.062 0.978 1.000 
0.050 0.985 0.064 0.975 0.996 
0.052 0.984 0.059 0.988 0.996 
0.060 0.984 0.051 0.985 0.297 
0.035 0.990 0.046 0.995 0.168 
0.055 0.986 0.050 0.985 0.440 
0.042 0.989 0.047 0.983 1.000 
0.041 0.988 0.049 0.980 0.399 
0.034 0.990 0.052 0.983 0.853 
0.048 0.985 0.041 0.985 0.084 
0.056 0.987 0.068 0.973 0.264 
0.044 0.989 0.052 0.975 1.000 
0.043 0.990 0.053 0.975 0.996 
0.044 0.988 0.031 0.995 0.993 
0.040 0.989 0.065 0.975 0.586 
0.042 0.987 0.041 0.990 1.000 
0.037 0.991 0.038 0.985 0.996 
0.036 0.991 0.043 0.985 0.582 
0.047 0.985 0.081 0.973 1.000 
0.047 0.988 0.029 0.995 1.000 
0.041 0.989 0.037 0.985 1.000 
0.042 0.988 0.094 0.973 1.000 
0.036 0.990 0.043 0.983 0.996 
0.035 0.989 0.024 0.998 1.000 
0.042 0.988 0.042 0.980 1.000 
0.042 0.989 0.042 0.983 0.985 
0.035 0.994 0.041 0.993 0.996 
0.048 0.988 0.048 0.980 1.000 
0.040 0.989 0.066 0.973 0.916 
0.047 0.985 0.047 0.983 1.000 
0.045 0.986 0.050 0.988 1.000 
0.037 0.991 0.028 0.995 1.000 
0.041 0.991 0.036 0.995 1.000 
0.037 0.991 0.053 0.978 0.989 
0.035 0.991 0.045 0.985 1.000 
0.038 0.988 0.049 0.995 0.993 
0.039 0.989 0.058 0.985 0.974 
0.035 0.989 0.046 0.993 1.000 
0.048 0.985 0.060 0.978 0.996 
0.033 0.989 0.037 0.993 1.000 
0.043 0.987 0.038 0.993 0.989 
0.038 0.988 0.050 0.983 0.963 
0.037 0.988 0.038 0.993 1.000 
0.030 0.991 0.028 0.993 0.945 
0.029 0.992 0.065 0.973 1.000 
0.044 0.992 0.018 0.995 1.000 
0.033 0.990 0.035 0.985 1.000 
0.042 0.989 0.056 0.980 1.000 
0.032 0.990 0.103 0.963 1.000 
0.040 0.991 0.055 0.985 1.000 
0.046 0.988 0.027 0.995 1.000 
0.041 0.989 0.050 0.985 0.861 
0.041 0.988 0.068 0.985 1.000 
0.036 0.991 0.054 0.983 0.615 
0.042 0.990 0.033 0.988 0.656 
0.039 0.990 0.036 0.990 1.000 
0.031 0.991 0.035 0.990 1.000 
0.037 0.990 0.070 0.968 1.000 
0.040 0.988 0.048 0.995 1.000 
0.043 0.986 0.026 0.995 1.000 
0.038 0.991 0.041 0.988 1.000 
0.035 0.990 0.037 0.988 0.989 
0.040 0.991 0.077 0.975 1.000 
0.035 0.989 0.042 0.985 0.498 
0.031 0.990 0.032 0.990 1.000 
0.034 0.991 0.045 0.995 0.861 
0.032 0.991 0.055 0.978 0.985 
0.030 0.991 0.045 0.978 1.000 
0.047 0.990 0.038 0.990 1.000 
0.031 0.991 0.039 0.995 1.000 
0.026 0.994 0.049 0.980 1.000 
0.039 0.988 0.040 0.983 0.996 
0.028 0.992 0.034 0.995 1.000 
0.031 0.993 0.036 0.993 1.000 
0.035 0.991 0.054 0.993 1.000 
0.031 0.994 0.064 0.975 0.799 
0.024 0.994 0.043 0.988 1.000 
0.030 0.993 0.049 0.980 0.934 
0.035 0.991 0.054 0.978 0.894 
0.042 0.986 0.029 0.993 0.956 
0.029 0.996 0.032 0.995 1.000 
0.044 0.988 0.042 0.985 0.004 
0.039 0.990 0.048 0.985 0.366 
0.031 0.992 0.029 0.995 1.000 
0.034 0.990 0.033 0.993 1.000 
0.025 0.995 0.032 0.995 1.000 
0.025 0.992 0.028 0.995 0.864 
0.038 0.989 0.046 0.988 1.000 
0.032 0.991 0.043 0.993 0.996 
0.030 0.992 0.039 0.993 0.949 
0.024 0.995 0.025 0.995 1.000 
0.046 0.986 0.046 0.995 1.000 
0.033 0.993 0.042 0.988 0.993 
0.033 0.989 0.040 0.988 0.996 
0.030 0.993 0.025 0.995 0.989 
0.027 0.994 0.038 0.988 0.026 
0.035 0.989 0.040 0.985 0.000 
0.033 0.990 0.033 0.990 0.744 
0.027 0.993 0.033 0.995 1.000 
0.029 0.993 0.035 0.990 1.000 
0.033 0.991 0.044 0.988 1.000 
0.030 0.993 0.099 0.968 1.000 
0.027 0.992 0.047 0.990 1.000 
0.031 0.991 0.039 0.983 1.000 
0.027 0.992 0.031 0.995 1.000 
0.027 0.994 0.049 0.978 0.114 
0.033 0.993 0.039 0.985 1.000 
0.029 0.992 0.031 0.990 0.696 
0.039 0.993 0.059 0.973 0.996 
0.037 0.991 0.042 0.980 1.000 
0.030 0.989 0.057 0.978 0.879 
0.036 0.990 0.042 0.983 0.993 
0.032 0.990 0.048 0.990 0.022 
0.030 0.991 0.063 0.973 0.007 
0.026 0.992 0.029 0.990 0.037 
0.032 0.992 0.034 0.990 0.106 
0.021 0.994 0.024 0.995 0.700 
0.027 0.993 0.030 0.993 0.993 
0.026 0.993 0.033 0.988 0.165 
0.025 0.991 0.014 0.995 0.872 
0.033 0.991 0.041 0.978 0.216 
0.027 0.993 0.029 0.990 1.000 
0.035 0.992 0.034 0.990 1.000 
0.029 0.992 0.085 0.963 0.172 
0.032 0.990 0.035 0.993 0.996 
0.016 0.995 0.058 0.973 0.978 
0.042 0.991 0.034 0.988 0.956 
0.024 0.992 0.059 0.975 1.000 
0.030 0.991 0.045 0.983 1.000 
0.020 0.995 0.067 0.970 0.993 
0.025 0.992 0.029 0.988 0.996 
0.032 0.993 0.048 0.983 1.000 
0.029 0.993 0.053 0.980 1.000 
0.028 0.989 0.060 0.983 1.000 
0.032 0.994 0.058 0.975 1.000 
0.027 0.993 0.025 0.990 1.000 
0.022 0.994 0.035 0.985 0.967 
0.027 0.991 0.019 0.995 0.982 
0.033 0.991 0.058 0.975 0.989 
0.038 0.990 0.057 0.975 0.982 
0.027 0.994 0.038 0.988 0.930 
0.028 0.993 0.042 0.988 0.875 
0.024 0.994 0.041 0.983 1.000 
0.028 0.993 0.082 0.970 1.000 
0.028 0.992 0.063 0.975 1.000 
0.023 0.994 0.031 0.988 1.000 
0.022 0.993 0.024 0.995 1.000 
0.034 0.991 0.041 0.988 0.923 
0.037 0.990 0.058 0.975 0.941 
0.025 0.994 0.024 0.995 1.000 
0.023 0.993 0.035 0.983 0.963 
0.026 0.993 0.023 0.995 0.480 
0.025 0.995 0.038 0.988 0.982 
0.027 0.995 0.055 0.980 0.260 
0.031 0.991 0.039 0.988 1.000 
0.031 0.990 0.042 0.983 0.985 
0.020 0.994 0.030 0.988 0.985 
0.024 0.994 0.022 0.995 0.952 
0.024 0.993 0.020 0.995 0.315 
0.031 0.992 0.031 0.990 0.799 
0.025 0.991 0.051 0.980 0.923 
0.024 0.992 0.020 0.995 0.853 
0.029 0.991 0.042 0.988 1.000 
0.023 0.994 0.049 0.978 0.989 
0.030 0.992 0.063 0.980 0.989 
0.027 0.990 0.041 0.983 0.996 
0.027 0.991 0.019 0.995 0.956 
0.023 0.992 0.056 0.978 0.989 
0.024 0.991 0.026 0.993 0.359 
0.023 0.991 0.034 0.985 0.985 
0.021 0.994 0.038 0.983 0.722 
0.023 0.992 0.051 0.978 0.985 
0.026 0.994 0.019 0.995 0.982 
0.023 0.995 0.042 0.983 0.956 
0.021 0.994 0.063 0.973 0.919 
0.024 0.993 0.068 0.970 0.700 
0.023 0.993 0.016 0.995 0.117 
0.028 0.994 0.035 0.988 0.168 
0.028 0.990 0.057 0.980 1.000 
0.023 0.995 0.072 0.970 0.941 
0.026 0.994 0.071 0.965 0.989 
0.028 0.994 0.070 0.970 0.985 
0.031 0.993 0.035 0.988 1.000 
0.028 0.993 0.023 0.995 0.806 
0.024 0.994 0.018 0.995 0.945 
0.026 0.992 0.058 0.975 0.495 
0.023 0.992 0.075 0.970 0.385 
0.026 0.994 0.044 0.978 0.905 
0.029 0.991 0.051 0.975 0.853 
0.023 0.993 0.034 0.995 0.993 
0.019 0.995 0.028 0.993 0.912 
0.024 0.994 0.012 0.995 0.795 
0.025 0.992 0.019 0.995 1.000 
0.025 0.991 0.023 0.995 1.000 
0.021 0.995 0.045 0.983 1.000 
0.029 0.992 0.024 0.990 0.989 
0.041 0.994 0.019 0.998 0.590 
0.022 0.994 0.019 0.995 0.967 
0.023 0.993 0.035 0.988 0.949 
0.034 0.990 0.030 0.993 0.941 
0.021 0.994 0.020 0.995 0.289 
0.019 0.994 0.044 0.980 0.952 
0.020 0.997 0.029 0.990 0.597 
0.026 0.993 0.045 0.985 0.828 
0.024 0.995 0.021 0.993 0.919 
0.036 0.989 0.038 0.988 0.861 
0.024 0.995 0.025 0.995 0.604 
0.019 0.995 0.034 0.985 0.952 
0.028 0.991 0.035 0.985 0.736 
0.018 0.995 0.020 1.000 0.714 
0.017 0.996 0.023 0.995 0.974 
0.025 0.991 0.029 0.990 0.978 
0.014 0.996 0.029 0.990 0.941 
0.029 0.993 0.016 0.995 0.648 
0.025 0.993 0.019 0.995 0.908 
0.025 0.992 0.022 0.995 0.963 
0.028 0.990 0.024 0.995 0.985 
0.028 0.993 0.029 0.990 0.989 
0.025 0.994 0.126 0.980 0.421 
0.035 0.991 0.029 0.993 0.571 
0.020 0.996 0.051 0.985 0.853 
0.031 0.990 0.075 0.968 1.000 
0.022 0.994 0.065 0.975 0.971 
0.021 0.996 0.085 0.970 0.989 
0.026 0.994 0.033 0.988 0.344 
0.022 0.994 0.050 0.978 0.762 
0.031 0.993 0.029 0.988 0.949 
0.026 0.994 0.049 0.980 0.941 
0.025 0.992 0.022 0.995 0.890 
0.021 0.994 0.034 0.978 0.912 
0.021 0.991 0.048 0.980 0.330 
0.022 0.994 0.015 0.995 0.864 
0.021 0.994 0.027 0.990 0.190 
0.024 0.993 0.041 0.985 0.872 
0.022 0.994 0.032 0.990 0.916 
0.015 0.997 0.022 0.995 0.993 
0.025 0.992 0.025 0.998 0.267 
0.035 0.992 0.051 0.978 0.751 
0.021 0.993 0.025 0.990 0.974 
0.027 0.990 0.021 0.990 0.934 
0.033 0.991 0.074 0.970 0.234 
0.026 0.995 0.019 0.993 0.136 
0.019 0.996 0.015 0.995 0.846 
0.023 0.995 0.062 0.978 0.788 
0.027 0.991 0.047 0.983 0.956 
0.024 0.993 0.057 0.978 0.908 
0.021 0.995 0.086 0.970 0.996 
0.027 0.993 0.019 0.995 0.821 
0.024 0.994 0.036 0.985 0.993 
0.020 0.994 0.038 0.985 0.810 
0.024 0.994 0.083 0.973 1.000 
0.023 0.995 0.036 0.995 0.996 
0.021 0.994 0.030 0.993 0.985 
0.019 0.995 0.034 0.993 1.000 
0.020 0.995 0.038 0.985 1.000 
0.031 0.993 0.069 0.973 0.989 
0.021 0.995 0.029 0.995 0.890 
0.021 0.994 0.027 0.993 0.678 
0.015 0.995 0.021 0.993 0.777 
0.035 0.991 0.033 0.995 0.996 
0.021 0.995 0.022 0.995 1.000 
0.022 0.995 0.033 0.985 0.652 
0.023 0.995 0.039 0.990 1.000 
0.021 0.993 0.084 0.963 1.000 
0.019 0.994 0.024 0.993 1.000 
0.024 0.993 0.030 0.995 1.000 
0.026 0.991 0.038 0.985 1.000 
0.025 0.992 0.028 0.988 0.989 
0.027 0.991 0.030 0.995 1.000 
0.024 0.994 0.043 0.988 0.956 
0.017 0.995 0.023 0.995 1.000 
0.022 0.994 0.039 0.988 0.996 
0.030 0.993 0.032 0.995 0.670 
0.021 0.994 0.033 0.988 0.685 
0.033 0.994 0.076 0.973 0.784 
0.026 0.993 0.036 0.988 0.788 
0.024 0.991 0.016 0.995 0.425 
0.020 0.994 0.038 0.983 0.615 
0.017 0.994 0.018 0.995 1.000 
0.019 0.994 0.033 0.993 1.000 
0.037 0.994 0.021 0.995 1.000 
0.016 0.995 0.020 0.995 1.000 
0.018 0.997 0.024 0.995 0.879 
0.023 0.995 0.090 0.973 0.930 
0.025 0.993 0.025 0.995 0.777 
0.027 0.993 0.048 0.980 1.000 
0.018 0.996 0.083 0.970 0.810 
0.019 0.993 0.027 0.993 1.000 
0.024 0.993 0.028 0.990 0.985 
0.021 0.991 0.069 0.965 1.000 
0.020 0.993 0.045 0.978 0.571 
0.018 0.996 0.036 0.983 1.000 
0.020 0.994 0.033 0.985 0.879 
0.018 0.997 0.025 0.995 0.956 
0.015 0.995 0.014 0.995 1.000 
0.011 0.996 0.014 0.995 1.000 
0.035 0.993 0.051 0.978 0.930 
0.020 0.995 0.076 0.973 0.447 
0.020 0.995 0.029 0.995 0.927 
0.032 0.990 0.043 0.980 0.678 
0.020 0.997 0.024 0.995 0.095 
0.022 0.994 0.030 0.995 0.989 
0.018 0.997 0.134 0.950 0.974 
0.019 0.995 0.029 0.993 0.985 
0.047 0.993 0.087 0.965 0.993 
0.029 0.992 0.030 0.995 0.956 
0.020 0.995 0.025 0.995 0.945 
0.013 0.995 0.018 0.995 0.989 
0.032 0.990 0.066 0.975 0.978 
0.019 0.995 0.033 0.985 0.982 
0.030 0.993 0.033 0.993 1.000 
0.031 0.991 0.043 0.978 1.000 
0.028 0.993 0.019 0.995 1.000 
0.018 0.995 0.019 0.995 1.000 
0.022 0.994 0.047 0.975 1.000 
0.018 0.993 0.019 0.995 1.000 
0.028 0.991 0.046 0.978 0.879 
0.017 0.995 0.037 0.983 0.978 
0.017 0.996 0.016 0.995 1.000 
0.030 0.994 0.019 0.995 0.897 
0.029 0.993 0.019 0.995 1.000 
0.022 0.992 0.203 0.948 0.993 
0.026 0.993 0.074 0.968 1.000 
0.024 0.995 0.018 0.995 0.901 
0.022 0.995 0.020 0.995 0.626 
0.018 0.994 0.016 0.995 1.000 
0.013 0.993 0.030 0.995 1.000 
0.016 0.995 0.028 0.993 1.000 
0.026 0.994 0.019 0.995 1.000 
0.023 0.992 0.072 0.973 0.839 
0.018 0.993 0.048 0.988 0.930 
0.021 0.994 0.016 0.998 1.000 
0.022 0.994 0.037 0.990 0.971 
0.021 0.995 0.026 0.995 1.000 
0.017 0.995 0.081 0.970 0.982 
0.025 0.992 0.022 0.995 0.996 
0.022 0.994 0.044 0.980 1.000 
0.016 0.995 0.055 0.973 0.410 
0.023 0.994 0.081 0.975 1.000 
0.035 0.993 0.021 0.995 0.744 
0.014 0.997 0.019 0.995 1.000 
0.016 0.995 0.041 0.980 0.766 
0.026 0.994 0.049 0.983 0.234 
0.027 0.993 0.061 0.975 0.996 
0.023 0.994 0.021 0.995 1.000 
0.017 0.995 0.115 0.963 1.000 
0.020 0.995 0.115 0.948 0.993 
0.014 0.994 0.012 0.995 1.000 
0.021 0.995 0.027 0.995 1.000 
0.016 0.996 0.024 0.995 1.000 
0.023 0.994 0.035 0.983 1.000 
0.022 0.992 0.032 0.988 1.000 
0.022 0.993 0.046 0.988 1.000 
0.014 0.997 0.019 0.995 1.000 
0.015 0.995 0.052 0.980 1.000 
0.026 0.992 0.085 0.965 1.000 
0.015 0.998 0.024 0.995 1.000 
0.034 0.993 0.091 0.960 0.700 
0.021 0.993 0.021 0.995 1.000 
0.020 0.995 0.027 0.995 0.974 
0.039 0.990 0.032 0.990 1.000 
0.022 0.994 0.008 0.998 0.051 
0.020 0.996 0.020 0.995 1.000 
0.027 0.993 0.085 0.970 0.996 
0.062 0.991 0.030 0.995 0.996 
0.020 0.994 0.036 0.983 0.963 
0.024 0.993 0.017 0.995 0.989 
0.012 0.997 0.018 0.995 1.000 
0.029 0.989 0.052 0.973 0.996 
0.018 0.997 0.014 0.995 1.000 
0.017 0.997 0.044 0.985 1.000 
0.021 0.994 0.022 0.995 0.381 
0.018 0.996 0.046 0.975 0.989 
0.017 0.996 0.032 0.995 1.000 
0.015 0.995 0.041 0.983 0.978 
0.025 0.994 0.036 0.985 0.993 
0.018 0.995 0.030 0.990 1.000 
0.028 0.991 0.015 0.995 1.000 
0.021 0.995 0.028 0.993 1.000 
0.018 0.995 0.043 0.988 1.000 
0.017 0.997 0.031 0.993 1.000 
0.021 0.995 0.028 0.995 0.974 
0.028 0.992 0.014 0.995 1.000 
0.012 0.996 0.049 0.980 1.000 
0.019 0.994 0.034 0.988 0.982 
0.025 0.994 0.086 0.965 0.985 
0.022 0.995 0.030 0.993 0.941 
0.018 0.995 0.010 0.995 1.000 
0.018 0.993 0.086 0.963 0.967 
0.021 0.993 0.052 0.978 0.908 
0.012 0.998 0.079 0.973 0.927 
0.022 0.993 0.014 0.995 1.000 
0.018 0.995 0.022 0.998 1.000 
0.012 0.997 0.013 0.998 1.000 
0.028 0.991 0.055 0.975 1.000 
0.036 0.994 0.032 0.995 1.000 
0.008 0.997 0.046 0.983 1.000 
0.017 0.994 0.031 0.990 1.000 
0.020 0.996 0.031 0.990 1.000 
0.013 0.997 0.011 0.995 1.000 
0.020 0.993 0.011 0.998 0.927 
0.015 0.995 0.034 0.985 1.000 
0.019 0.995 0.016 0.995 1.000 
0.015 0.997 0.025 0.990 1.000 
0.033 0.992 0.031 0.993 0.978 
0.018 0.994 0.032 0.988 1.000 
0.018 0.995 0.019 0.995 1.000 
0.016 0.995 0.020 0.995 1.000 
0.029 0.993 0.024 0.995 1.000 
0.014 0.997 0.061 0.970 1.000 
0.018 0.997 0.021 0.995 1.000 
0.017 0.995 0.011 0.998 0.993 
0.026 0.993 0.038 0.983 0.916 
0.012 0.997 0.020 0.995 0.985 
0.020 0.995 0.050 0.980 0.916 
0.020 0.994 0.016 0.998 0.762 
0.049 0.991 0.050 0.978 1.000 
0.016 0.993 0.094 0.968 0.916 
0.018 0.995 0.019 0.995 0.883 
0.017 0.996 0.032 0.993 0.696 
0.011 0.997 0.034 0.983 0.989 
0.029 0.992 0.031 0.995 1.000 
0.018 0.993 0.031 0.990 1.000 
0.012 0.997 0.018 0.998 1.000 
0.032 0.995 0.150 0.970 0.956 
0.015 0.996 0.031 0.993 1.000 
0.017 0.995 0.022 0.995 1.000 
0.020 0.995 0.020 0.995 1.000 
0.020 0.994 0.015 0.998 1.000 
0.019 0.995 0.043 0.978 1.000 
0.013 0.996 0.019 0.995 1.000 
0.018 0.995 0.031 0.988 1.000 
0.028 0.994 0.025 0.995 1.000 
0.016 0.994 0.031 0.993 1.000 
0.020 0.994 0.064 0.978 1.000 
0.016 0.995 0.157 0.935 1.000 
0.024 0.994 0.037 0.995 1.000 
0.019 0.993 0.023 0.995 1.000 
0.018 0.995 0.019 0.995 1.000 
0.026 0.994 0.077 0.973 1.000 
0.016 0.995 0.037 0.988 1.000 
0.022 0.994 0.034 0.988 1.000 
0.018 0.995 0.024 0.995 1.000 
0.020 0.994 0.099 0.965 1.000 
0.020 0.995 0.052 0.978 0.978 
0.010 0.997 0.023 0.993 1.000 
0.015 0.995 0.020 0.993 1.000 
0.021 0.994 0.049 0.978 1.000 
0.022 0.995 0.027 0.995 1.000 
0.030 0.992 0.088 0.970 1.000 
0.021 0.994 0.020 0.995 1.000 
0.022 0.994 0.101 0.965 1.000 
0.012 0.997 0.022 0.995 1.000 
0.024 0.993 0.037 0.978 1.000 
0.025 0.993 0.028 0.995 1.000 
0.023 0.993 0.033 0.990 1.000 
0.015 0.994 0.051 0.978 1.000 
0.013 0.995 0.031 0.988 1.000 
0.023 0.992 0.024 0.995 1.000 
0.022 0.992 0.088 0.960 1.000 
0.021 0.993 0.019 0.995 1.000 
0.015 0.993 0.084 0.960 1.000 
0.013 0.996 0.015 0.998 1.000 
0.008 0.997 0.067 0.975 1.000 
0.015 0.997 0.022 0.995 1.000 
0.020 0.995 0.070 0.978 1.000 
0.014 0.994 0.016 0.995 1.000 
0.026 0.994 0.038 0.993 1.000 
0.013 0.996 0.142 0.943 1.000 
0.023 0.994 0.085 0.965 1.000 
0.016 0.995 0.034 0.995 1.000 
0.015 0.994 0.026 0.990 1.000 
0.020 0.995 0.025 0.993 1.000 
0.024 0.991 0.048 0.978 1.000 
0.015 0.998 0.044 0.978 1.000 
0.021 0.993 0.015 0.995 1.000 
0.020 0.997 0.053 0.978 1.000 
0.011 0.998 0.018 0.995 1.000 
0.019 0.995 0.088 0.963 1.000 
0.017 0.995 0.041 0.988 1.000 
0.021 0.993 0.055 0.975 1.000 
0.011 0.998 0.017 0.995 1.000 
0.013 0.997 0.018 0.995 1.000 
0.017 0.996 0.041 0.980 1.000 
0.016 0.993 0.091 0.968 0.993 
0.021 0.992 0.035 0.978 1.000 
0.014 0.995 0.040 0.990 1.000 
0.014 0.996 0.014 0.995 1.000 
0.016 0.995 0.017 0.995 1.000 
0.024 0.993 0.018 0.995 1.000 
0.011 0.995 0.030 0.990 1.000 
0.024 0.993 0.060 0.973 1.000 
0.020 0.995 0.107 0.948 1.000 
0.037 0.995 0.043 0.980 1.000 
0.025 0.994 0.048 0.978 1.000 
0.014 0.996 0.024 0.993 1.000 
0.020 0.995 0.061 0.978 1.000 
0.024 0.991 0.091 0.960 1.000 
0.012 0.997 0.054 0.978 0.985 
0.015 0.993 0.022 0.993 1.000 
0.040 0.994 0.043 0.978 1.000 
0.024 0.993 0.017 0.995 1.000 
0.015 0.997 0.060 0.978 1.000 
0.023 0.994 0.054 0.978 1.000 
0.027 0.994 0.072 0.975 1.000 
0.020 0.994 0.020 0.995 1.000 
0.008 0.997 0.025 0.995 1.000 
0.014 0.995 0.024 0.995 1.000 
0.025 0.993 0.014 0.995 1.000 
0.024 0.994 0.028 0.988 1.000 
0.015 0.995 0.049 0.978 1.000 
0.026 0.993 0.015 0.995 1.000 
0.021 0.991 0.023 0.993 1.000 
0.019 0.993 0.039 0.980 1.000 
0.015 0.995 0.019 0.995 1.000 
0.024 0.993 0.072 0.963 1.000 
0.016 0.995 0.041 0.978 1.000 
0.016 0.994 0.013 0.995 1.000 
0.016 0.997 0.015 0.995 1.000 
0.010 0.997 0.032 0.988 1.000 
0.021 0.994 0.093 0.960 1.000 
0.010 0.997 0.016 0.995 1.000 
0.038 0.994 0.087 0.963 1.000 
0.020 0.995 0.028 0.990 1.000 
0.015 0.995 0.043 0.978 1.000 
0.019 0.992 0.064 0.973 1.000 
0.014 0.994 0.050 0.973 1.000 
0.014 0.995 0.036 0.980 1.000 
0.022 0.993 0.016 0.995 1.000 
0.018 0.993 0.027 0.990 1.000 
0.018 0.995 0.020 0.995 1.000 
0.012 0.995 0.027 0.993 1.000 
0.018 0.995 0.023 0.995 1.000 
0.019 0.996 0.017 0.998 1.000 
0.018 0.994 0.059 0.973 1.000 
0.014 0.994 0.048 0.973 1.000 
0.018 0.995 0.058 0.975 1.000 
0.018 0.995 0.043 0.978 1.000 
0.022 0.994 0.108 0.953 1.000 
0.012 0.998 0.034 0.983 1.000 
0.012 0.998 0.017 0.995 0.996 
0.009 0.997 0.093 0.960 0.996 
0.009 0.998 0.018 0.993 0.985 
0.040 0.993 0.052 0.975 1.000 
0.036 0.995 0.150 0.990 1.000 
0.039 0.994 0.020 0.995 1.000 
0.016 0.995 0.029 0.993 1.000 
0.007 0.998 0.043 0.978 1.000 
0.011 0.995 0.021 0.993 1.000 
0.025 0.993 0.048 0.975 1.000 
0.028 0.994 0.047 0.975 1.000 
0.015 0.994 0.026 0.993 1.000 
0.018 0.995 0.039 0.983 1.000 
0.011 0.997 0.012 0.995 1.000 
0.012 0.996 0.018 0.995 1.000 
0.011 0.997 0.019 0.995 1.000 
0.024 0.991 0.071 0.973 1.000 
0.015 0.996 0.015 0.995 1.000 
0.021 0.994 0.054 0.978 1.000 
0.015 0.996 0.023 0.995 1.000 
0.012 0.997 0.018 0.995 0.996 
0.020 0.994 0.058 0.983 1.000 
0.023 0.997 0.035 0.993 0.993 
0.025 0.996 0.050 0.975 0.989 
0.024 0.995 0.019 0.995 1.000 
0.033 0.992 0.023 0.995 1.000 
0.012 0.996 0.022 0.993 1.000 
0.014 0.996 0.022 0.995 1.000 
0.021 0.994 0.026 0.993 1.000 
0.011 0.996 0.014 0.995 0.766 
0.012 0.995 0.014 0.995 1.000 
0.020 0.993 0.031 0.988 0.996 
0.030 0.993 0.091 0.960 0.989 
0.010 0.997 0.023 0.993 1.000 
0.019 0.995 0.041 0.985 1.000 
0.017 0.996 0.040 0.983 1.000 
0.020 0.993 0.025 0.995 1.000 
0.015 0.994 0.023 0.995 1.000 
0.017 0.995 0.040 0.985 1.000 
0.016 0.995 0.022 0.995 1.000 
0.020 0.996 0.020 0.995 1.000 
0.017 0.994 0.021 0.993 1.000 
0.008 0.998 0.046 0.985 1.000 
0.014 0.995 0.037 0.985 1.000 
0.017 0.997 0.018 0.995 0.996 
0.019 0.993 0.016 0.995 1.000 
0.014 0.996 0.013 0.998 1.000 
0.013 0.997 0.044 0.980 1.000 
0.012 0.997 0.066 0.973 1.000 
0.012 0.997 0.019 0.995 1.000 
0.011 0.997 0.017 0.998 1.000 
0.015 0.994 0.053 0.978 1.000 
0.016 0.997 0.019 0.995 1.000 
0.020 0.994 0.018 0.995 1.000 
0.017 0.994 0.022 0.995 1.000 
0.021 0.995 0.016 0.995 1.000 
0.017 0.992 0.077 0.975 1.000 
0.020 0.994 0.055 0.973 1.000 
0.012 0.996 0.025 0.990 1.000 
0.014 0.998 0.023 0.995 1.000 
0.015 0.995 0.113 0.958 1.000 
0.019 0.995 0.022 0.993 1.000 
0.032 0.997 0.029 0.990 1.000 
0.012 0.995 0.034 0.983 1.000 
0.018 0.994 0.096 0.963 1.000 
0.026 0.993 0.038 0.985 1.000 
0.015 0.996 0.015 0.995 1.000 
0.015 0.994 0.016 0.995 1.000 
0.012 0.995 0.014 0.995 1.000 
0.022 0.997 0.022 0.995 1.000 
0.025 0.993 0.022 0.995 1.000 
0.016 0.995 0.067 0.975 1.000 
0.006 0.999 0.059 0.978 1.000 
0.024 0.994 0.111 0.963 1.000 
0.032 0.993 0.197 0.925 1.000 
0.009 0.998 0.062 0.983 1.000 
0.017 0.994 0.032 0.990 1.000 
0.015 0.994 0.104 0.963 1.000 
0.007 0.997 0.021 0.995 1.000 
0.018 0.994 0.030 0.990 1.000 
0.015 0.996 0.035 0.980 1.000 
0.014 0.993 0.053 0.978 1.000 
0.015 0.997 0.056 0.978 1.000 
0.009 0.997 0.016 0.995 1.000 
0.012 0.995 0.036 0.978 1.000 
0.013 0.995 0.070 0.973 1.000 
0.020 0.994 0.087 0.968 1.000 
0.005 0.999 0.014 0.998 1.000 
0.021 0.995 0.019 0.995 1.000 
0.013 0.996 0.059 0.978 1.000 
0.018 0.993 0.040 0.978 1.000 
0.018 0.995 0.039 0.978 1.000 
0.015 0.995 0.024 0.995 1.000 
0.015 0.996 0.068 0.975 1.000 
0.016 0.996 0.028 0.993 1.000 
0.018 0.995 0.017 0.995 1.000 
0.016 0.997 0.036 0.988 1.000 
0.011 0.996 0.024 0.995 1.000 
0.018 0.995 0.021 0.995 1.000 
0.018 0.993 0.023 0.995 1.000 
0.021 0.995 0.081 0.960 1.000 
0.016 0.995 0.303 0.935 0.385 
0.020 0.994 0.050 0.980 1.000 
0.009 0.996 0.027 0.990 1.000 
0.011 0.998 0.056 0.980 1.000 
0.015 0.997 0.017 0.995 1.000 
0.019 0.995 0.059 0.973 0.996 
0.014 0.993 0.023 0.993 0.996 
0.018 0.995 0.016 0.998 1.000 
0.019 0.995 0.047 0.978 1.000 
0.019 0.995 0.024 0.993 0.993 
0.025 0.994 0.046 0.980 1.000 
0.010 0.995 0.022 0.993 1.000 
0.030 0.993 0.027 0.990 0.996 
0.018 0.996 0.086 0.965 1.000 
0.014 0.995 0.120 0.955 1.000 
0.013 0.996 0.058 0.975 1.000 
0.041 0.991 0.079 0.968 1.000 
0.023 0.993 0.037 0.988 1.000 
0.009 0.998 0.115 0.970 1.000 
0.020 0.994 0.021 0.993 1.000 
0.011 0.997 0.024 0.993 1.000 
0.020 0.996 0.141 0.950 1.000 
0.016 0.995 0.022 0.995 1.000 
0.025 0.992 0.023 0.995 1.000 
0.011 0.997 0.018 0.998 1.000 
0.027 0.993 0.059 0.975 1.000 
0.014 0.993 0.027 0.988 1.000 
0.014 0.997 0.022 0.993 1.000 
0.023 0.996 0.020 0.995 1.000 
0.012 0.995 0.015 0.998 0.985 
0.011 0.998 0.019 0.995 1.000 
0.015 0.995 0.020 0.995 1.000 
0.019 0.995 0.036 0.993 1.000 
0.014 0.995 0.017 0.995 0.930 
0.013 0.995 0.025 0.990 0.839 
0.014 0.997 0.018 0.995 0.868 
0.009 0.997 0.141 0.955 0.861 
0.014 0.995 0.019 0.995 0.989 
0.019 0.996 0.022 0.993 0.568 
0.012 0.996 0.038 0.988 1.000 
0.017 0.995 0.063 0.975 0.945 
0.025 0.993 0.030 0.993 0.685 
0.021 0.994 0.023 0.995 0.993 
0.009 0.997 0.022 0.993 0.996 
0.016 0.995 0.013 0.998 0.853 
0.013 0.996 0.045 0.980 0.579 
0.020 0.995 0.036 0.980 0.106 
0.013 0.997 0.015 0.998 0.996 
0.016 0.994 0.015 0.998 0.648 
0.012 0.997 0.017 0.995 0.758 
0.017 0.995 0.022 0.993 0.549 
0.026 0.991 0.028 0.993 1.000 
0.007 0.998 0.015 0.995 0.963 
0.020 0.994 0.058 0.975 0.989 
0.015 0.995 0.023 0.995 0.993 
0.009 0.997 0.017 0.995 0.996 
0.015 0.997 0.022 0.995 1.000 
0.018 0.995 0.020 0.995 0.974 
0.016 0.995 0.023 0.995 1.000 
0.021 0.994 0.023 0.995 1.000 
0.020 0.994 0.018 0.995 1.000 
0.019 0.993 0.018 0.995 1.000 
0.018 0.995 0.024 0.995 0.967 
0.012 0.995 0.031 0.983 0.861 
0.006 0.998 0.015 0.998 0.795 
0.017 0.994 0.025 0.990 1.000 
0.017 0.994 0.023 0.995 1.000 
0.009 0.998 0.013 0.998 1.000 
0.017 0.994 0.016 0.995 1.000 
0.015 0.995 0.041 0.980 1.000 
0.009 0.997 0.008 0.998 1.000 
0.007 0.998 0.035 0.988 1.000 
0.006 0.998 0.045 0.983 1.000 
0.026 0.994 0.018 0.995 1.000 
0.013 0.996 0.016 0.995 1.000 
0.015 0.994 0.018 0.995 0.022 
0.020 0.995 0.031 0.993 0.996 
0.011 0.997 0.061 0.978 1.000 
0.010 0.997 0.069 0.973 0.982 
0.018 0.995 0.013 0.998 0.872 
0.021 0.993 0.016 0.995 0.853 
0.014 0.994 0.017 0.995 0.795 
0.016 0.995 0.024 0.995 0.967 
0.018 0.994 0.030 0.990 0.608 
0.019 0.997 0.050 0.980 0.982 
0.013 0.996 0.032 0.985 0.806 
0.025 0.995 0.024 0.993 0.960 
0.013 0.995 0.015 0.995 0.795 
0.017 0.995 0.016 0.995 0.886 
0.010 0.997 0.039 0.985 0.916 
0.015 0.996 0.020 0.995 1.000 
0.014 0.995 0.015 0.995 0.557 
0.018 0.995 0.033 0.990 1.000 
0.014 0.995 0.062 0.983 1.000 
0.022 0.995 0.023 0.995 1.000 
0.011 0.998 0.043 0.983 0.985 
0.021 0.997 0.035 0.993 1.000 
0.016 0.995 0.013 0.998 0.886 
0.019 0.994 0.025 0.995 0.901 
0.017 0.995 0.047 0.985 0.956 
0.015 0.997 0.081 0.970 0.978 
0.017 0.994 0.030 0.995 0.985 
0.008 0.997 0.026 0.995 0.670 
0.026 0.995 0.042 0.985 0.930 
0.013 0.998 0.031 0.995 0.993 
0.011 0.996 0.053 0.980 0.886 
0.018 0.995 0.059 0.975 1.000 
0.014 0.996 0.019 0.995 1.000 
0.025 0.993 0.016 0.995 1.000 
0.014 0.996 0.017 0.995 1.000 
0.020 0.995 0.023 0.995 1.000 
0.025 0.995 0.021 0.995 1.000 
0.040 0.994 0.021 0.993 0.996 
0.011 0.997 0.020 0.993 1.000 
0.019 0.995 0.031 0.993 1.000 
0.013 0.997 0.028 0.990 0.989 
0.014 0.995 0.047 0.983 1.000 
0.017 0.996 0.014 0.995 1.000 
0.013 0.996 0.063 0.975 0.996 
0.025 0.994 0.019 0.995 1.000 
0.014 0.997 0.033 0.990 1.000 
0.015 0.996 0.050 0.988 0.993 
0.027 0.996 0.025 0.995 1.000 
0.009 0.998 0.024 0.993 1.000 
0.017 0.995 0.028 0.993 1.000 
0.013 0.997 0.024 0.995 1.000 
0.014 0.994 0.044 0.978 1.000 
0.016 0.995 0.037 0.988 1.000 
0.012 0.998 0.039 0.983 1.000 
0.009 0.997 0.023 0.995 1.000 
0.017 0.997 0.019 0.995 1.000 
0.017 0.995 0.018 0.995 1.000 
0.080 0.992 0.093 0.960 1.000 
0.020 0.994 0.030 0.990 1.000 
0.011 0.997 0.059 0.973 1.000 
0.015 0.995 0.027 0.990 1.000 
0.016 0.995 0.021 0.993 1.000 
0.033 0.996 0.028 0.993 1.000 
0.018 0.995 0.021 0.995 1.000 
0.017 0.997 0.062 0.975 1.000 
0.020 0.993 0.021 0.995 1.000 
0.008 0.997 0.068 0.978 1.000 
0.023 0.994 0.015 0.995 1.000 
0.023 0.994 0.038 0.980 1.000 
0.014 0.995 0.048 0.975 1.000 
0.012 0.997 0.041 0.985 1.000 
0.017 0.995 0.028 0.993 1.000 
0.016 0.995 0.032 0.990 1.000 
0.020 0.994 0.040 0.988 0.996 
0.019 0.995 0.017 0.995 1.000 
0.021 0.994 0.091 0.968 1.000 
0.013 0.997 0.068 0.975 1.000 
0.020 0.994 0.029 0.993 1.000 
0.021 0.996 0.031 0.993 1.000 
0.014 0.996 0.040 0.983 1.000 
0.017 0.995 0.049 0.980 1.000 
0.015 0.995 0.016 0.998 0.996 
0.029 0.994 0.048 0.978 1.000 
0.022 0.993 0.052 0.975 1.000 
0.020 0.994 0.033 0.990 1.000 
0.011 0.995 0.021 0.993 1.000 
0.018 0.994 0.045 0.980 1.000 
0.009 0.997 0.031 0.990 1.000 
0.013 0.997 0.032 0.988 1.000 
0.016 0.993 0.018 0.995 1.000 
0.020 0.995 0.038 0.983 1.000 
0.013 0.994 0.021 0.995 1.000 
0.015 0.994 0.078 0.973 1.000 
0.013 0.996 0.046 0.975 1.000 
0.014 0.995 0.029 0.988 1.000 
0.019 0.995 0.091 0.968 1.000 
0.018 0.995 0.023 0.993 1.000 
0.019 0.993 0.018 0.995 1.000 
0.024 0.997 0.015 0.995 1.000 
0.048 0.994 0.054 0.993 1.000 
0.008 0.997 0.016 0.995 0.996 
0.020 0.996 0.037 0.988 1.000 
0.017 0.995 0.024 0.995 1.000 
0.013 0.995 0.023 0.995 1.000 
0.020 0.994 0.049 0.978 1.000 
0.015 0.993 0.024 0.995 1.000 
0.018 0.995 0.016 0.995 1.000 
0.016 0.997 0.055 0.975 1.000 
0.014 0.997 0.011 0.995 1.000 
0.014 0.995 0.025 0.993 1.000 
0.007 0.998 0.033 0.990 1.000 
0.015 0.995 0.023 0.995 1.000 
0.014 0.995 0.024 0.995 1.000 
0.015 0.994 0.018 0.995 1.000 
0.015 0.997 0.016 0.995 0.996 
0.021 0.991 0.049 0.980 1.000 
0.014 0.994 0.022 0.993 1.000 
0.018 0.993 0.034 0.988 1.000 
0.013 0.996 0.027 0.993 1.000 
0.014 0.995 0.025 0.993 1.000 
0.017 0.997 0.024 0.993 1.000 
0.013 0.996 0.040 0.983 1.000 
0.020 0.994 0.048 0.983 1.000 
0.022 0.993 0.147 0.948 1.000 
0.012 0.995 0.068 0.973 1.000 
0.009 0.997 0.032 0.990 1.000 
0.015 0.997 0.030 0.990 1.000 
0.010 0.998 0.031 0.993 1.000 
0.012 0.997 0.032 0.988 1.000 
0.020 0.994 0.055 0.975 1.000 
0.013 0.994 0.015 0.998 1.000 
0.021 0.994 0.023 0.993 1.000 
0.017 0.995 0.024 0.993 0.996 
0.014 0.996 0.023 0.993 1.000 
0.020 0.994 0.017 0.995 1.000 
0.025 0.995 0.162 0.953 1.000 
0.023 0.996 0.023 0.995 1.000 
0.028 0.994 0.026 0.993 0.993 
0.013 0.995 0.080 0.970 1.000 
0.024 0.994 0.117 0.958 0.619 
0.017 0.994 0.038 0.985 1.000 
0.011 0.997 0.021 0.995 0.985 
0.027 0.991 0.028 0.993 0.989 
0.022 0.995 0.040 0.978 1.000 
0.011 0.997 0.045 0.980 0.996 
0.017 0.994 0.060 0.975 0.996 
0.018 0.995 0.032 0.993 1.000 
0.019 0.994 0.013 0.998 0.978 
0.022 0.994 0.024 0.993 0.996 
0.026 0.994 0.038 0.990 1.000 
0.015 0.998 0.061 0.988 0.974 
0.020 0.993 0.016 0.995 1.000 
0.018 0.996 0.051 0.983 1.000 
0.009 0.997 0.087 0.978 1.000 
0.010 0.997 0.109 0.970 1.000 
0.017 0.995 0.019 0.995 1.000 
0.011 0.996 0.028 0.993 0.996 
0.016 0.995 0.014 0.995 0.982 
0.017 0.997 0.020 0.995 1.000 
0.012 0.995 0.066 0.973 1.000 
0.013 0.997 0.073 0.973 0.996 
0.011 0.998 0.111 0.960 0.960 
0.017 0.993 0.019 0.995 0.989 
0.019 0.997 0.127 0.955 1.000 
0.019 0.994 0.022 0.990 1.000 
0.025 0.993 0.061 0.975 1.000 
0.022 0.994 0.035 0.990 1.000 
0.015 0.996 0.022 0.993 0.568 
0.023 0.995 0.034 0.990 1.000 
0.008 0.996 0.072 0.990 0.897 
0.013 0.995 0.023 0.993 1.000 
0.013 0.995 0.056 0.983 1.000 
0.019 0.995 0.031 0.988 0.989 
0.008 0.998 0.026 0.993 0.971 
0.016 0.995 0.026 0.990 0.890 
0.015 0.994 0.034 0.988 0.996 
0.016 0.997 0.020 0.995 1.000 
0.014 0.996 0.027 0.993 1.000 
0.024 0.993 0.031 0.993 1.000 
0.015 0.997 0.022 0.995 0.447 
0.014 0.997 0.023 0.993 0.982 
0.027 0.994 0.030 0.990 1.000 
0.017 0.994 0.019 0.995 1.000 
0.018 0.994 0.063 0.978 1.000 
0.013 0.996 0.019 0.993 1.000 
0.015 0.995 0.016 0.995 1.000 
0.011 0.997 0.019 0.993 1.000 
0.016 0.994 0.026 0.990 0.557 
0.007 0.997 0.083 0.975 1.000 
0.018 0.995 0.023 0.993 1.000 
0.022 0.994 0.024 0.993 1.000 
0.013 0.995 0.079 0.970 1.000 
0.016 0.996 0.084 0.968 1.000 
0.012 0.997 0.085 0.973 1.000 
0.019 0.996 0.052 0.983 1.000 
0.010 0.997 0.019 0.995 1.000 
0.021 0.994 0.070 0.975 1.000 
0.018 0.995 0.067 0.978 1.000 
0.010 0.995 0.045 0.978 1.000 
0.011 0.997 0.111 0.973 1.000 
0.011 0.997 0.023 0.993 1.000 
0.017 0.995 0.065 0.973 1.000 
0.026 0.993 0.041 0.988 1.000 
0.016 0.994 0.030 0.990 1.000 
0.014 0.997 0.049 0.980 1.000 
0.012 0.997 0.046 0.980 1.000 
0.018 0.994 0.083 0.975 1.000 
0.022 0.994 0.025 0.995 1.000 
0.021 0.994 0.021 0.995 1.000 
0.011 0.995 0.100 0.968 1.000 
0.011 0.996 0.035 0.990 1.000 
0.017 0.994 0.028 0.990 1.000 
0.013 0.996 0.035 0.990 1.000 
0.023 0.992 0.079 0.973 1.000 
0.010 0.997 0.015 0.995 0.484 
0.018 0.994 0.015 0.995 0.996 
0.024 0.997 0.077 0.973 0.593 
0.029 0.994 0.019 0.995 0.916 
0.027 0.993 0.015 0.995 1.000 
0.015 0.996 0.019 0.995 1.000 
0.016 0.995 0.032 0.985 1.000 
0.014 0.995 0.063 0.975 1.000 
0.025 0.997 0.038 0.988 1.000 
0.021 0.994 0.037 0.988 0.989 
0.016 0.995 0.019 0.995 0.971 
0.008 0.997 0.041 0.988 1.000 
0.010 0.998 0.067 0.975 1.000 
0.022 0.997 0.086 0.963 0.755 
0.014 0.995 0.087 0.968 1.000 
0.009 0.997 0.025 0.995 1.000 
0.007 0.998 0.255 0.968 1.000 
0.014 0.997 0.035 0.988 1.000 
0.015 0.996 0.079 0.990 1.000 
0.014 0.995 0.019 0.995 1.000 
0.010 0.997 0.017 0.995 1.000 
0.015 0.996 0.016 0.995 1.000 
0.016 0.994 0.024 0.995 1.000 
