0.300 0.881 0.295 0.885 0.946 
0.193 0.930 0.198 0.935 0.955 
0.154 0.943 0.163 0.943 0.971 
0.139 0.944 0.109 0.963 0.981 
0.151 0.951 0.095 0.980 0.994 
0.115 0.963 0.169 0.935 0.827 
0.113 0.963 0.090 0.978 0.994 
0.101 0.968 0.124 0.945 0.978 
0.102 0.962 0.106 0.955 0.990 
0.105 0.965 0.130 0.945 0.968 
0.095 0.969 0.088 0.980 0.901 
0.085 0.972 0.064 0.983 0.927 
0.082 0.971 0.087 0.973 0.990 
0.072 0.980 0.063 0.980 0.978 
0.078 0.976 0.075 0.980 0.990 
0.070 0.977 0.087 0.970 1.000 
0.072 0.976 0.151 0.945 0.978 
0.055 0.987 0.102 0.960 1.000 
0.062 0.980 0.066 0.983 0.958 
0.064 0.982 0.068 0.983 0.984 
0.058 0.984 0.058 0.983 0.990 
0.075 0.979 0.115 0.955 1.000 
0.081 0.978 0.083 0.980 0.994 
0.050 0.986 0.073 0.983 0.994 
0.075 0.977 0.103 0.955 0.990 
0.059 0.984 0.083 0.960 0.984 
0.059 0.978 0.102 0.978 0.911 
0.070 0.980 0.078 0.973 0.994 
0.058 0.984 0.104 0.963 1.000 
0.057 0.982 0.096 0.970 0.521 
0.071 0.977 0.067 0.983 0.997 
0.053 0.984 0.072 0.980 0.990 
0.065 0.980 0.080 0.978 1.000 
0.051 0.984 0.062 0.980 0.997 
0.058 0.984 0.063 0.985 0.994 
0.061 0.985 0.080 0.978 0.923 
0.050 0.985 0.077 0.980 0.249 
0.047 0.986 0.074 0.980 0.984 
0.044 0.988 0.061 0.985 0.377 
0.050 0.982 0.061 0.985 0.971 
0.052 0.985 0.076 0.980 1.000 
0.041 0.988 0.053 0.983 0.997 
0.060 0.982 0.070 0.983 0.987 
0.052 0.985 0.085 0.965 0.994 
0.042 0.988 0.081 0.975 0.847 
0.048 0.985 0.067 0.980 0.994 
0.045 0.989 0.055 0.983 0.990 
0.046 0.989 0.071 0.985 0.990 
0.039 0.989 0.060 0.983 0.987 
0.052 0.982 0.070 0.978 0.997 
0.034 0.991 0.053 0.983 0.994 
0.037 0.991 0.073 0.973 0.987 
0.055 0.984 0.075 0.973 0.990 
0.040 0.988 0.054 0.983 0.990 
0.042 0.987 0.077 0.973 0.987 
0.045 0.988 0.120 0.958 0.994 
0.058 0.984 0.060 0.983 0.990 
0.042 0.989 0.075 0.970 0.994 
0.038 0.990 0.059 0.983 0.994 
0.047 0.987 0.059 0.983 0.968 
0.037 0.988 0.058 0.983 0.990 
0.045 0.988 0.062 0.983 1.000 
0.040 0.990 0.052 0.985 0.974 
0.048 0.986 0.065 0.985 0.997 
0.043 0.991 0.060 0.983 1.000 
0.039 0.990 0.055 0.985 0.962 
0.043 0.988 0.047 0.983 0.997 
0.035 0.990 0.069 0.980 0.470 
0.047 0.989 0.111 0.953 0.971 
0.041 0.987 0.062 0.983 0.990 
0.025 0.993 0.080 0.965 0.987 
0.035 0.990 0.060 0.983 0.958 
0.045 0.989 0.074 0.968 0.984 
0.038 0.991 0.092 0.960 0.965 
0.044 0.990 0.078 0.980 1.000 
0.042 0.986 0.065 0.983 0.994 
0.035 0.989 0.073 0.980 0.927 
0.029 0.992 0.055 0.983 0.997 
0.043 0.984 0.052 0.985 0.684 
0.035 0.990 0.070 0.985 1.000 
0.051 0.985 0.075 0.978 0.994 
0.039 0.990 0.049 0.985 0.987 
0.036 0.990 0.072 0.968 0.987 
0.037 0.988 0.055 0.985 0.994 
0.029 0.991 0.055 0.985 0.997 
0.024 0.995 0.069 0.980 0.990 
0.043 0.986 0.072 0.980 0.997 
0.038 0.991 0.056 0.983 0.457 
0.039 0.993 0.057 0.983 0.974 
0.038 0.986 0.107 0.958 0.994 
0.035 0.990 0.065 0.980 0.946 
0.034 0.991 0.061 0.983 1.000 
0.039 0.991 0.053 0.985 0.642 
0.033 0.993 0.053 0.985 0.824 
0.042 0.991 0.059 0.983 1.000 
0.034 0.990 0.053 0.983 0.843 
0.028 0.989 0.050 0.985 1.000 
0.041 0.989 0.068 0.980 0.990 
0.035 0.990 0.065 0.980 1.000 
0.040 0.989 0.137 0.948 0.990 
0.039 0.990 0.088 0.965 0.978 
0.035 0.988 0.207 0.950 0.987 
0.050 0.988 0.081 0.980 1.000 
0.039 0.989 0.055 0.983 0.994 
0.038 0.989 0.064 0.980 0.981 
0.039 0.991 0.071 0.980 0.987 
0.030 0.992 0.055 0.983 0.396 
0.049 0.985 0.056 0.985 0.978 
0.023 0.994 0.048 0.983 0.994 
0.029 0.992 0.053 0.983 0.936 
0.031 0.991 0.049 0.983 0.997 
0.034 0.990 0.051 0.985 0.990 
0.042 0.988 0.063 0.983 0.994 
0.030 0.991 0.067 0.983 0.990 
0.019 0.995 0.053 0.985 0.994 
0.048 0.989 0.052 0.985 0.859 
0.036 0.993 0.056 0.985 0.984 
0.034 0.991 0.057 0.983 0.994 
0.037 0.993 0.051 0.983 1.000 
0.034 0.989 0.049 0.983 0.936 
0.041 0.989 0.073 0.973 0.997 
0.038 0.991 0.068 0.985 0.984 
0.049 0.982 0.076 0.985 1.000 
0.028 0.992 0.088 0.970 0.994 
0.027 0.993 0.056 0.985 1.000 
0.038 0.990 0.081 0.983 0.994 
0.038 0.989 0.069 0.980 0.888 
0.026 0.994 0.060 0.980 0.997 
0.043 0.991 0.060 0.983 1.000 
0.029 0.993 0.067 0.978 0.760 
0.029 0.992 0.068 0.978 0.997 
0.039 0.988 0.047 0.985 0.997 
0.025 0.993 0.060 0.980 0.997 
0.025 0.993 0.053 0.985 0.997 
0.032 0.991 0.059 0.980 0.987 
0.025 0.994 0.049 0.985 0.754 
0.032 0.993 0.074 0.980 0.930 
0.030 0.993 0.072 0.975 0.981 
0.039 0.989 0.059 0.980 0.958 
0.028 0.992 0.071 0.968 0.987 
0.029 0.990 0.064 0.983 0.987 
0.026 0.993 0.052 0.983 1.000 
0.023 0.994 0.075 0.980 0.997 
0.030 0.991 0.062 0.983 0.994 
0.028 0.990 0.080 0.983 0.990 
0.023 0.995 0.066 0.980 0.990 
0.027 0.992 0.068 0.978 0.994 
0.032 0.993 0.060 0.983 0.997 
0.036 0.990 0.056 0.983 0.997 
0.023 0.993 0.075 0.980 0.997 
0.040 0.990 0.065 0.970 0.984 
0.028 0.993 0.112 0.950 0.984 
0.030 0.993 0.064 0.983 0.984 
0.030 0.992 0.100 0.965 0.882 
0.032 0.991 0.067 0.983 0.994 
0.031 0.993 0.053 0.983 0.984 
0.021 0.994 0.096 0.965 0.990 
0.040 0.989 0.131 0.960 0.942 
0.029 0.992 0.065 0.983 0.952 
0.036 0.990 0.044 0.985 0.974 
0.028 0.993 0.055 0.983 0.863 
0.040 0.994 0.055 0.985 0.939 
0.030 0.995 0.058 0.985 0.847 
0.034 0.990 0.053 0.983 0.997 
0.025 0.990 0.047 0.983 0.978 
0.023 0.994 0.052 0.985 0.473 
0.030 0.991 0.045 0.985 0.974 
0.031 0.991 0.062 0.983 0.994 
0.029 0.992 0.085 0.975 0.994 
0.035 0.990 0.084 0.985 1.000 
0.030 0.993 0.059 0.983 0.994 
0.035 0.990 0.053 0.985 0.374 
0.028 0.993 0.049 0.983 0.984 
0.027 0.993 0.057 0.983 0.990 
0.035 0.993 0.049 0.983 0.994 
0.022 0.994 0.046 0.983 0.869 
0.027 0.992 0.057 0.980 0.987 
0.020 0.993 0.074 0.985 0.949 
0.023 0.993 0.056 0.985 0.981 
0.030 0.991 0.051 0.983 0.990 
0.046 0.991 0.053 0.983 0.974 
0.026 0.994 0.069 0.983 0.990 
0.024 0.993 0.102 0.960 0.968 
0.024 0.995 0.055 0.988 0.965 
0.039 0.990 0.062 0.985 0.942 
0.028 0.992 0.054 0.983 0.984 
0.034 0.991 0.054 0.985 1.000 
0.031 0.992 0.048 0.985 1.000 
0.028 0.993 0.056 0.988 0.994 
0.019 0.996 0.045 0.985 0.990 
0.041 0.990 0.057 0.985 0.997 
0.030 0.991 0.059 0.985 0.962 
0.031 0.990 0.058 0.983 0.674 
0.031 0.993 0.062 0.983 0.981 
0.018 0.993 0.072 0.983 0.958 
0.024 0.995 0.064 0.980 0.949 
0.026 0.991 0.061 0.985 0.958 
0.039 0.989 0.054 0.985 0.859 
0.020 0.995 0.058 0.988 0.984 
0.018 0.996 0.083 0.978 0.990 
0.024 0.994 0.056 0.985 0.984 
0.026 0.993 0.048 0.988 0.112 
0.025 0.993 0.050 0.988 0.770 
0.023 0.994 0.062 0.985 0.882 
0.023 0.992 0.052 0.985 0.642 
0.054 0.988 0.051 0.985 0.971 
0.038 0.991 0.065 0.978 1.000 
0.025 0.993 0.073 0.985 1.000 
0.026 0.993 0.061 0.985 0.891 
0.022 0.993 0.053 0.983 0.984 
0.031 0.991 0.053 0.985 1.000 
0.039 0.989 0.065 0.978 1.000 
0.028 0.991 0.046 0.985 0.984 
0.023 0.994 0.045 0.985 0.978 
0.023 0.994 0.051 0.983 0.994 
0.025 0.994 0.051 0.980 0.990 
0.027 0.993 0.043 0.983 1.000 
0.041 0.991 0.048 0.985 0.997 
0.038 0.989 0.051 0.983 0.987 
0.023 0.994 0.046 0.983 0.990 
0.025 0.993 0.042 0.985 0.994 
0.026 0.994 0.049 0.985 0.965 
0.023 0.994 0.057 0.983 0.997 
0.022 0.994 0.054 0.985 0.853 
0.023 0.994 0.050 0.985 0.984 
0.027 0.992 0.052 0.983 0.997 
0.028 0.993 0.073 0.983 0.981 
0.024 0.994 0.069 0.983 0.997 
0.032 0.991 0.062 0.985 0.997 
0.023 0.995 0.049 0.983 0.812 
0.031 0.990 0.051 0.985 0.859 
0.022 0.994 0.059 0.983 0.981 
0.030 0.993 0.047 0.988 0.933 
0.012 0.995 0.050 0.985 0.853 
0.029 0.991 0.056 0.983 0.984 
0.022 0.994 0.059 0.978 0.990 
0.020 0.994 0.060 0.983 0.978 
0.036 0.991 0.046 0.985 1.000 
0.021 0.995 0.055 0.985 0.994 
0.025 0.994 0.062 0.980 0.732 
0.019 0.994 0.065 0.983 0.875 
0.033 0.992 0.050 0.988 0.997 
0.030 0.994 0.050 0.983 0.927 
0.022 0.992 0.045 0.983 0.997 
0.027 0.991 0.070 0.980 0.997 
0.021 0.995 0.082 0.968 0.994 
0.024 0.991 0.075 0.988 0.962 
0.024 0.993 0.055 0.985 0.907 
0.029 0.995 0.051 0.983 0.984 
0.033 0.993 0.059 0.983 0.984 
0.037 0.990 0.048 0.985 0.990 
0.022 0.994 0.049 0.985 0.968 
0.025 0.990 0.064 0.983 0.984 
0.030 0.993 0.072 0.980 0.827 
0.028 0.992 0.048 0.985 0.898 
0.026 0.994 0.067 0.983 0.952 
0.035 0.993 0.069 0.985 0.968 
0.036 0.991 0.064 0.988 0.994 
0.023 0.995 0.042 0.985 0.952 
0.030 0.989 0.052 0.983 0.994 
0.023 0.994 0.052 0.985 0.997 
0.022 0.994 0.046 0.985 0.942 
0.021 0.996 0.053 0.988 0.971 
0.026 0.994 0.061 0.985 0.792 
0.026 0.993 0.044 0.985 0.946 
0.025 0.991 0.048 0.985 0.997 
0.025 0.994 0.052 0.985 0.949 
0.023 0.993 0.050 0.985 0.994 
0.021 0.994 0.043 0.988 1.000 
0.034 0.989 0.042 0.988 0.994 
0.021 0.992 0.053 0.983 0.990 
0.020 0.995 0.041 0.988 0.952 
0.033 0.991 0.042 0.985 0.952 
0.024 0.991 0.039 0.988 0.997 
0.016 0.995 0.049 0.985 0.882 
0.022 0.995 0.044 0.988 0.968 
0.025 0.993 0.067 0.980 0.974 
0.023 0.994 0.043 0.988 0.393 
0.037 0.993 0.106 0.955 0.709 
0.029 0.991 0.049 0.985 0.978 
0.019 0.991 0.055 0.983 0.987 
0.012 0.997 0.056 0.983 0.990 
0.026 0.989 0.041 0.985 0.984 
0.023 0.992 0.055 0.983 0.990 
0.020 0.994 0.047 0.983 0.984 
0.020 0.995 0.056 0.990 0.527 
0.034 0.992 0.043 0.988 0.997 
0.031 0.993 0.060 0.985 0.757 
0.044 0.988 0.054 0.988 0.981 
0.017 0.996 0.055 0.980 0.987 
0.030 0.992 0.060 0.980 0.252 
0.011 0.998 0.090 0.970 0.872 
0.020 0.994 0.050 0.983 0.971 
0.028 0.992 0.051 0.983 0.770 
0.027 0.993 0.058 0.983 0.144 
0.017 0.996 0.069 0.983 0.792 
0.024 0.993 0.066 0.983 0.939 
0.014 0.995 0.044 0.988 0.984 
0.020 0.995 0.039 0.988 0.722 
0.021 0.993 0.043 0.985 0.949 
0.036 0.993 0.063 0.983 0.895 
0.034 0.989 0.055 0.985 0.990 
0.029 0.991 0.052 0.985 0.812 
0.025 0.993 0.066 0.983 0.978 
0.017 0.995 0.040 0.988 0.955 
0.019 0.995 0.039 0.988 0.978 
0.019 0.994 0.053 0.983 0.681 
0.024 0.994 0.055 0.980 0.783 
0.030 0.995 0.080 0.985 0.990 
0.017 0.995 0.054 0.988 0.987 
0.039 0.990 0.056 0.983 0.997 
0.028 0.994 0.055 0.983 0.987 
0.024 0.993 0.057 0.985 0.978 
0.031 0.991 0.051 0.985 0.668 
0.020 0.995 0.053 0.985 0.869 
0.012 0.995 0.059 0.983 0.984 
0.025 0.992 0.058 0.985 0.987 
0.039 0.988 0.054 0.983 0.978 
0.024 0.994 0.051 0.985 0.930 
0.020 0.994 0.060 0.980 0.997 
0.035 0.992 0.060 0.985 1.000 
0.019 0.994 0.052 0.985 0.994 
0.021 0.993 0.064 0.980 0.987 
0.018 0.995 0.044 0.985 0.997 
0.045 0.990 0.060 0.983 0.987 
0.020 0.995 0.053 0.983 0.997 
0.022 0.992 0.051 0.983 0.987 
0.023 0.994 0.044 0.985 0.997 
0.014 0.995 0.047 0.985 0.978 
0.020 0.993 0.044 0.985 0.981 
0.018 0.994 0.062 0.983 0.990 
0.023 0.992 0.054 0.985 0.981 
0.019 0.996 0.042 0.988 0.994 
0.021 0.994 0.057 0.983 0.968 
0.042 0.990 0.064 0.980 0.997 
0.017 0.995 0.053 0.988 0.946 
0.009 0.997 0.045 0.985 0.958 
0.023 0.993 0.091 0.968 0.994 
0.026 0.993 0.058 0.983 0.987 
0.022 0.995 0.042 0.988 0.767 
0.027 0.991 0.048 0.988 0.958 
0.015 0.996 0.043 0.988 0.990 
0.015 0.995 0.052 0.985 0.994 
0.032 0.991 0.047 0.985 0.728 
0.021 0.994 0.053 0.985 0.978 
0.021 0.993 0.048 0.985 0.997 
0.022 0.994 0.046 0.988 0.994 
0.029 0.995 0.050 0.988 0.990 
0.014 0.995 0.046 0.985 0.984 
0.022 0.993 0.048 0.985 0.054 
0.018 0.994 0.050 0.985 0.987 
0.019 0.995 0.046 0.985 0.984 
0.019 0.993 0.045 0.985 0.990 
0.020 0.994 0.078 0.980 0.879 
0.031 0.992 0.063 0.988 0.984 
0.017 0.995 0.048 0.985 0.974 
0.030 0.993 0.047 0.985 0.815 
0.020 0.995 0.049 0.985 0.783 
0.029 0.993 0.049 0.988 0.754 
0.037 0.990 0.079 0.968 0.668 
0.016 0.995 0.043 0.988 0.942 
0.018 0.993 0.062 0.983 0.946 
0.025 0.991 0.044 0.985 0.994 
0.025 0.991 0.043 0.985 0.812 
0.017 0.995 0.047 0.988 0.537 
0.020 0.994 0.050 0.985 0.872 
0.021 0.992 0.071 0.983 0.335 
0.020 0.993 0.107 0.960 0.968 
0.026 0.992 0.066 0.983 0.971 
0.027 0.993 0.054 0.985 0.927 
0.024 0.994 0.047 0.988 0.994 
0.025 0.993 0.057 0.988 0.569 
0.028 0.996 0.074 0.985 0.997 
0.016 0.996 0.052 0.985 0.997 
0.022 0.994 0.046 0.988 0.911 
0.026 0.993 0.045 0.988 0.997 
0.017 0.994 0.038 0.988 0.824 
0.014 0.996 0.040 0.988 0.971 
0.020 0.994 0.089 0.968 0.987 
0.019 0.994 0.045 0.985 0.872 
0.022 0.993 0.085 0.980 0.620 
0.024 0.993 0.055 0.980 0.987 
0.019 0.994 0.046 0.988 0.917 
0.019 0.995 0.053 0.988 0.249 
0.017 0.995 0.054 0.983 0.984 
0.018 0.994 0.047 0.988 0.962 
0.024 0.995 0.058 0.983 0.981 
0.020 0.993 0.046 0.985 0.994 
0.026 0.993 0.055 0.980 1.000 
0.014 0.995 0.047 0.988 0.840 
0.028 0.989 0.065 0.985 0.984 
0.027 0.992 0.062 0.983 0.994 
0.021 0.994 0.058 0.985 0.690 
0.017 0.995 0.046 0.988 0.994 
0.021 0.993 0.065 0.985 0.690 
0.026 0.994 0.047 0.985 0.882 
0.023 0.995 0.052 0.985 0.869 
0.016 0.994 0.062 0.980 0.837 
0.015 0.994 0.057 0.985 0.901 
0.024 0.994 0.049 0.983 0.687 
0.021 0.995 0.049 0.985 0.927 
0.022 0.993 0.054 0.985 0.690 
0.014 0.996 0.049 0.985 0.553 
0.015 0.997 0.049 0.985 0.642 
0.020 0.995 0.048 0.988 0.022 
0.016 0.994 0.041 0.985 0.821 
0.015 0.997 0.054 0.988 0.984 
0.018 0.995 0.049 0.988 0.911 
0.017 0.996 0.051 0.988 0.942 
0.034 0.990 0.048 0.988 0.594 
0.028 0.993 0.067 0.988 0.968 
0.027 0.994 0.049 0.988 0.732 
0.021 0.995 0.039 0.985 0.994 
0.021 0.993 0.052 0.985 0.987 
0.020 0.994 0.054 0.985 0.952 
0.014 0.995 0.053 0.983 0.997 
0.024 0.993 0.049 0.988 0.990 
0.012 0.998 0.051 0.988 0.923 
0.013 0.996 0.045 0.988 0.591 
0.014 0.998 0.072 0.983 0.994 
0.021 0.995 0.053 0.985 0.987 
0.016 0.995 0.043 0.985 0.990 
0.019 0.995 0.044 0.985 0.831 
0.036 0.993 0.048 0.988 0.166 
0.023 0.994 0.043 0.985 0.984 
0.027 0.995 0.097 0.970 0.843 
0.019 0.994 0.060 0.988 0.978 
0.013 0.995 0.066 0.985 0.978 
0.019 0.994 0.038 0.985 0.997 
0.021 0.994 0.044 0.985 0.994 
0.022 0.994 0.042 0.985 0.917 
0.016 0.994 0.062 0.985 0.949 
0.022 0.993 0.038 0.988 0.968 
0.027 0.995 0.039 0.985 0.971 
0.013 0.997 0.054 0.988 0.990 
0.023 0.995 0.051 0.985 0.987 
0.018 0.995 0.057 0.985 0.978 
0.026 0.992 0.048 0.988 0.997 
0.014 0.996 0.068 0.985 0.974 
0.028 0.993 0.079 0.965 0.994 
0.022 0.993 0.044 0.985 0.990 
0.012 0.995 0.043 0.985 0.990 
0.033 0.993 0.049 0.985 0.904 
0.016 0.994 0.053 0.988 0.936 
0.027 0.994 0.041 0.985 0.891 
0.019 0.995 0.046 0.988 0.990 
0.012 0.995 0.053 0.985 0.987 
0.007 0.997 0.049 0.985 0.997 
0.038 0.990 0.043 0.985 0.875 
0.030 0.992 0.039 0.988 0.917 
0.016 0.994 0.037 0.990 0.808 
0.016 0.994 0.045 0.990 0.211 
0.021 0.993 0.053 0.983 0.994 
0.014 0.995 0.046 0.988 0.939 
0.020 0.995 0.040 0.988 0.994 
0.016 0.994 0.047 0.988 1.000 
0.017 0.997 0.042 0.988 0.387 
0.018 0.995 0.041 0.988 0.939 
0.019 0.995 0.039 0.985 0.987 
0.030 0.991 0.039 0.988 0.958 
0.013 0.996 0.058 0.985 0.974 
0.010 0.997 0.045 0.990 0.978 
0.021 0.994 0.055 0.983 0.987 
0.019 0.995 0.044 0.988 0.968 
0.014 0.995 0.035 0.985 0.987 
0.022 0.995 0.040 0.988 0.987 
0.017 0.994 0.043 0.985 0.990 
0.014 0.996 0.035 0.988 0.997 
0.023 0.991 0.049 0.985 0.981 
0.015 0.994 0.047 0.985 0.984 
0.019 0.993 0.048 0.988 0.987 
0.013 0.996 0.106 0.980 0.990 
0.040 0.990 0.039 0.985 0.994 
0.028 0.994 0.042 0.988 0.994 
0.016 0.994 0.066 0.988 0.952 
0.017 0.996 0.060 0.988 0.974 
0.034 0.991 0.064 0.980 0.978 
0.025 0.994 0.044 0.983 0.990 
0.021 0.994 0.046 0.985 0.994 
0.008 0.997 0.043 0.985 0.990 
0.038 0.991 0.037 0.988 0.917 
0.021 0.993 0.051 0.985 0.990 
0.027 0.994 0.066 0.985 0.981 
0.032 0.993 0.048 0.985 0.987 
0.013 0.995 0.050 0.988 0.984 
0.014 0.998 0.042 0.985 0.994 
0.040 0.990 0.052 0.985 0.971 
0.020 0.994 0.047 0.988 0.981 
0.013 0.996 0.053 0.983 0.626 
0.017 0.995 0.059 0.985 0.895 
0.016 0.994 0.040 0.988 0.942 
0.017 0.995 0.041 0.988 0.917 
0.019 0.996 0.041 0.990 0.946 
0.020 0.993 0.045 0.985 0.927 
0.020 0.994 0.046 0.985 0.224 
0.017 0.997 0.044 0.985 0.792 
0.020 0.990 0.044 0.988 0.863 
0.012 0.996 0.059 0.988 0.984 
0.019 0.996 0.043 0.988 0.990 
0.021 0.994 0.045 0.988 0.981 
0.018 0.996 0.040 0.985 0.990 
0.015 0.994 0.124 0.968 0.949 
0.020 0.996 0.061 0.988 0.994 
0.021 0.995 0.050 0.990 0.949 
0.021 0.994 0.048 0.990 0.987 
0.016 0.994 0.029 0.990 0.987 
0.003 0.998 0.056 0.990 0.974 
0.035 0.992 0.041 0.988 0.987 
0.014 0.995 0.079 0.988 0.147 
0.028 0.994 0.039 0.988 0.936 
0.021 0.994 0.043 0.988 0.997 
0.021 0.994 0.038 0.985 0.981 
0.018 0.994 0.034 0.988 0.840 
0.016 0.995 0.035 0.985 0.958 
0.025 0.994 0.094 0.988 0.997 
0.050 0.995 0.035 0.988 0.987 
0.042 0.991 0.040 0.985 0.974 
0.022 0.995 0.060 0.983 0.971 
0.009 0.997 0.038 0.988 0.978 
0.019 0.995 0.034 0.988 0.987 
0.027 0.994 0.038 0.988 0.968 
0.027 0.995 0.046 0.988 0.572 
0.027 0.994 0.045 0.985 0.508 
0.022 0.994 0.042 0.985 0.933 
0.013 0.997 0.039 0.990 0.987 
0.012 0.997 0.035 0.988 0.990 
0.020 0.994 0.052 0.988 0.655 
0.015 0.997 0.027 0.990 0.990 
0.025 0.995 0.045 0.988 0.435 
0.016 0.995 0.039 0.988 0.725 
0.022 0.993 0.058 0.990 0.278 
0.013 0.994 0.058 0.983 0.930 
0.018 0.995 0.037 0.985 0.994 
0.031 0.990 0.046 0.985 0.489 
0.023 0.994 0.041 0.988 0.994 
0.023 0.994 0.051 0.980 0.990 
0.019 0.994 0.053 0.983 0.978 
0.021 0.995 0.039 0.988 0.990 
0.021 0.994 0.033 0.993 0.997 
0.018 0.993 0.045 0.988 0.990 
0.023 0.993 0.047 0.988 0.978 
0.016 0.995 0.055 0.988 0.971 
0.023 0.994 0.070 0.970 0.962 
0.020 0.995 0.089 0.958 0.984 
0.015 0.994 0.089 0.965 0.827 
0.022 0.994 0.067 0.975 0.974 
0.012 0.996 0.036 0.985 0.872 
0.022 0.993 0.028 0.993 0.978 
0.013 0.995 0.030 0.990 0.917 
0.016 0.997 0.032 0.993 0.990 
0.023 0.994 0.042 0.988 0.971 
0.009 0.997 0.071 0.985 0.984 
0.015 0.995 0.042 0.993 0.994 
0.034 0.993 0.046 0.985 0.866 
0.017 0.995 0.045 0.988 0.987 
0.021 0.995 0.043 0.988 0.978 
0.013 0.996 0.062 0.980 0.952 
0.020 0.995 0.038 0.988 0.508 
0.016 0.996 0.037 0.988 0.987 
0.012 0.996 0.032 0.988 0.984 
0.008 0.997 0.075 0.985 0.990 
0.033 0.993 0.042 0.988 0.990 
0.029 0.993 0.060 0.983 0.927 
0.008 0.997 0.031 0.993 0.955 
0.023 0.994 0.053 0.988 0.805 
0.018 0.994 0.041 0.985 0.984 
0.021 0.993 0.041 0.988 0.997 
0.017 0.996 0.050 0.985 0.546 
0.023 0.995 0.038 0.988 0.946 
0.019 0.996 0.033 0.985 0.946 
0.009 0.997 0.037 0.988 0.981 
0.025 0.993 0.041 0.985 0.987 
0.014 0.996 0.041 0.985 0.939 
0.016 0.997 0.041 0.988 0.617 
0.031 0.993 0.099 0.965 0.990 
0.021 0.995 0.042 0.988 0.994 
0.014 0.996 0.048 0.983 0.978 
0.018 0.995 0.049 0.985 0.722 
0.016 0.995 0.050 0.980 0.684 
0.013 0.998 0.051 0.988 0.923 
0.030 0.993 0.038 0.988 0.783 
0.014 0.996 0.038 0.988 0.990 
0.017 0.995 0.048 0.988 0.981 
0.018 0.994 0.061 0.983 0.987 
0.022 0.991 0.053 0.985 0.901 
0.021 0.994 0.042 0.988 0.530 
0.012 0.997 0.051 0.983 0.933 
0.017 0.995 0.050 0.988 0.728 
0.020 0.994 0.046 0.985 0.834 
0.012 0.995 0.078 0.983 0.764 
0.022 0.996 0.061 0.983 0.968 
0.030 0.993 0.045 0.985 0.875 
0.035 0.992 0.040 0.988 0.958 
0.020 0.992 0.036 0.990 0.994 
0.012 0.997 0.040 0.985 0.990 
0.014 0.995 0.062 0.985 0.997 
0.017 0.995 0.044 0.985 0.965 
0.025 0.993 0.051 0.983 0.984 
0.021 0.994 0.043 0.985 0.965 
0.013 0.996 0.050 0.983 0.968 
0.012 0.995 0.073 0.983 0.978 
0.013 0.997 0.034 0.990 0.971 
0.022 0.993 0.067 0.983 0.700 
0.014 0.995 0.047 0.988 0.971 
0.030 0.993 0.029 0.988 0.987 
0.020 0.994 0.035 0.988 0.981 
0.016 0.995 0.044 0.985 0.968 
0.022 0.993 0.045 0.988 0.990 
0.052 0.990 0.046 0.985 0.997 
0.014 0.995 0.039 0.988 0.994 
0.013 0.995 0.043 0.988 0.994 
0.023 0.994 0.053 0.985 0.818 
0.017 0.995 0.040 0.988 0.812 
0.021 0.993 0.048 0.985 0.987 
0.021 0.993 0.054 0.985 0.799 
0.011 0.997 0.040 0.985 0.958 
0.010 0.998 0.035 0.988 0.994 
0.016 0.993 0.049 0.983 0.594 
0.016 0.997 0.045 0.985 0.952 
0.023 0.995 0.061 0.983 0.987 
0.017 0.994 0.039 0.988 0.987 
0.020 0.994 0.036 0.988 0.974 
0.014 0.995 0.065 0.988 0.067 
0.023 0.992 0.064 0.983 0.949 
0.016 0.995 0.042 0.990 0.994 
0.011 0.995 0.079 0.983 0.946 
0.023 0.996 0.044 0.985 0.971 
0.016 0.994 0.048 0.985 0.971 
0.016 0.994 0.039 0.988 0.994 
0.019 0.995 0.039 0.985 0.984 
0.013 0.994 0.038 0.988 1.000 
0.014 0.997 0.048 0.983 0.990 
0.027 0.992 0.029 0.993 0.990 
0.022 0.993 0.030 0.990 1.000 
0.015 0.994 0.062 0.983 0.984 
0.027 0.991 0.036 0.988 1.000 
0.015 0.995 0.052 0.983 0.987 
0.027 0.993 0.039 0.988 0.990 
0.018 0.993 0.108 0.988 0.048 
0.015 0.996 0.029 0.988 0.997 
0.025 0.994 0.044 0.988 0.981 
0.010 0.997 0.053 0.983 0.990 
0.023 0.996 0.034 0.985 0.978 
0.013 0.996 0.043 0.985 0.997 
0.012 0.995 0.074 0.978 0.994 
0.021 0.995 0.036 0.988 0.994 
0.007 0.998 0.034 0.988 0.987 
0.013 0.997 0.042 0.988 0.974 
0.020 0.995 0.050 0.985 0.709 
0.014 0.996 0.038 0.988 0.974 
0.011 0.996 0.039 0.988 0.990 
0.032 0.993 0.039 0.985 1.000 
0.016 0.997 0.065 0.983 0.965 
0.012 0.997 0.041 0.985 0.933 
0.013 0.996 0.052 0.985 0.978 
0.013 0.997 0.056 0.985 0.978 
0.018 0.997 0.046 0.988 0.994 
0.018 0.995 0.056 0.988 0.990 
0.029 0.994 0.043 0.990 0.997 
0.015 0.996 0.049 0.988 0.974 
0.017 0.995 0.042 0.985 0.981 
0.034 0.991 0.047 0.988 0.997 
0.032 0.994 0.049 0.988 0.990 
0.022 0.995 0.046 0.988 0.990 
0.010 0.997 0.036 0.988 0.955 
0.014 0.997 0.066 0.985 0.984 
0.025 0.993 0.041 0.988 0.994 
0.021 0.996 0.036 0.988 0.997 
0.019 0.993 0.064 0.983 0.962 
0.020 0.991 0.037 0.988 0.997 
0.013 0.995 0.032 0.988 0.990 
0.011 0.998 0.037 0.988 0.990 
0.012 0.997 0.044 0.983 0.911 
0.019 0.995 0.030 0.985 0.987 
0.014 0.997 0.041 0.988 0.987 
0.021 0.997 0.043 0.988 0.990 
0.015 0.997 0.051 0.988 0.990 
0.019 0.994 0.055 0.985 0.984 
0.021 0.995 0.042 0.985 0.984 
0.016 0.995 0.065 0.983 0.901 
0.016 0.993 0.070 0.985 0.981 
0.011 0.995 0.035 0.985 0.946 
0.017 0.995 0.051 0.983 0.904 
0.033 0.996 0.055 0.983 0.990 
0.025 0.993 0.061 0.988 0.984 
0.020 0.995 0.035 0.995 0.990 
0.019 0.992 0.041 0.988 0.968 
0.008 0.998 0.035 0.988 0.968 
0.009 0.997 0.040 0.988 0.994 
0.013 0.997 0.043 0.988 0.997 
0.005 0.998 0.054 0.983 0.971 
0.024 0.994 0.039 0.985 0.358 
0.030 0.991 0.044 0.988 0.987 
0.008 0.998 0.056 0.988 0.997 
0.028 0.995 0.045 0.988 0.984 
0.012 0.996 0.045 0.988 0.987 
0.020 0.995 0.036 0.988 0.978 
0.018 0.995 0.029 0.988 0.607 
0.018 0.993 0.057 0.983 0.981 
0.019 0.996 0.061 0.983 0.780 
0.022 0.991 0.049 0.985 0.936 
0.007 0.997 0.052 0.985 0.978 
0.017 0.995 0.039 0.988 0.994 
0.009 0.998 0.054 0.988 0.997 
0.015 0.997 0.057 0.985 0.994 
0.021 0.993 0.044 0.988 0.968 
0.025 0.991 0.048 0.983 0.962 
0.011 0.997 0.055 0.985 0.971 
0.025 0.992 0.050 0.985 0.990 
0.010 0.997 0.044 0.988 0.997 
0.018 0.995 0.033 0.990 0.997 
0.009 0.997 0.076 0.985 0.984 
0.027 0.993 0.063 0.980 1.000 
0.010 0.997 0.077 0.988 0.990 
0.010 0.998 0.041 0.988 0.994 
0.011 0.998 0.069 0.983 0.994 
0.013 0.996 0.074 0.983 0.994 
0.026 0.994 0.045 0.985 0.997 
0.015 0.994 0.043 0.988 0.997 
0.033 0.994 0.051 0.983 0.997 
0.019 0.997 0.132 0.983 0.987 
0.016 0.995 0.043 0.988 0.994 
0.020 0.995 0.045 0.988 0.990 
0.016 0.997 0.048 0.985 0.987 
0.011 0.996 0.039 0.988 0.994 
0.017 0.996 0.036 0.988 0.994 
0.014 0.997 0.051 0.988 0.987 
0.013 0.997 0.048 0.988 0.994 
0.016 0.994 0.052 0.983 0.971 
0.020 0.994 0.040 0.988 0.987 
0.016 0.994 0.056 0.983 0.946 
0.018 0.995 0.054 0.988 0.837 
0.008 0.997 0.051 0.988 0.984 
0.015 0.997 0.053 0.988 0.987 
0.024 0.994 0.065 0.983 0.987 
0.017 0.995 0.034 0.985 0.997 
0.019 0.993 0.074 0.983 0.981 
0.030 0.992 0.047 0.985 0.990 
0.024 0.995 0.070 0.973 0.990 
0.014 0.996 0.052 0.983 0.994 
0.014 0.995 0.045 0.983 0.990 
0.011 0.997 0.042 0.988 0.994 
0.012 0.997 0.053 0.983 0.990 
0.014 0.996 0.056 0.985 0.990 
0.014 0.996 0.052 0.988 0.994 
0.014 0.995 0.041 0.988 0.981 
0.021 0.994 0.035 0.988 0.997 
0.033 0.995 0.100 0.980 0.981 
0.015 0.995 0.032 0.985 0.994 
0.019 0.995 0.049 0.983 0.990 
0.024 0.993 0.048 0.985 0.984 
0.014 0.996 0.056 0.990 0.994 
0.006 0.998 0.052 0.988 0.987 
0.014 0.994 0.067 0.983 0.994 
0.014 0.996 0.044 0.988 0.994 
0.021 0.994 0.044 0.988 0.997 
0.015 0.995 0.038 0.988 0.994 
0.016 0.994 0.050 0.985 0.994 
0.018 0.995 0.057 0.983 0.994 
0.014 0.997 0.086 0.983 0.987 
0.026 0.995 0.053 0.985 0.997 
0.016 0.995 0.048 0.988 0.974 
0.016 0.993 0.051 0.988 0.914 
0.014 0.995 0.058 0.983 0.984 
0.009 0.996 0.058 0.988 0.990 
0.012 0.997 0.050 0.990 0.978 
0.031 0.991 0.076 0.973 0.981 
0.016 0.995 0.043 0.988 0.984 
0.020 0.994 0.039 0.988 0.990 
0.025 0.992 0.037 0.988 1.000 
0.009 0.998 0.047 0.988 1.000 
0.022 0.994 0.030 0.993 1.000 
0.027 0.994 0.028 0.988 0.987 
0.025 0.995 0.027 0.990 0.990 
0.024 0.995 0.049 0.985 0.968 
0.007 0.998 0.032 0.988 0.994 
0.009 0.998 0.034 0.988 0.984 
0.012 0.997 0.031 0.990 0.994 
0.028 0.992 0.043 0.988 0.997 
0.007 0.998 0.049 0.988 0.987 
0.021 0.994 0.064 0.988 0.990 
0.024 0.995 0.051 0.988 0.997 
0.029 0.993 0.058 0.985 0.946 
0.024 0.994 0.031 0.988 0.955 
0.018 0.995 0.031 0.988 0.984 
0.014 0.993 0.041 0.988 0.978 
0.017 0.995 0.028 0.990 1.000 
0.007 0.998 0.034 0.985 0.990 
0.016 0.995 0.033 0.990 0.990 
0.018 0.995 0.030 0.988 0.997 
0.021 0.996 0.056 0.983 0.987 
0.015 0.997 0.036 0.985 0.997 
0.006 0.999 0.039 0.985 1.000 
0.029 0.993 0.048 0.990 0.974 
0.024 0.995 0.139 0.983 0.990 
0.032 0.991 0.051 0.985 0.987 
0.014 0.997 0.048 0.988 0.955 
0.015 0.993 0.043 0.985 0.946 
0.022 0.994 0.059 0.988 0.958 
0.012 0.995 0.048 0.985 0.994 
0.014 0.994 0.034 0.988 0.936 
0.010 0.996 0.050 0.988 0.949 
0.017 0.996 0.038 0.988 0.987 
0.011 0.997 0.049 0.988 0.984 
0.013 0.995 0.095 0.985 0.971 
0.013 0.997 0.067 0.988 0.626 
0.018 0.995 0.048 0.985 0.984 
0.034 0.995 0.055 0.985 0.479 
0.018 0.995 0.038 0.988 0.684 
0.011 0.995 0.036 0.985 0.984 
0.015 0.995 0.037 0.988 0.987 
0.020 0.993 0.040 0.988 0.962 
0.005 0.998 0.043 0.990 0.990 
0.012 0.996 0.037 0.990 0.802 
0.013 0.995 0.088 0.978 0.326 
0.026 0.993 0.045 0.988 0.767 
0.028 0.997 0.039 0.990 0.316 
0.029 0.993 0.040 0.988 0.933 
0.010 0.997 0.034 0.988 0.962 
0.023 0.995 0.054 0.983 0.952 
0.020 0.996 0.041 0.988 0.952 
0.040 0.994 0.042 0.988 0.805 
0.011 0.998 0.041 0.988 0.543 
0.017 0.994 0.041 0.985 0.974 
0.010 0.997 0.060 0.983 0.974 
0.016 0.994 0.072 0.980 0.987 
0.013 0.997 0.036 0.988 0.770 
0.013 0.995 0.053 0.980 0.971 
0.012 0.997 0.030 0.988 0.927 
0.018 0.994 0.042 0.988 0.319 
0.014 0.997 0.098 0.973 0.217 
0.011 0.995 0.027 0.990 0.946 
0.015 0.997 0.036 0.988 0.930 
0.010 0.997 0.046 0.988 0.968 
0.026 0.994 0.033 0.990 0.965 
0.048 0.993 0.049 0.983 0.914 
0.013 0.996 0.042 0.988 0.831 
0.018 0.994 0.030 0.990 0.818 
0.015 0.995 0.041 0.988 0.965 
0.023 0.994 0.034 0.988 0.981 
0.009 0.998 0.037 0.993 0.927 
0.013 0.995 0.042 0.990 0.722 
0.029 0.995 0.039 0.988 0.990 
0.011 0.997 0.040 0.990 0.958 
0.013 0.997 0.031 0.990 0.987 
0.011 0.997 0.038 0.990 0.997 
0.016 0.996 0.039 0.990 0.987 
0.017 0.994 0.043 0.990 0.994 
0.006 0.998 0.069 0.990 0.984 
0.025 0.994 0.044 0.988 0.994 
0.017 0.995 0.045 0.988 0.987 
0.018 0.994 0.044 0.988 0.949 
0.014 0.995 0.043 0.988 0.949 
0.014 0.997 0.126 0.983 0.901 
0.013 0.997 0.033 0.990 0.997 
0.017 0.994 0.039 0.988 0.994 
0.017 0.994 0.049 0.988 0.997 
0.021 0.994 0.046 0.988 0.981 
0.013 0.996 0.071 0.988 0.994 
0.014 0.995 0.030 0.990 0.958 
0.015 0.995 0.037 0.988 0.875 
0.024 0.996 0.032 0.990 1.000 
0.012 0.995 0.040 0.988 0.978 
0.008 0.997 0.031 0.990 0.978 
0.019 0.993 0.035 0.990 0.974 
0.014 0.996 0.035 0.988 0.962 
0.017 0.995 0.035 0.990 0.987 
0.015 0.995 0.028 0.990 0.994 
0.012 0.997 0.019 0.995 0.997 
0.013 0.997 0.062 0.988 0.987 
0.022 0.993 0.041 0.988 0.997 
0.012 0.995 0.050 0.988 0.981 
0.025 0.994 0.041 0.988 0.978 
0.012 0.995 0.043 0.988 0.981 
0.016 0.997 0.033 0.988 0.984 
0.017 0.994 0.047 0.985 0.930 
0.012 0.995 0.035 0.988 0.939 
0.033 0.994 0.049 0.985 0.933 
0.016 0.995 0.066 0.980 0.994 
0.012 0.996 0.046 0.988 0.987 
0.008 0.997 0.038 0.988 1.000 
0.014 0.995 0.040 0.990 0.974 
0.018 0.995 0.041 0.985 0.994 
0.022 0.994 0.040 0.988 0.923 
0.020 0.994 0.040 0.988 0.974 
0.016 0.993 0.046 0.988 0.968 
0.009 0.996 0.055 0.985 0.990 
0.017 0.996 0.055 0.985 0.879 
0.007 0.997 0.046 0.990 0.799 
0.013 0.995 0.043 0.988 0.914 
0.018 0.994 0.033 0.988 0.994 
0.020 0.995 0.038 0.988 0.952 
0.014 0.996 0.031 0.990 0.971 
0.012 0.995 0.036 0.990 0.978 
0.007 0.998 0.043 0.988 0.879 
0.015 0.995 0.041 0.988 0.997 
0.013 0.996 0.045 0.988 0.760 
0.007 0.998 0.048 0.988 0.939 
0.006 0.998 0.046 0.988 0.962 
0.025 0.995 0.059 0.988 0.984 
0.029 0.993 0.030 0.990 0.997 
0.006 0.997 0.026 0.988 0.987 
0.020 0.994 0.047 0.985 0.987 
0.021 0.995 0.036 0.988 0.936 
0.009 0.997 0.034 0.988 0.850 
0.014 0.996 0.042 0.988 0.942 
0.009 0.998 0.041 0.988 0.990 
0.005 0.998 0.068 0.978 0.978 
0.014 0.996 0.036 0.990 0.968 
0.012 0.995 0.038 0.988 0.968 
0.021 0.994 0.056 0.983 0.987 
0.016 0.996 0.047 0.988 0.994 
0.025 0.995 0.031 0.990 0.987 
0.028 0.990 0.127 0.950 0.987 
0.020 0.997 0.037 0.988 0.997 
0.016 0.996 0.033 0.995 0.978 
0.027 0.994 0.041 0.988 0.978 
0.013 0.994 0.028 0.990 0.901 
0.022 0.997 0.033 0.988 0.987 
0.019 0.997 0.057 0.988 0.815 
0.013 0.996 0.050 0.988 0.997 
0.011 0.997 0.051 0.985 0.994 
0.018 0.997 0.056 0.985 0.952 
0.014 0.995 0.049 0.985 0.958 
0.008 0.995 0.040 0.988 0.994 
0.006 0.998 0.050 0.988 0.987 
0.017 0.996 0.037 0.990 0.946 
0.014 0.995 0.050 0.985 0.700 
0.016 0.993 0.036 0.985 0.997 
0.025 0.994 0.052 0.985 0.981 
0.022 0.996 0.037 0.990 0.968 
0.024 0.994 0.043 0.988 0.987 
0.016 0.995 0.057 0.983 0.930 
0.010 0.997 0.032 0.990 0.933 
0.011 0.997 0.039 0.990 0.920 
0.007 0.998 0.112 0.985 0.457 
0.017 0.995 0.036 0.990 0.974 
0.017 0.995 0.045 0.988 0.981 
0.012 0.998 0.044 0.990 0.911 
0.022 0.994 0.044 0.990 0.853 
0.017 0.994 0.039 0.988 0.981 
0.020 0.994 0.049 0.988 0.968 
0.022 0.994 0.050 0.983 0.978 
0.014 0.995 0.080 0.963 0.984 
0.011 0.998 0.048 0.988 0.783 
0.017 0.995 0.044 0.988 0.780 
0.017 0.996 0.040 0.988 0.917 
0.012 0.996 0.042 0.988 0.987 
0.011 0.997 0.042 0.990 0.990 
0.022 0.997 0.044 0.988 0.987 
0.007 0.997 0.041 0.990 0.955 
0.013 0.997 0.044 0.988 0.955 
0.021 0.996 0.032 0.988 0.997 
0.022 0.997 0.062 0.988 0.735 
0.016 0.996 0.039 0.988 0.952 
0.010 0.997 0.053 0.988 0.818 
0.015 0.997 0.040 0.990 0.971 
0.022 0.993 0.045 0.988 0.930 
0.013 0.995 0.046 0.990 0.869 
0.018 0.996 0.047 0.988 0.834 
0.011 0.996 0.037 0.988 0.872 
0.008 0.998 0.029 0.990 0.994 
0.009 0.997 0.033 0.988 0.974 
0.027 0.993 0.039 0.988 0.393 
0.010 0.997 0.035 0.990 0.597 
0.010 0.997 0.044 0.988 0.939 
0.021 0.992 0.031 0.990 0.492 
0.021 0.994 0.046 0.988 0.981 
0.010 0.997 0.038 0.990 0.933 
0.016 0.995 0.046 0.990 0.907 
0.018 0.994 0.041 0.990 0.911 
0.014 0.996 0.042 0.990 0.946 
0.014 0.996 0.046 0.988 0.952 
0.005 0.999 0.082 0.980 0.965 
0.018 0.995 0.070 0.983 0.942 
0.015 0.995 0.054 0.988 0.847 
0.006 0.998 0.069 0.985 0.984 
0.033 0.994 0.101 0.985 0.962 
0.004 0.999 0.067 0.988 0.987 
0.036 0.991 0.047 0.985 0.971 
0.017 0.995 0.045 0.988 0.946 
0.013 0.997 0.047 0.988 0.789 
0.014 0.996 0.057 0.983 0.971 
0.010 0.998 0.051 0.988 0.827 
0.021 0.993 0.065 0.983 0.981 
0.009 0.996 0.067 0.985 0.949 
0.030 0.994 0.057 0.985 0.962 
0.019 0.993 0.054 0.985 0.911 
0.019 0.994 0.048 0.990 0.984 
0.019 0.995 0.048 0.988 0.968 
0.013 0.997 0.042 0.990 0.987 
0.016 0.995 0.054 0.985 0.955 
0.024 0.993 0.047 0.988 0.789 
0.025 0.995 0.055 0.985 0.562 
0.018 0.995 0.043 0.988 0.875 
0.016 0.994 0.048 0.988 0.971 
0.012 0.994 0.035 0.985 0.939 
0.038 0.993 0.041 0.988 0.083 
0.010 0.997 0.044 0.985 0.505 
0.021 0.994 0.030 0.988 0.655 
