0.452 0.799 0.224 0.950 0.287 
0.331 0.857 0.149 0.958 0.629 
0.295 0.887 0.169 0.963 0.779 
0.271 0.885 0.173 0.965 0.701 
0.289 0.878 0.132 0.958 0.692 
0.249 0.901 0.141 0.963 0.847 
0.237 0.906 0.108 0.978 0.804 
0.231 0.912 0.125 0.973 0.872 
0.228 0.913 0.110 0.973 0.816 
0.214 0.922 0.102 0.978 0.872 
0.215 0.922 0.096 0.973 0.835 
0.205 0.922 0.097 0.973 0.713 
0.195 0.928 0.121 0.980 0.826 
0.185 0.926 0.086 0.980 0.879 
0.182 0.931 0.142 0.975 0.879 
0.170 0.940 0.129 0.985 0.879 
0.188 0.930 0.153 0.943 0.816 
0.187 0.933 0.094 0.973 0.798 
0.178 0.939 0.107 0.975 0.847 
0.182 0.932 0.093 0.978 0.916 
0.165 0.943 0.107 0.968 0.741 
0.170 0.942 0.098 0.980 0.928 
0.157 0.951 0.099 0.978 0.941 
0.158 0.941 0.117 0.968 0.847 
0.179 0.939 0.098 0.983 0.779 
0.153 0.951 0.089 0.978 0.866 
0.159 0.936 0.077 0.980 0.850 
0.138 0.952 0.090 0.980 0.910 
0.161 0.945 0.087 0.980 0.832 
0.168 0.940 0.087 0.980 0.919 
0.136 0.956 0.095 0.975 0.928 
0.159 0.946 0.085 0.983 0.910 
0.146 0.950 0.110 0.973 0.928 
0.135 0.945 0.082 0.983 0.910 
0.153 0.949 0.117 0.973 0.913 
0.143 0.948 0.084 0.980 0.910 
0.115 0.961 0.084 0.983 0.860 
0.132 0.954 0.114 0.968 0.941 
0.150 0.954 0.137 0.965 0.922 
0.140 0.948 0.098 0.973 0.922 
0.141 0.953 0.082 0.975 0.931 
0.136 0.947 0.097 0.978 0.897 
0.131 0.956 0.080 0.978 0.919 
0.122 0.957 0.082 0.978 0.919 
0.133 0.952 0.077 0.983 0.903 
0.131 0.952 0.077 0.978 0.894 
0.122 0.957 0.084 0.983 0.922 
0.129 0.957 0.092 0.975 0.919 
0.129 0.953 0.075 0.983 0.903 
0.124 0.955 0.093 0.973 0.941 
0.122 0.959 0.099 0.968 0.854 
0.115 0.961 0.087 0.980 0.956 
0.124 0.959 0.074 0.983 0.960 
0.128 0.951 0.100 0.973 0.897 
0.125 0.958 0.078 0.983 0.950 
0.113 0.957 0.082 0.973 0.925 
0.104 0.961 0.074 0.980 0.944 
0.108 0.964 0.082 0.975 0.931 
0.106 0.963 0.087 0.973 0.944 
0.112 0.960 0.095 0.970 0.903 
0.116 0.956 0.115 0.960 0.931 
0.120 0.958 0.099 0.965 0.894 
0.117 0.959 0.089 0.975 0.907 
0.100 0.963 0.074 0.983 0.922 
0.103 0.966 0.093 0.978 0.916 
0.117 0.963 0.107 0.978 0.913 
0.107 0.963 0.097 0.965 0.907 
0.102 0.966 0.077 0.983 0.900 
0.105 0.961 0.095 0.973 0.931 
0.106 0.963 0.111 0.973 0.938 
0.120 0.952 0.115 0.978 0.919 
0.102 0.964 0.094 0.980 0.919 
0.114 0.956 0.080 0.980 0.935 
0.102 0.966 0.114 0.965 0.972 
0.101 0.964 0.089 0.978 0.919 
0.095 0.963 0.077 0.978 0.941 
0.114 0.960 0.094 0.980 0.922 
0.105 0.963 0.084 0.985 0.950 
0.099 0.966 0.082 0.978 0.953 
0.108 0.964 0.103 0.978 0.935 
0.103 0.966 0.099 0.975 0.925 
0.097 0.965 0.100 0.975 0.903 
0.102 0.964 0.097 0.978 0.919 
0.100 0.962 0.083 0.980 0.956 
0.098 0.964 0.091 0.978 0.947 
0.095 0.963 0.105 0.973 0.963 
0.103 0.961 0.088 0.980 0.966 
0.096 0.970 0.097 0.980 0.941 
0.098 0.964 0.097 0.975 0.960 
0.097 0.966 0.109 0.978 0.963 
0.099 0.966 0.117 0.970 0.950 
0.102 0.960 0.115 0.963 0.956 
0.094 0.966 0.087 0.978 0.972 
0.095 0.964 0.107 0.973 0.950 
0.094 0.966 0.092 0.978 0.947 
0.098 0.966 0.085 0.975 0.928 
0.106 0.961 0.087 0.978 0.963 
0.086 0.970 0.096 0.975 0.966 
0.087 0.968 0.139 0.968 0.972 
0.086 0.971 0.080 0.980 0.944 
0.103 0.965 0.091 0.985 0.947 
0.102 0.965 0.115 0.970 0.919 
0.091 0.969 0.091 0.983 0.953 
0.091 0.967 0.103 0.980 0.950 
0.095 0.972 0.103 0.980 0.928 
0.087 0.970 0.088 0.975 0.972 
0.096 0.966 0.168 0.970 0.944 
0.087 0.976 0.086 0.978 0.944 
0.089 0.972 0.140 0.970 0.935 
0.094 0.969 0.109 0.980 0.928 
0.095 0.968 0.126 0.978 0.897 
0.091 0.970 0.091 0.980 0.922 
0.094 0.969 0.117 0.970 0.931 
0.091 0.971 0.118 0.970 0.888 
0.081 0.972 0.126 0.975 0.950 
0.080 0.970 0.136 0.975 0.900 
0.086 0.969 0.135 0.978 0.935 
0.089 0.967 0.122 0.970 0.931 
0.100 0.966 0.093 0.978 0.950 
0.084 0.973 0.106 0.968 0.928 
0.091 0.969 0.146 0.953 0.975 
0.089 0.971 0.121 0.970 0.935 
0.076 0.973 0.097 0.985 0.944 
0.082 0.966 0.082 0.978 0.966 
0.082 0.967 0.177 0.978 0.941 
0.093 0.971 0.138 0.983 0.941 
0.088 0.968 0.183 0.963 0.972 
0.091 0.964 0.091 0.975 0.922 
0.081 0.973 0.132 0.975 0.944 
0.105 0.967 0.153 0.973 0.944 
0.087 0.972 0.099 0.980 0.928 
0.084 0.972 0.156 0.983 0.897 
0.083 0.969 0.195 0.968 0.969 
0.078 0.973 0.124 0.968 0.919 
0.077 0.971 0.128 0.975 0.938 
0.080 0.976 0.097 0.980 0.944 
0.087 0.971 0.104 0.975 0.938 
0.083 0.972 0.092 0.968 0.910 
0.075 0.975 0.072 0.983 0.938 
0.086 0.973 0.112 0.980 0.903 
0.075 0.974 0.089 0.980 0.963 
0.082 0.974 0.116 0.978 0.972 
0.083 0.973 0.119 0.975 0.966 
0.087 0.965 0.129 0.973 0.969 
0.081 0.974 0.142 0.975 0.953 
0.078 0.974 0.128 0.978 0.963 
0.077 0.973 0.125 0.975 0.975 
0.074 0.972 0.096 0.973 0.972 
0.079 0.973 0.109 0.975 0.966 
0.079 0.969 0.121 0.973 0.960 
0.078 0.972 0.089 0.975 0.963 
0.078 0.972 0.076 0.978 0.944 
0.077 0.971 0.082 0.985 0.941 
0.081 0.972 0.066 0.983 0.894 
0.088 0.966 0.120 0.963 0.913 
0.088 0.969 0.079 0.983 0.947 
0.076 0.977 0.088 0.978 0.953 
0.079 0.972 0.084 0.980 0.935 
0.071 0.976 0.091 0.978 0.922 
0.084 0.973 0.107 0.980 0.891 
0.079 0.969 0.131 0.958 0.966 
0.074 0.973 0.093 0.973 0.956 
0.079 0.971 0.078 0.980 0.947 
0.066 0.977 0.107 0.975 0.903 
0.064 0.975 0.102 0.975 0.925 
0.069 0.975 0.107 0.975 0.966 
0.083 0.970 0.111 0.983 0.956 
0.073 0.973 0.148 0.973 0.963 
0.074 0.974 0.118 0.970 0.975 
0.066 0.974 0.085 0.978 0.944 
0.082 0.971 0.133 0.980 0.931 
0.073 0.975 0.143 0.973 0.960 
0.077 0.971 0.119 0.960 0.978 
0.095 0.969 0.091 0.985 0.956 
0.076 0.974 0.096 0.975 0.956 
0.081 0.971 0.141 0.975 0.972 
0.063 0.979 0.117 0.978 0.916 
0.074 0.977 0.079 0.983 0.931 
0.091 0.971 0.093 0.980 0.910 
0.069 0.976 0.114 0.965 0.978 
0.068 0.980 0.108 0.980 0.919 
0.067 0.974 0.112 0.973 0.969 
0.081 0.971 0.092 0.983 0.966 
0.071 0.977 0.105 0.980 0.956 
0.064 0.978 0.228 0.960 0.972 
0.082 0.973 0.150 0.970 0.966 
0.073 0.973 0.118 0.975 0.975 
0.078 0.978 0.150 0.975 0.935 
0.073 0.977 0.084 0.988 0.953 
0.082 0.971 0.110 0.983 0.922 
0.078 0.972 0.141 0.975 0.969 
0.074 0.972 0.149 0.983 0.956 
0.066 0.980 0.139 0.980 0.919 
0.076 0.977 0.127 0.978 0.950 
0.080 0.970 0.105 0.978 0.953 
0.069 0.977 0.128 0.975 0.966 
0.068 0.974 0.107 0.980 0.944 
0.080 0.978 0.084 0.980 0.910 
0.076 0.971 0.144 0.973 0.891 
0.071 0.976 0.126 0.980 0.922 
0.076 0.973 0.143 0.970 0.966 
0.071 0.977 0.142 0.960 0.969 
0.086 0.970 0.167 0.975 0.966 
0.071 0.978 0.199 0.975 0.963 
0.088 0.973 0.148 0.980 0.956 
0.078 0.972 0.163 0.978 0.928 
0.069 0.975 0.101 0.975 0.935 
0.069 0.978 0.081 0.983 0.935 
0.078 0.970 0.185 0.975 0.922 
0.066 0.977 0.090 0.983 0.953 
0.071 0.974 0.138 0.975 0.956 
0.082 0.973 0.142 0.970 0.960 
0.078 0.972 0.086 0.978 0.944 
0.062 0.980 0.109 0.973 0.960 
0.073 0.973 0.163 0.978 0.935 
0.068 0.977 0.144 0.975 0.910 
0.069 0.976 0.175 0.978 0.956 
0.056 0.978 0.161 0.980 0.922 
0.066 0.976 0.079 0.985 0.953 
0.071 0.979 0.084 0.978 0.947 
0.060 0.981 0.123 0.978 0.938 
0.061 0.978 0.121 0.973 0.925 
0.063 0.979 0.082 0.983 0.950 
0.066 0.973 0.081 0.983 0.960 
0.080 0.970 0.139 0.968 0.928 
0.077 0.974 0.130 0.975 0.953 
0.058 0.979 0.104 0.980 0.960 
0.070 0.974 0.135 0.958 0.975 
0.073 0.973 0.125 0.978 0.960 
0.066 0.976 0.114 0.978 0.950 
0.075 0.977 0.083 0.983 0.947 
0.073 0.975 0.091 0.975 0.950 
0.068 0.975 0.128 0.978 0.941 
0.067 0.974 0.176 0.955 0.978 
0.062 0.977 0.115 0.980 0.941 
0.071 0.970 0.139 0.978 0.938 
0.055 0.978 0.151 0.975 0.947 
0.060 0.981 0.153 0.958 0.975 
0.068 0.977 0.079 0.983 0.969 
0.060 0.982 0.108 0.980 0.935 
0.065 0.978 0.154 0.978 0.947 
0.069 0.974 0.149 0.978 0.925 
0.072 0.982 0.151 0.978 0.956 
0.060 0.978 0.138 0.983 0.953 
0.060 0.977 0.139 0.975 0.947 
0.064 0.976 0.152 0.975 0.960 
0.072 0.973 0.073 0.980 0.894 
0.065 0.977 0.109 0.968 0.960 
0.062 0.979 0.109 0.980 0.928 
0.057 0.981 0.150 0.978 0.944 
0.052 0.986 0.146 0.973 0.894 
0.055 0.980 0.122 0.978 0.938 
0.048 0.983 0.118 0.978 0.966 
0.062 0.981 0.088 0.980 0.960 
0.068 0.975 0.204 0.973 0.963 
0.070 0.973 0.092 0.980 0.956 
0.067 0.977 0.106 0.980 0.941 
0.070 0.974 0.110 0.980 0.963 
0.051 0.981 0.200 0.968 0.956 
0.053 0.981 0.094 0.983 0.963 
0.063 0.977 0.080 0.983 0.963 
0.059 0.981 0.108 0.978 0.960 
0.059 0.978 0.088 0.983 0.963 
0.058 0.977 0.110 0.985 0.953 
0.073 0.976 0.111 0.975 0.966 
0.051 0.984 0.097 0.980 0.963 
0.068 0.974 0.088 0.983 0.953 
0.063 0.977 0.096 0.980 0.975 
0.062 0.976 0.087 0.985 0.966 
0.051 0.983 0.118 0.980 0.966 
0.065 0.979 0.144 0.978 0.960 
0.079 0.973 0.072 0.983 0.953 
0.062 0.978 0.077 0.983 0.960 
0.050 0.981 0.102 0.975 0.978 
0.061 0.981 0.109 0.980 0.966 
0.059 0.980 0.089 0.983 0.969 
0.053 0.981 0.087 0.978 0.956 
0.063 0.979 0.143 0.960 0.984 
0.063 0.978 0.121 0.975 0.978 
0.063 0.973 0.125 0.978 0.910 
0.061 0.977 0.089 0.985 0.950 
0.070 0.974 0.098 0.980 0.960 
0.060 0.980 0.110 0.975 0.938 
0.075 0.977 0.081 0.985 0.947 
0.051 0.980 0.082 0.983 0.953 
0.057 0.977 0.080 0.988 0.928 
0.063 0.982 0.075 0.985 0.947 
0.060 0.981 0.089 0.980 0.950 
0.061 0.980 0.088 0.983 0.956 
0.062 0.979 0.104 0.970 0.947 
0.063 0.976 0.089 0.983 0.950 
0.057 0.980 0.099 0.975 0.966 
0.061 0.979 0.136 0.968 0.978 
0.064 0.979 0.099 0.980 0.941 
0.058 0.979 0.102 0.980 0.963 
0.071 0.976 0.079 0.983 0.950 
0.050 0.982 0.092 0.985 0.950 
0.054 0.981 0.121 0.975 0.956 
0.058 0.980 0.109 0.983 0.956 
0.056 0.982 0.083 0.983 0.944 
0.064 0.980 0.125 0.978 0.907 
0.055 0.976 0.084 0.980 0.960 
0.061 0.975 0.118 0.980 0.928 
0.061 0.977 0.150 0.978 0.947 
0.063 0.982 0.084 0.983 0.966 
0.064 0.979 0.074 0.988 0.931 
0.054 0.979 0.129 0.980 0.956 
0.056 0.980 0.072 0.988 0.928 
0.081 0.974 0.111 0.980 0.950 
0.060 0.978 0.101 0.983 0.944 
0.059 0.980 0.084 0.983 0.956 
0.068 0.977 0.092 0.978 0.931 
0.065 0.972 0.095 0.980 0.960 
0.058 0.979 0.194 0.980 0.966 
0.063 0.975 0.092 0.980 0.919 
0.067 0.976 0.101 0.975 0.950 
0.071 0.973 0.093 0.978 0.947 
0.054 0.983 0.130 0.980 0.950 
0.074 0.973 0.154 0.983 0.953 
0.060 0.979 0.103 0.983 0.963 
0.054 0.982 0.113 0.980 0.972 
0.051 0.983 0.090 0.980 0.944 
0.056 0.978 0.162 0.978 0.944 
0.048 0.984 0.104 0.978 0.963 
0.062 0.977 0.230 0.955 0.969 
0.061 0.977 0.123 0.980 0.944 
0.065 0.978 0.082 0.980 0.938 
0.056 0.978 0.067 0.985 0.935 
0.061 0.979 0.110 0.975 0.963 
0.067 0.977 0.180 0.978 0.935 
0.064 0.977 0.153 0.973 0.947 
0.065 0.977 0.123 0.980 0.931 
0.062 0.976 0.164 0.978 0.941 
0.047 0.984 0.130 0.980 0.947 
0.047 0.984 0.185 0.985 0.944 
0.045 0.983 0.160 0.980 0.935 
0.054 0.983 0.164 0.985 0.928 
0.078 0.981 0.159 0.975 0.919 
0.060 0.979 0.199 0.973 0.975 
0.058 0.979 0.192 0.975 0.966 
0.053 0.979 0.145 0.980 0.960 
0.053 0.980 0.100 0.985 0.966 
0.050 0.981 0.130 0.983 0.953 
0.059 0.981 0.184 0.978 0.966 
0.061 0.978 0.147 0.973 0.969 
0.051 0.980 0.170 0.980 0.956 
0.052 0.981 0.105 0.983 0.953 
0.060 0.978 0.112 0.975 0.972 
0.048 0.985 0.158 0.973 0.972 
0.057 0.980 0.170 0.978 0.947 
0.046 0.979 0.183 0.968 0.975 
0.057 0.980 0.159 0.978 0.972 
0.061 0.978 0.170 0.983 0.953 
0.055 0.980 0.233 0.980 0.953 
0.058 0.981 0.149 0.980 0.935 
0.060 0.980 0.139 0.973 0.969 
0.055 0.979 0.082 0.985 0.913 
0.070 0.978 0.133 0.975 0.925 
0.047 0.982 0.123 0.985 0.956 
0.040 0.984 0.185 0.978 0.953 
0.051 0.982 0.098 0.988 0.953 
0.045 0.980 0.175 0.973 0.969 
0.054 0.981 0.168 0.985 0.950 
0.063 0.978 0.168 0.970 0.969 
0.068 0.976 0.113 0.985 0.941 
0.055 0.979 0.116 0.983 0.960 
0.055 0.979 0.202 0.970 0.972 
0.051 0.982 0.257 0.980 0.956 
0.052 0.984 0.158 0.978 0.963 
0.060 0.977 0.206 0.970 0.913 
0.058 0.978 0.093 0.985 0.969 
0.055 0.977 0.113 0.985 0.938 
0.060 0.976 0.111 0.988 0.950 
0.063 0.979 0.100 0.983 0.928 
0.073 0.980 0.171 0.985 0.950 
0.053 0.978 0.307 0.983 0.950 
0.060 0.976 0.114 0.985 0.956 
0.069 0.978 0.350 0.980 0.903 
0.061 0.977 0.158 0.983 0.944 
0.058 0.980 0.095 0.985 0.947 
0.060 0.978 0.136 0.985 0.944 
0.046 0.983 0.134 0.975 0.907 
0.044 0.982 0.126 0.988 0.963 
0.052 0.985 0.209 0.973 0.978 
0.067 0.978 0.076 0.985 0.963 
0.040 0.985 0.196 0.985 0.941 
0.058 0.980 0.160 0.985 0.944 
0.051 0.983 0.093 0.985 0.950 
0.043 0.984 0.363 0.978 0.956 
0.059 0.982 0.270 0.975 0.975 
0.051 0.982 0.439 0.973 0.879 
0.053 0.981 0.364 0.975 0.950 
0.058 0.980 0.141 0.978 0.960 
0.053 0.984 0.210 0.985 0.941 
0.060 0.979 0.227 0.980 0.960 
0.060 0.977 0.202 0.983 0.944 
0.057 0.981 0.182 0.985 0.941 
0.051 0.980 0.205 0.988 0.947 
0.057 0.979 0.097 0.980 0.969 
0.048 0.982 0.142 0.985 0.944 
0.049 0.979 0.136 0.983 0.966 
0.060 0.980 0.156 0.978 0.969 
0.066 0.983 0.086 0.985 0.963 
0.045 0.986 0.084 0.988 0.963 
0.053 0.981 0.140 0.983 0.963 
0.044 0.982 0.084 0.988 0.956 
0.055 0.976 0.120 0.985 0.960 
0.055 0.983 0.147 0.983 0.953 
0.052 0.983 0.100 0.975 0.963 
0.051 0.984 0.133 0.973 0.950 
0.040 0.984 0.116 0.973 0.969 
0.054 0.980 0.119 0.980 0.888 
0.050 0.982 0.108 0.978 0.978 
0.045 0.982 0.092 0.975 0.966 
0.058 0.978 0.142 0.970 0.963 
0.056 0.982 0.267 0.983 0.953 
0.053 0.984 0.122 0.978 0.950 
0.048 0.984 0.185 0.980 0.938 
0.058 0.983 0.182 0.980 0.956 
0.071 0.981 0.126 0.980 0.938 
0.055 0.981 0.144 0.973 0.916 
0.063 0.982 0.132 0.980 0.944 
0.058 0.980 0.083 0.983 0.960 
0.051 0.984 0.139 0.978 0.941 
0.063 0.977 0.088 0.983 0.922 
0.045 0.983 0.171 0.980 0.935 
0.065 0.980 0.180 0.983 0.947 
0.052 0.981 0.160 0.975 0.947 
0.041 0.987 0.096 0.980 0.953 
0.044 0.988 0.195 0.975 0.931 
0.064 0.979 0.141 0.975 0.966 
0.060 0.978 0.096 0.980 0.963 
0.046 0.981 0.125 0.968 0.966 
0.054 0.984 0.166 0.980 0.963 
0.048 0.982 0.115 0.973 0.969 
0.043 0.985 0.206 0.975 0.910 
0.053 0.981 0.083 0.988 0.950 
0.064 0.977 0.099 0.983 0.963 
0.044 0.980 0.096 0.980 0.963 
0.063 0.983 0.097 0.988 0.956 
0.045 0.984 0.115 0.983 0.894 
0.046 0.985 0.162 0.975 0.969 
0.050 0.985 0.098 0.985 0.956 
0.053 0.982 0.256 0.950 0.975 
0.067 0.976 0.175 0.975 0.969 
0.054 0.983 0.263 0.980 0.935 
0.037 0.986 0.191 0.983 0.919 
0.075 0.980 0.153 0.985 0.903 
0.059 0.981 0.290 0.983 0.960 
0.049 0.981 0.347 0.968 0.938 
0.054 0.980 0.363 0.980 0.963 
0.051 0.982 0.463 0.978 0.941 
0.051 0.982 0.522 0.983 0.938 
0.054 0.980 0.166 0.980 0.919 
0.034 0.985 0.372 0.980 0.953 
0.057 0.982 0.312 0.973 0.963 
0.048 0.980 0.289 0.980 0.935 
0.061 0.980 0.331 0.980 0.953 
0.046 0.984 0.307 0.980 0.963 
0.040 0.988 0.372 0.978 0.963 
0.045 0.986 0.268 0.985 0.944 
0.054 0.982 0.229 0.985 0.947 
0.054 0.982 0.283 0.973 0.969 
0.048 0.988 0.452 0.980 0.953 
0.054 0.980 0.249 0.978 0.938 
0.075 0.980 0.396 0.973 0.966 
0.044 0.982 0.456 0.975 0.956 
0.061 0.980 0.228 0.983 0.963 
0.045 0.988 0.282 0.980 0.953 
0.057 0.980 0.413 0.980 0.941 
0.050 0.982 0.499 0.978 0.972 
0.045 0.982 0.218 0.973 0.972 
0.053 0.980 0.196 0.985 0.944 
0.045 0.983 0.097 0.983 0.966 
0.050 0.981 0.096 0.983 0.966 
0.052 0.981 0.201 0.980 0.966 
0.049 0.984 0.231 0.985 0.950 
0.044 0.983 0.240 0.973 0.972 
0.050 0.984 0.191 0.980 0.963 
0.064 0.979 0.190 0.983 0.947 
0.055 0.979 0.156 0.985 0.947 
0.054 0.982 0.159 0.978 0.935 
0.050 0.979 0.248 0.978 0.956 
0.051 0.984 0.206 0.983 0.950 
0.049 0.984 0.290 0.980 0.938 
0.044 0.985 0.256 0.980 0.953 
0.042 0.984 0.255 0.980 0.972 
0.049 0.982 0.238 0.980 0.931 
0.048 0.981 0.166 0.983 0.960 
0.056 0.978 0.370 0.980 0.938 
0.053 0.980 1.181 0.980 0.931 
0.058 0.983 0.171 0.983 0.975 
0.049 0.980 0.211 0.980 0.969 
0.050 0.983 0.144 0.985 0.956 
0.046 0.981 0.167 0.983 0.966 
0.059 0.983 0.212 0.975 0.919 
0.042 0.985 0.173 0.978 0.925 
0.051 0.982 0.150 0.985 0.944 
0.044 0.983 0.234 0.975 0.975 
0.055 0.979 0.239 0.978 0.972 
0.044 0.985 0.208 0.978 0.947 
0.051 0.984 0.421 0.907 0.988 
0.047 0.985 0.426 0.978 0.956 
0.053 0.978 0.562 0.983 0.960 
0.049 0.981 0.637 0.978 0.953 
0.043 0.986 0.750 0.978 0.960 
0.079 0.974 0.353 0.985 0.963 
0.059 0.978 0.197 0.983 0.966 
0.043 0.988 0.305 0.983 0.963 
0.048 0.984 0.272 0.985 0.960 
0.052 0.981 0.481 0.978 0.947 
0.047 0.983 0.372 0.980 0.931 
0.040 0.985 0.263 0.975 0.963 
0.047 0.983 0.361 0.970 0.963 
0.038 0.988 0.375 0.980 0.963 
0.048 0.983 0.451 0.978 0.953 
0.054 0.981 0.147 0.980 0.969 
0.053 0.978 0.262 0.978 0.972 
0.050 0.981 0.474 0.985 0.950 
0.037 0.987 0.217 0.983 0.969 
0.060 0.981 0.173 0.983 0.935 
0.055 0.979 0.222 0.985 0.935 
0.060 0.980 0.220 0.975 0.966 
0.053 0.982 0.223 0.978 0.963 
0.044 0.983 0.361 0.980 0.960 
0.076 0.976 0.387 0.980 0.963 
0.054 0.983 0.161 0.980 0.910 
0.043 0.984 0.263 0.980 0.919 
0.039 0.984 0.378 0.983 0.963 
0.036 0.986 0.427 0.985 0.966 
0.067 0.980 0.330 0.975 0.969 
0.060 0.978 0.359 0.985 0.928 
0.033 0.986 0.207 0.983 0.966 
0.051 0.984 0.162 0.973 0.969 
0.049 0.980 0.448 0.983 0.960 
0.054 0.982 0.308 0.978 0.960 
0.032 0.988 0.165 0.980 0.956 
0.043 0.985 0.210 0.983 0.956 
0.050 0.980 0.208 0.980 0.956 
0.060 0.980 0.088 0.983 0.956 
0.056 0.980 0.161 0.983 0.960 
0.049 0.983 0.185 0.975 0.941 
0.057 0.979 0.529 0.975 0.963 
0.057 0.983 0.277 0.978 0.938 
0.049 0.984 0.411 0.985 0.944 
0.036 0.988 0.356 0.980 0.963 
0.054 0.980 0.431 0.983 0.950 
0.051 0.981 0.172 0.980 0.941 
0.049 0.981 0.583 0.978 0.966 
0.037 0.988 0.849 0.980 0.960 
0.062 0.981 0.438 0.965 0.978 
0.053 0.982 0.266 0.978 0.956 
0.050 0.982 0.295 0.970 0.972 
0.041 0.984 0.414 0.983 0.960 
0.037 0.986 0.379 0.975 0.960 
0.043 0.984 0.314 0.978 0.966 
0.060 0.982 0.221 0.975 0.925 
0.063 0.981 0.287 0.973 0.975 
0.051 0.986 0.080 0.983 0.935 
0.044 0.984 0.152 0.973 0.947 
0.048 0.985 0.159 0.983 0.947 
0.051 0.982 0.087 0.988 0.956 
0.057 0.983 0.169 0.985 0.938 
0.044 0.984 0.181 0.975 0.931 
0.043 0.985 0.209 0.973 0.969 
0.063 0.980 0.147 0.980 0.938 
0.058 0.982 0.086 0.988 0.953 
0.050 0.985 0.115 0.985 0.960 
0.045 0.983 0.113 0.980 0.972 
0.059 0.981 0.084 0.980 0.882 
0.038 0.984 0.136 0.978 0.966 
0.039 0.985 0.111 0.983 0.953 
0.052 0.982 0.108 0.978 0.953 
0.050 0.983 0.144 0.983 0.960 
0.052 0.977 0.311 0.965 0.894 
0.059 0.987 0.091 0.988 0.919 
0.064 0.982 0.154 0.983 0.963 
0.032 0.988 0.310 0.980 0.941 
0.044 0.985 0.669 0.980 0.947 
0.048 0.986 0.487 0.985 0.944 
0.053 0.981 0.338 0.983 0.953 
0.058 0.980 0.413 0.973 0.966 
0.049 0.984 0.212 0.983 0.960 
0.044 0.986 0.184 0.985 0.944 
0.044 0.982 0.175 0.980 0.931 
0.054 0.983 0.250 0.980 0.941 
0.046 0.986 0.287 0.980 0.931 
0.054 0.980 0.144 0.978 0.956 
0.056 0.982 0.231 0.980 0.950 
0.047 0.982 0.121 0.978 0.969 
0.036 0.987 0.315 0.980 0.941 
0.045 0.982 0.130 0.980 0.941 
0.045 0.987 0.083 0.983 0.947 
0.052 0.982 0.131 0.975 0.947 
0.050 0.985 0.106 0.985 0.947 
0.038 0.985 0.120 0.983 0.960 
0.032 0.986 0.276 0.978 0.960 
0.055 0.981 0.229 0.975 0.947 
0.029 0.988 0.127 0.988 0.963 
0.072 0.979 0.129 0.985 0.953 
0.049 0.982 0.112 0.983 0.950 
0.044 0.983 0.104 0.975 0.956 
0.049 0.986 0.134 0.973 0.969 
0.036 0.986 0.381 0.985 0.947 
0.044 0.983 0.252 0.975 0.966 
0.043 0.985 0.143 0.980 0.935 
0.056 0.980 0.393 0.985 0.950 
0.041 0.985 0.245 0.973 0.969 
0.047 0.983 0.431 0.980 0.960 
0.050 0.982 0.341 0.985 0.950 
0.042 0.985 0.340 0.973 0.963 
0.051 0.982 0.105 0.980 0.944 
0.043 0.984 0.467 0.985 0.938 
0.050 0.981 0.151 0.983 0.928 
0.045 0.985 0.225 0.985 0.938 
0.046 0.984 0.109 0.980 0.960 
0.042 0.986 0.093 0.985 0.935 
0.037 0.986 0.120 0.975 0.975 
0.045 0.983 0.130 0.983 0.953 
0.044 0.990 0.125 0.978 0.972 
0.049 0.980 0.165 0.983 0.935 
0.041 0.984 0.191 0.985 0.928 
0.043 0.986 0.152 0.983 0.947 
0.051 0.981 0.094 0.988 0.922 
0.057 0.979 0.340 0.985 0.925 
0.049 0.984 0.087 0.978 0.963 
0.046 0.985 0.264 0.980 0.947 
0.042 0.980 0.251 0.983 0.944 
0.048 0.982 0.308 0.983 0.938 
0.058 0.980 0.278 0.985 0.938 
0.036 0.986 0.201 0.970 0.969 
0.050 0.983 0.202 0.980 0.960 
0.047 0.986 0.343 0.978 0.956 
0.042 0.985 0.513 0.983 0.960 
0.048 0.984 0.148 0.978 0.969 
0.049 0.981 0.232 0.978 0.956 
0.032 0.986 0.287 0.985 0.931 
0.054 0.980 0.212 0.985 0.931 
0.045 0.982 0.186 0.980 0.944 
0.047 0.985 0.073 0.988 0.944 
0.039 0.986 0.225 0.970 0.972 
0.054 0.979 0.102 0.988 0.956 
0.039 0.985 0.216 0.980 0.931 
0.042 0.984 0.497 0.973 0.972 
0.033 0.987 0.336 0.983 0.947 
0.053 0.983 0.244 0.980 0.916 
0.029 0.988 0.301 0.973 0.966 
0.037 0.985 0.166 0.985 0.966 
0.054 0.981 0.102 0.983 0.941 
0.057 0.984 0.459 0.983 0.956 
0.053 0.982 0.206 0.985 0.956 
0.038 0.984 1.621 0.983 0.941 
0.062 0.983 0.612 0.980 0.928 
0.046 0.983 1.004 0.985 0.941 
0.055 0.985 0.761 0.978 0.966 
0.042 0.986 0.637 0.975 0.972 
0.047 0.986 0.167 0.985 0.935 
0.049 0.980 0.112 0.975 0.963 
0.054 0.979 0.267 0.978 0.963 
0.038 0.987 0.235 0.960 0.969 
0.052 0.980 0.299 0.980 0.916 
0.047 0.984 0.645 0.985 0.935 
0.045 0.984 0.384 0.983 0.953 
0.046 0.982 0.677 0.980 0.956 
0.053 0.982 0.138 0.980 0.947 
0.055 0.981 0.594 0.985 0.944 
0.038 0.986 0.528 0.973 0.975 
0.036 0.989 0.966 0.983 0.960 
0.049 0.984 0.732 0.983 0.953 
0.051 0.982 0.615 0.985 0.950 
0.044 0.984 0.838 0.975 0.947 
0.060 0.980 0.646 0.980 0.938 
0.058 0.980 0.255 0.980 0.928 
0.069 0.981 0.158 0.973 0.891 
0.059 0.978 0.363 0.978 0.969 
0.065 0.979 0.938 0.985 0.972 
0.046 0.983 0.418 0.983 0.966 
0.057 0.978 0.191 0.980 0.950 
0.049 0.983 0.258 0.983 0.941 
0.033 0.987 0.467 0.980 0.953 
0.060 0.976 0.307 0.980 0.953 
0.052 0.987 0.474 0.983 0.956 
0.053 0.979 0.628 0.975 0.966 
0.042 0.985 0.930 0.975 0.969 
0.043 0.989 1.114 0.973 0.960 
0.073 0.982 0.159 0.980 0.956 
0.054 0.979 0.162 0.975 0.966 
0.040 0.988 0.091 0.985 0.956 
0.048 0.978 0.088 0.978 0.913 
0.044 0.985 0.110 0.975 0.966 
0.048 0.983 0.090 0.988 0.941 
0.045 0.987 0.098 0.988 0.966 
0.033 0.988 0.173 0.983 0.966 
0.042 0.985 0.431 0.983 0.966 
0.059 0.980 0.408 0.985 0.960 
0.042 0.985 1.311 0.978 0.966 
0.052 0.983 0.210 0.978 0.953 
0.050 0.983 0.180 0.985 0.935 
0.044 0.989 0.381 0.980 0.963 
0.064 0.980 0.454 0.983 0.960 
0.047 0.982 0.472 0.978 0.910 
0.041 0.987 0.476 0.985 0.935 
0.042 0.986 0.521 0.973 0.900 
0.040 0.987 0.483 0.985 0.950 
0.073 0.980 0.081 0.988 0.944 
0.043 0.983 0.080 0.983 0.947 
0.039 0.988 0.133 0.975 0.903 
0.038 0.987 0.169 0.983 0.950 
0.050 0.984 0.106 0.988 0.941 
0.054 0.981 0.103 0.985 0.950 
0.032 0.989 0.076 0.988 0.925 
0.040 0.986 0.088 0.985 0.969 
0.035 0.985 0.172 0.985 0.935 
0.037 0.986 0.148 0.985 0.925 
0.035 0.985 0.158 0.983 0.963 
0.052 0.985 0.095 0.975 0.960 
0.038 0.986 0.284 0.980 0.947 
0.036 0.988 0.197 0.983 0.953 
0.044 0.985 0.245 0.983 0.944 
0.042 0.986 0.096 0.980 0.935 
0.045 0.985 0.168 0.985 0.944 
0.049 0.984 0.121 0.973 0.960 
0.045 0.983 0.143 0.978 0.960 
0.044 0.983 0.098 0.983 0.963 
0.045 0.983 0.119 0.975 0.963 
0.040 0.985 0.113 0.985 0.975 
0.046 0.983 0.081 0.983 0.907 
0.046 0.982 0.087 0.985 0.938 
0.034 0.989 0.104 0.988 0.956 
0.049 0.985 0.080 0.988 0.953 
0.054 0.980 0.132 0.985 0.931 
0.046 0.986 0.132 0.978 0.966 
0.043 0.988 0.276 0.973 0.969 
0.040 0.985 0.267 0.980 0.941 
0.068 0.984 0.142 0.980 0.975 
0.048 0.984 0.072 0.988 0.928 
0.052 0.981 0.072 0.988 0.928 
0.033 0.990 0.149 0.988 0.944 
0.036 0.989 0.222 0.983 0.941 
0.049 0.983 0.125 0.983 0.953 
0.053 0.984 0.175 0.985 0.938 
0.061 0.984 0.141 0.980 0.953 
0.036 0.987 0.125 0.970 0.969 
0.036 0.988 0.070 0.983 0.931 
0.043 0.986 0.115 0.983 0.950 
0.033 0.989 0.148 0.975 0.907 
0.044 0.986 0.143 0.978 0.969 
0.048 0.984 0.111 0.980 0.925 
0.029 0.991 0.136 0.980 0.960 
0.048 0.984 0.189 0.980 0.869 
0.050 0.987 0.080 0.988 0.938 
0.038 0.989 0.107 0.980 0.960 
0.032 0.990 0.094 0.983 0.969 
0.052 0.983 0.085 0.983 0.950 
0.047 0.985 0.082 0.983 0.947 
0.036 0.989 0.099 0.980 0.969 
0.034 0.988 0.103 0.983 0.931 
0.055 0.984 0.119 0.980 0.953 
0.037 0.990 0.136 0.980 0.950 
0.040 0.984 0.107 0.983 0.935 
0.038 0.987 0.127 0.980 0.935 
0.051 0.981 0.072 0.983 0.882 
0.045 0.982 0.094 0.978 0.966 
0.042 0.988 0.086 0.985 0.935 
0.042 0.982 0.119 0.975 0.891 
0.048 0.983 0.193 0.983 0.938 
0.047 0.983 0.893 0.970 0.969 
0.074 0.979 0.347 0.980 0.935 
0.038 0.985 0.266 0.978 0.969 
0.040 0.985 0.492 0.985 0.944 
0.051 0.983 0.255 0.985 0.941 
0.040 0.985 0.302 0.985 0.916 
0.036 0.986 0.376 0.985 0.935 
0.046 0.984 0.420 0.985 0.947 
0.041 0.985 0.536 0.985 0.938 
0.034 0.988 0.794 0.983 0.947 
0.041 0.982 0.168 0.985 0.950 
0.053 0.982 0.379 0.978 0.925 
0.028 0.991 0.384 0.983 0.950 
0.031 0.988 0.239 0.978 0.925 
0.038 0.989 0.257 0.980 0.966 
0.045 0.984 0.526 0.980 0.928 
0.042 0.988 0.359 0.960 0.966 
0.042 0.985 0.303 0.980 0.925 
0.036 0.989 0.340 0.978 0.944 
0.053 0.981 0.295 0.983 0.931 
0.039 0.989 0.219 0.978 0.944 
0.047 0.984 0.188 0.983 0.960 
0.036 0.988 0.650 0.980 0.913 
0.035 0.990 0.450 0.975 0.966 
0.038 0.987 0.141 0.980 0.925 
0.046 0.984 0.308 0.985 0.947 
0.047 0.985 0.275 0.980 0.931 
0.035 0.987 0.526 0.980 0.938 
0.044 0.983 0.955 0.975 0.931 
0.039 0.986 0.412 0.985 0.944 
0.069 0.982 0.363 0.978 0.941 
0.035 0.986 0.451 0.975 0.956 
0.042 0.980 0.256 0.985 0.938 
0.033 0.988 0.555 0.983 0.953 
0.051 0.982 0.179 0.980 0.963 
0.053 0.980 0.331 0.985 0.944 
0.031 0.990 0.460 0.978 0.907 
0.040 0.983 0.395 0.983 0.944 
0.047 0.984 0.568 0.985 0.907 
0.025 0.991 0.562 0.983 0.960 
0.038 0.986 0.467 0.985 0.941 
0.071 0.980 0.141 0.980 0.960 
0.045 0.984 0.122 0.980 0.935 
0.048 0.982 0.272 0.985 0.907 
0.031 0.990 0.095 0.988 0.941 
0.037 0.988 0.251 0.980 0.928 
0.029 0.990 0.324 0.978 0.931 
0.036 0.990 0.242 0.983 0.956 
0.043 0.982 0.391 0.975 0.953 
0.049 0.982 0.332 0.980 0.866 
0.031 0.988 0.326 0.985 0.947 
0.042 0.985 0.121 0.988 0.947 
0.040 0.985 0.122 0.988 0.941 
0.046 0.984 0.263 0.985 0.935 
0.041 0.989 0.157 0.980 0.913 
0.040 0.986 0.463 0.978 0.956 
0.038 0.985 0.513 0.963 0.972 
0.041 0.986 0.555 0.978 0.966 
0.043 0.987 0.341 0.985 0.960 
0.041 0.981 0.385 0.980 0.963 
0.023 0.994 0.318 0.978 0.969 
0.059 0.984 0.575 0.980 0.944 
0.035 0.988 0.473 0.975 0.960 
0.041 0.987 0.598 0.975 0.960 
0.042 0.985 0.565 0.980 0.931 
0.038 0.985 0.864 0.973 0.963 
0.040 0.985 0.500 0.980 0.947 
0.044 0.983 0.358 0.983 0.935 
0.044 0.985 0.102 0.988 0.956 
0.041 0.986 0.619 0.980 0.928 
0.034 0.985 0.645 0.980 0.910 
0.038 0.986 0.795 0.978 0.960 
0.046 0.987 0.636 0.980 0.931 
0.056 0.983 0.325 0.980 0.913 
0.039 0.988 0.110 0.983 0.913 
0.040 0.984 0.405 0.985 0.960 
0.030 0.991 0.376 0.985 0.928 
0.054 0.981 0.245 0.985 0.944 
0.051 0.988 0.550 0.975 0.910 
0.090 0.980 0.577 0.983 0.897 
0.050 0.988 0.408 0.985 0.913 
0.033 0.988 0.654 0.978 0.916 
0.042 0.985 0.726 0.980 0.963 
0.044 0.983 0.705 0.985 0.941 
0.029 0.990 0.701 0.978 0.963 
0.052 0.979 0.720 0.985 0.938 
0.050 0.985 0.552 0.985 0.916 
0.038 0.982 0.848 0.980 0.963 
0.037 0.985 0.971 0.983 0.935 
0.039 0.989 0.816 0.980 0.953 
0.027 0.991 0.582 0.980 0.919 
0.043 0.986 0.968 0.985 0.950 
0.052 0.985 1.289 0.980 0.960 
0.046 0.982 1.072 0.978 0.944 
0.033 0.988 1.165 0.980 0.928 
0.034 0.990 0.866 0.975 0.956 
0.046 0.984 0.629 0.980 0.941 
0.035 0.986 0.739 0.985 0.947 
0.047 0.984 0.917 0.980 0.944 
0.032 0.989 1.056 0.980 0.950 
0.034 0.989 0.854 0.985 0.953 
0.041 0.987 0.744 0.978 0.966 
0.025 0.992 1.101 0.983 0.960 
0.046 0.985 1.094 0.980 0.953 
0.053 0.984 0.639 0.983 0.947 
0.048 0.984 0.133 0.980 0.963 
0.060 0.983 0.093 0.988 0.944 
0.042 0.986 0.399 0.980 0.935 
0.046 0.986 0.542 0.985 0.956 
0.050 0.984 0.558 0.980 0.956 
0.040 0.985 0.921 0.980 0.944 
0.044 0.982 0.821 0.975 0.963 
0.039 0.989 1.187 0.985 0.919 
0.026 0.990 1.062 0.985 0.953 
0.039 0.985 0.997 0.983 0.966 
0.051 0.983 0.738 0.980 0.941 
0.035 0.985 1.113 0.985 0.956 
0.038 0.987 0.901 0.983 0.950 
0.035 0.988 0.712 0.978 0.960 
0.050 0.982 1.378 0.980 0.963 
0.046 0.983 0.699 0.980 0.935 
0.040 0.983 0.781 0.980 0.947 
0.044 0.986 0.852 0.985 0.941 
0.040 0.986 0.763 0.983 0.956 
0.037 0.988 0.866 0.975 0.975 
0.045 0.985 0.859 0.978 0.969 
0.052 0.981 0.524 0.980 0.947 
0.044 0.985 0.091 0.988 0.953 
0.030 0.988 0.439 0.983 0.950 
0.040 0.985 0.474 0.983 0.953 
0.041 0.989 0.384 0.980 0.956 
0.029 0.990 0.879 0.985 0.925 
0.035 0.984 1.780 0.983 0.931 
0.080 0.980 0.167 0.988 0.941 
0.051 0.984 0.588 0.983 0.956 
0.031 0.989 0.369 0.978 0.956 
0.031 0.988 0.530 0.978 0.960 
0.039 0.984 0.235 0.988 0.935 
0.030 0.988 0.564 0.978 0.950 
0.063 0.983 0.240 0.983 0.953 
0.031 0.988 0.257 0.980 0.963 
0.032 0.990 0.508 0.980 0.916 
0.033 0.989 0.272 0.980 0.963 
0.033 0.988 0.555 0.983 0.963 
0.041 0.986 0.683 0.985 0.950 
0.037 0.988 0.867 0.975 0.950 
0.037 0.990 0.377 0.980 0.941 
0.041 0.985 0.446 0.983 0.938 
0.053 0.981 0.977 0.980 0.916 
0.042 0.986 0.325 0.980 0.953 
0.030 0.987 0.852 0.985 0.953 
0.040 0.987 0.143 0.988 0.935 
0.030 0.990 0.297 0.978 0.907 
0.044 0.982 0.486 0.978 0.960 
0.047 0.988 0.156 0.983 0.960 
0.042 0.985 0.161 0.983 0.935 
0.033 0.988 0.163 0.985 0.960 
0.036 0.986 0.163 0.983 0.956 
0.053 0.982 0.232 0.988 0.938 
0.061 0.982 0.109 0.988 0.928 
0.046 0.985 0.132 0.988 0.947 
0.030 0.990 0.220 0.988 0.953 
0.022 0.991 0.516 0.980 0.938 
0.046 0.984 0.255 0.983 0.953 
0.048 0.984 0.422 0.985 0.928 
0.050 0.982 0.255 0.988 0.956 
0.064 0.984 0.288 0.985 0.931 
0.038 0.986 0.559 0.980 0.907 
0.035 0.986 0.832 0.980 0.916 
0.038 0.986 0.229 0.988 0.947 
0.048 0.983 0.096 0.988 0.941 
0.038 0.985 0.138 0.988 0.925 
0.040 0.984 0.131 0.988 0.935 
0.038 0.988 0.163 0.983 0.935 
0.043 0.986 0.194 0.983 0.950 
0.033 0.986 0.223 0.988 0.935 
0.042 0.985 0.539 0.985 0.947 
0.038 0.984 0.659 0.985 0.938 
0.046 0.984 0.783 0.983 0.919 
0.045 0.985 0.412 0.980 0.882 
0.060 0.981 0.107 0.985 0.935 
0.037 0.988 0.147 0.988 0.935 
0.040 0.985 0.225 0.988 0.935 
0.044 0.984 0.183 0.988 0.928 
0.059 0.983 0.187 0.985 0.944 
0.041 0.982 0.324 0.980 0.953 
0.029 0.991 0.419 0.975 0.960 
0.058 0.981 0.111 0.978 0.956 
0.035 0.986 0.406 0.975 0.950 
0.039 0.985 0.374 0.985 0.950 
0.036 0.987 0.133 0.985 0.938 
0.041 0.983 0.342 0.985 0.944 
0.039 0.988 0.095 0.983 0.941 
0.031 0.989 0.114 0.988 0.935 
0.026 0.989 0.159 0.980 0.950 
0.045 0.985 0.225 0.988 0.941 
0.044 0.984 0.111 0.988 0.931 
0.036 0.989 0.327 0.985 0.950 
0.050 0.982 0.152 0.985 0.947 
0.043 0.983 0.265 0.985 0.941 
0.053 0.984 0.548 0.985 0.941 
0.045 0.985 0.342 0.980 0.956 
0.034 0.988 0.077 0.988 0.960 
0.043 0.983 0.082 0.988 0.944 
0.033 0.986 0.291 0.980 0.963 
0.041 0.986 0.125 0.988 0.944 
0.037 0.986 0.402 0.980 0.960 
0.046 0.983 0.541 0.980 0.931 
0.042 0.990 0.498 0.983 0.960 
0.046 0.983 0.409 0.980 0.947 
0.039 0.986 0.186 0.980 0.963 
0.034 0.988 0.351 0.985 0.950 
0.040 0.985 0.649 0.978 0.960 
0.031 0.988 0.242 0.980 0.938 
0.042 0.986 0.176 0.985 0.947 
0.040 0.984 0.140 0.988 0.935 
0.031 0.991 0.397 0.985 0.938 
0.043 0.983 0.145 0.985 0.941 
0.025 0.990 0.354 0.980 0.947 
0.026 0.991 0.359 0.985 0.935 
0.044 0.985 0.438 0.985 0.925 
0.043 0.985 0.208 0.978 0.953 
0.044 0.983 0.290 0.983 0.947 
0.043 0.986 0.383 0.980 0.950 
0.032 0.989 0.539 0.978 0.944 
0.047 0.984 0.386 0.983 0.953 
0.038 0.985 0.489 0.973 0.969 
0.042 0.985 0.707 0.985 0.947 
0.039 0.984 0.167 0.980 0.938 
0.045 0.983 0.186 0.983 0.956 
0.035 0.985 0.196 0.985 0.931 
0.046 0.987 0.408 0.983 0.935 
0.039 0.985 0.607 0.975 0.963 
0.049 0.984 0.169 0.985 0.941 
