0.432 0.807 0.243 0.943 0.139 
0.331 0.868 0.207 0.922 0.542 
0.322 0.871 0.140 0.958 0.603 
0.248 0.905 0.163 0.950 0.403 
0.255 0.904 0.138 0.953 0.610 
0.233 0.910 0.171 0.965 0.835 
0.233 0.906 0.146 0.970 0.771 
0.210 0.928 0.169 0.953 0.661 
0.200 0.925 0.141 0.973 0.832 
0.210 0.920 0.127 0.958 0.706 
0.198 0.933 0.137 0.963 0.784 
0.188 0.933 0.164 0.965 0.823 
0.183 0.932 0.132 0.955 0.761 
0.189 0.929 0.147 0.970 0.832 
0.169 0.936 0.141 0.948 0.823 
0.169 0.938 0.146 0.965 0.894 
0.155 0.948 0.139 0.973 0.726 
0.172 0.939 0.156 0.963 0.877 
0.159 0.944 0.138 0.978 0.768 
0.156 0.944 0.138 0.958 0.806 
0.154 0.947 0.161 0.973 0.861 
0.155 0.941 0.134 0.978 0.861 
0.151 0.945 0.109 0.970 0.881 
0.172 0.944 0.104 0.965 0.823 
0.149 0.947 0.131 0.970 0.813 
0.127 0.952 0.161 0.965 0.897 
0.131 0.948 0.163 0.955 0.942 
0.139 0.951 0.136 0.968 0.894 
0.129 0.954 0.110 0.975 0.810 
0.134 0.954 0.137 0.973 0.877 
0.132 0.954 0.136 0.958 0.877 
0.129 0.951 0.129 0.965 0.829 
0.146 0.947 0.119 0.960 0.881 
0.131 0.958 0.115 0.973 0.855 
0.122 0.955 0.152 0.965 0.890 
0.129 0.957 0.164 0.975 0.913 
0.116 0.962 0.108 0.970 0.823 
0.134 0.948 0.099 0.973 0.787 
0.110 0.965 0.087 0.970 0.884 
0.102 0.967 0.129 0.950 0.848 
0.133 0.957 0.116 0.970 0.819 
0.120 0.955 0.125 0.968 0.890 
0.138 0.960 0.099 0.963 0.858 
0.117 0.964 0.109 0.963 0.835 
0.110 0.965 0.101 0.963 0.887 
0.114 0.961 0.111 0.968 0.861 
0.116 0.960 0.102 0.965 0.871 
0.112 0.958 0.099 0.965 0.877 
0.109 0.962 0.128 0.978 0.929 
0.114 0.959 0.115 0.968 0.819 
0.110 0.966 0.096 0.963 0.784 
0.098 0.966 0.117 0.978 0.910 
0.096 0.968 0.116 0.968 0.884 
0.119 0.962 0.108 0.978 0.845 
0.111 0.960 0.112 0.955 0.813 
0.114 0.960 0.109 0.975 0.910 
0.110 0.964 0.096 0.973 0.858 
0.097 0.968 0.112 0.968 0.871 
0.104 0.964 0.126 0.963 0.871 
0.108 0.961 0.097 0.970 0.887 
0.106 0.965 0.109 0.970 0.868 
0.091 0.968 0.116 0.963 0.877 
0.107 0.963 0.089 0.968 0.865 
0.100 0.968 0.154 0.960 0.948 
0.111 0.968 0.116 0.965 0.906 
0.102 0.966 0.118 0.973 0.942 
0.117 0.963 0.135 0.963 0.906 
0.111 0.963 0.105 0.960 0.819 
0.110 0.965 0.122 0.968 0.887 
0.113 0.966 0.221 0.948 0.958 
0.117 0.961 0.112 0.973 0.903 
0.116 0.960 0.101 0.968 0.787 
0.095 0.967 0.098 0.975 0.884 
0.100 0.967 0.119 0.973 0.906 
0.105 0.965 0.106 0.965 0.826 
0.100 0.968 0.137 0.963 0.942 
0.093 0.968 0.102 0.973 0.894 
0.104 0.965 0.121 0.975 0.910 
0.093 0.967 0.171 0.975 0.948 
0.100 0.964 0.094 0.970 0.832 
0.079 0.973 0.099 0.973 0.871 
0.097 0.968 0.102 0.973 0.894 
0.101 0.967 0.094 0.978 0.903 
0.090 0.971 0.104 0.978 0.919 
0.093 0.969 0.137 0.975 0.926 
0.076 0.979 0.107 0.968 0.845 
0.089 0.971 0.115 0.968 0.916 
0.086 0.971 0.122 0.983 0.913 
0.090 0.970 0.098 0.980 0.887 
0.087 0.969 0.106 0.970 0.865 
0.088 0.968 0.115 0.983 0.868 
0.089 0.970 0.141 0.980 0.935 
0.079 0.973 0.077 0.970 0.861 
0.091 0.971 0.082 0.970 0.852 
0.089 0.974 0.116 0.970 0.884 
0.083 0.973 0.102 0.978 0.865 
0.089 0.968 0.089 0.973 0.894 
0.087 0.973 0.105 0.978 0.897 
0.082 0.970 0.098 0.975 0.852 
0.090 0.969 0.090 0.968 0.848 
0.087 0.972 0.110 0.978 0.835 
0.087 0.971 0.079 0.968 0.865 
0.081 0.972 0.091 0.975 0.923 
0.077 0.974 0.161 0.963 0.952 
0.065 0.979 0.112 0.963 0.890 
0.088 0.973 0.091 0.980 0.890 
0.080 0.973 0.140 0.955 0.955 
0.084 0.974 0.086 0.970 0.845 
0.079 0.972 0.107 0.973 0.894 
0.096 0.964 0.099 0.975 0.903 
0.076 0.976 0.098 0.978 0.910 
0.080 0.971 0.100 0.975 0.919 
0.087 0.968 0.106 0.975 0.919 
0.071 0.976 0.101 0.973 0.919 
0.096 0.971 0.088 0.980 0.897 
0.082 0.972 0.083 0.973 0.884 
0.077 0.976 0.096 0.973 0.923 
0.088 0.971 0.092 0.970 0.906 
0.079 0.970 0.072 0.980 0.906 
0.074 0.973 0.071 0.978 0.903 
0.073 0.976 0.091 0.975 0.929 
0.082 0.971 0.092 0.973 0.865 
0.082 0.968 0.121 0.965 0.932 
0.075 0.974 0.077 0.975 0.848 
0.080 0.972 0.094 0.978 0.913 
0.081 0.972 0.102 0.975 0.923 
0.081 0.972 0.078 0.970 0.858 
0.082 0.973 0.070 0.978 0.813 
0.071 0.977 0.117 0.975 0.942 
0.060 0.980 0.147 0.970 0.942 
0.077 0.972 0.116 0.975 0.916 
0.077 0.973 0.079 0.983 0.894 
0.075 0.972 0.085 0.983 0.903 
0.071 0.975 0.086 0.973 0.939 
0.069 0.978 0.099 0.975 0.939 
0.079 0.978 0.097 0.978 0.935 
0.068 0.982 0.076 0.975 0.913 
0.080 0.976 0.089 0.980 0.906 
0.080 0.974 0.086 0.970 0.910 
0.077 0.976 0.082 0.983 0.877 
0.057 0.983 0.099 0.985 0.861 
0.075 0.971 0.123 0.970 0.929 
0.072 0.976 0.099 0.978 0.923 
0.074 0.976 0.083 0.988 0.900 
0.069 0.976 0.078 0.980 0.923 
0.079 0.972 0.094 0.978 0.929 
0.058 0.984 0.099 0.970 0.900 
0.076 0.972 0.094 0.978 0.926 
0.066 0.978 0.097 0.973 0.916 
0.087 0.970 0.101 0.983 0.919 
0.075 0.976 0.097 0.978 0.932 
0.067 0.977 0.090 0.978 0.932 
0.070 0.980 0.083 0.975 0.926 
0.073 0.974 0.084 0.965 0.868 
0.066 0.979 0.114 0.973 0.942 
0.067 0.978 0.094 0.978 0.903 
0.079 0.975 0.107 0.978 0.926 
0.075 0.975 0.093 0.965 0.910 
0.074 0.972 0.092 0.970 0.932 
0.076 0.974 0.069 0.978 0.877 
0.073 0.979 0.074 0.978 0.903 
0.060 0.979 0.084 0.975 0.923 
0.060 0.980 0.109 0.975 0.935 
0.062 0.978 0.081 0.968 0.845 
0.073 0.975 0.112 0.975 0.929 
0.069 0.979 0.120 0.978 0.945 
0.074 0.978 0.096 0.970 0.897 
0.068 0.976 0.105 0.973 0.919 
0.077 0.976 0.109 0.970 0.913 
0.077 0.976 0.115 0.970 0.906 
0.074 0.976 0.117 0.978 0.906 
0.065 0.979 0.117 0.968 0.929 
0.078 0.973 0.094 0.968 0.887 
0.074 0.973 0.098 0.978 0.900 
0.052 0.984 0.100 0.963 0.874 
0.080 0.972 0.097 0.975 0.900 
0.073 0.979 0.105 0.970 0.903 
0.072 0.978 0.077 0.973 0.848 
0.069 0.978 0.095 0.975 0.868 
0.063 0.979 0.121 0.968 0.906 
0.062 0.978 0.104 0.973 0.919 
0.064 0.979 0.107 0.965 0.903 
0.072 0.977 0.095 0.973 0.887 
0.072 0.979 0.098 0.968 0.919 
0.074 0.979 0.117 0.970 0.952 
0.066 0.979 0.142 0.963 0.961 
0.067 0.978 0.095 0.970 0.877 
0.079 0.973 0.091 0.978 0.913 
0.053 0.984 0.136 0.975 0.923 
0.082 0.971 0.105 0.978 0.919 
0.065 0.979 0.086 0.983 0.919 
0.064 0.980 0.119 0.968 0.948 
0.069 0.971 0.086 0.970 0.913 
0.066 0.980 0.059 0.978 0.910 
0.067 0.976 0.084 0.973 0.916 
0.066 0.979 0.074 0.978 0.890 
0.070 0.977 0.091 0.968 0.810 
0.061 0.980 0.087 0.978 0.877 
0.069 0.977 0.064 0.975 0.874 
0.066 0.974 0.094 0.978 0.923 
0.064 0.974 0.105 0.970 0.935 
0.059 0.976 0.095 0.973 0.913 
0.070 0.979 0.120 0.968 0.935 
0.057 0.982 0.120 0.975 0.945 
0.068 0.979 0.120 0.973 0.906 
0.063 0.978 0.156 0.958 0.958 
0.064 0.977 0.051 0.983 0.858 
0.069 0.978 0.167 0.978 0.945 
0.072 0.977 0.097 0.975 0.919 
0.066 0.979 0.121 0.973 0.942 
0.078 0.975 0.083 0.980 0.906 
0.061 0.981 0.109 0.968 0.919 
0.068 0.978 0.096 0.973 0.945 
0.069 0.975 0.110 0.983 0.919 
0.065 0.980 0.058 0.983 0.842 
0.059 0.982 0.103 0.980 0.916 
0.049 0.984 0.101 0.975 0.929 
0.050 0.981 0.073 0.975 0.855 
0.059 0.979 0.086 0.975 0.913 
0.059 0.982 0.143 0.973 0.942 
0.053 0.980 0.117 0.978 0.935 
0.058 0.978 0.078 0.975 0.932 
0.058 0.980 0.087 0.978 0.913 
0.072 0.973 0.146 0.978 0.945 
0.066 0.976 0.104 0.975 0.935 
0.066 0.977 0.110 0.975 0.939 
0.049 0.984 0.088 0.973 0.874 
0.055 0.982 0.094 0.980 0.894 
0.059 0.979 0.083 0.978 0.906 
0.062 0.980 0.116 0.978 0.900 
0.066 0.976 0.136 0.975 0.952 
0.069 0.977 0.126 0.970 0.942 
0.057 0.985 0.080 0.980 0.868 
0.059 0.979 0.090 0.970 0.929 
0.060 0.979 0.087 0.968 0.861 
0.055 0.982 0.122 0.973 0.952 
0.056 0.985 0.172 0.973 0.935 
0.066 0.978 0.091 0.970 0.913 
0.067 0.974 0.100 0.980 0.916 
0.064 0.975 0.109 0.975 0.887 
0.058 0.982 0.142 0.975 0.926 
0.061 0.980 0.136 0.975 0.913 
0.061 0.978 0.109 0.973 0.916 
0.056 0.981 0.138 0.973 0.948 
0.051 0.980 0.080 0.970 0.848 
0.060 0.982 0.084 0.980 0.932 
0.045 0.986 0.084 0.975 0.939 
0.054 0.982 0.071 0.990 0.868 
0.052 0.984 0.103 0.980 0.913 
0.056 0.983 0.075 0.975 0.906 
0.057 0.982 0.067 0.973 0.935 
0.050 0.980 0.072 0.973 0.929 
0.056 0.980 0.071 0.978 0.910 
0.059 0.982 0.125 0.973 0.932 
0.062 0.978 0.067 0.975 0.913 
0.047 0.983 0.092 0.978 0.887 
0.058 0.979 0.103 0.973 0.919 
0.056 0.981 0.120 0.975 0.955 
0.057 0.980 0.119 0.978 0.929 
0.052 0.982 0.098 0.978 0.923 
0.061 0.978 0.134 0.978 0.942 
0.059 0.982 0.107 0.973 0.910 
0.053 0.981 0.130 0.975 0.923 
0.055 0.980 0.088 0.970 0.906 
0.036 0.989 0.126 0.970 0.939 
0.075 0.974 0.145 0.975 0.942 
0.069 0.979 0.117 0.973 0.919 
0.060 0.977 0.135 0.980 0.897 
0.056 0.978 0.080 0.980 0.881 
0.059 0.980 0.096 0.983 0.852 
0.053 0.981 0.081 0.973 0.877 
0.068 0.978 0.073 0.978 0.923 
0.059 0.983 0.111 0.973 0.945 
0.062 0.984 0.089 0.978 0.926 
0.076 0.973 0.086 0.978 0.894 
0.048 0.986 0.192 0.960 0.968 
0.052 0.985 0.074 0.975 0.929 
0.056 0.979 0.146 0.968 0.929 
0.063 0.982 0.093 0.980 0.913 
0.058 0.977 0.074 0.978 0.894 
0.057 0.985 0.097 0.973 0.910 
0.053 0.980 0.081 0.970 0.823 
0.048 0.986 0.108 0.968 0.913 
0.045 0.986 0.086 0.975 0.910 
0.057 0.979 0.083 0.983 0.894 
0.052 0.980 0.083 0.973 0.897 
0.066 0.977 0.095 0.973 0.897 
0.058 0.977 0.076 0.970 0.865 
0.067 0.980 0.105 0.960 0.881 
0.055 0.982 0.148 0.970 0.942 
0.059 0.982 0.087 0.975 0.932 
0.063 0.980 0.080 0.975 0.900 
0.048 0.983 0.196 0.968 0.974 
0.056 0.979 0.117 0.965 0.935 
0.058 0.981 0.107 0.968 0.942 
0.048 0.985 0.108 0.970 0.932 
0.049 0.985 0.110 0.975 0.929 
0.054 0.983 0.182 0.965 0.948 
0.050 0.984 0.093 0.970 0.868 
0.048 0.985 0.113 0.970 0.926 
0.069 0.979 0.084 0.978 0.829 
0.053 0.980 0.088 0.978 0.903 
0.048 0.985 0.086 0.978 0.919 
0.056 0.982 0.083 0.978 0.910 
0.068 0.979 0.078 0.980 0.874 
0.062 0.980 0.107 0.978 0.906 
0.051 0.984 0.084 0.978 0.929 
0.050 0.985 0.088 0.968 0.913 
0.046 0.985 0.082 0.973 0.923 
0.052 0.982 0.085 0.970 0.865 
0.058 0.982 0.101 0.970 0.926 
0.056 0.986 0.118 0.975 0.939 
0.059 0.983 0.107 0.960 0.932 
0.056 0.977 0.117 0.970 0.900 
0.051 0.985 0.098 0.973 0.906 
0.062 0.980 0.148 0.958 0.952 
0.043 0.982 0.085 0.973 0.900 
0.059 0.978 0.104 0.968 0.913 
0.063 0.979 0.088 0.968 0.932 
0.058 0.982 0.089 0.963 0.913 
0.055 0.980 0.075 0.975 0.884 
0.060 0.980 0.065 0.985 0.890 
0.055 0.985 0.085 0.975 0.913 
0.055 0.983 0.120 0.970 0.948 
0.047 0.986 0.082 0.975 0.942 
0.046 0.988 0.105 0.968 0.945 
0.045 0.987 0.089 0.973 0.926 
0.043 0.986 0.132 0.958 0.961 
0.055 0.982 0.077 0.970 0.929 
0.055 0.983 0.066 0.978 0.894 
0.054 0.980 0.087 0.978 0.932 
0.050 0.984 0.136 0.970 0.935 
0.044 0.986 0.157 0.970 0.945 
0.050 0.981 0.229 0.975 0.910 
0.078 0.977 0.104 0.978 0.910 
0.052 0.982 0.145 0.973 0.926 
0.055 0.979 0.104 0.975 0.897 
0.041 0.989 0.117 0.978 0.945 
0.047 0.986 0.101 0.973 0.910 
0.049 0.983 0.077 0.978 0.903 
0.056 0.987 0.181 0.968 0.826 
0.057 0.983 0.103 0.978 0.916 
0.059 0.984 0.133 0.963 0.942 
0.044 0.988 0.091 0.973 0.919 
0.047 0.983 0.115 0.978 0.919 
0.059 0.982 0.105 0.973 0.852 
0.061 0.978 0.113 0.958 0.955 
0.039 0.987 0.099 0.968 0.916 
0.058 0.979 0.105 0.978 0.923 
0.047 0.986 0.087 0.975 0.877 
0.061 0.979 0.094 0.975 0.881 
0.041 0.986 0.148 0.978 0.942 
0.056 0.986 0.131 0.973 0.916 
0.064 0.980 0.238 0.980 0.945 
0.048 0.984 0.136 0.975 0.916 
0.042 0.986 0.172 0.958 0.939 
0.058 0.978 0.080 0.978 0.877 
0.056 0.980 0.146 0.973 0.942 
0.042 0.985 0.082 0.978 0.923 
0.052 0.983 0.112 0.958 0.952 
0.053 0.982 0.087 0.975 0.929 
0.044 0.983 0.100 0.968 0.955 
0.051 0.984 0.083 0.975 0.906 
0.054 0.983 0.113 0.975 0.932 
0.059 0.981 0.151 0.980 0.929 
0.073 0.978 0.123 0.980 0.955 
0.050 0.983 0.072 0.978 0.916 
0.051 0.980 0.076 0.980 0.929 
0.043 0.985 0.082 0.978 0.935 
0.046 0.985 0.198 0.968 0.952 
0.064 0.980 0.137 0.970 0.913 
0.054 0.983 0.115 0.970 0.919 
0.047 0.984 0.082 0.980 0.919 
0.046 0.986 0.111 0.980 0.935 
0.041 0.986 0.178 0.980 0.910 
0.048 0.981 0.076 0.983 0.903 
0.047 0.982 0.106 0.978 0.919 
0.050 0.980 0.095 0.978 0.903 
0.047 0.984 0.127 0.973 0.913 
0.062 0.982 0.116 0.975 0.935 
0.060 0.982 0.068 0.983 0.919 
0.044 0.985 0.062 0.978 0.913 
0.055 0.981 0.072 0.975 0.929 
0.071 0.981 0.094 0.975 0.871 
0.057 0.983 0.091 0.970 0.939 
0.040 0.985 0.148 0.975 0.945 
0.052 0.982 0.229 0.970 0.961 
0.049 0.982 0.367 0.960 0.955 
0.054 0.983 0.088 0.980 0.910 
0.061 0.981 0.106 0.968 0.955 
0.056 0.979 0.087 0.970 0.945 
0.049 0.982 0.062 0.973 0.929 
0.038 0.988 0.052 0.980 0.874 
0.049 0.985 0.058 0.983 0.913 
0.044 0.984 0.066 0.983 0.903 
0.050 0.985 0.063 0.978 0.932 
0.048 0.985 0.062 0.983 0.923 
0.053 0.981 0.111 0.973 0.955 
0.058 0.982 0.077 0.975 0.929 
0.045 0.986 0.046 0.985 0.903 
0.049 0.985 0.060 0.978 0.897 
0.041 0.986 0.064 0.978 0.865 
0.054 0.984 0.067 0.975 0.913 
0.063 0.982 0.071 0.980 0.939 
0.039 0.986 0.110 0.973 0.952 
0.051 0.983 0.076 0.980 0.884 
0.042 0.988 0.068 0.973 0.935 
0.044 0.986 0.063 0.975 0.916 
0.057 0.983 0.110 0.968 0.919 
0.056 0.985 0.088 0.960 0.948 
0.052 0.982 0.078 0.973 0.919 
0.046 0.984 0.156 0.975 0.939 
0.050 0.983 0.061 0.980 0.900 
0.052 0.979 0.081 0.970 0.942 
0.054 0.983 0.069 0.985 0.913 
0.042 0.989 0.061 0.983 0.881 
0.063 0.980 0.074 0.975 0.923 
0.054 0.983 0.066 0.970 0.871 
0.046 0.988 0.094 0.975 0.913 
0.062 0.984 0.075 0.973 0.903 
0.047 0.984 0.086 0.970 0.910 
0.044 0.985 0.080 0.983 0.919 
0.047 0.987 0.084 0.975 0.868 
0.046 0.986 0.101 0.980 0.887 
0.057 0.985 0.050 0.985 0.845 
0.046 0.988 0.065 0.978 0.910 
0.053 0.983 0.074 0.973 0.903 
0.055 0.979 0.078 0.978 0.900 
0.056 0.983 0.063 0.980 0.894 
0.052 0.985 0.094 0.975 0.945 
0.044 0.988 0.075 0.973 0.926 
0.048 0.985 0.072 0.983 0.894 
0.047 0.984 0.136 0.970 0.955 
0.048 0.985 0.080 0.978 0.906 
0.045 0.986 0.068 0.983 0.874 
0.053 0.984 0.077 0.980 0.910 
0.065 0.978 0.064 0.985 0.916 
0.039 0.988 0.075 0.985 0.910 
0.051 0.978 0.049 0.985 0.877 
0.054 0.977 0.149 0.980 0.935 
0.044 0.984 0.191 0.965 0.965 
0.051 0.986 0.209 0.975 0.926 
0.041 0.986 0.082 0.978 0.897 
0.047 0.985 0.064 0.985 0.923 
0.049 0.983 0.073 0.978 0.874 
0.041 0.988 0.116 0.978 0.935 
0.045 0.988 0.079 0.970 0.913 
0.066 0.982 0.057 0.978 0.926 
0.050 0.983 0.067 0.983 0.916 
0.056 0.980 0.077 0.975 0.939 
0.047 0.984 0.086 0.973 0.894 
0.040 0.985 0.065 0.983 0.913 
0.052 0.984 0.113 0.980 0.935 
0.045 0.984 0.127 0.973 0.945 
0.057 0.983 0.061 0.983 0.929 
0.041 0.985 0.081 0.978 0.929 
0.048 0.983 0.120 0.970 0.958 
0.047 0.983 0.164 0.973 0.952 
0.042 0.988 0.067 0.978 0.929 
0.048 0.985 0.147 0.970 0.948 
0.045 0.984 0.099 0.975 0.948 
0.046 0.983 0.068 0.973 0.919 
0.049 0.982 0.065 0.978 0.935 
0.061 0.979 0.121 0.975 0.955 
0.054 0.981 0.091 0.983 0.935 
0.044 0.987 0.078 0.973 0.900 
0.039 0.989 0.104 0.968 0.926 
0.050 0.981 0.095 0.970 0.926 
0.048 0.988 0.151 0.973 0.961 
0.054 0.983 0.130 0.963 0.965 
0.049 0.984 0.079 0.970 0.874 
0.045 0.988 0.108 0.975 0.932 
0.040 0.985 0.109 0.973 0.932 
0.048 0.984 0.058 0.980 0.890 
0.038 0.989 0.083 0.975 0.929 
0.049 0.981 0.100 0.965 0.945 
0.054 0.987 0.087 0.973 0.939 
0.058 0.982 0.103 0.975 0.935 
0.032 0.990 0.100 0.973 0.926 
0.046 0.983 0.064 0.980 0.929 
0.046 0.984 0.060 0.980 0.881 
0.046 0.983 0.053 0.983 0.913 
0.051 0.983 0.093 0.973 0.829 
0.040 0.985 0.058 0.980 0.826 
0.042 0.986 0.082 0.978 0.906 
0.045 0.983 0.068 0.980 0.929 
0.041 0.989 0.068 0.978 0.913 
0.034 0.986 0.136 0.973 0.945 
0.033 0.989 0.086 0.975 0.906 
0.042 0.986 0.077 0.970 0.868 
0.050 0.985 0.086 0.983 0.861 
0.037 0.987 0.056 0.978 0.881 
0.055 0.984 0.122 0.983 0.881 
0.057 0.982 0.083 0.980 0.910 
0.042 0.987 0.101 0.978 0.916 
0.057 0.982 0.067 0.983 0.939 
0.063 0.980 0.063 0.980 0.884 
0.045 0.981 0.109 0.980 0.855 
0.044 0.984 0.072 0.980 0.926 
0.069 0.979 0.054 0.978 0.861 
0.041 0.988 0.092 0.975 0.916 
0.031 0.987 0.100 0.965 0.935 
0.056 0.981 0.061 0.973 0.945 
0.046 0.983 0.056 0.983 0.919 
0.038 0.985 0.062 0.980 0.910 
0.048 0.980 0.070 0.985 0.916 
0.040 0.984 0.059 0.980 0.877 
0.045 0.984 0.095 0.970 0.939 
0.050 0.983 0.090 0.970 0.890 
0.065 0.979 0.063 0.983 0.835 
0.045 0.985 0.058 0.978 0.906 
0.029 0.991 0.081 0.968 0.939 
0.056 0.986 0.089 0.970 0.942 
0.045 0.988 0.062 0.980 0.913 
0.045 0.984 0.061 0.975 0.913 
0.033 0.988 0.092 0.978 0.916 
0.055 0.986 0.057 0.983 0.868 
0.046 0.983 0.055 0.975 0.910 
0.046 0.983 0.075 0.975 0.906 
0.047 0.985 0.129 0.978 0.935 
0.043 0.986 0.106 0.970 0.939 
0.047 0.983 0.104 0.983 0.935 
0.050 0.984 0.107 0.980 0.945 
0.047 0.987 0.070 0.978 0.848 
0.051 0.982 0.066 0.975 0.906 
0.034 0.989 0.059 0.973 0.913 
0.045 0.986 0.080 0.980 0.935 
0.039 0.990 0.091 0.975 0.942 
0.048 0.985 0.066 0.985 0.929 
0.047 0.982 0.072 0.978 0.861 
0.038 0.986 0.071 0.978 0.939 
0.052 0.981 0.068 0.978 0.945 
0.054 0.985 0.066 0.975 0.932 
0.039 0.987 0.066 0.975 0.874 
0.046 0.988 0.083 0.985 0.939 
0.050 0.984 0.073 0.965 0.948 
0.034 0.989 0.303 0.955 0.961 
0.049 0.983 0.085 0.970 0.955 
0.039 0.985 0.073 0.983 0.894 
0.050 0.986 0.135 0.980 0.932 
0.039 0.986 0.104 0.978 0.926 
0.032 0.990 0.070 0.978 0.887 
0.049 0.984 0.101 0.978 0.926 
0.056 0.985 0.068 0.978 0.903 
0.034 0.989 0.062 0.983 0.932 
0.048 0.987 0.063 0.983 0.884 
0.033 0.991 0.113 0.975 0.942 
0.054 0.984 0.080 0.978 0.948 
0.048 0.982 0.062 0.978 0.900 
0.056 0.983 0.079 0.973 0.919 
0.046 0.983 0.104 0.975 0.939 
0.042 0.987 0.070 0.975 0.916 
0.027 0.995 0.113 0.975 0.939 
0.025 0.993 0.142 0.975 0.890 
0.040 0.986 0.100 0.983 0.887 
0.040 0.989 0.104 0.978 0.887 
0.046 0.986 0.074 0.978 0.865 
0.044 0.984 0.115 0.968 0.935 
0.053 0.983 0.065 0.983 0.858 
0.049 0.985 0.103 0.965 0.955 
0.048 0.987 0.108 0.980 0.923 
0.043 0.983 0.071 0.973 0.932 
0.041 0.985 0.060 0.980 0.903 
0.046 0.986 0.096 0.973 0.935 
0.045 0.984 0.075 0.970 0.926 
0.042 0.987 0.066 0.975 0.923 
0.038 0.991 0.067 0.985 0.890 
0.040 0.988 0.160 0.968 0.945 
0.047 0.987 0.096 0.975 0.900 
0.050 0.982 0.082 0.980 0.900 
0.049 0.981 0.159 0.968 0.929 
0.045 0.987 0.089 0.975 0.919 
0.044 0.990 0.133 0.965 0.819 
0.048 0.984 0.100 0.973 0.887 
0.044 0.984 0.093 0.975 0.919 
0.044 0.986 0.082 0.978 0.868 
0.064 0.980 0.105 0.970 0.939 
0.041 0.987 0.145 0.965 0.945 
0.030 0.989 0.078 0.983 0.861 
0.045 0.987 0.119 0.963 0.942 
0.036 0.987 0.087 0.973 0.932 
0.039 0.985 0.061 0.985 0.894 
0.045 0.986 0.119 0.978 0.913 
0.033 0.990 0.061 0.983 0.900 
0.046 0.988 0.079 0.978 0.894 
0.049 0.986 0.091 0.980 0.939 
0.052 0.984 0.073 0.988 0.916 
0.037 0.990 0.083 0.980 0.865 
0.052 0.982 0.083 0.980 0.919 
0.061 0.981 0.107 0.978 0.894 
0.035 0.988 0.097 0.983 0.923 
0.053 0.983 0.129 0.973 0.935 
0.033 0.989 0.232 0.970 0.942 
0.066 0.985 0.087 0.970 0.868 
0.047 0.986 0.068 0.983 0.919 
0.035 0.988 0.087 0.980 0.935 
0.064 0.982 0.074 0.980 0.903 
0.037 0.988 0.077 0.975 0.948 
0.039 0.985 0.114 0.975 0.932 
0.034 0.986 0.102 0.975 0.935 
0.043 0.986 0.179 0.973 0.939 
0.044 0.988 0.097 0.978 0.919 
0.033 0.989 0.103 0.980 0.932 
0.061 0.983 0.104 0.975 0.945 
0.042 0.985 0.086 0.978 0.919 
0.041 0.989 0.094 0.975 0.935 
0.042 0.985 0.077 0.978 0.855 
0.028 0.991 0.180 0.973 0.955 
0.044 0.986 0.075 0.975 0.881 
0.041 0.982 0.122 0.968 0.948 
0.039 0.988 0.154 0.968 0.965 
0.045 0.981 0.060 0.973 0.910 
0.044 0.983 0.071 0.970 0.890 
0.054 0.985 0.051 0.983 0.861 
0.047 0.986 0.074 0.980 0.923 
0.046 0.985 0.061 0.983 0.916 
0.044 0.988 0.079 0.983 0.919 
0.046 0.982 0.112 0.980 0.929 
0.045 0.985 0.063 0.975 0.890 
0.037 0.991 0.087 0.975 0.897 
0.038 0.984 0.090 0.968 0.897 
0.049 0.986 0.073 0.973 0.923 
0.032 0.991 0.079 0.978 0.890 
0.036 0.986 0.088 0.975 0.932 
0.056 0.984 0.083 0.980 0.929 
0.053 0.984 0.086 0.975 0.839 
0.041 0.987 0.105 0.975 0.939 
0.028 0.990 0.089 0.975 0.900 
0.044 0.985 0.091 0.973 0.913 
0.045 0.986 0.116 0.975 0.935 
0.038 0.985 0.106 0.975 0.929 
0.043 0.986 0.169 0.975 0.906 
0.031 0.990 0.140 0.963 0.965 
0.032 0.990 0.072 0.973 0.932 
0.042 0.989 0.104 0.973 0.945 
0.036 0.991 0.065 0.975 0.919 
0.045 0.985 0.082 0.973 0.923 
0.049 0.984 0.063 0.985 0.906 
0.052 0.985 0.127 0.965 0.968 
0.053 0.986 0.076 0.983 0.858 
0.035 0.990 1.104 0.963 0.974 
0.086 0.983 0.171 0.970 0.932 
0.045 0.986 0.158 0.968 0.942 
0.042 0.984 0.151 0.968 0.935 
0.023 0.990 0.140 0.970 0.926 
0.045 0.985 0.115 0.970 0.935 
0.043 0.984 0.107 0.978 0.929 
0.039 0.990 0.167 0.973 0.939 
0.038 0.990 0.123 0.975 0.945 
0.050 0.987 0.077 0.975 0.906 
0.046 0.983 0.065 0.983 0.881 
0.041 0.988 0.076 0.975 0.926 
0.040 0.985 0.073 0.980 0.894 
0.043 0.984 0.097 0.975 0.932 
0.046 0.984 0.084 0.980 0.923 
0.049 0.985 0.103 0.973 0.913 
0.041 0.984 0.129 0.978 0.910 
0.049 0.985 0.218 0.970 0.942 
0.036 0.989 0.096 0.975 0.916 
0.055 0.985 0.123 0.970 0.919 
0.031 0.989 0.150 0.970 0.942 
0.038 0.986 0.112 0.975 0.945 
0.045 0.985 0.077 0.985 0.923 
0.042 0.989 0.137 0.968 0.935 
0.048 0.983 0.085 0.970 0.906 
0.033 0.989 0.077 0.975 0.829 
0.035 0.989 0.073 0.975 0.913 
0.046 0.985 0.062 0.975 0.881 
0.039 0.985 0.094 0.978 0.926 
0.039 0.989 0.068 0.983 0.848 
0.039 0.988 0.074 0.975 0.935 
0.046 0.982 0.077 0.980 0.932 
0.039 0.988 0.074 0.978 0.935 
0.027 0.992 0.099 0.973 0.935 
0.030 0.989 0.052 0.988 0.871 
0.050 0.986 0.073 0.985 0.903 
0.033 0.988 0.081 0.978 0.916 
0.044 0.986 0.090 0.978 0.929 
0.042 0.984 0.070 0.975 0.910 
0.037 0.987 0.067 0.985 0.916 
0.057 0.988 0.051 0.985 0.871 
0.038 0.989 0.076 0.978 0.913 
0.040 0.986 0.087 0.978 0.935 
0.031 0.990 0.124 0.975 0.916 
0.046 0.985 0.071 0.980 0.926 
0.040 0.986 0.109 0.973 0.942 
0.047 0.983 0.072 0.975 0.868 
0.059 0.986 0.212 0.965 0.945 
0.058 0.986 0.057 0.975 0.868 
0.042 0.988 0.059 0.980 0.884 
0.033 0.990 0.095 0.970 0.945 
0.042 0.988 0.072 0.985 0.926 
0.040 0.985 0.081 0.978 0.923 
0.065 0.980 0.069 0.978 0.877 
0.044 0.988 0.101 0.968 0.910 
0.040 0.985 0.071 0.983 0.919 
0.026 0.989 0.098 0.975 0.939 
0.044 0.983 0.058 0.988 0.916 
0.053 0.984 0.070 0.975 0.929 
0.043 0.986 0.065 0.980 0.929 
0.034 0.989 0.113 0.975 0.948 
0.043 0.986 0.085 0.980 0.871 
0.039 0.985 0.082 0.970 0.939 
0.034 0.991 0.069 0.980 0.890 
0.037 0.988 0.076 0.978 0.903 
0.032 0.989 0.141 0.973 0.939 
0.045 0.982 0.105 0.985 0.906 
0.036 0.990 0.169 0.978 0.932 
0.053 0.982 0.148 0.978 0.874 
0.055 0.982 0.176 0.973 0.932 
0.039 0.988 0.068 0.983 0.919 
0.045 0.983 0.114 0.973 0.919 
0.037 0.989 0.113 0.983 0.923 
0.040 0.984 0.082 0.988 0.874 
0.034 0.989 0.092 0.975 0.913 
0.036 0.986 0.111 0.983 0.900 
0.048 0.984 0.048 0.980 0.868 
0.039 0.988 0.082 0.983 0.900 
0.036 0.986 0.063 0.980 0.903 
0.030 0.990 0.082 0.980 0.929 
0.047 0.984 0.062 0.985 0.894 
0.027 0.991 0.103 0.980 0.923 
0.042 0.988 0.112 0.983 0.900 
0.040 0.987 0.103 0.978 0.887 
0.050 0.985 0.140 0.980 0.845 
0.035 0.987 0.058 0.975 0.903 
0.031 0.991 0.094 0.980 0.929 
0.037 0.988 0.072 0.975 0.923 
0.030 0.990 0.112 0.975 0.919 
0.041 0.987 0.107 0.970 0.939 
0.056 0.983 0.096 0.975 0.942 
0.042 0.988 0.073 0.980 0.945 
0.042 0.986 0.074 0.985 0.929 
0.033 0.988 0.110 0.970 0.868 
0.044 0.986 0.111 0.985 0.865 
0.040 0.986 0.123 0.978 0.894 
0.032 0.985 0.244 0.970 0.935 
0.028 0.992 0.203 0.975 0.955 
0.046 0.985 0.182 0.988 0.916 
0.039 0.989 0.088 0.980 0.942 
0.042 0.984 0.084 0.978 0.929 
0.045 0.985 0.081 0.978 0.926 
0.039 0.989 0.063 0.975 0.916 
0.052 0.984 0.057 0.985 0.894 
0.040 0.989 0.078 0.980 0.935 
0.035 0.989 0.061 0.978 0.903 
0.031 0.990 0.068 0.978 0.894 
0.039 0.989 0.119 0.990 0.926 
0.033 0.988 0.130 0.975 0.923 
0.050 0.986 0.128 0.970 0.926 
0.039 0.988 0.142 0.975 0.910 
0.033 0.985 0.259 0.970 0.952 
0.047 0.989 0.158 0.980 0.926 
0.038 0.987 0.164 0.978 0.877 
0.037 0.988 0.170 0.968 0.926 
0.047 0.982 0.156 0.970 0.903 
0.035 0.986 0.290 0.968 0.935 
0.039 0.990 0.170 0.968 0.935 
0.043 0.985 0.126 0.975 0.913 
0.040 0.986 0.145 0.975 0.958 
0.051 0.984 0.127 0.978 0.948 
0.038 0.990 0.182 0.973 0.897 
0.060 0.984 0.193 0.978 0.877 
0.048 0.985 0.064 0.973 0.887 
0.040 0.985 0.076 0.983 0.919 
0.033 0.988 0.120 0.980 0.942 
0.036 0.984 0.067 0.985 0.906 
0.034 0.989 0.074 0.973 0.910 
0.041 0.985 0.050 0.980 0.884 
0.032 0.989 0.056 0.975 0.919 
0.039 0.986 0.057 0.983 0.913 
0.040 0.987 0.061 0.980 0.929 
0.038 0.988 0.105 0.980 0.852 
0.044 0.988 0.081 0.978 0.900 
0.048 0.985 0.070 0.978 0.910 
0.029 0.989 0.073 0.980 0.906 
0.038 0.986 0.055 0.985 0.855 
0.028 0.992 0.112 0.970 0.932 
0.040 0.985 0.091 0.970 0.874 
0.041 0.989 0.070 0.975 0.897 
0.046 0.985 0.093 0.980 0.913 
0.029 0.992 0.102 0.980 0.881 
0.037 0.986 0.064 0.983 0.887 
0.042 0.989 0.140 0.968 0.948 
0.039 0.989 0.083 0.978 0.910 
0.040 0.988 0.064 0.980 0.871 
0.037 0.986 0.087 0.983 0.932 
0.037 0.990 0.060 0.983 0.910 
0.037 0.986 0.062 0.988 0.890 
0.040 0.987 0.241 0.978 0.910 
0.041 0.987 0.076 0.983 0.935 
0.043 0.985 0.061 0.985 0.861 
0.030 0.988 0.119 0.970 0.913 
0.042 0.986 0.339 0.973 0.929 
0.050 0.986 0.243 0.968 0.942 
0.045 0.982 0.193 0.980 0.887 
0.037 0.985 0.107 0.978 0.903 
0.035 0.986 0.106 0.975 0.923 
0.037 0.986 0.119 0.970 0.923 
0.061 0.985 0.112 0.965 0.942 
0.051 0.984 0.049 0.978 0.926 
0.032 0.990 0.070 0.973 0.945 
0.038 0.989 0.069 0.985 0.919 
0.031 0.989 0.057 0.983 0.913 
0.032 0.992 0.088 0.978 0.916 
0.044 0.977 0.105 0.978 0.923 
0.029 0.989 0.138 0.965 0.945 
0.043 0.987 0.113 0.968 0.932 
0.041 0.986 0.086 0.980 0.916 
0.052 0.989 0.071 0.980 0.903 
0.041 0.988 0.084 0.978 0.942 
0.027 0.992 0.067 0.978 0.903 
0.034 0.990 0.119 0.973 0.955 
0.036 0.988 0.044 0.983 0.884 
0.038 0.988 0.066 0.978 0.923 
0.023 0.990 0.073 0.983 0.887 
0.040 0.990 0.077 0.980 0.913 
0.035 0.985 0.060 0.983 0.923 
0.047 0.983 0.051 0.980 0.900 
0.047 0.988 0.056 0.985 0.874 
0.044 0.988 0.216 0.973 0.926 
0.028 0.990 0.085 0.985 0.910 
0.052 0.982 0.062 0.980 0.897 
0.051 0.987 0.095 0.980 0.897 
0.049 0.988 0.073 0.970 0.929 
0.051 0.984 0.165 0.968 0.948 
0.027 0.991 0.059 0.980 0.848 
0.038 0.989 0.088 0.978 0.900 
0.021 0.993 0.125 0.980 0.910 
0.046 0.985 0.132 0.978 0.910 
0.048 0.984 0.197 0.978 0.916 
0.038 0.989 0.251 0.978 0.897 
0.038 0.988 0.174 0.978 0.926 
0.068 0.990 0.050 0.985 0.932 
0.042 0.985 0.060 0.980 0.910 
0.022 0.994 0.072 0.973 0.948 
0.030 0.988 0.060 0.983 0.894 
0.051 0.979 0.062 0.975 0.916 
0.035 0.991 0.137 0.970 0.955 
0.034 0.988 0.070 0.980 0.874 
0.044 0.984 0.056 0.980 0.861 
0.038 0.990 0.103 0.980 0.923 
0.045 0.986 0.084 0.975 0.935 
0.040 0.988 0.070 0.983 0.865 
0.045 0.987 0.159 0.968 0.965 
0.036 0.985 0.069 0.980 0.916 
0.044 0.990 0.130 0.978 0.932 
0.033 0.990 0.126 0.963 0.948 
0.029 0.993 0.086 0.973 0.929 
0.045 0.990 0.109 0.988 0.858 
0.034 0.989 0.144 0.973 0.935 
0.039 0.988 0.261 0.973 0.952 
0.043 0.986 0.111 0.975 0.932 
0.038 0.991 0.107 0.975 0.945 
0.044 0.985 0.061 0.978 0.903 
0.039 0.987 0.056 0.978 0.890 
0.030 0.992 0.103 0.978 0.916 
0.043 0.983 0.062 0.980 0.913 
0.024 0.992 0.109 0.970 0.929 
0.035 0.989 0.119 0.965 0.939 
0.055 0.986 0.144 0.970 0.945 
0.045 0.986 0.065 0.980 0.906 
0.029 0.992 0.108 0.970 0.955 
0.030 0.991 0.080 0.985 0.926 
0.044 0.988 0.075 0.988 0.903 
0.033 0.991 0.162 0.968 0.952 
0.041 0.989 0.104 0.980 0.919 
0.047 0.985 0.075 0.973 0.932 
0.040 0.988 0.109 0.963 0.935 
0.033 0.987 0.145 0.983 0.923 
0.033 0.991 0.115 0.983 0.929 
0.041 0.985 0.090 0.970 0.942 
0.044 0.987 0.105 0.970 0.952 
0.041 0.990 0.085 0.978 0.910 
0.037 0.988 0.133 0.970 0.961 
0.041 0.988 0.089 0.973 0.913 
0.028 0.988 0.073 0.983 0.884 
0.037 0.989 0.082 0.975 0.916 
0.041 0.983 0.076 0.985 0.923 
0.038 0.987 0.146 0.975 0.932 
0.035 0.988 0.082 0.970 0.913 
0.045 0.989 0.083 0.975 0.923 
0.035 0.989 0.200 0.965 0.955 
0.034 0.988 0.108 0.975 0.877 
0.027 0.993 0.162 0.978 0.932 
0.046 0.986 0.060 0.980 0.868 
0.029 0.991 0.138 0.973 0.935 
0.030 0.989 0.087 0.980 0.906 
0.027 0.992 0.081 0.975 0.897 
0.034 0.990 0.209 0.975 0.942 
0.025 0.990 0.178 0.970 0.952 
0.033 0.990 0.109 0.980 0.919 
0.031 0.988 0.459 0.983 0.935 
0.041 0.990 0.364 0.978 0.929 
0.048 0.983 0.256 0.975 0.916 
0.045 0.984 0.441 0.980 0.916 
0.039 0.986 0.164 0.973 0.942 
0.043 0.985 0.085 0.983 0.900 
0.045 0.989 0.133 0.973 0.932 
0.031 0.990 0.066 0.980 0.842 
0.044 0.988 0.095 0.980 0.916 
0.034 0.989 0.105 0.978 0.923 
0.026 0.990 0.069 0.985 0.877 
0.067 0.984 0.108 0.983 0.884 
0.032 0.988 0.090 0.985 0.906 
0.039 0.988 0.111 0.983 0.897 
0.046 0.988 0.077 0.975 0.926 
0.026 0.993 0.074 0.980 0.871 
0.045 0.988 0.065 0.980 0.910 
0.029 0.990 0.082 0.973 0.923 
0.040 0.983 0.045 0.983 0.842 
0.040 0.985 0.086 0.973 0.926 
0.027 0.990 0.190 0.965 0.955 
0.036 0.987 0.132 0.975 0.945 
0.043 0.986 0.100 0.975 0.906 
0.038 0.985 0.111 0.978 0.919 
0.045 0.985 0.070 0.978 0.913 
0.037 0.987 0.069 0.975 0.894 
0.039 0.987 0.088 0.978 0.929 
0.041 0.984 0.113 0.988 0.923 
0.036 0.990 0.124 0.978 0.916 
0.034 0.987 0.113 0.983 0.916 
0.043 0.987 0.155 0.990 0.929 
0.047 0.983 0.084 0.978 0.868 
0.036 0.989 0.107 0.970 0.929 
0.041 0.987 0.284 0.980 0.945 
0.047 0.984 0.117 0.983 0.913 
0.035 0.989 0.144 0.980 0.890 
0.045 0.985 0.146 0.970 0.868 
0.045 0.986 0.104 0.983 0.884 
0.037 0.986 0.235 0.978 0.906 
0.033 0.990 0.205 0.973 0.913 
0.033 0.987 0.202 0.985 0.881 
0.027 0.991 0.098 0.970 0.929 
0.050 0.985 0.247 0.978 0.929 
0.032 0.989 0.189 0.983 0.932 
0.031 0.992 0.157 0.980 0.932 
0.032 0.989 0.121 0.980 0.929 
0.030 0.991 0.078 0.983 0.932 
0.045 0.980 0.130 0.990 0.935 
0.037 0.988 0.166 0.980 0.932 
0.048 0.986 0.060 0.980 0.897 
0.044 0.986 0.061 0.980 0.900 
0.029 0.990 0.064 0.985 0.865 
0.029 0.990 0.089 0.980 0.890 
0.045 0.986 0.071 0.983 0.910 
0.030 0.990 0.116 0.975 0.945 
0.046 0.987 0.160 0.968 0.939 
0.042 0.982 0.081 0.975 0.900 
0.048 0.988 0.058 0.980 0.903 
0.029 0.991 0.133 0.978 0.935 
0.038 0.988 0.119 0.975 0.935 
0.040 0.985 0.078 0.978 0.913 
0.042 0.984 0.118 0.980 0.897 
0.027 0.989 0.139 0.973 0.897 
0.046 0.984 0.103 0.988 0.929 
0.032 0.989 0.121 0.980 0.923 
0.030 0.992 0.109 0.973 0.916 
0.045 0.985 0.070 0.973 0.916 
0.043 0.983 0.053 0.980 0.887 
0.037 0.986 0.061 0.983 0.919 
0.042 0.988 0.061 0.983 0.858 
0.035 0.989 0.083 0.978 0.865 
0.027 0.992 0.075 0.985 0.894 
0.034 0.991 0.161 0.970 0.916 
0.028 0.991 0.163 0.980 0.874 
0.047 0.989 0.078 0.988 0.919 
0.028 0.991 0.091 0.975 0.932 
0.029 0.990 0.095 0.975 0.868 
0.036 0.988 0.096 0.973 0.923 
0.041 0.986 0.073 0.983 0.906 
0.035 0.990 0.100 0.970 0.903 
0.029 0.991 0.153 0.965 0.939 
0.034 0.990 0.102 0.970 0.845 
0.038 0.989 0.107 0.970 0.900 
0.031 0.987 0.069 0.978 0.858 
0.039 0.989 0.723 0.980 0.903 
0.060 0.984 0.225 0.978 0.926 
0.034 0.988 0.153 0.978 0.916 
0.045 0.988 0.117 0.983 0.939 
0.038 0.982 0.091 0.973 0.906 
0.035 0.990 0.162 0.973 0.942 
0.046 0.984 0.073 0.980 0.852 
0.028 0.992 0.099 0.983 0.890 
0.048 0.985 0.071 0.993 0.913 
0.028 0.991 0.081 0.980 0.868 
0.044 0.991 0.103 0.975 0.910 
0.031 0.990 0.064 0.983 0.926 
0.035 0.988 0.072 0.975 0.942 
0.036 0.989 0.082 0.975 0.923 
0.036 0.986 0.075 0.990 0.926 
0.034 0.989 0.074 0.980 0.845 
0.039 0.988 0.104 0.978 0.932 
0.046 0.988 0.049 0.988 0.913 
0.034 0.983 0.126 0.988 0.923 
0.037 0.989 0.070 0.975 0.903 
0.042 0.989 0.096 0.980 0.913 
0.035 0.989 0.097 0.988 0.890 
0.042 0.988 0.043 0.988 0.865 
0.032 0.988 0.078 0.985 0.897 
