0.278 0.904 0.186 0.927 0.967 
0.188 0.940 0.188 0.917 0.839 
0.144 0.949 0.129 0.963 0.961 
0.139 0.949 0.147 0.978 0.889 
0.102 0.965 0.142 0.945 0.872 
0.126 0.959 0.103 0.960 0.997 
0.098 0.967 0.109 0.955 0.944 
0.095 0.971 0.069 0.988 1.000 
0.097 0.970 0.095 0.985 0.990 
0.087 0.969 0.138 0.948 0.974 
0.090 0.970 0.079 0.980 1.000 
0.097 0.968 0.103 0.973 0.987 
0.067 0.979 0.075 0.985 1.000 
0.066 0.980 0.107 0.965 1.000 
0.087 0.971 0.064 0.983 1.000 
0.079 0.977 0.071 0.985 0.941 
0.063 0.982 0.069 0.980 0.997 
0.070 0.981 0.095 0.978 1.000 
0.058 0.981 0.057 0.985 0.997 
0.068 0.977 0.139 0.925 0.990 
0.057 0.980 0.063 0.985 1.000 
0.063 0.981 0.065 0.985 0.984 
0.059 0.980 0.046 0.990 1.000 
0.074 0.975 0.073 0.985 0.993 
0.058 0.982 0.131 0.950 0.990 
0.051 0.985 0.056 0.988 1.000 
0.061 0.979 0.072 0.985 0.967 
0.057 0.982 0.080 0.970 0.984 
0.054 0.985 0.082 0.973 0.990 
0.045 0.988 0.092 0.968 0.997 
0.059 0.986 0.115 0.950 0.984 
0.049 0.983 0.071 0.988 1.000 
0.051 0.986 0.063 0.990 0.997 
0.051 0.988 0.073 0.980 0.984 
0.049 0.985 0.112 0.950 0.997 
0.064 0.984 0.061 0.985 0.997 
0.049 0.983 0.059 0.988 0.997 
0.041 0.990 0.043 0.993 0.997 
0.043 0.985 0.099 0.975 0.997 
0.042 0.989 0.067 0.988 0.997 
0.053 0.986 0.065 0.988 0.984 
0.048 0.986 0.075 0.980 0.993 
0.054 0.982 0.069 0.983 0.997 
0.040 0.986 0.072 0.988 0.993 
0.047 0.988 0.103 0.973 0.990 
0.054 0.985 0.055 0.983 0.997 
0.050 0.988 0.061 0.983 0.705 
0.039 0.988 0.057 0.990 0.987 
0.045 0.988 0.105 0.968 0.987 
0.044 0.987 0.070 0.988 0.997 
0.052 0.986 0.071 0.980 0.951 
0.042 0.988 0.073 0.980 0.993 
0.040 0.990 0.133 0.963 0.954 
0.048 0.985 0.092 0.983 0.980 
0.048 0.990 0.049 0.993 0.997 
0.037 0.990 0.071 0.983 0.997 
0.038 0.988 0.048 0.988 0.997 
0.042 0.985 0.073 0.983 0.997 
0.044 0.988 0.043 0.990 0.944 
0.037 0.988 0.063 0.980 0.993 
0.039 0.986 0.064 0.990 0.993 
0.054 0.985 0.094 0.968 0.967 
0.033 0.989 0.085 0.978 0.748 
0.042 0.989 0.048 0.988 0.970 
0.041 0.989 0.051 0.990 1.000 
0.037 0.992 0.050 0.990 1.000 
0.043 0.989 0.041 0.988 0.895 
0.039 0.987 0.072 0.988 0.997 
0.037 0.989 0.048 0.985 0.967 
0.039 0.991 0.077 0.990 0.872 
0.041 0.990 0.052 0.985 0.980 
0.037 0.989 0.055 0.983 1.000 
0.040 0.990 0.070 0.990 0.977 
0.046 0.986 0.080 0.985 0.997 
0.035 0.990 0.076 0.993 0.882 
0.033 0.989 0.044 0.990 0.997 
0.043 0.987 0.100 0.960 0.928 
0.045 0.990 0.052 0.990 1.000 
0.037 0.990 0.045 0.993 0.980 
0.026 0.993 0.081 0.975 0.997 
0.050 0.988 0.081 0.983 0.967 
0.033 0.991 0.063 0.985 0.997 
0.038 0.989 0.061 0.993 1.000 
0.027 0.990 0.068 0.990 0.964 
0.036 0.992 0.058 0.985 0.997 
0.040 0.990 0.095 0.958 0.980 
0.035 0.989 0.093 0.980 0.990 
0.038 0.992 0.105 0.985 0.984 
0.034 0.989 0.064 0.983 0.941 
0.030 0.990 0.092 0.978 0.656 
0.040 0.988 0.074 0.983 0.954 
0.037 0.989 0.040 0.990 0.993 
0.023 0.992 0.076 0.988 1.000 
0.032 0.993 0.066 0.983 0.987 
0.036 0.990 0.083 0.980 0.856 
0.034 0.991 0.056 0.985 0.898 
0.034 0.989 0.121 0.968 0.931 
0.036 0.990 0.056 0.990 1.000 
0.024 0.996 0.045 0.988 0.997 
0.042 0.990 0.067 0.988 1.000 
0.034 0.991 0.120 0.973 0.826 
0.034 0.989 0.049 0.988 0.990 
0.020 0.993 0.045 0.990 0.984 
0.040 0.989 0.072 0.983 0.849 
0.033 0.991 0.055 0.988 1.000 
0.024 0.993 0.051 0.988 0.997 
0.031 0.991 0.079 0.983 0.892 
0.031 0.990 0.068 0.983 1.000 
0.027 0.992 0.079 0.975 0.997 
0.032 0.991 0.051 0.988 0.997 
0.030 0.993 0.049 0.988 0.974 
0.047 0.986 0.084 0.983 0.961 
0.026 0.991 0.074 0.983 0.957 
0.025 0.993 0.031 0.995 1.000 
0.033 0.991 0.045 0.985 0.816 
0.031 0.990 0.050 0.985 0.993 
0.026 0.993 0.057 0.983 0.895 
0.030 0.993 0.098 0.975 0.967 
0.024 0.993 0.071 0.985 0.633 
0.028 0.991 0.089 0.980 0.830 
0.026 0.993 0.062 0.988 0.997 
0.031 0.991 0.059 0.983 0.961 
0.028 0.993 0.053 0.990 0.993 
0.030 0.995 0.074 0.983 0.659 
0.034 0.988 0.050 0.995 0.997 
0.038 0.988 0.102 0.983 0.059 
0.029 0.991 0.086 0.975 0.974 
0.033 0.991 0.075 0.985 1.000 
0.031 0.992 0.065 0.978 0.997 
0.030 0.992 0.079 0.985 0.885 
0.026 0.995 0.075 0.988 0.823 
0.032 0.993 0.094 0.978 0.954 
0.034 0.990 0.070 0.985 0.984 
0.022 0.996 0.050 0.993 0.990 
0.027 0.993 0.056 0.985 0.987 
0.029 0.992 0.042 0.995 1.000 
0.025 0.994 0.131 0.980 0.787 
0.039 0.986 0.103 0.965 0.744 
0.028 0.992 0.064 0.990 0.364 
0.028 0.991 0.063 0.988 0.934 
0.028 0.993 0.077 0.985 0.974 
0.030 0.991 0.069 0.980 0.951 
0.030 0.991 0.144 0.955 0.616 
0.030 0.991 0.053 0.985 0.449 
0.027 0.992 0.073 0.988 0.990 
0.023 0.992 0.083 0.980 0.226 
0.024 0.994 0.116 0.988 0.977 
0.042 0.988 0.053 0.988 0.980 
0.031 0.992 0.069 0.978 0.980 
0.022 0.996 0.041 0.993 0.980 
0.020 0.995 0.121 0.988 1.000 
0.033 0.993 0.063 0.978 0.928 
0.027 0.993 0.070 0.970 0.993 
0.027 0.994 0.111 0.980 0.970 
0.026 0.993 0.072 0.988 0.987 
0.046 0.988 0.066 0.983 0.964 
0.027 0.992 0.105 0.978 0.679 
0.040 0.989 0.134 0.978 0.226 
0.029 0.993 0.131 0.978 0.823 
0.033 0.993 0.052 0.995 0.974 
0.029 0.993 0.147 0.988 0.964 
0.019 0.995 0.103 0.983 0.977 
0.028 0.991 0.063 0.988 1.000 
0.037 0.993 0.052 0.980 0.967 
0.034 0.990 0.053 0.988 0.911 
0.032 0.990 0.090 0.983 0.984 
0.015 0.994 0.038 0.993 0.997 
0.026 0.992 0.067 0.990 0.961 
0.023 0.994 0.063 0.983 0.987 
0.037 0.992 0.037 0.993 0.990 
0.019 0.995 0.049 0.993 0.993 
0.019 0.995 0.068 0.983 0.938 
0.023 0.993 0.094 0.988 0.984 
0.033 0.993 0.101 0.985 0.997 
0.020 0.995 0.154 0.983 0.964 
0.035 0.989 0.092 0.985 0.997 
0.021 0.993 0.076 0.980 0.951 
0.025 0.992 0.055 0.988 1.000 
0.029 0.992 0.081 0.988 1.000 
0.032 0.993 0.138 0.980 0.334 
0.024 0.994 0.146 0.988 0.885 
0.022 0.992 0.042 0.993 0.997 
0.017 0.994 0.158 0.973 0.964 
0.029 0.993 0.082 0.988 0.990 
0.027 0.992 0.050 0.990 0.167 
0.034 0.992 0.072 0.988 0.649 
0.018 0.996 0.060 0.985 0.967 
0.025 0.992 0.085 0.980 0.984 
0.017 0.996 0.067 0.990 0.974 
0.032 0.990 0.128 0.983 0.954 
0.028 0.993 0.065 0.990 1.000 
0.029 0.990 0.079 0.983 0.987 
0.021 0.992 0.162 0.978 0.967 
0.019 0.993 0.190 0.975 0.957 
0.021 0.995 0.079 0.985 0.997 
0.026 0.993 0.092 0.990 1.000 
0.028 0.992 0.078 0.988 0.990 
0.023 0.995 0.091 0.983 0.990 
0.032 0.990 0.075 0.983 0.984 
0.026 0.993 0.071 0.990 0.990 
0.017 0.996 0.164 0.978 0.826 
0.028 0.993 0.142 0.990 1.000 
0.029 0.993 0.112 0.990 0.967 
0.018 0.996 0.083 0.995 0.892 
0.031 0.990 0.084 0.993 0.685 
0.018 0.995 0.084 0.990 0.967 
0.024 0.994 0.090 0.988 0.990 
0.035 0.993 0.045 0.990 0.974 
0.028 0.993 0.035 0.993 1.000 
0.024 0.995 0.103 0.973 0.990 
0.021 0.993 0.073 0.983 0.990 
0.027 0.992 0.043 0.995 1.000 
0.023 0.995 0.040 0.993 0.993 
0.034 0.989 0.042 0.990 0.993 
0.038 0.991 0.049 0.990 0.990 
0.020 0.995 0.064 0.993 0.970 
0.018 0.995 0.067 0.988 0.938 
0.026 0.996 0.099 0.973 0.980 
0.021 0.993 0.097 0.985 0.990 
0.020 0.995 0.067 0.993 0.993 
0.024 0.994 0.042 0.993 0.997 
0.027 0.993 0.041 0.990 0.997 
0.034 0.990 0.055 0.990 1.000 
0.016 0.995 0.055 0.983 0.997 
0.018 0.996 0.037 0.990 0.987 
0.013 0.996 0.060 0.993 0.987 
0.039 0.990 0.087 0.980 0.875 
0.026 0.994 0.063 0.978 0.905 
0.019 0.995 0.065 0.993 0.948 
0.020 0.995 0.104 0.980 0.993 
0.023 0.994 0.058 0.993 1.000 
0.020 0.993 0.044 0.993 0.984 
0.018 0.996 0.082 0.993 0.977 
0.027 0.994 0.066 0.988 0.646 
0.028 0.993 0.080 0.985 0.980 
0.022 0.995 0.070 0.993 0.997 
0.016 0.996 0.079 0.993 0.987 
0.023 0.995 0.057 0.990 0.990 
0.027 0.992 0.038 0.993 0.980 
0.024 0.992 0.055 0.988 1.000 
0.035 0.992 0.039 0.990 0.856 
0.019 0.995 0.058 0.985 0.905 
0.018 0.995 0.050 0.995 0.820 
0.021 0.994 0.049 0.993 0.997 
0.021 0.995 0.083 0.990 1.000 
0.023 0.995 0.042 0.995 0.997 
0.024 0.993 0.032 0.995 1.000 
0.021 0.993 0.047 0.990 0.885 
0.023 0.994 0.037 0.988 1.000 
0.059 0.986 0.074 0.993 0.833 
0.029 0.992 0.053 0.988 0.990 
0.020 0.994 0.072 0.985 0.672 
0.020 0.995 0.072 0.983 0.869 
0.028 0.993 0.054 0.985 0.279 
0.021 0.994 0.042 0.993 0.970 
0.021 0.993 0.058 0.980 0.698 
0.024 0.991 0.047 0.993 0.885 
0.030 0.994 0.057 0.990 0.869 
0.017 0.994 0.034 0.990 0.348 
0.024 0.995 0.055 0.980 0.970 
0.018 0.996 0.074 0.973 0.918 
0.029 0.992 0.035 0.993 0.997 
0.024 0.993 0.064 0.978 0.105 
0.025 0.993 0.058 0.990 0.692 
0.014 0.997 0.084 0.978 0.502 
0.026 0.994 0.070 0.968 0.561 
0.022 0.993 0.054 0.988 0.974 
0.022 0.994 0.034 0.995 0.948 
0.020 0.993 0.046 0.988 0.987 
0.018 0.995 0.062 0.985 0.957 
0.025 0.994 0.038 0.990 0.784 
0.029 0.992 0.051 0.988 0.751 
0.026 0.993 0.041 0.995 0.980 
0.023 0.993 0.057 0.983 0.902 
0.025 0.995 0.094 0.995 0.502 
0.019 0.995 0.094 0.988 0.993 
0.018 0.995 0.035 0.993 1.000 
0.028 0.992 0.075 0.978 0.570 
0.018 0.994 0.050 0.990 0.879 
0.019 0.992 0.036 0.993 0.911 
0.016 0.996 0.038 0.993 1.000 
0.019 0.993 0.040 0.988 0.980 
0.025 0.994 0.048 0.980 0.997 
0.045 0.994 0.167 0.988 0.980 
0.027 0.994 0.115 0.985 0.990 
0.021 0.993 0.137 0.988 0.836 
0.022 0.992 0.130 0.983 0.892 
0.016 0.996 0.046 0.995 0.961 
0.024 0.994 0.126 0.965 0.141 
0.021 0.992 0.062 0.990 0.938 
0.019 0.991 0.044 0.993 1.000 
0.026 0.992 0.124 0.983 0.980 
0.022 0.996 0.041 0.993 1.000 
0.022 0.992 0.131 0.983 0.675 
0.051 0.990 0.057 0.995 0.800 
0.020 0.995 0.056 0.990 0.741 
0.020 0.996 0.045 0.990 0.682 
0.017 0.996 0.054 0.983 1.000 
0.023 0.996 0.051 0.993 1.000 
0.037 0.991 0.061 0.990 0.980 
0.016 0.996 0.084 0.988 0.925 
0.016 0.997 0.074 0.985 0.997 
0.023 0.992 0.165 0.988 0.970 
0.022 0.995 0.104 0.988 0.990 
0.019 0.995 0.032 0.993 1.000 
0.018 0.995 0.067 0.990 0.990 
0.010 0.998 0.052 0.990 0.997 
0.024 0.993 0.036 0.988 1.000 
0.021 0.992 0.085 0.990 0.997 
0.022 0.992 0.149 0.988 1.000 
0.017 0.994 0.089 0.988 0.984 
0.022 0.992 0.045 0.988 1.000 
0.012 0.996 0.087 0.990 0.997 
0.019 0.995 0.051 0.988 0.993 
0.020 0.993 0.072 0.990 1.000 
0.015 0.996 0.127 0.990 0.980 
0.016 0.995 0.127 0.990 0.984 
0.023 0.992 0.119 0.983 0.967 
0.025 0.993 0.141 0.990 0.784 
0.029 0.991 0.103 0.993 0.918 
0.012 0.997 0.075 0.993 0.990 
0.013 0.996 0.065 0.988 0.928 
0.024 0.992 0.066 0.985 0.934 
0.024 0.993 0.041 0.990 0.990 
0.020 0.995 0.102 0.988 0.938 
0.018 0.996 0.045 0.988 0.977 
0.025 0.993 0.039 0.993 0.997 
0.026 0.992 0.049 0.990 0.993 
0.024 0.995 0.054 0.990 1.000 
0.017 0.996 0.080 0.990 0.938 
0.018 0.994 0.108 0.988 0.984 
0.028 0.993 0.053 0.985 0.997 
0.021 0.994 0.082 0.985 0.918 
0.023 0.995 0.067 0.980 0.987 
0.020 0.994 0.096 0.985 0.997 
0.020 0.995 0.080 0.990 0.997 
0.021 0.995 0.079 0.993 1.000 
0.014 0.996 0.052 0.985 0.931 
0.013 0.995 0.097 0.983 0.974 
0.019 0.995 0.034 0.993 0.957 
0.028 0.993 0.057 0.983 0.954 
0.015 0.995 0.077 0.988 0.911 
0.030 0.990 0.255 0.960 0.934 
0.016 0.996 0.315 0.973 0.895 
0.017 0.996 0.138 0.990 0.843 
0.023 0.992 0.054 0.993 0.961 
0.023 0.993 0.110 0.988 0.757 
0.020 0.993 0.099 0.985 0.997 
0.020 0.995 0.132 0.988 0.987 
0.019 0.994 0.093 0.990 0.980 
0.019 0.996 0.100 0.985 0.964 
0.012 0.996 0.120 0.985 0.957 
0.020 0.993 0.184 0.988 0.977 
0.012 0.997 0.074 0.990 0.993 
0.036 0.993 0.063 0.988 0.997 
0.016 0.996 0.168 0.985 0.990 
0.017 0.995 0.241 0.983 0.866 
0.028 0.992 0.127 0.980 0.977 
0.023 0.992 0.041 0.993 0.885 
0.016 0.996 0.162 0.983 0.652 
0.020 0.995 0.088 0.983 0.977 
0.015 0.995 0.096 0.985 0.928 
0.020 0.995 0.055 0.988 0.990 
0.014 0.996 0.044 0.985 0.580 
0.016 0.995 0.100 0.990 0.964 
0.018 0.995 0.074 0.988 0.492 
0.015 0.994 0.086 0.988 0.492 
0.018 0.995 0.068 0.988 0.830 
0.030 0.992 0.057 0.993 0.692 
0.017 0.994 0.089 0.983 0.990 
0.018 0.997 0.058 0.988 0.790 
0.015 0.996 0.089 0.990 0.895 
0.026 0.994 0.087 0.988 0.993 
0.012 0.998 0.217 0.988 0.708 
0.022 0.993 0.028 0.993 0.964 
0.014 0.997 0.024 0.998 0.990 
0.018 0.993 0.032 0.995 0.997 
0.018 0.995 0.034 0.993 0.941 
0.026 0.995 0.038 0.990 0.544 
0.021 0.995 0.073 0.990 0.698 
0.024 0.990 0.054 0.993 0.367 
0.015 0.995 0.109 0.990 0.948 
0.015 0.995 0.102 0.990 0.980 
0.018 0.996 0.070 0.990 0.980 
0.016 0.995 0.047 0.990 0.118 
0.027 0.992 0.103 0.983 0.246 
0.023 0.995 0.039 0.990 0.695 
0.020 0.993 0.051 0.993 0.892 
0.033 0.990 0.148 0.993 0.813 
0.021 0.995 0.206 0.988 0.767 
0.023 0.992 0.092 0.988 0.941 
0.021 0.996 0.140 0.990 0.921 
0.021 0.993 0.040 0.988 0.938 
0.032 0.990 0.216 0.983 0.957 
0.025 0.993 0.133 0.990 0.757 
0.019 0.996 0.073 0.983 0.974 
0.016 0.996 0.059 0.985 0.902 
0.015 0.996 0.097 0.988 0.587 
0.011 0.997 0.169 0.988 0.069 
0.011 0.998 0.220 0.983 0.928 
0.014 0.998 0.102 0.988 0.167 
0.015 0.997 0.092 0.993 0.774 
0.021 0.996 0.067 0.990 0.866 
0.005 0.998 0.066 0.988 0.990 
0.027 0.991 0.072 0.990 0.997 
0.012 0.998 0.044 0.990 0.990 
0.017 0.995 0.038 0.985 0.987 
0.022 0.995 0.061 0.993 0.708 
0.020 0.993 0.034 0.993 0.967 
0.015 0.997 0.029 0.995 0.731 
0.013 0.995 0.037 0.990 0.820 
0.019 0.996 0.055 0.988 0.223 
0.018 0.996 0.037 0.990 0.728 
0.011 0.995 0.041 0.990 0.744 
0.014 0.996 0.034 0.990 1.000 
0.030 0.995 0.048 0.985 0.980 
0.021 0.992 0.047 0.990 0.108 
0.012 0.998 0.049 0.993 0.043 
0.022 0.995 0.041 0.993 0.993 
0.012 0.996 0.056 0.990 0.174 
0.018 0.994 0.054 0.993 0.993 
0.025 0.993 0.042 0.998 0.167 
0.017 0.995 0.036 0.990 0.498 
0.015 0.995 0.045 0.990 0.695 
0.015 0.993 0.035 0.995 0.997 
0.009 0.998 0.075 0.983 0.944 
0.023 0.993 0.040 0.995 0.479 
0.020 0.993 0.034 0.995 0.964 
0.010 0.997 0.037 0.993 0.872 
0.011 0.996 0.030 0.998 0.436 
0.012 0.996 0.191 0.985 0.026 
0.026 0.994 0.051 0.993 0.734 
0.012 0.998 0.038 0.993 0.210 
0.020 0.995 0.046 0.993 0.518 
0.016 0.996 0.030 0.995 0.931 
0.016 0.995 0.052 0.985 0.203 
0.011 0.995 0.078 0.990 0.833 
0.016 0.995 0.043 0.993 0.761 
0.016 0.996 0.029 0.995 0.669 
0.017 0.996 0.197 0.993 0.997 
0.021 0.993 0.073 0.988 0.111 
0.023 0.993 0.057 0.985 0.993 
0.020 0.993 0.044 0.993 0.997 
0.014 0.996 0.045 0.990 0.564 
0.012 0.995 0.030 0.998 0.528 
0.024 0.995 0.095 0.985 0.931 
0.022 0.995 0.034 0.998 0.059 
0.022 0.994 0.059 0.993 0.105 
0.031 0.990 0.318 0.965 0.990 
0.029 0.995 0.060 0.993 0.410 
0.009 0.997 0.052 0.995 0.357 
0.023 0.994 0.102 0.990 0.770 
0.016 0.996 0.134 0.975 0.393 
0.021 0.994 0.056 0.993 0.738 
0.011 0.997 0.166 0.978 0.033 
0.018 0.994 0.067 0.985 0.151 
0.027 0.992 0.063 0.988 0.348 
0.013 0.996 0.073 0.995 0.128 
0.016 0.995 0.040 0.990 0.348 
0.015 0.996 0.071 0.995 0.223 
0.039 0.992 0.033 0.993 0.013 
0.025 0.993 0.070 0.988 0.069 
0.018 0.994 0.091 0.985 0.148 
0.025 0.995 0.050 0.995 0.800 
0.013 0.996 0.059 0.990 0.000 
0.022 0.995 0.035 0.995 0.275 
0.021 0.993 0.079 0.990 0.403 
0.022 0.993 0.115 0.983 0.374 
0.012 0.998 0.055 0.990 0.885 
0.022 0.996 0.048 0.995 0.377 
0.014 0.996 0.064 0.980 0.905 
0.039 0.993 0.134 0.983 0.623 
0.016 0.995 0.092 0.990 0.341 
0.011 0.996 0.212 0.985 0.220 
0.020 0.995 0.056 0.988 0.351 
0.018 0.995 0.084 0.995 0.902 
0.009 0.996 0.138 0.985 0.889 
0.022 0.993 0.063 0.988 0.987 
0.013 0.995 0.062 0.990 0.993 
0.017 0.998 0.109 0.983 0.993 
0.020 0.994 0.066 0.990 0.403 
0.023 0.993 0.125 0.973 0.869 
0.025 0.992 0.087 0.985 0.521 
0.015 0.996 0.066 0.985 0.925 
0.014 0.996 0.090 0.988 0.384 
0.021 0.994 0.051 0.993 0.807 
0.008 0.999 0.051 0.993 0.938 
0.022 0.995 0.047 0.995 0.410 
0.013 0.994 0.171 0.988 0.003 
0.014 0.995 0.086 0.993 0.354 
0.024 0.994 0.028 0.998 0.643 
0.016 0.996 0.056 0.990 0.849 
0.017 0.995 0.171 0.983 0.616 
0.011 0.997 0.107 0.993 0.997 
0.012 0.997 0.093 0.993 0.990 
0.015 0.995 0.130 0.993 0.738 
0.008 0.998 0.151 0.993 0.970 
0.020 0.993 0.187 0.993 0.970 
0.017 0.997 0.233 0.993 0.997 
0.009 0.998 0.168 0.993 0.987 
0.022 0.995 0.136 0.993 0.679 
0.011 0.996 0.159 0.993 0.902 
0.019 0.996 0.069 0.990 0.157 
0.021 0.993 0.135 0.993 0.859 
0.019 0.994 0.276 0.988 0.161 
0.018 0.996 0.092 0.993 0.757 
0.013 0.995 0.177 0.988 0.974 
0.014 0.995 0.119 0.990 0.879 
0.013 0.997 0.082 0.990 0.784 
0.010 0.996 0.148 0.990 0.662 
0.014 0.996 0.139 0.988 0.823 
0.025 0.995 0.161 0.970 0.925 
0.021 0.993 0.046 0.988 0.997 
0.021 0.995 0.070 0.990 1.000 
0.013 0.996 0.137 0.990 0.315 
0.018 0.995 0.091 0.988 0.987 
0.015 0.995 0.250 0.983 0.997 
0.016 0.995 0.247 0.993 0.813 
0.014 0.996 0.109 0.990 0.807 
0.018 0.994 0.210 0.985 0.059 
0.015 0.998 0.098 0.988 0.961 
0.019 0.995 0.050 0.988 0.767 
0.018 0.995 0.118 0.985 0.230 
0.013 0.995 0.246 0.975 0.000 
0.022 0.995 0.065 0.990 0.915 
0.028 0.990 0.108 0.983 0.702 
0.039 0.995 0.065 0.988 0.948 
0.016 0.995 0.083 0.990 0.544 
0.010 0.996 0.148 0.988 0.698 
0.020 0.996 0.047 0.990 0.770 
0.010 0.996 0.080 0.988 0.216 
0.012 0.998 0.054 0.988 0.154 
0.015 0.996 0.088 0.990 0.413 
0.027 0.992 0.121 0.985 0.052 
0.013 0.997 0.155 0.988 0.236 
0.017 0.995 0.090 0.988 0.472 
0.015 0.995 0.075 0.988 0.974 
0.016 0.993 0.101 0.990 0.944 
0.017 0.995 0.093 0.988 0.974 
0.016 0.995 0.148 0.988 0.308 
0.008 0.995 0.080 0.983 0.961 
0.019 0.996 0.074 0.988 0.462 
0.013 0.996 0.093 0.988 0.374 
0.015 0.996 0.131 0.988 0.266 
0.011 0.996 0.138 0.983 0.957 
0.012 0.996 0.066 0.988 0.102 
0.014 0.996 0.169 0.988 0.525 
0.022 0.995 0.059 0.988 0.830 
0.007 0.997 0.188 0.988 0.692 
0.020 0.995 0.203 0.990 0.993 
0.021 0.994 0.341 0.985 0.915 
0.038 0.993 0.097 0.990 0.908 
0.015 0.993 0.359 0.983 0.039 
0.023 0.992 0.082 0.990 0.961 
0.010 0.997 0.521 0.988 0.984 
0.008 0.998 0.056 0.993 0.892 
0.014 0.995 0.386 0.988 0.289 
0.026 0.993 0.046 0.988 0.682 
0.020 0.992 0.078 0.985 0.315 
0.018 0.993 0.093 0.990 0.836 
0.021 0.994 0.128 0.983 0.377 
0.015 0.995 0.044 0.990 0.951 
0.009 0.996 0.154 0.993 0.830 
0.034 0.992 0.231 0.990 0.990 
0.025 0.995 0.089 0.993 1.000 
0.025 0.994 0.484 0.980 0.807 
0.014 0.995 0.514 0.983 0.974 
0.012 0.997 0.562 0.985 0.875 
0.023 0.993 0.301 0.980 0.987 
0.017 0.995 0.355 0.983 0.993 
0.013 0.995 0.159 0.988 0.964 
0.013 0.996 0.068 0.988 0.987 
0.028 0.995 0.102 0.983 1.000 
0.018 0.992 0.135 0.988 0.508 
0.030 0.995 0.103 0.990 0.921 
0.016 0.994 0.104 0.985 0.997 
0.018 0.995 0.213 0.983 0.266 
0.014 0.996 0.169 0.983 0.997 
0.013 0.997 0.050 0.988 1.000 
0.014 0.996 0.237 0.990 0.928 
0.019 0.993 0.236 0.985 0.836 
0.020 0.995 0.076 0.985 0.990 
0.012 0.996 0.188 0.990 1.000 
0.014 0.995 0.196 0.988 1.000 
0.018 0.995 0.121 0.993 1.000 
0.019 0.993 0.040 0.995 0.997 
0.011 0.998 0.061 0.988 0.987 
0.021 0.995 0.093 0.993 0.997 
0.008 0.998 0.264 0.988 0.990 
0.050 0.990 0.487 0.980 0.997 
0.041 0.992 0.321 0.988 0.836 
0.017 0.992 0.200 0.988 1.000 
0.029 0.995 0.042 0.993 1.000 
0.016 0.997 0.068 0.993 0.374 
0.023 0.995 0.127 0.988 0.961 
0.020 0.994 0.260 0.988 0.951 
0.029 0.994 0.214 0.993 0.990 
0.015 0.995 0.383 0.983 0.938 
0.036 0.988 0.341 0.985 0.593 
0.032 0.993 0.379 0.975 0.462 
0.015 0.995 0.451 0.985 0.987 
0.019 0.995 0.249 0.980 0.993 
0.010 0.997 0.344 0.985 0.997 
0.024 0.991 0.070 0.983 0.167 
0.015 0.995 0.099 0.978 0.452 
0.010 0.998 0.040 0.993 0.351 
0.012 0.995 0.139 0.988 0.282 
0.022 0.995 0.342 0.978 0.987 
0.009 0.998 0.238 0.985 0.761 
0.028 0.996 0.056 0.990 0.692 
0.016 0.995 0.056 0.985 0.662 
0.010 0.996 0.059 0.988 0.607 
0.006 0.999 0.059 0.993 0.990 
0.016 0.996 0.201 0.978 0.151 
0.023 0.993 0.133 0.983 0.302 
0.019 0.993 0.159 0.975 0.348 
0.018 0.992 0.040 0.993 0.997 
0.013 0.996 0.046 0.993 0.951 
0.020 0.995 0.103 0.988 0.161 
0.013 0.996 0.192 0.968 0.420 
0.022 0.994 0.061 0.990 0.607 
0.017 0.994 0.032 0.990 0.797 
0.013 0.996 0.177 0.960 0.046 
0.025 0.991 0.066 0.983 0.977 
0.014 0.995 0.343 0.983 0.738 
0.019 0.995 0.167 0.985 0.993 
0.026 0.993 0.073 0.990 0.993 
0.012 0.997 0.053 0.993 1.000 
0.016 0.993 0.064 0.988 0.997 
0.018 0.993 0.113 0.985 0.921 
0.014 0.995 0.113 0.988 0.905 
0.017 0.995 0.087 0.985 0.997 
0.017 0.996 0.053 0.988 1.000 
0.013 0.995 0.146 0.990 0.987 
0.013 0.996 0.218 0.985 0.931 
0.029 0.994 0.051 0.990 0.993 
0.008 0.998 0.061 0.990 0.977 
0.013 0.997 0.087 0.985 0.957 
0.024 0.996 0.054 0.993 1.000 
0.032 0.993 0.126 0.978 0.967 
0.006 0.999 0.236 0.983 0.980 
0.013 0.996 0.240 0.985 0.990 
0.016 0.996 0.162 0.990 0.889 
0.012 0.997 0.282 0.985 0.751 
0.009 0.995 0.303 0.988 0.944 
0.020 0.994 0.295 0.978 0.951 
0.012 0.995 0.203 0.983 0.987 
0.019 0.993 0.075 0.990 1.000 
0.008 0.998 0.155 0.988 0.731 
0.023 0.995 0.139 0.990 0.961 
0.025 0.996 0.095 0.983 0.489 
0.015 0.995 0.109 0.993 0.525 
0.030 0.992 0.127 0.965 0.003 
0.018 0.993 0.032 0.990 0.997 
0.018 0.996 0.110 0.980 0.925 
0.018 0.995 0.079 0.990 0.610 
0.012 0.997 0.028 0.993 0.843 
0.017 0.993 0.182 0.985 0.315 
0.014 0.993 0.154 0.988 0.813 
0.028 0.994 0.067 0.990 1.000 
0.018 0.994 0.093 0.983 0.059 
0.010 0.996 0.116 0.983 0.138 
0.012 0.995 0.029 0.995 0.636 
0.023 0.991 0.051 0.985 0.000 
0.014 0.995 0.157 0.988 0.410 
0.011 0.997 0.030 0.993 0.862 
0.010 0.998 0.177 0.988 0.325 
0.010 0.995 0.068 0.990 0.426 
0.017 0.995 0.100 0.988 0.003 
0.017 0.995 0.069 0.990 0.997 
0.022 0.993 0.126 0.988 0.980 
0.007 0.998 0.124 0.988 0.977 
0.016 0.997 0.093 0.975 0.934 
0.016 0.996 0.404 0.980 0.092 
0.026 0.996 0.238 0.988 0.925 
0.021 0.995 0.276 0.980 0.679 
0.027 0.994 0.205 0.990 0.089 
0.009 0.997 0.261 0.990 0.026 
0.018 0.994 0.214 0.990 0.102 
0.019 0.996 0.376 0.985 0.036 
0.031 0.996 0.761 0.980 0.052 
0.047 0.995 0.300 0.978 0.944 
0.027 0.996 0.217 0.988 0.757 
0.022 0.993 0.248 0.978 0.970 
0.022 0.994 0.348 0.978 0.862 
0.019 0.993 0.221 0.990 0.790 
0.027 0.995 0.071 0.990 0.925 
0.012 0.996 0.253 0.978 0.872 
0.019 0.994 0.164 0.993 0.410 
0.009 0.997 0.184 0.990 0.764 
0.010 0.996 0.327 0.978 0.803 
0.033 0.996 0.131 0.983 0.318 
0.023 0.993 0.115 0.985 0.744 
0.021 0.996 0.190 0.985 0.587 
0.027 0.995 0.072 0.993 0.416 
0.022 0.995 0.123 0.985 0.010 
0.019 0.995 0.067 0.980 0.843 
0.010 0.996 0.123 0.990 0.974 
0.014 0.995 0.132 0.988 0.997 
0.015 0.995 0.127 0.978 0.984 
0.010 0.997 0.137 0.985 0.980 
0.007 0.998 0.125 0.990 0.974 
0.023 0.995 0.147 0.978 0.702 
0.010 0.998 0.050 0.990 0.993 
0.021 0.994 0.042 0.995 0.908 
0.022 0.993 0.066 0.980 0.915 
0.012 0.995 0.057 0.993 0.993 
0.010 0.996 0.060 0.993 0.993 
0.017 0.995 0.150 0.988 0.964 
0.015 0.996 0.359 0.990 0.856 
0.027 0.994 0.094 0.988 0.613 
0.009 0.996 0.115 0.990 0.990 
0.006 0.998 0.117 0.985 0.872 
0.020 0.993 0.023 0.995 0.911 
0.013 0.995 0.090 0.988 0.400 
0.022 0.995 0.067 0.988 0.118 
0.034 0.992 0.058 0.980 0.423 
0.017 0.996 0.047 0.985 0.469 
0.012 0.996 0.031 0.990 0.659 
0.021 0.995 0.073 0.985 0.643 
0.013 0.995 0.066 0.985 0.593 
0.011 0.997 0.034 0.993 0.439 
0.007 0.998 0.230 0.978 0.852 
0.023 0.992 0.088 0.980 0.620 
0.026 0.996 0.072 0.990 0.289 
0.023 0.993 0.125 0.980 0.439 
0.013 0.995 0.058 0.983 0.052 
0.010 0.996 0.143 0.990 0.272 
0.033 0.989 0.030 0.990 0.738 
0.012 0.997 0.067 0.993 0.679 
0.025 0.993 0.111 0.975 0.980 
0.012 0.996 0.060 0.988 0.944 
0.014 0.994 0.055 0.988 0.089 
0.013 0.996 0.086 0.978 0.023 
0.011 0.996 0.182 0.980 0.289 
0.012 0.996 0.079 0.985 0.115 
0.012 0.996 0.467 0.983 0.007 
0.027 0.994 0.112 0.988 0.862 
0.015 0.996 0.119 0.993 0.082 
0.014 0.996 0.095 0.978 0.974 
0.011 0.997 0.137 0.993 0.948 
0.008 0.998 0.067 0.980 0.144 
0.011 0.997 0.077 0.990 0.970 
0.016 0.993 0.096 0.993 0.416 
0.015 0.996 0.107 0.975 0.000 
0.017 0.996 0.202 0.975 0.016 
0.011 0.995 0.082 0.983 0.990 
0.008 0.996 0.064 0.983 1.000 
0.026 0.992 0.209 0.990 0.993 
0.008 0.997 0.122 0.993 0.479 
0.010 0.996 0.167 0.980 0.915 
0.009 0.997 0.229 0.975 0.964 
0.038 0.992 0.184 0.980 0.961 
0.011 0.995 0.072 0.995 0.984 
0.024 0.992 0.078 0.978 0.879 
0.012 0.996 0.108 0.983 0.564 
0.010 0.996 0.307 0.983 0.787 
0.012 0.995 0.091 0.988 0.984 
0.010 0.996 0.106 0.983 0.984 
0.007 0.998 0.150 0.988 0.948 
0.008 0.999 0.106 0.988 1.000 
0.032 0.992 0.075 0.983 0.830 
0.011 0.996 0.097 0.988 0.980 
0.009 0.997 0.176 0.985 0.856 
0.012 0.997 0.175 0.990 0.170 
0.010 0.995 0.110 0.988 0.948 
0.010 0.996 0.131 0.985 0.997 
0.014 0.996 0.117 0.985 0.980 
0.022 0.990 0.067 0.983 0.190 
0.026 0.993 0.213 0.963 0.043 
0.017 0.997 0.079 0.990 0.826 
0.014 0.997 0.047 0.990 1.000 
0.004 0.999 0.078 0.988 0.902 
0.012 0.997 0.088 0.980 0.754 
0.011 0.996 0.097 0.988 0.948 
0.006 0.998 0.558 0.978 0.000 
0.013 0.996 0.118 0.988 0.875 
0.017 0.996 0.119 0.985 0.993 
0.027 0.995 0.311 0.980 0.095 
0.016 0.995 0.055 0.993 0.292 
0.024 0.995 0.066 0.983 0.095 
0.023 0.992 0.053 0.995 0.515 
0.016 0.995 0.053 0.990 0.659 
0.015 0.996 0.155 0.963 0.593 
0.025 0.994 0.036 0.990 0.993 
0.021 0.994 0.056 0.988 0.741 
0.007 0.998 0.098 0.985 0.279 
0.009 0.996 0.060 0.993 0.682 
0.009 0.996 0.175 0.993 0.885 
0.032 0.993 0.079 0.988 0.977 
0.013 0.996 0.092 0.990 0.997 
0.018 0.995 0.146 0.980 0.046 
0.015 0.994 0.080 0.988 0.548 
0.018 0.993 0.117 0.990 0.302 
0.022 0.994 0.107 0.990 0.010 
0.009 0.997 0.128 0.990 0.744 
0.014 0.995 0.126 0.988 0.502 
0.017 0.995 0.076 0.988 0.997 
0.014 0.996 0.090 0.985 0.925 
0.016 0.995 0.116 0.978 0.948 
0.010 0.998 0.119 0.983 0.121 
0.011 0.997 0.048 0.983 0.984 
0.020 0.993 0.081 0.985 1.000 
0.015 0.995 0.128 0.975 0.570 
0.015 0.996 0.074 0.990 0.830 
0.014 0.995 0.118 0.990 0.213 
0.010 0.997 0.127 0.985 0.613 
0.009 0.998 0.058 0.988 0.964 
0.022 0.995 0.087 0.988 0.951 
0.016 0.993 0.132 0.985 0.151 
0.006 0.998 0.124 0.988 0.321 
0.016 0.995 0.109 0.990 0.961 
0.010 0.996 0.160 0.990 0.082 
0.019 0.992 0.180 0.983 0.951 
0.015 0.996 0.082 0.988 0.633 
0.027 0.994 0.077 0.990 0.980 
0.023 0.995 0.055 0.988 0.993 
0.011 0.996 0.186 0.993 0.984 
0.010 0.997 0.034 0.993 0.957 
0.018 0.995 0.147 0.988 0.026 
0.021 0.993 0.038 0.988 0.980 
0.016 0.996 0.079 0.990 0.452 
0.012 0.995 0.104 0.985 0.921 
0.008 0.997 0.115 0.993 0.839 
0.016 0.995 0.027 0.998 0.974 
0.046 0.995 0.086 0.993 0.767 
0.016 0.995 0.068 0.980 0.921 
0.015 0.998 0.048 0.988 0.649 
0.011 0.995 0.074 0.985 0.013 
0.009 0.998 0.029 0.993 0.764 
0.009 0.998 0.024 0.995 0.941 
0.008 0.996 0.034 0.993 0.974 
0.020 0.992 0.037 0.993 0.167 
0.009 0.996 0.032 0.995 0.593 
0.016 0.997 0.044 0.990 0.869 
0.023 0.993 0.098 0.988 0.220 
0.016 0.997 0.073 0.988 0.318 
0.016 0.995 0.083 0.985 0.911 
0.014 0.996 0.051 0.990 0.590 
0.011 0.996 0.046 0.993 0.728 
0.015 0.995 0.028 0.995 0.770 
0.007 0.996 0.081 0.995 0.918 
0.009 0.997 0.027 0.998 0.603 
0.013 0.996 0.084 0.988 0.980 
0.008 0.998 0.025 0.993 0.108 
0.015 0.997 0.134 0.985 0.226 
0.017 0.995 0.044 0.993 0.810 
0.018 0.995 0.052 0.983 0.780 
0.018 0.995 0.104 0.990 0.174 
0.016 0.995 0.303 0.985 0.292 
0.009 0.998 0.048 0.993 0.705 
0.019 0.996 0.030 0.995 0.567 
0.013 0.997 0.067 0.990 0.131 
0.021 0.995 0.065 0.985 0.511 
0.023 0.992 0.055 0.993 0.089 
0.018 0.995 0.033 0.995 0.843 
0.012 0.997 0.095 0.990 0.885 
0.017 0.996 0.069 0.990 0.843 
0.017 0.994 0.046 0.993 0.941 
0.013 0.995 0.194 0.980 0.374 
0.020 0.994 0.097 0.995 0.879 
0.017 0.995 0.095 0.990 0.013 
0.009 0.997 0.123 0.990 0.230 
0.018 0.996 0.133 0.990 0.990 
0.010 0.998 0.147 0.988 0.725 
0.005 0.998 0.175 0.980 0.518 
0.012 0.996 0.126 0.983 0.974 
0.007 0.997 0.195 0.988 0.525 
0.026 0.995 0.023 0.995 0.967 
0.018 0.995 0.067 0.990 0.023 
0.016 0.995 0.220 0.978 0.079 
0.012 0.996 0.216 0.978 0.387 
0.009 0.999 0.122 0.993 0.898 
0.015 0.996 0.089 0.985 0.892 
0.019 0.995 0.098 0.988 0.292 
0.014 0.998 0.036 0.995 0.931 
0.019 0.995 0.079 0.990 0.669 
0.007 0.998 0.219 0.993 0.925 
0.021 0.996 0.021 0.998 0.980 
0.013 0.996 0.106 0.988 0.089 
0.020 0.994 0.114 0.990 0.908 
0.011 0.995 0.083 0.983 0.721 
0.016 0.995 0.070 0.990 0.944 
0.030 0.997 0.046 0.988 0.695 
0.013 0.996 0.081 0.993 0.321 
0.013 0.996 0.072 0.993 0.941 
0.012 0.997 0.103 0.983 0.472 
0.018 0.996 0.120 0.985 0.866 
0.017 0.995 0.062 0.988 0.456 
0.015 0.995 0.040 0.995 0.777 
0.032 0.996 0.071 0.988 0.508 
0.012 0.998 0.054 0.988 0.498 
0.009 0.997 0.074 0.990 0.793 
0.012 0.998 0.039 0.988 0.938 
0.007 0.998 0.079 0.990 0.534 
0.011 0.997 0.065 0.990 0.082 
0.003 0.998 0.039 0.995 0.800 
0.014 0.997 0.028 0.995 0.938 
0.015 0.997 0.087 0.990 0.836 
0.007 0.998 0.033 0.995 0.964 
0.020 0.996 0.050 0.993 0.413 
0.006 0.998 0.064 0.993 0.085 
0.020 0.995 0.038 0.985 0.403 
0.011 0.995 0.062 0.990 0.895 
0.015 0.994 0.123 0.983 0.921 
0.012 0.996 0.077 0.990 0.452 
0.008 0.998 0.097 0.988 0.784 
0.020 0.995 0.038 0.993 0.397 
0.021 0.997 0.030 0.998 0.997 
0.026 0.998 0.224 0.990 0.708 
0.026 0.993 0.078 0.993 0.777 
0.016 0.995 0.099 0.988 0.416 
0.017 0.998 0.061 0.990 0.846 
0.011 0.996 0.099 0.983 0.148 
0.009 0.997 0.046 0.993 0.879 
0.019 0.996 0.052 0.990 0.807 
0.010 0.996 0.044 0.993 0.987 
0.022 0.996 0.087 0.975 0.108 
0.012 0.998 0.082 0.985 0.862 
0.022 0.995 0.062 0.983 0.652 
0.009 0.998 0.104 0.983 0.111 
0.005 0.999 0.063 0.993 0.987 
0.015 0.997 0.080 0.993 0.826 
0.013 0.996 0.087 0.990 0.780 
0.010 0.998 0.077 0.990 0.830 
0.011 0.996 0.163 0.990 0.984 
0.015 0.995 0.194 0.975 0.961 
0.021 0.994 0.091 0.983 0.993 
0.015 0.996 0.143 0.983 0.879 
0.013 0.998 0.095 0.990 0.902 
0.011 0.998 0.193 0.993 0.623 
0.017 0.995 0.037 0.990 0.967 
0.015 0.995 0.069 0.990 0.984 
0.020 0.996 0.031 0.993 0.905 
0.016 0.995 0.135 0.988 0.918 
0.015 0.995 0.777 0.978 0.272 
0.004 0.998 0.442 0.985 0.928 
0.011 0.998 0.366 0.990 0.505 
0.015 0.994 0.423 0.973 0.007 
0.018 0.992 0.171 0.988 0.289 
0.010 0.996 0.108 0.983 0.098 
0.012 0.995 0.087 0.988 0.521 
0.015 0.996 0.226 0.990 0.557 
0.025 0.993 0.057 0.990 0.951 
0.015 0.995 0.062 0.990 0.934 
0.007 0.998 0.123 0.990 0.872 
0.012 0.997 0.063 0.990 0.997 
0.013 0.995 0.031 0.995 0.990 
0.011 0.996 0.045 0.993 0.944 
0.017 0.993 0.110 0.988 0.000 
0.012 0.996 0.034 0.993 0.462 
0.011 0.997 0.042 0.990 0.911 
0.012 0.996 0.079 0.990 0.544 
0.009 0.998 0.465 0.983 0.361 
0.010 0.997 0.173 0.990 0.984 
0.047 0.995 0.083 0.980 0.902 
0.014 0.996 0.088 0.990 0.993 
0.014 0.993 0.282 0.948 0.020 
0.010 0.996 0.124 0.990 0.948 
0.010 0.995 0.092 0.990 1.000 
0.014 0.996 0.162 0.975 0.957 
0.016 0.995 0.148 0.988 0.905 
0.016 0.994 0.165 0.988 0.882 
0.016 0.997 0.113 0.988 0.898 
0.016 0.994 0.061 0.993 0.990 
0.015 0.997 0.120 0.985 0.987 
0.004 0.999 0.123 0.990 0.905 
0.009 0.998 0.267 0.990 0.993 
0.013 0.996 0.675 0.983 0.908 
0.023 0.994 0.108 0.988 0.990 
0.009 0.996 0.051 0.993 0.997 
0.010 0.996 0.031 0.993 0.993 
0.012 0.996 0.087 0.990 1.000 
0.014 0.996 0.154 0.980 0.941 
0.013 0.995 0.250 0.983 0.977 
0.024 0.992 0.324 0.983 0.993 
0.005 0.997 0.439 0.990 0.951 
0.025 0.996 0.068 0.980 0.984 
0.014 0.996 0.067 0.990 0.931 
0.028 0.993 0.105 0.975 0.905 
0.011 0.996 0.233 0.980 0.967 
0.007 0.999 0.073 0.990 0.993 
0.019 0.995 0.182 0.983 0.866 
0.017 0.995 0.083 0.990 0.993 
0.012 0.996 0.074 0.990 0.990 
0.013 0.996 0.075 0.988 0.987 
0.011 0.995 0.148 0.965 0.800 
0.013 0.995 0.042 0.993 1.000 
0.010 0.997 0.098 0.978 0.551 
0.005 0.998 0.057 0.993 0.993 
0.013 0.995 0.142 0.988 0.997 
0.018 0.995 0.113 0.993 0.993 
0.013 0.996 0.302 0.990 0.990 
0.011 0.996 0.117 0.993 0.997 
0.031 0.993 0.086 0.985 0.413 
0.011 0.997 0.047 0.990 0.987 
0.014 0.995 0.117 0.983 0.633 
0.008 0.998 0.051 0.988 0.990 
0.009 0.997 0.041 0.990 0.987 
0.015 0.995 0.026 0.995 0.993 
