0.347 0.858 0.175 0.958 0.051 
0.233 0.912 0.121 0.960 0.048 
0.207 0.926 0.163 0.935 0.089 
0.198 0.932 0.156 0.973 0.409 
0.179 0.936 0.097 0.978 0.109 
0.170 0.938 0.096 0.965 0.380 
0.175 0.936 0.187 0.978 0.585 
0.174 0.940 0.085 0.978 0.518 
0.150 0.944 0.196 0.958 0.866 
0.149 0.947 0.078 0.985 0.748 
0.149 0.954 0.119 0.970 0.428 
0.147 0.951 0.083 0.985 0.725 
0.147 0.945 0.119 0.975 0.732 
0.121 0.961 0.198 0.960 0.914 
0.144 0.951 0.136 0.948 0.530 
0.134 0.957 0.121 0.963 0.859 
0.137 0.948 0.092 0.983 0.748 
0.138 0.955 0.095 0.975 0.837 
0.109 0.965 0.087 0.973 0.904 
0.126 0.958 0.098 0.973 0.754 
0.130 0.949 0.099 0.965 0.741 
0.136 0.957 0.105 0.968 0.917 
0.113 0.960 0.102 0.963 0.744 
0.113 0.958 0.102 0.983 0.735 
0.117 0.962 0.105 0.963 0.872 
0.106 0.967 0.090 0.970 0.936 
0.116 0.960 0.116 0.965 0.914 
0.105 0.970 0.096 0.975 0.875 
0.108 0.965 0.107 0.980 0.911 
0.099 0.967 0.105 0.958 0.837 
0.098 0.968 0.068 0.985 0.818 
0.099 0.964 0.203 0.965 0.949 
0.110 0.968 0.230 0.963 0.955 
0.103 0.964 0.129 0.955 0.748 
0.113 0.964 0.126 0.968 0.946 
0.100 0.965 0.119 0.968 0.917 
0.100 0.967 0.110 0.975 0.930 
0.098 0.963 0.097 0.980 0.917 
0.096 0.971 0.091 0.973 0.917 
0.107 0.965 0.075 0.983 0.904 
0.092 0.971 0.078 0.980 0.885 
0.091 0.967 0.094 0.973 0.904 
0.080 0.972 0.099 0.970 0.850 
0.091 0.964 0.085 0.975 0.920 
0.088 0.968 0.164 0.958 0.946 
0.089 0.968 0.092 0.965 0.946 
0.097 0.970 0.082 0.975 0.875 
0.080 0.971 0.093 0.968 0.911 
0.089 0.976 0.127 0.968 0.965 
0.099 0.970 0.083 0.978 0.907 
0.083 0.969 0.073 0.978 0.885 
0.085 0.970 0.070 0.983 0.898 
0.075 0.976 0.097 0.978 0.930 
0.085 0.973 0.144 0.963 0.965 
0.083 0.973 0.095 0.978 0.942 
0.086 0.968 0.088 0.980 0.955 
0.093 0.971 0.115 0.973 0.949 
0.075 0.977 0.096 0.970 0.933 
0.084 0.973 0.088 0.978 0.933 
0.077 0.977 0.092 0.968 0.827 
0.090 0.970 0.101 0.975 0.933 
0.079 0.976 0.101 0.975 0.927 
0.089 0.973 0.104 0.970 0.952 
0.088 0.973 0.088 0.975 0.946 
0.084 0.971 0.133 0.965 0.971 
0.079 0.976 0.097 0.965 0.911 
0.081 0.971 0.103 0.968 0.936 
0.060 0.978 0.090 0.978 0.939 
0.076 0.974 0.125 0.978 0.958 
0.084 0.971 0.137 0.965 0.971 
0.077 0.972 0.083 0.978 0.942 
0.078 0.976 0.097 0.965 0.930 
0.065 0.979 0.081 0.980 0.911 
0.068 0.978 0.091 0.978 0.949 
0.079 0.979 0.078 0.980 0.917 
0.069 0.975 0.110 0.963 0.939 
0.079 0.977 0.091 0.978 0.933 
0.078 0.976 0.082 0.978 0.917 
0.073 0.976 0.063 0.983 0.904 
0.080 0.976 0.120 0.975 0.958 
0.068 0.979 0.114 0.975 0.952 
0.077 0.979 0.113 0.955 0.891 
0.090 0.970 0.107 0.980 0.939 
0.075 0.975 0.112 0.968 0.946 
0.075 0.977 0.092 0.968 0.805 
0.066 0.980 0.077 0.975 0.904 
0.065 0.978 0.081 0.978 0.904 
0.064 0.977 0.081 0.970 0.911 
0.072 0.981 0.096 0.973 0.946 
0.074 0.975 0.102 0.978 0.955 
0.062 0.980 0.078 0.978 0.923 
0.067 0.980 0.111 0.970 0.955 
0.060 0.982 0.101 0.978 0.946 
0.075 0.976 0.077 0.980 0.930 
0.072 0.976 0.115 0.973 0.971 
0.074 0.977 0.065 0.980 0.923 
0.071 0.976 0.071 0.980 0.907 
0.071 0.972 0.089 0.978 0.933 
0.060 0.981 0.099 0.980 0.946 
0.077 0.976 0.079 0.980 0.933 
0.060 0.980 0.079 0.983 0.901 
0.081 0.972 0.082 0.980 0.917 
0.053 0.981 0.122 0.975 0.958 
0.058 0.979 0.081 0.978 0.927 
0.075 0.979 0.123 0.978 0.942 
0.065 0.976 0.098 0.980 0.962 
0.058 0.981 0.106 0.970 0.962 
0.059 0.981 0.091 0.973 0.952 
0.081 0.972 0.111 0.978 0.952 
0.066 0.980 0.085 0.983 0.923 
0.050 0.985 0.111 0.975 0.952 
0.062 0.982 0.085 0.978 0.933 
0.067 0.980 0.133 0.968 0.958 
0.061 0.981 0.078 0.980 0.923 
0.073 0.980 0.103 0.978 0.958 
0.064 0.981 0.080 0.980 0.923 
0.077 0.977 0.087 0.978 0.891 
0.058 0.985 0.078 0.975 0.942 
0.074 0.976 0.077 0.980 0.920 
0.058 0.982 0.091 0.978 0.949 
0.063 0.979 0.085 0.980 0.933 
0.061 0.977 0.081 0.973 0.885 
0.069 0.975 0.078 0.978 0.946 
0.064 0.977 0.090 0.968 0.879 
0.061 0.983 0.084 0.980 0.930 
0.050 0.985 0.089 0.980 0.939 
0.061 0.983 0.078 0.978 0.930 
0.057 0.981 0.081 0.980 0.933 
0.060 0.980 0.168 0.948 0.978 
0.074 0.976 0.176 0.958 0.965 
0.069 0.977 0.170 0.963 0.971 
0.059 0.983 0.095 0.980 0.955 
0.067 0.982 0.093 0.978 0.949 
0.056 0.982 0.096 0.975 0.949 
0.056 0.982 0.088 0.980 0.923 
0.058 0.982 0.091 0.973 0.952 
0.063 0.980 0.089 0.978 0.946 
0.060 0.981 0.085 0.973 0.939 
0.055 0.981 0.113 0.980 0.952 
0.045 0.983 0.078 0.980 0.949 
0.066 0.980 0.077 0.978 0.952 
0.057 0.980 0.088 0.980 0.949 
0.059 0.979 0.119 0.978 0.955 
0.062 0.979 0.102 0.980 0.965 
0.063 0.979 0.084 0.980 0.933 
0.064 0.978 0.102 0.983 0.958 
0.053 0.981 0.189 0.965 0.949 
0.060 0.983 0.085 0.980 0.946 
0.068 0.978 0.117 0.970 0.965 
0.058 0.980 0.115 0.958 0.971 
0.060 0.981 0.103 0.975 0.962 
0.053 0.981 0.068 0.985 0.901 
0.070 0.979 0.107 0.968 0.939 
0.043 0.985 0.087 0.975 0.914 
0.060 0.980 0.075 0.975 0.923 
0.056 0.982 0.081 0.980 0.939 
0.054 0.985 0.148 0.968 0.974 
0.052 0.985 0.109 0.973 0.949 
0.044 0.989 0.096 0.973 0.946 
0.065 0.982 0.097 0.978 0.952 
0.063 0.977 0.102 0.978 0.958 
0.061 0.981 0.082 0.978 0.927 
0.045 0.985 0.083 0.983 0.869 
0.061 0.983 0.071 0.980 0.920 
0.061 0.982 0.066 0.988 0.859 
0.047 0.982 0.077 0.978 0.920 
0.054 0.983 0.126 0.973 0.958 
0.046 0.987 0.126 0.970 0.971 
0.053 0.982 0.065 0.985 0.891 
0.052 0.985 0.087 0.980 0.942 
0.055 0.980 0.079 0.980 0.927 
0.061 0.982 0.104 0.973 0.949 
0.056 0.981 0.072 0.978 0.939 
0.070 0.982 0.080 0.980 0.930 
0.055 0.982 0.101 0.978 0.955 
0.067 0.976 0.099 0.980 0.949 
0.054 0.981 0.114 0.973 0.965 
0.051 0.986 0.100 0.980 0.958 
0.055 0.982 0.089 0.980 0.942 
0.056 0.980 0.092 0.983 0.942 
0.071 0.980 0.096 0.980 0.962 
0.047 0.985 0.095 0.980 0.923 
0.057 0.982 0.104 0.980 0.955 
0.057 0.981 0.127 0.978 0.949 
0.061 0.982 0.080 0.980 0.917 
0.051 0.980 0.150 0.968 0.971 
0.052 0.986 0.132 0.978 0.952 
0.050 0.988 0.117 0.973 0.949 
0.051 0.983 0.093 0.978 0.952 
0.066 0.982 0.077 0.980 0.936 
0.056 0.983 0.072 0.983 0.917 
0.057 0.983 0.080 0.980 0.939 
0.053 0.983 0.089 0.983 0.920 
0.043 0.988 0.153 0.973 0.965 
0.046 0.987 0.086 0.983 0.923 
0.052 0.985 0.078 0.980 0.930 
0.058 0.980 0.123 0.968 0.971 
0.063 0.977 0.083 0.983 0.923 
0.042 0.990 0.078 0.983 0.907 
0.045 0.985 0.063 0.988 0.901 
0.050 0.985 0.170 0.968 0.895 
0.064 0.986 0.089 0.978 0.936 
0.062 0.983 0.102 0.980 0.942 
0.057 0.983 0.083 0.980 0.930 
0.065 0.975 0.124 0.963 0.974 
0.059 0.980 0.072 0.983 0.917 
0.052 0.986 0.088 0.980 0.930 
0.052 0.988 0.092 0.978 0.933 
0.045 0.983 0.257 0.912 0.981 
0.048 0.983 0.092 0.975 0.946 
0.051 0.985 0.110 0.970 0.962 
0.049 0.982 0.100 0.973 0.958 
0.052 0.984 0.134 0.963 0.962 
0.052 0.985 0.088 0.978 0.942 
0.049 0.985 0.179 0.948 0.974 
0.039 0.986 0.085 0.980 0.939 
0.049 0.984 0.072 0.983 0.920 
0.052 0.982 0.107 0.975 0.952 
0.037 0.990 0.080 0.983 0.930 
0.049 0.981 0.069 0.983 0.917 
0.052 0.982 0.139 0.970 0.974 
0.052 0.988 0.121 0.973 0.965 
0.050 0.983 0.079 0.980 0.942 
0.052 0.980 0.088 0.980 0.942 
0.053 0.984 0.077 0.980 0.927 
0.042 0.986 0.077 0.978 0.923 
0.044 0.990 0.158 0.965 0.958 
0.042 0.985 0.102 0.978 0.955 
0.049 0.985 0.088 0.983 0.923 
0.049 0.986 0.127 0.975 0.962 
0.044 0.986 0.081 0.983 0.936 
0.047 0.986 0.138 0.978 0.930 
0.058 0.986 0.100 0.978 0.946 
0.052 0.981 0.095 0.978 0.936 
0.066 0.980 0.131 0.978 0.965 
0.046 0.986 0.079 0.983 0.847 
0.046 0.985 0.092 0.980 0.923 
0.049 0.985 0.191 0.968 0.949 
0.043 0.987 0.076 0.983 0.911 
0.040 0.984 0.131 0.970 0.949 
0.064 0.982 0.115 0.980 0.939 
0.035 0.988 0.127 0.980 0.949 
0.042 0.989 0.161 0.978 0.949 
0.043 0.989 0.140 0.975 0.952 
0.045 0.989 0.123 0.980 0.942 
0.049 0.985 0.088 0.980 0.927 
0.065 0.980 0.096 0.980 0.946 
0.042 0.988 0.135 0.968 0.958 
0.040 0.988 0.158 0.958 0.968 
0.053 0.982 0.087 0.980 0.949 
0.049 0.978 0.057 0.988 0.869 
0.051 0.982 0.140 0.978 0.952 
0.057 0.981 0.072 0.978 0.930 
0.045 0.986 0.094 0.978 0.946 
0.042 0.989 0.114 0.975 0.955 
0.045 0.988 0.094 0.980 0.933 
0.036 0.988 0.073 0.978 0.927 
0.051 0.986 0.085 0.980 0.927 
0.040 0.985 0.083 0.983 0.911 
0.040 0.988 0.095 0.975 0.933 
0.045 0.986 0.076 0.978 0.933 
0.043 0.986 0.148 0.970 0.958 
0.053 0.979 0.105 0.978 0.936 
0.042 0.986 0.116 0.978 0.946 
0.035 0.986 0.109 0.970 0.952 
0.053 0.988 0.119 0.970 0.949 
0.053 0.982 0.066 0.983 0.911 
0.040 0.986 0.090 0.978 0.939 
0.051 0.982 0.139 0.970 0.914 
0.053 0.988 0.102 0.973 0.942 
0.042 0.986 0.105 0.978 0.952 
0.031 0.990 0.118 0.980 0.923 
0.042 0.986 0.132 0.975 0.958 
0.051 0.982 0.095 0.983 0.939 
0.046 0.988 0.080 0.978 0.930 
0.045 0.987 0.112 0.970 0.952 
0.052 0.984 0.072 0.983 0.927 
0.041 0.986 0.080 0.980 0.949 
0.033 0.992 0.084 0.983 0.927 
0.058 0.984 0.124 0.968 0.965 
0.039 0.988 0.116 0.973 0.949 
0.046 0.988 0.124 0.978 0.949 
0.033 0.990 0.133 0.973 0.958 
0.044 0.986 0.088 0.980 0.933 
0.044 0.983 0.087 0.975 0.927 
0.055 0.982 0.070 0.983 0.920 
0.044 0.987 0.114 0.978 0.962 
0.041 0.988 0.087 0.983 0.927 
0.038 0.988 0.134 0.973 0.968 
0.042 0.983 0.082 0.978 0.946 
0.044 0.986 0.059 0.983 0.914 
0.048 0.986 0.060 0.985 0.879 
0.038 0.988 0.084 0.983 0.920 
0.042 0.989 0.150 0.980 0.952 
0.039 0.988 0.092 0.985 0.891 
0.050 0.985 0.068 0.985 0.920 
0.046 0.984 0.111 0.983 0.955 
0.042 0.984 0.122 0.973 0.955 
0.032 0.990 0.121 0.978 0.942 
0.030 0.990 0.170 0.960 0.952 
0.043 0.986 0.137 0.975 0.958 
0.060 0.989 0.083 0.980 0.933 
0.051 0.985 0.083 0.980 0.939 
0.053 0.982 0.104 0.980 0.952 
0.032 0.989 0.106 0.980 0.930 
0.044 0.986 0.080 0.980 0.946 
0.055 0.986 0.077 0.973 0.827 
0.040 0.990 0.148 0.965 0.962 
0.046 0.982 0.081 0.983 0.923 
0.057 0.982 0.113 0.978 0.936 
0.042 0.985 0.143 0.973 0.962 
0.046 0.986 0.164 0.973 0.955 
0.036 0.988 0.106 0.980 0.949 
0.049 0.980 0.080 0.983 0.914 
0.046 0.986 0.096 0.980 0.942 
0.034 0.987 0.153 0.973 0.952 
0.037 0.984 0.144 0.980 0.958 
0.031 0.989 0.170 0.965 0.974 
0.059 0.982 0.093 0.980 0.958 
0.048 0.989 0.065 0.985 0.939 
0.044 0.983 0.080 0.980 0.923 
0.055 0.983 0.091 0.983 0.942 
0.034 0.989 0.092 0.980 0.939 
0.033 0.991 0.093 0.978 0.930 
0.059 0.982 0.092 0.983 0.920 
0.040 0.986 0.094 0.980 0.946 
0.045 0.986 0.111 0.980 0.949 
0.052 0.983 0.128 0.970 0.879 
0.049 0.985 0.120 0.975 0.965 
0.046 0.985 0.091 0.980 0.949 
0.039 0.989 0.170 0.968 0.958 
0.036 0.988 0.121 0.975 0.958 
0.031 0.989 0.112 0.983 0.946 
0.033 0.988 0.086 0.983 0.936 
0.032 0.989 0.123 0.978 0.942 
0.036 0.988 0.131 0.978 0.949 
0.043 0.985 0.191 0.965 0.968 
0.042 0.988 0.082 0.983 0.939 
0.047 0.986 0.108 0.978 0.958 
0.047 0.989 0.102 0.980 0.936 
0.038 0.990 0.081 0.983 0.923 
0.040 0.990 0.138 0.968 0.955 
0.036 0.989 0.118 0.980 0.955 
0.041 0.989 0.098 0.980 0.936 
0.039 0.986 0.091 0.980 0.930 
0.030 0.989 0.085 0.975 0.923 
0.048 0.984 0.111 0.980 0.949 
0.033 0.988 0.105 0.983 0.949 
0.036 0.987 0.097 0.980 0.930 
0.047 0.985 0.112 0.970 0.927 
0.036 0.988 0.109 0.983 0.946 
0.041 0.986 0.090 0.985 0.898 
0.041 0.986 0.091 0.980 0.939 
0.044 0.982 0.070 0.983 0.904 
0.039 0.985 0.113 0.980 0.946 
0.041 0.985 0.119 0.983 0.949 
0.049 0.986 0.092 0.975 0.946 
0.046 0.986 0.126 0.975 0.952 
0.038 0.988 0.072 0.983 0.942 
0.037 0.988 0.082 0.983 0.933 
0.044 0.987 0.078 0.980 0.936 
0.038 0.986 0.101 0.983 0.952 
0.040 0.988 0.081 0.985 0.946 
0.034 0.989 0.135 0.970 0.946 
0.043 0.986 0.105 0.975 0.942 
0.040 0.986 0.082 0.983 0.885 
0.039 0.989 0.064 0.983 0.901 
0.032 0.988 0.082 0.975 0.911 
0.030 0.989 0.087 0.983 0.927 
0.043 0.985 0.107 0.980 0.958 
0.033 0.990 0.113 0.973 0.958 
0.033 0.989 0.128 0.975 0.958 
0.040 0.989 0.121 0.975 0.930 
0.047 0.986 0.075 0.983 0.927 
0.031 0.992 0.100 0.978 0.946 
0.032 0.989 0.084 0.980 0.933 
0.034 0.988 0.107 0.983 0.946 
0.036 0.989 0.099 0.985 0.946 
0.047 0.989 0.187 0.965 0.971 
0.043 0.986 0.138 0.970 0.958 
0.036 0.990 0.128 0.973 0.946 
0.035 0.989 0.068 0.985 0.895 
0.047 0.984 0.134 0.983 0.949 
0.056 0.980 0.139 0.968 0.949 
0.046 0.985 0.096 0.980 0.949 
0.038 0.989 0.093 0.983 0.911 
0.036 0.989 0.090 0.980 0.949 
0.037 0.986 0.077 0.983 0.939 
0.032 0.986 0.115 0.973 0.939 
0.034 0.988 0.115 0.973 0.949 
0.036 0.989 0.062 0.985 0.914 
0.027 0.993 0.132 0.978 0.952 
0.034 0.986 0.088 0.983 0.930 
0.039 0.986 0.067 0.988 0.879 
0.042 0.990 0.142 0.973 0.952 
0.040 0.985 0.086 0.980 0.923 
0.037 0.986 0.111 0.978 0.952 
0.038 0.986 0.110 0.970 0.933 
0.035 0.990 0.072 0.988 0.882 
0.044 0.986 0.069 0.985 0.879 
0.033 0.989 0.119 0.978 0.949 
0.053 0.984 0.128 0.973 0.942 
0.041 0.989 0.161 0.978 0.962 
0.030 0.990 0.102 0.978 0.942 
0.035 0.989 0.141 0.983 0.958 
0.043 0.989 0.112 0.980 0.946 
0.040 0.989 0.121 0.980 0.942 
0.041 0.986 0.131 0.980 0.952 
0.023 0.995 0.080 0.983 0.930 
0.037 0.987 0.088 0.983 0.936 
0.040 0.986 0.085 0.983 0.942 
0.034 0.992 0.065 0.985 0.895 
0.038 0.987 0.109 0.973 0.955 
0.043 0.987 0.093 0.983 0.946 
0.041 0.985 0.162 0.973 0.958 
0.043 0.988 0.125 0.980 0.952 
0.039 0.990 0.077 0.985 0.930 
0.051 0.984 0.082 0.983 0.949 
0.041 0.985 0.128 0.975 0.958 
0.043 0.986 0.121 0.980 0.942 
0.049 0.987 0.085 0.983 0.907 
0.043 0.985 0.108 0.978 0.936 
0.043 0.986 0.094 0.980 0.939 
0.036 0.990 0.113 0.978 0.946 
0.034 0.988 0.148 0.978 0.942 
0.047 0.985 0.108 0.980 0.949 
0.035 0.989 0.115 0.978 0.955 
0.031 0.990 0.080 0.983 0.936 
0.028 0.992 0.083 0.980 0.930 
0.044 0.986 0.079 0.983 0.914 
0.048 0.985 0.162 0.970 0.965 
0.049 0.987 0.069 0.980 0.936 
0.041 0.988 0.116 0.983 0.952 
0.031 0.989 0.199 0.965 0.958 
0.035 0.988 0.139 0.978 0.939 
0.031 0.990 0.095 0.983 0.914 
0.044 0.987 0.107 0.978 0.946 
0.030 0.989 0.087 0.975 0.939 
0.036 0.985 0.199 0.970 0.962 
0.036 0.992 0.066 0.985 0.923 
0.042 0.990 0.117 0.980 0.946 
0.037 0.986 0.142 0.978 0.946 
0.030 0.989 0.072 0.985 0.911 
0.026 0.990 0.069 0.983 0.920 
0.042 0.986 0.121 0.975 0.936 
0.041 0.983 0.071 0.980 0.923 
0.038 0.989 0.093 0.978 0.939 
0.049 0.983 0.096 0.975 0.949 
0.025 0.993 0.091 0.978 0.942 
0.028 0.990 0.150 0.973 0.952 
0.036 0.986 0.114 0.983 0.933 
0.029 0.993 0.087 0.980 0.933 
0.032 0.987 0.083 0.983 0.942 
0.045 0.985 0.109 0.983 0.939 
0.036 0.987 0.057 0.988 0.904 
0.035 0.989 0.112 0.980 0.942 
0.048 0.987 0.075 0.985 0.904 
0.026 0.990 0.115 0.975 0.949 
0.043 0.988 0.088 0.983 0.933 
0.038 0.993 0.102 0.980 0.946 
0.042 0.985 0.109 0.983 0.949 
0.020 0.994 0.109 0.980 0.952 
0.034 0.988 0.081 0.975 0.939 
0.033 0.990 0.080 0.985 0.927 
0.019 0.993 0.119 0.980 0.946 
0.043 0.986 0.094 0.985 0.914 
0.049 0.982 0.171 0.958 0.968 
0.030 0.988 0.067 0.985 0.936 
0.045 0.985 0.050 0.988 0.875 
0.034 0.988 0.071 0.983 0.923 
0.036 0.988 0.084 0.975 0.946 
0.035 0.987 0.106 0.975 0.952 
0.027 0.989 0.099 0.980 0.942 
0.043 0.986 0.084 0.980 0.939 
0.038 0.991 0.097 0.978 0.946 
0.041 0.989 0.078 0.985 0.939 
0.036 0.987 0.066 0.985 0.872 
0.038 0.989 0.081 0.978 0.939 
0.040 0.989 0.099 0.978 0.946 
0.037 0.989 0.143 0.970 0.946 
0.027 0.990 0.094 0.975 0.936 
0.026 0.992 0.097 0.980 0.936 
0.026 0.992 0.100 0.975 0.936 
0.023 0.992 0.089 0.980 0.914 
0.032 0.989 0.115 0.978 0.939 
0.025 0.989 0.116 0.975 0.942 
0.042 0.986 0.118 0.983 0.939 
0.042 0.986 0.069 0.988 0.917 
0.036 0.990 0.062 0.988 0.914 
0.035 0.988 0.111 0.973 0.942 
0.030 0.989 0.172 0.965 0.955 
0.033 0.993 0.112 0.975 0.933 
0.036 0.986 0.276 0.963 0.965 
0.059 0.986 0.114 0.980 0.933 
0.043 0.988 0.078 0.985 0.933 
0.030 0.989 0.098 0.978 0.942 
0.035 0.989 0.077 0.983 0.914 
0.036 0.990 0.103 0.980 0.933 
0.031 0.989 0.099 0.980 0.933 
0.045 0.988 0.168 0.968 0.958 
0.027 0.990 0.113 0.980 0.946 
0.052 0.989 0.121 0.980 0.946 
0.047 0.987 0.124 0.973 0.946 
0.045 0.985 0.061 0.988 0.920 
0.034 0.987 0.135 0.973 0.958 
0.031 0.989 0.106 0.980 0.946 
0.034 0.990 0.079 0.985 0.942 
0.037 0.988 0.149 0.970 0.965 
0.040 0.989 0.061 0.985 0.923 
0.066 0.988 0.114 0.978 0.930 
0.036 0.992 0.075 0.975 0.920 
0.028 0.992 0.083 0.983 0.936 
0.022 0.992 0.128 0.973 0.958 
0.029 0.992 0.070 0.983 0.930 
0.034 0.990 0.155 0.963 0.968 
0.033 0.989 0.110 0.973 0.949 
0.039 0.990 0.092 0.978 0.949 
0.037 0.988 0.090 0.983 0.946 
0.035 0.987 0.095 0.985 0.936 
0.034 0.988 0.071 0.983 0.907 
0.041 0.988 0.067 0.985 0.930 
0.040 0.988 0.142 0.968 0.968 
0.025 0.993 0.101 0.980 0.962 
0.030 0.990 0.084 0.980 0.939 
0.035 0.992 0.083 0.983 0.949 
0.039 0.984 0.132 0.975 0.939 
0.040 0.990 0.072 0.978 0.936 
0.040 0.989 0.096 0.980 0.939 
0.031 0.989 0.067 0.988 0.946 
0.031 0.990 0.067 0.983 0.936 
0.040 0.984 0.096 0.975 0.965 
0.036 0.990 0.075 0.978 0.923 
0.031 0.990 0.131 0.980 0.955 
0.036 0.988 0.154 0.970 0.949 
0.045 0.986 0.076 0.983 0.942 
0.025 0.992 0.170 0.963 0.965 
0.034 0.988 0.153 0.975 0.952 
0.029 0.990 0.201 0.970 0.952 
0.042 0.983 0.179 0.970 0.955 
0.043 0.986 0.130 0.983 0.946 
0.032 0.990 0.293 0.963 0.968 
0.046 0.988 0.098 0.980 0.946 
0.037 0.988 0.114 0.975 0.946 
0.031 0.990 0.058 0.985 0.907 
0.037 0.987 0.064 0.983 0.917 
0.040 0.990 0.118 0.975 0.946 
0.039 0.988 0.074 0.985 0.933 
0.031 0.988 0.065 0.985 0.933 
0.043 0.988 0.121 0.980 0.936 
0.037 0.988 0.124 0.983 0.949 
0.041 0.986 0.174 0.975 0.955 
0.024 0.994 0.128 0.983 0.949 
0.027 0.993 0.121 0.983 0.933 
0.031 0.989 0.187 0.973 0.946 
0.038 0.989 0.090 0.980 0.936 
0.045 0.986 0.155 0.968 0.958 
0.039 0.987 0.127 0.978 0.958 
0.031 0.990 0.120 0.973 0.955 
0.032 0.992 0.080 0.983 0.942 
0.034 0.989 0.125 0.978 0.946 
0.049 0.986 0.229 0.978 0.946 
0.051 0.983 0.088 0.980 0.920 
0.020 0.992 0.205 0.968 0.952 
0.043 0.986 0.055 0.985 0.907 
0.026 0.990 0.088 0.978 0.958 
0.022 0.995 0.137 0.968 0.955 
0.024 0.993 0.137 0.970 0.952 
0.038 0.987 0.078 0.975 0.936 
0.039 0.988 0.071 0.978 0.911 
0.027 0.990 0.065 0.983 0.933 
0.037 0.990 0.154 0.983 0.955 
0.028 0.989 0.106 0.980 0.936 
0.035 0.988 0.165 0.963 0.949 
0.032 0.990 0.070 0.978 0.927 
0.034 0.990 0.125 0.973 0.942 
0.046 0.986 0.072 0.980 0.888 
0.035 0.986 0.083 0.983 0.949 
0.032 0.990 0.099 0.973 0.952 
0.018 0.993 0.095 0.980 0.927 
0.028 0.992 0.109 0.978 0.949 
0.044 0.989 0.059 0.985 0.917 
0.042 0.989 0.100 0.965 0.949 
0.038 0.988 0.057 0.983 0.911 
0.035 0.989 0.077 0.980 0.917 
0.029 0.991 0.096 0.978 0.949 
0.028 0.992 0.156 0.963 0.962 
0.022 0.994 0.116 0.983 0.933 
0.040 0.988 0.094 0.983 0.939 
0.030 0.989 0.121 0.980 0.952 
0.031 0.991 0.087 0.978 0.936 
0.031 0.988 0.116 0.978 0.949 
0.033 0.989 0.115 0.973 0.955 
0.038 0.986 0.101 0.980 0.939 
0.029 0.992 0.076 0.985 0.901 
0.023 0.993 0.124 0.970 0.946 
0.029 0.990 0.137 0.973 0.942 
0.033 0.990 0.095 0.983 0.936 
0.028 0.991 0.156 0.965 0.962 
0.034 0.989 0.084 0.983 0.933 
0.033 0.988 0.090 0.983 0.936 
0.032 0.988 0.087 0.983 0.936 
0.034 0.988 0.078 0.980 0.946 
0.038 0.989 0.097 0.978 0.942 
0.021 0.992 0.138 0.985 0.952 
0.028 0.989 0.098 0.983 0.936 
0.037 0.990 0.101 0.980 0.942 
0.026 0.992 0.080 0.983 0.927 
0.038 0.987 0.087 0.983 0.939 
0.041 0.991 0.124 0.983 0.965 
0.033 0.990 0.081 0.983 0.920 
0.027 0.990 0.152 0.983 0.952 
0.032 0.989 0.198 0.980 0.955 
0.031 0.990 0.138 0.985 0.939 
0.029 0.992 0.099 0.978 0.942 
0.038 0.986 0.083 0.978 0.939 
0.023 0.992 0.199 0.970 0.965 
0.029 0.989 0.131 0.975 0.949 
0.029 0.990 0.088 0.983 0.933 
0.037 0.988 0.190 0.968 0.965 
0.026 0.991 0.084 0.980 0.930 
0.053 0.990 0.160 0.973 0.968 
0.030 0.991 0.105 0.980 0.942 
0.031 0.991 0.078 0.983 0.927 
0.026 0.993 0.234 0.970 0.962 
0.028 0.992 0.086 0.983 0.927 
0.050 0.985 0.097 0.983 0.946 
0.026 0.995 0.157 0.980 0.952 
0.041 0.989 0.103 0.985 0.942 
0.034 0.990 0.103 0.978 0.939 
0.025 0.989 0.156 0.973 0.952 
0.033 0.990 0.119 0.970 0.949 
0.026 0.990 0.235 0.958 0.968 
0.026 0.992 0.088 0.983 0.952 
0.029 0.993 0.112 0.980 0.933 
0.063 0.989 0.139 0.980 0.930 
0.049 0.987 0.192 0.975 0.958 
0.036 0.986 0.307 0.960 0.968 
0.035 0.988 0.093 0.980 0.930 
0.046 0.985 0.098 0.980 0.949 
0.022 0.992 0.089 0.980 0.927 
0.026 0.990 0.123 0.978 0.946 
0.028 0.992 0.128 0.978 0.946 
0.034 0.990 0.169 0.973 0.962 
0.033 0.991 0.123 0.983 0.936 
0.031 0.992 0.147 0.973 0.962 
0.034 0.988 0.125 0.970 0.946 
0.020 0.994 0.133 0.985 0.901 
0.052 0.985 0.079 0.985 0.882 
0.028 0.989 0.134 0.975 0.946 
0.043 0.989 0.097 0.978 0.927 
0.033 0.988 0.108 0.978 0.939 
0.030 0.989 0.107 0.980 0.939 
0.038 0.987 0.103 0.980 0.952 
0.037 0.986 0.083 0.983 0.942 
0.040 0.987 0.132 0.970 0.949 
0.028 0.990 0.183 0.963 0.962 
0.040 0.990 0.095 0.973 0.936 
0.032 0.988 0.082 0.978 0.939 
0.029 0.991 0.177 0.965 0.971 
0.032 0.991 0.165 0.975 0.965 
0.020 0.995 0.190 0.970 0.952 
0.027 0.991 0.091 0.983 0.911 
0.039 0.987 0.209 0.968 0.965 
0.044 0.988 0.084 0.988 0.936 
0.037 0.986 0.103 0.980 0.933 
0.028 0.991 0.084 0.983 0.914 
0.027 0.989 0.102 0.980 0.949 
0.031 0.987 0.083 0.983 0.936 
0.028 0.992 0.102 0.985 0.939 
0.033 0.989 0.089 0.983 0.936 
0.048 0.989 0.096 0.980 0.939 
0.025 0.992 0.126 0.978 0.971 
0.039 0.988 0.108 0.980 0.936 
0.033 0.987 0.104 0.978 0.930 
0.030 0.988 0.066 0.985 0.920 
0.025 0.991 0.096 0.983 0.939 
0.039 0.988 0.136 0.978 0.942 
0.042 0.985 0.067 0.983 0.914 
0.024 0.991 0.210 0.955 0.958 
0.049 0.986 0.086 0.980 0.923 
0.023 0.992 0.136 0.970 0.955 
0.022 0.992 0.149 0.978 0.946 
0.035 0.987 0.087 0.980 0.927 
0.032 0.993 0.133 0.975 0.927 
0.064 0.988 0.085 0.983 0.936 
0.035 0.991 0.090 0.983 0.927 
0.029 0.990 0.077 0.985 0.904 
0.031 0.992 0.134 0.980 0.930 
0.042 0.986 0.160 0.975 0.942 
0.026 0.991 0.239 0.960 0.968 
0.038 0.988 0.092 0.983 0.923 
0.029 0.990 0.119 0.978 0.942 
0.025 0.992 0.158 0.973 0.952 
0.019 0.993 0.089 0.980 0.917 
0.030 0.993 0.100 0.978 0.942 
0.026 0.990 0.109 0.975 0.939 
0.047 0.985 0.066 0.988 0.875 
0.039 0.988 0.111 0.973 0.933 
0.026 0.993 0.112 0.975 0.939 
0.027 0.991 0.098 0.983 0.942 
0.014 0.996 0.147 0.980 0.949 
0.037 0.988 0.075 0.980 0.936 
0.039 0.985 0.095 0.983 0.927 
0.032 0.989 0.100 0.983 0.936 
0.032 0.988 0.094 0.980 0.936 
0.037 0.990 0.218 0.968 0.946 
0.029 0.992 0.163 0.973 0.952 
0.040 0.990 0.073 0.980 0.917 
0.023 0.991 0.091 0.983 0.930 
0.030 0.990 0.234 0.965 0.923 
0.039 0.989 0.074 0.980 0.930 
0.025 0.993 0.084 0.983 0.923 
0.037 0.985 0.118 0.975 0.942 
0.038 0.989 0.192 0.968 0.946 
0.035 0.990 0.113 0.980 0.911 
0.036 0.986 0.193 0.965 0.930 
0.031 0.992 0.150 0.973 0.939 
0.042 0.986 0.075 0.980 0.927 
0.040 0.987 0.082 0.980 0.936 
0.030 0.990 0.092 0.985 0.879 
0.029 0.991 0.062 0.985 0.911 
0.033 0.989 0.156 0.975 0.952 
0.038 0.986 0.171 0.965 0.955 
0.035 0.988 0.131 0.973 0.968 
0.027 0.993 0.110 0.973 0.942 
0.024 0.992 0.086 0.978 0.898 
0.028 0.989 0.152 0.970 0.958 
0.027 0.987 0.071 0.988 0.891 
0.062 0.989 0.103 0.980 0.936 
0.043 0.990 0.168 0.973 0.962 
0.026 0.989 0.150 0.980 0.955 
0.025 0.991 0.121 0.980 0.933 
0.051 0.994 0.085 0.985 0.917 
0.033 0.988 0.224 0.970 0.958 
0.027 0.991 0.136 0.983 0.933 
0.022 0.993 0.173 0.978 0.939 
0.037 0.989 0.230 0.968 0.958 
0.040 0.991 0.115 0.983 0.930 
0.025 0.994 0.251 0.963 0.965 
0.029 0.988 0.086 0.983 0.936 
0.040 0.989 0.080 0.975 0.859 
0.019 0.991 0.087 0.980 0.933 
0.032 0.990 0.140 0.970 0.946 
0.016 0.994 0.132 0.978 0.939 
0.032 0.990 0.096 0.983 0.930 
0.025 0.991 0.102 0.975 0.942 
0.036 0.990 0.179 0.970 0.949 
0.026 0.990 0.117 0.980 0.939 
0.037 0.989 0.095 0.983 0.923 
0.030 0.992 0.086 0.983 0.933 
0.036 0.990 0.121 0.975 0.955 
0.044 0.986 0.089 0.983 0.946 
0.040 0.986 0.093 0.983 0.942 
0.036 0.987 0.121 0.973 0.955 
0.038 0.988 0.071 0.985 0.923 
0.031 0.991 0.156 0.975 0.927 
0.047 0.986 0.065 0.978 0.933 
0.029 0.990 0.077 0.983 0.936 
0.022 0.991 0.063 0.983 0.907 
0.029 0.991 0.082 0.978 0.939 
0.056 0.988 0.084 0.980 0.939 
0.036 0.989 0.081 0.980 0.885 
0.041 0.990 0.108 0.978 0.949 
0.030 0.990 0.209 0.963 0.971 
0.022 0.993 0.141 0.980 0.949 
0.039 0.986 0.070 0.983 0.933 
0.029 0.992 0.081 0.983 0.933 
0.039 0.986 0.069 0.983 0.923 
0.040 0.989 0.178 0.975 0.952 
0.038 0.988 0.109 0.980 0.955 
0.042 0.989 0.097 0.978 0.949 
0.041 0.988 0.076 0.980 0.923 
0.029 0.993 0.092 0.980 0.939 
0.023 0.993 0.114 0.983 0.952 
0.029 0.989 0.073 0.983 0.930 
0.019 0.995 0.097 0.978 0.933 
0.027 0.993 0.167 0.978 0.914 
0.033 0.990 0.160 0.970 0.949 
0.026 0.988 0.104 0.983 0.936 
0.032 0.990 0.081 0.985 0.898 
0.057 0.985 0.183 0.970 0.946 
0.047 0.988 0.109 0.978 0.933 
0.029 0.990 0.072 0.983 0.895 
0.020 0.991 0.065 0.983 0.904 
0.033 0.991 0.161 0.968 0.949 
0.048 0.985 0.078 0.983 0.936 
0.033 0.988 0.113 0.978 0.946 
0.037 0.994 0.089 0.978 0.939 
0.035 0.989 0.115 0.973 0.946 
0.029 0.989 0.094 0.983 0.933 
0.027 0.990 0.162 0.973 0.952 
0.029 0.989 0.114 0.975 0.936 
0.023 0.992 0.201 0.965 0.955 
0.035 0.989 0.176 0.968 0.965 
0.021 0.993 0.113 0.980 0.949 
0.030 0.991 0.152 0.968 0.949 
0.042 0.989 0.109 0.980 0.936 
0.032 0.991 0.081 0.980 0.927 
0.025 0.990 0.125 0.970 0.946 
0.030 0.990 0.130 0.970 0.958 
0.036 0.988 0.091 0.978 0.942 
0.026 0.993 0.092 0.980 0.936 
0.031 0.990 0.117 0.975 0.933 
0.027 0.991 0.178 0.980 0.936 
0.025 0.993 0.107 0.975 0.927 
0.030 0.990 0.142 0.978 0.949 
0.014 0.996 0.115 0.978 0.927 
0.034 0.987 0.111 0.978 0.939 
0.032 0.989 0.101 0.978 0.936 
0.050 0.990 0.260 0.980 0.958 
0.031 0.989 0.259 0.975 0.955 
0.037 0.988 0.059 0.985 0.907 
0.020 0.993 0.122 0.978 0.936 
0.032 0.990 0.082 0.985 0.904 
0.024 0.992 0.166 0.978 0.942 
0.033 0.989 0.146 0.975 0.955 
0.021 0.993 0.123 0.980 0.946 
0.034 0.988 0.098 0.980 0.936 
0.029 0.993 0.205 0.978 0.949 
0.052 0.989 0.125 0.980 0.930 
0.030 0.992 0.132 0.978 0.952 
0.035 0.990 0.334 0.955 0.968 
0.030 0.992 0.167 0.973 0.958 
0.031 0.990 0.176 0.975 0.949 
0.029 0.992 0.089 0.985 0.933 
0.046 0.989 0.075 0.980 0.939 
0.031 0.989 0.088 0.980 0.939 
0.034 0.990 0.135 0.983 0.962 
0.020 0.992 0.074 0.985 0.917 
0.040 0.986 0.075 0.983 0.942 
0.023 0.992 0.106 0.975 0.939 
0.033 0.991 0.072 0.983 0.927 
0.033 0.989 0.082 0.983 0.933 
0.031 0.989 0.105 0.980 0.927 
0.027 0.990 0.108 0.978 0.949 
0.041 0.989 0.058 0.985 0.895 
0.032 0.990 0.104 0.980 0.923 
0.024 0.990 0.193 0.975 0.939 
0.025 0.993 0.135 0.975 0.942 
0.041 0.988 0.061 0.985 0.923 
0.034 0.986 0.091 0.983 0.946 
0.032 0.989 0.067 0.985 0.888 
0.024 0.991 0.089 0.975 0.942 
0.020 0.993 0.146 0.973 0.949 
0.026 0.990 0.069 0.980 0.930 
0.031 0.989 0.086 0.983 0.930 
0.044 0.986 0.069 0.985 0.936 
0.023 0.992 0.134 0.970 0.958 
0.040 0.989 0.090 0.983 0.952 
0.028 0.992 0.108 0.978 0.958 
0.030 0.992 0.091 0.975 0.933 
0.029 0.990 0.104 0.983 0.939 
0.033 0.992 0.122 0.973 0.962 
0.021 0.992 0.087 0.978 0.955 
0.023 0.993 0.143 0.970 0.965 
0.024 0.990 0.082 0.980 0.930 
0.031 0.987 0.084 0.980 0.930 
0.028 0.992 0.131 0.983 0.933 
0.031 0.990 0.080 0.973 0.933 
0.030 0.993 0.116 0.975 0.939 
0.030 0.992 0.118 0.978 0.939 
0.028 0.989 0.203 0.955 0.968 
0.024 0.991 0.093 0.978 0.927 
0.038 0.986 0.152 0.968 0.962 
0.024 0.993 0.112 0.975 0.949 
0.022 0.993 0.093 0.983 0.952 
0.029 0.992 0.081 0.975 0.942 
0.025 0.991 0.099 0.975 0.939 
0.043 0.992 0.108 0.980 0.949 
0.026 0.993 0.093 0.975 0.942 
0.036 0.992 0.145 0.975 0.958 
0.018 0.995 0.077 0.980 0.933 
0.028 0.990 0.050 0.988 0.895 
0.035 0.988 0.191 0.968 0.958 
0.024 0.992 0.064 0.985 0.898 
0.035 0.993 0.072 0.980 0.936 
0.024 0.991 0.129 0.968 0.952 
0.028 0.990 0.092 0.980 0.933 
0.053 0.986 0.112 0.978 0.939 
0.023 0.991 0.358 0.960 0.962 
0.040 0.988 0.085 0.980 0.933 
0.034 0.990 0.104 0.980 0.936 
0.023 0.992 0.097 0.973 0.930 
0.030 0.989 0.097 0.970 0.946 
0.033 0.989 0.060 0.983 0.920 
0.023 0.993 0.126 0.965 0.946 
0.033 0.990 0.140 0.978 0.946 
0.017 0.996 0.119 0.975 0.939 
0.049 0.988 0.146 0.968 0.939 
0.027 0.994 0.089 0.978 0.936 
0.037 0.991 0.070 0.983 0.917 
0.023 0.994 0.178 0.968 0.962 
0.019 0.996 0.079 0.978 0.911 
0.025 0.992 0.089 0.985 0.917 
0.027 0.991 0.131 0.975 0.933 
0.031 0.992 0.128 0.973 0.955 
0.022 0.993 0.083 0.980 0.933 
0.018 0.993 0.119 0.973 0.927 
0.030 0.989 0.155 0.973 0.962 
0.024 0.992 0.118 0.978 0.946 
0.022 0.990 0.095 0.980 0.939 
0.028 0.989 0.184 0.970 0.968 
0.025 0.993 0.118 0.980 0.939 
0.015 0.995 0.203 0.965 0.962 
0.037 0.991 0.186 0.975 0.949 
0.035 0.989 0.160 0.980 0.946 
0.026 0.992 0.318 0.963 0.965 
0.035 0.988 0.055 0.985 0.869 
0.022 0.992 0.060 0.985 0.914 
0.034 0.989 0.119 0.978 0.952 
0.023 0.992 0.114 0.978 0.927 
0.043 0.992 0.063 0.983 0.904 
0.033 0.991 0.114 0.978 0.946 
0.029 0.992 0.139 0.970 0.942 
0.029 0.989 0.115 0.975 0.946 
0.019 0.992 0.099 0.985 0.933 
0.036 0.990 0.116 0.978 0.942 
0.025 0.992 0.058 0.983 0.901 
0.030 0.989 0.085 0.983 0.920 
0.024 0.992 0.106 0.978 0.933 
0.033 0.992 0.095 0.975 0.942 
0.026 0.992 0.102 0.978 0.936 
0.036 0.989 0.089 0.983 0.933 
0.032 0.991 0.153 0.980 0.949 
0.026 0.990 0.083 0.983 0.920 
0.033 0.992 0.083 0.983 0.933 
0.047 0.990 0.074 0.983 0.898 
0.025 0.993 0.080 0.985 0.898 
0.023 0.995 0.108 0.975 0.936 
0.032 0.992 0.098 0.975 0.949 
0.027 0.993 0.073 0.985 0.907 
0.035 0.990 0.093 0.978 0.933 
0.030 0.989 0.186 0.970 0.942 
0.047 0.983 0.104 0.975 0.949 
0.024 0.991 0.073 0.983 0.930 
0.017 0.994 0.158 0.968 0.962 
0.028 0.989 0.102 0.983 0.930 
0.019 0.993 0.168 0.973 0.958 
0.034 0.989 0.128 0.978 0.936 
0.030 0.991 0.130 0.980 0.946 
0.021 0.992 0.095 0.985 0.904 
0.029 0.990 0.169 0.968 0.955 
0.036 0.992 0.092 0.980 0.936 
0.049 0.992 0.054 0.985 0.815 
0.034 0.990 0.160 0.978 0.958 
0.034 0.990 0.071 0.985 0.907 
0.039 0.989 0.080 0.983 0.920 
0.024 0.993 0.058 0.980 0.888 
0.028 0.994 0.209 0.970 0.962 
0.025 0.993 0.154 0.970 0.949 
0.016 0.995 0.276 0.973 0.958 
0.022 0.996 0.168 0.978 0.930 
0.038 0.986 0.182 0.978 0.939 
0.046 0.987 0.154 0.980 0.933 
0.027 0.992 0.179 0.978 0.939 
0.019 0.995 0.254 0.973 0.958 
0.021 0.993 0.114 0.983 0.914 
0.031 0.988 0.241 0.970 0.958 
0.025 0.991 0.118 0.980 0.930 
0.051 0.988 0.072 0.988 0.895 
0.032 0.990 0.153 0.978 0.942 
0.029 0.990 0.210 0.978 0.955 
0.023 0.990 0.095 0.968 0.872 
0.053 0.988 0.097 0.983 0.939 
0.030 0.990 0.151 0.975 0.958 
0.027 0.993 0.068 0.985 0.901 
0.038 0.988 0.192 0.980 0.955 
0.023 0.992 0.170 0.980 0.949 
0.026 0.991 0.063 0.988 0.907 
0.031 0.991 0.126 0.980 0.952 
0.040 0.984 0.134 0.980 0.952 
0.025 0.993 0.099 0.983 0.933 
0.025 0.991 0.122 0.975 0.952 
0.020 0.995 0.165 0.968 0.962 
0.027 0.993 0.091 0.983 0.930 
0.049 0.988 0.090 0.985 0.904 
0.051 0.992 0.086 0.985 0.920 
0.025 0.992 0.115 0.980 0.952 
0.049 0.993 0.221 0.965 0.962 
0.026 0.992 0.101 0.980 0.942 
0.034 0.989 0.094 0.978 0.942 
0.036 0.989 0.194 0.975 0.949 
0.021 0.991 0.320 0.975 0.952 
0.035 0.993 0.107 0.985 0.917 
0.030 0.990 0.096 0.978 0.936 
0.030 0.993 0.137 0.983 0.930 
0.021 0.992 0.142 0.980 0.946 
0.020 0.995 0.133 0.980 0.920 
0.031 0.989 0.145 0.980 0.949 
0.027 0.992 0.188 0.980 0.933 
0.038 0.991 0.181 0.970 0.942 
0.038 0.990 0.229 0.968 0.955 
0.036 0.989 0.249 0.965 0.955 
0.034 0.988 0.193 0.975 0.955 
0.032 0.988 0.091 0.980 0.939 
0.029 0.990 0.063 0.988 0.895 
0.016 0.994 0.117 0.970 0.946 
0.033 0.989 0.084 0.975 0.939 
0.025 0.990 0.163 0.973 0.952 
0.031 0.990 0.086 0.983 0.930 
