0.281 0.897 0.149 0.953 1.000 
0.192 0.935 0.145 0.978 1.000 
0.141 0.951 0.161 0.960 1.000 
0.107 0.964 0.179 0.930 0.990 
0.098 0.967 0.089 0.970 1.000 
0.093 0.973 0.109 0.970 1.000 
0.099 0.970 0.117 0.973 1.000 
0.094 0.974 0.107 0.980 1.000 
0.069 0.980 0.098 0.980 1.000 
0.076 0.981 0.322 0.902 0.978 
0.094 0.971 0.078 0.978 1.000 
0.081 0.979 0.078 0.983 1.000 
0.069 0.979 0.125 0.948 1.000 
0.073 0.979 0.097 0.980 1.000 
0.064 0.978 0.081 0.985 0.997 
0.069 0.976 0.125 0.953 1.000 
0.071 0.980 0.074 0.980 1.000 
0.055 0.983 0.087 0.968 0.984 
0.053 0.986 0.136 0.950 0.803 
0.070 0.980 0.078 0.983 1.000 
0.075 0.982 0.075 0.983 1.000 
0.055 0.986 0.080 0.983 1.000 
0.054 0.984 0.088 0.980 1.000 
0.056 0.985 0.101 0.955 1.000 
0.062 0.985 0.079 0.983 1.000 
0.061 0.982 0.105 0.953 1.000 
0.050 0.985 0.104 0.960 1.000 
0.059 0.986 0.065 0.983 1.000 
0.059 0.980 0.079 0.980 0.997 
0.060 0.983 0.085 0.983 0.494 
0.054 0.985 0.080 0.983 0.955 
0.048 0.988 0.048 0.985 1.000 
0.057 0.984 0.078 0.968 0.965 
0.048 0.985 0.069 0.983 0.701 
0.043 0.990 0.059 0.978 0.016 
0.055 0.985 0.072 0.980 1.000 
0.060 0.985 0.081 0.975 1.000 
0.059 0.985 0.081 0.983 0.981 
0.062 0.982 0.062 0.985 1.000 
0.045 0.990 0.067 0.985 0.939 
0.050 0.987 0.054 0.985 0.854 
0.050 0.983 0.070 0.988 0.939 
0.047 0.988 0.110 0.955 0.955 
0.047 0.986 0.037 0.985 0.997 
0.044 0.989 0.081 0.980 0.987 
0.051 0.986 0.062 0.985 1.000 
0.041 0.989 0.080 0.968 0.908 
0.056 0.985 0.071 0.980 1.000 
0.041 0.987 0.071 0.980 1.000 
0.058 0.988 0.092 0.965 0.882 
0.048 0.986 0.073 0.970 0.984 
0.037 0.990 0.048 0.988 0.987 
0.046 0.988 0.079 0.970 0.978 
0.044 0.989 0.055 0.985 0.997 
0.043 0.990 0.053 0.985 0.022 
0.052 0.989 0.036 0.983 0.825 
0.038 0.990 0.043 0.990 1.000 
0.042 0.988 0.054 0.988 1.000 
0.048 0.984 0.047 0.985 1.000 
0.050 0.989 0.067 0.983 1.000 
0.049 0.986 0.062 0.985 1.000 
0.035 0.990 0.045 0.985 1.000 
0.054 0.986 0.067 0.975 1.000 
0.038 0.990 0.080 0.983 0.994 
0.039 0.988 0.054 0.985 0.780 
0.034 0.990 0.161 0.950 0.914 
0.033 0.993 0.074 0.983 0.994 
0.042 0.989 0.048 0.985 1.000 
0.044 0.990 0.061 0.988 1.000 
0.043 0.988 0.061 0.988 1.000 
0.042 0.989 0.079 0.980 1.000 
0.033 0.991 0.081 0.985 1.000 
0.037 0.989 0.108 0.958 1.000 
0.041 0.989 0.052 0.990 1.000 
0.042 0.986 0.084 0.988 1.000 
0.043 0.989 0.076 0.983 0.994 
0.047 0.987 0.043 0.990 1.000 
0.048 0.989 0.055 0.988 1.000 
0.041 0.988 0.070 0.983 0.997 
0.037 0.992 0.078 0.980 1.000 
0.032 0.993 0.064 0.985 0.997 
0.041 0.989 0.052 0.988 1.000 
0.037 0.991 0.056 0.988 1.000 
0.038 0.988 0.054 0.985 1.000 
0.041 0.989 0.073 0.980 1.000 
0.033 0.990 0.050 0.985 0.455 
0.048 0.989 0.098 0.970 0.857 
0.034 0.992 0.101 0.983 0.882 
0.034 0.991 0.064 0.988 1.000 
0.033 0.992 0.058 0.983 0.994 
0.032 0.990 0.139 0.963 0.678 
0.028 0.990 0.072 0.983 1.000 
0.038 0.991 0.093 0.960 1.000 
0.049 0.986 0.080 0.983 1.000 
0.030 0.992 0.091 0.968 1.000 
0.032 0.992 0.071 0.980 0.086 
0.030 0.992 0.069 0.988 0.787 
0.037 0.992 0.084 0.985 0.990 
0.040 0.990 0.072 0.983 0.965 
0.041 0.989 0.043 0.990 1.000 
0.034 0.992 0.089 0.965 0.000 
0.033 0.990 0.076 0.970 0.506 
0.025 0.993 0.084 0.988 0.000 
0.035 0.991 0.050 0.988 0.178 
0.038 0.990 0.047 0.988 0.990 
0.028 0.993 0.063 0.988 0.834 
0.033 0.990 0.039 0.985 0.978 
0.033 0.991 0.073 0.985 0.917 
0.027 0.992 0.082 0.970 0.978 
0.041 0.989 0.049 0.985 0.997 
0.032 0.988 0.051 0.975 0.952 
0.031 0.993 0.067 0.988 0.038 
0.030 0.992 0.086 0.970 0.936 
0.034 0.992 0.059 0.985 0.006 
0.030 0.993 0.044 0.983 0.850 
0.034 0.992 0.081 0.965 0.994 
0.032 0.992 0.125 0.948 1.000 
0.035 0.991 0.058 0.985 0.997 
0.042 0.990 0.047 0.983 0.268 
0.038 0.992 0.073 0.970 0.869 
0.038 0.991 0.051 0.993 0.748 
0.034 0.990 0.060 0.985 0.111 
0.035 0.992 0.054 0.973 0.255 
0.036 0.989 0.085 0.968 0.975 
0.033 0.990 0.040 0.985 0.990 
0.032 0.992 0.085 0.983 0.398 
0.034 0.990 0.044 0.988 0.949 
0.030 0.993 0.053 0.983 0.000 
0.036 0.992 0.068 0.983 0.013 
0.030 0.992 0.064 0.983 0.831 
0.029 0.995 0.042 0.990 0.010 
0.033 0.990 0.060 0.973 0.035 
0.032 0.993 0.062 0.983 0.172 
0.033 0.991 0.039 0.990 0.016 
0.035 0.992 0.068 0.970 0.873 
0.046 0.988 0.044 0.988 0.013 
0.030 0.993 0.052 0.988 0.818 
0.023 0.995 0.082 0.965 0.984 
0.036 0.991 0.054 0.975 0.930 
0.025 0.996 0.117 0.960 0.987 
0.034 0.994 0.057 0.975 0.914 
0.037 0.989 0.138 0.950 0.064 
0.037 0.988 0.078 0.973 0.016 
0.034 0.993 0.076 0.988 0.748 
0.032 0.993 0.104 0.970 0.997 
0.031 0.993 0.086 0.970 0.904 
0.033 0.993 0.073 0.983 0.010 
0.019 0.992 0.118 0.963 0.067 
0.029 0.993 0.098 0.970 0.092 
0.039 0.987 0.044 0.988 0.178 
0.029 0.992 0.051 0.988 0.761 
0.028 0.992 0.068 0.973 0.949 
0.027 0.993 0.097 0.960 1.000 
0.029 0.992 0.048 0.988 0.232 
0.042 0.989 0.076 0.975 1.000 
0.027 0.995 0.060 0.983 0.459 
0.032 0.991 0.087 0.960 0.994 
0.021 0.996 0.046 0.988 0.742 
0.037 0.989 0.048 0.988 0.990 
0.023 0.993 0.050 0.985 1.000 
0.022 0.994 0.101 0.965 0.994 
0.032 0.993 0.053 0.988 0.994 
0.026 0.991 0.057 0.983 0.987 
0.025 0.995 0.078 0.965 1.000 
0.026 0.993 0.041 0.988 0.971 
0.030 0.991 0.042 0.988 0.994 
0.021 0.995 0.050 0.988 0.532 
0.028 0.992 0.043 0.988 0.328 
0.026 0.994 0.094 0.960 0.997 
0.028 0.992 0.088 0.963 0.981 
0.027 0.993 0.070 0.973 0.943 
0.023 0.993 0.065 0.985 0.831 
0.030 0.990 0.043 0.993 0.796 
0.039 0.989 0.058 0.985 0.525 
0.026 0.992 0.065 0.985 0.064 
0.031 0.990 0.049 0.985 0.694 
0.018 0.994 0.039 0.985 0.545 
0.036 0.990 0.038 0.988 0.850 
0.034 0.992 0.055 0.985 0.118 
0.024 0.993 0.046 0.983 0.901 
0.022 0.993 0.041 0.988 0.710 
0.021 0.994 0.068 0.985 0.990 
0.027 0.991 0.049 0.988 0.927 
0.038 0.992 0.050 0.988 0.000 
0.026 0.993 0.048 0.988 0.274 
0.029 0.991 0.055 0.988 0.503 
0.031 0.993 0.061 0.983 0.557 
0.026 0.993 0.059 0.988 0.086 
0.022 0.995 0.047 0.988 0.000 
0.019 0.993 0.049 0.985 0.838 
0.035 0.990 0.046 0.988 0.003 
0.034 0.989 0.072 0.983 0.010 
0.026 0.992 0.048 0.990 0.000 
0.035 0.991 0.056 0.990 0.933 
0.023 0.995 0.065 0.973 0.946 
0.018 0.996 0.055 0.985 1.000 
0.026 0.992 0.047 0.988 0.978 
0.019 0.995 0.107 0.960 0.895 
0.029 0.991 0.041 0.988 0.971 
0.029 0.993 0.057 0.988 1.000 
0.032 0.992 0.045 0.988 1.000 
0.032 0.990 0.085 0.968 0.838 
0.028 0.993 0.045 0.985 0.981 
0.031 0.990 0.054 0.988 0.990 
0.028 0.990 0.075 0.983 0.557 
0.021 0.995 0.055 0.985 1.000 
0.022 0.995 0.046 0.988 1.000 
0.029 0.991 0.065 0.973 1.000 
0.024 0.992 0.059 0.983 0.914 
0.034 0.995 0.055 0.985 0.946 
0.026 0.991 0.072 0.975 0.968 
0.028 0.991 0.056 0.985 0.487 
0.017 0.995 0.159 0.953 1.000 
0.029 0.992 0.073 0.988 0.000 
0.020 0.993 0.036 0.990 0.341 
0.018 0.995 0.039 0.988 0.959 
0.024 0.993 0.054 0.985 0.000 
0.023 0.993 0.046 0.978 1.000 
0.018 0.995 0.036 0.988 0.029 
0.027 0.992 0.047 0.988 0.003 
0.017 0.995 0.054 0.985 1.000 
0.019 0.996 0.056 0.973 0.013 
0.023 0.994 0.036 0.988 0.869 
0.021 0.996 0.036 0.990 0.000 
0.028 0.994 0.039 0.990 0.780 
0.028 0.992 0.051 0.985 0.990 
0.016 0.994 0.047 0.988 1.000 
0.023 0.991 0.051 0.988 0.803 
0.026 0.993 0.045 0.990 0.898 
0.020 0.994 0.045 0.988 0.955 
0.027 0.993 0.050 0.988 0.946 
0.022 0.995 0.051 0.988 0.978 
0.030 0.994 0.052 0.983 0.631 
0.024 0.992 0.041 0.988 0.863 
0.024 0.992 0.052 0.988 0.879 
0.033 0.990 0.035 0.993 0.172 
0.016 0.995 0.033 0.990 0.697 
0.018 0.996 0.034 0.990 0.468 
0.028 0.993 0.041 0.990 0.115 
0.042 0.992 0.051 0.990 0.022 
0.018 0.995 0.097 0.970 0.904 
0.024 0.994 0.040 0.988 0.258 
0.025 0.994 0.052 0.990 0.006 
0.025 0.992 0.056 0.988 0.000 
0.018 0.995 0.080 0.985 0.280 
0.016 0.993 0.068 0.985 0.064 
0.020 0.997 0.042 0.990 0.061 
0.022 0.994 0.040 0.990 1.000 
0.025 0.995 0.139 0.985 0.701 
0.028 0.994 0.046 0.988 0.003 
0.025 0.993 0.029 0.993 0.557 
0.024 0.993 0.044 0.985 0.529 
0.015 0.997 0.066 0.970 0.389 
0.025 0.992 0.028 0.995 0.965 
0.028 0.992 0.045 0.988 0.994 
0.014 0.997 0.101 0.975 0.000 
0.023 0.993 0.035 0.990 0.064 
0.022 0.994 0.051 0.985 0.182 
0.020 0.992 0.026 0.990 0.000 
0.020 0.995 0.048 0.988 0.003 
0.024 0.995 0.085 0.963 1.000 
0.021 0.996 0.035 0.990 0.022 
0.020 0.992 0.056 0.973 0.962 
0.024 0.995 0.039 0.990 0.315 
0.024 0.992 0.035 0.990 0.013 
0.021 0.993 0.041 0.990 0.000 
0.013 0.997 0.049 0.988 0.952 
0.026 0.994 0.079 0.968 0.382 
0.029 0.990 0.091 0.960 0.997 
0.020 0.995 0.044 0.990 0.000 
0.019 0.995 0.041 0.990 0.892 
0.023 0.996 0.060 0.985 0.723 
0.021 0.994 0.045 0.983 0.000 
0.021 0.996 0.077 0.973 0.255 
0.020 0.995 0.074 0.980 0.710 
0.018 0.995 0.060 0.988 0.497 
0.019 0.995 0.034 0.993 0.920 
0.029 0.991 0.042 0.988 0.000 
0.030 0.991 0.048 0.988 0.156 
0.026 0.992 0.056 0.983 0.965 
0.015 0.998 0.029 0.988 0.994 
0.025 0.993 0.111 0.963 0.306 
0.025 0.992 0.096 0.960 0.911 
0.028 0.993 0.059 0.988 0.382 
0.019 0.993 0.019 0.995 1.000 
0.025 0.993 0.046 0.985 0.070 
0.023 0.995 0.043 0.993 1.000 
0.019 0.993 0.124 0.963 0.166 
0.019 0.994 0.059 0.988 0.000 
0.027 0.992 0.054 0.970 0.627 
0.024 0.991 0.039 0.988 1.000 
0.021 0.994 0.058 0.988 0.041 
0.016 0.995 0.061 0.973 0.783 
0.032 0.991 0.049 0.988 0.000 
0.022 0.992 0.038 0.990 0.825 
0.015 0.997 0.050 0.973 0.535 
0.019 0.995 0.030 0.990 0.000 
0.021 0.990 0.057 0.968 0.732 
0.021 0.995 0.072 0.968 0.965 
0.019 0.994 0.034 0.990 0.108 
0.014 0.995 0.043 0.988 0.000 
0.013 0.995 0.057 0.988 0.933 
0.020 0.994 0.074 0.988 0.096 
0.016 0.993 0.044 0.988 0.290 
0.022 0.994 0.046 0.988 0.054 
0.023 0.993 0.042 0.990 0.350 
0.027 0.996 0.087 0.975 0.003 
0.016 0.995 0.073 0.988 0.010 
0.017 0.996 0.082 0.970 0.303 
0.020 0.995 0.054 0.978 0.968 
0.020 0.995 0.041 0.993 1.000 
0.024 0.993 0.065 0.968 0.873 
0.019 0.993 0.079 0.960 0.994 
0.020 0.996 0.056 0.983 0.850 
0.011 0.997 0.071 0.983 0.000 
0.023 0.993 0.037 0.985 0.045 
0.023 0.992 0.133 0.958 0.000 
0.031 0.992 0.057 0.973 0.277 
0.021 0.995 0.041 0.990 0.022 
0.022 0.995 0.040 0.988 0.006 
0.023 0.993 0.042 0.988 1.000 
0.021 0.995 0.043 0.988 0.000 
0.024 0.994 0.043 0.988 0.000 
0.028 0.993 0.047 0.985 0.000 
0.012 0.996 0.025 0.990 0.268 
0.020 0.993 0.035 0.990 0.637 
0.031 0.992 0.044 0.985 0.025 
0.024 0.993 0.038 0.988 0.025 
0.016 0.997 0.039 0.988 0.003 
0.024 0.995 0.044 0.990 0.035 
0.022 0.995 0.053 0.988 0.010 
0.022 0.994 0.036 0.990 0.213 
0.014 0.996 0.047 0.985 0.006 
0.022 0.993 0.058 0.980 0.503 
0.022 0.994 0.086 0.963 0.917 
0.020 0.993 0.042 0.985 0.280 
0.021 0.996 0.037 0.988 0.029 
0.021 0.995 0.082 0.970 0.000 
0.026 0.992 0.050 0.988 0.029 
0.020 0.992 0.064 0.988 0.092 
0.016 0.996 0.051 0.988 0.000 
0.022 0.995 0.044 0.988 0.790 
0.022 0.995 0.045 0.988 0.054 
0.016 0.996 0.038 0.988 0.010 
0.021 0.994 0.042 0.988 0.204 
0.013 0.995 0.071 0.983 0.006 
0.027 0.990 0.040 0.990 0.010 
0.030 0.993 0.040 0.990 0.006 
0.021 0.994 0.072 0.985 0.006 
0.022 0.994 0.040 0.988 0.010 
0.020 0.996 0.047 0.983 0.025 
0.012 0.996 0.033 0.990 0.252 
0.026 0.993 0.045 0.990 0.010 
0.019 0.994 0.049 0.988 0.455 
0.019 0.993 0.031 0.988 0.006 
0.022 0.994 0.042 0.990 0.083 
0.024 0.993 0.040 0.988 0.006 
0.022 0.994 0.054 0.980 0.000 
0.012 0.996 0.046 0.985 0.146 
0.016 0.995 0.035 0.988 0.006 
0.016 0.994 0.024 0.990 0.010 
0.022 0.995 0.055 0.988 0.019 
0.018 0.997 0.034 0.993 0.787 
0.022 0.995 0.051 0.985 0.006 
0.012 0.997 0.026 0.990 0.032 
0.027 0.992 0.053 0.978 0.892 
0.015 0.995 0.040 0.985 0.971 
0.021 0.996 0.066 0.988 0.089 
0.038 0.992 0.066 0.983 0.019 
0.020 0.994 0.082 0.983 1.000 
0.035 0.992 0.068 0.983 0.322 
0.025 0.993 0.071 0.978 0.127 
0.017 0.997 0.068 0.988 0.771 
0.019 0.994 0.048 0.988 0.936 
0.020 0.996 0.059 0.988 1.000 
0.020 0.993 0.029 0.990 0.347 
0.017 0.995 0.038 0.990 0.984 
0.022 0.992 0.042 0.988 0.990 
0.018 0.995 0.046 0.990 1.000 
0.017 0.995 0.041 0.990 0.939 
0.014 0.995 0.082 0.988 0.000 
0.020 0.993 0.055 0.990 0.459 
0.019 0.994 0.033 0.990 0.003 
0.016 0.994 0.034 0.990 0.366 
0.022 0.994 0.032 0.990 0.000 
0.015 0.996 0.045 0.985 1.000 
0.026 0.993 0.036 0.990 0.987 
0.019 0.994 0.062 0.970 0.583 
0.009 0.999 0.037 0.988 0.691 
0.018 0.995 0.061 0.973 0.003 
0.023 0.993 0.035 0.988 0.016 
0.017 0.995 0.055 0.980 0.070 
0.020 0.995 0.069 0.970 0.815 
0.041 0.992 0.065 0.990 0.516 
0.030 0.993 0.068 0.983 0.439 
0.012 0.996 0.047 0.988 0.959 
0.026 0.992 0.041 0.990 0.828 
0.016 0.996 0.069 0.968 0.978 
0.012 0.995 0.074 0.988 0.551 
0.022 0.992 0.041 0.988 0.761 
0.020 0.992 0.030 0.990 1.000 
0.013 0.996 0.054 0.990 0.248 
0.022 0.996 0.043 0.988 0.010 
0.037 0.992 0.083 0.963 0.487 
0.017 0.994 0.044 0.975 0.697 
0.017 0.995 0.061 0.975 0.605 
0.021 0.992 0.051 0.988 0.643 
0.017 0.995 0.076 0.963 0.822 
0.032 0.993 0.062 0.985 0.025 
0.015 0.996 0.038 0.990 0.984 
0.037 0.990 0.152 0.932 0.739 
0.019 0.993 0.045 0.985 0.006 
0.021 0.993 0.085 0.988 0.010 
0.017 0.995 0.072 0.968 0.389 
0.014 0.994 0.041 0.990 0.006 
0.014 0.995 0.109 0.973 0.433 
0.034 0.996 0.071 0.988 0.003 
0.010 0.996 0.090 0.988 0.010 
0.023 0.995 0.077 0.975 0.016 
0.026 0.993 0.083 0.983 0.006 
0.010 0.998 0.075 0.988 0.140 
0.012 0.998 0.037 0.990 0.022 
0.020 0.995 0.034 0.988 0.971 
0.019 0.996 0.036 0.993 0.433 
0.029 0.993 0.047 0.988 0.758 
0.020 0.995 0.035 0.993 0.013 
0.021 0.993 0.062 0.975 0.003 
0.023 0.996 0.040 0.993 0.452 
0.019 0.993 0.028 0.993 0.010 
0.016 0.994 0.044 0.990 0.522 
0.018 0.996 0.090 0.975 0.239 
0.021 0.992 0.035 0.990 0.392 
0.029 0.993 0.045 0.993 0.045 
0.014 0.995 0.028 0.993 0.010 
0.019 0.996 0.040 0.990 1.000 
0.037 0.993 0.139 0.975 0.494 
0.022 0.995 0.129 0.958 1.000 
0.022 0.994 0.079 0.975 0.771 
0.020 0.995 0.086 0.990 0.000 
0.010 0.997 0.070 0.965 1.000 
0.006 0.999 0.069 0.978 0.006 
0.020 0.995 0.052 0.978 0.936 
0.024 0.994 0.090 0.968 0.981 
0.019 0.994 0.040 0.988 0.016 
0.022 0.995 0.043 0.985 0.971 
0.022 0.993 0.082 0.960 1.000 
0.013 0.998 0.032 0.990 0.729 
0.016 0.995 0.091 0.973 1.000 
0.022 0.993 0.101 0.963 1.000 
0.019 0.993 0.059 0.988 0.032 
0.025 0.995 0.089 0.978 0.828 
0.019 0.994 0.041 0.990 0.035 
0.029 0.993 0.075 0.988 0.000 
0.020 0.993 0.045 0.978 0.401 
0.013 0.997 0.099 0.975 0.373 
0.024 0.994 0.055 0.978 0.841 
0.022 0.993 0.064 0.978 0.022 
0.016 0.996 0.037 0.990 0.299 
0.010 0.996 0.072 0.990 0.000 
0.035 0.992 0.077 0.988 0.025 
0.023 0.994 0.068 0.990 0.006 
0.013 0.995 0.068 0.985 0.029 
0.012 0.997 0.058 0.988 0.013 
0.018 0.995 0.075 0.988 1.000 
0.015 0.995 0.094 0.988 1.000 
0.014 0.996 0.082 0.990 0.666 
0.024 0.994 0.054 0.990 0.525 
0.022 0.993 0.091 0.958 1.000 
0.015 0.993 0.080 0.968 0.952 
0.023 0.992 0.052 0.983 0.997 
0.020 0.993 0.030 0.990 1.000 
0.022 0.995 0.054 0.990 0.971 
0.020 0.995 0.054 0.990 1.000 
0.030 0.994 0.068 0.968 1.000 
0.021 0.995 0.059 0.985 0.984 
0.014 0.995 0.057 0.990 0.854 
0.016 0.995 0.080 0.988 0.936 
0.013 0.996 0.116 0.988 1.000 
0.011 0.996 0.088 0.988 1.000 
0.020 0.995 0.135 0.990 0.532 
0.026 0.996 0.078 0.988 0.994 
0.019 0.995 0.052 0.978 1.000 
0.027 0.994 0.263 0.983 0.000 
0.038 0.993 0.046 0.988 1.000 
0.013 0.996 0.042 0.988 0.959 
0.014 0.996 0.107 0.988 1.000 
0.019 0.996 0.046 0.988 0.994 
0.028 0.993 0.085 0.970 1.000 
0.015 0.993 0.095 0.978 0.889 
0.011 0.997 0.143 0.965 0.790 
0.016 0.995 0.050 0.990 0.904 
0.038 0.995 0.116 0.990 0.010 
0.015 0.996 0.046 0.993 0.927 
0.018 0.994 0.047 0.990 0.497 
0.020 0.994 0.078 0.985 0.994 
0.013 0.995 0.027 0.993 0.672 
0.014 0.996 0.028 0.993 1.000 
0.018 0.996 0.111 0.973 0.010 
0.012 0.996 0.023 0.995 0.134 
0.025 0.993 0.030 0.988 0.838 
0.021 0.994 0.023 0.993 0.984 
0.012 0.996 0.088 0.983 0.729 
0.014 0.995 0.115 0.990 0.369 
0.029 0.992 0.033 0.990 0.271 
0.025 0.993 0.045 0.988 0.003 
0.018 0.994 0.030 0.993 0.901 
0.015 0.996 0.057 0.970 0.392 
0.016 0.994 0.059 0.988 0.016 
0.021 0.996 0.035 0.990 0.411 
0.016 0.993 0.133 0.988 0.153 
0.016 0.996 0.027 0.993 0.978 
0.013 0.996 0.107 0.990 0.019 
0.015 0.997 0.055 0.970 0.841 
0.019 0.995 0.134 0.965 0.920 
0.017 0.994 0.088 0.988 0.019 
0.016 0.995 0.109 0.985 0.615 
0.013 0.996 0.098 0.975 0.745 
0.023 0.994 0.096 0.970 0.793 
0.010 0.998 0.084 0.973 0.968 
0.017 0.995 0.122 0.975 0.239 
0.019 0.994 0.058 0.970 0.713 
0.012 0.995 0.082 0.965 0.952 
0.023 0.992 0.059 0.973 1.000 
0.021 0.995 0.143 0.965 0.656 
0.011 0.997 0.113 0.990 0.025 
0.027 0.994 0.093 0.988 0.694 
0.019 0.996 0.129 0.988 0.057 
0.008 0.998 0.031 0.993 0.936 
0.008 0.995 0.091 0.990 0.949 
0.019 0.995 0.077 0.990 0.911 
0.024 0.993 0.066 0.988 0.704 
0.022 0.992 0.078 0.963 0.178 
0.019 0.996 0.061 0.970 0.146 
0.017 0.995 0.028 0.993 0.570 
0.019 0.993 0.097 0.960 1.000 
0.022 0.993 0.052 0.990 0.863 
0.011 0.995 0.049 0.975 0.876 
0.014 0.995 0.062 0.990 0.720 
0.019 0.996 0.053 0.978 0.006 
0.014 0.995 0.117 0.975 0.736 
0.017 0.996 0.069 0.990 0.127 
0.022 0.996 0.088 0.975 0.713 
0.010 0.996 0.082 0.975 0.978 
0.017 0.994 0.055 0.988 0.185 
0.010 0.997 0.092 0.988 0.080 
0.017 0.996 0.039 0.990 0.417 
0.039 0.993 0.094 0.968 1.000 
0.019 0.998 0.101 0.973 0.777 
0.015 0.995 0.054 0.978 0.978 
0.020 0.995 0.069 0.975 0.140 
0.022 0.994 0.103 0.975 0.535 
0.019 0.995 0.052 0.990 0.752 
0.012 0.996 0.103 0.975 0.838 
0.007 0.999 0.030 0.993 0.952 
0.030 0.993 0.190 0.935 1.000 
0.008 0.998 0.080 0.988 0.061 
0.021 0.994 0.062 0.973 0.796 
0.018 0.993 0.046 0.988 0.933 
0.012 0.996 0.111 0.988 0.987 
0.020 0.995 0.039 0.993 0.108 
0.024 0.993 0.078 0.985 0.076 
0.035 0.992 0.110 0.968 0.309 
0.019 0.994 0.082 0.973 0.860 
0.018 0.995 0.065 0.970 0.939 
0.011 0.998 0.096 0.973 0.952 
0.022 0.993 0.047 0.988 0.955 
0.017 0.996 0.039 0.990 0.624 
0.021 0.993 0.101 0.958 0.981 
0.019 0.995 0.049 0.988 1.000 
0.022 0.994 0.100 0.968 0.067 
0.020 0.991 0.077 0.988 0.634 
0.018 0.995 0.037 0.993 0.962 
0.017 0.994 0.152 0.970 0.013 
0.018 0.995 0.078 0.978 0.994 
0.038 0.990 0.082 0.975 0.010 
0.017 0.996 0.049 0.980 1.000 
0.048 0.992 0.083 0.970 0.939 
0.011 0.998 0.082 0.975 0.850 
0.007 0.998 0.041 0.990 0.694 
0.019 0.993 0.058 0.990 0.115 
0.011 0.995 0.050 0.990 0.000 
0.004 0.998 0.026 0.990 0.006 
0.033 0.996 0.097 0.973 0.624 
0.020 0.995 0.077 0.975 0.818 
0.011 0.996 0.107 0.960 1.000 
0.021 0.991 0.117 0.965 0.003 
0.018 0.992 0.072 0.975 0.994 
0.014 0.996 0.093 0.975 0.994 
0.013 0.995 0.033 0.990 0.866 
0.015 0.996 0.046 0.988 0.156 
0.009 0.998 0.054 0.988 0.006 
0.020 0.995 0.089 0.990 0.293 
0.020 0.995 0.139 0.988 0.000 
0.022 0.995 0.090 0.988 0.404 
0.019 0.994 0.099 0.975 0.745 
0.014 0.996 0.103 0.988 0.780 
0.015 0.996 0.096 0.973 0.111 
0.039 0.992 0.208 0.975 1.000 
0.048 0.991 0.057 0.988 1.000 
0.016 0.995 0.082 0.990 0.061 
0.011 0.995 0.091 0.985 0.901 
0.017 0.995 0.081 0.985 1.000 
0.015 0.995 0.041 0.988 0.487 
0.015 0.997 0.088 0.988 0.659 
0.010 0.996 0.143 0.988 0.290 
0.017 0.995 0.031 0.990 0.318 
0.018 0.995 0.054 0.970 0.194 
0.037 0.994 0.138 0.985 0.099 
0.013 0.995 0.100 0.960 0.997 
0.012 0.996 0.040 0.985 0.462 
0.017 0.996 0.038 0.988 0.019 
0.011 0.998 0.046 0.988 0.949 
0.025 0.994 0.040 0.988 0.978 
0.020 0.994 0.028 0.990 0.666 
0.012 0.996 0.036 0.990 0.057 
0.013 0.996 0.035 0.990 0.672 
0.012 0.998 0.120 0.960 0.169 
0.017 0.996 0.045 0.988 0.768 
0.008 0.998 0.069 0.990 0.640 
0.015 0.996 0.090 0.973 1.000 
0.034 0.993 0.042 0.990 0.137 
0.021 0.994 0.036 0.990 0.487 
0.009 0.996 0.075 0.985 0.010 
0.024 0.996 0.044 0.990 0.634 
0.018 0.995 0.063 0.968 0.994 
0.013 0.996 0.043 0.990 0.038 
0.013 0.995 0.067 0.985 0.006 
0.024 0.992 0.070 0.965 1.000 
0.015 0.999 0.051 0.988 1.000 
0.011 0.997 0.097 0.973 0.889 
0.029 0.991 0.055 0.975 1.000 
0.012 0.995 0.046 0.988 0.828 
0.025 0.993 0.042 0.988 0.990 
0.014 0.996 0.037 0.990 0.857 
0.015 0.996 0.050 0.978 0.825 
0.015 0.995 0.125 0.988 0.086 
0.015 0.996 0.170 0.963 0.545 
0.017 0.995 0.079 0.988 0.070 
0.026 0.994 0.107 0.990 0.793 
0.030 0.992 0.132 0.970 0.255 
0.013 0.995 0.181 0.983 0.436 
0.012 0.995 0.155 0.985 0.650 
0.026 0.993 0.082 0.975 0.417 
0.029 0.993 0.132 0.968 0.717 
0.012 0.995 0.093 0.990 0.312 
0.013 0.995 0.097 0.988 0.682 
0.038 0.995 0.061 0.985 1.000 
0.010 0.993 0.108 0.990 1.000 
0.017 0.996 0.072 0.988 0.796 
0.011 0.996 0.107 0.988 0.541 
0.018 0.995 0.096 0.988 0.924 
0.011 0.996 0.048 0.990 0.564 
0.017 0.994 0.085 0.988 0.299 
0.025 0.995 0.042 0.988 0.831 
0.025 0.995 0.075 0.970 1.000 
0.007 0.998 0.029 0.993 0.602 
0.021 0.995 0.074 0.983 0.010 
0.019 0.995 0.084 0.988 0.717 
0.016 0.994 0.073 0.988 0.943 
0.015 0.998 0.113 0.960 0.513 
0.024 0.993 0.101 0.968 0.904 
0.021 0.995 0.091 0.963 0.939 
0.016 0.994 0.100 0.988 0.006 
0.013 0.995 0.060 0.973 1.000 
0.015 0.996 0.102 0.973 0.901 
0.010 0.998 0.081 0.988 0.764 
0.014 0.996 0.074 0.965 0.844 
0.019 0.995 0.125 0.963 0.013 
0.026 0.994 0.189 0.950 0.838 
0.042 0.990 0.076 0.988 0.032 
0.011 0.995 0.181 0.985 0.016 
0.017 0.993 0.233 0.988 0.525 
0.028 0.992 0.104 0.960 0.627 
0.010 0.995 0.100 0.988 0.032 
0.013 0.997 0.070 0.988 0.350 
0.011 0.995 0.081 0.988 0.869 
0.014 0.996 0.097 0.988 0.083 
0.013 0.996 0.165 0.988 0.086 
0.019 0.995 0.040 0.988 1.000 
0.062 0.988 0.088 0.983 0.994 
0.011 0.996 0.082 0.983 1.000 
0.009 0.998 0.137 0.985 0.904 
0.007 0.997 0.096 0.988 0.994 
0.026 0.996 0.061 0.988 0.930 
0.023 0.994 0.071 0.978 0.994 
0.007 0.998 0.028 0.990 0.971 
0.059 0.992 0.104 0.970 0.025 
0.038 0.993 0.117 0.958 0.946 
0.017 0.997 0.077 0.973 0.994 
0.019 0.994 0.059 0.975 1.000 
0.025 0.996 0.078 0.988 0.758 
0.016 0.995 0.111 0.965 1.000 
0.015 0.993 0.072 0.983 1.000 
0.018 0.996 0.054 0.985 0.930 
0.008 0.998 0.106 0.988 0.838 
0.019 0.992 0.106 0.963 0.994 
0.019 0.995 0.104 0.960 1.000 
0.012 0.997 0.112 0.960 1.000 
0.015 0.996 0.040 0.990 1.000 
0.017 0.995 0.071 0.965 0.994 
0.020 0.993 0.059 0.985 0.162 
0.016 0.995 0.035 0.988 0.787 
0.023 0.993 0.100 0.985 0.971 
0.006 0.999 0.098 0.990 0.955 
0.027 0.994 0.110 0.988 0.854 
0.011 0.997 0.080 0.988 1.000 
0.019 0.993 0.082 0.985 0.994 
0.013 0.996 0.100 0.988 0.911 
0.009 0.996 0.052 0.988 1.000 
0.020 0.995 0.040 0.988 1.000 
0.021 0.995 0.037 0.990 1.000 
0.014 0.996 0.102 0.988 0.994 
0.029 0.993 0.144 0.988 0.666 
0.024 0.996 0.101 0.985 0.443 
0.017 0.993 0.233 0.945 0.131 
0.012 0.998 0.154 0.953 0.545 
0.024 0.993 0.111 0.985 0.548 
0.011 0.996 0.157 0.968 0.694 
0.016 0.994 0.266 0.968 0.010 
0.015 0.996 0.038 0.988 0.006 
0.015 0.995 0.037 0.988 0.857 
0.015 0.996 0.089 0.983 0.010 
0.009 0.997 0.081 0.965 0.997 
0.014 0.995 0.033 0.988 0.917 
0.018 0.994 0.096 0.988 0.010 
0.014 0.995 0.115 0.983 0.038 
0.009 0.998 0.048 0.985 0.812 
0.007 0.997 0.067 0.990 0.274 
0.015 0.996 0.143 0.985 0.322 
0.025 0.993 0.158 0.985 0.092 
0.017 0.995 0.175 0.985 0.070 
0.012 0.996 0.107 0.985 0.293 
0.015 0.996 0.226 0.963 0.631 
0.027 0.994 0.112 0.975 1.000 
0.041 0.992 0.184 0.953 1.000 
0.018 0.993 0.102 0.973 1.000 
0.025 0.993 0.111 0.985 1.000 
0.015 0.996 0.173 0.983 0.997 
0.010 0.995 0.183 0.988 1.000 
0.010 0.997 0.231 0.988 0.946 
0.014 0.997 0.163 0.988 0.990 
0.018 0.995 0.158 0.983 0.984 
0.019 0.995 0.099 0.985 1.000 
0.010 0.996 0.050 0.985 1.000 
0.009 0.997 0.116 0.988 1.000 
0.014 0.996 0.161 0.960 1.000 
0.028 0.992 0.053 0.985 1.000 
0.013 0.995 0.152 0.973 1.000 
0.015 0.996 0.275 0.955 0.994 
0.030 0.996 0.264 0.953 1.000 
0.014 0.995 0.107 0.988 0.978 
0.014 0.996 0.127 0.990 0.806 
0.018 0.995 0.348 0.958 0.357 
0.021 0.997 0.244 0.968 0.016 
0.018 0.993 0.138 0.985 1.000 
0.021 0.993 0.173 0.955 1.000 
0.018 0.995 0.227 0.963 1.000 
0.030 0.991 0.197 0.958 0.936 
0.017 0.996 0.186 0.960 1.000 
0.009 0.998 0.191 0.968 1.000 
0.012 0.996 0.231 0.983 0.739 
0.048 0.993 0.395 0.968 0.010 
0.008 0.997 0.375 0.953 0.761 
0.018 0.994 0.081 0.985 1.000 
0.012 0.996 0.138 0.988 0.029 
0.018 0.995 0.144 0.985 0.529 
0.009 0.996 0.141 0.990 0.360 
0.023 0.995 0.074 0.983 0.968 
0.015 0.995 0.051 0.988 1.000 
0.020 0.994 0.142 0.988 0.207 
0.011 0.997 0.148 0.988 0.968 
0.024 0.997 0.116 0.988 0.978 
0.016 0.994 0.107 0.983 1.000 
0.024 0.996 0.094 0.978 1.000 
0.011 0.996 0.036 0.985 1.000 
0.014 0.995 0.104 0.985 0.771 
0.013 0.997 0.032 0.988 1.000 
0.015 0.997 0.136 0.965 0.541 
0.014 0.996 0.150 0.983 0.930 
0.010 0.996 0.100 0.988 1.000 
0.013 0.996 0.144 0.985 0.984 
0.020 0.993 0.072 0.988 0.997 
0.015 0.997 0.112 0.983 1.000 
0.018 0.993 0.216 0.988 0.003 
0.025 0.994 0.064 0.988 0.739 
0.014 0.996 0.057 0.988 0.987 
0.009 0.996 0.073 0.988 0.064 
0.014 0.996 0.085 0.988 0.471 
0.008 0.998 0.085 0.970 0.994 
0.010 0.996 0.108 0.988 1.000 
0.014 0.994 0.159 0.963 0.812 
0.020 0.995 0.054 0.985 0.984 
0.012 0.995 0.039 0.988 0.876 
0.019 0.995 0.092 0.965 0.987 
0.011 0.997 0.068 0.990 0.917 
0.019 0.993 0.039 0.990 0.854 
0.021 0.995 0.079 0.988 0.010 
0.022 0.993 0.033 0.993 0.099 
0.026 0.996 0.175 0.960 0.688 
0.015 0.996 0.125 0.968 0.876 
0.014 0.995 0.118 0.970 0.994 
0.016 0.994 0.220 0.965 0.334 
0.023 0.996 0.064 0.968 0.965 
0.016 0.995 0.049 0.988 0.898 
0.010 0.996 0.031 0.990 0.417 
0.019 0.994 0.071 0.988 0.611 
0.017 0.996 0.089 0.968 0.006 
0.010 0.996 0.041 0.990 0.764 
0.012 0.995 0.032 0.993 0.844 
0.010 0.997 0.043 0.990 0.946 
0.028 0.995 0.042 0.990 0.984 
0.015 0.998 0.075 0.988 0.933 
0.012 0.996 0.069 0.988 0.475 
0.012 0.996 0.067 0.975 0.975 
0.024 0.993 0.122 0.970 0.990 
0.018 0.996 0.040 0.988 1.000 
0.017 0.993 0.080 0.985 0.997 
0.028 0.993 0.070 0.988 0.994 
0.008 0.997 0.097 0.988 0.271 
0.015 0.994 0.054 0.988 1.000 
0.025 0.993 0.047 0.988 0.089 
0.015 0.995 0.170 0.963 0.997 
0.009 0.996 0.120 0.988 0.987 
0.016 0.994 0.033 0.990 0.873 
0.020 0.995 0.032 0.990 0.990 
0.009 0.996 0.029 0.993 0.882 
0.048 0.995 0.302 0.953 1.000 
0.011 0.996 0.247 0.985 0.994 
0.015 0.997 0.130 0.968 0.994 
0.016 0.994 0.189 0.988 0.013 
0.010 0.996 0.155 0.988 0.847 
0.007 0.998 0.230 0.988 0.029 
0.012 0.998 0.052 0.988 1.000 
0.021 0.995 0.067 0.985 0.608 
0.016 0.996 0.118 0.958 0.997 
0.028 0.994 0.063 0.983 1.000 
0.012 0.996 0.097 0.988 0.057 
0.013 0.996 0.089 0.988 0.516 
0.024 0.995 0.093 0.988 0.990 
0.012 0.996 0.083 0.988 0.532 
0.019 0.994 0.077 0.988 1.000 
0.011 0.996 0.188 0.958 1.000 
0.021 0.995 0.085 0.985 0.984 
0.015 0.996 0.045 0.988 0.385 
0.032 0.996 0.053 0.990 0.978 
0.013 0.995 0.092 0.985 0.322 
0.007 0.995 0.059 0.988 0.194 
0.009 0.996 0.030 0.993 0.497 
0.018 0.996 0.036 0.990 0.086 
0.015 0.996 0.028 0.990 0.987 
0.032 0.991 0.042 0.985 0.990 
0.023 0.995 0.087 0.988 0.997 
0.021 0.993 0.050 0.988 0.997 
0.006 0.998 0.076 0.988 0.987 
0.018 0.994 0.064 0.988 0.904 
0.009 0.998 0.023 0.990 1.000 
0.008 0.998 0.034 0.988 0.809 
0.010 0.998 0.023 0.993 0.182 
0.012 0.997 0.119 0.988 0.258 
0.016 0.995 0.088 0.988 0.223 
0.029 0.996 0.107 0.980 0.882 
0.018 0.996 0.089 0.985 0.452 
0.018 0.995 0.095 0.988 0.006 
0.013 0.997 0.084 0.985 0.408 
0.020 0.996 0.102 0.988 0.076 
0.021 0.994 0.063 0.990 0.051 
0.012 0.997 0.050 0.985 0.968 
0.024 0.994 0.056 0.973 1.000 
0.018 0.996 0.143 0.988 0.994 
0.013 0.996 0.113 0.990 0.258 
0.008 0.998 0.151 0.975 0.229 
0.012 0.997 0.189 0.975 0.006 
0.015 0.995 0.156 0.965 1.000 
0.014 0.996 0.195 0.960 1.000 
0.011 0.996 0.268 0.988 0.000 
0.012 0.996 0.210 0.988 0.990 
0.014 0.996 0.412 0.980 0.000 
0.014 0.995 0.028 0.993 0.761 
0.016 0.995 0.059 0.990 0.000 
0.062 0.993 0.214 0.985 0.000 
0.019 0.996 0.110 0.988 0.169 
0.014 0.996 0.140 0.988 0.860 
0.014 0.997 0.096 0.983 1.000 
0.010 0.997 0.084 0.988 0.917 
0.009 0.997 0.089 0.988 1.000 
0.028 0.995 0.096 0.968 0.968 
0.012 0.997 0.166 0.988 0.908 
0.014 0.995 0.177 0.970 0.022 
0.015 0.998 0.089 0.988 0.013 
0.013 0.996 0.086 0.988 0.701 
0.018 0.993 0.073 0.988 0.000 
0.013 0.995 0.109 0.970 0.990 
0.012 0.995 0.185 0.985 0.812 
0.012 0.995 0.173 0.988 0.873 
0.023 0.993 0.071 0.988 0.994 
0.014 0.996 0.116 0.988 0.831 
0.012 0.997 0.152 0.988 0.000 
0.016 0.997 0.129 0.983 0.955 
0.011 0.998 0.187 0.988 0.019 
0.014 0.997 0.207 0.988 0.726 
0.039 0.994 0.198 0.963 0.990 
0.032 0.994 0.232 0.985 0.000 
0.010 0.996 0.417 0.985 0.000 
0.018 0.995 0.348 0.970 0.255 
0.030 0.995 0.147 0.988 0.997 
0.029 0.996 0.211 0.985 0.955 
0.024 0.996 0.100 0.988 0.223 
0.009 0.997 0.090 0.978 0.981 
0.017 0.995 0.060 0.988 0.449 
0.012 0.998 0.081 0.990 0.898 
0.018 0.993 0.151 0.985 0.777 
0.014 0.996 0.143 0.965 0.032 
0.009 0.998 0.110 0.988 0.032 
0.024 0.994 0.126 0.980 0.080 
0.007 0.997 0.150 0.955 0.997 
0.016 0.995 0.066 0.988 0.003 
0.007 0.997 0.136 0.985 0.038 
0.012 0.996 0.081 0.990 0.000 
0.013 0.996 0.125 0.988 0.057 
0.010 0.996 0.189 0.985 0.392 
0.029 0.995 0.443 0.948 0.000 
0.022 0.993 0.217 0.985 0.089 
0.009 0.998 0.265 0.990 0.003 
0.006 0.998 0.347 0.970 0.003 
0.027 0.993 0.280 0.990 0.000 
0.022 0.995 0.103 0.985 0.908 
0.008 0.998 0.101 0.990 0.755 
0.024 0.994 0.120 0.983 0.217 
0.020 0.995 0.107 0.988 0.016 
0.006 0.998 0.102 0.990 0.096 
0.023 0.995 0.124 0.983 0.000 
0.012 0.995 0.056 0.988 0.041 
0.019 0.994 0.101 0.990 0.000 
0.014 0.994 0.071 0.988 0.006 
0.015 0.995 0.075 0.983 0.545 
0.013 0.996 0.096 0.968 0.010 
0.024 0.993 0.093 0.968 0.022 
0.013 0.993 0.108 0.985 0.076 
0.010 0.998 0.036 0.993 0.006 
0.022 0.996 0.105 0.958 0.720 
0.006 0.999 0.088 0.983 0.086 
0.008 0.997 0.050 0.988 0.019 
0.026 0.995 0.103 0.985 0.000 
0.017 0.998 0.065 0.968 0.994 
0.012 0.996 0.763 0.958 0.029 
0.044 0.993 0.119 0.983 0.287 
0.016 0.996 0.206 0.988 0.000 
0.023 0.994 0.272 0.990 0.010 
0.010 0.996 0.271 0.990 0.449 
0.026 0.996 0.168 0.970 0.911 
0.010 0.996 0.179 0.978 0.010 
0.010 0.997 0.230 0.973 0.000 
0.017 0.997 0.292 0.988 0.000 
0.016 0.995 0.253 0.980 0.003 
0.021 0.994 0.160 0.955 0.443 
0.012 0.997 0.070 0.990 0.006 
0.014 0.997 0.055 0.990 0.003 
0.016 0.995 0.193 0.980 0.000 
0.009 0.998 0.176 0.988 0.000 
0.018 0.995 0.143 0.980 0.153 
0.013 0.996 0.041 0.988 0.873 
0.012 0.996 0.172 0.983 0.000 
0.014 0.996 0.146 0.968 0.529 
0.022 0.993 0.035 0.993 0.704 
0.006 0.998 0.143 0.988 0.000 
0.017 0.994 0.049 0.988 0.003 
0.030 0.995 0.133 0.990 0.010 
0.010 0.996 0.158 0.988 0.000 
0.013 0.996 0.071 0.983 0.006 
0.017 0.994 0.052 0.983 0.003 
0.018 0.995 0.038 0.990 0.003 
0.014 0.996 0.048 0.990 0.006 
0.012 0.995 0.066 0.988 0.166 
0.012 0.996 0.095 0.988 0.000 
0.021 0.993 0.064 0.988 0.013 
0.019 0.996 0.082 0.988 0.010 
0.018 0.994 0.070 0.985 0.038 
0.014 0.995 0.038 0.990 0.000 
0.012 0.996 0.034 0.990 0.061 
0.014 0.995 0.040 0.990 0.000 
0.015 0.996 0.054 0.988 0.000 
0.007 0.998 0.167 0.988 0.596 
0.025 0.992 0.158 0.988 0.006 
0.014 0.995 0.116 0.975 0.239 
0.022 0.994 0.057 0.975 0.073 
0.011 0.995 0.036 0.990 0.188 
0.014 0.996 0.043 0.990 0.010 
0.008 0.997 0.050 0.990 0.057 
0.011 0.996 0.097 0.953 0.987 
0.023 0.994 0.067 0.988 0.006 
0.030 0.997 0.054 0.983 0.108 
0.010 0.996 0.067 0.990 0.010 
0.014 0.995 0.061 0.983 0.000 
0.013 0.997 0.041 0.990 0.003 
0.015 0.996 0.046 0.988 0.010 
0.016 0.996 0.037 0.990 0.812 
0.034 0.992 0.036 0.993 0.000 
0.012 0.997 0.044 0.993 0.908 
0.013 0.993 0.034 0.990 0.261 
0.011 0.996 0.103 0.990 0.000 
