0.390 0.843 0.134 0.965 0.481 
0.293 0.886 0.165 0.955 0.330 
0.244 0.905 0.143 0.965 0.500 
0.233 0.922 0.197 0.927 0.423 
0.240 0.912 0.149 0.975 0.708 
0.211 0.920 0.129 0.965 0.734 
0.217 0.918 0.182 0.943 0.718 
0.189 0.932 0.118 0.963 0.638 
0.185 0.935 0.153 0.958 0.654 
0.171 0.945 0.133 0.955 0.865 
0.167 0.942 0.142 0.978 0.881 
0.171 0.935 0.105 0.973 0.853 
0.164 0.945 0.119 0.978 0.785 
0.167 0.945 0.121 0.973 0.731 
0.164 0.943 0.191 0.978 0.913 
0.164 0.943 0.114 0.980 0.907 
0.140 0.954 0.128 0.970 0.853 
0.158 0.941 0.140 0.965 0.926 
0.140 0.955 0.125 0.980 0.862 
0.159 0.941 0.143 0.953 0.869 
0.152 0.952 0.140 0.968 0.843 
0.145 0.949 0.112 0.985 0.917 
0.131 0.955 0.139 0.965 0.939 
0.138 0.955 0.113 0.968 0.878 
0.131 0.957 0.107 0.975 0.821 
0.135 0.955 0.118 0.973 0.936 
0.140 0.955 0.126 0.973 0.946 
0.123 0.960 0.100 0.963 0.849 
0.139 0.952 0.100 0.975 0.936 
0.124 0.959 0.094 0.975 0.933 
0.140 0.952 0.099 0.975 0.917 
0.130 0.958 0.097 0.973 0.929 
0.123 0.960 0.105 0.970 0.881 
0.137 0.956 0.140 0.980 0.952 
0.122 0.956 0.111 0.973 0.933 
0.101 0.964 0.128 0.970 0.958 
0.131 0.956 0.116 0.968 0.878 
0.117 0.964 0.131 0.983 0.949 
0.120 0.961 0.088 0.970 0.923 
0.119 0.961 0.097 0.978 0.920 
0.105 0.966 0.098 0.980 0.942 
0.123 0.960 0.091 0.983 0.881 
0.114 0.957 0.083 0.988 0.923 
0.117 0.963 0.118 0.965 0.939 
0.107 0.964 0.112 0.955 0.859 
0.116 0.962 0.104 0.985 0.929 
0.104 0.964 0.088 0.975 0.897 
0.095 0.966 0.112 0.973 0.952 
0.110 0.960 0.099 0.983 0.936 
0.110 0.964 0.078 0.980 0.929 
0.104 0.962 0.138 0.980 0.926 
0.100 0.966 0.151 0.975 0.958 
0.098 0.968 0.104 0.983 0.939 
0.106 0.960 0.101 0.983 0.923 
0.111 0.963 0.111 0.980 0.939 
0.100 0.965 0.091 0.980 0.942 
0.087 0.971 0.111 0.988 0.939 
0.087 0.973 0.096 0.985 0.875 
0.101 0.965 0.103 0.978 0.910 
0.089 0.971 0.163 0.978 0.952 
0.098 0.965 0.092 0.978 0.946 
0.097 0.966 0.086 0.978 0.888 
0.098 0.962 0.089 0.985 0.907 
0.091 0.969 0.131 0.978 0.926 
0.093 0.973 0.077 0.983 0.904 
0.099 0.968 0.082 0.975 0.913 
0.097 0.969 0.108 0.970 0.952 
0.092 0.968 0.088 0.983 0.923 
0.098 0.969 0.182 0.970 0.955 
0.077 0.974 0.082 0.985 0.933 
0.096 0.960 0.098 0.978 0.946 
0.093 0.966 0.120 0.983 0.946 
0.087 0.969 0.089 0.988 0.949 
0.088 0.970 0.104 0.985 0.952 
0.086 0.972 0.177 0.963 0.978 
0.095 0.968 0.094 0.985 0.946 
0.090 0.970 0.102 0.978 0.917 
0.079 0.976 0.099 0.983 0.939 
0.088 0.975 0.076 0.983 0.949 
0.089 0.973 0.081 0.988 0.942 
0.073 0.972 0.070 0.985 0.962 
0.093 0.970 0.075 0.985 0.942 
0.085 0.970 0.093 0.983 0.952 
0.077 0.974 0.071 0.985 0.946 
0.080 0.972 0.085 0.985 0.955 
0.079 0.974 0.086 0.978 0.939 
0.086 0.968 0.115 0.978 0.962 
0.083 0.976 0.081 0.983 0.936 
0.081 0.968 0.108 0.983 0.946 
0.080 0.974 0.072 0.978 0.933 
0.074 0.974 0.048 0.983 0.939 
0.087 0.975 0.073 0.988 0.952 
0.083 0.972 0.071 0.985 0.933 
0.078 0.978 0.098 0.988 0.952 
0.077 0.975 0.073 0.985 0.936 
0.076 0.974 0.099 0.983 0.952 
0.076 0.977 0.081 0.983 0.705 
0.070 0.973 0.084 0.980 0.942 
0.086 0.969 0.097 0.968 0.837 
0.072 0.979 0.089 0.975 0.824 
0.084 0.970 0.099 0.985 0.952 
0.075 0.975 0.076 0.983 0.913 
0.082 0.972 0.082 0.980 0.939 
0.073 0.975 0.044 0.988 0.933 
0.083 0.970 0.092 0.980 0.939 
0.077 0.969 0.067 0.985 0.936 
0.071 0.973 0.106 0.965 0.971 
0.076 0.973 0.133 0.968 0.962 
0.070 0.979 0.079 0.983 0.939 
0.077 0.973 0.112 0.975 0.958 
0.076 0.977 0.101 0.978 0.958 
0.075 0.976 0.115 0.985 0.952 
0.083 0.971 0.085 0.980 0.946 
0.075 0.976 0.080 0.980 0.917 
0.071 0.978 0.061 0.985 0.955 
0.063 0.980 0.050 0.980 0.929 
0.073 0.977 0.099 0.983 0.955 
0.067 0.974 0.074 0.973 0.878 
0.074 0.976 0.058 0.988 0.939 
0.092 0.969 0.062 0.985 0.936 
0.071 0.973 0.060 0.985 0.949 
0.063 0.978 0.090 0.983 0.952 
0.074 0.975 0.109 0.983 0.946 
0.068 0.976 0.086 0.980 0.955 
0.076 0.973 0.106 0.980 0.949 
0.070 0.974 0.051 0.985 0.907 
0.072 0.977 0.080 0.988 0.955 
0.068 0.976 0.072 0.980 0.946 
0.082 0.976 0.075 0.985 0.949 
0.076 0.974 0.063 0.985 0.946 
0.062 0.980 0.093 0.978 0.958 
0.079 0.970 0.079 0.983 0.955 
0.073 0.980 0.064 0.985 0.936 
0.064 0.977 0.069 0.985 0.952 
0.073 0.977 0.080 0.985 0.952 
0.075 0.978 0.075 0.985 0.939 
0.074 0.978 0.062 0.988 0.929 
0.057 0.983 0.062 0.985 0.942 
0.074 0.977 0.072 0.983 0.949 
0.082 0.972 0.076 0.988 0.946 
0.065 0.978 0.060 0.993 0.939 
0.062 0.980 0.077 0.983 0.939 
0.059 0.980 0.067 0.983 0.949 
0.064 0.978 0.067 0.983 0.942 
0.065 0.976 0.053 0.988 0.946 
0.075 0.975 0.065 0.985 0.936 
0.076 0.974 0.057 0.988 0.933 
0.068 0.977 0.078 0.983 0.913 
0.062 0.981 0.082 0.985 0.946 
0.050 0.978 0.092 0.988 0.965 
0.069 0.975 0.098 0.993 0.917 
0.072 0.979 0.073 0.983 0.939 
0.065 0.980 0.093 0.980 0.939 
0.059 0.981 0.100 0.983 0.958 
0.051 0.981 0.115 0.980 0.955 
0.063 0.980 0.108 0.983 0.962 
0.063 0.978 0.069 0.978 0.946 
0.065 0.984 0.091 0.980 0.958 
0.072 0.979 0.075 0.985 0.949 
0.068 0.976 0.086 0.985 0.946 
0.062 0.978 0.034 0.985 0.910 
0.054 0.981 0.056 0.988 0.952 
0.059 0.982 0.080 0.983 0.949 
0.060 0.981 0.045 0.988 0.942 
0.059 0.978 0.102 0.968 0.968 
0.065 0.978 0.107 0.970 0.965 
0.056 0.980 0.082 0.978 0.952 
0.061 0.980 0.086 0.985 0.952 
0.051 0.983 0.070 0.983 0.952 
0.063 0.977 0.088 0.988 0.942 
0.050 0.985 0.043 0.988 0.926 
0.054 0.985 0.066 0.988 0.946 
0.064 0.979 0.078 0.985 0.939 
0.056 0.981 0.107 0.983 0.955 
0.065 0.981 0.116 0.985 0.949 
0.058 0.986 0.094 0.983 0.962 
0.064 0.979 0.104 0.983 0.955 
0.052 0.982 0.056 0.988 0.942 
0.054 0.980 0.090 0.985 0.962 
0.075 0.976 0.091 0.978 0.946 
0.056 0.981 0.112 0.983 0.965 
0.055 0.982 0.121 0.973 0.971 
0.057 0.982 0.081 0.985 0.923 
0.067 0.977 0.071 0.983 0.952 
0.065 0.981 0.071 0.983 0.939 
0.055 0.978 0.062 0.993 0.939 
0.052 0.981 0.070 0.983 0.952 
0.055 0.985 0.065 0.988 0.946 
0.063 0.977 0.057 0.988 0.949 
0.057 0.985 0.165 0.953 0.984 
0.070 0.976 0.073 0.990 0.946 
0.052 0.984 0.076 0.990 0.949 
0.062 0.982 0.059 0.988 0.929 
0.073 0.974 0.092 0.988 0.946 
0.056 0.982 0.080 0.985 0.936 
0.069 0.976 0.084 0.983 0.949 
0.066 0.978 0.082 0.985 0.949 
0.041 0.988 0.057 0.990 0.939 
0.064 0.973 0.109 0.983 0.974 
0.055 0.980 0.112 0.980 0.949 
0.058 0.980 0.107 0.983 0.949 
0.062 0.978 0.101 0.988 0.933 
0.070 0.972 0.070 0.988 0.949 
0.049 0.984 0.112 0.978 0.962 
0.059 0.977 0.128 0.985 0.958 
0.056 0.982 0.098 0.985 0.962 
0.049 0.984 0.061 0.985 0.946 
0.058 0.980 0.092 0.988 0.949 
0.052 0.981 0.131 0.980 0.958 
0.052 0.981 0.118 0.983 0.968 
0.061 0.978 0.089 0.990 0.939 
0.061 0.981 0.118 0.983 0.962 
0.064 0.980 0.146 0.973 0.974 
0.052 0.982 0.077 0.983 0.939 
0.047 0.982 0.095 0.985 0.946 
0.061 0.984 0.128 0.983 0.968 
0.067 0.981 0.076 0.990 0.942 
0.052 0.981 0.058 0.985 0.949 
0.058 0.980 0.071 0.985 0.952 
0.052 0.985 0.062 0.983 0.955 
0.049 0.984 0.056 0.988 0.946 
0.064 0.976 0.062 0.978 0.817 
0.063 0.976 0.043 0.990 0.955 
0.051 0.984 0.058 0.985 0.955 
0.059 0.980 0.055 0.990 0.942 
0.054 0.982 0.084 0.980 0.952 
0.050 0.984 0.057 0.985 0.917 
0.061 0.979 0.040 0.990 0.939 
0.050 0.982 0.194 0.930 0.974 
0.056 0.983 0.043 0.993 0.936 
0.059 0.984 0.043 0.993 0.936 
0.057 0.980 0.066 0.990 0.962 
0.057 0.984 0.074 0.983 0.942 
0.053 0.983 0.047 0.988 0.949 
0.060 0.980 0.045 0.990 0.907 
0.049 0.983 0.037 0.990 0.942 
0.056 0.980 0.055 0.988 0.891 
0.071 0.978 0.054 0.988 0.942 
0.052 0.981 0.059 0.988 0.946 
0.050 0.983 0.042 0.990 0.949 
0.058 0.980 0.052 0.983 0.942 
0.057 0.983 0.076 0.988 0.942 
0.057 0.978 0.058 0.985 0.936 
0.049 0.984 0.041 0.983 0.936 
0.054 0.983 0.048 0.983 0.849 
0.044 0.986 0.066 0.988 0.949 
0.049 0.987 0.059 0.985 0.955 
0.055 0.981 0.113 0.973 0.978 
0.054 0.980 0.040 0.990 0.946 
0.067 0.978 0.055 0.988 0.952 
0.056 0.982 0.054 0.990 0.929 
0.054 0.983 0.063 0.990 0.936 
0.054 0.979 0.057 0.985 0.923 
0.053 0.981 0.040 0.990 0.910 
0.045 0.988 0.058 0.983 0.878 
0.052 0.982 0.096 0.985 0.949 
0.058 0.982 0.054 0.988 0.949 
0.046 0.984 0.071 0.988 0.942 
0.065 0.978 0.090 0.985 0.949 
0.058 0.979 0.083 0.988 0.949 
0.058 0.982 0.054 0.985 0.913 
0.045 0.989 0.045 0.988 0.933 
0.049 0.985 0.087 0.988 0.962 
0.052 0.984 0.056 0.983 0.949 
0.050 0.982 0.047 0.985 0.949 
0.053 0.978 0.055 0.985 0.942 
0.046 0.985 0.092 0.980 0.968 
0.056 0.981 0.120 0.978 0.978 
0.046 0.985 0.134 0.968 0.974 
0.048 0.985 0.076 0.985 0.952 
0.049 0.985 0.082 0.985 0.936 
0.039 0.986 0.048 0.985 0.946 
0.059 0.983 0.054 0.988 0.946 
0.055 0.984 0.064 0.990 0.952 
0.040 0.988 0.049 0.988 0.946 
0.055 0.981 0.058 0.988 0.968 
0.049 0.982 0.083 0.983 0.955 
0.066 0.978 0.097 0.970 0.958 
0.044 0.987 0.033 0.993 0.939 
0.051 0.982 0.050 0.988 0.955 
0.058 0.981 0.110 0.985 0.958 
0.045 0.984 0.056 0.990 0.942 
0.048 0.984 0.061 0.988 0.946 
0.047 0.984 0.047 0.990 0.929 
0.045 0.985 0.090 0.978 0.971 
0.054 0.980 0.059 0.985 0.949 
0.051 0.982 0.039 0.988 0.946 
0.054 0.984 0.043 0.983 0.946 
0.041 0.987 0.047 0.988 0.942 
0.038 0.985 0.060 0.983 0.949 
0.070 0.979 0.068 0.988 0.939 
0.046 0.986 0.056 0.985 0.942 
0.053 0.983 0.042 0.988 0.942 
0.055 0.983 0.096 0.975 0.971 
0.054 0.981 0.081 0.980 0.955 
0.053 0.982 0.052 0.988 0.942 
0.056 0.986 0.059 0.985 0.946 
0.049 0.981 0.059 0.985 0.965 
0.059 0.982 0.079 0.985 0.949 
0.043 0.985 0.123 0.978 0.968 
0.055 0.980 0.083 0.983 0.978 
0.045 0.982 0.047 0.990 0.946 
0.033 0.986 0.086 0.985 0.971 
0.046 0.986 0.063 0.988 0.946 
0.040 0.985 0.032 0.995 0.939 
0.052 0.985 0.071 0.983 0.958 
0.038 0.986 0.075 0.978 0.978 
0.043 0.984 0.067 0.980 0.933 
0.043 0.988 0.073 0.985 0.962 
0.044 0.983 0.103 0.983 0.971 
0.043 0.985 0.054 0.983 0.936 
0.054 0.984 0.088 0.980 0.968 
0.048 0.986 0.052 0.985 0.946 
0.044 0.987 0.106 0.973 0.971 
0.061 0.981 0.065 0.985 0.958 
0.042 0.987 0.096 0.980 0.968 
0.042 0.984 0.103 0.980 0.965 
0.043 0.988 0.085 0.980 0.955 
0.048 0.981 0.049 0.990 0.942 
0.054 0.984 0.050 0.985 0.946 
0.044 0.984 0.067 0.980 0.955 
0.044 0.986 0.051 0.985 0.952 
0.052 0.983 0.084 0.980 0.955 
0.053 0.980 0.118 0.980 0.958 
0.044 0.986 0.090 0.983 0.939 
0.049 0.981 0.110 0.980 0.958 
0.038 0.984 0.058 0.988 0.952 
0.059 0.984 0.112 0.978 0.949 
0.040 0.989 0.046 0.990 0.936 
0.045 0.985 0.080 0.980 0.949 
0.045 0.983 0.061 0.985 0.952 
0.051 0.982 0.098 0.975 0.955 
0.055 0.984 0.065 0.988 0.946 
0.059 0.978 0.075 0.985 0.942 
0.039 0.987 0.071 0.983 0.917 
0.052 0.980 0.078 0.980 0.942 
0.052 0.981 0.072 0.990 0.952 
0.045 0.987 0.082 0.988 0.955 
0.044 0.984 0.082 0.978 0.968 
0.044 0.985 0.087 0.985 0.946 
0.052 0.981 0.058 0.983 0.942 
0.038 0.986 0.095 0.985 0.952 
0.050 0.983 0.039 0.988 0.942 
0.059 0.981 0.084 0.983 0.949 
0.048 0.984 0.068 0.983 0.949 
0.038 0.985 0.037 0.985 0.942 
0.064 0.978 0.202 0.975 0.984 
0.046 0.984 0.076 0.985 0.946 
0.054 0.984 0.075 0.983 0.952 
0.056 0.983 0.084 0.988 0.946 
0.033 0.986 0.178 0.985 0.971 
0.044 0.985 0.147 0.988 0.939 
0.045 0.988 0.073 0.985 0.946 
0.045 0.987 0.115 0.983 0.958 
0.053 0.978 0.066 0.985 0.933 
0.039 0.989 0.036 0.988 0.926 
0.040 0.989 0.088 0.978 0.968 
0.042 0.986 0.060 0.983 0.955 
0.044 0.985 0.084 0.978 0.965 
0.048 0.984 0.078 0.988 0.939 
0.037 0.987 0.030 0.988 0.936 
0.058 0.982 0.063 0.988 0.910 
0.046 0.986 0.088 0.983 0.955 
0.053 0.984 0.076 0.973 0.962 
0.047 0.984 0.076 0.980 0.962 
0.044 0.984 0.047 0.990 0.949 
0.040 0.988 0.049 0.990 0.946 
0.049 0.984 0.067 0.988 0.942 
0.045 0.986 0.044 0.990 0.946 
0.042 0.984 0.107 0.985 0.920 
0.058 0.981 0.083 0.980 0.962 
0.040 0.988 0.075 0.985 0.949 
0.054 0.985 0.078 0.988 0.949 
0.032 0.989 0.077 0.988 0.949 
0.043 0.986 0.079 0.988 0.946 
0.040 0.988 0.108 0.978 0.942 
0.055 0.988 0.094 0.985 0.952 
0.040 0.984 0.055 0.988 0.946 
0.033 0.987 0.048 0.988 0.955 
0.056 0.981 0.030 0.990 0.939 
0.039 0.988 0.047 0.988 0.952 
0.047 0.985 0.085 0.988 0.952 
0.044 0.986 0.062 0.988 0.952 
0.038 0.989 0.099 0.985 0.958 
0.043 0.987 0.069 0.988 0.952 
0.048 0.986 0.063 0.988 0.952 
0.040 0.988 0.052 0.985 0.949 
0.047 0.985 0.109 0.988 0.952 
0.049 0.985 0.071 0.985 0.952 
0.045 0.985 0.058 0.990 0.946 
0.050 0.983 0.041 0.993 0.946 
0.051 0.986 0.051 0.993 0.939 
0.052 0.983 0.075 0.988 0.946 
0.048 0.984 0.123 0.988 0.952 
0.046 0.986 0.048 0.978 0.878 
0.044 0.988 0.052 0.988 0.946 
0.042 0.986 0.038 0.990 0.942 
0.041 0.984 0.091 0.988 0.946 
0.042 0.990 0.067 0.988 0.933 
0.036 0.988 0.122 0.990 0.926 
0.036 0.992 0.104 0.983 0.971 
0.038 0.988 0.083 0.990 0.936 
0.050 0.985 0.088 0.988 0.952 
0.040 0.989 0.045 0.985 0.946 
0.051 0.987 0.050 0.993 0.929 
0.047 0.987 0.079 0.988 0.942 
0.034 0.989 0.064 0.988 0.939 
0.040 0.988 0.094 0.980 0.962 
0.048 0.980 0.077 0.980 0.962 
0.041 0.989 0.047 0.990 0.946 
0.049 0.985 0.079 0.990 0.946 
0.041 0.989 0.079 0.990 0.939 
0.051 0.984 0.057 0.978 0.936 
0.042 0.985 0.140 0.978 0.974 
0.051 0.982 0.060 0.988 0.946 
0.050 0.983 0.049 0.985 0.942 
0.038 0.989 0.080 0.985 0.946 
0.044 0.986 0.116 0.975 0.974 
0.049 0.986 0.091 0.985 0.955 
0.053 0.981 0.112 0.978 0.962 
0.052 0.982 0.050 0.988 0.942 
0.044 0.988 0.057 0.988 0.952 
0.056 0.986 0.145 0.985 0.952 
0.040 0.989 0.065 0.988 0.949 
0.041 0.986 0.088 0.980 0.962 
0.038 0.985 0.048 0.985 0.942 
0.045 0.984 0.039 0.983 0.936 
0.050 0.982 0.087 0.985 0.942 
0.046 0.980 0.084 0.983 0.955 
0.034 0.990 0.057 0.985 0.952 
0.045 0.985 0.057 0.983 0.949 
0.040 0.986 0.078 0.985 0.946 
0.048 0.982 0.091 0.985 0.949 
0.035 0.990 0.086 0.983 0.946 
0.049 0.986 0.069 0.985 0.939 
0.050 0.985 0.131 0.978 0.958 
0.053 0.982 0.047 0.983 0.939 
0.028 0.990 0.089 0.980 0.955 
0.052 0.986 0.068 0.985 0.936 
0.048 0.983 0.082 0.985 0.949 
0.044 0.984 0.119 0.985 0.946 
0.051 0.985 0.098 0.985 0.965 
0.050 0.982 0.068 0.988 0.933 
0.062 0.982 0.053 0.990 0.936 
0.044 0.985 0.106 0.983 0.946 
0.041 0.987 0.157 0.985 0.965 
0.043 0.988 0.100 0.988 0.942 
0.035 0.987 0.048 0.985 0.946 
0.040 0.985 0.031 0.990 0.936 
0.039 0.990 0.054 0.988 0.946 
0.037 0.988 0.089 0.978 0.955 
0.035 0.989 0.169 0.975 0.981 
0.040 0.986 0.067 0.988 0.958 
0.032 0.988 0.064 0.985 0.946 
0.037 0.990 0.052 0.983 0.958 
0.047 0.985 0.050 0.985 0.952 
0.041 0.989 0.048 0.985 0.939 
0.033 0.987 0.050 0.985 0.952 
0.053 0.983 0.066 0.983 0.974 
0.065 0.980 0.081 0.983 0.971 
0.044 0.986 0.074 0.983 0.965 
0.037 0.990 0.058 0.985 0.920 
0.036 0.986 0.031 0.995 0.929 
0.052 0.984 0.095 0.978 0.974 
0.041 0.988 0.066 0.983 0.955 
0.040 0.986 0.050 0.983 0.974 
0.034 0.989 0.053 0.980 0.971 
0.037 0.989 0.064 0.988 0.958 
0.062 0.981 0.090 0.990 0.958 
0.036 0.986 0.083 0.980 0.978 
0.040 0.985 0.059 0.988 0.952 
0.044 0.988 0.081 0.983 0.958 
0.041 0.988 0.100 0.983 0.971 
0.034 0.989 0.058 0.983 0.923 
0.038 0.987 0.030 0.990 0.933 
0.040 0.987 0.074 0.985 0.962 
0.038 0.987 0.048 0.985 0.923 
0.035 0.988 0.028 0.990 0.936 
0.044 0.985 0.095 0.983 0.965 
0.036 0.988 0.092 0.980 0.955 
0.040 0.987 0.160 0.985 0.962 
0.043 0.988 0.150 0.983 0.971 
0.050 0.986 0.073 0.983 0.946 
0.034 0.990 0.080 0.978 0.962 
0.038 0.985 0.047 0.990 0.942 
0.060 0.983 0.102 0.985 0.965 
0.041 0.989 0.097 0.990 0.939 
0.056 0.984 0.115 0.985 0.952 
0.038 0.989 0.054 0.985 0.942 
0.043 0.987 0.077 0.990 0.949 
0.030 0.989 0.051 0.985 0.958 
0.035 0.991 0.098 0.985 0.955 
0.045 0.988 0.030 0.990 0.949 
0.040 0.988 0.044 0.988 0.955 
0.045 0.986 0.207 0.983 0.978 
0.044 0.982 0.052 0.990 0.952 
0.042 0.986 0.055 0.990 0.933 
0.047 0.987 0.048 0.988 0.939 
0.043 0.985 0.060 0.988 0.955 
0.030 0.992 0.044 0.990 0.929 
0.040 0.988 0.054 0.985 0.939 
0.040 0.987 0.058 0.985 0.862 
0.044 0.986 0.052 0.985 0.929 
0.037 0.984 0.126 0.990 0.962 
0.043 0.983 0.080 0.988 0.936 
0.039 0.991 0.073 0.990 0.939 
0.054 0.982 0.065 0.988 0.917 
0.034 0.990 0.098 0.990 0.949 
0.036 0.990 0.107 0.988 0.952 
0.037 0.988 0.067 0.993 0.949 
0.028 0.994 0.058 0.988 0.955 
0.042 0.988 0.051 0.990 0.946 
0.038 0.988 0.053 0.990 0.936 
0.043 0.985 0.082 0.990 0.920 
0.037 0.990 0.084 0.990 0.946 
0.040 0.985 0.057 0.988 0.872 
0.047 0.985 0.094 0.993 0.942 
0.032 0.993 0.132 0.990 0.955 
0.036 0.989 0.165 0.993 0.952 
0.041 0.985 0.164 0.990 0.952 
0.033 0.990 0.176 0.990 0.958 
0.031 0.991 0.161 0.990 0.958 
0.043 0.986 0.041 0.990 0.936 
0.055 0.985 0.110 0.988 0.952 
0.042 0.988 0.094 0.988 0.952 
0.038 0.989 0.095 0.988 0.962 
0.045 0.986 0.079 0.988 0.939 
0.037 0.988 0.097 0.988 0.946 
0.048 0.986 0.080 0.983 0.955 
0.045 0.984 0.135 0.990 0.952 
0.044 0.982 0.095 0.985 0.949 
0.043 0.986 0.037 0.990 0.939 
0.037 0.985 0.088 0.990 0.949 
0.042 0.988 0.165 0.985 0.955 
0.032 0.988 0.128 0.990 0.942 
0.044 0.985 0.128 0.985 0.955 
0.043 0.985 0.152 0.985 0.962 
0.043 0.986 0.054 0.985 0.946 
0.038 0.988 0.092 0.990 0.955 
0.035 0.986 0.079 0.985 0.942 
0.044 0.984 0.127 0.990 0.949 
0.038 0.987 0.070 0.990 0.939 
0.040 0.986 0.081 0.985 0.958 
0.038 0.988 0.055 0.988 0.942 
0.034 0.988 0.079 0.980 0.952 
0.048 0.986 0.071 0.985 0.946 
0.047 0.988 0.082 0.973 0.728 
0.047 0.986 0.054 0.988 0.949 
0.038 0.986 0.103 0.983 0.958 
0.038 0.988 0.070 0.985 0.949 
0.045 0.988 0.049 0.988 0.926 
0.041 0.986 0.081 0.988 0.946 
0.044 0.985 0.062 0.988 0.926 
0.032 0.991 0.086 0.980 0.949 
0.041 0.989 0.054 0.983 0.942 
0.038 0.987 0.066 0.980 0.949 
0.040 0.986 0.047 0.988 0.939 
0.040 0.987 0.022 0.995 0.936 
0.024 0.990 0.120 0.988 0.955 
0.037 0.991 0.099 0.975 0.962 
0.035 0.987 0.098 0.988 0.946 
0.046 0.981 0.029 0.995 0.939 
0.040 0.987 0.065 0.980 0.766 
0.045 0.989 0.100 0.985 0.958 
0.046 0.987 0.092 0.985 0.965 
0.033 0.990 0.069 0.980 0.946 
0.039 0.990 0.029 0.995 0.942 
0.046 0.984 0.042 0.990 0.955 
0.040 0.984 0.060 0.990 0.946 
0.031 0.990 0.092 0.985 0.949 
0.047 0.984 0.111 0.983 0.971 
0.039 0.986 0.060 0.983 0.942 
0.042 0.985 0.062 0.993 0.878 
0.038 0.986 0.040 0.993 0.949 
0.050 0.982 0.051 0.990 0.962 
0.046 0.987 0.040 0.990 0.955 
0.030 0.990 0.038 0.988 0.949 
0.033 0.991 0.054 0.988 0.955 
0.037 0.985 0.083 0.988 0.949 
0.045 0.986 0.094 0.980 0.962 
0.038 0.988 0.020 0.995 0.907 
0.033 0.991 0.065 0.990 0.942 
0.037 0.988 0.091 0.980 0.968 
0.050 0.983 0.071 0.985 0.949 
0.046 0.985 0.071 0.990 0.955 
0.041 0.984 0.067 0.988 0.942 
0.036 0.991 0.085 0.988 0.946 
0.040 0.986 0.041 0.990 0.939 
0.036 0.989 0.067 0.993 0.946 
0.031 0.991 0.093 0.990 0.949 
0.042 0.984 0.046 0.990 0.939 
0.042 0.988 0.058 0.990 0.946 
0.027 0.993 0.093 0.983 0.965 
0.038 0.987 0.050 0.985 0.939 
0.045 0.984 0.069 0.988 0.949 
0.034 0.988 0.040 0.993 0.929 
0.040 0.986 0.192 0.960 0.981 
0.034 0.988 0.048 0.983 0.907 
0.037 0.989 0.054 0.988 0.946 
0.030 0.990 0.070 0.985 0.949 
0.038 0.989 0.068 0.988 0.929 
0.036 0.991 0.164 0.975 0.962 
0.036 0.988 0.103 0.985 0.962 
0.034 0.989 0.066 0.988 0.946 
0.035 0.986 0.123 0.990 0.942 
0.045 0.982 0.120 0.990 0.946 
0.031 0.990 0.085 0.988 0.942 
0.027 0.990 0.095 0.985 0.939 
0.040 0.988 0.067 0.985 0.946 
0.043 0.986 0.070 0.988 0.936 
0.031 0.992 0.101 0.985 0.955 
0.037 0.990 0.086 0.988 0.942 
0.035 0.989 0.066 0.988 0.936 
0.032 0.990 0.107 0.988 0.955 
0.036 0.988 0.093 0.975 0.974 
0.040 0.987 0.100 0.990 0.929 
0.041 0.987 0.038 0.988 0.936 
0.035 0.988 0.091 0.988 0.949 
0.040 0.986 0.057 0.988 0.949 
0.037 0.985 0.065 0.985 0.949 
0.040 0.985 0.083 0.978 0.971 
0.042 0.989 0.047 0.983 0.946 
0.035 0.989 0.054 0.983 0.949 
0.024 0.992 0.036 0.993 0.933 
0.029 0.990 0.101 0.985 0.958 
0.036 0.989 0.024 0.993 0.936 
0.036 0.990 0.098 0.988 0.962 
0.044 0.987 0.124 0.985 0.946 
0.034 0.990 0.044 0.985 0.862 
0.023 0.993 0.057 0.988 0.942 
0.039 0.988 0.030 0.990 0.942 
0.038 0.990 0.035 0.985 0.942 
0.037 0.986 0.048 0.980 0.971 
0.029 0.989 0.035 0.990 0.955 
0.028 0.989 0.034 0.988 0.946 
0.039 0.987 0.040 0.985 0.949 
0.029 0.992 0.046 0.990 0.942 
0.034 0.988 0.052 0.988 0.939 
0.032 0.986 0.031 0.990 0.939 
0.042 0.989 0.028 0.993 0.913 
0.033 0.986 0.083 0.983 0.962 
0.025 0.991 0.042 0.988 0.936 
0.033 0.988 0.036 0.988 0.942 
0.036 0.989 0.093 0.988 0.939 
0.031 0.989 0.069 0.983 0.946 
0.032 0.990 0.069 0.988 0.942 
0.030 0.990 0.147 0.980 0.968 
0.038 0.990 0.081 0.980 0.942 
0.038 0.985 0.077 0.983 0.946 
0.033 0.990 0.111 0.983 0.949 
0.038 0.986 0.065 0.988 0.949 
0.035 0.988 0.086 0.983 0.952 
0.047 0.986 0.056 0.988 0.913 
0.034 0.986 0.074 0.985 0.968 
0.036 0.989 0.023 0.995 0.942 
0.031 0.989 0.074 0.988 0.942 
0.064 0.986 0.151 0.980 0.939 
0.039 0.986 0.087 0.980 0.968 
0.028 0.991 0.042 0.993 0.955 
0.050 0.986 0.053 0.988 0.965 
0.055 0.984 0.041 0.995 0.946 
0.038 0.989 0.035 0.990 0.936 
0.033 0.989 0.054 0.985 0.952 
0.028 0.991 0.101 0.988 0.968 
0.039 0.986 0.061 0.988 0.955 
0.034 0.987 0.028 0.993 0.946 
0.045 0.982 0.046 0.993 0.923 
0.030 0.988 0.027 0.993 0.929 
0.039 0.987 0.063 0.990 0.958 
0.036 0.985 0.043 0.985 0.949 
0.030 0.988 0.040 0.988 0.962 
0.043 0.988 0.038 0.990 0.949 
0.029 0.990 0.038 0.988 0.949 
0.045 0.988 0.026 0.993 0.942 
0.033 0.987 0.070 0.978 0.978 
0.027 0.990 0.071 0.988 0.946 
0.033 0.989 0.025 0.995 0.920 
0.038 0.989 0.039 0.988 0.946 
0.037 0.988 0.043 0.990 0.949 
0.042 0.987 0.046 0.988 0.949 
0.028 0.991 0.094 0.988 0.971 
0.045 0.988 0.047 0.990 0.939 
0.033 0.989 0.057 0.988 0.958 
0.032 0.990 0.091 0.980 0.978 
0.042 0.988 0.040 0.988 0.946 
0.054 0.987 0.073 0.985 0.946 
0.043 0.987 0.100 0.990 0.946 
0.032 0.989 0.134 0.978 0.968 
0.028 0.990 0.052 0.985 0.962 
0.027 0.991 0.033 0.988 0.958 
0.030 0.991 0.074 0.988 0.949 
0.049 0.985 0.076 0.983 0.978 
0.033 0.989 0.042 0.990 0.952 
0.025 0.989 0.026 0.995 0.936 
0.024 0.992 0.041 0.988 0.952 
0.039 0.987 0.026 0.993 0.942 
0.046 0.984 0.022 0.993 0.929 
0.032 0.990 0.058 0.985 0.968 
0.048 0.989 0.075 0.988 0.955 
0.036 0.990 0.023 0.995 0.939 
0.042 0.985 0.053 0.988 0.942 
0.039 0.989 0.036 0.993 0.949 
0.042 0.986 0.095 0.990 0.965 
0.038 0.986 0.107 0.990 0.955 
0.028 0.990 0.108 0.980 0.962 
0.042 0.987 0.045 0.985 0.933 
0.037 0.987 0.050 0.985 0.946 
0.028 0.989 0.048 0.988 0.962 
0.054 0.984 0.030 0.993 0.926 
0.046 0.988 0.038 0.993 0.955 
0.056 0.986 0.052 0.995 0.939 
0.034 0.989 0.055 0.985 0.962 
0.042 0.985 0.030 0.993 0.939 
0.040 0.986 0.069 0.988 0.952 
0.027 0.991 0.044 0.990 0.952 
0.043 0.985 0.044 0.990 0.946 
0.034 0.990 0.040 0.993 0.923 
0.046 0.986 0.078 0.985 0.974 
0.038 0.989 0.050 0.990 0.949 
0.034 0.988 0.038 0.985 0.955 
0.035 0.988 0.055 0.985 0.949 
0.034 0.990 0.087 0.985 0.958 
0.040 0.986 0.027 0.990 0.939 
0.030 0.989 0.025 0.993 0.929 
0.034 0.989 0.073 0.980 0.968 
0.036 0.988 0.047 0.988 0.949 
0.024 0.990 0.082 0.988 0.965 
0.022 0.992 0.035 0.988 0.949 
0.033 0.991 0.152 0.980 0.968 
0.030 0.990 0.034 0.985 0.955 
0.040 0.989 0.046 0.985 0.936 
0.039 0.988 0.057 0.980 0.949 
0.032 0.990 0.090 0.980 0.949 
0.036 0.987 0.087 0.978 0.971 
0.029 0.989 0.059 0.985 0.955 
0.028 0.992 0.100 0.978 0.968 
0.029 0.988 0.095 0.980 0.962 
0.025 0.989 0.111 0.985 0.962 
0.021 0.995 0.065 0.988 0.949 
0.044 0.988 0.021 0.995 0.923 
0.033 0.989 0.058 0.985 0.936 
0.032 0.986 0.036 0.988 0.942 
0.038 0.990 0.104 0.988 0.958 
0.027 0.990 0.060 0.985 0.939 
0.033 0.991 0.085 0.980 0.968 
0.032 0.987 0.106 0.983 0.958 
0.038 0.990 0.049 0.988 0.936 
0.035 0.989 0.060 0.988 0.942 
0.043 0.981 0.032 0.990 0.926 
0.030 0.991 0.035 0.988 0.936 
0.032 0.989 0.059 0.988 0.942 
0.039 0.989 0.021 0.993 0.923 
0.024 0.993 0.048 0.983 0.942 
0.028 0.991 0.037 0.988 0.933 
0.043 0.985 0.121 0.978 0.962 
0.034 0.986 0.047 0.988 0.933 
0.040 0.987 0.100 0.990 0.942 
0.043 0.989 0.082 0.980 0.946 
0.034 0.986 0.035 0.995 0.875 
0.035 0.986 0.045 0.988 0.946 
0.037 0.989 0.072 0.988 0.929 
0.043 0.987 0.072 0.988 0.939 
0.027 0.989 0.157 0.985 0.974 
0.032 0.990 0.137 0.985 0.958 
0.039 0.989 0.058 0.988 0.946 
0.033 0.989 0.043 0.983 0.946 
0.024 0.990 0.039 0.983 0.952 
0.030 0.989 0.062 0.983 0.965 
0.035 0.987 0.072 0.980 0.952 
0.032 0.989 0.035 0.988 0.939 
0.017 0.995 0.080 0.988 0.952 
0.029 0.991 0.057 0.985 0.955 
0.031 0.990 0.042 0.985 0.942 
0.026 0.991 0.152 0.983 0.955 
0.040 0.991 0.088 0.988 0.949 
0.037 0.989 0.053 0.983 0.949 
0.033 0.990 0.061 0.988 0.942 
0.039 0.988 0.101 0.985 0.942 
0.042 0.986 0.133 0.983 0.962 
0.040 0.989 0.033 0.990 0.904 
0.033 0.989 0.097 0.983 0.968 
0.031 0.992 0.084 0.983 0.958 
0.035 0.989 0.042 0.985 0.942 
0.039 0.990 0.057 0.988 0.933 
0.038 0.988 0.134 0.978 0.962 
0.030 0.990 0.133 0.983 0.965 
0.041 0.984 0.049 0.988 0.904 
0.036 0.987 0.038 0.985 0.952 
0.032 0.990 0.033 0.988 0.942 
0.039 0.990 0.061 0.983 0.907 
0.038 0.987 0.154 0.978 0.965 
0.041 0.987 0.061 0.983 0.955 
0.028 0.991 0.048 0.988 0.949 
0.041 0.989 0.088 0.975 0.978 
0.040 0.989 0.058 0.988 0.942 
0.047 0.985 0.046 0.983 0.949 
0.038 0.986 0.048 0.985 0.946 
0.039 0.989 0.072 0.985 0.949 
0.037 0.990 0.154 0.985 0.965 
0.037 0.989 0.036 0.988 0.946 
0.048 0.986 0.169 0.980 0.974 
0.036 0.989 0.174 0.980 0.965 
0.028 0.990 0.122 0.985 0.965 
0.027 0.990 0.043 0.988 0.926 
0.031 0.991 0.052 0.988 0.955 
0.035 0.988 0.055 0.988 0.952 
0.029 0.991 0.165 0.980 0.958 
0.049 0.984 0.028 0.993 0.885 
0.036 0.988 0.057 0.985 0.958 
0.036 0.990 0.068 0.983 0.958 
0.049 0.985 0.054 0.988 0.946 
0.025 0.991 0.049 0.988 0.958 
0.023 0.991 0.021 0.995 0.939 
0.039 0.989 0.043 0.990 0.926 
0.028 0.988 0.081 0.980 0.974 
0.037 0.990 0.062 0.985 0.952 
0.037 0.988 0.078 0.980 0.952 
0.026 0.993 0.047 0.985 0.946 
0.035 0.990 0.087 0.978 0.962 
0.032 0.990 0.058 0.983 0.946 
0.042 0.988 0.071 0.983 0.965 
0.028 0.993 0.048 0.988 0.933 
0.042 0.983 0.063 0.985 0.949 
0.042 0.989 0.068 0.983 0.958 
0.033 0.990 0.114 0.978 0.971 
0.031 0.988 0.051 0.983 0.939 
0.030 0.987 0.142 0.983 0.952 
0.024 0.991 0.059 0.985 0.955 
0.041 0.986 0.148 0.973 0.974 
0.022 0.993 0.200 0.988 0.946 
0.039 0.987 0.087 0.985 0.952 
0.039 0.986 0.108 0.985 0.952 
0.029 0.991 0.086 0.988 0.952 
0.045 0.985 0.076 0.980 0.946 
0.043 0.984 0.089 0.985 0.949 
0.055 0.988 0.099 0.985 0.952 
0.033 0.990 0.067 0.988 0.949 
0.033 0.988 0.071 0.985 0.955 
0.047 0.986 0.073 0.985 0.949 
0.020 0.991 0.072 0.985 0.952 
0.028 0.989 0.062 0.983 0.952 
0.027 0.990 0.153 0.978 0.962 
0.030 0.988 0.104 0.985 0.949 
0.029 0.991 0.079 0.990 0.946 
0.039 0.989 0.062 0.990 0.936 
0.029 0.989 0.133 0.983 0.952 
0.027 0.994 0.089 0.985 0.971 
0.028 0.990 0.028 0.988 0.929 
0.042 0.990 0.047 0.993 0.936 
0.035 0.991 0.139 0.978 0.962 
0.032 0.988 0.124 0.988 0.936 
0.045 0.986 0.095 0.985 0.955 
0.046 0.988 0.078 0.988 0.946 
0.030 0.990 0.076 0.988 0.949 
0.024 0.994 0.169 0.988 0.955 
0.052 0.984 0.096 0.990 0.923 
0.024 0.988 0.059 0.983 0.942 
0.021 0.993 0.034 0.995 0.933 
0.034 0.990 0.139 0.970 0.974 
0.039 0.990 0.075 0.988 0.942 
0.028 0.990 0.045 0.990 0.949 
0.030 0.991 0.075 0.975 0.962 
0.029 0.990 0.018 0.995 0.933 
0.030 0.988 0.043 0.985 0.955 
0.043 0.987 0.079 0.985 0.955 
0.032 0.988 0.061 0.988 0.949 
0.036 0.986 0.090 0.985 0.942 
0.027 0.994 0.273 0.980 0.962 
0.036 0.985 0.268 0.988 0.955 
0.026 0.991 0.063 0.985 0.949 
0.029 0.989 0.037 0.988 0.939 
0.035 0.989 0.051 0.988 0.913 
0.032 0.991 0.112 0.980 0.962 
0.029 0.991 0.141 0.983 0.955 
0.034 0.989 0.147 0.985 0.955 
0.036 0.987 0.130 0.980 0.958 
0.034 0.989 0.062 0.990 0.955 
0.021 0.991 0.090 0.988 0.965 
0.025 0.990 0.088 0.983 0.962 
0.031 0.990 0.078 0.985 0.952 
0.033 0.991 0.170 0.988 0.965 
0.034 0.990 0.069 0.988 0.929 
0.027 0.990 0.094 0.983 0.955 
0.040 0.989 0.113 0.983 0.962 
0.052 0.991 0.046 0.988 0.946 
0.032 0.988 0.051 0.988 0.958 
0.035 0.990 0.101 0.983 0.958 
0.026 0.993 0.036 0.988 0.897 
0.035 0.988 0.093 0.988 0.952 
0.027 0.988 0.077 0.985 0.962 
0.038 0.989 0.122 0.975 0.971 
0.039 0.987 0.082 0.990 0.952 
0.036 0.987 0.064 0.990 0.936 
0.036 0.989 0.073 0.990 0.962 
0.033 0.989 0.082 0.988 0.949 
0.040 0.986 0.064 0.985 0.939 
0.031 0.990 0.060 0.988 0.955 
0.040 0.989 0.080 0.985 0.955 
0.030 0.990 0.104 0.985 0.958 
0.033 0.986 0.064 0.988 0.946 
0.020 0.994 0.115 0.985 0.962 
0.031 0.990 0.090 0.985 0.962 
0.024 0.992 0.054 0.990 0.952 
0.029 0.990 0.096 0.988 0.955 
0.028 0.989 0.065 0.990 0.958 
0.031 0.991 0.076 0.993 0.946 
0.033 0.990 0.085 0.993 0.949 
0.036 0.988 0.088 0.990 0.946 
0.035 0.990 0.067 0.988 0.962 
0.031 0.989 0.162 0.985 0.955 
0.034 0.989 0.082 0.985 0.946 
0.023 0.993 0.186 0.970 0.981 
0.045 0.984 0.061 0.985 0.946 
0.034 0.991 0.085 0.990 0.933 
0.023 0.992 0.103 0.983 0.962 
0.032 0.990 0.121 0.980 0.974 
0.035 0.988 0.068 0.985 0.955 
0.021 0.990 0.100 0.983 0.965 
0.037 0.987 0.055 0.990 0.936 
0.038 0.989 0.069 0.993 0.955 
0.019 0.991 0.019 0.995 0.917 
0.028 0.988 0.024 0.995 0.949 
0.031 0.991 0.054 0.993 0.952 
0.025 0.991 0.046 0.988 0.965 
0.030 0.990 0.063 0.985 0.968 
0.019 0.991 0.035 0.985 0.958 
0.041 0.985 0.042 0.983 0.962 
0.032 0.989 0.055 0.990 0.946 
0.044 0.988 0.041 0.990 0.933 
0.045 0.985 0.046 0.985 0.936 
0.033 0.991 0.104 0.985 0.955 
0.042 0.988 0.086 0.983 0.965 
0.034 0.991 0.084 0.988 0.958 
0.026 0.993 0.036 0.990 0.949 
0.027 0.990 0.053 0.988 0.955 
0.032 0.989 0.033 0.995 0.936 
0.035 0.988 0.044 0.988 0.939 
0.023 0.989 0.025 0.990 0.942 
0.035 0.986 0.048 0.988 0.958 
0.044 0.986 0.050 0.985 0.949 
0.027 0.991 0.054 0.980 0.974 
0.031 0.988 0.037 0.988 0.962 
0.033 0.991 0.028 0.993 0.949 
0.027 0.993 0.048 0.988 0.942 
0.028 0.992 0.043 0.985 0.968 
0.036 0.985 0.076 0.983 0.974 
0.027 0.994 0.026 0.990 0.965 
0.037 0.985 0.045 0.990 0.952 
0.030 0.991 0.045 0.988 0.958 
0.028 0.990 0.052 0.985 0.962 
0.024 0.994 0.070 0.988 0.942 
0.027 0.992 0.059 0.983 0.923 
0.036 0.989 0.078 0.985 0.955 
0.034 0.990 0.129 0.988 0.968 
0.040 0.989 0.111 0.988 0.942 
0.032 0.989 0.095 0.993 0.910 
0.040 0.989 0.116 0.988 0.952 
0.029 0.990 0.085 0.990 0.955 
0.029 0.990 0.172 0.985 0.971 
0.028 0.993 0.125 0.988 0.952 
0.042 0.988 0.062 0.983 0.955 
0.034 0.989 0.067 0.988 0.962 
0.035 0.988 0.077 0.993 0.949 
0.037 0.986 0.061 0.983 0.946 
0.030 0.990 0.077 0.988 0.965 
0.025 0.990 0.066 0.988 0.958 
0.035 0.990 0.078 0.988 0.955 
0.029 0.990 0.075 0.985 0.978 
0.031 0.990 0.078 0.985 0.962 
0.032 0.989 0.059 0.993 0.952 
0.034 0.990 0.110 0.988 0.942 
0.036 0.988 0.160 0.993 0.958 
0.027 0.990 0.178 0.988 0.974 
0.031 0.991 0.055 0.990 0.946 
0.028 0.990 0.110 0.988 0.939 
0.028 0.990 0.182 0.990 0.955 
0.025 0.991 0.216 0.990 0.955 
0.039 0.989 0.119 0.990 0.955 
0.025 0.993 0.179 0.985 0.955 
0.045 0.989 0.127 0.990 0.946 
0.040 0.985 0.113 0.990 0.942 
0.028 0.991 0.122 0.985 0.955 
0.027 0.993 0.060 0.988 0.929 
0.026 0.992 0.044 0.988 0.952 
0.026 0.990 0.092 0.990 0.955 
0.030 0.991 0.046 0.990 0.962 
0.045 0.987 0.088 0.985 0.968 
0.028 0.991 0.071 0.978 0.853 
0.041 0.985 0.058 0.983 0.955 
0.030 0.989 0.045 0.985 0.917 
0.030 0.988 0.054 0.985 0.958 
0.029 0.992 0.066 0.990 0.952 
0.026 0.990 0.053 0.990 0.936 
0.046 0.984 0.068 0.988 0.952 
0.025 0.992 0.083 0.985 0.952 
0.031 0.989 0.075 0.988 0.958 
0.029 0.989 0.059 0.990 0.936 
0.038 0.988 0.043 0.990 0.946 
0.028 0.991 0.060 0.988 0.955 
0.027 0.991 0.090 0.985 0.974 
