0.259 0.906 0.086 0.963 0.016 
0.147 0.948 0.186 0.930 0.003 
0.117 0.966 0.107 0.955 0.003 
0.088 0.972 0.104 0.963 0.034 
0.098 0.971 0.087 0.970 0.031 
0.089 0.976 0.131 0.950 0.000 
0.096 0.972 0.104 0.955 0.000 
0.072 0.981 0.075 0.973 0.003 
0.061 0.983 0.130 0.938 0.003 
0.061 0.984 0.062 0.983 0.028 
0.079 0.978 0.082 0.975 0.000 
0.067 0.977 0.064 0.985 0.003 
0.056 0.983 0.053 0.980 0.006 
0.062 0.982 0.092 0.970 0.003 
0.053 0.985 0.053 0.978 0.009 
0.061 0.984 0.046 0.983 0.009 
0.051 0.984 0.056 0.983 0.003 
0.063 0.980 0.069 0.978 0.006 
0.060 0.984 0.061 0.978 0.003 
0.059 0.984 0.087 0.973 0.000 
0.058 0.986 0.046 0.985 0.009 
0.051 0.986 0.041 0.988 0.050 
0.060 0.986 0.053 0.988 0.013 
0.056 0.983 0.064 0.980 0.019 
0.051 0.986 0.073 0.973 0.003 
0.054 0.984 0.057 0.990 0.019 
0.052 0.987 0.052 0.990 0.022 
0.041 0.990 0.061 0.978 0.013 
0.052 0.988 0.071 0.975 0.000 
0.048 0.988 0.096 0.963 0.000 
0.050 0.988 0.052 0.983 0.025 
0.058 0.981 0.059 0.983 0.031 
0.049 0.988 0.056 0.983 0.041 
0.051 0.983 0.056 0.983 0.013 
0.041 0.989 0.036 0.990 0.044 
0.041 0.988 0.038 0.988 0.019 
0.051 0.987 0.036 0.990 0.163 
0.042 0.991 0.050 0.988 0.019 
0.046 0.985 0.040 0.990 0.009 
0.036 0.992 0.046 0.985 0.003 
0.042 0.991 0.039 0.988 0.006 
0.032 0.993 0.041 0.995 0.013 
0.055 0.988 0.049 0.988 0.050 
0.044 0.990 0.099 0.970 0.000 
0.044 0.989 0.049 0.985 0.016 
0.046 0.988 0.079 0.970 0.000 
0.041 0.990 0.047 0.985 0.003 
0.038 0.992 0.029 0.993 0.016 
0.035 0.992 0.042 0.985 0.003 
0.044 0.992 0.045 0.985 0.003 
0.033 0.989 0.021 0.995 0.100 
0.038 0.989 0.039 0.990 0.034 
0.045 0.987 0.051 0.988 0.044 
0.032 0.993 0.028 0.995 0.053 
0.036 0.991 0.042 0.993 0.053 
0.033 0.990 0.030 0.995 0.034 
0.042 0.990 0.045 0.990 0.138 
0.034 0.993 0.046 0.985 0.000 
0.035 0.992 0.063 0.990 0.188 
0.043 0.990 0.047 0.985 0.003 
0.038 0.989 0.059 0.988 0.006 
0.038 0.991 0.031 0.995 0.019 
0.039 0.991 0.033 0.988 0.006 
0.039 0.990 0.059 0.985 0.003 
0.036 0.992 0.030 0.995 0.050 
0.036 0.989 0.030 0.995 0.016 
0.030 0.993 0.047 0.983 0.000 
0.045 0.989 0.032 0.995 0.019 
0.038 0.991 0.031 0.993 0.006 
0.031 0.993 0.030 0.988 0.016 
0.042 0.992 0.048 0.978 0.006 
0.030 0.993 0.041 0.998 0.116 
0.034 0.991 0.037 0.988 0.047 
0.039 0.991 0.040 0.990 0.082 
0.029 0.993 0.048 0.983 0.009 
0.035 0.993 0.039 0.983 0.009 
0.032 0.991 0.041 0.985 0.016 
0.040 0.990 0.026 0.998 0.038 
0.046 0.987 0.032 0.990 0.006 
0.032 0.991 0.036 0.993 0.013 
0.034 0.991 0.034 0.995 0.038 
0.031 0.993 0.024 0.990 0.016 
0.026 0.993 0.032 0.988 0.009 
0.040 0.989 0.060 0.978 0.000 
0.029 0.993 0.036 0.985 0.009 
0.035 0.993 0.034 0.988 0.013 
0.037 0.991 0.035 0.990 0.025 
0.027 0.993 0.026 0.990 0.022 
0.027 0.994 0.027 0.993 0.038 
0.036 0.990 0.040 0.980 0.003 
0.037 0.991 0.043 0.983 0.003 
0.034 0.992 0.046 0.983 0.009 
0.029 0.993 0.021 0.998 0.028 
0.036 0.992 0.040 0.995 0.022 
0.026 0.994 0.025 0.995 0.053 
0.036 0.992 0.032 0.995 0.013 
0.031 0.994 0.103 0.965 0.000 
0.028 0.993 0.054 0.978 0.000 
0.026 0.993 0.032 0.988 0.000 
0.038 0.991 0.048 0.998 0.025 
0.021 0.996 0.016 0.993 0.019 
0.035 0.993 0.036 0.998 0.050 
0.031 0.991 0.030 0.988 0.003 
0.034 0.988 0.029 0.993 0.013 
0.028 0.993 0.043 0.995 0.003 
0.023 0.993 0.027 0.995 0.072 
0.025 0.994 0.024 0.998 0.025 
0.027 0.993 0.027 0.993 0.016 
0.038 0.991 0.025 0.993 0.013 
0.029 0.993 0.045 0.990 0.000 
0.028 0.993 0.030 0.995 0.028 
0.030 0.993 0.030 0.988 0.000 
0.032 0.993 0.040 0.990 0.006 
0.036 0.993 0.036 0.990 0.000 
0.024 0.993 0.014 0.998 0.041 
0.032 0.994 0.019 0.998 0.060 
0.035 0.990 0.038 0.985 0.000 
0.029 0.992 0.033 0.998 0.006 
0.024 0.994 0.018 0.998 0.022 
0.031 0.992 0.024 0.998 0.006 
0.030 0.991 0.030 0.993 0.000 
0.028 0.994 0.024 0.993 0.000 
0.027 0.993 0.021 0.988 0.000 
0.034 0.992 0.037 0.988 0.000 
0.025 0.994 0.016 0.998 0.009 
0.020 0.996 0.020 0.993 0.003 
0.023 0.993 0.012 1.000 0.047 
0.033 0.992 0.012 0.998 0.022 
0.028 0.991 0.025 0.998 0.013 
0.030 0.991 0.031 0.995 0.000 
0.026 0.992 0.028 0.993 0.000 
0.026 0.994 0.032 0.993 0.000 
0.030 0.991 0.034 0.985 0.000 
0.026 0.991 0.020 0.993 0.028 
0.022 0.994 0.037 0.988 0.003 
0.020 0.996 0.014 0.998 0.085 
0.024 0.993 0.027 0.990 0.013 
0.028 0.993 0.059 0.980 0.000 
0.030 0.991 0.036 0.990 0.003 
0.021 0.996 0.033 0.988 0.000 
0.023 0.994 0.034 0.990 0.003 
0.019 0.995 0.023 0.993 0.009 
0.026 0.997 0.014 0.995 0.028 
0.036 0.989 0.026 0.993 0.013 
0.026 0.993 0.022 0.998 0.009 
0.026 0.993 0.027 0.993 0.000 
0.022 0.992 0.016 0.998 0.003 
0.024 0.994 0.025 0.993 0.006 
0.028 0.991 0.015 1.000 0.022 
0.027 0.993 0.036 0.985 0.047 
0.036 0.992 0.024 0.990 0.003 
0.025 0.994 0.016 0.998 0.056 
0.044 0.990 0.021 0.993 0.016 
0.025 0.994 0.038 0.990 0.000 
0.027 0.994 0.052 0.983 0.000 
0.027 0.993 0.034 0.993 0.000 
0.024 0.996 0.019 0.998 0.000 
0.032 0.993 0.031 0.995 0.000 
0.027 0.992 0.038 0.990 0.000 
0.028 0.994 0.056 0.978 0.000 
0.028 0.992 0.031 0.990 0.000 
0.027 0.991 0.035 0.988 0.000 
0.028 0.993 0.024 0.995 0.006 
0.021 0.994 0.033 0.990 0.000 
0.023 0.994 0.032 0.995 0.003 
0.024 0.994 0.022 0.995 0.028 
0.027 0.992 0.034 0.990 0.000 
0.026 0.993 0.032 0.990 0.000 
0.021 0.994 0.024 0.990 0.022 
0.022 0.994 0.047 0.998 0.044 
0.026 0.991 0.040 0.983 0.000 
0.018 0.994 0.032 0.990 0.003 
0.017 0.996 0.016 0.993 0.013 
0.023 0.994 0.021 0.990 0.000 
0.023 0.994 0.021 0.995 0.019 
0.025 0.994 0.027 0.995 0.006 
0.027 0.993 0.032 0.993 0.003 
0.024 0.993 0.062 0.978 0.000 
0.021 0.994 0.024 0.998 0.009 
0.024 0.995 0.029 0.988 0.000 
0.027 0.994 0.022 0.998 0.028 
0.024 0.992 0.021 0.995 0.050 
0.028 0.991 0.016 1.000 0.009 
0.023 0.994 0.023 0.990 0.009 
0.022 0.995 0.035 0.985 0.003 
0.028 0.995 0.036 0.990 0.000 
0.025 0.994 0.057 0.980 0.000 
0.024 0.994 0.035 0.983 0.000 
0.021 0.996 0.021 0.993 0.000 
0.027 0.991 0.094 0.963 0.000 
0.023 0.993 0.034 0.985 0.000 
0.025 0.993 0.023 0.995 0.000 
0.020 0.994 0.030 0.995 0.000 
0.019 0.995 0.022 0.995 0.000 
0.027 0.993 0.042 0.988 0.000 
0.017 0.996 0.013 1.000 0.006 
0.029 0.991 0.021 0.995 0.000 
0.033 0.992 0.021 0.998 0.000 
0.034 0.991 0.036 0.983 0.000 
0.021 0.993 0.018 0.993 0.000 
0.023 0.993 0.018 0.998 0.000 
0.015 0.996 0.027 0.995 0.000 
0.041 0.993 0.020 0.993 0.000 
0.020 0.994 0.031 0.985 0.000 
0.020 0.995 0.026 0.993 0.000 
0.019 0.994 0.020 0.995 0.006 
0.024 0.993 0.027 1.000 0.016 
0.027 0.994 0.037 0.988 0.000 
0.027 0.991 0.037 0.980 0.000 
0.025 0.994 0.034 0.988 0.000 
0.020 0.994 0.031 0.990 0.000 
0.019 0.994 0.021 0.995 0.000 
0.018 0.994 0.032 0.988 0.000 
0.029 0.992 0.032 0.988 0.000 
0.017 0.995 0.028 0.990 0.000 
0.017 0.996 0.036 0.990 0.000 
0.023 0.991 0.029 0.993 0.000 
0.012 0.996 0.024 0.993 0.000 
0.021 0.994 0.017 0.995 0.000 
0.017 0.996 0.024 0.990 0.000 
0.017 0.996 0.007 1.000 0.006 
0.031 0.992 0.019 0.995 0.000 
0.021 0.995 0.021 0.995 0.000 
0.013 0.997 0.018 0.998 0.000 
0.016 0.995 0.020 0.995 0.000 
0.016 0.995 0.119 0.988 0.000 
0.021 0.994 0.016 0.998 0.000 
0.019 0.995 0.014 0.998 0.000 
0.021 0.994 0.030 0.993 0.000 
0.014 0.996 0.007 0.998 0.003 
0.019 0.994 0.045 0.990 0.000 
0.019 0.997 0.011 0.998 0.000 
0.026 0.992 0.042 0.978 0.000 
0.018 0.994 0.023 0.998 0.003 
0.024 0.994 0.020 0.995 0.000 
0.031 0.993 0.027 0.990 0.000 
0.021 0.995 0.015 0.995 0.000 
0.024 0.996 0.016 0.998 0.003 
0.014 0.995 0.011 0.998 0.003 
0.024 0.992 0.015 0.998 0.000 
0.018 0.995 0.016 0.998 0.006 
0.015 0.996 0.022 0.995 0.009 
0.021 0.993 0.024 0.998 0.000 
0.014 0.994 0.016 0.998 0.003 
0.017 0.996 0.024 0.998 0.003 
0.014 0.996 0.039 0.995 0.078 
0.020 0.994 0.077 0.978 0.000 
0.018 0.993 0.017 0.995 0.003 
0.018 0.995 0.015 0.998 0.000 
0.021 0.995 0.033 0.983 0.000 
0.012 0.997 0.006 0.995 0.000 
0.024 0.995 0.019 0.995 0.000 
0.024 0.994 0.018 0.998 0.000 
0.017 0.995 0.044 0.985 0.000 
0.021 0.993 0.017 0.995 0.000 
0.020 0.996 0.023 0.993 0.000 
0.017 0.995 0.025 0.998 0.009 
0.020 0.996 0.024 0.995 0.013 
0.020 0.996 0.026 0.995 0.025 
0.021 0.994 0.010 0.998 0.016 
0.016 0.995 0.222 0.983 0.000 
0.024 0.996 0.025 0.998 0.000 
0.022 0.993 0.028 0.993 0.000 
0.025 0.996 0.025 0.998 0.000 
0.023 0.994 0.023 0.993 0.000 
0.021 0.994 0.030 0.985 0.000 
0.023 0.994 0.024 0.990 0.000 
0.018 0.995 0.024 0.995 0.000 
0.031 0.993 0.024 0.998 0.003 
0.019 0.994 0.016 0.995 0.003 
0.024 0.993 0.026 0.998 0.003 
0.013 0.995 0.020 0.993 0.003 
0.030 0.993 0.018 0.998 0.000 
0.013 0.994 0.021 0.993 0.016 
0.015 0.995 0.019 0.993 0.000 
0.028 0.994 0.026 0.998 0.006 
0.025 0.994 0.040 0.988 0.000 
0.020 0.996 0.018 0.995 0.000 
0.036 0.991 0.053 0.983 0.000 
0.021 0.993 0.022 0.995 0.003 
0.029 0.994 0.042 0.985 0.000 
0.039 0.995 0.016 0.993 0.003 
0.028 0.993 0.023 0.993 0.003 
0.013 0.996 0.018 0.995 0.025 
0.018 0.996 0.070 0.970 0.000 
0.023 0.994 0.033 0.993 0.000 
0.014 0.996 0.019 0.990 0.003 
0.025 0.994 0.028 0.993 0.000 
0.028 0.994 0.034 0.993 0.072 
0.020 0.995 0.013 0.998 0.041 
0.022 0.993 0.030 0.993 0.000 
0.014 0.998 0.033 0.988 0.085 
0.023 0.994 0.016 0.998 0.003 
0.024 0.993 0.013 0.998 0.003 
0.022 0.994 0.026 0.995 0.000 
0.019 0.993 0.055 0.978 0.000 
0.014 0.998 0.051 0.980 0.000 
0.024 0.994 0.053 0.980 0.000 
0.020 0.995 0.045 0.980 0.000 
0.019 0.993 0.049 0.975 0.000 
0.021 0.995 0.059 0.975 0.000 
0.016 0.994 0.092 0.978 0.006 
0.017 0.993 0.030 0.988 0.000 
0.019 0.995 0.022 0.995 0.000 
0.010 0.998 0.018 0.995 0.009 
0.013 0.998 0.014 0.995 0.000 
0.025 0.991 0.018 0.995 0.000 
0.018 0.994 0.029 0.993 0.000 
0.018 0.996 0.014 0.995 0.000 
0.023 0.993 0.020 0.993 0.000 
0.013 0.996 0.029 0.985 0.000 
0.028 0.994 0.043 0.985 0.000 
0.016 0.997 0.007 1.000 0.000 
0.020 0.994 0.019 1.000 0.003 
0.019 0.995 0.017 0.995 0.006 
0.015 0.996 0.012 1.000 0.044 
0.024 0.995 0.049 0.975 0.000 
0.017 0.995 0.014 0.998 0.003 
0.014 0.997 0.014 0.998 0.000 
0.018 0.996 0.027 0.990 0.003 
0.028 0.995 0.043 0.980 0.000 
0.031 0.991 0.021 0.995 0.000 
0.013 0.996 0.022 0.993 0.000 
0.027 0.993 0.033 0.985 0.000 
0.012 0.997 0.016 0.995 0.000 
0.020 0.993 0.020 0.995 0.000 
0.027 0.993 0.016 0.998 0.000 
0.023 0.992 0.026 0.990 0.000 
0.018 0.996 0.035 0.990 0.000 
0.018 0.993 0.012 0.998 0.000 
0.023 0.995 0.052 0.978 0.000 
0.011 0.996 0.019 0.995 0.000 
0.022 0.994 0.028 0.993 0.000 
0.019 0.996 0.038 0.985 0.000 
0.030 0.992 0.015 0.998 0.000 
0.018 0.996 0.019 0.998 0.000 
0.014 0.996 0.071 0.970 0.000 
0.012 0.996 0.042 0.978 0.000 
0.025 0.994 0.020 0.993 0.000 
0.029 0.993 0.020 0.998 0.000 
0.017 0.996 0.033 0.985 0.003 
0.021 0.996 0.024 0.990 0.000 
0.021 0.995 0.038 0.983 0.000 
0.023 0.994 0.025 0.988 0.000 
0.025 0.994 0.033 0.985 0.000 
0.043 0.993 0.037 0.988 0.000 
0.020 0.993 0.038 0.993 0.003 
0.022 0.994 0.037 0.988 0.000 
0.013 0.996 0.019 0.995 0.000 
0.009 0.998 0.012 0.998 0.000 
0.014 0.994 0.017 0.995 0.003 
0.018 0.994 0.018 0.995 0.034 
0.022 0.996 0.016 0.995 0.019 
0.024 0.994 0.036 0.988 0.000 
0.013 0.996 0.030 0.988 0.000 
0.012 0.997 0.022 0.998 0.009 
0.020 0.993 0.033 0.985 0.000 
0.032 0.991 0.020 0.995 0.009 
0.018 0.995 0.023 0.993 0.000 
0.021 0.996 0.012 0.998 0.053 
0.023 0.995 0.041 0.985 0.000 
0.018 0.994 0.024 0.990 0.000 
0.015 0.996 0.020 0.993 0.006 
0.014 0.997 0.067 0.970 0.000 
0.018 0.996 0.019 0.995 0.248 
0.027 0.994 0.059 0.975 0.000 
0.015 0.995 0.011 0.998 0.197 
0.012 0.996 0.017 0.995 0.050 
0.028 0.993 0.037 0.988 0.009 
0.014 0.997 0.018 0.998 0.022 
0.008 0.999 0.017 0.995 0.000 
0.027 0.993 0.036 0.985 0.000 
0.020 0.991 0.042 0.983 0.000 
0.020 0.993 0.018 0.993 0.009 
0.015 0.996 0.023 0.988 0.013 
0.016 0.997 0.017 0.993 0.003 
0.020 0.994 0.061 0.973 0.000 
0.025 0.996 0.037 0.983 0.000 
0.015 0.996 0.050 0.983 0.000 
0.028 0.993 0.016 0.995 0.006 
0.022 0.995 0.011 0.998 0.041 
0.025 0.995 0.032 0.990 0.003 
0.019 0.994 0.011 0.998 0.006 
0.024 0.995 0.048 0.978 0.000 
0.027 0.994 0.051 0.975 0.003 
0.016 0.996 0.012 0.998 0.044 
0.014 0.996 0.031 0.985 0.000 
0.014 0.995 0.025 0.990 0.000 
0.021 0.994 0.027 0.995 0.000 
0.018 0.996 0.022 0.995 0.000 
0.017 0.995 0.045 0.983 0.000 
0.018 0.997 0.099 0.963 0.000 
0.023 0.993 0.076 0.973 0.000 
0.036 0.994 0.027 0.990 0.000 
0.011 0.998 0.025 0.988 0.000 
0.013 0.995 0.031 0.988 0.000 
0.017 0.995 0.024 0.993 0.000 
0.014 0.997 0.042 0.985 0.000 
0.012 0.997 0.012 0.998 0.000 
0.018 0.995 0.073 0.968 0.000 
0.020 0.993 0.006 0.998 0.003 
0.025 0.993 0.019 0.990 0.034 
0.014 0.994 0.011 0.995 0.006 
0.020 0.993 0.024 0.990 0.013 
0.014 0.994 0.020 0.990 0.000 
0.016 0.996 0.011 0.995 0.003 
0.021 0.995 0.016 0.995 0.000 
0.013 0.996 0.012 0.995 0.000 
0.039 0.995 0.011 0.998 0.000 
0.012 0.997 0.007 0.998 0.000 
0.019 0.996 0.033 0.988 0.000 
0.008 0.996 0.008 0.998 0.000 
0.014 0.998 0.009 0.998 0.000 
0.018 0.994 0.014 0.998 0.006 
0.015 0.995 0.034 0.990 0.000 
0.018 0.995 0.048 0.983 0.000 
0.023 0.994 0.157 0.988 0.000 
0.029 0.994 0.053 0.993 0.034 
0.015 0.996 0.034 0.985 0.006 
0.014 0.996 0.020 0.993 0.013 
0.021 0.994 0.021 0.993 0.009 
0.014 0.996 0.016 0.993 0.028 
0.031 0.996 0.028 0.993 0.016 
0.022 0.994 0.011 0.995 0.009 
0.022 0.996 0.011 1.000 0.072 
0.014 0.998 0.010 1.000 0.063 
0.014 0.996 0.013 0.998 0.019 
0.017 0.998 0.016 0.993 0.022 
0.023 0.996 0.062 0.973 0.000 
0.016 0.997 0.020 0.995 0.000 
0.019 0.993 0.084 0.980 0.000 
0.013 0.996 0.030 0.980 0.000 
0.018 0.996 0.047 0.973 0.000 
0.019 0.996 0.035 0.980 0.003 
0.031 0.991 0.051 0.978 0.000 
0.031 0.993 0.022 0.988 0.000 
0.017 0.996 0.012 0.998 0.003 
0.019 0.996 0.025 0.993 0.006 
0.010 0.997 0.014 0.998 0.006 
0.021 0.998 0.015 0.995 0.025 
0.018 0.996 0.025 0.988 0.013 
0.013 0.997 0.016 0.995 0.016 
0.016 0.994 0.328 0.975 0.003 
0.010 0.997 0.007 0.998 0.056 
0.019 0.994 0.027 0.990 0.003 
0.020 0.996 0.026 0.993 0.003 
0.018 0.994 0.020 0.993 0.022 
0.024 0.994 0.013 0.998 0.038 
0.020 0.995 0.030 0.990 0.000 
0.011 0.997 0.022 0.990 0.003 
0.025 0.993 0.013 0.998 0.022 
0.009 0.998 0.013 0.998 0.022 
0.014 0.996 0.020 0.993 0.016 
0.041 0.996 0.015 0.993 0.003 
0.012 0.998 0.015 0.993 0.022 
0.024 0.994 0.010 0.998 0.016 
0.025 0.996 0.017 0.998 0.013 
0.015 0.996 0.015 0.995 0.016 
0.022 0.995 0.035 0.985 0.000 
0.015 0.995 0.070 0.973 0.000 
0.021 0.993 0.073 0.973 0.000 
0.015 0.997 0.026 0.985 0.003 
0.010 0.998 0.016 0.993 0.022 
0.018 0.995 0.013 0.998 0.006 
0.014 0.996 0.034 0.985 0.000 
0.023 0.996 0.033 0.990 0.000 
0.026 0.995 0.031 0.990 0.000 
0.019 0.994 0.018 0.995 0.006 
0.013 0.996 0.029 0.990 0.013 
0.016 0.996 0.010 0.998 0.110 
0.034 0.993 0.021 0.993 0.031 
0.022 0.995 0.029 0.990 0.003 
0.014 0.997 0.013 0.995 0.019 
0.010 0.998 0.030 0.988 0.003 
0.025 0.994 0.045 0.983 0.003 
0.019 0.994 0.089 0.993 0.006 
0.015 0.996 0.102 0.993 0.006 
0.027 0.995 0.076 0.960 0.000 
0.014 0.997 0.022 0.993 0.000 
0.008 0.998 0.013 0.998 0.003 
0.010 0.998 0.018 0.993 0.006 
0.010 0.997 0.039 0.983 0.000 
0.014 0.998 0.057 0.980 0.000 
0.027 0.994 0.503 0.983 0.006 
0.026 0.993 0.047 0.975 0.000 
0.018 0.993 0.033 0.985 0.000 
0.014 0.998 0.089 0.990 0.003 
0.013 0.996 0.020 0.995 0.009 
0.017 0.996 0.009 0.998 0.022 
0.014 0.996 0.012 0.995 0.044 
0.013 0.996 0.016 0.993 0.006 
0.010 0.998 0.007 0.998 0.009 
0.025 0.994 0.016 0.993 0.028 
0.014 0.996 0.020 0.993 0.025 
0.017 0.996 0.051 0.980 0.006 
0.013 0.995 0.011 0.998 0.053 
0.021 0.994 0.021 0.993 0.006 
0.013 0.995 0.026 0.993 0.019 
0.020 0.993 0.010 0.998 0.038 
0.018 0.993 0.032 0.988 0.003 
0.015 0.993 0.027 0.993 0.003 
0.015 0.998 0.006 0.998 0.034 
0.024 0.993 0.008 0.998 0.016 
0.012 0.996 0.013 0.993 0.003 
0.038 0.994 0.049 0.983 0.000 
0.028 0.994 0.020 0.993 0.016 
0.020 0.996 0.043 0.985 0.000 
0.018 0.996 0.030 0.990 0.006 
0.012 0.998 0.006 0.998 0.025 
0.013 0.996 0.078 0.963 0.000 
0.013 0.996 0.033 0.990 0.025 
0.021 0.995 0.018 0.993 0.003 
0.015 0.995 0.182 0.983 0.000 
0.020 0.994 0.015 0.995 0.031 
0.018 0.994 0.081 0.990 0.003 
0.047 0.995 0.026 0.990 0.085 
0.029 0.994 0.009 0.998 0.041 
0.017 0.994 0.036 0.983 0.006 
0.019 0.992 0.028 0.988 0.006 
0.011 0.998 0.009 0.995 0.019 
0.017 0.996 0.034 0.983 0.000 
0.009 0.998 0.023 0.988 0.003 
0.023 0.995 0.034 0.983 0.000 
0.014 0.998 0.012 0.993 0.031 
0.015 0.994 0.017 0.993 0.003 
0.028 0.991 0.030 0.983 0.000 
0.031 0.994 0.054 0.980 0.000 
0.014 0.996 0.019 0.993 0.016 
0.007 0.998 0.018 0.990 0.006 
0.021 0.995 0.024 0.985 0.000 
0.010 0.998 0.023 0.990 0.000 
0.029 0.994 0.029 0.990 0.000 
0.064 0.993 0.010 0.995 0.006 
0.019 0.993 0.040 0.978 0.000 
0.024 0.998 0.035 0.988 0.000 
0.013 0.996 0.012 0.993 0.006 
0.036 0.993 0.035 0.985 0.000 
0.016 0.998 0.010 0.998 0.060 
0.027 0.993 0.040 0.980 0.006 
0.014 0.995 0.010 0.998 0.044 
0.013 0.998 0.037 0.983 0.022 
0.015 0.996 0.021 0.990 0.038 
0.028 0.993 0.014 0.993 0.053 
0.014 0.996 0.096 0.975 0.000 
0.035 0.993 0.012 0.993 0.050 
0.018 0.996 0.028 0.988 0.047 
0.014 0.997 0.013 0.995 0.078 
0.015 0.996 0.025 0.990 0.041 
0.013 0.996 0.052 0.980 0.009 
0.018 0.996 0.012 0.995 0.078 
0.014 0.996 0.020 0.990 0.038 
0.037 0.993 0.061 0.975 0.000 
0.013 0.997 0.010 0.995 0.050 
0.015 0.995 0.028 0.990 0.000 
0.012 0.996 0.015 0.993 0.041 
0.013 0.997 0.027 0.993 0.006 
0.016 0.996 0.044 0.980 0.000 
0.018 0.992 0.035 0.985 0.013 
0.023 0.994 0.017 0.993 0.041 
0.011 0.996 0.007 0.998 0.050 
0.021 0.993 0.021 0.990 0.003 
0.021 0.996 0.033 0.983 0.009 
0.014 0.996 0.022 0.993 0.019 
0.023 0.993 0.052 0.980 0.003 
0.019 0.994 0.019 0.993 0.009 
0.010 0.998 0.018 0.993 0.003 
0.017 0.998 0.020 0.993 0.003 
0.019 0.995 0.137 0.968 0.000 
0.024 0.993 0.042 0.988 0.000 
0.010 0.997 0.027 0.988 0.000 
0.035 0.993 0.021 0.990 0.019 
0.014 0.994 0.024 0.990 0.022 
0.013 0.996 0.027 0.988 0.009 
0.015 0.994 0.014 0.995 0.009 
0.010 0.997 0.013 0.995 0.019 
0.011 0.996 0.018 0.993 0.009 
0.015 0.997 0.017 0.995 0.006 
0.016 0.994 0.014 0.998 0.006 
0.016 0.994 0.030 0.988 0.000 
0.024 0.994 0.014 0.995 0.006 
0.015 0.996 0.035 0.980 0.006 
0.016 0.994 0.026 0.990 0.003 
0.016 0.996 0.056 0.978 0.000 
0.013 0.996 0.035 0.985 0.000 
0.015 0.996 0.018 0.993 0.003 
0.015 0.995 0.845 0.978 0.003 
0.025 0.995 0.027 0.988 0.003 
0.016 0.996 0.024 0.990 0.000 
0.019 0.994 0.476 0.983 0.000 
0.016 0.995 0.026 0.990 0.003 
0.018 0.994 0.051 0.978 0.000 
0.020 0.993 0.019 0.993 0.003 
0.014 0.996 0.100 0.985 0.006 
0.013 0.995 0.015 0.995 0.031 
0.013 0.996 0.014 0.998 0.075 
0.017 0.995 0.019 0.993 0.022 
0.019 0.994 0.012 0.995 0.066 
0.016 0.995 0.033 0.988 0.003 
0.011 0.996 0.013 0.995 0.038 
0.010 0.999 0.010 0.995 0.044 
0.013 0.998 0.056 0.980 0.006 
0.016 0.996 0.030 0.990 0.003 
0.005 0.999 0.015 0.998 0.003 
0.022 0.994 0.017 0.990 0.009 
0.021 0.994 0.054 0.975 0.000 
0.025 0.994 0.042 0.978 0.000 
0.009 0.998 0.015 0.998 0.000 
0.019 0.994 0.012 0.998 0.006 
0.008 0.999 0.027 0.995 0.003 
0.017 0.994 0.071 0.975 0.000 
0.016 0.995 0.012 0.998 0.003 
0.018 0.996 0.052 0.978 0.000 
0.015 0.995 0.012 0.998 0.003 
0.013 0.994 0.007 0.998 0.041 
0.007 0.998 0.021 0.993 0.006 
0.015 0.996 0.031 0.993 0.003 
0.013 0.996 0.014 0.998 0.016 
0.019 0.994 0.019 0.993 0.000 
0.012 0.996 0.020 0.993 0.000 
0.024 0.997 0.035 0.983 0.000 
0.015 0.994 0.008 1.000 0.028 
0.023 0.994 0.025 0.993 0.016 
0.042 0.993 0.004 0.998 0.041 
0.019 0.994 0.014 0.995 0.025 
0.034 0.995 0.014 0.998 0.006 
0.020 0.996 0.009 0.998 0.028 
0.014 0.995 0.023 0.990 0.000 
0.016 0.995 0.016 0.995 0.003 
0.022 0.998 0.029 0.990 0.000 
0.022 0.995 0.010 0.995 0.006 
0.020 0.993 0.013 0.995 0.009 
0.015 0.996 0.075 0.970 0.000 
0.029 0.994 0.023 0.995 0.006 
0.014 0.996 0.029 0.995 0.000 
0.011 0.997 0.011 0.998 0.038 
0.015 0.998 0.013 0.995 0.009 
0.010 0.998 0.010 0.998 0.009 
0.018 0.996 0.012 0.998 0.019 
0.014 0.996 0.021 0.990 0.003 
0.014 0.996 0.007 0.998 0.009 
0.013 0.997 0.037 0.978 0.000 
0.023 0.993 0.029 0.980 0.000 
0.016 0.996 0.021 0.995 0.000 
0.017 0.996 0.032 0.983 0.000 
0.010 0.996 0.006 1.000 0.009 
0.015 0.996 0.006 0.998 0.028 
0.019 0.996 0.028 0.985 0.000 
0.015 0.996 0.037 0.983 0.000 
0.013 0.996 0.007 0.998 0.019 
0.010 0.997 0.026 0.990 0.003 
0.017 0.994 0.011 0.995 0.003 
0.029 0.996 0.025 0.990 0.000 
0.027 0.993 0.039 0.983 0.000 
0.010 0.996 0.015 0.995 0.000 
0.021 0.993 0.016 0.995 0.000 
0.010 0.998 0.008 0.995 0.000 
0.029 0.996 0.015 0.993 0.006 
0.019 0.995 0.059 0.975 0.000 
0.009 0.997 0.014 0.993 0.003 
0.033 0.994 0.022 0.990 0.000 
0.017 0.997 0.032 0.985 0.000 
0.014 0.997 0.042 0.985 0.003 
0.010 0.997 0.021 0.993 0.025 
0.016 0.998 0.048 0.980 0.000 
0.018 0.994 0.048 0.980 0.000 
0.012 0.994 0.033 0.988 0.000 
0.007 0.999 0.033 0.988 0.000 
0.013 0.996 0.061 0.980 0.000 
0.015 0.996 0.024 0.988 0.006 
0.021 0.996 0.006 0.998 0.047 
0.012 0.997 0.008 0.998 0.000 
0.032 0.993 0.058 0.985 0.000 
0.013 0.998 0.014 0.995 0.006 
0.021 0.994 0.008 0.998 0.009 
0.013 0.997 0.025 0.995 0.003 
0.015 0.996 0.015 0.993 0.003 
0.020 0.995 0.032 0.985 0.000 
0.010 0.995 0.024 0.988 0.000 
0.015 0.996 0.010 0.998 0.003 
0.014 0.994 0.026 0.990 0.000 
0.013 0.997 0.017 0.993 0.006 
0.015 0.996 0.043 0.983 0.003 
0.009 0.996 0.008 0.998 0.016 
0.010 0.998 0.021 0.990 0.009 
0.017 0.995 0.023 0.990 0.009 
0.008 0.998 0.031 0.993 0.003 
0.032 0.994 0.015 0.993 0.003 
0.015 0.997 0.020 0.993 0.003 
0.018 0.995 0.036 0.985 0.003 
0.013 0.997 0.011 0.995 0.003 
0.016 0.992 0.054 0.985 0.003 
0.040 0.994 0.023 0.990 0.009 
0.015 0.995 0.056 0.993 0.003 
0.014 0.997 0.006 0.998 0.022 
0.020 0.994 0.021 0.993 0.009 
0.018 0.995 0.030 0.988 0.025 
0.011 0.997 0.011 0.995 0.041 
0.007 0.998 0.008 0.998 0.019 
0.018 0.994 0.021 0.995 0.006 
0.019 0.995 0.017 0.993 0.006 
0.043 0.996 0.023 0.993 0.006 
0.029 0.993 0.026 0.988 0.009 
0.019 0.994 0.027 0.993 0.022 
0.044 0.995 0.034 0.993 0.019 
0.016 0.993 0.037 0.988 0.000 
0.017 0.996 0.021 0.993 0.009 
0.011 0.997 0.011 0.993 0.003 
0.026 0.993 0.018 0.993 0.006 
0.013 0.996 0.182 0.985 0.003 
0.018 0.994 0.024 0.993 0.003 
0.017 0.995 0.008 1.000 0.053 
0.008 0.998 0.019 0.993 0.006 
0.017 0.996 0.013 0.993 0.009 
0.016 0.996 0.042 0.993 0.003 
0.015 0.996 0.020 0.993 0.006 
0.011 0.998 0.017 0.993 0.022 
0.014 0.996 0.011 0.995 0.009 
0.011 0.998 0.013 0.995 0.009 
0.009 0.996 0.017 0.993 0.006 
0.019 0.998 0.014 0.993 0.003 
0.006 0.999 0.032 0.988 0.000 
0.018 0.994 0.021 0.993 0.003 
0.028 0.995 0.039 0.983 0.016 
0.018 0.996 0.010 0.995 0.044 
0.018 0.996 0.019 0.993 0.016 
0.008 0.998 0.029 0.993 0.000 
0.030 0.991 0.035 0.985 0.000 
0.011 0.998 0.029 0.990 0.000 
0.013 0.996 0.012 0.995 0.003 
0.025 0.994 0.021 0.990 0.003 
0.014 0.998 0.028 0.990 0.000 
0.018 0.994 0.067 0.983 0.000 
0.011 0.997 0.018 0.993 0.000 
0.009 0.996 0.012 0.993 0.003 
0.024 0.995 0.029 0.990 0.000 
0.019 0.996 0.025 0.993 0.000 
0.014 0.994 0.023 0.993 0.000 
0.019 0.994 0.018 0.993 0.003 
0.014 0.997 0.074 0.968 0.000 
0.018 0.994 0.017 0.990 0.000 
0.014 0.996 0.017 0.993 0.000 
0.003 0.999 0.006 0.998 0.003 
0.021 0.996 0.041 0.983 0.000 
0.018 0.994 0.033 0.985 0.000 
0.009 0.998 0.012 0.995 0.019 
0.024 0.993 0.011 0.998 0.072 
0.023 0.996 0.032 0.983 0.000 
0.009 0.998 0.010 0.998 0.025 
0.011 0.998 0.071 0.968 0.000 
0.021 0.996 0.031 0.993 0.006 
0.018 0.995 0.025 0.993 0.003 
0.018 0.995 0.016 0.995 0.000 
0.011 0.996 0.028 0.985 0.000 
0.017 0.995 0.008 0.998 0.003 
0.012 0.997 0.013 0.995 0.003 
0.016 0.995 0.017 0.990 0.013 
0.022 0.994 0.014 0.993 0.003 
0.017 0.994 0.018 0.995 0.003 
0.024 0.993 0.026 0.990 0.000 
0.011 0.996 0.010 0.998 0.000 
0.026 0.993 0.008 0.998 0.000 
0.010 0.996 0.026 0.985 0.000 
0.012 0.997 0.013 0.998 0.000 
0.022 0.996 0.018 0.995 0.000 
0.011 0.997 0.012 0.995 0.016 
0.032 0.993 0.021 0.990 0.006 
0.015 0.994 0.017 0.993 0.006 
0.010 0.998 0.028 0.985 0.000 
0.013 0.996 0.010 0.995 0.028 
0.015 0.996 0.013 0.995 0.003 
0.011 0.998 0.015 0.993 0.003 
0.018 0.994 0.021 0.993 0.006 
0.009 0.997 0.027 0.988 0.000 
0.018 0.994 0.030 0.990 0.003 
0.016 0.996 0.022 0.993 0.000 
0.020 0.993 0.021 0.990 0.000 
0.018 0.995 0.022 0.988 0.000 
0.034 0.993 0.027 0.990 0.000 
0.012 0.997 0.020 0.993 0.000 
0.023 0.998 0.044 0.985 0.000 
0.024 0.993 0.019 0.993 0.000 
0.025 0.996 0.019 0.993 0.003 
0.018 0.996 0.012 0.998 0.006 
0.023 0.995 0.017 0.998 0.003 
0.019 0.996 0.032 0.988 0.000 
0.018 0.995 0.009 0.998 0.003 
0.008 0.998 0.029 0.993 0.000 
0.020 0.995 0.054 0.978 0.006 
0.014 0.994 0.035 0.988 0.003 
0.007 0.997 0.020 0.995 0.006 
0.017 0.994 0.132 0.968 0.000 
0.018 0.998 0.012 0.998 0.019 
0.028 0.994 0.021 0.990 0.000 
0.018 0.996 0.036 0.990 0.000 
0.012 0.998 0.022 0.993 0.003 
0.016 0.996 0.022 0.990 0.000 
0.011 0.996 0.007 0.998 0.016 
0.017 0.996 0.015 0.995 0.000 
0.018 0.995 0.060 0.993 0.000 
0.012 0.996 0.011 0.998 0.000 
0.017 0.997 0.052 0.980 0.000 
0.009 0.998 0.033 0.988 0.000 
0.012 0.998 0.011 0.998 0.022 
0.018 0.992 0.013 0.998 0.000 
0.013 0.996 0.009 0.998 0.006 
0.012 0.996 0.047 0.985 0.000 
0.022 0.994 0.066 0.970 0.000 
0.016 0.995 0.027 0.993 0.000 
0.008 0.997 0.031 0.985 0.000 
0.008 0.996 0.012 0.998 0.003 
0.021 0.996 0.015 0.995 0.003 
0.027 0.996 0.020 0.990 0.016 
0.012 0.997 0.013 0.995 0.000 
0.072 0.993 0.036 0.985 0.000 
0.015 0.996 0.022 0.993 0.003 
0.025 0.996 0.008 0.998 0.000 
0.016 0.998 0.010 1.000 0.025 
0.018 0.993 0.019 0.993 0.003 
0.017 0.995 0.015 0.993 0.003 
0.017 0.994 0.028 0.990 0.000 
0.013 0.994 0.022 0.990 0.000 
0.014 0.996 0.041 0.990 0.000 
0.015 0.996 0.004 0.998 0.003 
0.020 0.996 0.013 0.995 0.000 
0.020 0.994 0.011 0.998 0.000 
0.008 0.997 0.024 0.993 0.000 
0.017 0.996 0.015 0.995 0.000 
0.014 0.994 0.006 0.998 0.003 
0.010 0.996 0.005 0.998 0.003 
0.020 0.994 0.013 0.995 0.000 
0.007 0.999 0.023 0.990 0.000 
0.006 0.997 0.007 0.998 0.000 
0.016 0.995 0.019 0.995 0.000 
0.015 0.998 0.039 0.983 0.000 
0.018 0.996 0.014 0.998 0.006 
0.016 0.994 0.020 0.995 0.000 
0.014 0.996 0.017 0.995 0.000 
0.030 0.997 0.023 0.993 0.003 
0.013 0.996 0.030 0.990 0.000 
0.010 0.998 0.032 0.990 0.000 
0.006 0.999 0.027 0.990 0.003 
0.014 0.994 0.021 0.995 0.003 
0.010 0.996 0.032 0.988 0.000 
0.008 0.997 0.044 0.990 0.000 
0.008 0.998 0.037 0.985 0.000 
0.021 0.998 0.019 0.993 0.000 
0.018 0.993 0.009 0.998 0.013 
0.002 0.999 0.019 0.995 0.000 
0.005 0.998 0.012 0.998 0.000 
0.020 0.996 0.019 0.990 0.003 
0.010 0.998 0.017 0.995 0.000 
0.033 0.996 0.018 0.995 0.000 
0.009 0.999 0.028 0.995 0.000 
0.016 0.993 0.037 0.990 0.000 
0.015 0.993 0.028 0.993 0.000 
0.009 0.997 0.020 0.993 0.003 
0.012 0.996 0.013 0.998 0.000 
0.006 0.998 0.006 1.000 0.006 
0.018 0.996 0.021 0.995 0.000 
0.009 0.996 0.018 0.998 0.038 
0.022 0.998 0.015 0.995 0.082 
0.046 0.991 0.006 0.995 0.013 
0.025 0.996 0.029 0.988 0.003 
0.011 0.997 0.011 0.995 0.016 
0.009 0.998 0.013 0.995 0.000 
0.011 0.996 0.022 0.988 0.003 
0.013 0.997 0.050 0.985 0.000 
0.008 0.997 0.011 0.995 0.000 
0.009 0.997 0.054 0.983 0.000 
0.017 0.993 0.012 0.995 0.003 
0.010 0.996 0.014 0.993 0.000 
0.003 0.999 0.053 0.993 0.000 
0.044 0.993 0.014 0.995 0.000 
0.025 0.997 0.018 0.990 0.000 
0.016 0.996 0.027 0.988 0.000 
0.007 0.998 0.012 0.998 0.000 
0.015 0.995 0.031 0.990 0.000 
0.016 0.995 0.031 0.990 0.000 
0.016 0.995 0.008 0.998 0.000 
0.005 0.998 0.006 0.998 0.025 
0.026 0.993 0.017 0.990 0.003 
0.007 0.997 0.021 0.993 0.000 
0.018 0.995 0.022 0.990 0.000 
0.004 0.999 0.017 0.993 0.000 
0.016 0.999 0.017 0.993 0.000 
0.009 0.995 0.025 0.993 0.000 
0.027 0.996 0.021 0.990 0.000 
0.022 0.997 0.011 0.995 0.016 
0.010 0.996 0.012 0.995 0.022 
0.009 0.996 0.089 0.993 0.000 
0.021 0.997 0.009 0.998 0.000 
0.010 0.998 0.013 0.995 0.003 
0.011 0.997 0.009 0.995 0.000 
0.012 0.998 0.023 0.995 0.000 
0.010 0.997 0.010 0.995 0.019 
0.018 0.994 0.018 0.998 0.000 
0.015 0.995 0.014 0.995 0.000 
0.014 0.994 0.013 0.995 0.000 
0.017 0.995 0.028 0.993 0.000 
0.014 0.996 0.006 1.000 0.000 
0.013 0.995 0.013 0.995 0.000 
0.022 0.996 0.051 0.975 0.000 
0.012 0.995 0.022 0.990 0.000 
0.011 0.996 0.011 0.995 0.000 
0.009 0.996 0.010 0.998 0.000 
0.014 0.994 0.019 0.990 0.000 
0.021 0.994 0.020 0.995 0.000 
0.040 0.991 0.052 0.988 0.000 
0.028 0.993 0.027 0.993 0.000 
0.013 0.996 0.008 0.998 0.006 
0.015 0.995 0.006 0.998 0.013 
0.015 0.994 0.012 0.995 0.003 
0.018 0.994 0.012 0.998 0.000 
0.015 0.996 0.011 0.998 0.000 
0.010 0.998 0.021 0.993 0.000 
0.018 0.995 0.022 0.993 0.016 
0.012 0.998 0.006 0.998 0.022 
0.009 0.997 0.020 0.990 0.000 
0.010 0.997 0.011 0.998 0.003 
0.009 0.997 0.030 0.995 0.000 
0.014 0.996 0.015 0.995 0.000 
0.006 0.998 0.014 0.998 0.000 
0.013 0.997 0.013 0.998 0.003 
0.012 0.996 0.013 0.998 0.000 
0.014 0.996 0.007 0.998 0.006 
0.013 0.996 0.029 0.990 0.000 
0.024 0.994 0.021 0.995 0.003 
0.030 0.994 0.044 0.993 0.000 
0.024 0.994 0.031 0.985 0.000 
0.019 0.995 0.021 0.990 0.000 
0.022 0.994 0.027 0.990 0.000 
0.015 0.996 0.010 0.998 0.000 
0.012 0.997 0.031 0.990 0.000 
0.008 0.998 0.009 0.998 0.000 
0.014 0.996 0.021 0.993 0.000 
0.002 1.000 0.005 0.998 0.000 
0.022 0.994 0.016 0.993 0.000 
0.048 0.991 0.031 0.988 0.000 
0.014 0.996 0.015 0.993 0.000 
0.009 0.998 0.011 0.998 0.003 
0.007 0.998 0.011 0.998 0.000 
0.015 0.995 0.010 0.998 0.000 
0.011 0.996 0.026 0.993 0.000 
0.010 0.996 0.017 0.998 0.000 
0.057 0.992 0.009 0.998 0.016 
0.010 0.996 0.013 0.993 0.000 
0.011 0.996 0.008 0.998 0.006 
0.005 0.998 0.017 0.993 0.000 
0.009 0.998 0.017 0.993 0.003 
0.020 0.994 0.042 0.985 0.000 
0.008 0.997 0.021 0.990 0.003 
0.010 0.996 0.019 0.990 0.003 
0.007 0.997 0.019 0.990 0.003 
0.017 0.996 0.018 0.993 0.000 
0.017 0.996 0.017 0.993 0.006 
0.016 0.997 0.007 1.000 0.009 
0.007 0.998 0.008 0.998 0.000 
0.019 0.996 0.010 0.998 0.000 
0.039 0.993 0.016 0.993 0.000 
0.017 0.996 0.017 0.990 0.000 
0.011 0.996 0.024 0.988 0.000 
0.014 0.994 0.027 0.985 0.000 
0.022 0.993 0.009 0.998 0.000 
0.006 0.997 0.021 0.998 0.000 
0.003 0.998 0.021 0.990 0.000 
0.013 0.996 0.012 0.998 0.000 
0.018 0.995 0.014 0.995 0.000 
0.030 0.994 0.019 0.995 0.006 
0.045 0.992 0.005 0.998 0.003 
0.018 0.995 0.004 1.000 0.000 
0.013 0.996 0.007 0.998 0.000 
0.006 0.998 0.010 0.995 0.000 
0.015 0.996 0.017 0.990 0.000 
0.007 0.998 0.004 1.000 0.000 
0.015 0.994 0.038 0.990 0.000 
0.014 0.996 0.019 0.990 0.000 
0.011 0.998 0.007 0.998 0.009 
0.019 0.994 0.012 0.993 0.000 
0.013 0.996 0.029 0.990 0.000 
0.012 0.997 0.008 0.995 0.003 
0.014 0.996 0.005 0.998 0.028 
0.011 0.995 0.007 0.998 0.013 
0.009 0.998 0.062 0.983 0.000 
0.027 0.993 0.020 0.993 0.075 
0.029 0.995 0.012 0.995 0.031 
0.015 0.996 0.021 0.988 0.013 
0.015 0.996 0.035 0.988 0.000 
0.010 0.996 0.013 0.995 0.009 
0.014 0.995 0.016 0.995 0.016 
0.011 0.995 0.014 0.995 0.003 
0.015 0.994 0.026 0.988 0.006 
0.012 0.996 0.006 0.998 0.006 
0.013 0.997 0.004 1.000 0.000 
0.013 0.995 0.008 0.998 0.006 
0.013 0.996 0.010 0.998 0.016 
0.011 0.996 0.008 0.998 0.006 
0.007 0.998 0.099 0.988 0.000 
0.016 0.996 0.062 0.978 0.000 
0.010 0.996 0.008 0.998 0.006 
0.014 0.996 0.014 0.995 0.022 
