0.293 0.896 0.173 0.925 1.000 
0.158 0.942 0.170 0.965 0.997 
0.131 0.958 0.110 0.970 1.000 
0.113 0.959 0.140 0.940 0.994 
0.094 0.967 0.115 0.968 1.000 
0.086 0.971 0.142 0.938 0.927 
0.088 0.971 0.124 0.950 1.000 
0.074 0.978 0.089 0.973 1.000 
0.093 0.973 0.110 0.960 1.000 
0.068 0.975 0.104 0.970 1.000 
0.067 0.979 0.091 0.975 1.000 
0.075 0.977 0.097 0.973 1.000 
0.077 0.979 0.107 0.965 0.962 
0.062 0.978 0.095 0.970 1.000 
0.057 0.983 0.090 0.978 1.000 
0.059 0.985 0.098 0.975 1.000 
0.058 0.983 0.084 0.978 1.000 
0.063 0.979 0.081 0.980 1.000 
0.054 0.986 0.078 0.978 1.000 
0.060 0.985 0.091 0.973 1.000 
0.052 0.982 0.081 0.980 0.997 
0.057 0.980 0.090 0.978 1.000 
0.055 0.985 0.123 0.950 1.000 
0.049 0.986 0.106 0.968 1.000 
0.042 0.989 0.087 0.973 1.000 
0.049 0.984 0.102 0.968 1.000 
0.044 0.986 0.127 0.953 1.000 
0.059 0.980 0.091 0.978 1.000 
0.058 0.985 0.079 0.978 0.997 
0.049 0.986 0.128 0.950 1.000 
0.052 0.983 0.076 0.978 1.000 
0.042 0.988 0.070 0.978 1.000 
0.041 0.990 0.141 0.945 1.000 
0.049 0.988 0.086 0.978 1.000 
0.040 0.989 0.149 0.935 1.000 
0.033 0.992 0.075 0.985 1.000 
0.046 0.987 0.131 0.945 1.000 
0.042 0.987 0.082 0.980 1.000 
0.081 0.979 0.134 0.945 1.000 
0.052 0.982 0.074 0.980 1.000 
0.045 0.988 0.077 0.980 1.000 
0.047 0.987 0.085 0.978 1.000 
0.034 0.991 0.082 0.978 0.997 
0.039 0.988 0.084 0.978 1.000 
0.035 0.990 0.089 0.978 0.987 
0.039 0.988 0.066 0.980 0.892 
0.038 0.989 0.084 0.978 1.000 
0.041 0.988 0.090 0.978 1.000 
0.044 0.988 0.084 0.978 0.895 
0.040 0.985 0.077 0.978 1.000 
0.036 0.989 0.076 0.983 0.997 
0.046 0.982 0.113 0.960 0.997 
0.030 0.990 0.086 0.980 0.605 
0.037 0.989 0.068 0.983 0.917 
0.031 0.989 0.068 0.980 0.576 
0.033 0.992 0.072 0.983 0.978 
0.039 0.986 0.088 0.975 0.678 
0.037 0.988 0.066 0.985 0.987 
0.045 0.988 0.063 0.978 0.436 
0.023 0.995 0.061 0.980 0.704 
0.029 0.993 0.074 0.983 1.000 
0.036 0.990 0.069 0.980 0.850 
0.048 0.988 0.083 0.978 0.994 
0.030 0.992 0.069 0.980 0.990 
0.031 0.992 0.083 0.980 0.955 
0.032 0.992 0.079 0.980 0.997 
0.032 0.990 0.078 0.980 1.000 
0.035 0.990 0.074 0.980 0.815 
0.031 0.992 0.123 0.950 0.889 
0.030 0.990 0.075 0.980 0.943 
0.029 0.992 0.089 0.978 1.000 
0.036 0.988 0.069 0.980 0.994 
0.023 0.995 0.078 0.980 0.981 
0.027 0.993 0.069 0.983 0.487 
0.032 0.990 0.073 0.988 0.599 
0.038 0.990 0.093 0.968 0.965 
0.028 0.992 0.080 0.973 0.965 
0.029 0.993 0.056 0.983 0.965 
0.026 0.992 0.085 0.968 1.000 
0.022 0.992 0.095 0.970 0.634 
0.041 0.990 0.085 0.968 1.000 
0.027 0.992 0.086 0.973 0.981 
0.033 0.992 0.066 0.983 0.860 
0.029 0.989 0.087 0.970 0.697 
0.036 0.992 0.072 0.980 0.248 
0.023 0.994 0.099 0.978 0.885 
0.025 0.993 0.072 0.980 0.551 
0.025 0.992 0.085 0.978 0.939 
0.024 0.995 0.064 0.980 1.000 
0.026 0.990 0.104 0.968 0.666 
0.027 0.995 0.068 0.978 1.000 
0.022 0.995 0.083 0.980 1.000 
0.034 0.991 0.082 0.980 0.000 
0.034 0.990 0.067 0.980 0.758 
0.026 0.992 0.110 0.960 0.994 
0.022 0.993 0.085 0.975 1.000 
0.053 0.986 0.073 0.978 0.653 
0.027 0.992 0.090 0.973 0.994 
0.024 0.995 0.077 0.980 0.025 
0.021 0.996 0.085 0.978 0.596 
0.040 0.991 0.105 0.968 0.201 
0.030 0.992 0.077 0.973 0.796 
0.022 0.993 0.084 0.983 0.446 
0.025 0.993 0.094 0.978 1.000 
0.029 0.991 0.071 0.983 0.748 
0.032 0.991 0.069 0.980 1.000 
0.023 0.993 0.102 0.965 1.000 
0.034 0.992 0.111 0.970 0.997 
0.023 0.994 0.087 0.978 1.000 
0.044 0.990 0.074 0.980 0.723 
0.021 0.995 0.078 0.980 1.000 
0.027 0.991 0.063 0.985 0.978 
0.026 0.993 0.062 0.985 0.408 
0.032 0.991 0.077 0.980 0.952 
0.027 0.993 0.098 0.963 0.968 
0.035 0.990 0.089 0.980 0.490 
0.029 0.992 0.117 0.963 0.981 
0.017 0.995 0.116 0.963 0.990 
0.024 0.992 0.069 0.983 0.159 
0.028 0.994 0.075 0.980 1.000 
0.026 0.993 0.106 0.963 1.000 
0.024 0.993 0.070 0.978 1.000 
0.022 0.995 0.073 0.978 1.000 
0.022 0.994 0.067 0.978 1.000 
0.034 0.991 0.107 0.963 1.000 
0.041 0.990 0.089 0.978 1.000 
0.024 0.994 0.087 0.983 1.000 
0.020 0.995 0.119 0.968 1.000 
0.022 0.995 0.073 0.985 1.000 
0.027 0.993 0.074 0.983 1.000 
0.046 0.990 0.074 0.978 1.000 
0.032 0.990 0.081 0.978 1.000 
0.019 0.996 0.099 0.985 1.000 
0.025 0.996 0.079 0.983 1.000 
0.021 0.995 0.092 0.973 1.000 
0.026 0.992 0.098 0.968 1.000 
0.020 0.995 0.149 0.948 1.000 
0.026 0.993 0.080 0.978 1.000 
0.021 0.994 0.088 0.980 0.997 
0.027 0.994 0.074 0.983 1.000 
0.022 0.994 0.074 0.980 1.000 
0.027 0.991 0.074 0.980 1.000 
0.026 0.994 0.074 0.980 1.000 
0.022 0.995 0.075 0.978 1.000 
0.016 0.996 0.077 0.980 1.000 
0.032 0.991 0.077 0.980 1.000 
0.021 0.995 0.073 0.985 1.000 
0.033 0.990 0.074 0.983 1.000 
0.021 0.995 0.076 0.983 1.000 
0.023 0.990 0.091 0.980 1.000 
0.021 0.996 0.082 0.978 1.000 
0.018 0.995 0.072 0.983 1.000 
0.033 0.990 0.091 0.978 1.000 
0.024 0.995 0.065 0.980 1.000 
0.023 0.993 0.092 0.978 1.000 
0.025 0.993 0.070 0.980 1.000 
0.022 0.995 0.063 0.980 1.000 
0.025 0.993 0.113 0.955 0.783 
0.028 0.993 0.073 0.983 0.968 
0.024 0.993 0.063 0.983 0.599 
0.025 0.995 0.073 0.978 1.000 
0.024 0.992 0.068 0.980 1.000 
0.013 0.998 0.059 0.980 1.000 
0.018 0.996 0.092 0.975 0.987 
0.021 0.995 0.102 0.973 1.000 
0.027 0.993 0.087 0.980 1.000 
0.035 0.990 0.079 0.980 1.000 
0.031 0.992 0.098 0.983 0.745 
0.023 0.992 0.076 0.980 1.000 
0.019 0.996 0.080 0.983 0.105 
0.025 0.992 0.076 0.980 1.000 
0.036 0.992 0.076 0.978 1.000 
0.021 0.993 0.084 0.975 1.000 
0.017 0.994 0.100 0.980 0.981 
0.021 0.993 0.097 0.978 1.000 
0.027 0.992 0.075 0.978 0.914 
0.032 0.990 0.055 0.988 1.000 
0.020 0.994 0.095 0.975 1.000 
0.032 0.992 0.058 0.983 1.000 
0.025 0.993 0.063 0.985 0.908 
0.018 0.995 0.061 0.983 1.000 
0.020 0.993 0.064 0.983 1.000 
0.019 0.996 0.078 0.980 1.000 
0.022 0.993 0.091 0.963 1.000 
0.023 0.995 0.124 0.958 1.000 
0.022 0.995 0.083 0.975 1.000 
0.012 0.997 0.150 0.960 1.000 
0.025 0.993 0.090 0.973 1.000 
0.019 0.995 0.080 0.973 1.000 
0.020 0.995 0.062 0.988 1.000 
0.021 0.993 0.104 0.975 1.000 
0.023 0.994 0.065 0.978 1.000 
0.018 0.995 0.090 0.970 1.000 
0.023 0.994 0.074 0.978 1.000 
0.016 0.996 0.061 0.983 1.000 
0.029 0.991 0.081 0.985 1.000 
0.019 0.994 0.121 0.968 1.000 
0.037 0.990 0.063 0.980 1.000 
0.016 0.996 0.127 0.960 1.000 
0.020 0.995 0.095 0.970 1.000 
0.021 0.995 0.081 0.970 1.000 
0.025 0.995 0.133 0.963 1.000 
0.022 0.992 0.121 0.965 1.000 
0.013 0.996 0.107 0.963 1.000 
0.026 0.992 0.087 0.975 1.000 
0.025 0.992 0.092 0.970 1.000 
0.020 0.996 0.157 0.960 1.000 
0.033 0.992 0.088 0.970 1.000 
0.011 0.997 0.093 0.978 1.000 
0.017 0.995 0.105 0.975 1.000 
0.018 0.996 0.073 0.983 1.000 
0.030 0.994 0.080 0.983 1.000 
0.015 0.996 0.110 0.965 1.000 
0.025 0.998 0.058 0.983 1.000 
0.021 0.993 0.065 0.988 1.000 
0.026 0.993 0.075 0.978 0.755 
0.017 0.996 0.080 0.980 0.959 
0.023 0.993 0.102 0.963 1.000 
0.019 0.995 0.102 0.973 1.000 
0.016 0.993 0.108 0.965 1.000 
0.019 0.995 0.105 0.963 1.000 
0.022 0.994 0.084 0.978 1.000 
0.019 0.994 0.106 0.963 1.000 
0.020 0.993 0.096 0.983 1.000 
0.023 0.996 0.084 0.980 1.000 
0.029 0.993 0.103 0.970 1.000 
0.016 0.996 0.095 0.980 1.000 
0.027 0.993 0.100 0.983 1.000 
0.007 0.998 0.240 0.980 1.000 
0.028 0.997 0.227 0.950 1.000 
0.031 0.993 0.064 0.980 1.000 
0.019 0.994 0.093 0.980 1.000 
0.019 0.995 0.092 0.970 1.000 
0.016 0.996 0.115 0.970 1.000 
0.021 0.996 0.088 0.980 1.000 
0.030 0.992 0.075 0.978 1.000 
0.013 0.996 0.057 0.980 1.000 
0.019 0.992 0.073 0.980 1.000 
0.022 0.996 0.079 0.978 1.000 
0.021 0.994 0.091 0.978 1.000 
0.014 0.995 0.086 0.978 1.000 
0.015 0.998 0.117 0.980 1.000 
0.017 0.995 0.067 0.983 1.000 
0.019 0.993 0.107 0.980 1.000 
0.021 0.993 0.154 0.980 1.000 
0.024 0.993 0.087 0.980 1.000 
0.015 0.996 0.114 0.970 1.000 
0.020 0.994 0.071 0.980 1.000 
0.016 0.996 0.075 0.980 1.000 
0.016 0.995 0.081 0.980 1.000 
0.025 0.993 0.076 0.983 1.000 
0.019 0.995 0.091 0.980 1.000 
0.019 0.995 0.106 0.970 1.000 
0.022 0.993 0.133 0.970 1.000 
0.022 0.996 0.089 0.975 1.000 
0.022 0.995 0.086 0.973 1.000 
0.014 0.997 0.070 0.983 1.000 
0.028 0.996 0.090 0.970 1.000 
0.015 0.995 0.085 0.983 1.000 
0.025 0.996 0.077 0.983 1.000 
0.014 0.995 0.065 0.983 1.000 
0.013 0.997 0.090 0.975 1.000 
0.013 0.996 0.169 0.953 1.000 
0.019 0.994 0.094 0.983 0.994 
0.019 0.995 0.061 0.980 1.000 
0.040 0.990 0.113 0.968 1.000 
0.019 0.995 0.079 0.980 1.000 
0.018 0.995 0.063 0.983 1.000 
0.019 0.996 0.082 0.983 1.000 
0.017 0.996 0.098 0.983 0.984 
0.018 0.995 0.089 0.983 0.777 
0.019 0.995 0.063 0.983 0.990 
0.012 0.997 0.085 0.983 0.994 
0.043 0.992 0.075 0.978 0.984 
0.027 0.994 0.072 0.980 0.984 
0.025 0.995 0.094 0.970 1.000 
0.015 0.995 0.101 0.975 1.000 
0.020 0.995 0.075 0.983 0.137 
0.018 0.993 0.079 0.975 1.000 
0.013 0.996 0.071 0.978 1.000 
0.014 0.996 0.060 0.983 0.997 
0.020 0.996 0.069 0.983 1.000 
0.027 0.993 0.095 0.973 0.876 
0.038 0.995 0.062 0.983 0.994 
0.014 0.997 0.093 0.980 0.354 
0.026 0.996 0.070 0.983 1.000 
0.016 0.997 0.118 0.953 1.000 
0.017 0.997 0.094 0.973 1.000 
0.022 0.994 0.080 0.980 0.901 
0.019 0.996 0.065 0.980 1.000 
0.014 0.994 0.078 0.983 0.955 
0.017 0.996 0.056 0.983 1.000 
0.016 0.997 0.064 0.980 1.000 
0.012 0.996 0.064 0.985 1.000 
0.025 0.992 0.122 0.965 0.933 
0.015 0.995 0.076 0.983 1.000 
0.036 0.991 0.102 0.985 0.997 
0.030 0.996 0.072 0.983 1.000 
0.014 0.998 0.085 0.985 0.994 
0.023 0.993 0.129 0.960 0.994 
0.022 0.994 0.101 0.968 1.000 
0.010 0.997 0.107 0.975 1.000 
0.013 0.996 0.076 0.980 1.000 
0.018 0.995 0.067 0.983 1.000 
0.022 0.994 0.183 0.925 1.000 
0.013 0.996 0.087 0.980 1.000 
0.016 0.996 0.056 0.983 0.984 
0.014 0.997 0.107 0.980 1.000 
0.022 0.992 0.087 0.980 1.000 
0.027 0.993 0.086 0.983 0.997 
0.032 0.993 0.074 0.983 1.000 
0.013 0.997 0.094 0.985 0.666 
0.010 0.996 0.075 0.980 1.000 
0.021 0.993 0.099 0.970 1.000 
0.016 0.996 0.069 0.980 1.000 
0.022 0.995 0.082 0.983 1.000 
0.022 0.993 0.082 0.980 1.000 
0.023 0.992 0.102 0.978 1.000 
0.021 0.995 0.076 0.983 1.000 
0.015 0.993 0.098 0.975 1.000 
0.017 0.995 0.070 0.983 1.000 
0.017 0.996 0.167 0.943 1.000 
0.011 0.998 0.099 0.975 1.000 
0.024 0.993 0.136 0.975 1.000 
0.025 0.990 0.109 0.958 1.000 
0.010 0.996 0.068 0.983 1.000 
0.011 0.997 0.127 0.960 1.000 
0.018 0.993 0.095 0.973 1.000 
0.021 0.994 0.063 0.980 1.000 
0.015 0.996 0.115 0.965 1.000 
0.019 0.996 0.083 0.980 1.000 
0.017 0.993 0.134 0.958 1.000 
0.009 0.998 0.106 0.965 1.000 
0.020 0.996 0.124 0.973 1.000 
0.008 0.998 0.106 0.983 1.000 
0.037 0.993 0.088 0.978 1.000 
0.025 0.993 0.064 0.983 1.000 
0.021 0.995 0.080 0.983 1.000 
0.023 0.993 0.087 0.980 1.000 
0.008 0.997 0.107 0.978 1.000 
0.016 0.998 0.118 0.980 0.962 
0.016 0.996 0.130 0.983 0.812 
0.016 0.996 0.090 0.985 1.000 
0.025 0.993 0.105 0.963 1.000 
0.014 0.996 0.079 0.980 1.000 
0.014 0.994 0.107 0.978 1.000 
0.019 0.992 0.070 0.983 0.994 
0.029 0.990 0.277 0.920 0.818 
0.031 0.996 0.137 0.955 1.000 
0.020 0.993 0.085 0.975 1.000 
0.024 0.992 0.085 0.983 1.000 
0.013 0.996 0.090 0.980 1.000 
0.012 0.998 0.085 0.980 1.000 
0.016 0.994 0.086 0.968 1.000 
0.020 0.993 0.104 0.963 1.000 
0.014 0.996 0.065 0.983 1.000 
0.014 0.996 0.106 0.973 1.000 
0.028 0.993 0.075 0.980 1.000 
0.017 0.996 0.092 0.968 1.000 
0.009 0.996 0.120 0.973 1.000 
0.014 0.995 0.164 0.955 1.000 
0.014 0.996 0.083 0.978 1.000 
0.036 0.992 0.094 0.973 1.000 
0.014 0.995 0.089 0.980 1.000 
0.025 0.995 0.107 0.975 0.818 
0.010 0.998 0.096 0.980 1.000 
0.021 0.995 0.120 0.975 1.000 
0.017 0.997 0.081 0.980 1.000 
0.009 0.996 0.078 0.983 0.790 
0.018 0.996 0.066 0.983 1.000 
0.015 0.995 0.145 0.968 1.000 
0.021 0.994 0.076 0.980 1.000 
0.022 0.994 0.062 0.983 1.000 
0.014 0.998 0.070 0.985 1.000 
0.013 0.996 0.065 0.983 1.000 
0.022 0.994 0.074 0.983 1.000 
0.017 0.995 0.062 0.983 1.000 
0.016 0.995 0.071 0.985 1.000 
0.021 0.993 0.071 0.983 1.000 
0.007 0.998 0.103 0.980 1.000 
0.020 0.995 0.064 0.985 1.000 
0.015 0.996 0.082 0.980 1.000 
0.017 0.996 0.077 0.983 1.000 
0.026 0.991 0.114 0.960 1.000 
0.010 0.996 0.137 0.963 1.000 
0.007 0.997 0.157 0.968 1.000 
0.022 0.995 0.119 0.963 1.000 
0.011 0.998 0.066 0.983 1.000 
0.026 0.994 0.072 0.980 1.000 
0.017 0.996 0.082 0.978 1.000 
0.021 0.996 0.111 0.963 1.000 
0.012 0.996 0.084 0.975 1.000 
0.012 0.996 0.105 0.980 1.000 
0.015 0.995 0.081 0.975 1.000 
0.016 0.996 0.077 0.980 1.000 
0.010 0.998 0.150 0.968 1.000 
0.015 0.995 0.204 0.975 1.000 
0.024 0.995 0.093 0.973 1.000 
0.018 0.994 0.132 0.970 1.000 
0.014 0.996 0.208 0.930 1.000 
0.017 0.995 0.320 0.975 1.000 
0.029 0.995 0.119 0.983 1.000 
0.025 0.996 0.113 0.960 1.000 
0.018 0.994 0.104 0.975 1.000 
0.015 0.996 0.152 0.958 1.000 
0.014 0.997 0.178 0.958 1.000 
0.019 0.995 0.089 0.980 1.000 
0.016 0.997 0.102 0.968 1.000 
0.013 0.996 0.074 0.978 1.000 
0.016 0.995 0.184 0.965 1.000 
0.044 0.993 0.172 0.950 1.000 
0.020 0.995 0.098 0.978 1.000 
0.009 0.998 0.088 0.985 1.000 
0.014 0.996 0.110 0.978 1.000 
0.010 0.998 0.147 0.978 1.000 
0.017 0.995 0.091 0.978 1.000 
0.008 0.998 0.116 0.985 1.000 
0.020 0.995 0.108 0.980 1.000 
0.022 0.994 0.121 0.983 1.000 
0.016 0.995 0.179 0.980 1.000 
0.021 0.995 0.160 0.980 1.000 
0.015 0.996 0.161 0.980 1.000 
0.015 0.993 0.130 0.983 1.000 
0.014 0.996 0.076 0.983 1.000 
0.029 0.994 0.063 0.985 1.000 
0.012 0.997 0.077 0.983 1.000 
0.018 0.994 0.119 0.965 0.997 
0.009 0.996 0.131 0.968 0.959 
0.015 0.994 0.094 0.983 1.000 
0.024 0.994 0.105 0.970 1.000 
0.013 0.995 0.125 0.978 0.994 
0.013 0.996 0.138 0.968 0.994 
0.012 0.995 0.062 0.985 1.000 
0.021 0.996 0.107 0.960 1.000 
0.017 0.996 0.079 0.980 1.000 
0.017 0.995 0.091 0.978 1.000 
0.009 0.998 0.091 0.985 0.943 
0.019 0.995 0.081 0.983 1.000 
0.007 0.998 0.101 0.983 1.000 
0.034 0.995 0.076 0.983 1.000 
0.015 0.996 0.091 0.980 1.000 
0.012 0.997 0.088 0.983 1.000 
0.014 0.996 0.091 0.983 1.000 
0.014 0.996 0.105 0.983 1.000 
0.012 0.996 0.140 0.963 1.000 
0.012 0.997 0.096 0.985 1.000 
0.015 0.996 0.166 0.953 1.000 
0.018 0.996 0.102 0.980 1.000 
0.017 0.995 0.111 0.975 1.000 
0.014 0.995 0.103 0.983 1.000 
0.015 0.995 0.136 0.980 1.000 
0.023 0.993 0.069 0.983 1.000 
0.012 0.995 0.181 0.983 0.586 
0.015 0.995 0.108 0.978 1.000 
0.011 0.999 0.155 0.970 1.000 
0.014 0.996 0.149 0.980 1.000 
0.022 0.993 0.105 0.965 1.000 
0.009 0.999 0.213 0.973 0.994 
0.048 0.992 0.107 0.978 1.000 
0.012 0.997 0.157 0.973 0.987 
0.014 0.996 0.123 0.978 1.000 
0.011 0.998 0.134 0.960 1.000 
0.012 0.997 0.123 0.973 1.000 
0.007 0.997 0.100 0.983 1.000 
0.015 0.996 0.157 0.960 1.000 
0.023 0.995 0.151 0.953 1.000 
0.012 0.996 0.086 0.983 1.000 
0.020 0.993 0.071 0.983 1.000 
0.022 0.996 0.066 0.983 1.000 
0.016 0.993 0.107 0.980 0.229 
0.008 0.999 0.115 0.983 1.000 
0.021 0.994 0.092 0.983 0.997 
0.010 0.998 0.124 0.980 1.000 
0.031 0.995 0.101 0.983 0.990 
0.008 0.998 0.105 0.985 1.000 
0.022 0.993 0.072 0.983 1.000 
0.021 0.995 0.097 0.973 1.000 
0.037 0.994 0.071 0.983 1.000 
0.009 0.998 0.094 0.980 1.000 
0.016 0.996 0.093 0.983 1.000 
0.009 0.997 0.133 0.965 0.984 
0.018 0.995 0.088 0.983 1.000 
0.020 0.995 0.132 0.960 0.701 
0.011 0.998 0.063 0.985 0.968 
0.022 0.992 0.078 0.988 1.000 
0.021 0.996 0.074 0.983 1.000 
0.018 0.996 0.058 0.985 1.000 
0.022 0.995 0.075 0.983 0.994 
0.019 0.993 0.087 0.980 1.000 
0.015 0.996 0.105 0.975 1.000 
0.009 0.996 0.097 0.985 0.984 
0.018 0.996 0.058 0.985 1.000 
0.012 0.995 0.114 0.973 1.000 
0.024 0.995 0.091 0.970 1.000 
0.010 0.998 0.101 0.975 1.000 
0.016 0.994 0.088 0.980 1.000 
0.011 0.998 0.079 0.980 1.000 
0.012 0.996 0.063 0.985 1.000 
0.011 0.996 0.082 0.980 1.000 
0.018 0.996 0.109 0.968 1.000 
0.018 0.995 0.078 0.973 1.000 
0.010 0.998 0.080 0.973 1.000 
0.017 0.996 0.114 0.958 1.000 
0.008 0.998 0.084 0.983 1.000 
0.009 0.996 0.104 0.983 1.000 
0.015 0.996 0.080 0.983 1.000 
0.014 0.996 0.063 0.983 1.000 
0.017 0.996 0.079 0.983 1.000 
0.013 0.996 0.111 0.978 0.997 
0.016 0.995 0.061 0.985 1.000 
0.008 0.998 0.074 0.985 1.000 
0.013 0.996 0.064 0.985 1.000 
0.012 0.996 0.097 0.985 1.000 
0.013 0.996 0.100 0.980 1.000 
0.018 0.994 0.081 0.980 1.000 
0.023 0.994 0.097 0.980 1.000 
0.021 0.994 0.065 0.980 0.997 
0.012 0.995 0.102 0.980 1.000 
0.011 0.997 0.141 0.963 0.815 
0.023 0.993 0.152 0.958 1.000 
0.019 0.993 0.103 0.965 1.000 
0.009 0.997 0.079 0.983 1.000 
0.018 0.996 0.095 0.975 1.000 
0.006 0.997 0.130 0.978 1.000 
0.035 0.991 0.068 0.985 1.000 
0.016 0.994 0.141 0.955 1.000 
0.013 0.995 0.109 0.980 1.000 
0.027 0.995 0.119 0.965 1.000 
0.010 0.996 0.116 0.968 1.000 
0.009 0.997 0.049 0.985 1.000 
0.009 0.997 0.062 0.985 1.000 
0.018 0.996 0.137 0.960 1.000 
0.009 0.997 0.125 0.980 1.000 
0.011 0.996 0.076 0.985 1.000 
0.022 0.993 0.078 0.980 1.000 
0.012 0.995 0.066 0.985 1.000 
0.020 0.993 0.104 0.978 1.000 
0.027 0.995 0.067 0.983 1.000 
0.013 0.996 0.084 0.978 1.000 
0.022 0.994 0.075 0.983 1.000 
0.014 0.995 0.077 0.983 1.000 
0.005 0.999 0.092 0.983 1.000 
0.077 0.991 0.090 0.978 1.000 
0.009 0.998 0.134 0.960 1.000 
0.008 0.998 0.092 0.983 1.000 
0.013 0.998 0.054 0.985 1.000 
0.021 0.996 0.047 0.990 1.000 
0.011 0.996 0.147 0.953 1.000 
0.016 0.996 0.073 0.985 1.000 
0.009 0.998 0.071 0.985 1.000 
0.019 0.995 0.168 0.938 1.000 
0.018 0.996 0.132 0.958 1.000 
0.012 0.998 0.111 0.973 1.000 
0.010 0.996 0.097 0.983 1.000 
0.010 0.998 0.050 0.988 1.000 
0.016 0.997 0.132 0.983 1.000 
0.015 0.996 0.055 0.983 1.000 
0.019 0.996 0.131 0.963 1.000 
0.021 0.998 0.077 0.980 1.000 
0.014 0.996 0.097 0.980 1.000 
0.013 0.998 0.053 0.985 1.000 
0.012 0.997 0.061 0.983 1.000 
0.009 0.997 0.074 0.983 1.000 
0.024 0.994 0.073 0.983 1.000 
0.016 0.995 0.082 0.978 1.000 
0.021 0.995 0.058 0.988 1.000 
0.013 0.995 0.054 0.985 1.000 
0.012 0.998 0.095 0.983 1.000 
0.011 0.997 0.091 0.978 1.000 
0.013 0.996 0.086 0.980 1.000 
0.018 0.995 0.095 0.983 1.000 
0.013 0.996 0.144 0.975 1.000 
0.018 0.998 0.063 0.980 1.000 
0.008 0.997 0.096 0.980 1.000 
0.020 0.996 0.082 0.983 1.000 
0.022 0.995 0.123 0.970 0.997 
0.020 0.996 0.088 0.983 1.000 
0.017 0.996 0.131 0.970 1.000 
0.006 0.999 0.079 0.983 1.000 
0.027 0.996 0.106 0.973 1.000 
0.017 0.997 0.065 0.983 1.000 
0.018 0.994 0.087 0.983 1.000 
0.013 0.995 0.073 0.980 1.000 
0.008 0.999 0.092 0.978 1.000 
0.009 0.998 0.119 0.965 1.000 
0.015 0.998 0.075 0.985 1.000 
0.014 0.998 0.075 0.985 1.000 
0.010 0.997 0.069 0.985 1.000 
0.017 0.996 0.110 0.970 1.000 
0.020 0.997 0.148 0.955 1.000 
0.027 0.995 0.049 0.985 1.000 
0.011 0.998 0.073 0.983 1.000 
0.015 0.995 0.067 0.983 1.000 
0.015 0.996 0.095 0.980 1.000 
0.013 0.997 0.105 0.980 1.000 
0.017 0.994 0.155 0.968 1.000 
0.021 0.996 0.093 0.970 1.000 
0.010 0.996 0.053 0.980 1.000 
0.011 0.997 0.201 0.960 1.000 
0.012 0.995 0.179 0.965 1.000 
0.007 0.997 0.126 0.983 1.000 
0.041 0.995 0.069 0.983 1.000 
0.014 0.997 0.103 0.973 1.000 
0.015 0.996 0.115 0.970 1.000 
0.013 0.997 0.097 0.980 1.000 
0.008 0.998 0.116 0.968 1.000 
0.017 0.995 0.109 0.970 1.000 
0.012 0.995 0.134 0.965 1.000 
0.007 0.997 0.178 0.963 1.000 
0.027 0.993 0.081 0.978 1.000 
0.008 0.998 0.128 0.963 1.000 
0.008 0.998 0.115 0.980 1.000 
0.016 0.996 0.124 0.963 1.000 
0.016 0.995 0.103 0.973 1.000 
0.018 0.996 0.132 0.958 1.000 
0.013 0.997 0.099 0.980 1.000 
0.012 0.996 0.140 0.980 1.000 
0.006 0.999 0.078 0.985 1.000 
0.015 0.998 0.103 0.975 1.000 
0.008 0.997 0.062 0.983 1.000 
0.013 0.995 0.080 0.983 1.000 
0.009 0.997 0.117 0.980 1.000 
0.008 0.998 0.106 0.973 1.000 
0.023 0.995 0.096 0.973 1.000 
0.022 0.993 0.126 0.968 1.000 
0.007 0.999 0.126 0.973 1.000 
0.013 0.996 0.094 0.970 1.000 
0.011 0.996 0.111 0.970 1.000 
0.016 0.995 0.109 0.968 1.000 
0.014 0.995 0.155 0.973 1.000 
0.013 0.996 0.200 0.922 1.000 
0.011 0.997 0.063 0.983 1.000 
0.003 0.999 0.069 0.988 1.000 
0.025 0.993 0.087 0.980 1.000 
0.014 0.996 0.069 0.985 1.000 
0.015 0.996 0.149 0.953 1.000 
0.010 0.996 0.104 0.968 1.000 
0.015 0.997 0.115 0.975 1.000 
0.008 0.998 0.083 0.978 1.000 
0.012 0.994 0.097 0.978 1.000 
0.014 0.996 0.079 0.980 1.000 
0.008 0.998 0.072 0.983 1.000 
0.008 0.998 0.222 0.938 1.000 
0.015 0.995 0.153 0.978 1.000 
0.009 0.998 0.170 0.983 1.000 
0.028 0.995 0.123 0.968 1.000 
0.016 0.998 0.055 0.985 1.000 
0.007 0.998 0.124 0.983 1.000 
0.031 0.995 0.099 0.980 1.000 
0.010 0.998 0.088 0.985 1.000 
0.018 0.995 0.122 0.963 1.000 
0.008 0.997 0.119 0.983 1.000 
0.007 0.997 0.182 0.960 1.000 
0.012 0.996 0.115 0.980 1.000 
0.008 0.996 0.109 0.983 1.000 
0.012 0.996 0.127 0.975 1.000 
0.008 0.998 0.136 0.980 1.000 
0.028 0.996 0.112 0.983 1.000 
0.012 0.998 0.096 0.973 1.000 
0.014 0.996 0.072 0.985 1.000 
0.017 0.996 0.116 0.968 0.965 
0.008 0.998 0.150 0.965 1.000 
0.010 0.998 0.142 0.963 1.000 
0.009 0.998 0.127 0.975 1.000 
0.033 0.993 0.098 0.975 1.000 
0.015 0.998 0.136 0.963 1.000 
0.015 0.994 0.139 0.965 0.997 
0.024 0.993 0.125 0.983 1.000 
0.008 0.997 0.165 0.973 1.000 
0.007 0.999 0.157 0.965 0.994 
0.014 0.995 0.181 0.955 0.815 
0.020 0.995 0.047 0.985 1.000 
0.015 0.997 0.074 0.983 1.000 
0.011 0.996 0.089 0.983 1.000 
0.009 0.996 0.089 0.985 1.000 
0.009 0.995 0.104 0.968 1.000 
0.004 0.999 0.098 0.985 1.000 
0.015 0.997 0.144 0.963 1.000 
0.047 0.992 0.067 0.978 1.000 
0.025 0.995 0.098 0.975 1.000 
0.012 0.996 0.175 0.955 1.000 
0.012 0.996 0.105 0.980 1.000 
0.010 0.998 0.109 0.978 1.000 
0.014 0.994 0.110 0.980 1.000 
0.011 0.995 0.082 0.983 1.000 
0.014 0.994 0.084 0.980 1.000 
0.008 0.997 0.099 0.980 1.000 
0.010 0.996 0.097 0.983 1.000 
0.014 0.995 0.079 0.978 1.000 
0.015 0.994 0.077 0.980 1.000 
0.009 0.996 0.114 0.965 1.000 
0.020 0.994 0.082 0.983 1.000 
0.011 0.996 0.063 0.985 1.000 
0.014 0.996 0.113 0.975 0.930 
0.012 0.996 0.057 0.985 1.000 
0.020 0.996 0.089 0.980 1.000 
0.013 0.996 0.065 0.985 1.000 
0.011 0.998 0.089 0.980 1.000 
0.014 0.995 0.100 0.968 1.000 
0.022 0.993 0.056 0.983 1.000 
0.010 0.998 0.157 0.965 1.000 
0.011 0.996 0.083 0.983 0.965 
0.012 0.996 0.111 0.970 1.000 
0.016 0.996 0.096 0.978 1.000 
0.008 0.996 0.077 0.985 1.000 
0.006 0.998 0.245 0.985 0.048 
0.010 0.998 0.070 0.985 0.933 
0.012 0.996 0.133 0.985 0.076 
0.049 0.995 0.126 0.958 1.000 
0.015 0.996 0.058 0.983 1.000 
0.017 0.995 0.067 0.983 1.000 
0.008 0.998 0.059 0.985 1.000 
0.010 0.997 0.096 0.983 1.000 
0.019 0.995 0.096 0.983 1.000 
0.027 0.995 0.070 0.985 0.997 
0.019 0.994 0.062 0.985 1.000 
0.012 0.996 0.077 0.985 0.825 
0.011 0.997 0.106 0.978 0.924 
0.011 0.995 0.073 0.985 0.997 
0.013 0.996 0.079 0.988 0.459 
0.015 0.997 0.083 0.985 1.000 
0.009 0.996 0.110 0.968 1.000 
0.006 0.997 0.084 0.983 0.828 
0.013 0.995 0.096 0.970 1.000 
0.026 0.995 0.134 0.963 1.000 
0.008 0.998 0.080 0.980 0.914 
0.014 0.995 0.081 0.988 0.010 
0.028 0.995 0.077 0.983 0.057 
0.016 0.995 0.114 0.983 0.685 
0.015 0.995 0.070 0.985 0.911 
0.013 0.996 0.084 0.975 0.978 
0.007 0.998 0.078 0.983 0.930 
0.005 0.999 0.079 0.983 0.994 
0.007 0.998 0.121 0.978 0.041 
0.016 0.995 0.093 0.980 0.061 
0.015 0.996 0.086 0.970 0.328 
0.009 0.998 0.095 0.978 0.315 
0.010 0.997 0.091 0.985 0.099 
0.012 0.995 0.064 0.988 0.162 
0.006 0.998 0.108 0.983 0.035 
0.039 0.997 0.065 0.983 0.659 
0.027 0.993 0.106 0.965 1.000 
0.011 0.996 0.061 0.985 0.959 
0.004 0.999 0.065 0.985 0.975 
0.012 0.996 0.053 0.988 0.099 
0.012 0.995 0.067 0.985 0.838 
0.016 0.995 0.057 0.985 0.901 
0.010 0.998 0.064 0.985 1.000 
0.014 0.995 0.066 0.983 0.783 
0.014 0.995 0.065 0.985 0.997 
0.015 0.995 0.079 0.983 0.841 
0.013 0.996 0.078 0.985 0.682 
0.019 0.996 0.116 0.965 0.373 
0.007 0.997 0.083 0.978 0.697 
0.007 0.998 0.077 0.983 0.029 
0.007 0.997 0.158 0.968 0.261 
0.022 0.993 0.066 0.983 0.376 
0.012 0.996 0.076 0.983 0.344 
0.016 0.994 0.094 0.980 0.535 
0.009 0.998 0.079 0.983 0.596 
0.011 0.997 0.069 0.985 0.879 
0.020 0.995 0.070 0.985 0.041 
0.009 0.998 0.064 0.985 0.529 
0.004 0.998 0.068 0.985 0.280 
0.013 0.996 0.173 0.980 0.000 
0.024 0.996 0.065 0.980 0.978 
0.008 0.997 0.070 0.985 1.000 
0.023 0.995 0.150 0.985 1.000 
0.023 0.995 0.080 0.980 1.000 
0.011 0.996 0.072 0.983 1.000 
0.018 0.995 0.096 0.973 1.000 
0.016 0.996 0.112 0.960 1.000 
0.008 0.998 0.094 0.985 1.000 
0.017 0.996 0.069 0.980 1.000 
0.008 0.999 0.097 0.970 1.000 
0.016 0.996 0.096 0.983 1.000 
0.010 0.996 0.156 0.978 1.000 
0.011 0.997 0.066 0.983 1.000 
0.007 0.998 0.086 0.983 1.000 
0.013 0.996 0.075 0.983 1.000 
0.018 0.995 0.065 0.985 1.000 
0.009 0.998 0.261 0.983 0.892 
0.031 0.994 0.067 0.985 1.000 
0.014 0.996 0.100 0.978 1.000 
0.015 0.996 0.095 0.973 1.000 
0.005 0.998 0.092 0.983 1.000 
0.005 0.999 0.144 0.973 1.000 
0.013 0.996 0.105 0.983 1.000 
0.013 0.997 0.206 0.978 1.000 
0.014 0.996 0.205 0.968 1.000 
0.043 0.995 0.167 0.958 1.000 
0.016 0.995 0.091 0.975 1.000 
0.014 0.995 0.106 0.973 1.000 
0.008 0.997 0.082 0.983 1.000 
0.013 0.996 0.083 0.978 1.000 
0.011 0.996 0.082 0.983 1.000 
0.012 0.997 0.105 0.965 1.000 
0.006 0.998 0.139 0.978 1.000 
0.018 0.995 0.130 0.983 1.000 
0.007 0.998 0.209 0.980 0.796 
0.004 0.998 0.136 0.983 1.000 
0.028 0.994 0.094 0.978 1.000 
0.009 0.998 0.108 0.978 1.000 
0.019 0.995 0.076 0.985 1.000 
0.011 0.998 0.128 0.965 1.000 
0.019 0.997 0.065 0.983 1.000 
0.010 0.997 0.090 0.978 1.000 
0.009 0.999 0.092 0.978 1.000 
0.009 0.998 0.146 0.975 0.994 
0.024 0.997 0.073 0.980 1.000 
0.017 0.996 0.104 0.975 1.000 
0.017 0.996 0.114 0.965 1.000 
0.020 0.995 0.071 0.980 1.000 
0.011 0.997 0.079 0.980 1.000 
0.011 0.997 0.116 0.960 1.000 
0.010 0.997 0.067 0.985 1.000 
0.014 0.995 0.109 0.965 1.000 
0.023 0.996 0.075 0.980 1.000 
0.010 0.997 0.114 0.978 0.914 
0.017 0.995 0.080 0.980 1.000 
0.012 0.997 0.094 0.978 1.000 
0.013 0.998 0.086 0.980 1.000 
0.038 0.993 0.107 0.978 1.000 
0.013 0.996 0.093 0.983 0.551 
0.010 0.996 0.083 0.980 1.000 
0.014 0.996 0.123 0.973 1.000 
0.014 0.996 0.099 0.973 1.000 
0.013 0.996 0.092 0.983 1.000 
0.018 0.998 0.106 0.973 1.000 
0.010 0.998 0.116 0.975 1.000 
0.007 0.998 0.185 0.983 0.962 
0.024 0.996 0.095 0.973 1.000 
0.009 0.998 0.181 0.953 1.000 
0.004 0.999 0.120 0.980 1.000 
0.040 0.995 0.092 0.973 1.000 
0.023 0.995 0.146 0.963 1.000 
0.015 0.996 0.105 0.973 1.000 
0.015 0.996 0.146 0.963 1.000 
0.017 0.996 0.078 0.983 1.000 
0.016 0.993 0.134 0.968 0.987 
0.013 0.997 0.072 0.985 1.000 
0.010 0.996 0.149 0.960 1.000 
0.009 0.997 0.095 0.980 0.408 
0.011 0.996 0.146 0.963 1.000 
0.012 0.999 0.074 0.983 1.000 
0.017 0.995 0.063 0.985 0.768 
0.026 0.996 0.281 0.950 0.994 
0.010 0.998 0.101 0.985 1.000 
0.011 0.998 0.088 0.985 0.968 
0.015 0.996 0.101 0.980 1.000 
0.024 0.995 0.193 0.922 1.000 
0.017 0.995 0.194 0.975 1.000 
0.011 0.997 0.121 0.968 1.000 
0.011 0.996 0.061 0.990 1.000 
0.007 0.998 0.099 0.985 1.000 
0.016 0.997 0.169 0.945 1.000 
0.012 0.996 0.066 0.985 1.000 
0.008 0.996 0.134 0.968 1.000 
0.015 0.998 0.162 0.983 0.586 
0.010 0.998 0.075 0.985 1.000 
0.013 0.996 0.208 0.950 0.994 
0.010 0.997 0.099 0.983 1.000 
0.017 0.998 0.055 0.988 1.000 
0.015 0.995 0.069 0.985 1.000 
0.025 0.993 0.046 0.985 1.000 
0.011 0.996 0.094 0.980 1.000 
0.017 0.996 0.090 0.978 1.000 
0.019 0.996 0.079 0.980 1.000 
0.011 0.997 0.141 0.960 0.599 
0.011 0.996 0.109 0.975 1.000 
0.018 0.996 0.049 0.988 0.997 
0.011 0.996 0.124 0.978 0.245 
0.015 0.996 0.080 0.980 0.904 
0.007 0.999 0.093 0.978 1.000 
0.018 0.997 0.106 0.970 1.000 
0.020 0.996 0.239 0.938 1.000 
0.005 0.998 0.138 0.970 1.000 
0.023 0.996 0.089 0.983 1.000 
0.018 0.996 0.087 0.978 1.000 
0.017 0.992 0.076 0.980 0.984 
0.013 0.997 0.075 0.985 0.131 
0.012 0.998 0.107 0.968 0.812 
0.017 0.996 0.075 0.980 0.713 
0.008 0.998 0.090 0.980 0.258 
0.019 0.995 0.084 0.978 1.000 
0.017 0.996 0.060 0.985 0.997 
0.007 0.999 0.074 0.985 0.965 
0.009 0.997 0.108 0.985 0.245 
0.010 0.998 0.075 0.985 0.990 
0.009 0.998 0.094 0.985 0.885 
0.018 0.996 0.105 0.978 0.261 
0.008 0.998 0.087 0.980 0.745 
0.038 0.993 0.092 0.975 1.000 
0.026 0.993 0.107 0.970 0.997 
0.014 0.996 0.061 0.985 0.933 
0.015 0.995 0.082 0.978 0.296 
0.006 0.999 0.060 0.985 0.920 
0.005 0.999 0.110 0.970 0.879 
0.004 0.999 0.086 0.978 0.997 
0.022 0.993 0.062 0.985 1.000 
0.015 0.996 0.099 0.983 0.605 
0.009 0.996 0.261 0.960 0.006 
0.012 0.996 0.102 0.970 0.057 
0.013 0.996 0.088 0.980 0.624 
0.011 0.998 0.106 0.965 0.035 
0.021 0.994 0.073 0.983 1.000 
0.014 0.996 0.105 0.985 0.169 
0.024 0.994 0.072 0.983 1.000 
0.005 0.998 0.085 0.980 1.000 
0.007 0.998 0.090 0.983 1.000 
0.007 0.998 0.120 0.980 1.000 
0.005 0.998 0.121 0.985 1.000 
0.016 0.995 0.076 0.983 1.000 
0.010 0.998 0.097 0.978 1.000 
0.009 0.998 0.099 0.980 1.000 
0.016 0.995 0.087 0.978 1.000 
0.010 0.996 0.103 0.978 1.000 
0.016 0.994 0.139 0.960 0.140 
0.020 0.995 0.093 0.973 0.656 
0.013 0.996 0.155 0.950 0.634 
0.003 0.998 0.142 0.965 0.076 
0.008 0.998 0.188 0.953 0.185 
0.008 0.997 0.140 0.963 0.516 
0.022 0.994 0.146 0.950 0.994 
0.009 0.997 0.109 0.985 0.965 
0.003 0.998 0.159 0.948 0.742 
0.016 0.995 0.085 0.980 0.933 
0.008 0.998 0.074 0.985 0.213 
0.011 0.996 0.097 0.978 0.866 
0.005 0.998 0.146 0.963 0.806 
0.012 0.996 0.140 0.983 0.968 
0.019 0.996 0.120 0.973 0.318 
0.012 0.996 0.073 0.983 1.000 
0.009 0.997 0.084 0.985 1.000 
0.025 0.995 0.093 0.975 0.892 
0.013 0.997 0.083 0.975 1.000 
0.009 0.996 0.087 0.983 1.000 
0.009 0.998 0.098 0.978 1.000 
0.015 0.996 0.091 0.983 1.000 
0.025 0.995 0.085 0.983 1.000 
0.015 0.995 0.071 0.985 1.000 
0.001 1.000 0.081 0.983 1.000 
0.015 0.997 0.075 0.985 1.000 
0.022 0.996 0.070 0.983 1.000 
0.010 0.998 0.076 0.983 1.000 
0.020 0.996 0.092 0.983 0.064 
0.018 0.996 0.073 0.983 1.000 
0.008 0.998 0.099 0.983 0.452 
0.011 0.996 0.090 0.978 0.990 
0.010 0.996 0.096 0.980 0.990 
0.009 0.998 0.121 0.980 1.000 
0.010 0.996 0.145 0.975 0.959 
0.008 0.997 0.127 0.978 0.395 
0.008 0.997 0.066 0.983 0.959 
0.013 0.996 0.107 0.983 0.035 
0.011 0.998 0.100 0.975 0.659 
0.018 0.996 0.100 0.975 0.315 
0.019 0.995 0.191 0.912 0.831 
0.005 0.999 0.178 0.978 0.102 
0.007 0.998 0.122 0.970 1.000 
0.005 0.999 0.217 0.973 0.401 
0.017 0.998 0.162 0.970 0.933 
0.008 0.998 0.121 0.980 0.997 
0.023 0.995 0.107 0.980 1.000 
0.006 0.999 0.095 0.983 1.000 
0.013 0.995 0.188 0.963 1.000 
0.020 0.996 0.160 0.963 1.000 
0.015 0.996 0.102 0.980 1.000 
0.027 0.996 0.116 0.985 0.997 
0.017 0.997 0.065 0.985 1.000 
0.021 0.996 0.084 0.980 1.000 
0.009 0.996 0.085 0.980 1.000 
0.012 0.996 0.082 0.983 1.000 
0.011 0.997 0.179 0.945 1.000 
0.012 0.997 0.184 0.960 0.997 
0.019 0.995 0.089 0.978 1.000 
0.018 0.994 0.071 0.983 1.000 
0.012 0.997 0.155 0.958 1.000 
0.012 0.998 0.109 0.970 1.000 
0.008 0.998 0.130 0.973 0.997 
0.014 0.994 0.096 0.980 1.000 
0.009 0.996 0.179 0.978 0.946 
0.008 0.996 0.136 0.980 1.000 
0.028 0.996 2.022 0.925 0.006 
0.042 0.995 0.159 0.960 0.990 
0.009 0.998 0.107 0.975 1.000 
0.010 0.997 0.105 0.980 0.975 
0.002 0.999 0.140 0.975 0.433 
0.008 0.998 0.165 0.978 0.990 
0.006 0.998 0.158 0.980 0.981 
0.007 0.998 0.197 0.980 1.000 
0.023 0.995 0.118 0.983 0.987 
0.020 0.995 0.094 0.978 0.984 
0.012 0.997 0.134 0.963 0.962 
0.008 0.997 0.092 0.983 0.892 
0.009 0.997 0.195 0.960 0.557 
0.007 0.999 0.154 0.978 0.904 
0.007 0.998 0.213 0.980 0.605 
0.012 0.996 0.235 0.960 0.997 
0.013 0.998 0.119 0.963 1.000 
