0.303 0.875 0.130 0.958 0.991 
0.211 0.919 0.162 0.927 0.946 
0.209 0.922 0.110 0.980 1.000 
0.145 0.943 0.150 0.943 0.962 
0.162 0.940 0.123 0.985 1.000 
0.125 0.957 0.103 0.955 0.994 
0.125 0.963 0.108 0.975 1.000 
0.115 0.958 0.077 0.983 1.000 
0.114 0.960 0.075 0.983 0.997 
0.104 0.968 0.089 0.973 0.984 
0.102 0.964 0.099 0.960 0.940 
0.082 0.974 0.107 0.973 0.987 
0.090 0.971 0.059 0.985 0.551 
0.074 0.977 0.073 0.980 0.991 
0.094 0.975 0.115 0.960 0.949 
0.095 0.970 0.071 0.985 1.000 
0.087 0.977 0.096 0.960 1.000 
0.083 0.974 0.087 0.983 1.000 
0.092 0.969 0.101 0.963 1.000 
0.086 0.974 0.064 0.980 1.000 
0.060 0.984 0.067 0.988 1.000 
0.064 0.981 0.059 0.983 1.000 
0.090 0.971 0.062 0.990 0.987 
0.087 0.974 0.076 0.980 1.000 
0.064 0.980 0.071 0.980 0.972 
0.058 0.983 0.055 0.990 0.987 
0.068 0.979 0.069 0.985 1.000 
0.059 0.981 0.061 0.985 0.991 
0.083 0.973 0.059 0.983 1.000 
0.064 0.980 0.066 0.980 1.000 
0.052 0.983 0.097 0.965 1.000 
0.080 0.975 0.071 0.983 0.991 
0.049 0.983 0.055 0.990 1.000 
0.052 0.982 0.063 0.983 0.997 
0.063 0.982 0.088 0.960 1.000 
0.055 0.981 0.101 0.965 1.000 
0.053 0.983 0.055 0.985 1.000 
0.060 0.984 0.057 0.985 1.000 
0.054 0.983 0.060 0.985 1.000 
0.047 0.986 0.051 0.988 0.997 
0.055 0.982 0.059 0.983 0.759 
0.052 0.985 0.064 0.985 0.991 
0.071 0.979 0.081 0.980 1.000 
0.048 0.988 0.053 0.983 0.991 
0.050 0.984 0.058 0.990 1.000 
0.052 0.985 0.081 0.973 1.000 
0.050 0.986 0.069 0.985 1.000 
0.050 0.986 0.058 0.985 0.848 
0.056 0.982 0.062 0.985 0.934 
0.053 0.986 0.062 0.983 0.991 
0.044 0.986 0.059 0.988 0.120 
0.040 0.989 0.053 0.985 0.997 
0.045 0.987 0.056 0.985 1.000 
0.042 0.988 0.061 0.985 1.000 
0.038 0.988 0.049 0.988 0.987 
0.040 0.989 0.055 0.988 0.297 
0.052 0.984 0.070 0.985 1.000 
0.038 0.988 0.063 0.985 0.994 
0.049 0.987 0.058 0.983 0.997 
0.046 0.984 0.052 0.985 1.000 
0.037 0.990 0.075 0.980 0.994 
0.046 0.985 0.057 0.988 0.968 
0.040 0.986 0.053 0.985 0.997 
0.036 0.987 0.052 0.985 1.000 
0.046 0.989 0.045 0.990 0.858 
0.055 0.984 0.052 0.983 0.997 
0.048 0.986 0.062 0.988 0.759 
0.031 0.992 0.065 0.980 0.756 
0.040 0.990 0.043 0.988 0.984 
0.033 0.992 0.044 0.988 0.997 
0.041 0.989 0.050 0.983 0.968 
0.036 0.989 0.077 0.973 1.000 
0.038 0.989 0.042 0.990 1.000 
0.036 0.988 0.047 0.988 0.997 
0.051 0.988 0.047 0.990 0.997 
0.036 0.990 0.061 0.983 0.997 
0.033 0.992 0.084 0.973 1.000 
0.036 0.990 0.070 0.980 1.000 
0.040 0.987 0.057 0.983 1.000 
0.036 0.990 0.050 0.988 0.937 
0.037 0.989 0.052 0.988 1.000 
0.051 0.986 0.046 0.985 0.997 
0.041 0.988 0.052 0.985 1.000 
0.031 0.991 0.047 0.990 0.968 
0.031 0.992 0.037 0.990 0.978 
0.042 0.986 0.055 0.985 0.997 
0.027 0.993 0.054 0.985 1.000 
0.036 0.991 0.046 0.990 1.000 
0.037 0.990 0.040 0.990 1.000 
0.039 0.990 0.070 0.978 1.000 
0.041 0.988 0.047 0.990 1.000 
0.042 0.986 0.047 0.988 0.994 
0.025 0.993 0.049 0.988 1.000 
0.043 0.989 0.109 0.965 0.994 
0.039 0.991 0.055 0.985 0.997 
0.046 0.985 0.062 0.990 1.000 
0.028 0.993 0.043 0.990 0.997 
0.040 0.988 0.072 0.985 0.991 
0.024 0.994 0.047 0.988 1.000 
0.031 0.992 0.049 0.985 0.994 
0.039 0.987 0.092 0.970 1.000 
0.030 0.991 0.078 0.978 1.000 
0.037 0.989 0.048 0.988 0.997 
0.030 0.991 0.051 0.985 1.000 
0.032 0.990 0.051 0.985 0.997 
0.032 0.992 0.055 0.980 1.000 
0.024 0.993 0.059 0.978 1.000 
0.028 0.993 0.059 0.983 1.000 
0.043 0.989 0.050 0.985 1.000 
0.037 0.992 0.056 0.988 1.000 
0.029 0.993 0.048 0.988 0.997 
0.031 0.991 0.061 0.978 1.000 
0.028 0.992 0.082 0.978 1.000 
0.033 0.988 0.052 0.985 0.997 
0.034 0.990 0.110 0.965 1.000 
0.036 0.990 0.057 0.985 0.997 
0.028 0.993 0.071 0.978 0.991 
0.035 0.989 0.044 0.988 1.000 
0.035 0.992 0.059 0.983 1.000 
0.028 0.991 0.108 0.963 1.000 
0.035 0.989 0.048 0.988 0.991 
0.036 0.990 0.042 0.993 0.994 
0.030 0.991 0.061 0.980 1.000 
0.032 0.992 0.050 0.990 0.994 
0.036 0.989 0.070 0.978 1.000 
0.028 0.992 0.048 0.985 1.000 
0.030 0.990 0.053 0.985 0.997 
0.035 0.989 0.046 0.985 1.000 
0.019 0.995 0.086 0.988 0.956 
0.030 0.991 0.066 0.978 1.000 
0.031 0.991 0.048 0.985 1.000 
0.034 0.990 0.054 0.983 1.000 
0.030 0.991 0.048 0.985 1.000 
0.031 0.991 0.086 0.970 0.991 
0.030 0.991 0.056 0.985 1.000 
0.028 0.994 0.057 0.985 1.000 
0.025 0.994 0.081 0.980 0.997 
0.021 0.994 0.039 0.990 0.997 
0.025 0.994 0.044 0.990 1.000 
0.028 0.991 0.057 0.985 1.000 
0.026 0.992 0.046 0.990 1.000 
0.030 0.991 0.053 0.985 0.987 
0.034 0.994 0.058 0.990 1.000 
0.029 0.992 0.071 0.980 1.000 
0.025 0.992 0.068 0.980 0.994 
0.031 0.992 0.058 0.980 1.000 
0.026 0.994 0.096 0.975 0.997 
0.040 0.989 0.052 0.985 1.000 
0.031 0.990 0.044 0.990 1.000 
0.023 0.993 0.107 0.978 0.981 
0.030 0.993 0.053 0.988 1.000 
0.022 0.996 0.043 0.985 1.000 
0.031 0.990 0.048 0.985 0.994 
0.025 0.994 0.043 0.988 1.000 
0.025 0.993 0.069 0.980 0.994 
0.027 0.993 0.065 0.980 0.997 
0.022 0.994 0.039 0.990 0.943 
0.022 0.993 0.042 0.995 1.000 
0.027 0.992 0.047 0.988 1.000 
0.026 0.991 0.044 0.990 0.997 
0.032 0.991 0.048 0.993 0.997 
0.024 0.994 0.062 0.993 1.000 
0.029 0.992 0.047 0.988 0.997 
0.028 0.989 0.042 0.988 0.991 
0.041 0.991 0.049 0.990 0.997 
0.031 0.992 0.049 0.993 1.000 
0.034 0.991 0.066 0.983 0.978 
0.030 0.994 0.048 0.985 1.000 
0.025 0.993 0.040 0.993 0.997 
0.020 0.994 0.048 0.988 0.984 
0.032 0.993 0.110 0.973 0.937 
0.034 0.990 0.068 0.993 1.000 
0.024 0.994 0.041 0.990 0.991 
0.030 0.991 0.093 0.988 0.513 
0.022 0.994 0.055 0.985 0.997 
0.030 0.992 0.179 0.968 0.978 
0.037 0.992 0.079 0.983 0.968 
0.030 0.991 0.055 0.985 1.000 
0.021 0.994 0.065 0.975 0.997 
0.025 0.993 0.091 0.970 0.997 
0.028 0.992 0.072 0.975 1.000 
0.034 0.985 0.128 0.965 0.975 
0.032 0.993 0.114 0.960 0.997 
0.024 0.995 0.045 0.990 0.953 
0.035 0.991 0.078 0.975 1.000 
0.022 0.994 0.079 0.978 1.000 
0.023 0.994 0.094 0.978 0.994 
0.030 0.990 0.077 0.983 0.984 
0.023 0.993 0.045 0.985 1.000 
0.024 0.994 0.037 0.988 1.000 
0.038 0.989 0.047 0.988 0.997 
0.019 0.995 0.042 0.993 0.994 
0.030 0.993 0.058 0.985 0.991 
0.030 0.990 0.095 0.973 0.987 
0.033 0.990 0.056 0.975 0.991 
0.026 0.993 0.055 0.983 0.997 
0.023 0.995 0.084 0.985 0.978 
0.037 0.990 0.077 0.988 0.987 
0.029 0.991 0.044 0.995 1.000 
0.020 0.995 0.047 0.990 1.000 
0.029 0.992 0.130 0.990 0.972 
0.035 0.993 0.044 0.990 1.000 
0.029 0.991 0.096 0.978 0.997 
0.027 0.990 0.064 0.980 0.991 
0.028 0.993 0.077 0.973 0.997 
0.028 0.991 0.070 0.975 0.975 
0.025 0.993 0.103 0.968 0.997 
0.024 0.994 0.125 0.965 0.965 
0.030 0.991 0.092 0.978 0.956 
0.025 0.992 0.095 0.978 0.997 
0.025 0.993 0.068 0.983 0.991 
0.023 0.996 0.080 0.985 0.997 
0.031 0.992 0.051 0.985 0.984 
0.032 0.989 0.089 0.978 0.991 
0.025 0.993 0.048 0.990 1.000 
0.026 0.995 0.057 0.985 0.994 
0.034 0.987 0.164 0.960 1.000 
0.021 0.995 0.116 0.968 1.000 
0.030 0.992 0.094 0.975 0.987 
0.028 0.992 0.063 0.988 1.000 
0.034 0.993 0.058 0.988 0.972 
0.029 0.993 0.068 0.978 0.997 
0.022 0.995 0.132 0.965 1.000 
0.034 0.994 0.045 0.990 1.000 
0.035 0.989 0.191 0.980 0.978 
0.026 0.992 0.046 0.988 1.000 
0.023 0.994 0.060 0.990 0.997 
0.024 0.995 0.115 0.980 0.984 
0.026 0.994 0.039 0.995 1.000 
0.022 0.991 0.063 0.993 1.000 
0.019 0.995 0.055 0.985 0.997 
0.022 0.993 0.038 0.993 0.994 
0.021 0.996 0.043 0.990 1.000 
0.026 0.995 0.104 0.988 0.842 
0.031 0.992 0.133 0.983 0.592 
0.034 0.989 0.091 0.985 0.994 
0.032 0.991 0.097 0.978 0.991 
0.032 0.991 0.078 0.985 0.962 
0.020 0.994 0.043 0.993 0.997 
0.031 0.993 0.045 0.990 1.000 
0.026 0.993 0.052 0.990 0.991 
0.021 0.994 0.045 0.988 0.984 
0.020 0.994 0.073 0.988 0.943 
0.025 0.993 0.052 0.985 0.984 
0.021 0.995 0.168 0.978 0.937 
0.023 0.994 0.038 0.995 1.000 
0.026 0.992 0.058 0.985 1.000 
0.031 0.992 0.068 0.980 0.997 
0.029 0.990 0.078 0.985 1.000 
0.035 0.992 0.060 0.985 1.000 
0.030 0.991 0.080 0.983 0.991 
0.017 0.996 0.116 0.985 0.918 
0.025 0.992 0.082 0.983 1.000 
0.025 0.992 0.070 0.990 1.000 
0.020 0.995 0.074 0.988 1.000 
0.026 0.991 0.093 0.980 1.000 
0.028 0.992 0.049 0.990 1.000 
0.022 0.994 0.064 0.993 1.000 
0.024 0.995 0.073 0.980 1.000 
0.017 0.995 0.119 0.985 1.000 
0.019 0.994 0.040 0.990 1.000 
0.026 0.993 0.107 0.983 0.984 
0.029 0.993 0.107 0.978 0.937 
0.023 0.994 0.072 0.978 1.000 
0.024 0.995 0.065 0.978 0.997 
0.025 0.995 0.066 0.985 0.994 
0.023 0.993 0.072 0.985 1.000 
0.027 0.993 0.038 0.990 1.000 
0.018 0.995 0.045 0.990 0.994 
0.032 0.992 0.093 0.978 0.997 
0.019 0.994 0.097 0.983 0.997 
0.025 0.993 0.041 0.988 0.994 
0.038 0.990 0.042 0.990 1.000 
0.027 0.991 0.040 0.988 0.949 
0.021 0.994 0.082 0.988 0.997 
0.022 0.993 0.079 0.988 0.997 
0.019 0.994 0.090 0.985 0.994 
0.017 0.995 0.074 0.985 0.994 
0.020 0.993 0.054 0.988 0.987 
0.023 0.993 0.034 0.993 1.000 
0.027 0.992 0.049 0.988 0.937 
0.028 0.994 0.054 0.985 0.981 
0.022 0.994 0.048 0.990 0.674 
0.027 0.995 0.037 0.993 1.000 
0.019 0.995 0.036 0.990 0.994 
0.023 0.993 0.047 0.988 0.905 
0.018 0.995 0.056 0.988 0.994 
0.027 0.992 0.047 0.988 1.000 
0.023 0.992 0.082 0.990 0.994 
0.012 0.997 0.061 0.988 0.994 
0.029 0.992 0.045 0.985 0.965 
0.017 0.993 0.062 0.980 0.991 
0.018 0.995 0.066 0.985 0.987 
0.024 0.994 0.036 0.990 1.000 
0.025 0.990 0.111 0.968 0.997 
0.016 0.997 0.052 0.985 0.668 
0.027 0.989 0.095 0.988 0.991 
0.018 0.995 0.068 0.990 0.987 
0.021 0.995 0.099 0.988 0.994 
0.023 0.995 0.076 0.980 1.000 
0.017 0.997 0.133 0.973 0.991 
0.017 0.995 0.068 0.980 0.997 
0.022 0.995 0.120 0.955 0.994 
0.028 0.993 0.067 0.988 1.000 
0.024 0.994 0.040 0.990 0.994 
0.026 0.994 0.076 0.983 0.994 
0.021 0.994 0.068 0.990 0.994 
0.018 0.994 0.123 0.983 0.532 
0.019 0.996 0.275 0.968 0.991 
0.025 0.992 0.080 0.990 1.000 
0.013 0.996 0.161 0.978 0.997 
0.022 0.992 0.134 0.980 0.997 
0.029 0.993 0.175 0.985 1.000 
0.022 0.995 0.149 0.988 0.997 
0.038 0.996 0.042 0.993 1.000 
0.024 0.991 0.068 0.985 1.000 
0.035 0.994 0.062 0.988 0.994 
0.021 0.996 0.085 0.988 0.997 
0.022 0.994 0.091 0.985 0.984 
0.021 0.993 0.098 0.990 0.991 
0.020 0.993 0.108 0.988 0.997 
0.019 0.994 0.063 0.988 0.953 
0.024 0.994 0.076 0.980 1.000 
0.019 0.995 0.035 0.993 1.000 
0.030 0.994 0.096 0.983 0.972 
0.022 0.993 0.038 0.990 0.718 
0.030 0.994 0.067 0.990 0.997 
0.021 0.995 0.049 0.990 0.987 
0.021 0.995 0.137 0.983 0.991 
0.031 0.991 0.037 0.990 1.000 
0.019 0.994 0.083 0.983 0.997 
0.015 0.995 0.086 0.990 0.953 
0.012 0.996 0.072 0.983 1.000 
0.025 0.992 0.063 0.988 1.000 
0.019 0.995 0.127 0.978 0.997 
0.025 0.994 0.186 0.985 0.997 
0.028 0.993 0.065 0.993 0.908 
0.030 0.989 0.065 0.983 0.997 
0.022 0.994 0.171 0.983 1.000 
0.017 0.995 0.086 0.988 1.000 
0.021 0.994 0.076 0.985 0.994 
0.020 0.994 0.054 0.988 0.997 
0.021 0.994 0.090 0.975 1.000 
0.022 0.992 0.046 0.985 0.997 
0.026 0.994 0.035 0.995 1.000 
0.018 0.993 0.038 0.995 0.975 
0.009 0.998 0.088 0.985 0.627 
0.037 0.988 0.041 0.988 1.000 
0.024 0.992 0.061 0.985 0.997 
0.029 0.992 0.039 0.988 1.000 
0.015 0.995 0.041 0.988 1.000 
0.012 0.995 0.087 0.990 1.000 
0.028 0.991 0.084 0.985 1.000 
0.023 0.993 0.052 0.985 0.991 
0.018 0.996 0.037 0.993 0.994 
0.019 0.995 0.091 0.985 0.934 
0.020 0.994 0.086 0.980 0.991 
0.017 0.994 0.041 0.988 1.000 
0.022 0.994 0.124 0.993 1.000 
0.029 0.992 0.099 0.983 0.987 
0.022 0.993 0.122 0.985 0.991 
0.022 0.995 0.047 0.988 1.000 
0.015 0.995 0.039 0.990 0.991 
0.026 0.992 0.060 0.985 0.987 
0.018 0.995 0.035 0.993 0.788 
0.017 0.994 0.092 0.985 0.968 
0.018 0.995 0.112 0.985 0.987 
0.020 0.994 0.041 0.990 0.997 
0.017 0.995 0.031 0.995 0.921 
0.021 0.994 0.044 0.988 1.000 
0.022 0.994 0.086 0.980 1.000 
0.023 0.994 0.061 0.983 1.000 
0.028 0.993 0.043 0.990 0.965 
0.022 0.994 0.069 0.978 0.987 
0.024 0.995 0.035 0.995 0.994 
0.022 0.994 0.067 0.975 0.997 
0.018 0.994 0.065 0.983 0.997 
0.024 0.995 0.049 0.990 1.000 
0.018 0.995 0.076 0.978 0.991 
0.024 0.995 0.064 0.978 0.972 
0.019 0.996 0.220 0.978 0.981 
0.029 0.993 0.301 0.978 0.987 
0.017 0.994 0.196 0.985 0.848 
0.017 0.996 0.207 0.983 0.987 
0.018 0.995 0.089 0.988 0.997 
0.016 0.996 0.032 0.995 0.972 
0.028 0.992 0.235 0.988 0.984 
0.036 0.993 0.064 0.985 0.987 
0.027 0.995 0.062 0.990 0.981 
0.033 0.991 0.055 0.990 1.000 
0.021 0.995 0.085 0.983 0.984 
0.022 0.993 0.108 0.988 0.854 
0.023 0.993 0.176 0.993 0.984 
0.022 0.994 0.032 0.995 1.000 
0.019 0.996 0.113 0.988 0.911 
0.022 0.994 0.124 0.975 0.981 
0.019 0.994 0.072 0.988 1.000 
0.015 0.996 0.088 0.990 0.981 
0.025 0.995 0.087 0.985 0.981 
0.029 0.995 0.060 0.980 0.984 
0.025 0.994 0.124 0.970 0.946 
0.021 0.996 0.037 0.995 0.987 
0.018 0.995 0.092 0.990 0.956 
0.020 0.995 0.081 0.990 0.987 
0.014 0.995 0.034 0.995 1.000 
0.022 0.994 0.058 0.988 0.987 
0.015 0.994 0.065 0.990 1.000 
0.022 0.993 0.045 0.995 0.418 
0.019 0.995 0.036 0.993 1.000 
0.027 0.992 0.038 0.990 0.997 
0.019 0.993 0.094 0.978 0.927 
0.017 0.994 0.054 0.990 0.867 
0.022 0.993 0.071 0.978 0.934 
0.013 0.997 0.075 0.980 0.991 
0.025 0.994 0.042 0.990 1.000 
0.028 0.993 0.052 0.990 0.972 
0.015 0.995 0.101 0.975 1.000 
0.022 0.994 0.058 0.985 1.000 
0.028 0.992 0.052 0.988 0.987 
0.022 0.995 0.038 0.990 0.991 
0.017 0.995 0.035 0.993 0.994 
0.012 0.996 0.046 0.990 0.997 
0.017 0.995 0.057 0.985 0.987 
0.015 0.995 0.046 0.990 1.000 
0.030 0.995 0.154 0.973 0.997 
0.012 0.996 0.183 0.983 0.997 
0.027 0.994 0.068 0.988 0.503 
0.027 0.993 0.066 0.990 0.994 
0.019 0.995 0.046 0.985 0.997 
0.024 0.994 0.092 0.978 0.997 
0.018 0.995 0.044 0.980 0.997 
0.014 0.996 0.144 0.993 1.000 
0.028 0.993 0.043 0.985 0.987 
0.019 0.994 0.088 0.978 0.987 
0.022 0.994 0.074 0.985 1.000 
0.024 0.994 0.215 0.983 0.877 
0.025 0.994 0.068 0.980 0.892 
0.021 0.994 0.051 0.983 1.000 
0.016 0.996 0.041 0.988 1.000 
0.018 0.995 0.040 0.988 0.997 
0.016 0.996 0.036 0.993 0.801 
0.021 0.995 0.049 0.983 1.000 
0.018 0.995 0.082 0.980 1.000 
0.024 0.995 0.073 0.980 1.000 
0.027 0.995 0.054 0.983 1.000 
0.026 0.994 0.030 0.993 0.997 
0.016 0.997 0.035 0.990 1.000 
0.027 0.993 0.071 0.978 0.987 
0.017 0.996 0.037 0.990 1.000 
0.016 0.995 0.061 0.985 0.991 
0.029 0.995 0.253 0.985 0.981 
0.026 0.994 0.181 0.970 1.000 
0.016 0.997 0.199 0.985 1.000 
0.032 0.992 0.049 0.985 1.000 
0.023 0.994 0.037 0.990 0.997 
0.016 0.996 0.143 0.985 0.987 
0.014 0.996 0.075 0.978 0.997 
0.029 0.990 0.091 0.975 1.000 
0.020 0.994 0.042 0.988 1.000 
0.019 0.995 0.041 0.990 0.981 
0.019 0.995 0.059 0.980 0.994 
0.019 0.994 0.139 0.978 0.994 
0.019 0.996 0.040 0.990 0.991 
0.017 0.996 0.084 0.985 0.927 
0.019 0.994 0.041 0.990 0.965 
0.027 0.994 0.117 0.960 0.965 
0.026 0.992 0.039 0.990 1.000 
0.020 0.994 0.030 0.995 0.997 
0.012 0.997 0.039 0.993 0.987 
0.021 0.996 0.044 0.988 0.997 
0.013 0.995 0.136 0.975 1.000 
0.019 0.995 0.092 0.983 1.000 
0.024 0.994 0.141 0.980 0.991 
0.023 0.993 0.041 0.983 0.997 
0.008 0.998 0.064 0.983 0.994 
0.017 0.996 0.094 0.990 1.000 
0.030 0.991 0.067 0.978 1.000 
0.018 0.995 0.045 0.993 0.997 
0.023 0.992 0.047 0.988 0.991 
0.023 0.993 0.039 0.993 1.000 
0.019 0.994 0.044 0.988 0.965 
0.022 0.994 0.037 0.993 1.000 
0.015 0.995 0.035 0.993 1.000 
0.018 0.994 0.037 0.993 1.000 
0.020 0.994 0.040 0.993 1.000 
0.018 0.994 0.046 0.988 1.000 
0.055 0.989 0.150 0.988 1.000 
0.023 0.993 0.050 0.988 1.000 
0.013 0.994 0.041 0.993 1.000 
0.015 0.996 0.048 0.988 0.997 
0.018 0.995 0.031 0.993 1.000 
0.018 0.995 0.039 0.990 1.000 
0.010 0.996 0.043 0.988 1.000 
0.025 0.992 0.043 0.988 0.997 
0.019 0.994 0.058 0.993 0.994 
0.013 0.995 0.352 0.978 0.978 
0.028 0.992 0.048 0.988 0.997 
0.017 0.996 0.046 0.990 0.997 
0.015 0.997 0.048 0.983 1.000 
0.038 0.994 0.048 0.990 1.000 
0.029 0.995 0.046 0.988 1.000 
0.033 0.992 0.054 0.983 1.000 
0.020 0.995 0.743 0.965 0.994 
0.021 0.992 0.045 0.985 0.997 
0.012 0.998 0.041 0.988 1.000 
0.012 0.997 0.224 0.985 1.000 
0.017 0.993 0.035 0.993 0.968 
0.017 0.996 0.046 0.988 1.000 
0.020 0.995 0.205 0.988 1.000 
0.014 0.997 0.489 0.973 0.997 
0.017 0.996 0.542 0.993 0.953 
0.018 0.996 0.463 0.985 0.997 
0.025 0.992 0.217 0.990 0.997 
0.016 0.994 0.274 0.950 0.997 
0.016 0.996 0.035 0.993 0.997 
0.016 0.995 0.050 0.985 1.000 
0.015 0.994 0.045 0.985 1.000 
0.018 0.995 0.035 0.993 1.000 
0.035 0.993 0.050 0.983 0.997 
0.024 0.993 0.132 0.960 0.997 
0.013 0.997 0.067 0.980 0.994 
0.034 0.987 0.045 0.985 1.000 
0.022 0.992 0.133 0.983 0.997 
0.018 0.994 0.369 0.980 0.991 
0.019 0.994 0.051 0.985 0.994 
0.013 0.998 0.071 0.983 1.000 
0.017 0.994 0.051 0.985 0.965 
0.014 0.997 0.101 0.983 0.997 
0.021 0.992 0.079 0.990 1.000 
0.030 0.992 0.041 0.990 1.000 
0.020 0.995 0.072 0.988 0.997 
0.031 0.996 0.166 0.983 0.994 
0.011 0.995 0.104 0.983 0.997 
0.023 0.992 0.053 0.990 0.994 
0.018 0.995 0.161 0.970 1.000 
0.046 0.991 0.102 0.978 0.994 
0.013 0.994 0.164 0.990 0.987 
0.015 0.995 0.167 0.955 0.994 
0.014 0.996 0.179 0.983 0.994 
0.020 0.993 0.058 0.985 1.000 
0.015 0.995 0.306 0.973 0.991 
0.013 0.995 0.534 0.990 0.592 
0.024 0.994 0.114 0.973 1.000 
0.025 0.993 0.097 0.983 0.984 
0.013 0.995 0.102 0.990 0.994 
0.018 0.994 0.191 0.970 0.991 
0.020 0.994 0.392 0.975 0.994 
0.022 0.992 0.076 0.983 1.000 
0.020 0.996 0.201 0.958 1.000 
0.016 0.995 0.108 0.990 1.000 
0.019 0.996 0.194 0.980 0.991 
0.037 0.992 0.048 0.983 1.000 
0.024 0.995 0.519 0.978 0.997 
0.026 0.994 0.037 0.995 1.000 
0.036 0.993 0.043 0.990 0.946 
0.020 0.996 0.039 0.990 0.997 
0.015 0.996 0.040 0.988 0.991 
0.016 0.995 0.122 0.985 0.991 
0.009 0.997 0.297 0.978 0.975 
0.031 0.991 0.140 0.955 0.987 
0.022 0.995 0.048 0.985 0.940 
0.021 0.991 0.047 0.988 0.987 
0.023 0.993 0.038 0.990 0.981 
0.018 0.995 0.041 0.988 1.000 
0.014 0.997 0.040 0.993 1.000 
0.015 0.995 0.344 0.978 0.991 
0.011 0.996 0.459 0.990 0.987 
0.020 0.993 0.057 0.985 0.991 
0.034 0.993 0.385 0.975 0.975 
0.020 0.996 0.055 0.988 0.987 
0.014 0.996 0.847 0.988 0.949 
0.015 0.994 0.398 0.985 1.000 
0.040 0.993 0.307 0.985 1.000 
0.012 0.997 0.270 0.988 0.994 
0.026 0.994 0.172 0.983 0.987 
0.029 0.993 0.046 0.990 0.984 
0.016 0.996 0.108 0.980 0.994 
0.013 0.996 0.357 0.978 0.997 
0.029 0.994 0.112 0.975 0.997 
0.020 0.995 0.045 0.988 0.994 
0.017 0.995 0.053 0.983 0.997 
0.009 0.997 0.566 0.988 0.994 
0.032 0.993 0.068 0.988 0.994 
0.023 0.994 0.511 0.983 0.994 
0.011 0.997 0.386 0.963 0.997 
0.025 0.994 0.127 0.980 1.000 
0.023 0.993 0.343 0.978 1.000 
0.031 0.995 0.142 0.973 0.991 
0.014 0.995 0.057 0.983 0.997 
0.012 0.995 0.053 0.988 0.994 
0.014 0.996 0.040 0.993 0.984 
0.016 0.996 0.037 0.988 0.997 
0.025 0.993 0.046 0.988 0.997 
0.014 0.997 0.197 0.968 1.000 
0.013 0.997 0.110 0.988 0.994 
0.026 0.992 0.044 0.988 0.994 
0.017 0.994 0.147 0.963 0.997 
0.017 0.993 0.110 0.978 0.991 
0.017 0.995 0.041 0.990 0.994 
0.010 0.997 0.200 0.975 1.000 
0.014 0.996 0.110 0.983 0.997 
0.012 0.994 0.412 0.985 1.000 
0.027 0.996 0.901 0.980 1.000 
0.024 0.992 0.785 0.983 0.994 
0.014 0.996 0.384 0.975 0.994 
0.014 0.995 0.522 0.985 1.000 
0.016 0.995 0.072 0.985 0.994 
0.020 0.996 0.049 0.985 1.000 
0.027 0.996 0.092 0.975 0.994 
0.022 0.993 0.080 0.990 0.997 
0.019 0.994 0.177 0.988 0.987 
0.027 0.997 0.469 0.970 1.000 
0.019 0.995 0.161 0.973 0.994 
0.013 0.995 0.048 0.988 0.994 
0.020 0.994 0.035 0.993 1.000 
0.018 0.996 0.074 0.978 0.994 
0.010 0.997 0.046 0.990 0.997 
0.025 0.990 0.042 0.990 0.994 
0.021 0.992 0.276 0.990 0.997 
0.017 0.994 0.069 0.978 0.994 
0.015 0.996 0.041 0.990 0.994 
0.020 0.992 0.029 0.990 0.994 
0.028 0.994 0.170 0.968 0.987 
0.009 0.997 0.080 0.978 0.987 
0.017 0.994 0.047 0.988 0.987 
0.016 0.994 0.400 0.978 0.997 
0.014 0.996 0.478 0.985 0.984 
0.028 0.993 0.209 0.983 1.000 
0.012 0.995 0.047 0.985 1.000 
0.030 0.991 0.040 0.988 1.000 
0.041 0.993 0.077 0.975 1.000 
0.021 0.996 0.049 0.990 0.994 
0.040 0.995 0.089 0.975 0.991 
0.026 0.995 0.068 0.988 1.000 
0.019 0.994 0.050 0.985 1.000 
0.019 0.996 0.488 0.980 0.994 
0.036 0.995 0.204 0.970 1.000 
0.017 0.996 0.184 0.978 0.997 
0.014 0.996 0.062 0.983 0.997 
0.017 0.994 0.048 0.990 1.000 
0.015 0.995 0.062 0.985 1.000 
0.019 0.996 0.031 0.990 0.997 
0.019 0.994 0.041 0.988 1.000 
0.021 0.991 0.045 0.985 0.994 
0.019 0.995 0.039 0.990 1.000 
0.027 0.995 0.057 0.988 1.000 
0.010 0.996 0.174 0.970 0.994 
0.019 0.992 0.045 0.990 1.000 
0.011 0.995 0.077 0.985 0.994 
0.038 0.992 0.036 0.990 0.927 
0.017 0.997 0.294 0.985 0.943 
0.022 0.993 0.239 0.978 0.968 
0.032 0.992 0.070 0.980 0.987 
0.032 0.994 0.057 0.985 0.937 
0.017 0.995 0.043 0.988 1.000 
0.011 0.997 0.050 0.990 0.997 
0.015 0.996 0.046 0.988 0.994 
0.018 0.995 0.034 0.993 1.000 
0.012 0.997 0.116 0.973 1.000 
0.018 0.996 0.054 0.983 0.997 
0.018 0.997 0.049 0.988 0.972 
0.028 0.992 0.096 0.980 0.994 
0.025 0.995 0.057 0.993 1.000 
0.016 0.997 0.320 0.965 0.693 
0.025 0.994 0.039 0.990 1.000 
0.023 0.993 0.058 0.993 1.000 
0.029 0.995 0.055 0.990 0.997 
0.020 0.993 0.053 0.983 1.000 
0.015 0.996 0.050 0.983 1.000 
0.014 0.995 0.060 0.980 1.000 
0.022 0.994 0.038 0.990 0.991 
0.012 0.996 0.094 0.973 1.000 
0.020 0.994 0.054 0.988 0.997 
0.038 0.992 0.036 0.990 1.000 
0.016 0.994 0.042 0.985 1.000 
0.012 0.995 0.102 0.980 1.000 
0.018 0.997 0.063 0.978 1.000 
0.015 0.995 0.191 0.970 0.994 
0.015 0.995 0.041 0.990 1.000 
0.022 0.996 0.063 0.975 1.000 
0.010 0.997 0.042 0.993 1.000 
0.018 0.995 0.081 0.980 1.000 
0.020 0.994 0.040 0.990 1.000 
0.014 0.995 0.049 0.985 1.000 
0.015 0.996 0.277 0.988 0.494 
0.033 0.992 0.038 0.993 1.000 
0.019 0.992 0.051 0.983 0.987 
0.011 0.998 0.057 0.978 1.000 
0.019 0.995 0.126 0.978 0.987 
0.010 0.995 0.112 0.983 1.000 
0.025 0.992 0.031 0.995 1.000 
0.014 0.996 0.061 0.983 1.000 
0.014 0.996 0.034 0.995 1.000 
0.019 0.994 0.090 0.978 1.000 
0.014 0.995 0.156 0.985 1.000 
0.017 0.995 0.063 0.990 0.956 
0.013 0.995 0.070 0.983 1.000 
0.015 0.996 0.038 0.993 1.000 
0.017 0.992 0.064 0.988 1.000 
0.010 0.997 0.095 0.980 1.000 
0.031 0.994 0.059 0.983 1.000 
0.022 0.995 0.064 0.980 1.000 
0.014 0.997 0.048 0.988 1.000 
0.029 0.993 0.051 0.990 1.000 
0.016 0.996 0.041 0.988 0.997 
0.024 0.994 0.125 0.988 0.525 
0.015 0.996 0.455 0.980 0.994 
0.012 0.998 0.441 0.985 0.997 
0.023 0.993 0.245 0.985 0.991 
0.021 0.996 0.049 0.990 0.997 
0.013 0.997 0.450 0.980 0.940 
0.024 0.993 0.057 0.980 0.987 
0.015 0.996 0.110 0.985 1.000 
0.020 0.994 0.157 0.978 1.000 
0.014 0.997 0.062 0.985 0.997 
0.015 0.994 0.045 0.993 1.000 
0.022 0.997 0.055 0.988 1.000 
0.021 0.995 0.044 0.988 0.984 
0.010 0.996 0.073 0.993 1.000 
0.017 0.997 0.041 0.990 1.000 
0.017 0.996 0.040 0.990 1.000 
0.013 0.994 0.032 0.995 1.000 
0.015 0.996 0.120 0.990 0.981 
0.018 0.995 0.408 0.983 0.975 
0.042 0.994 0.051 0.980 0.994 
0.018 0.993 0.199 0.990 1.000 
0.024 0.993 0.037 0.995 0.984 
0.029 0.995 0.051 0.980 1.000 
0.013 0.995 0.047 0.983 1.000 
0.013 0.996 0.038 0.990 0.905 
0.019 0.993 0.084 0.978 1.000 
0.020 0.995 0.501 0.975 1.000 
0.017 0.996 0.434 0.973 0.987 
0.016 0.995 0.319 0.970 1.000 
0.014 0.997 0.053 0.988 1.000 
0.018 0.995 0.058 0.985 1.000 
0.013 0.995 0.120 0.975 0.997 
0.016 0.996 0.113 0.983 0.984 
0.022 0.994 0.260 0.965 0.981 
0.015 0.996 0.347 0.983 1.000 
0.017 0.994 0.087 0.985 1.000 
0.023 0.993 0.065 0.983 0.994 
0.011 0.998 0.403 0.978 1.000 
0.016 0.995 0.326 0.978 0.997 
0.030 0.994 0.040 0.990 0.997 
0.020 0.995 0.085 0.988 1.000 
0.019 0.995 0.036 0.990 0.987 
0.009 0.998 0.038 0.990 0.959 
0.018 0.997 0.144 0.975 0.987 
0.016 0.993 0.067 0.978 0.994 
0.014 0.995 0.046 0.990 0.991 
0.014 0.996 0.051 0.990 1.000 
0.014 0.995 0.047 0.988 0.997 
0.013 0.997 0.040 0.988 1.000 
0.016 0.995 0.048 0.985 0.965 
0.025 0.997 0.062 0.985 1.000 
0.017 0.996 0.055 0.983 0.997 
0.021 0.993 0.077 0.978 1.000 
0.011 0.997 0.046 0.990 1.000 
0.019 0.996 0.085 0.973 0.994 
0.013 0.995 0.456 0.943 0.997 
0.023 0.993 0.177 0.983 0.994 
0.076 0.992 0.124 0.973 0.997 
0.030 0.994 0.039 0.988 1.000 
0.009 0.996 0.051 0.988 0.997 
0.020 0.994 0.042 0.988 1.000 
0.015 0.995 0.087 0.978 1.000 
0.009 0.996 0.048 0.985 1.000 
0.015 0.996 0.360 0.950 1.000 
0.022 0.995 0.044 0.988 0.994 
0.013 0.996 0.064 0.985 0.997 
0.010 0.996 0.305 0.978 0.984 
0.025 0.997 0.126 0.978 1.000 
0.015 0.996 0.078 0.980 1.000 
0.027 0.993 0.054 0.983 0.997 
0.018 0.996 0.038 0.990 0.997 
0.018 0.995 0.438 0.985 0.987 
0.020 0.994 0.059 0.980 0.997 
0.019 0.994 0.061 0.990 0.997 
0.024 0.995 0.435 0.980 1.000 
0.023 0.993 0.110 0.988 1.000 
0.015 0.995 0.821 0.973 0.997 
0.029 0.995 0.146 0.985 0.997 
0.032 0.996 0.308 0.988 0.991 
0.018 0.995 0.153 0.988 1.000 
0.017 0.995 0.454 0.985 0.997 
0.018 0.994 0.700 0.975 0.902 
0.011 0.997 0.486 0.980 0.997 
0.029 0.994 0.245 0.980 0.994 
0.019 0.998 0.041 0.988 0.845 
0.017 0.995 0.263 0.983 0.991 
0.026 0.993 0.035 0.993 1.000 
0.017 0.996 0.340 0.983 0.994 
0.012 0.996 0.211 0.988 0.994 
0.020 0.991 0.134 0.983 0.845 
0.015 0.997 0.641 0.985 0.582 
0.010 0.997 0.700 0.983 0.984 
0.024 0.994 0.043 0.988 0.639 
0.015 0.995 0.193 0.988 0.956 
0.012 0.995 0.612 0.985 0.987 
0.010 0.995 0.781 0.985 0.987 
0.026 0.994 0.169 0.980 0.959 
0.015 0.995 0.683 0.985 0.924 
0.008 0.998 0.706 0.983 0.984 
0.032 0.994 0.054 0.985 1.000 
0.016 0.995 0.073 0.980 1.000 
0.015 0.994 0.058 0.983 0.997 
0.039 0.991 0.148 0.985 0.984 
0.014 0.996 0.065 0.983 0.994 
0.008 0.997 0.109 0.983 0.978 
0.017 0.997 0.039 0.990 0.908 
0.019 0.996 0.421 0.983 0.994 
0.013 0.997 0.495 0.988 0.994 
0.018 0.995 0.204 0.988 0.870 
0.011 0.998 0.049 0.988 0.981 
0.027 0.994 0.048 0.985 0.997 
0.027 0.993 0.052 0.990 0.991 
0.019 0.997 0.187 0.975 0.994 
0.017 0.995 0.226 0.988 0.987 
0.018 0.995 0.050 0.985 1.000 
0.014 0.995 0.056 0.985 0.915 
0.016 0.995 0.116 0.985 0.987 
0.015 0.996 0.039 0.988 0.997 
0.015 0.996 0.038 0.990 0.984 
0.023 0.994 0.076 0.980 0.994 
0.016 0.995 0.123 0.988 0.997 
0.010 0.998 0.043 0.990 0.994 
0.021 0.995 0.142 0.970 0.994 
0.012 0.997 0.144 0.993 0.997 
0.023 0.992 0.048 0.990 0.915 
0.011 0.997 0.060 0.983 0.997 
0.028 0.991 0.041 0.988 1.000 
0.020 0.992 0.125 0.980 1.000 
0.011 0.997 0.064 0.985 0.994 
0.010 0.997 0.159 0.985 1.000 
0.010 0.998 0.357 0.973 0.994 
0.009 0.997 0.083 0.980 0.965 
0.029 0.992 0.156 0.985 0.997 
0.029 0.995 0.048 0.988 1.000 
0.010 0.997 0.047 0.990 1.000 
0.020 0.994 0.054 0.985 1.000 
0.025 0.993 0.047 0.990 0.997 
0.019 0.993 0.071 0.985 0.997 
0.028 0.992 0.036 0.993 1.000 
0.015 0.995 0.041 0.990 1.000 
0.016 0.994 0.083 0.980 0.842 
0.011 0.997 0.085 0.973 0.994 
0.013 0.996 0.037 0.990 0.997 
0.016 0.995 0.058 0.988 1.000 
0.022 0.995 0.052 0.983 1.000 
0.016 0.995 0.077 0.975 1.000 
0.015 0.996 0.043 0.990 1.000 
0.012 0.995 0.051 0.990 0.991 
0.021 0.993 0.058 0.983 0.994 
0.007 0.998 0.067 0.993 0.595 
0.020 0.995 0.037 0.995 1.000 
0.016 0.995 0.158 0.955 1.000 
0.018 0.994 0.301 0.990 0.997 
0.028 0.992 0.224 0.975 0.994 
0.016 0.996 0.230 0.980 0.991 
0.022 0.994 0.057 0.985 0.997 
0.008 0.996 0.051 0.990 0.997 
0.012 0.998 0.051 0.983 1.000 
0.026 0.993 0.055 0.988 1.000 
0.017 0.996 0.043 0.988 1.000 
0.012 0.996 0.101 0.978 1.000 
0.025 0.994 0.145 0.978 1.000 
0.022 0.995 0.144 0.973 0.994 
0.016 0.994 0.060 0.990 0.984 
0.012 0.997 0.032 0.993 0.997 
0.014 0.995 0.061 0.985 0.987 
0.011 0.997 0.194 0.980 0.984 
0.021 0.993 0.029 0.995 0.994 
0.017 0.996 0.053 0.983 0.924 
0.016 0.993 0.130 0.985 1.000 
0.028 0.993 0.078 0.983 1.000 
0.018 0.994 0.046 0.990 1.000 
0.019 0.994 0.046 0.990 1.000 
0.021 0.995 0.062 0.983 0.984 
0.010 0.996 0.795 0.993 0.994 
0.026 0.995 0.334 0.960 0.994 
0.017 0.994 0.183 0.988 0.991 
0.023 0.995 0.549 0.990 0.953 
0.014 0.995 0.730 0.990 0.991 
0.020 0.994 0.854 0.988 0.848 
0.020 0.993 0.698 0.988 0.968 
0.012 0.997 0.094 0.990 0.994 
0.018 0.996 0.479 0.983 0.994 
0.018 0.995 0.043 0.988 0.994 
0.013 0.997 0.216 0.988 0.981 
0.017 0.997 0.034 0.993 0.997 
0.019 0.994 0.189 0.983 0.690 
0.014 0.995 0.051 0.990 0.984 
0.015 0.996 0.042 0.990 0.987 
0.016 0.996 0.667 0.943 0.991 
0.023 0.994 0.072 0.980 0.991 
0.015 0.996 0.271 0.985 0.997 
0.013 0.996 0.174 0.970 0.991 
0.011 0.996 0.393 0.988 0.997 
0.011 0.995 0.260 0.985 0.937 
0.012 0.996 0.130 0.990 0.975 
0.029 0.992 0.222 0.963 1.000 
0.013 0.996 0.056 0.988 0.991 
0.033 0.996 0.048 0.990 0.984 
0.016 0.994 0.085 0.990 1.000 
0.019 0.995 0.070 0.990 1.000 
0.034 0.994 0.064 0.983 0.997 
0.037 0.993 0.261 0.985 1.000 
0.010 0.997 0.047 0.988 1.000 
0.010 0.998 0.355 0.980 1.000 
0.009 0.997 0.079 0.988 0.978 
0.009 0.997 0.171 0.990 1.000 
0.020 0.996 0.172 0.990 0.994 
0.019 0.994 0.035 0.995 0.994 
0.014 0.996 0.229 0.985 1.000 
0.014 0.995 0.488 0.958 1.000 
0.017 0.994 0.490 0.988 0.930 
0.023 0.994 0.522 0.980 0.946 
0.019 0.991 0.123 0.983 1.000 
0.014 0.995 0.123 0.983 1.000 
0.012 0.997 0.216 0.988 1.000 
0.010 0.998 0.453 0.985 1.000 
0.013 0.996 0.062 0.988 1.000 
0.018 0.995 0.066 0.993 0.991 
0.017 0.996 0.070 0.985 0.994 
0.017 0.995 0.043 0.993 0.968 
0.020 0.995 0.038 0.993 0.927 
0.019 0.996 0.046 0.988 1.000 
0.021 0.993 0.112 0.963 1.000 
0.012 0.996 0.031 0.993 0.997 
0.020 0.994 0.558 0.973 0.953 
0.011 0.997 0.036 0.990 1.000 
0.012 0.996 0.438 0.990 0.987 
0.023 0.992 0.049 0.985 0.994 
0.014 0.996 0.032 0.995 1.000 
0.009 0.999 0.033 0.993 0.968 
0.031 0.994 0.044 0.990 1.000 
0.018 0.994 0.108 0.988 0.994 
0.027 0.995 0.064 0.975 0.915 
0.014 0.996 0.111 0.975 1.000 
0.016 0.994 0.055 0.975 0.959 
0.011 0.994 0.284 0.990 0.889 
0.024 0.996 0.038 0.990 1.000 
0.019 0.996 0.058 0.978 1.000 
0.018 0.994 0.032 0.993 0.994 
0.016 0.995 0.056 0.983 1.000 
0.014 0.997 0.036 0.990 0.911 
0.016 0.996 0.073 0.978 0.997 
0.017 0.993 0.118 0.970 0.991 
0.012 0.997 0.050 0.993 0.987 
0.022 0.995 0.076 0.975 1.000 
0.010 0.996 0.094 0.980 0.978 
0.021 0.995 0.048 0.988 0.873 
0.017 0.996 0.071 0.988 0.994 
0.018 0.994 0.536 0.968 0.209 
0.024 0.992 0.129 0.988 0.997 
0.007 0.998 0.362 0.983 1.000 
0.017 0.995 0.176 0.983 0.994 
0.013 0.995 0.616 0.983 0.573 
0.022 0.994 0.068 0.980 0.943 
0.024 0.994 0.334 0.973 1.000 
0.010 0.998 0.129 0.990 0.997 
0.014 0.996 0.067 0.988 1.000 
0.012 0.996 0.043 0.988 0.994 
0.010 0.997 0.072 0.978 0.994 
0.023 0.993 1.064 0.970 0.997 
0.028 0.996 0.033 0.993 0.997 
0.015 0.997 0.068 0.983 0.991 
0.027 0.994 0.063 0.985 0.997 
0.012 0.996 0.136 0.985 0.994 
0.023 0.996 0.048 0.988 0.940 
0.011 0.997 0.143 0.975 0.994 
0.020 0.994 0.047 0.988 1.000 
0.018 0.995 0.043 0.988 1.000 
0.006 0.998 0.063 0.990 0.930 
0.016 0.996 0.243 0.985 0.801 
0.014 0.995 0.218 0.988 0.975 
0.022 0.996 0.038 0.993 1.000 
0.015 0.995 0.492 0.963 0.997 
0.023 0.994 0.032 0.993 1.000 
0.018 0.993 0.073 0.985 0.987 
0.019 0.993 0.569 0.980 0.994 
0.013 0.998 0.520 0.985 0.987 
0.022 0.996 0.045 0.988 0.994 
0.011 0.997 0.060 0.980 1.000 
0.019 0.995 0.068 0.983 0.994 
0.018 0.995 0.079 0.983 0.962 
0.014 0.997 0.188 0.985 0.981 
0.016 0.994 0.093 0.988 0.991 
0.013 0.996 0.114 0.985 0.975 
0.014 0.994 0.207 0.973 1.000 
0.026 0.992 0.429 0.988 0.994 
0.061 0.994 0.137 0.985 1.000 
0.016 0.995 0.586 0.990 0.991 
0.018 0.995 0.034 0.993 1.000 
0.014 0.995 0.752 0.975 0.994 
0.011 0.997 0.643 0.985 0.987 
0.019 0.995 0.236 0.983 1.000 
0.014 0.995 0.399 0.980 0.544 
0.013 0.995 0.238 0.970 1.000 
