0.286 0.891 0.163 0.955 0.994 
0.197 0.932 0.145 0.945 0.907 
0.145 0.947 0.157 0.943 1.000 
0.154 0.947 0.106 0.963 0.997 
0.118 0.963 0.086 0.973 0.972 
0.112 0.960 0.105 0.963 0.929 
0.118 0.960 0.089 0.973 1.000 
0.095 0.971 0.075 0.985 1.000 
0.099 0.969 0.090 0.988 1.000 
0.092 0.967 0.064 0.985 0.994 
0.097 0.974 0.077 0.980 0.954 
0.091 0.974 0.091 0.960 1.000 
0.090 0.969 0.074 0.975 0.975 
0.070 0.977 0.058 0.983 0.994 
0.100 0.966 0.072 0.980 1.000 
0.084 0.970 0.059 0.988 1.000 
0.075 0.977 0.061 0.983 0.960 
0.074 0.980 0.068 0.978 1.000 
0.076 0.971 0.059 0.983 1.000 
0.077 0.977 0.086 0.970 0.731 
0.058 0.984 0.051 0.988 0.923 
0.070 0.980 0.046 0.985 0.923 
0.059 0.981 0.102 0.990 1.000 
0.055 0.985 0.037 0.990 0.997 
0.067 0.980 0.049 0.990 1.000 
0.069 0.979 0.054 0.990 0.991 
0.056 0.985 0.045 0.990 1.000 
0.057 0.981 0.066 0.990 0.947 
0.070 0.978 0.059 0.988 1.000 
0.055 0.983 0.055 0.985 0.994 
0.060 0.984 0.059 0.985 0.994 
0.060 0.984 0.085 0.993 1.000 
0.058 0.982 0.042 0.990 0.997 
0.060 0.978 0.049 0.990 0.966 
0.048 0.987 0.085 0.983 0.966 
0.049 0.985 0.047 0.988 1.000 
0.054 0.982 0.045 0.988 0.975 
0.050 0.987 0.048 0.988 0.947 
0.048 0.988 0.066 0.978 0.981 
0.052 0.988 0.035 0.990 0.963 
0.047 0.982 0.072 0.975 0.969 
0.045 0.986 0.127 0.973 0.307 
0.059 0.982 0.051 0.983 0.988 
0.070 0.980 0.063 0.988 0.697 
0.049 0.983 0.040 0.990 1.000 
0.035 0.992 0.035 0.990 0.954 
0.048 0.987 0.062 0.990 0.839 
0.049 0.986 0.043 0.990 0.963 
0.051 0.986 0.032 0.993 0.659 
0.052 0.988 0.030 0.993 1.000 
0.041 0.990 0.069 0.983 0.845 
0.046 0.987 0.034 0.990 0.975 
0.039 0.990 0.074 0.975 1.000 
0.038 0.990 0.036 0.990 0.975 
0.056 0.983 0.060 0.988 0.994 
0.039 0.985 0.036 0.988 1.000 
0.042 0.989 0.051 0.988 0.969 
0.052 0.985 0.041 0.988 0.867 
0.048 0.986 0.058 0.990 1.000 
0.044 0.988 0.085 0.978 1.000 
0.056 0.985 0.036 0.993 1.000 
0.045 0.987 0.040 0.988 0.387 
0.047 0.987 0.053 0.990 0.780 
0.049 0.989 0.058 0.985 0.975 
0.046 0.988 0.035 0.988 0.935 
0.049 0.984 0.039 0.993 1.000 
0.049 0.985 0.040 0.988 0.957 
0.031 0.992 0.042 0.985 1.000 
0.043 0.989 0.056 0.985 0.969 
0.047 0.986 0.054 0.985 0.926 
0.046 0.988 0.040 0.988 0.985 
0.044 0.988 0.042 0.983 0.954 
0.054 0.989 0.071 0.985 0.981 
0.041 0.988 0.041 0.988 0.994 
0.038 0.990 0.048 0.988 0.985 
0.034 0.990 0.066 0.978 0.963 
0.035 0.991 0.038 0.990 0.641 
0.042 0.987 0.038 0.993 0.947 
0.050 0.987 0.036 0.993 0.885 
0.041 0.990 0.041 0.985 0.985 
0.030 0.993 0.036 0.995 1.000 
0.041 0.989 0.033 0.990 0.080 
0.042 0.987 0.033 0.990 0.251 
0.037 0.993 0.040 0.990 0.994 
0.045 0.989 0.035 0.990 0.960 
0.051 0.986 0.036 0.990 0.873 
0.035 0.989 0.054 0.995 1.000 
0.035 0.988 0.027 0.993 0.994 
0.044 0.989 0.037 0.990 0.003 
0.043 0.991 0.034 0.988 1.000 
0.031 0.994 0.052 0.988 0.929 
0.048 0.988 0.056 0.980 0.833 
0.042 0.990 0.062 0.980 0.802 
0.036 0.991 0.038 0.988 0.929 
0.042 0.985 0.053 0.993 0.279 
0.033 0.991 0.033 0.990 0.071 
0.030 0.993 0.038 0.988 0.972 
0.035 0.991 0.052 0.993 1.000 
0.031 0.993 0.031 0.990 0.997 
0.048 0.988 0.037 0.990 1.000 
0.027 0.994 0.035 0.988 1.000 
0.038 0.986 0.040 0.988 0.994 
0.031 0.992 0.058 0.990 0.991 
0.048 0.989 0.042 0.988 0.170 
0.029 0.991 0.057 0.988 1.000 
0.047 0.989 0.061 0.985 1.000 
0.030 0.990 0.040 0.985 0.966 
0.029 0.994 0.035 0.985 0.009 
0.035 0.990 0.051 0.985 0.985 
0.036 0.991 0.059 0.985 1.000 
0.043 0.988 0.041 0.985 0.991 
0.035 0.991 0.033 0.990 1.000 
0.036 0.988 0.056 0.985 0.988 
0.041 0.989 0.058 0.985 0.994 
0.036 0.990 0.057 0.985 0.997 
0.038 0.989 0.035 0.990 0.913 
0.036 0.991 0.039 0.988 0.765 
0.036 0.993 0.035 0.988 0.985 
0.041 0.990 0.063 0.978 1.000 
0.027 0.995 0.046 0.985 0.997 
0.045 0.987 0.052 0.978 0.994 
0.027 0.992 0.048 0.988 0.746 
0.029 0.993 0.038 0.988 1.000 
0.037 0.992 0.038 0.990 0.015 
0.028 0.990 0.039 0.988 1.000 
0.033 0.990 0.056 0.990 0.975 
0.022 0.993 0.055 0.980 0.966 
0.033 0.989 0.054 0.983 0.994 
0.028 0.992 0.036 0.990 1.000 
0.037 0.990 0.039 0.988 1.000 
0.032 0.990 0.044 0.988 1.000 
0.023 0.994 0.050 0.983 1.000 
0.042 0.989 0.047 0.985 0.997 
0.039 0.988 0.054 0.985 0.449 
0.023 0.995 0.029 0.993 1.000 
0.024 0.994 0.040 0.985 0.975 
0.036 0.989 0.035 0.993 0.297 
0.025 0.994 0.035 0.990 0.985 
0.035 0.991 0.054 0.988 0.997 
0.031 0.993 0.039 0.988 1.000 
0.028 0.992 0.051 0.985 0.461 
0.045 0.988 0.034 0.990 0.991 
0.029 0.994 0.033 0.993 1.000 
0.024 0.994 0.038 0.990 0.997 
0.031 0.991 0.033 0.995 1.000 
0.031 0.993 0.028 0.993 0.997 
0.037 0.988 0.040 0.990 1.000 
0.030 0.994 0.038 0.988 0.994 
0.034 0.991 0.029 0.993 0.981 
0.033 0.991 0.027 0.993 0.938 
0.034 0.993 0.035 0.993 0.997 
0.036 0.990 0.045 0.985 0.176 
0.028 0.993 0.037 0.990 0.997 
0.036 0.991 0.043 0.988 0.356 
0.027 0.991 0.028 0.990 0.907 
0.034 0.994 0.043 0.988 1.000 
0.045 0.990 0.042 0.988 1.000 
0.032 0.991 0.038 0.990 0.635 
0.043 0.988 0.041 0.990 1.000 
0.025 0.994 0.033 0.988 1.000 
0.025 0.993 0.031 0.993 1.000 
0.036 0.990 0.054 0.980 0.997 
0.039 0.988 0.041 0.990 0.994 
0.031 0.991 0.041 0.985 0.994 
0.029 0.993 0.036 0.993 1.000 
0.026 0.993 0.041 0.988 0.994 
0.037 0.990 0.042 0.988 0.975 
0.028 0.994 0.031 0.990 1.000 
0.026 0.993 0.023 0.995 0.920 
0.034 0.990 0.025 0.993 0.994 
0.032 0.989 0.037 0.988 0.997 
0.025 0.994 0.034 0.988 0.833 
0.033 0.991 0.044 0.988 0.817 
0.031 0.994 0.044 0.985 1.000 
0.026 0.990 0.036 0.990 0.957 
0.026 0.992 0.041 0.988 0.913 
0.023 0.994 0.041 0.988 0.997 
0.036 0.993 0.060 0.993 1.000 
0.019 0.994 0.071 0.988 0.554 
0.030 0.993 0.036 0.988 0.932 
0.023 0.993 0.045 0.988 0.892 
0.021 0.993 0.031 0.990 1.000 
0.028 0.991 0.034 0.990 1.000 
0.032 0.991 0.037 0.988 1.000 
0.029 0.991 0.045 0.993 1.000 
0.027 0.992 0.031 0.990 0.991 
0.025 0.994 0.051 0.988 0.991 
0.043 0.989 0.027 0.993 1.000 
0.028 0.994 0.043 0.988 0.901 
0.037 0.991 0.050 0.988 0.957 
0.034 0.990 0.048 0.988 0.910 
0.021 0.995 0.033 0.990 1.000 
0.030 0.992 0.080 0.968 0.997 
0.040 0.990 0.043 0.988 0.991 
0.037 0.989 0.039 0.988 1.000 
0.027 0.990 0.035 0.993 0.997 
0.029 0.992 0.041 0.988 0.997 
0.029 0.992 0.033 0.988 1.000 
0.021 0.995 0.026 0.990 1.000 
0.033 0.994 0.033 0.988 1.000 
0.030 0.991 0.042 0.990 0.994 
0.020 0.995 0.049 0.988 0.975 
0.046 0.988 0.034 0.990 1.000 
0.039 0.993 0.044 0.990 0.994 
0.023 0.994 0.033 0.988 0.632 
0.022 0.993 0.034 0.990 0.994 
0.028 0.994 0.029 0.995 1.000 
0.036 0.989 0.050 0.988 0.994 
0.030 0.992 0.057 0.988 0.957 
0.021 0.995 0.032 0.988 0.978 
0.028 0.991 0.044 0.988 0.746 
0.028 0.994 0.028 0.993 1.000 
0.031 0.993 0.032 0.988 0.966 
0.024 0.992 0.029 0.990 0.817 
0.030 0.993 0.034 0.990 0.957 
0.024 0.993 0.036 0.988 1.000 
0.015 0.995 0.029 0.993 0.997 
0.026 0.995 0.036 0.990 0.994 
0.022 0.995 0.025 0.995 0.997 
0.041 0.989 0.042 0.993 1.000 
0.025 0.994 0.033 0.990 0.907 
0.031 0.991 0.044 0.988 0.997 
0.022 0.996 0.083 0.983 0.978 
0.038 0.994 0.040 0.988 0.994 
0.023 0.993 0.038 0.988 0.954 
0.039 0.991 0.037 0.990 0.889 
0.027 0.994 0.030 0.990 1.000 
0.030 0.993 0.037 0.990 0.991 
0.027 0.991 0.064 0.980 1.000 
0.019 0.994 0.034 0.990 1.000 
0.021 0.994 0.047 0.988 1.000 
0.020 0.992 0.046 0.990 1.000 
0.035 0.991 0.035 0.993 1.000 
0.029 0.994 0.033 0.988 0.981 
0.030 0.991 0.030 0.990 0.715 
0.024 0.994 0.028 0.993 0.960 
0.024 0.994 0.038 0.993 0.997 
0.023 0.994 0.029 0.995 1.000 
0.034 0.988 0.023 0.995 1.000 
0.050 0.990 0.031 0.993 1.000 
0.019 0.993 0.030 0.993 0.904 
0.020 0.995 0.026 0.990 0.969 
0.031 0.992 0.034 0.990 0.988 
0.024 0.993 0.039 0.990 0.997 
0.025 0.992 0.053 0.985 1.000 
0.017 0.993 0.045 0.990 0.474 
0.030 0.994 0.042 0.988 0.991 
0.033 0.991 0.074 0.990 1.000 
0.033 0.991 0.047 0.988 0.127 
0.027 0.994 0.045 0.983 0.065 
0.027 0.992 0.038 0.993 1.000 
0.020 0.996 0.065 0.975 1.000 
0.032 0.991 0.049 0.993 0.802 
0.024 0.994 0.056 0.988 0.997 
0.035 0.991 0.037 0.990 0.997 
0.049 0.992 0.057 0.988 0.969 
0.026 0.994 0.061 0.985 0.632 
0.016 0.995 0.031 0.990 1.000 
0.033 0.993 0.030 0.993 0.988 
0.031 0.993 0.034 0.990 0.935 
0.029 0.994 0.038 0.993 0.994 
0.030 0.996 0.097 0.980 0.687 
0.034 0.991 0.027 0.990 1.000 
0.031 0.992 0.027 0.993 1.000 
0.026 0.992 0.033 0.990 0.969 
0.018 0.994 0.084 0.968 0.706 
0.019 0.996 0.033 0.990 1.000 
0.026 0.990 0.036 0.990 0.994 
0.038 0.990 0.033 0.990 0.997 
0.027 0.991 0.043 0.988 1.000 
0.020 0.995 0.063 0.985 0.988 
0.026 0.993 0.034 0.990 1.000 
0.030 0.994 0.031 0.995 1.000 
0.028 0.991 0.028 0.990 0.997 
0.023 0.993 0.056 0.988 0.833 
0.029 0.991 0.035 0.993 1.000 
0.020 0.995 0.054 0.988 0.954 
0.032 0.991 0.028 0.990 0.985 
0.017 0.994 0.045 0.990 0.994 
0.023 0.993 0.040 0.990 0.997 
0.022 0.995 0.057 0.983 0.997 
0.019 0.994 0.042 0.985 0.994 
0.016 0.995 0.046 0.988 1.000 
0.023 0.993 0.095 0.988 0.728 
0.028 0.993 0.035 0.995 1.000 
0.028 0.993 0.033 0.993 1.000 
0.023 0.993 0.025 0.995 0.988 
0.028 0.991 0.032 0.993 1.000 
0.030 0.992 0.035 0.990 0.910 
0.020 0.994 0.032 0.993 0.991 
0.026 0.991 0.033 0.990 1.000 
0.016 0.994 0.028 0.993 1.000 
0.028 0.992 0.030 0.993 0.997 
0.016 0.994 0.063 0.985 0.988 
0.020 0.995 0.028 0.990 1.000 
0.022 0.994 0.039 0.993 0.991 
0.020 0.993 0.061 0.988 0.963 
0.034 0.993 0.038 0.990 0.938 
0.021 0.997 0.031 0.990 1.000 
0.037 0.990 0.027 0.993 1.000 
0.030 0.990 0.038 0.993 1.000 
0.020 0.992 0.054 0.990 1.000 
0.021 0.994 0.079 0.983 1.000 
0.039 0.993 0.041 0.990 0.978 
0.027 0.993 0.037 0.990 1.000 
0.022 0.994 0.038 0.990 0.895 
0.018 0.993 0.026 0.995 1.000 
0.029 0.990 0.041 0.988 1.000 
0.024 0.994 0.088 0.968 1.000 
0.029 0.992 0.034 0.993 0.997 
0.031 0.992 0.047 0.988 1.000 
0.020 0.992 0.044 0.988 1.000 
0.022 0.992 0.033 0.993 0.997 
0.023 0.993 0.024 0.995 1.000 
0.026 0.992 0.030 0.993 0.963 
0.017 0.996 0.029 0.993 0.854 
0.032 0.989 0.036 0.993 1.000 
0.021 0.994 0.020 0.995 0.978 
0.019 0.994 0.041 0.995 1.000 
0.017 0.995 0.029 0.995 1.000 
0.028 0.993 0.045 0.993 1.000 
0.017 0.994 0.027 0.995 1.000 
0.023 0.992 0.032 0.993 1.000 
0.027 0.996 0.042 0.985 0.997 
0.031 0.989 0.037 0.993 0.641 
0.012 0.997 0.026 0.993 1.000 
0.018 0.996 0.030 0.995 0.997 
0.013 0.995 0.028 0.995 0.985 
0.029 0.990 0.046 0.990 0.994 
0.032 0.990 0.030 0.993 0.991 
0.015 0.995 0.034 0.993 0.861 
0.018 0.997 0.041 0.990 1.000 
0.021 0.996 0.045 0.988 0.994 
0.009 0.998 0.035 0.993 0.591 
0.029 0.993 0.042 0.990 0.443 
0.033 0.988 0.035 0.993 0.570 
0.035 0.991 0.044 0.988 0.755 
0.017 0.994 0.048 0.988 0.991 
0.026 0.992 0.032 0.993 1.000 
0.025 0.991 0.032 0.993 0.978 
0.027 0.993 0.045 0.988 0.783 
0.019 0.994 0.039 0.993 0.836 
0.026 0.993 0.027 0.993 0.740 
0.017 0.993 0.044 0.988 0.997 
0.023 0.994 0.032 0.990 1.000 
0.017 0.995 0.040 0.990 1.000 
0.026 0.993 0.033 0.993 0.994 
0.043 0.992 0.058 0.988 0.913 
0.015 0.993 0.039 0.993 0.991 
0.022 0.995 0.067 0.993 0.997 
0.031 0.991 0.029 0.995 1.000 
0.027 0.994 0.025 0.993 0.991 
0.024 0.995 0.029 0.993 0.957 
0.026 0.991 0.036 0.993 0.975 
0.018 0.997 0.033 0.985 0.867 
0.020 0.993 0.037 0.993 0.622 
0.019 0.995 0.034 0.993 0.988 
0.028 0.994 0.044 0.985 0.291 
0.016 0.995 0.064 0.988 0.393 
0.024 0.992 0.037 0.990 0.793 
0.021 0.993 0.030 0.995 1.000 
0.017 0.996 0.033 0.993 1.000 
0.020 0.992 0.039 0.993 0.997 
0.025 0.993 0.028 0.993 0.960 
0.015 0.997 0.026 0.993 0.576 
0.025 0.993 0.037 0.988 0.591 
0.024 0.991 0.023 0.995 1.000 
0.029 0.991 0.027 0.993 1.000 
0.015 0.995 0.028 0.995 1.000 
0.017 0.994 0.053 0.993 0.780 
0.038 0.993 0.034 0.993 0.950 
0.027 0.992 0.027 0.993 1.000 
0.029 0.993 0.056 0.988 0.969 
0.034 0.994 0.041 0.988 0.944 
0.018 0.995 0.043 0.988 0.997 
0.020 0.995 0.034 0.993 0.972 
0.018 0.995 0.054 0.990 1.000 
0.033 0.992 0.030 0.993 0.994 
0.019 0.994 0.043 0.988 0.997 
0.022 0.997 0.027 0.993 0.997 
0.033 0.991 0.032 0.995 0.966 
0.033 0.994 0.039 0.990 0.820 
0.018 0.995 0.055 0.985 0.985 
0.017 0.995 0.030 0.995 1.000 
0.021 0.994 0.046 0.988 0.870 
0.018 0.993 0.049 0.985 0.926 
0.022 0.993 0.034 0.990 0.997 
0.016 0.995 0.032 0.993 1.000 
0.017 0.994 0.041 0.995 0.997 
0.013 0.997 0.038 0.993 1.000 
0.020 0.995 0.029 0.995 1.000 
0.032 0.988 0.032 0.995 0.991 
0.022 0.990 0.043 0.990 1.000 
0.020 0.994 0.027 0.990 1.000 
0.023 0.991 0.029 0.995 0.994 
0.012 0.995 0.058 0.988 0.997 
0.024 0.995 0.025 0.993 1.000 
0.019 0.994 0.050 0.993 0.994 
0.046 0.992 0.036 0.993 0.994 
0.025 0.993 0.030 0.993 1.000 
0.031 0.990 0.064 0.988 0.997 
0.020 0.994 0.036 0.993 1.000 
0.018 0.995 0.075 0.988 0.994 
0.015 0.995 0.079 0.990 0.981 
0.010 0.995 0.040 0.993 0.957 
0.024 0.993 0.027 0.990 0.489 
0.013 0.995 0.052 0.990 1.000 
0.025 0.993 0.037 0.993 0.817 
0.024 0.993 0.038 0.993 1.000 
0.025 0.990 0.041 0.988 1.000 
0.021 0.998 0.049 0.990 0.988 
0.017 0.995 0.049 0.990 0.997 
0.023 0.991 0.034 0.993 0.991 
0.028 0.992 0.030 0.993 0.755 
0.016 0.995 0.042 0.993 1.000 
0.029 0.991 0.038 0.990 0.988 
0.017 0.994 0.037 0.990 0.997 
0.027 0.991 0.038 0.990 0.994 
0.016 0.995 0.067 0.985 1.000 
0.022 0.995 0.042 0.988 0.991 
0.041 0.991 0.043 0.988 0.997 
0.024 0.993 0.054 0.985 0.988 
0.015 0.996 0.036 0.993 0.991 
0.033 0.990 0.029 0.993 1.000 
0.028 0.993 0.107 0.945 0.997 
0.019 0.995 0.042 0.990 0.997 
0.025 0.992 0.031 0.993 1.000 
0.018 0.995 0.026 0.995 1.000 
0.012 0.997 0.040 0.993 1.000 
0.022 0.994 0.062 0.988 1.000 
0.034 0.991 0.028 0.995 0.988 
0.020 0.994 0.030 0.993 1.000 
0.030 0.994 0.033 0.993 0.997 
0.030 0.993 0.033 0.990 0.709 
0.023 0.991 0.043 0.988 0.879 
0.022 0.994 0.034 0.993 0.907 
0.018 0.995 0.032 0.993 1.000 
0.022 0.995 0.027 0.995 0.997 
0.035 0.990 0.029 0.995 1.000 
0.021 0.994 0.063 0.985 0.991 
0.018 0.994 0.033 0.993 1.000 
0.026 0.993 0.038 0.990 0.997 
0.014 0.997 0.025 0.995 1.000 
0.016 0.995 0.027 0.990 1.000 
0.019 0.994 0.026 0.993 0.957 
0.018 0.994 0.026 0.995 1.000 
0.016 0.994 0.036 0.995 0.997 
0.018 0.996 0.024 0.995 1.000 
0.024 0.995 0.058 0.983 0.988 
0.022 0.994 0.024 0.995 0.916 
0.026 0.995 0.036 0.990 0.954 
0.028 0.993 0.089 0.955 0.978 
0.017 0.995 0.049 0.988 0.947 
0.028 0.993 0.031 0.993 0.077 
0.021 0.991 0.030 0.995 1.000 
0.022 0.992 0.025 0.995 1.000 
0.012 0.996 0.028 0.995 1.000 
0.016 0.997 0.033 0.993 1.000 
0.026 0.993 0.148 0.938 0.885 
0.026 0.992 0.021 0.993 1.000 
0.015 0.995 0.027 0.995 0.811 
0.022 0.994 0.037 0.990 0.864 
0.025 0.994 0.048 0.988 0.969 
0.029 0.993 0.030 0.993 0.898 
0.019 0.993 0.040 0.988 0.997 
0.018 0.993 0.034 0.993 0.991 
0.014 0.997 0.033 0.993 1.000 
0.020 0.995 0.032 0.990 0.910 
0.020 0.994 0.037 0.988 0.991 
0.030 0.992 0.038 0.988 0.991 
0.025 0.993 0.022 0.995 1.000 
0.021 0.996 0.030 0.995 0.963 
0.037 0.989 0.025 0.995 1.000 
0.017 0.994 0.057 0.988 0.994 
0.011 0.997 0.027 0.995 1.000 
0.020 0.991 0.027 0.993 0.997 
0.028 0.995 0.050 0.985 0.991 
0.019 0.994 0.058 0.985 0.805 
0.015 0.997 0.035 0.988 1.000 
0.034 0.990 0.025 0.995 0.969 
0.016 0.995 0.050 0.988 0.978 
0.018 0.995 0.024 0.993 0.904 
0.024 0.994 0.032 0.988 0.997 
0.022 0.993 0.030 0.993 0.997 
0.026 0.993 0.025 0.995 1.000 
0.025 0.994 0.025 0.995 0.997 
0.028 0.992 0.074 0.980 0.981 
0.018 0.994 0.031 0.990 1.000 
0.029 0.993 0.053 0.985 0.619 
0.019 0.994 0.078 0.970 0.997 
0.024 0.994 0.041 0.985 0.981 
0.019 0.994 0.030 0.993 0.966 
0.014 0.997 0.038 0.995 1.000 
0.031 0.994 0.035 0.988 0.997 
0.028 0.997 0.029 0.990 0.944 
0.014 0.995 0.057 0.988 0.926 
0.028 0.994 0.032 0.990 1.000 
0.029 0.993 0.111 0.958 0.960 
0.039 0.991 0.033 0.990 0.994 
0.019 0.992 0.036 0.990 0.997 
0.015 0.996 0.032 0.993 0.997 
0.029 0.992 0.046 0.988 0.981 
0.023 0.993 0.030 0.993 0.994 
0.020 0.994 0.046 0.988 1.000 
0.032 0.993 0.030 0.993 0.991 
0.032 0.991 0.047 0.988 0.929 
0.022 0.994 0.045 0.985 0.941 
0.025 0.993 0.029 0.993 0.997 
0.023 0.991 0.117 0.945 0.805 
0.012 0.996 0.057 0.988 0.988 
0.019 0.995 0.066 0.970 0.994 
0.018 0.993 0.049 0.988 0.251 
0.019 0.992 0.025 0.995 0.601 
0.023 0.993 0.034 0.990 0.102 
0.017 0.997 0.035 0.993 0.997 
0.025 0.994 0.041 0.988 0.975 
0.019 0.994 0.027 0.998 0.542 
0.025 0.993 0.037 0.988 0.545 
0.023 0.994 0.050 0.988 0.994 
0.015 0.994 0.027 0.995 0.715 
0.017 0.995 0.029 0.993 0.985 
0.015 0.994 0.068 0.988 0.824 
0.015 0.995 0.033 0.990 1.000 
0.022 0.993 0.041 0.985 1.000 
0.021 0.994 0.048 0.985 0.978 
0.013 0.997 0.055 0.988 0.613 
0.021 0.995 0.074 0.975 0.985 
0.022 0.994 0.053 0.988 0.994 
0.034 0.993 0.061 0.978 0.994 
0.022 0.993 0.067 0.973 0.988 
0.008 0.998 0.027 0.995 0.978 
0.023 0.995 0.037 0.988 0.981 
0.019 0.995 0.032 0.995 0.957 
0.020 0.996 0.038 0.988 0.994 
0.038 0.992 0.026 0.995 0.985 
0.030 0.994 0.031 0.990 0.975 
0.018 0.994 0.032 0.993 0.941 
0.018 0.994 0.029 0.995 0.997 
0.017 0.993 0.062 0.990 0.402 
0.016 0.996 0.054 0.985 0.926 
0.024 0.992 0.024 0.995 0.734 
0.021 0.995 0.033 0.990 1.000 
0.021 0.995 0.030 0.990 0.932 
0.025 0.991 0.084 0.968 0.619 
0.017 0.995 0.042 0.988 0.966 
0.014 0.996 0.027 0.995 0.669 
0.025 0.993 0.025 0.993 1.000 
0.014 0.993 0.089 0.985 0.972 
0.018 0.995 0.052 0.988 0.991 
0.024 0.996 0.032 0.990 0.991 
0.036 0.991 0.033 0.990 0.842 
0.022 0.993 0.047 0.985 0.882 
0.024 0.993 0.036 0.988 0.879 
0.027 0.992 0.032 0.990 1.000 
0.021 0.994 0.045 0.990 0.978 
0.036 0.993 0.046 0.988 0.978 
0.016 0.994 0.044 0.988 0.947 
0.019 0.996 0.034 0.988 0.994 
0.027 0.991 0.059 0.985 0.985 
0.023 0.996 0.055 0.988 1.000 
0.032 0.993 0.036 0.988 1.000 
0.021 0.996 0.028 0.993 1.000 
0.018 0.994 0.040 0.993 0.997 
0.023 0.994 0.046 0.988 1.000 
0.031 0.993 0.063 0.983 0.975 
0.021 0.993 0.048 0.988 0.994 
0.037 0.993 0.051 0.988 0.988 
0.020 0.992 0.055 0.988 0.997 
0.021 0.993 0.128 0.943 0.963 
0.015 0.994 0.062 0.985 0.997 
0.017 0.995 0.026 0.993 1.000 
0.015 0.993 0.136 0.983 0.991 
0.018 0.995 0.054 0.983 1.000 
0.013 0.995 0.056 0.985 0.994 
0.026 0.990 0.041 0.985 0.997 
0.011 0.995 0.043 0.990 1.000 
0.037 0.994 0.037 0.988 1.000 
0.016 0.995 0.057 0.985 0.985 
0.018 0.995 0.025 0.995 1.000 
0.013 0.995 0.042 0.988 1.000 
0.014 0.997 0.034 0.990 0.991 
0.024 0.993 0.040 0.988 1.000 
0.030 0.992 0.028 0.993 1.000 
0.025 0.995 0.046 0.985 1.000 
0.037 0.992 0.046 0.993 0.997 
0.021 0.994 0.044 0.985 1.000 
0.023 0.993 0.028 0.995 1.000 
0.010 0.997 0.031 0.993 0.985 
0.014 0.995 0.095 0.965 1.000 
0.008 0.997 0.031 0.993 0.997 
0.016 0.996 0.065 0.985 0.997 
0.020 0.992 0.033 0.993 1.000 
0.015 0.995 0.058 0.988 0.994 
0.019 0.995 0.034 0.995 1.000 
0.024 0.995 0.032 0.993 1.000 
0.021 0.992 0.039 0.988 1.000 
0.010 0.998 0.068 0.988 1.000 
0.026 0.991 0.033 0.990 1.000 
0.015 0.995 0.030 0.993 1.000 
0.015 0.995 0.038 0.990 0.957 
0.018 0.994 0.047 0.988 0.839 
0.014 0.994 0.027 0.993 1.000 
0.023 0.993 0.043 0.988 0.963 
0.009 0.998 0.071 0.985 0.985 
0.022 0.991 0.054 0.988 0.991 
0.008 0.997 0.042 0.990 0.994 
0.015 0.996 0.035 0.990 0.997 
0.026 0.994 0.046 0.990 1.000 
0.020 0.995 0.047 0.990 0.836 
0.040 0.990 0.037 0.990 0.985 
0.025 0.993 0.048 0.988 1.000 
0.015 0.996 0.031 0.990 1.000 
0.014 0.996 0.035 0.990 0.988 
0.018 0.993 0.030 0.993 0.997 
0.016 0.997 0.053 0.983 1.000 
0.023 0.994 0.024 0.995 1.000 
0.027 0.992 0.031 0.988 0.994 
0.034 0.995 0.036 0.990 0.994 
0.024 0.991 0.035 0.990 0.988 
0.017 0.995 0.039 0.988 0.991 
0.009 0.997 0.047 0.993 0.997 
0.013 0.998 0.027 0.995 0.997 
0.019 0.994 0.032 0.990 0.991 
0.024 0.994 0.040 0.990 1.000 
0.018 0.994 0.042 0.993 0.991 
0.032 0.993 0.029 0.993 0.972 
0.017 0.997 0.032 0.990 1.000 
0.032 0.992 0.042 0.985 0.997 
0.031 0.991 0.029 0.993 1.000 
0.021 0.993 0.030 0.993 0.997 
0.019 0.995 0.032 0.990 0.997 
0.022 0.992 0.025 0.995 0.997 
0.020 0.994 0.030 0.990 0.910 
0.012 0.995 0.044 0.993 0.926 
0.023 0.994 0.024 0.995 1.000 
0.020 0.995 0.027 0.995 1.000 
0.012 0.995 0.022 0.993 1.000 
0.013 0.996 0.036 0.993 0.988 
0.020 0.994 0.038 0.990 0.876 
0.021 0.994 0.025 0.993 0.997 
0.016 0.994 0.028 0.995 0.724 
0.021 0.995 0.027 0.993 0.994 
0.008 0.998 0.025 0.993 0.765 
0.030 0.989 0.028 0.990 1.000 
0.015 0.997 0.034 0.990 0.994 
0.019 0.995 0.031 0.990 0.997 
0.010 0.998 0.054 0.980 1.000 
0.045 0.993 0.055 0.990 0.746 
0.014 0.997 0.047 0.988 0.994 
0.015 0.995 0.031 0.990 0.910 
0.034 0.993 0.032 0.993 0.994 
0.015 0.995 0.058 0.985 0.988 
0.015 0.993 0.033 0.990 0.994 
0.018 0.995 0.037 0.988 0.994 
0.019 0.995 0.061 0.983 0.985 
0.027 0.990 0.028 0.995 1.000 
0.020 0.993 0.030 0.990 0.994 
0.017 0.995 0.053 0.983 0.994 
0.017 0.994 0.040 0.988 0.994 
0.018 0.995 0.026 0.995 1.000 
0.014 0.997 0.031 0.990 1.000 
0.015 0.994 0.044 0.995 0.848 
0.014 0.995 0.025 0.993 0.997 
0.013 0.997 0.033 0.993 1.000 
0.010 0.997 0.056 0.988 0.489 
0.021 0.993 0.033 0.990 0.981 
0.022 0.994 0.027 0.990 1.000 
0.020 0.993 0.062 0.993 0.972 
0.046 0.992 0.039 0.993 0.780 
0.047 0.992 0.108 0.963 0.941 
0.024 0.993 0.041 0.988 0.985 
0.014 0.997 0.036 0.988 0.994 
0.018 0.997 0.025 0.995 0.997 
0.028 0.994 0.033 0.990 0.988 
0.014 0.995 0.097 0.990 0.975 
0.021 0.996 0.119 0.985 0.876 
0.069 0.991 0.031 0.990 0.997 
0.016 0.994 0.118 0.948 0.988 
0.007 0.998 0.052 0.993 0.972 
0.030 0.995 0.028 0.995 1.000 
0.011 0.995 0.024 0.993 1.000 
0.018 0.996 0.025 0.995 1.000 
0.013 0.995 0.039 0.988 0.991 
0.016 0.993 0.041 0.985 0.950 
0.017 0.993 0.025 0.990 1.000 
0.024 0.990 0.055 0.988 0.994 
0.023 0.997 0.045 0.988 0.960 
0.010 0.996 0.029 0.995 1.000 
0.018 0.995 0.036 0.988 1.000 
0.015 0.996 0.120 0.983 0.988 
0.014 0.995 0.039 0.988 0.985 
0.033 0.993 0.060 0.990 1.000 
0.023 0.994 0.051 0.988 1.000 
0.027 0.993 0.048 0.985 0.997 
0.016 0.993 0.031 0.990 1.000 
0.019 0.994 0.033 0.988 1.000 
0.017 0.995 0.046 0.983 0.997 
0.018 0.995 0.033 0.988 1.000 
0.019 0.994 0.036 0.988 1.000 
0.029 0.994 0.077 0.968 0.981 
0.008 0.998 0.024 0.995 1.000 
0.018 0.994 0.032 0.995 1.000 
0.013 0.995 0.042 0.993 0.941 
0.031 0.991 0.029 0.993 1.000 
0.019 0.994 0.053 0.990 0.991 
0.028 0.994 0.036 0.990 0.978 
0.037 0.992 0.034 0.990 1.000 
0.030 0.991 0.033 0.990 0.997 
0.012 0.995 0.054 0.995 1.000 
0.021 0.997 0.036 0.988 0.963 
0.014 0.995 0.057 0.983 0.997 
0.018 0.994 0.045 0.988 1.000 
0.020 0.993 0.044 0.988 1.000 
0.024 0.995 0.126 0.985 1.000 
0.026 0.993 0.048 0.988 1.000 
0.008 0.997 0.041 0.995 1.000 
0.031 0.995 0.032 0.990 1.000 
0.021 0.995 0.053 0.988 1.000 
0.030 0.993 0.032 0.995 1.000 
0.019 0.995 0.034 0.995 1.000 
0.013 0.995 0.023 0.995 1.000 
0.014 0.995 0.064 0.988 0.994 
0.014 0.996 0.080 0.988 0.997 
0.027 0.993 0.052 0.988 1.000 
0.015 0.994 0.031 0.993 1.000 
0.029 0.994 0.029 0.993 1.000 
0.046 0.989 0.042 0.988 1.000 
0.019 0.994 0.032 0.990 1.000 
0.014 0.997 0.049 0.988 1.000 
0.033 0.994 0.068 0.988 0.997 
0.014 0.996 0.076 0.975 0.994 
0.023 0.993 0.029 0.990 1.000 
0.020 0.994 0.048 0.990 0.997 
0.013 0.995 0.027 0.993 0.997 
0.018 0.994 0.087 0.985 0.997 
0.019 0.994 0.074 0.970 0.997 
0.010 0.996 0.038 0.988 1.000 
0.020 0.992 0.079 0.973 0.944 
0.031 0.993 0.041 0.990 1.000 
0.015 0.996 0.038 0.990 0.997 
0.017 0.994 0.039 0.990 0.997 
0.020 0.994 0.027 0.995 1.000 
0.016 0.994 0.070 0.980 0.981 
0.010 0.997 0.033 0.993 0.988 
0.015 0.996 0.093 0.990 0.991 
0.034 0.991 0.031 0.993 0.997 
0.011 0.997 0.031 0.993 1.000 
0.013 0.994 0.037 0.993 1.000 
0.015 0.996 0.035 0.990 0.981 
0.023 0.993 0.032 0.993 1.000 
0.020 0.993 0.042 0.990 0.254 
0.017 0.993 0.030 0.993 1.000 
0.010 0.997 0.032 0.993 1.000 
0.015 0.995 0.028 0.995 0.994 
0.021 0.994 0.033 0.995 1.000 
0.011 0.995 0.044 0.995 0.882 
0.021 0.995 0.029 0.993 0.991 
0.024 0.994 0.046 0.988 0.598 
0.028 0.993 0.031 0.993 0.774 
0.006 0.998 0.033 0.993 0.991 
0.020 0.994 0.050 0.990 0.870 
0.015 0.996 0.049 0.990 0.659 
0.027 0.991 0.052 0.995 0.985 
0.018 0.997 0.029 0.995 0.876 
0.016 0.995 0.037 0.990 0.997 
0.028 0.991 0.029 0.995 0.972 
0.012 0.995 0.031 0.990 0.731 
0.015 0.994 0.032 0.990 0.749 
0.016 0.996 0.033 0.993 0.362 
0.015 0.996 0.030 0.990 0.926 
0.022 0.993 0.044 0.985 0.985 
0.012 0.996 0.046 0.990 0.991 
0.018 0.996 0.032 0.995 0.997 
0.017 0.995 0.025 0.995 0.978 
0.017 0.993 0.025 0.995 0.994 
0.013 0.996 0.089 0.990 0.988 
0.019 0.995 0.040 0.993 0.932 
0.035 0.994 0.026 0.995 1.000 
0.025 0.993 0.048 0.985 0.901 
0.028 0.992 0.028 0.995 0.443 
0.012 0.996 0.027 0.995 0.994 
0.016 0.995 0.027 0.993 0.985 
0.018 0.997 0.032 0.993 0.882 
0.020 0.994 0.043 0.988 0.941 
0.019 0.995 0.027 0.995 0.997 
0.013 0.996 0.044 0.985 0.985 
0.023 0.995 0.034 0.993 1.000 
0.014 0.996 0.050 0.988 0.613 
0.017 0.995 0.035 0.990 0.981 
0.019 0.994 0.028 0.995 0.997 
0.007 0.998 0.022 0.995 1.000 
0.021 0.996 0.033 0.990 0.966 
0.032 0.994 0.035 0.988 0.960 
0.021 0.993 0.032 0.988 1.000 
0.033 0.993 0.028 0.993 0.994 
0.011 0.997 0.033 0.990 0.997 
0.016 0.994 0.030 0.990 0.994 
0.021 0.993 0.035 0.985 0.743 
0.008 0.998 0.027 0.995 0.957 
0.016 0.995 0.058 0.993 0.932 
0.026 0.997 0.037 0.993 0.638 
0.016 0.996 0.030 0.995 1.000 
0.022 0.993 0.034 0.988 1.000 
0.020 0.995 0.025 0.995 1.000 
0.016 0.994 0.027 0.993 1.000 
0.021 0.996 0.031 0.993 1.000 
0.035 0.993 0.036 0.988 0.997 
0.020 0.994 0.030 0.995 1.000 
0.036 0.989 0.100 0.960 0.997 
0.013 0.997 0.033 0.993 1.000 
0.005 0.998 0.045 0.988 0.997 
0.018 0.995 0.026 0.995 0.997 
0.019 0.995 0.043 0.988 1.000 
0.006 0.999 0.037 0.993 0.920 
0.015 0.995 0.045 0.988 0.969 
0.017 0.996 0.037 0.990 0.892 
0.021 0.995 0.036 0.988 1.000 
0.007 0.998 0.029 0.993 0.991 
0.038 0.991 0.050 0.988 0.994 
0.013 0.994 0.032 0.993 0.972 
0.007 0.997 0.030 0.995 1.000 
0.014 0.994 0.030 0.995 1.000 
0.026 0.993 0.039 0.990 1.000 
0.014 0.998 0.026 0.995 1.000 
0.043 0.991 0.037 0.988 1.000 
0.021 0.995 0.028 0.995 1.000 
0.012 0.997 0.032 0.993 1.000 
0.015 0.996 0.028 0.995 0.997 
0.015 0.996 0.049 0.985 1.000 
0.020 0.993 0.030 0.995 1.000 
0.022 0.994 0.027 0.995 0.997 
0.021 0.994 0.033 0.993 1.000 
0.014 0.995 0.029 0.995 0.854 
0.014 0.996 0.049 0.995 1.000 
0.014 0.995 0.027 0.995 1.000 
0.012 0.994 0.034 0.990 0.997 
0.008 0.998 0.047 0.988 0.997 
0.040 0.991 0.027 0.995 1.000 
0.017 0.995 0.145 0.965 0.991 
0.018 0.996 0.056 0.983 1.000 
0.013 0.996 0.082 0.993 1.000 
0.012 0.996 0.087 0.993 1.000 
0.026 0.994 0.032 0.993 0.997 
0.016 0.995 0.059 0.993 1.000 
0.009 0.997 0.161 0.985 0.991 
0.086 0.989 0.042 0.990 1.000 
0.020 0.993 0.043 0.993 0.901 
0.017 0.994 0.041 0.988 0.960 
0.010 0.998 0.035 0.993 0.997 
0.009 0.998 0.026 0.995 1.000 
0.019 0.995 0.078 0.985 0.997 
0.030 0.995 0.027 0.993 1.000 
0.016 0.994 0.061 0.978 0.997 
0.013 0.994 0.029 0.995 1.000 
0.014 0.996 0.074 0.978 0.988 
0.004 0.999 0.052 0.988 0.836 
0.024 0.995 0.106 0.988 0.241 
0.020 0.995 0.044 0.988 0.588 
0.020 0.994 0.063 0.983 1.000 
0.023 0.994 0.036 0.990 0.944 
0.009 0.997 0.049 0.988 0.669 
0.016 0.996 0.067 0.993 0.981 
0.015 0.997 0.046 0.990 1.000 
0.012 0.996 0.036 0.988 0.966 
0.015 0.995 0.112 0.985 0.950 
0.018 0.994 0.063 0.985 0.647 
0.009 0.999 0.191 0.990 0.356 
0.016 0.995 0.029 0.995 1.000 
0.019 0.994 0.032 0.993 0.997 
0.036 0.990 0.062 0.975 1.000 
0.020 0.992 0.029 0.993 1.000 
0.019 0.991 0.044 0.988 0.997 
0.010 0.997 0.028 0.993 1.000 
0.017 0.994 0.028 0.993 0.997 
0.015 0.996 0.041 0.988 0.997 
0.036 0.994 0.130 0.985 0.929 
0.038 0.992 0.034 0.990 0.752 
0.011 0.995 0.021 0.993 0.981 
0.016 0.995 0.031 0.993 0.991 
0.012 0.996 0.030 0.995 0.895 
0.026 0.994 0.026 0.995 0.814 
0.020 0.993 0.031 0.993 0.981 
0.013 0.995 0.036 0.988 0.991 
0.011 0.995 0.068 0.990 0.511 
0.035 0.993 0.030 0.995 0.997 
0.021 0.994 0.029 0.993 1.000 
0.017 0.994 0.062 0.983 0.811 
0.018 0.995 0.025 0.995 1.000 
0.009 0.997 0.139 0.983 0.901 
0.033 0.995 0.057 0.985 0.997 
0.026 0.992 0.032 0.993 0.994 
0.020 0.993 0.024 0.995 0.978 
0.009 0.997 0.028 0.995 0.972 
0.016 0.995 0.043 0.990 0.978 
0.012 0.997 0.034 0.993 0.994 
0.013 0.997 0.060 0.980 1.000 
0.018 0.995 0.054 0.990 0.969 
0.011 0.997 0.030 0.993 0.994 
0.023 0.993 0.076 0.980 0.885 
0.014 0.994 0.027 0.995 0.997 
0.030 0.995 0.031 0.993 0.988 
0.018 0.994 0.034 0.990 0.997 
0.027 0.997 0.032 0.993 1.000 
0.026 0.990 0.028 0.995 1.000 
0.011 0.996 0.043 0.988 0.994 
0.005 0.999 0.040 0.995 1.000 
0.020 0.995 0.026 0.995 0.793 
0.026 0.994 0.043 0.988 0.966 
0.010 0.995 0.032 0.995 1.000 
0.015 0.995 0.058 0.985 0.960 
0.017 0.993 0.032 0.993 0.975 
0.007 0.997 0.031 0.993 0.985 
0.019 0.996 0.030 0.995 0.994 
0.018 0.994 0.031 0.995 0.994 
0.009 0.998 0.030 0.995 0.693 
0.018 0.993 0.031 0.990 1.000 
0.013 0.997 0.029 0.990 0.978 
0.022 0.994 0.046 0.988 1.000 
0.020 0.993 0.056 0.983 0.885 
0.011 0.995 0.057 0.983 0.932 
0.013 0.997 0.041 0.988 1.000 
0.017 0.994 0.037 0.990 1.000 
0.023 0.994 0.026 0.995 0.994 
0.015 0.995 0.029 0.995 0.997 
0.005 0.997 0.037 0.993 0.978 
0.024 0.993 0.045 0.988 1.000 
0.015 0.997 0.029 0.995 0.994 
0.021 0.995 0.060 0.988 1.000 
0.014 0.995 0.041 0.988 1.000 
0.013 0.996 0.034 0.995 0.997 
0.050 0.988 0.032 0.993 1.000 
0.010 0.997 0.035 0.993 0.991 
0.018 0.993 0.033 0.990 0.991 
0.014 0.995 0.028 0.995 0.997 
0.019 0.994 0.042 0.993 0.972 
0.011 0.995 0.031 0.993 0.994 
0.017 0.993 0.037 0.990 0.972 
0.011 0.997 0.028 0.993 1.000 
0.003 1.000 0.031 0.993 1.000 
0.012 0.996 0.043 0.988 0.985 
0.022 0.993 0.027 0.995 0.997 
0.059 0.991 0.027 0.995 0.997 
0.026 0.992 0.032 0.995 1.000 
0.041 0.990 0.046 0.990 0.969 
0.022 0.996 0.058 0.988 0.842 
0.027 0.994 0.043 0.988 0.975 
0.011 0.995 0.025 0.995 1.000 
0.022 0.994 0.034 0.993 1.000 
0.020 0.994 0.030 0.993 1.000 
0.028 0.993 0.033 0.988 0.966 
0.020 0.994 0.025 0.995 0.950 
0.015 0.996 0.032 0.993 0.957 
0.023 0.994 0.031 0.993 0.972 
0.028 0.995 0.027 0.993 0.997 
0.017 0.997 0.032 0.993 0.981 
0.019 0.996 0.044 0.985 0.985 
0.013 0.997 0.091 0.985 0.892 
0.013 0.996 0.035 0.993 0.988 
0.014 0.996 0.079 0.990 0.768 
0.020 0.995 0.025 0.995 0.991 
0.021 0.995 0.059 0.985 1.000 
0.016 0.994 0.034 0.993 0.994 
0.018 0.995 0.039 0.990 0.969 
0.032 0.996 0.056 0.988 0.963 
0.008 0.996 0.033 0.993 1.000 
0.008 0.998 0.025 0.995 1.000 
0.016 0.995 0.038 0.988 0.988 
0.020 0.993 0.041 0.988 0.978 
0.024 0.992 0.024 0.993 0.991 
0.010 0.995 0.026 0.995 0.972 
0.012 0.995 0.030 0.993 0.991 
0.020 0.995 0.063 0.990 0.969 
0.018 0.995 0.036 0.993 0.997 
0.011 0.996 0.042 0.988 0.997 
0.018 0.994 0.031 0.993 0.994 
0.009 0.998 0.029 0.995 0.997 
0.022 0.995 0.029 0.995 1.000 
0.024 0.995 0.032 0.990 0.994 
0.018 0.995 0.100 0.988 0.910 
0.014 0.995 0.031 0.995 0.997 
0.011 0.996 0.027 0.993 0.994 
0.011 0.997 0.027 0.995 0.994 
0.023 0.994 0.045 0.988 0.991 
0.025 0.997 0.036 0.988 0.845 
0.014 0.996 0.025 0.993 0.950 
0.012 0.996 0.028 0.995 0.981 
0.019 0.994 0.033 0.995 0.997 
0.014 0.997 0.035 0.995 1.000 
0.009 0.997 0.034 0.995 1.000 
0.015 0.996 0.048 0.988 0.988 
0.024 0.992 0.044 0.988 0.907 
0.014 0.996 0.030 0.995 0.997 
0.013 0.995 0.030 0.993 0.994 
0.024 0.994 0.055 0.985 0.700 
0.033 0.994 0.062 0.983 0.963 
0.016 0.994 0.063 0.990 0.991 
0.021 0.996 0.037 0.990 0.994 
0.021 0.996 0.047 0.988 0.994 
0.020 0.993 0.025 0.995 1.000 
0.015 0.996 0.026 0.995 0.991 
