0.275 0.886 0.253 0.902 1.000 
0.189 0.935 0.216 0.922 1.000 
0.163 0.947 0.231 0.930 1.000 
0.132 0.957 0.122 0.963 1.000 
0.119 0.961 0.154 0.958 1.000 
0.114 0.968 0.152 0.955 0.989 
0.118 0.957 0.156 0.935 1.000 
0.093 0.974 0.136 0.955 1.000 
0.092 0.971 0.155 0.948 1.000 
0.084 0.972 0.160 0.940 1.000 
0.077 0.977 0.171 0.935 1.000 
0.077 0.976 0.120 0.955 1.000 
0.069 0.977 0.150 0.940 1.000 
0.061 0.980 0.100 0.960 1.000 
0.059 0.980 0.106 0.973 1.000 
0.055 0.982 0.127 0.955 1.000 
0.068 0.979 0.121 0.963 0.456 
0.079 0.976 0.113 0.968 1.000 
0.046 0.986 0.096 0.965 0.941 
0.050 0.984 0.104 0.973 0.993 
0.064 0.978 0.132 0.953 0.846 
0.050 0.984 0.095 0.970 1.000 
0.054 0.986 0.131 0.950 1.000 
0.052 0.985 0.117 0.955 1.000 
0.051 0.984 0.108 0.970 1.000 
0.051 0.989 0.117 0.960 0.989 
0.047 0.986 0.105 0.968 1.000 
0.046 0.987 0.106 0.970 0.971 
0.056 0.986 0.128 0.955 0.566 
0.056 0.983 0.109 0.968 0.956 
0.043 0.988 0.104 0.970 0.960 
0.040 0.989 0.116 0.963 0.938 
0.041 0.985 0.138 0.945 0.798 
0.046 0.985 0.107 0.968 0.721 
0.048 0.990 0.276 0.917 1.000 
0.039 0.990 0.178 0.930 0.783 
0.040 0.989 0.102 0.968 0.882 
0.045 0.988 0.082 0.973 0.526 
0.039 0.990 0.098 0.973 0.974 
0.036 0.990 0.100 0.963 1.000 
0.044 0.986 0.095 0.970 1.000 
0.043 0.986 0.092 0.970 0.985 
0.043 0.989 0.090 0.970 1.000 
0.041 0.989 0.098 0.978 0.996 
0.037 0.992 0.133 0.950 0.985 
0.042 0.989 0.124 0.950 0.996 
0.037 0.991 0.086 0.973 1.000 
0.038 0.989 0.099 0.970 1.000 
0.037 0.991 0.120 0.958 1.000 
0.042 0.989 0.090 0.970 0.993 
0.039 0.990 0.085 0.975 1.000 
0.035 0.989 0.123 0.950 0.996 
0.041 0.989 0.105 0.970 0.835 
0.036 0.993 0.089 0.970 0.978 
0.041 0.989 0.154 0.945 0.996 
0.043 0.988 0.119 0.958 1.000 
0.032 0.993 0.140 0.945 0.779 
0.041 0.989 0.096 0.973 1.000 
0.041 0.991 0.136 0.940 1.000 
0.038 0.991 0.094 0.973 1.000 
0.032 0.991 0.111 0.963 1.000 
0.035 0.989 0.150 0.953 1.000 
0.045 0.990 0.131 0.948 0.996 
0.039 0.991 0.209 0.920 1.000 
0.042 0.988 0.143 0.932 0.989 
0.029 0.993 0.105 0.963 1.000 
0.042 0.991 0.135 0.948 1.000 
0.035 0.990 0.095 0.965 1.000 
0.033 0.990 0.127 0.945 0.838 
0.027 0.993 0.086 0.970 1.000 
0.029 0.993 0.118 0.958 0.985 
0.047 0.988 0.139 0.943 1.000 
0.028 0.994 0.091 0.973 0.982 
0.038 0.990 0.135 0.955 0.996 
0.032 0.992 0.098 0.965 1.000 
0.037 0.992 0.128 0.955 0.993 
0.030 0.993 0.105 0.963 0.993 
0.039 0.992 0.161 0.938 0.996 
0.037 0.991 0.131 0.950 1.000 
0.037 0.990 0.158 0.938 1.000 
0.029 0.994 0.093 0.973 1.000 
0.032 0.992 0.085 0.973 1.000 
0.031 0.994 0.118 0.965 1.000 
0.024 0.994 0.104 0.970 1.000 
0.030 0.992 0.091 0.963 1.000 
0.029 0.992 0.098 0.973 0.989 
0.027 0.994 0.094 0.973 1.000 
0.029 0.994 0.117 0.963 1.000 
0.034 0.991 0.163 0.943 1.000 
0.026 0.993 0.089 0.973 0.996 
0.032 0.991 0.077 0.973 1.000 
0.022 0.996 0.084 0.975 0.996 
0.024 0.994 0.136 0.948 1.000 
0.029 0.992 0.106 0.973 0.996 
0.039 0.990 0.078 0.983 0.996 
0.024 0.995 0.140 0.943 0.026 
0.030 0.994 0.093 0.968 0.996 
0.031 0.991 0.072 0.975 0.996 
0.032 0.991 0.115 0.955 0.982 
0.028 0.994 0.074 0.983 0.261 
0.034 0.993 0.145 0.953 0.930 
0.026 0.993 0.096 0.975 0.750 
0.027 0.993 0.115 0.960 0.996 
0.042 0.988 0.083 0.975 0.996 
0.030 0.992 0.117 0.950 1.000 
0.026 0.993 0.113 0.963 1.000 
0.035 0.993 0.152 0.943 0.996 
0.027 0.993 0.116 0.955 0.996 
0.025 0.993 0.149 0.953 0.971 
0.028 0.993 0.176 0.920 0.949 
0.029 0.992 0.061 0.978 1.000 
0.026 0.994 0.117 0.950 0.996 
0.028 0.995 0.106 0.968 0.923 
0.033 0.992 0.053 0.983 0.982 
0.031 0.993 0.087 0.975 0.985 
0.029 0.994 0.065 0.978 1.000 
0.035 0.993 0.180 0.927 0.989 
0.027 0.994 0.101 0.970 0.915 
0.028 0.993 0.099 0.970 1.000 
0.033 0.993 0.092 0.970 1.000 
0.024 0.995 0.076 0.980 1.000 
0.026 0.994 0.093 0.975 1.000 
0.025 0.995 0.081 0.970 1.000 
0.028 0.995 0.169 0.927 1.000 
0.023 0.996 0.105 0.968 1.000 
0.029 0.992 0.118 0.963 0.967 
0.034 0.994 0.100 0.968 1.000 
0.024 0.993 0.092 0.973 1.000 
0.024 0.995 0.111 0.960 1.000 
0.035 0.990 0.097 0.965 1.000 
0.031 0.991 0.102 0.960 1.000 
0.026 0.994 0.151 0.945 0.993 
0.025 0.993 0.120 0.948 1.000 
0.028 0.993 0.101 0.968 0.978 
0.032 0.992 0.136 0.943 1.000 
0.026 0.992 0.081 0.975 1.000 
0.027 0.994 0.105 0.958 1.000 
0.029 0.993 0.120 0.950 1.000 
0.021 0.995 0.139 0.945 0.996 
0.025 0.994 0.089 0.973 1.000 
0.024 0.993 0.089 0.970 1.000 
0.025 0.994 0.111 0.955 1.000 
0.023 0.995 0.117 0.960 0.996 
0.029 0.993 0.237 0.917 0.886 
0.018 0.996 0.118 0.958 1.000 
0.030 0.994 0.186 0.922 1.000 
0.028 0.993 0.138 0.943 0.996 
0.026 0.993 0.188 0.930 0.875 
0.030 0.991 0.096 0.970 0.941 
0.023 0.994 0.112 0.963 0.985 
0.020 0.996 0.118 0.963 1.000 
0.022 0.996 0.101 0.965 0.930 
0.035 0.994 0.133 0.953 0.996 
0.034 0.991 0.125 0.953 0.985 
0.027 0.994 0.087 0.963 0.805 
0.028 0.993 0.106 0.960 0.945 
0.030 0.993 0.140 0.950 1.000 
0.026 0.993 0.148 0.945 0.963 
0.030 0.994 0.075 0.978 0.952 
0.035 0.993 0.114 0.955 0.993 
0.027 0.993 0.102 0.963 1.000 
0.022 0.996 0.163 0.945 0.985 
0.019 0.996 0.123 0.953 0.996 
0.033 0.992 0.090 0.963 1.000 
0.022 0.995 0.101 0.965 1.000 
0.025 0.995 0.122 0.958 1.000 
0.026 0.994 0.123 0.958 1.000 
0.028 0.994 0.095 0.970 0.996 
0.020 0.994 0.183 0.938 1.000 
0.019 0.996 0.183 0.940 0.941 
0.029 0.995 0.149 0.955 0.996 
0.024 0.993 0.143 0.958 1.000 
0.024 0.994 0.096 0.965 1.000 
0.027 0.994 0.163 0.935 1.000 
0.025 0.993 0.099 0.968 1.000 
0.022 0.995 0.102 0.963 1.000 
0.021 0.994 0.133 0.960 1.000 
0.030 0.993 0.160 0.930 1.000 
0.022 0.996 0.076 0.970 1.000 
0.018 0.996 0.098 0.973 0.993 
0.020 0.994 0.128 0.975 1.000 
0.036 0.993 0.149 0.955 1.000 
0.033 0.991 0.129 0.953 1.000 
0.022 0.994 0.154 0.950 1.000 
0.026 0.994 0.132 0.955 1.000 
0.019 0.995 0.208 0.938 0.996 
0.035 0.993 0.179 0.938 1.000 
0.025 0.994 0.161 0.940 1.000 
0.022 0.995 0.172 0.953 0.993 
0.018 0.995 0.194 0.938 1.000 
0.031 0.994 0.121 0.965 1.000 
0.024 0.994 0.126 0.968 1.000 
0.025 0.994 0.127 0.965 0.993 
0.020 0.996 0.064 0.975 0.996 
0.024 0.994 0.095 0.970 0.982 
0.023 0.994 0.132 0.955 0.996 
0.029 0.992 0.110 0.958 0.993 
0.021 0.994 0.112 0.958 0.985 
0.023 0.994 0.112 0.955 1.000 
0.032 0.992 0.122 0.955 1.000 
0.026 0.995 0.102 0.965 1.000 
0.017 0.996 0.150 0.958 1.000 
0.025 0.993 0.128 0.955 1.000 
0.023 0.995 0.125 0.963 1.000 
0.019 0.995 0.143 0.965 0.996 
0.020 0.995 0.209 0.930 1.000 
0.027 0.994 0.138 0.960 0.985 
0.021 0.994 0.144 0.960 0.971 
0.024 0.995 0.176 0.950 0.996 
0.017 0.996 0.157 0.965 0.893 
0.031 0.990 0.124 0.965 1.000 
0.016 0.996 0.152 0.968 0.985 
0.024 0.995 0.209 0.945 0.996 
0.034 0.993 0.128 0.958 1.000 
0.024 0.994 0.077 0.968 1.000 
0.023 0.995 0.148 0.953 0.996 
0.022 0.993 0.144 0.963 1.000 
0.016 0.997 0.196 0.948 1.000 
0.024 0.996 0.126 0.960 0.912 
0.027 0.993 0.104 0.970 0.996 
0.031 0.992 0.137 0.965 0.919 
0.024 0.995 0.085 0.970 0.978 
0.024 0.993 0.102 0.983 0.949 
0.020 0.996 0.173 0.950 1.000 
0.019 0.995 0.127 0.960 1.000 
0.013 0.998 0.165 0.950 1.000 
0.022 0.992 0.156 0.950 1.000 
0.021 0.995 0.129 0.948 1.000 
0.024 0.992 0.128 0.960 1.000 
0.019 0.996 0.171 0.953 1.000 
0.022 0.995 0.131 0.958 1.000 
0.022 0.993 0.172 0.950 1.000 
0.023 0.996 0.148 0.953 1.000 
0.022 0.994 0.110 0.963 1.000 
0.039 0.991 0.147 0.940 1.000 
0.018 0.996 0.142 0.955 1.000 
0.018 0.995 0.119 0.958 1.000 
0.023 0.996 0.185 0.925 1.000 
0.022 0.995 0.104 0.965 1.000 
0.033 0.992 0.151 0.945 1.000 
0.024 0.995 0.131 0.960 1.000 
0.025 0.993 0.128 0.953 1.000 
0.026 0.992 0.166 0.963 1.000 
0.015 0.995 0.115 0.965 1.000 
0.018 0.995 0.141 0.963 1.000 
0.029 0.995 0.230 0.960 1.000 
0.026 0.992 0.188 0.917 1.000 
0.038 0.994 0.169 0.953 1.000 
0.022 0.995 0.137 0.963 1.000 
0.022 0.994 0.134 0.965 0.989 
0.025 0.993 0.130 0.953 1.000 
0.016 0.996 0.094 0.968 0.827 
0.024 0.994 0.116 0.965 1.000 
0.018 0.996 0.186 0.938 0.996 
0.026 0.993 0.238 0.932 1.000 
0.016 0.997 0.171 0.948 0.993 
0.020 0.995 0.085 0.968 0.996 
0.027 0.994 0.161 0.965 0.971 
0.019 0.995 0.155 0.950 0.993 
0.025 0.994 0.226 0.927 0.919 
0.038 0.994 0.182 0.935 1.000 
0.031 0.993 0.151 0.948 0.996 
0.019 0.997 0.130 0.950 1.000 
0.026 0.993 0.097 0.965 1.000 
0.018 0.997 0.134 0.963 1.000 
0.020 0.995 0.115 0.955 1.000 
0.027 0.994 0.100 0.963 1.000 
0.024 0.994 0.142 0.960 1.000 
0.019 0.997 0.137 0.953 1.000 
0.020 0.995 0.157 0.953 1.000 
0.026 0.994 0.196 0.945 1.000 
0.033 0.993 0.127 0.943 0.993 
0.015 0.996 0.128 0.955 1.000 
0.016 0.997 0.115 0.963 1.000 
0.019 0.995 0.238 0.922 0.857 
0.018 0.994 0.179 0.945 0.974 
0.021 0.995 0.127 0.958 1.000 
0.035 0.995 0.595 0.955 1.000 
0.047 0.993 0.182 0.950 1.000 
0.024 0.994 0.146 0.955 1.000 
0.016 0.994 0.269 0.932 0.996 
0.023 0.996 0.185 0.943 0.996 
0.020 0.993 0.243 0.922 0.989 
0.020 0.995 0.216 0.940 0.993 
0.016 0.997 0.145 0.963 0.956 
0.015 0.997 0.152 0.965 1.000 
0.023 0.996 0.108 0.970 0.993 
0.031 0.992 0.162 0.940 1.000 
0.021 0.995 0.118 0.968 1.000 
0.029 0.993 0.150 0.955 0.993 
0.021 0.995 0.152 0.955 1.000 
0.017 0.996 0.250 0.917 0.993 
0.021 0.995 0.174 0.953 1.000 
0.016 0.997 0.109 0.975 1.000 
0.024 0.994 0.116 0.973 1.000 
0.024 0.995 0.140 0.950 1.000 
0.018 0.995 0.129 0.963 1.000 
0.024 0.994 0.100 0.970 1.000 
0.020 0.995 0.173 0.955 1.000 
0.020 0.994 0.143 0.955 1.000 
0.020 0.996 0.131 0.965 1.000 
0.013 0.996 0.254 0.960 1.000 
0.022 0.995 0.115 0.958 1.000 
0.017 0.996 0.121 0.968 1.000 
0.019 0.995 0.210 0.965 1.000 
0.035 0.992 0.238 0.965 1.000 
0.032 0.994 0.184 0.960 0.996 
0.022 0.993 0.143 0.965 0.996 
0.024 0.996 0.243 0.927 0.996 
0.020 0.996 0.192 0.943 0.996 
0.023 0.995 0.190 0.950 1.000 
0.019 0.995 0.203 0.950 1.000 
0.016 0.996 0.152 0.963 1.000 
0.052 0.992 0.135 0.963 1.000 
0.015 0.997 0.146 0.960 1.000 
0.016 0.997 0.230 0.948 0.996 
0.027 0.994 0.178 0.938 1.000 
0.017 0.996 0.232 0.925 1.000 
0.018 0.996 0.216 0.948 0.993 
0.019 0.996 0.159 0.955 1.000 
0.022 0.994 0.191 0.953 0.960 
0.016 0.997 0.131 0.975 0.996 
0.027 0.995 0.285 0.927 0.901 
0.024 0.995 0.201 0.955 1.000 
0.028 0.994 0.114 0.965 1.000 
0.033 0.992 0.157 0.953 1.000 
0.015 0.996 0.248 0.927 0.971 
0.023 0.995 0.207 0.945 0.996 
0.018 0.995 0.090 0.970 1.000 
0.022 0.992 0.153 0.960 0.978 
0.016 0.996 0.193 0.932 1.000 
0.019 0.994 0.200 0.948 0.912 
0.029 0.994 0.216 0.953 0.982 
0.015 0.997 0.212 0.958 0.960 
0.016 0.996 0.219 0.950 0.993 
0.020 0.995 0.228 0.955 0.963 
0.018 0.995 0.320 0.940 0.919 
0.019 0.996 0.238 0.968 1.000 
0.027 0.994 0.129 0.960 1.000 
0.021 0.994 0.179 0.958 0.985 
0.014 0.996 0.194 0.950 0.993 
0.018 0.996 0.200 0.955 0.982 
0.019 0.995 0.213 0.920 0.949 
0.022 0.995 0.179 0.963 0.989 
0.018 0.996 0.233 0.940 0.989 
0.020 0.995 0.152 0.965 0.996 
0.013 0.996 0.187 0.945 0.982 
0.025 0.994 0.074 0.970 0.989 
0.026 0.995 0.106 0.965 0.996 
0.014 0.994 0.208 0.940 0.930 
0.026 0.994 0.092 0.973 0.776 
0.012 0.998 0.125 0.965 1.000 
0.017 0.995 0.123 0.965 1.000 
0.018 0.995 0.087 0.973 0.853 
0.021 0.994 0.074 0.975 0.996 
0.022 0.996 0.140 0.940 0.919 
0.011 0.997 0.156 0.965 0.860 
0.020 0.995 0.142 0.953 0.974 
0.018 0.994 0.114 0.970 0.963 
0.024 0.995 0.189 0.940 0.294 
0.019 0.994 0.101 0.965 1.000 
0.020 0.994 0.166 0.938 1.000 
0.016 0.997 0.087 0.968 1.000 
0.017 0.995 0.107 0.968 1.000 
0.018 0.995 0.121 0.968 0.993 
0.015 0.996 0.213 0.943 0.890 
0.031 0.993 0.175 0.938 0.963 
0.026 0.995 0.111 0.965 0.963 
0.018 0.996 0.165 0.950 1.000 
0.016 0.996 0.108 0.970 1.000 
0.027 0.995 0.165 0.945 0.993 
0.020 0.995 0.115 0.965 0.985 
0.023 0.993 0.177 0.953 1.000 
0.012 0.995 0.383 0.945 0.993 
0.027 0.995 0.251 0.925 0.996 
0.016 0.994 0.157 0.963 1.000 
0.017 0.995 0.164 0.955 0.949 
0.021 0.995 0.267 0.915 0.996 
0.015 0.996 0.224 0.940 0.996 
0.019 0.993 0.186 0.950 1.000 
0.022 0.995 0.139 0.958 0.996 
0.017 0.994 0.152 0.953 1.000 
0.014 0.996 0.205 0.935 1.000 
0.012 0.995 0.134 0.970 1.000 
0.029 0.994 0.126 0.965 0.919 
0.033 0.994 0.108 0.968 1.000 
0.016 0.997 0.161 0.963 0.989 
0.012 0.997 0.114 0.970 0.934 
0.015 0.995 0.097 0.980 0.974 
0.019 0.996 0.201 0.930 1.000 
0.024 0.994 0.160 0.950 1.000 
0.016 0.996 0.162 0.965 1.000 
0.022 0.995 0.157 0.955 1.000 
0.011 0.997 0.214 0.945 1.000 
0.017 0.994 0.187 0.948 0.993 
0.020 0.994 0.197 0.945 0.978 
0.022 0.994 0.206 0.945 0.989 
0.016 0.995 0.264 0.925 1.000 
0.028 0.993 0.126 0.968 0.996 
0.015 0.996 0.120 0.965 1.000 
0.014 0.996 0.289 0.927 1.000 
0.025 0.994 0.155 0.960 1.000 
0.021 0.995 0.209 0.943 1.000 
0.022 0.994 0.142 0.940 1.000 
0.018 0.995 0.123 0.953 1.000 
0.019 0.996 0.120 0.960 1.000 
0.011 0.998 0.160 0.958 1.000 
0.012 0.997 0.091 0.975 1.000 
0.017 0.996 0.177 0.968 1.000 
0.022 0.995 0.155 0.948 1.000 
0.017 0.996 0.253 0.932 1.000 
0.022 0.994 0.149 0.963 1.000 
0.026 0.993 0.221 0.945 0.978 
0.034 0.996 0.197 0.950 0.996 
0.015 0.996 0.219 0.945 0.985 
0.016 0.996 0.215 0.938 0.993 
0.013 0.996 0.134 0.980 0.989 
0.018 0.996 0.156 0.965 1.000 
0.018 0.996 0.231 0.927 0.912 
0.018 0.995 0.169 0.943 1.000 
0.018 0.995 0.212 0.938 1.000 
0.019 0.995 0.182 0.963 0.934 
0.021 0.994 0.176 0.953 0.989 
0.025 0.994 0.151 0.960 1.000 
0.021 0.994 0.116 0.960 0.996 
0.028 0.992 0.110 0.963 0.993 
0.017 0.996 0.115 0.958 1.000 
0.018 0.995 0.173 0.948 0.963 
0.017 0.995 0.081 0.980 0.993 
0.019 0.997 0.142 0.968 0.996 
0.014 0.997 0.166 0.963 0.989 
0.018 0.995 0.136 0.970 0.996 
0.016 0.996 0.162 0.953 1.000 
0.015 0.995 0.185 0.948 0.978 
0.022 0.995 0.166 0.948 0.978 
0.013 0.994 0.139 0.960 1.000 
0.018 0.996 0.192 0.943 0.971 
0.016 0.993 0.082 0.980 0.993 
0.014 0.995 0.108 0.980 0.996 
0.025 0.995 0.155 0.968 1.000 
0.016 0.996 0.252 0.948 0.974 
0.019 0.996 0.286 0.978 0.956 
0.030 0.993 0.140 0.965 0.971 
0.028 0.993 0.345 0.922 0.912 
0.021 0.993 0.108 0.970 0.897 
0.017 0.995 0.121 0.968 0.702 
0.018 0.997 0.128 0.960 0.993 
0.018 0.996 0.086 0.975 0.982 
0.016 0.996 0.088 0.973 0.993 
0.020 0.994 0.180 0.945 1.000 
0.014 0.996 0.226 0.948 1.000 
0.020 0.993 0.201 0.930 1.000 
0.009 0.997 0.273 0.938 1.000 
0.014 0.997 0.294 0.935 1.000 
0.019 0.995 0.106 0.975 0.904 
0.021 0.994 0.195 0.943 0.956 
0.015 0.997 0.086 0.975 1.000 
0.015 0.996 0.242 0.932 1.000 
0.018 0.996 0.107 0.970 0.996 
0.014 0.995 0.150 0.973 1.000 
0.016 0.995 0.149 0.970 0.989 
0.016 0.996 0.198 0.953 1.000 
0.018 0.996 0.295 0.945 0.996 
0.024 0.993 0.177 0.965 0.985 
0.019 0.996 0.112 0.983 1.000 
0.025 0.994 0.184 0.968 0.982 
0.019 0.994 0.113 0.983 0.996 
0.020 0.996 0.258 0.925 0.993 
0.015 0.996 0.115 0.960 1.000 
0.023 0.994 0.137 0.958 1.000 
0.012 0.997 0.193 0.950 0.963 
0.018 0.996 0.212 0.963 0.993 
0.025 0.995 0.202 0.932 1.000 
0.008 0.997 0.193 0.963 1.000 
0.035 0.993 0.157 0.950 0.978 
0.014 0.996 0.174 0.963 1.000 
0.024 0.996 0.179 0.948 1.000 
0.023 0.995 0.146 0.965 0.989 
0.014 0.996 0.268 0.932 1.000 
0.015 0.995 0.225 0.945 0.926 
0.017 0.995 0.161 0.968 0.949 
0.016 0.995 0.130 0.970 0.996 
0.019 0.996 0.280 0.940 0.926 
0.013 0.996 0.158 0.950 1.000 
0.032 0.992 0.153 0.955 0.996 
0.015 0.996 0.184 0.950 1.000 
0.014 0.996 0.295 0.917 1.000 
0.014 0.996 0.181 0.975 0.982 
0.013 0.996 0.167 0.973 0.996 
0.022 0.994 0.136 0.965 1.000 
0.013 0.996 0.338 0.922 1.000 
0.015 0.996 0.235 0.945 1.000 
0.015 0.997 0.233 0.945 1.000 
0.023 0.993 0.120 0.970 0.993 
0.018 0.995 0.186 0.953 0.993 
0.015 0.997 0.178 0.955 1.000 
0.015 0.996 0.241 0.950 1.000 
0.024 0.994 0.172 0.963 0.974 
0.011 0.996 0.179 0.960 1.000 
0.014 0.995 0.210 0.948 1.000 
0.018 0.995 0.148 0.963 1.000 
0.023 0.994 0.283 0.938 1.000 
0.023 0.995 0.187 0.960 1.000 
0.011 0.998 0.234 0.975 0.974 
0.063 0.994 0.278 0.938 1.000 
0.020 0.996 0.277 0.955 1.000 
0.018 0.996 0.319 0.948 1.000 
0.016 0.995 0.285 0.968 0.993 
0.018 0.994 0.242 0.970 1.000 
0.045 0.993 0.236 0.950 1.000 
0.013 0.996 0.269 0.943 1.000 
0.012 0.997 0.223 0.953 0.993 
0.013 0.997 0.269 0.938 1.000 
0.026 0.994 0.170 0.968 1.000 
0.013 0.997 0.389 0.970 0.993 
0.025 0.994 0.475 0.920 0.982 
0.022 0.995 0.325 0.943 0.996 
0.021 0.995 0.250 0.958 1.000 
0.022 0.994 0.341 0.922 1.000 
0.017 0.994 0.371 0.917 1.000 
0.019 0.996 0.351 0.932 0.993 
0.021 0.996 0.266 0.953 1.000 
0.025 0.995 0.207 0.968 1.000 
0.040 0.996 0.228 0.970 1.000 
0.021 0.995 0.296 0.932 1.000 
0.040 0.993 0.248 0.932 1.000 
0.013 0.996 0.186 0.953 1.000 
0.018 0.996 0.229 0.938 0.993 
0.014 0.995 0.426 0.912 1.000 
0.010 0.997 0.254 0.955 1.000 
0.018 0.995 0.309 0.910 1.000 
0.020 0.995 0.265 0.932 1.000 
0.015 0.997 0.233 0.950 1.000 
0.016 0.996 0.142 0.968 1.000 
0.013 0.996 0.298 0.940 1.000 
0.010 0.996 0.370 0.932 1.000 
0.027 0.995 0.233 0.955 1.000 
0.015 0.996 0.279 0.945 0.993 
0.021 0.996 0.216 0.940 1.000 
0.027 0.994 0.173 0.950 1.000 
0.015 0.996 0.221 0.943 1.000 
0.011 0.997 0.265 0.940 1.000 
0.013 0.997 0.293 0.940 1.000 
0.023 0.995 0.237 0.955 0.963 
0.020 0.996 0.242 0.935 0.985 
0.024 0.995 0.268 0.940 1.000 
0.022 0.995 0.223 0.970 1.000 
0.011 0.997 0.342 0.943 0.993 
0.024 0.995 0.326 0.932 0.960 
0.018 0.995 0.264 0.958 0.974 
0.008 0.997 0.366 0.955 1.000 
0.018 0.994 0.318 0.953 0.996 
0.016 0.995 0.283 0.945 1.000 
0.028 0.995 0.152 0.968 0.996 
0.015 0.996 0.253 0.953 1.000 
0.011 0.995 0.252 0.945 1.000 
0.012 0.997 0.223 0.955 1.000 
0.015 0.996 0.232 0.950 1.000 
0.015 0.995 0.283 0.948 0.993 
0.019 0.996 0.323 0.948 1.000 
0.017 0.996 0.236 0.960 1.000 
0.016 0.995 0.287 0.950 1.000 
0.019 0.994 0.329 0.922 1.000 
0.025 0.994 0.149 0.958 1.000 
0.017 0.994 0.283 0.920 1.000 
0.016 0.996 0.223 0.955 0.996 
0.014 0.996 0.193 0.948 1.000 
0.017 0.996 0.211 0.953 1.000 
0.023 0.993 0.215 0.935 1.000 
0.009 0.998 0.100 0.965 1.000 
0.027 0.993 0.154 0.958 0.996 
0.009 0.998 0.182 0.965 1.000 
0.011 0.997 0.217 0.963 1.000 
0.017 0.995 0.131 0.980 1.000 
0.013 0.996 0.204 0.965 1.000 
0.017 0.996 0.130 0.958 1.000 
0.016 0.995 0.291 0.935 1.000 
0.012 0.997 0.241 0.945 1.000 
0.020 0.993 0.319 0.925 1.000 
0.021 0.995 0.273 0.935 1.000 
0.020 0.996 0.213 0.968 1.000 
0.011 0.997 0.239 0.948 1.000 
0.013 0.998 0.329 0.917 1.000 
0.017 0.995 0.519 0.953 1.000 
0.086 0.995 0.137 0.955 1.000 
0.016 0.995 0.180 0.953 1.000 
0.012 0.996 0.176 0.955 1.000 
0.009 0.995 0.494 0.960 1.000 
0.034 0.993 0.285 0.932 1.000 
0.022 0.995 0.321 0.915 1.000 
0.012 0.997 0.247 0.948 1.000 
0.006 0.998 0.568 0.935 1.000 
0.015 0.997 0.271 0.965 1.000 
0.024 0.995 0.437 0.940 1.000 
0.033 0.995 0.292 0.932 1.000 
0.013 0.996 0.366 0.922 1.000 
0.017 0.995 0.374 0.943 1.000 
0.016 0.995 0.253 0.940 0.996 
0.022 0.996 0.271 0.935 1.000 
0.010 0.998 0.085 0.973 1.000 
0.048 0.994 0.258 0.953 0.945 
0.015 0.996 0.163 0.970 0.956 
0.022 0.995 0.297 0.917 0.989 
0.014 0.996 0.156 0.975 0.982 
0.014 0.996 0.325 0.940 0.974 
0.020 0.995 0.292 0.935 0.993 
0.019 0.993 0.271 0.955 0.996 
0.017 0.996 0.356 0.920 0.982 
0.013 0.995 0.226 0.970 0.989 
0.013 0.997 0.249 0.955 1.000 
0.016 0.996 0.305 0.925 0.993 
0.012 0.993 0.294 0.958 1.000 
0.028 0.994 0.683 0.927 1.000 
0.014 0.997 0.307 0.925 1.000 
0.015 0.997 0.225 0.960 1.000 
0.016 0.996 0.318 0.948 1.000 
0.015 0.997 0.280 0.950 1.000 
0.011 0.996 0.316 0.955 1.000 
0.019 0.996 0.217 0.958 1.000 
0.011 0.996 0.230 0.970 1.000 
0.018 0.996 0.178 0.975 1.000 
0.013 0.997 0.268 0.948 1.000 
0.013 0.997 0.459 0.920 1.000 
0.019 0.995 0.596 0.958 0.816 
0.020 0.995 0.239 0.960 1.000 
0.018 0.995 0.261 0.938 0.982 
0.013 0.997 0.218 0.973 1.000 
0.023 0.996 0.150 0.965 0.993 
0.012 0.997 0.255 0.963 1.000 
0.016 0.996 0.206 0.960 1.000 
0.018 0.995 0.236 0.958 1.000 
0.016 0.995 0.199 0.960 0.996 
0.008 0.996 0.225 0.970 1.000 
0.014 0.994 0.182 0.975 1.000 
0.013 0.995 0.352 0.938 1.000 
0.016 0.995 0.247 0.965 0.996 
0.010 0.996 0.288 0.970 1.000 
0.016 0.995 0.480 0.915 1.000 
0.016 0.996 0.216 0.975 1.000 
0.015 0.997 0.357 0.948 0.996 
0.027 0.992 0.398 0.940 0.989 
0.015 0.996 0.269 0.980 1.000 
0.022 0.993 0.372 0.943 0.993 
0.011 0.997 0.336 0.965 0.978 
0.024 0.996 0.209 0.950 1.000 
0.012 0.997 0.456 0.958 0.930 
0.037 0.993 0.291 0.935 1.000 
0.019 0.995 0.211 0.948 1.000 
0.013 0.997 0.137 0.970 0.996 
0.023 0.994 0.114 0.973 1.000 
0.020 0.995 0.258 0.940 1.000 
0.021 0.995 0.261 0.930 0.952 
0.014 0.997 0.207 0.948 1.000 
0.014 0.996 0.245 0.940 0.996 
0.015 0.995 0.229 0.945 1.000 
0.019 0.994 0.287 0.932 1.000 
0.019 0.997 0.194 0.953 0.993 
0.018 0.994 0.271 0.938 1.000 
0.030 0.996 0.401 0.925 1.000 
0.016 0.996 0.327 0.922 0.993 
0.016 0.994 0.404 0.920 1.000 
0.019 0.996 0.280 0.955 1.000 
0.020 0.996 0.298 0.925 0.989 
0.017 0.995 0.230 0.953 1.000 
0.013 0.997 0.364 0.927 0.985 
0.018 0.995 0.254 0.953 1.000 
0.021 0.993 0.140 0.968 0.971 
0.048 0.992 0.222 0.963 0.952 
0.011 0.997 0.231 0.963 0.985 
0.013 0.996 0.335 0.925 0.960 
0.012 0.996 0.303 0.953 0.967 
0.018 0.994 0.217 0.955 0.974 
0.017 0.996 0.243 0.958 0.985 
0.013 0.996 0.306 0.940 1.000 
0.016 0.995 0.343 0.945 0.967 
0.016 0.995 0.571 0.890 0.868 
0.017 0.996 0.275 0.955 0.963 
0.015 0.997 0.197 0.955 0.989 
0.017 0.994 0.348 0.925 1.000 
0.018 0.994 0.385 0.930 0.989 
0.019 0.994 0.259 0.953 0.985 
0.016 0.996 0.248 0.948 0.985 
0.013 0.997 0.229 0.968 0.827 
0.010 0.997 0.125 0.973 1.000 
0.019 0.996 0.340 0.940 0.967 
0.011 0.998 0.419 0.940 0.996 
0.016 0.995 0.370 0.948 1.000 
0.018 0.996 0.208 0.958 1.000 
0.027 0.997 0.341 0.927 0.765 
0.051 0.993 0.116 0.963 0.993 
0.017 0.994 0.252 0.932 1.000 
0.011 0.997 0.185 0.965 0.996 
0.017 0.995 0.281 0.930 1.000 
0.011 0.997 0.206 0.963 0.996 
0.011 0.998 0.233 0.953 1.000 
0.010 0.997 0.232 0.973 0.971 
0.022 0.995 0.144 0.963 0.868 
0.013 0.997 0.248 0.955 0.673 
0.022 0.995 0.420 0.922 0.537 
0.018 0.996 0.204 0.968 0.941 
0.009 0.997 0.304 0.963 0.938 
0.023 0.995 0.166 0.965 0.985 
0.016 0.994 0.221 0.958 1.000 
0.015 0.995 0.230 0.950 0.996 
0.013 0.997 0.275 0.930 0.879 
0.012 0.996 0.293 0.958 0.971 
0.021 0.995 0.148 0.963 0.875 
0.021 0.994 0.147 0.968 0.993 
0.011 0.997 0.203 0.950 0.989 
0.013 0.997 0.191 0.965 0.952 
0.018 0.995 0.195 0.953 0.956 
0.008 0.996 0.203 0.955 0.967 
0.002 0.999 0.274 0.948 1.000 
0.019 0.994 0.232 0.950 0.967 
0.015 0.997 0.233 0.953 0.915 
0.014 0.996 0.167 0.958 0.982 
0.028 0.996 0.294 0.932 0.805 
0.013 0.996 0.261 0.935 0.993 
0.015 0.996 0.183 0.970 0.996 
0.020 0.994 0.201 0.963 0.982 
0.015 0.995 0.372 0.935 0.971 
0.031 0.992 0.291 0.938 0.735 
0.016 0.996 0.171 0.985 0.169 
0.024 0.995 0.219 0.950 0.930 
0.014 0.997 0.252 0.953 0.886 
0.017 0.994 0.330 0.917 0.989 
0.010 0.995 0.315 0.958 0.882 
0.024 0.994 0.430 0.925 0.985 
0.015 0.996 0.226 0.960 0.695 
0.015 0.994 0.275 0.968 0.581 
0.012 0.996 0.253 0.953 0.691 
0.023 0.995 0.467 0.953 0.890 
0.017 0.997 0.252 0.958 0.978 
0.025 0.995 0.170 0.955 0.732 
0.012 0.997 0.160 0.960 0.915 
0.011 0.997 0.170 0.975 0.853 
0.017 0.993 0.189 0.953 0.971 
0.008 0.998 0.214 0.950 0.938 
0.017 0.997 0.152 0.958 0.945 
0.012 0.997 0.153 0.958 0.533 
0.013 0.997 0.184 0.958 1.000 
0.028 0.995 0.270 0.935 0.971 
0.011 0.997 0.198 0.975 0.331 
0.010 0.998 0.203 0.973 0.864 
0.018 0.996 0.336 0.915 1.000 
0.014 0.997 0.282 0.945 0.868 
0.012 0.996 0.130 0.990 0.886 
0.018 0.994 0.194 0.975 0.599 
0.012 0.998 0.363 0.940 0.812 
0.022 0.993 0.170 0.953 0.790 
0.017 0.994 0.231 0.960 0.338 
0.015 0.998 0.226 0.960 0.121 
0.012 0.996 0.233 0.955 0.879 
0.019 0.995 0.255 0.930 0.919 
0.018 0.995 0.232 0.958 0.507 
0.006 0.998 0.200 0.963 0.721 
0.020 0.993 0.210 0.963 0.320 
0.015 0.996 0.269 0.945 0.706 
0.009 0.997 0.288 0.968 0.143 
0.019 0.995 0.170 0.955 0.132 
0.015 0.996 0.249 0.950 1.000 
0.039 0.991 0.267 0.950 1.000 
0.028 0.994 0.434 0.917 0.901 
0.018 0.995 0.372 0.915 0.996 
0.019 0.996 0.234 0.948 0.993 
0.013 0.995 0.280 0.943 0.996 
0.017 0.996 0.256 0.938 1.000 
0.015 0.996 0.285 0.948 0.996 
0.011 0.997 0.306 0.932 1.000 
0.011 0.998 0.225 0.953 1.000 
0.021 0.994 0.301 0.940 0.765 
0.024 0.995 0.254 0.950 0.882 
0.020 0.994 0.185 0.968 0.923 
0.025 0.995 0.199 0.958 0.658 
0.013 0.997 0.250 0.940 0.956 
0.015 0.997 0.339 0.955 0.985 
0.013 0.996 0.322 0.960 1.000 
0.010 0.997 0.467 0.950 0.996 
0.012 0.996 0.322 0.955 0.989 
0.009 0.996 0.381 0.958 0.993 
0.013 0.996 0.404 0.938 1.000 
0.007 0.998 0.636 0.940 0.985 
0.021 0.996 0.205 0.965 0.945 
0.035 0.993 0.330 0.935 1.000 
0.023 0.993 0.223 0.945 0.746 
0.011 0.997 0.315 0.945 0.868 
0.007 0.998 0.190 0.963 0.949 
0.013 0.995 0.195 0.963 0.993 
0.023 0.997 0.211 0.940 0.993 
0.012 0.997 0.157 0.965 0.676 
0.016 0.997 0.158 0.963 0.926 
0.013 0.997 0.177 0.953 0.963 
0.014 0.997 0.183 0.955 0.945 
0.017 0.996 0.184 0.965 0.879 
0.009 0.996 0.208 0.960 0.993 
0.006 0.998 0.408 0.948 0.768 
0.029 0.995 0.196 0.973 0.996 
0.046 0.995 0.197 0.945 0.849 
0.024 0.995 0.188 0.955 0.963 
0.011 0.997 0.166 0.955 0.996 
0.012 0.997 0.205 0.953 0.993 
0.021 0.993 0.166 0.963 0.919 
0.015 0.994 0.183 0.965 0.974 
0.018 0.996 0.137 0.963 0.996 
0.011 0.996 0.247 0.950 0.993 
0.016 0.995 0.134 0.968 1.000 
0.013 0.995 0.214 0.963 0.776 
0.031 0.991 0.311 0.930 0.599 
0.010 0.996 0.211 0.965 0.482 
0.015 0.998 0.190 0.950 1.000 
0.015 0.995 0.270 0.938 1.000 
0.008 0.997 0.245 0.955 0.915 
0.017 0.996 0.175 0.965 0.474 
0.017 0.996 0.197 0.953 0.982 
0.020 0.995 0.242 0.938 0.879 
0.016 0.997 0.164 0.963 1.000 
0.015 0.996 0.348 0.955 0.982 
0.016 0.995 0.326 0.963 0.996 
0.018 0.995 0.330 0.963 0.710 
0.026 0.994 0.139 0.963 0.713 
0.011 0.996 0.162 0.968 0.904 
0.018 0.995 0.083 0.973 0.798 
0.012 0.997 0.280 0.940 1.000 
0.019 0.996 0.157 0.970 0.397 
0.010 0.998 0.137 0.963 0.996 
0.017 0.996 0.211 0.953 0.996 
0.013 0.996 0.292 0.948 0.974 
0.013 0.995 0.260 0.953 0.864 
0.016 0.996 0.313 0.935 0.338 
0.018 0.996 0.138 0.973 0.875 
0.013 0.997 0.260 0.965 0.772 
0.016 0.996 0.273 0.950 1.000 
0.022 0.995 0.287 0.950 1.000 
0.013 0.997 0.322 0.965 1.000 
0.016 0.996 0.170 0.975 1.000 
0.015 0.996 0.283 0.955 1.000 
0.003 0.999 0.438 0.965 0.868 
0.019 0.995 0.160 0.968 0.908 
0.020 0.996 0.324 0.927 0.890 
0.020 0.994 0.232 0.950 0.989 
0.013 0.995 0.377 0.915 0.967 
0.015 0.995 0.190 0.958 0.923 
0.010 0.996 0.238 0.953 0.989 
0.015 0.996 0.247 0.948 0.985 
0.008 0.998 0.113 0.978 0.732 
0.009 0.998 0.291 0.973 0.993 
0.024 0.996 0.210 0.948 0.993 
0.030 0.994 0.133 0.968 1.000 
0.028 0.992 0.360 0.915 1.000 
0.018 0.995 0.332 0.935 0.993 
0.014 0.997 0.354 0.922 1.000 
0.010 0.996 0.275 0.958 0.993 
0.009 0.997 0.392 0.943 1.000 
0.016 0.995 0.381 0.940 1.000 
0.011 0.997 0.359 0.930 0.974 
0.016 0.996 0.235 0.983 0.654 
0.018 0.995 0.285 0.958 0.960 
0.012 0.996 0.230 0.960 1.000 
0.017 0.997 0.226 0.958 0.971 
0.013 0.996 0.242 0.960 0.985 
0.033 0.995 0.345 0.953 0.930 
0.015 0.996 0.423 0.940 0.985 
0.013 0.997 0.423 0.953 0.996 
0.009 0.998 0.434 0.958 0.985 
0.015 0.996 0.376 0.968 1.000 
0.015 0.996 0.410 0.948 1.000 
0.016 0.996 0.363 0.935 1.000 
0.011 0.998 0.446 0.965 0.996 
0.018 0.995 0.276 0.965 1.000 
0.017 0.995 0.407 0.963 0.989 
0.019 0.994 0.337 0.960 0.930 
0.014 0.995 0.302 0.940 0.993 
0.013 0.995 0.218 0.958 0.996 
0.014 0.995 0.600 0.915 0.967 
0.024 0.994 0.252 0.948 1.000 
0.018 0.995 0.297 0.943 0.993 
0.015 0.995 0.338 0.953 0.897 
0.031 0.996 0.180 0.970 1.000 
0.036 0.995 0.291 0.953 1.000 
0.014 0.996 0.266 0.953 0.930 
0.016 0.996 0.132 0.983 0.996 
0.015 0.995 0.203 0.955 0.996 
0.020 0.995 0.215 0.958 1.000 
0.016 0.996 0.307 0.930 1.000 
0.010 0.998 0.264 0.953 1.000 
0.015 0.996 0.188 0.958 0.993 
0.014 0.996 0.225 0.927 1.000 
0.019 0.995 0.379 0.915 1.000 
0.014 0.996 0.321 0.935 1.000 
0.032 0.995 0.525 0.915 1.000 
0.014 0.996 0.341 0.935 1.000 
0.016 0.994 0.394 0.953 0.857 
0.012 0.997 0.331 0.953 0.996 
0.019 0.995 0.481 0.940 0.875 
0.016 0.998 0.375 0.935 0.989 
0.013 0.998 0.439 0.920 0.989 
0.017 0.996 0.193 0.958 0.835 
0.016 0.995 0.493 0.917 0.989 
0.023 0.994 0.350 0.930 0.978 
0.014 0.997 0.315 0.965 0.993 
0.018 0.996 0.425 0.938 1.000 
0.015 0.996 0.324 0.958 1.000 
0.026 0.993 0.245 0.935 1.000 
0.020 0.998 0.155 0.948 0.996 
0.015 0.995 0.285 0.922 1.000 
0.016 0.995 0.207 0.938 1.000 
0.012 0.997 0.297 0.917 1.000 
0.016 0.995 0.487 0.935 1.000 
0.014 0.996 0.391 0.958 1.000 
0.010 0.995 0.464 0.968 0.989 
0.009 0.998 0.544 0.960 0.971 
0.033 0.994 0.736 0.925 1.000 
0.009 0.997 0.650 0.960 0.978 
0.019 0.994 0.280 0.970 1.000 
0.036 0.995 0.762 0.915 0.989 
0.021 0.995 0.408 0.935 0.963 
0.013 0.997 0.358 0.935 0.978 
0.018 0.995 0.366 0.943 0.996 
0.015 0.995 0.447 0.917 0.978 
0.013 0.997 0.463 0.960 0.989 
0.014 0.997 0.466 0.940 1.000 
0.021 0.997 0.207 0.963 0.956 
0.022 0.994 0.224 0.958 0.989 
0.019 0.996 0.239 0.940 0.989 
0.012 0.997 0.483 0.920 0.985 
0.018 0.995 0.407 0.925 0.982 
0.011 0.996 0.357 0.950 1.000 
0.027 0.996 0.275 0.945 0.996 
0.014 0.995 0.252 0.953 1.000 
0.012 0.995 0.307 0.938 1.000 
0.015 0.996 0.309 0.963 0.886 
0.014 0.996 0.337 0.953 0.996 
0.024 0.995 0.326 0.920 0.993 
0.011 0.997 0.587 0.915 0.985 
0.014 0.997 0.185 0.973 0.982 
0.011 0.996 0.193 0.953 1.000 
0.019 0.994 0.254 0.943 1.000 
0.010 0.997 0.363 0.935 0.985 
0.021 0.996 0.370 0.958 1.000 
0.017 0.997 0.309 0.953 1.000 
0.011 0.998 0.308 0.963 0.982 
0.025 0.996 0.226 0.953 0.996 
0.020 0.994 0.392 0.927 0.993 
0.020 0.995 0.244 0.940 1.000 
0.015 0.994 0.279 0.950 0.985 
0.014 0.996 0.217 0.968 0.989 
0.015 0.996 0.267 0.948 0.993 
0.014 0.997 0.233 0.948 0.989 
0.012 0.997 0.394 0.915 0.996 
0.018 0.994 0.219 0.958 0.974 
0.009 0.998 0.343 0.943 0.985 
0.014 0.994 0.261 0.938 0.996 
0.012 0.996 0.356 0.948 0.985 
0.011 0.998 0.234 0.970 0.967 
0.025 0.992 0.349 0.915 0.978 
0.012 0.997 0.357 0.917 0.985 
0.016 0.996 0.319 0.917 0.996 
0.012 0.997 0.204 0.968 0.967 
0.022 0.997 0.359 0.945 0.985 
0.019 0.995 0.362 0.915 1.000 
0.016 0.996 0.358 0.915 1.000 
0.014 0.996 0.316 0.917 0.996 
0.036 0.996 0.261 0.932 1.000 
0.021 0.994 0.246 0.922 0.996 
0.013 0.997 0.187 0.958 1.000 
0.008 0.998 0.379 0.915 1.000 
0.011 0.997 0.147 0.960 1.000 
0.012 0.996 0.279 0.932 1.000 
0.055 0.996 0.167 0.958 1.000 
0.019 0.995 0.331 0.915 1.000 
0.010 0.998 0.266 0.943 1.000 
0.015 0.996 0.117 0.978 1.000 
0.014 0.996 0.303 0.930 1.000 
0.010 0.995 0.248 0.940 1.000 
0.012 0.995 0.305 0.922 1.000 
0.008 0.997 0.186 0.958 1.000 
0.015 0.996 0.244 0.940 1.000 
0.028 0.995 0.282 0.945 1.000 
0.019 0.996 0.301 0.927 1.000 
0.012 0.996 0.298 0.935 1.000 
0.009 0.998 0.452 0.943 1.000 
0.023 0.995 0.429 0.915 0.989 
0.018 0.997 0.368 0.927 1.000 
0.020 0.997 0.202 0.960 1.000 
0.018 0.995 0.405 0.915 1.000 
0.018 0.996 0.190 0.970 0.919 
0.010 0.997 0.113 0.975 1.000 
0.023 0.994 0.309 0.915 1.000 
0.014 0.995 0.291 0.960 0.923 
0.009 0.997 0.299 0.935 1.000 
0.017 0.995 0.234 0.955 1.000 
0.014 0.996 0.305 0.912 1.000 
0.016 0.996 0.179 0.958 0.993 
0.010 0.997 0.308 0.953 1.000 
0.012 0.997 0.216 0.958 0.996 
0.024 0.994 0.390 0.927 0.989 
0.013 0.997 0.289 0.953 0.963 
0.021 0.996 0.348 0.950 0.989 
0.012 0.998 0.365 0.950 1.000 
0.022 0.998 0.375 0.915 0.996 
