0.275 0.905 0.241 0.960 1.000 
0.171 0.940 0.116 0.973 1.000 
0.128 0.956 0.142 0.950 0.966 
0.117 0.964 0.088 0.968 1.000 
0.094 0.968 0.099 0.965 1.000 
0.116 0.964 0.129 0.995 1.000 
0.108 0.967 0.108 0.955 1.000 
0.112 0.968 0.086 0.975 1.000 
0.091 0.976 0.089 0.975 1.000 
0.085 0.973 0.088 0.980 0.996 
0.084 0.970 0.089 0.975 0.974 
0.078 0.976 0.053 0.988 1.000 
0.076 0.975 0.083 0.968 0.075 
0.085 0.977 0.118 0.970 0.978 
0.069 0.982 0.072 0.978 0.996 
0.067 0.982 0.116 0.978 1.000 
0.071 0.978 0.059 0.988 0.966 
0.069 0.980 0.050 0.985 1.000 
0.079 0.979 0.061 0.983 0.959 
0.068 0.980 0.048 0.988 0.596 
0.063 0.982 0.056 0.990 0.970 
0.056 0.979 0.053 0.988 0.985 
0.057 0.980 0.053 0.988 0.989 
0.067 0.982 0.076 0.980 0.996 
0.063 0.979 0.048 0.988 0.993 
0.059 0.982 0.059 0.985 1.000 
0.067 0.982 0.059 0.983 1.000 
0.057 0.985 0.059 0.970 1.000 
0.060 0.985 0.076 0.978 0.981 
0.048 0.987 0.055 0.998 0.993 
0.057 0.986 0.071 1.000 0.996 
0.055 0.988 0.045 0.985 1.000 
0.061 0.983 0.092 0.960 0.970 
0.066 0.978 0.057 0.988 0.996 
0.050 0.986 0.051 0.990 1.000 
0.056 0.986 0.035 0.995 0.831 
0.042 0.992 0.032 0.993 0.899 
0.049 0.983 0.049 0.983 1.000 
0.048 0.987 0.072 0.978 0.974 
0.043 0.989 0.047 0.985 0.993 
0.040 0.984 0.034 0.995 1.000 
0.057 0.985 0.045 0.993 0.996 
0.050 0.987 0.047 0.995 1.000 
0.049 0.987 0.078 0.968 0.974 
0.042 0.988 0.027 0.995 0.202 
0.049 0.987 0.053 0.985 0.996 
0.047 0.987 0.065 0.978 0.880 
0.042 0.989 0.060 0.973 0.566 
0.052 0.986 0.071 0.973 0.993 
0.046 0.986 0.038 0.988 1.000 
0.038 0.988 0.045 0.980 0.993 
0.045 0.985 0.033 0.995 0.985 
0.042 0.989 0.093 0.960 0.981 
0.044 0.988 0.054 0.980 0.993 
0.046 0.986 0.082 0.968 0.996 
0.046 0.988 0.074 0.965 0.981 
0.040 0.989 0.041 0.983 1.000 
0.048 0.987 0.030 0.995 1.000 
0.038 0.990 0.085 0.970 0.993 
0.038 0.991 0.061 0.978 1.000 
0.043 0.989 0.039 0.988 0.993 
0.042 0.989 0.045 0.993 0.974 
0.044 0.983 0.036 0.993 0.161 
0.043 0.990 0.058 0.978 0.199 
0.037 0.989 0.047 0.980 0.221 
0.040 0.988 0.040 0.980 0.599 
0.040 0.989 0.027 0.993 0.037 
0.042 0.989 0.023 0.995 0.124 
0.037 0.989 0.052 0.975 0.169 
0.040 0.989 0.047 0.975 0.094 
0.031 0.990 0.023 0.995 0.180 
0.049 0.985 0.064 0.978 0.161 
0.059 0.984 0.050 0.993 0.708 
0.041 0.989 0.042 0.995 0.876 
0.039 0.991 0.053 0.978 0.127 
0.044 0.988 0.060 0.995 0.659 
0.041 0.988 0.034 0.988 0.577 
0.046 0.987 0.034 0.995 0.015 
0.040 0.991 0.039 0.988 0.581 
0.048 0.985 0.054 0.980 0.835 
0.043 0.988 0.044 0.985 0.993 
0.035 0.990 0.024 0.995 0.352 
0.031 0.993 0.051 0.990 0.981 
0.042 0.987 0.039 0.985 0.846 
0.035 0.992 0.033 0.988 0.637 
0.034 0.992 0.037 0.995 0.948 
0.032 0.990 0.028 0.990 0.022 
0.040 0.988 0.045 0.980 1.000 
0.030 0.993 0.022 0.995 1.000 
0.037 0.991 0.070 0.965 0.393 
0.035 0.992 0.037 0.990 0.513 
0.044 0.988 0.029 0.995 0.060 
0.035 0.988 0.024 0.995 0.693 
0.042 0.989 0.044 0.983 0.996 
0.037 0.989 0.032 0.990 0.996 
0.032 0.992 0.057 0.975 0.955 
0.031 0.992 0.043 0.990 0.948 
0.042 0.987 0.059 0.983 0.970 
0.037 0.987 0.066 0.975 0.996 
0.040 0.990 0.022 0.995 0.996 
0.046 0.988 0.050 0.988 0.978 
0.037 0.991 0.058 0.988 0.963 
0.031 0.992 0.023 0.995 1.000 
0.037 0.993 0.046 0.990 0.850 
0.024 0.993 0.032 0.990 0.989 
0.031 0.993 0.022 0.995 0.974 
0.050 0.989 0.040 0.990 0.989 
0.032 0.990 0.039 0.988 1.000 
0.037 0.988 0.028 0.995 1.000 
0.034 0.990 0.027 0.995 0.790 
0.038 0.990 0.059 0.973 1.000 
0.032 0.992 0.112 0.955 0.929 
0.035 0.992 0.060 0.978 0.963 
0.031 0.993 0.037 0.988 0.052 
0.032 0.992 0.038 0.985 0.801 
0.029 0.992 0.016 0.995 0.993 
0.033 0.990 0.040 0.990 1.000 
0.032 0.990 0.050 0.980 1.000 
0.025 0.991 0.046 0.975 0.996 
0.036 0.990 0.043 0.980 1.000 
0.030 0.993 0.029 0.993 0.985 
0.033 0.992 0.046 0.980 0.985 
0.032 0.990 0.059 0.970 0.884 
0.034 0.989 0.078 0.973 0.989 
0.030 0.990 0.029 0.988 0.041 
0.032 0.991 0.020 0.993 0.768 
0.029 0.992 0.037 0.985 0.921 
0.028 0.992 0.058 0.978 0.959 
0.021 0.995 0.036 0.985 0.985 
0.040 0.989 0.079 0.968 0.060 
0.028 0.993 0.045 0.980 0.921 
0.030 0.992 0.026 0.995 1.000 
0.033 0.990 0.047 0.983 0.985 
0.032 0.992 0.038 0.988 0.993 
0.032 0.992 0.068 0.975 0.966 
0.029 0.993 0.021 0.990 0.996 
0.035 0.990 0.062 0.978 1.000 
0.037 0.992 0.029 0.993 1.000 
0.031 0.992 0.062 0.978 0.985 
0.032 0.991 0.099 0.958 0.993 
0.030 0.993 0.042 0.988 0.985 
0.043 0.990 0.051 0.983 0.322 
0.025 0.992 0.030 0.990 0.929 
0.030 0.991 0.038 0.988 0.007 
0.022 0.995 0.073 0.970 0.015 
0.030 0.992 0.037 0.990 0.869 
0.034 0.992 0.086 0.970 0.007 
0.031 0.991 0.019 0.993 0.322 
0.030 0.993 0.040 0.983 1.000 
0.041 0.989 0.045 0.980 0.936 
0.026 0.990 0.177 0.950 0.966 
0.025 0.992 0.074 0.970 0.963 
0.024 0.992 0.018 0.990 0.007 
0.021 0.993 0.028 0.988 0.966 
0.029 0.993 0.040 0.985 0.948 
0.018 0.995 0.017 0.995 0.727 
0.028 0.991 0.038 0.983 0.970 
0.033 0.990 0.070 0.970 1.000 
0.044 0.990 0.045 0.983 0.880 
0.019 0.995 0.036 0.980 0.985 
0.028 0.991 0.028 0.995 0.985 
0.031 0.994 0.051 0.980 1.000 
0.036 0.992 0.072 0.968 1.000 
0.037 0.990 0.053 0.985 1.000 
0.028 0.993 0.039 0.990 0.996 
0.026 0.991 0.030 0.995 0.981 
0.031 0.992 0.046 0.985 1.000 
0.027 0.992 0.039 0.988 0.015 
0.033 0.991 0.053 0.983 0.989 
0.027 0.993 0.072 0.970 0.921 
0.033 0.991 0.044 0.988 0.861 
0.025 0.994 0.100 0.958 0.494 
0.028 0.992 0.028 0.995 0.963 
0.025 0.992 0.018 0.995 0.996 
0.026 0.993 0.029 0.993 0.082 
0.022 0.995 0.062 0.980 1.000 
0.031 0.992 0.058 0.998 1.000 
0.025 0.994 0.024 0.990 0.970 
0.030 0.995 0.026 0.990 1.000 
0.023 0.993 0.029 0.990 0.996 
0.029 0.992 0.029 0.995 0.993 
0.034 0.992 0.085 0.963 0.933 
0.023 0.995 0.035 0.988 0.779 
0.037 0.990 0.057 0.975 0.993 
0.020 0.992 0.042 0.978 0.981 
0.035 0.990 0.054 0.975 0.974 
0.048 0.989 0.047 0.980 0.996 
0.024 0.995 0.038 0.988 0.929 
0.028 0.993 0.031 0.988 0.996 
0.029 0.993 0.058 0.973 0.670 
0.027 0.992 0.044 0.983 0.768 
0.028 0.993 0.041 0.988 0.094 
0.024 0.992 0.029 0.993 0.978 
0.026 0.992 0.029 0.990 0.288 
0.018 0.995 0.027 0.985 0.801 
0.013 0.996 0.018 0.990 1.000 
0.027 0.993 0.081 0.963 0.993 
0.028 0.992 0.029 0.993 1.000 
0.026 0.995 0.023 1.000 0.989 
0.026 0.995 0.026 0.990 0.805 
0.023 0.993 0.020 0.995 0.978 
0.021 0.994 0.030 0.988 0.607 
0.037 0.991 0.034 0.990 0.970 
0.021 0.995 0.027 0.990 0.936 
0.030 0.993 0.020 0.995 1.000 
0.024 0.993 0.039 0.985 1.000 
0.022 0.993 0.041 0.985 0.996 
0.024 0.993 0.059 0.973 1.000 
0.024 0.992 0.040 0.990 0.944 
0.019 0.996 0.044 0.983 0.993 
0.025 0.995 0.033 0.990 0.993 
0.029 0.993 0.034 0.990 0.903 
0.029 0.992 0.027 0.995 0.996 
0.019 0.993 0.021 0.990 0.959 
0.042 0.990 0.052 0.985 0.981 
0.024 0.993 0.033 0.990 1.000 
0.027 0.992 0.063 0.968 1.000 
0.020 0.997 0.028 0.988 0.996 
0.022 0.993 0.026 0.988 1.000 
0.024 0.993 0.043 0.985 0.993 
0.029 0.990 0.021 0.995 0.951 
0.024 0.992 0.027 0.995 0.985 
0.043 0.992 0.028 0.995 1.000 
0.029 0.991 0.034 0.990 1.000 
0.023 0.991 0.020 0.995 0.880 
0.024 0.992 0.073 0.975 1.000 
0.027 0.992 0.045 0.983 0.966 
0.020 0.995 0.033 0.990 1.000 
0.029 0.994 0.029 0.990 1.000 
0.029 0.993 0.025 0.995 1.000 
0.023 0.991 0.050 0.985 1.000 
0.022 0.995 0.022 0.995 0.996 
0.023 0.995 0.053 0.978 0.989 
0.025 0.994 0.047 0.983 0.978 
0.025 0.994 0.027 0.995 0.996 
0.024 0.995 0.038 0.990 1.000 
0.020 0.993 0.033 0.990 0.985 
0.028 0.993 0.030 0.993 1.000 
0.025 0.992 0.029 0.995 1.000 
0.016 0.996 0.039 0.980 0.869 
0.019 0.996 0.028 0.993 1.000 
0.030 0.990 0.083 0.968 1.000 
0.021 0.994 0.042 0.980 1.000 
0.022 0.993 0.089 0.955 0.895 
0.023 0.995 0.024 0.995 0.225 
0.018 0.995 0.020 0.995 0.603 
0.033 0.990 0.024 0.995 0.079 
0.023 0.992 0.027 0.988 0.670 
0.015 0.996 0.018 0.990 0.899 
0.044 0.986 0.024 0.985 0.022 
0.014 0.996 0.020 0.990 0.948 
0.024 0.996 0.038 0.985 0.225 
0.028 0.992 0.019 0.995 0.225 
0.024 0.995 0.018 0.990 0.131 
0.034 0.993 0.028 0.995 0.899 
0.023 0.995 0.024 0.995 0.022 
0.024 0.991 0.054 0.975 0.371 
0.025 0.995 0.031 0.985 0.921 
0.027 0.994 0.045 0.978 0.022 
0.021 0.993 0.031 0.993 0.607 
0.023 0.993 0.011 1.000 1.000 
0.012 0.997 0.036 0.985 0.633 
0.030 0.992 0.031 0.985 0.944 
0.022 0.994 0.032 0.988 1.000 
0.022 0.993 0.039 0.980 0.978 
0.027 0.991 0.014 0.995 1.000 
0.034 0.993 0.056 0.975 0.787 
0.022 0.994 0.045 0.980 0.985 
0.019 0.994 0.073 0.973 0.199 
0.036 0.992 0.040 0.988 0.813 
0.020 0.996 0.047 0.980 0.981 
0.017 0.995 0.088 0.960 0.464 
0.017 0.995 0.014 1.000 0.049 
0.025 0.993 0.025 0.995 0.880 
0.021 0.995 0.026 0.995 0.131 
0.022 0.995 0.050 0.980 0.513 
0.017 0.996 0.073 0.965 0.723 
0.019 0.993 0.014 0.995 0.015 
0.015 0.995 0.027 0.995 0.966 
0.029 0.993 0.100 0.958 0.037 
0.023 0.995 0.047 0.985 0.438 
0.021 0.993 0.039 0.990 0.019 
0.018 0.995 0.032 0.990 0.079 
0.024 0.993 0.040 0.985 0.506 
0.018 0.995 0.041 0.985 0.936 
0.024 0.992 0.019 0.993 1.000 
0.019 0.995 0.069 0.973 0.936 
0.014 0.993 0.021 0.995 0.112 
0.027 0.993 0.009 0.998 0.004 
0.019 0.992 0.009 0.995 0.978 
0.025 0.993 0.037 0.983 0.940 
0.021 0.994 0.062 0.970 0.670 
0.025 0.994 0.018 0.995 0.303 
0.025 0.993 0.037 0.985 0.007 
0.029 0.991 0.028 0.990 0.996 
0.016 0.995 0.012 0.990 0.742 
0.015 0.994 0.019 0.990 0.030 
0.020 0.996 0.017 0.995 0.910 
0.022 0.992 0.028 0.990 0.082 
0.017 0.995 0.025 0.998 0.985 
0.022 0.993 0.017 0.995 0.015 
0.018 0.995 0.014 0.990 0.011 
0.023 0.992 0.060 0.975 0.049 
0.023 0.994 0.047 0.983 0.037 
0.023 0.994 0.030 0.990 0.116 
0.014 0.995 0.035 0.988 0.940 
0.017 0.995 0.019 0.990 0.015 
0.022 0.993 0.034 0.988 0.022 
0.019 0.996 0.018 0.995 0.449 
0.009 0.996 0.027 0.990 0.727 
0.018 0.997 0.032 0.990 0.075 
0.012 0.996 0.032 0.990 0.296 
0.025 0.991 0.036 0.985 0.536 
0.020 0.994 0.037 0.983 0.910 
0.019 0.993 0.021 0.995 0.243 
0.023 0.993 0.032 0.998 0.307 
0.026 0.992 0.055 0.980 0.019 
0.048 0.989 0.038 0.988 0.007 
0.019 0.996 0.021 0.990 0.154 
0.028 0.993 0.028 0.988 0.712 
0.017 0.995 0.017 0.990 0.431 
0.015 0.996 0.012 0.995 0.019 
0.023 0.995 0.053 0.988 0.000 
0.025 0.996 0.016 0.995 0.000 
0.032 0.993 0.035 0.983 0.120 
0.017 0.996 0.030 0.990 0.828 
0.023 0.993 0.038 0.983 0.030 
0.014 0.996 0.054 0.980 0.000 
0.018 0.994 0.015 0.995 0.820 
0.021 0.996 0.031 0.988 0.978 
0.022 0.994 0.028 0.990 0.921 
0.032 0.995 0.023 0.990 0.981 
0.039 0.992 0.017 0.995 1.000 
0.022 0.993 0.020 0.990 0.993 
0.022 0.991 0.022 0.988 1.000 
0.016 0.995 0.049 0.978 1.000 
0.022 0.994 0.006 1.000 0.790 
0.019 0.994 0.032 0.988 0.996 
0.011 0.998 0.015 0.995 0.989 
0.021 0.995 0.027 0.988 0.285 
0.027 0.991 0.031 0.988 0.974 
0.026 0.992 0.036 0.988 0.678 
0.021 0.994 0.015 0.995 1.000 
0.019 0.995 0.025 0.995 0.734 
0.023 0.996 0.016 0.995 0.745 
0.020 0.995 0.022 0.990 0.011 
0.015 0.996 0.004 1.000 0.146 
0.019 0.992 0.010 0.995 0.966 
0.023 0.993 0.017 0.995 0.993 
0.013 0.995 0.063 0.975 0.940 
0.037 0.993 0.035 0.990 0.993 
0.020 0.994 0.017 0.995 0.985 
0.033 0.993 0.023 0.995 0.318 
0.015 0.996 0.070 0.973 0.723 
0.016 0.995 0.016 0.995 0.109 
0.014 0.996 0.013 0.998 0.236 
0.022 0.996 0.022 0.990 0.963 
0.013 0.996 0.061 0.970 0.599 
0.023 0.992 0.009 0.995 0.996 
0.018 0.993 0.012 0.993 1.000 
0.016 0.993 0.027 0.985 0.464 
0.016 0.995 0.014 0.995 1.000 
0.021 0.995 0.055 0.975 0.000 
0.014 0.996 0.018 0.990 0.551 
0.023 0.995 0.044 0.990 0.000 
0.018 0.995 0.035 0.988 0.004 
0.024 0.995 0.061 0.985 0.940 
0.024 0.993 0.084 0.965 0.000 
0.018 0.995 0.050 0.978 0.030 
0.021 0.993 0.038 0.988 0.266 
0.019 0.996 0.033 0.988 0.011 
0.032 0.993 0.023 0.988 0.914 
0.026 0.993 0.023 0.995 0.281 
0.015 0.996 0.032 0.988 0.375 
0.023 0.993 0.040 0.985 0.007 
0.028 0.991 0.018 0.990 0.011 
0.026 0.994 0.044 0.980 0.015 
0.017 0.995 0.038 0.985 0.356 
0.018 0.995 0.078 0.968 0.524 
0.015 0.995 0.041 0.985 0.914 
0.019 0.993 0.024 0.988 0.191 
0.026 0.993 0.051 0.980 0.794 
0.020 0.992 0.009 0.995 0.378 
0.025 0.993 0.027 0.985 0.007 
0.018 0.996 0.017 0.990 0.007 
0.023 0.993 0.029 0.988 0.865 
0.015 0.995 0.015 0.995 0.951 
0.018 0.994 0.011 0.995 0.139 
0.023 0.992 0.079 0.965 0.944 
0.016 0.995 0.025 0.993 0.996 
0.023 0.995 0.036 0.985 0.075 
0.020 0.995 0.071 0.975 0.064 
0.021 0.993 0.025 0.995 0.019 
0.019 0.995 0.025 0.993 0.629 
0.024 0.994 0.024 0.993 0.820 
0.014 0.994 0.026 0.985 0.169 
0.036 0.992 0.023 0.993 0.558 
0.019 0.995 0.027 0.985 0.453 
0.015 0.995 0.022 0.993 0.000 
0.015 0.996 0.015 0.995 0.007 
0.024 0.993 0.034 0.988 0.086 
0.015 0.996 0.012 0.995 0.839 
0.017 0.996 0.020 0.995 0.966 
0.022 0.993 0.028 0.990 0.011 
0.021 0.995 0.041 0.988 0.026 
0.028 0.990 0.065 0.970 0.000 
0.021 0.993 0.016 0.993 0.004 
0.017 0.993 0.011 0.993 0.049 
0.018 0.996 0.028 0.988 0.101 
0.027 0.990 0.074 0.968 0.858 
0.018 0.996 0.029 0.988 0.801 
0.017 0.995 0.070 0.970 0.629 
0.039 0.992 0.046 0.980 0.850 
0.016 0.995 0.033 0.988 0.978 
0.012 0.998 0.043 0.980 0.509 
0.016 0.994 0.019 0.993 0.449 
0.013 0.996 0.047 0.978 0.431 
0.034 0.991 0.018 0.993 0.011 
0.023 0.995 0.048 0.978 0.700 
0.015 0.995 0.079 0.970 0.993 
0.016 0.996 0.021 0.993 0.011 
0.019 0.996 0.033 0.985 0.839 
0.017 0.996 0.034 0.985 0.034 
0.025 0.992 0.013 0.995 0.022 
0.021 0.995 0.038 0.985 0.184 
0.015 0.995 0.024 0.988 0.326 
0.019 0.994 0.035 0.988 0.082 
0.011 0.999 0.009 1.000 0.007 
0.010 0.998 0.004 1.000 0.007 
0.028 0.991 0.017 0.993 0.007 
0.012 0.996 0.007 0.998 0.712 
0.018 0.996 0.024 0.995 0.007 
0.025 0.993 0.118 0.958 0.356 
0.027 0.993 0.035 0.983 0.434 
0.019 0.994 0.031 0.990 0.584 
0.024 0.993 0.046 0.983 0.963 
0.017 0.994 0.022 0.995 0.981 
0.019 0.993 0.022 0.990 1.000 
0.017 0.994 0.033 0.983 1.000 
0.021 0.993 0.039 0.980 0.438 
0.020 0.995 0.033 0.988 0.067 
0.018 0.994 0.046 0.978 0.989 
0.027 0.992 0.017 0.990 0.270 
0.020 0.995 0.015 0.995 0.850 
0.016 0.996 0.032 0.988 0.697 
0.019 0.996 0.031 0.983 0.015 
0.024 0.994 0.037 0.985 0.963 
0.021 0.995 0.045 0.978 0.011 
0.020 0.994 0.031 0.988 0.221 
0.026 0.995 0.026 0.993 0.843 
0.042 0.990 0.019 0.995 1.000 
0.022 0.995 0.023 0.988 0.022 
0.009 0.995 0.037 0.988 0.446 
0.023 0.995 0.019 0.995 0.689 
0.015 0.994 0.021 0.990 0.075 
0.017 0.995 0.019 0.995 0.165 
0.020 0.993 0.019 0.990 0.648 
0.024 0.996 0.034 0.988 0.921 
0.020 0.995 0.031 0.988 0.805 
0.018 0.992 0.066 0.973 0.599 
0.020 0.995 0.056 0.980 0.101 
0.013 0.996 0.021 0.995 0.906 
0.012 0.996 0.023 0.995 0.989 
0.022 0.995 0.024 0.993 0.989 
0.023 0.994 0.071 0.965 0.004 
0.016 0.995 0.060 0.978 0.944 
0.015 0.995 0.036 0.988 0.251 
0.017 0.997 0.055 0.973 0.547 
0.022 0.992 0.071 0.965 0.865 
0.023 0.995 0.101 0.963 0.760 
0.019 0.995 0.040 0.988 0.007 
0.012 0.997 0.032 0.988 0.019 
0.020 0.993 0.024 0.993 0.352 
0.015 0.995 0.037 0.988 0.030 
0.014 0.996 0.010 0.995 0.030 
0.013 0.996 0.023 0.995 0.708 
0.016 0.993 0.051 0.978 0.607 
0.027 0.996 0.038 0.985 0.049 
0.022 0.993 0.015 0.990 0.011 
0.019 0.995 0.019 0.990 0.356 
0.022 0.992 0.025 0.988 0.067 
0.013 0.995 0.053 0.978 0.577 
0.017 0.995 0.029 0.988 0.026 
0.073 0.993 0.036 0.985 0.300 
0.024 0.993 0.035 0.988 0.019 
0.017 0.995 0.029 0.988 0.296 
0.024 0.993 0.015 0.995 0.034 
0.032 0.995 0.034 0.988 0.007 
0.012 0.996 0.022 0.990 0.045 
0.022 0.993 0.013 0.995 0.041 
0.017 0.996 0.018 0.995 0.112 
0.029 0.993 0.042 0.985 0.034 
0.019 0.995 0.028 0.988 0.019 
0.016 0.994 0.058 0.983 0.135 
0.013 0.995 0.031 0.985 0.213 
0.014 0.996 0.023 0.995 0.049 
0.018 0.995 0.016 0.995 0.060 
0.029 0.996 0.047 0.983 0.146 
0.028 0.995 0.059 0.978 0.000 
0.045 0.992 0.029 0.993 0.049 
0.033 0.993 0.074 0.968 0.124 
0.018 0.993 0.040 0.993 0.056 
0.020 0.996 0.099 0.950 0.712 
0.015 0.994 0.042 0.985 0.419 
0.011 0.996 0.038 0.985 0.843 
0.013 0.996 0.020 0.990 0.045 
0.033 0.995 0.029 0.993 0.026 
0.013 0.996 0.016 0.995 0.236 
0.016 0.995 0.030 0.990 0.004 
0.017 0.994 0.082 0.968 0.015 
0.011 0.996 0.058 0.978 0.034 
0.012 0.996 0.033 0.985 0.843 
0.017 0.995 0.027 0.993 1.000 
0.016 0.995 0.024 0.993 0.577 
0.017 0.994 0.039 0.990 0.993 
0.007 0.997 0.047 0.980 0.727 
0.013 0.995 0.036 0.985 0.049 
0.020 0.993 0.037 0.983 0.015 
0.015 0.996 0.023 0.990 0.034 
0.018 0.994 0.033 0.983 0.026 
0.011 0.997 0.028 0.988 0.150 
0.017 0.995 0.136 0.945 0.300 
0.017 0.996 0.047 0.983 0.431 
0.031 0.992 0.040 0.983 0.037 
0.012 0.998 0.045 0.983 0.124 
0.022 0.995 0.055 0.973 0.506 
0.017 0.996 0.024 0.990 0.187 
0.019 0.995 0.058 0.970 0.007 
0.015 0.995 0.093 0.963 0.022 
0.013 0.996 0.016 0.995 0.041 
0.020 0.993 0.020 0.993 0.037 
0.014 0.995 0.010 0.995 0.007 
0.025 0.993 0.039 0.983 0.007 
0.063 0.990 0.080 0.970 0.760 
0.031 0.991 0.056 0.975 0.652 
0.021 0.997 0.045 0.980 0.820 
0.020 0.990 0.072 0.973 0.899 
0.023 0.990 0.030 0.985 0.199 
0.015 0.995 0.024 0.993 0.978 
0.020 0.993 0.069 0.968 0.390 
0.019 0.996 0.018 0.995 0.629 
0.018 0.995 0.015 0.995 0.195 
0.010 0.997 0.025 0.993 0.352 
0.018 0.995 0.048 0.978 0.888 
0.012 0.995 0.056 0.973 0.251 
0.022 0.994 0.024 0.988 0.404 
0.014 0.998 0.026 0.993 0.187 
0.011 0.996 0.073 0.970 0.850 
0.019 0.996 0.048 0.980 0.858 
0.027 0.991 0.027 0.985 0.596 
0.012 0.996 0.028 0.993 0.232 
0.015 0.995 0.038 0.985 0.483 
0.026 0.993 0.035 0.985 0.996 
0.016 0.995 0.017 0.995 0.903 
0.027 0.992 0.027 0.993 1.000 
0.024 0.992 0.055 0.975 0.584 
0.015 0.996 0.033 0.985 0.936 
0.019 0.993 0.047 0.985 0.963 
0.014 0.993 0.062 0.978 1.000 
0.021 0.993 0.077 0.973 0.993 
0.012 0.994 0.014 0.995 1.000 
0.018 0.995 0.033 0.983 0.753 
0.026 0.993 0.040 0.983 1.000 
0.014 0.993 0.034 0.985 0.985 
0.042 0.995 0.041 0.983 1.000 
0.020 0.995 0.034 0.985 1.000 
0.023 0.991 0.052 0.978 0.742 
0.013 0.996 0.070 0.973 0.719 
0.006 0.999 0.045 0.983 0.127 
0.018 0.995 0.034 0.985 1.000 
0.014 0.994 0.038 0.985 1.000 
0.015 0.994 0.058 0.978 1.000 
0.011 0.996 0.040 0.985 1.000 
0.019 0.995 0.041 0.983 1.000 
0.022 0.993 0.066 0.975 1.000 
0.012 0.995 0.038 0.983 1.000 
0.015 0.995 0.069 0.973 1.000 
0.030 0.992 0.038 0.983 1.000 
0.015 0.995 0.016 0.990 1.000 
0.014 0.995 0.015 0.990 1.000 
0.075 0.993 0.026 0.988 1.000 
0.011 0.996 0.053 0.978 0.985 
0.018 0.998 0.033 0.988 1.000 
0.022 0.993 0.039 0.988 1.000 
0.020 0.995 0.043 0.980 0.981 
0.020 0.995 0.033 0.985 0.944 
0.019 0.992 0.059 0.975 0.888 
0.014 0.995 0.022 0.985 0.262 
0.022 0.994 0.021 0.995 0.779 
0.014 0.995 0.066 0.973 0.858 
0.019 0.994 0.032 0.990 0.554 
0.017 0.995 0.018 0.995 1.000 
0.021 0.995 0.028 0.993 1.000 
0.017 0.996 0.064 0.975 0.816 
0.016 0.996 0.028 0.988 0.142 
0.019 0.995 0.016 0.995 0.993 
0.026 0.992 0.016 0.990 0.981 
0.012 0.996 0.021 0.993 0.820 
0.018 0.995 0.010 0.995 0.775 
0.014 0.996 0.010 0.995 0.408 
0.029 0.992 0.013 0.995 0.989 
0.014 0.998 0.046 0.983 0.007 
0.028 0.995 0.020 0.993 0.060 
0.017 0.995 0.021 0.993 0.101 
0.015 0.995 0.016 0.995 0.019 
0.009 0.998 0.045 0.988 0.037 
0.021 0.993 0.018 0.993 0.213 
0.014 0.996 0.019 0.990 0.019 
0.012 0.996 0.023 0.990 0.007 
0.008 0.997 0.034 0.990 0.007 
0.021 0.992 0.063 0.978 0.655 
0.020 0.993 0.027 0.990 0.963 
0.021 0.994 0.032 0.985 0.019 
0.018 0.995 0.024 0.995 0.277 
0.011 0.998 0.021 0.995 0.037 
0.020 0.994 0.033 0.985 0.869 
0.009 0.998 0.045 0.985 0.794 
0.014 0.996 0.016 0.990 0.109 
0.016 0.995 0.012 0.995 0.989 
0.030 0.993 0.022 0.995 0.506 
0.021 0.996 0.008 0.998 0.011 
0.019 0.994 0.041 0.985 0.019 
0.022 0.992 0.044 0.980 0.007 
0.019 0.996 0.036 0.988 0.034 
0.009 0.997 0.036 0.985 0.011 
0.010 0.995 0.019 0.995 0.015 
0.018 0.995 0.055 0.975 0.004 
0.015 0.993 0.018 0.995 0.007 
0.016 0.994 0.014 0.995 0.015 
0.023 0.995 0.019 0.995 0.041 
0.010 0.997 0.066 0.985 0.030 
0.044 0.993 0.049 0.985 1.000 
0.011 0.996 0.013 0.995 0.742 
0.025 0.995 0.031 0.988 0.146 
0.015 0.995 0.013 0.995 0.037 
0.041 0.995 0.098 0.965 0.007 
0.030 0.993 0.015 0.995 0.037 
0.024 0.994 0.033 0.990 0.341 
0.012 0.995 0.018 0.995 0.019 
0.023 0.995 0.027 0.988 0.015 
0.020 0.995 0.009 0.995 0.015 
0.015 0.996 0.030 0.985 0.015 
0.015 0.995 0.016 0.995 0.079 
0.022 0.995 0.011 0.995 0.019 
0.016 0.996 0.026 0.988 0.015 
0.018 0.996 0.032 0.988 0.045 
0.016 0.994 0.039 0.985 0.015 
0.010 0.996 0.011 0.993 0.858 
0.019 0.995 0.024 0.993 0.019 
0.028 0.993 0.026 0.993 0.056 
0.013 0.996 0.032 0.993 0.079 
0.015 0.995 0.036 0.993 0.000 
0.009 0.997 0.029 0.988 0.015 
0.011 0.995 0.013 0.995 0.015 
0.006 0.998 0.011 0.995 0.019 
0.016 0.994 0.021 0.993 0.000 
0.010 0.998 0.040 0.985 0.026 
0.010 0.996 0.022 0.990 0.779 
0.017 0.995 0.046 0.983 0.022 
0.022 0.993 0.023 0.993 0.180 
0.011 0.996 0.036 0.988 0.371 
0.016 0.996 0.060 0.978 0.315 
0.013 0.996 0.026 0.993 0.022 
0.021 0.995 0.027 0.993 0.356 
0.018 0.995 0.013 0.995 0.996 
0.018 0.993 0.017 0.993 0.884 
0.011 0.998 0.033 0.993 0.094 
0.009 0.998 0.027 0.993 0.416 
0.015 0.996 0.047 0.975 0.993 
0.015 0.997 0.028 0.993 0.292 
0.018 0.994 0.039 0.985 0.948 
0.021 0.995 0.025 0.993 0.356 
0.020 0.996 0.074 0.973 0.996 
0.014 0.993 0.016 0.995 0.993 
0.014 0.994 0.057 0.980 0.169 
0.028 0.996 0.014 0.995 0.843 
0.014 0.996 0.020 0.993 0.423 
0.008 0.996 0.039 0.985 0.996 
0.026 0.993 0.025 0.993 0.895 
0.011 0.996 0.045 0.985 0.131 
0.024 0.993 0.032 0.985 0.026 
0.023 0.995 0.075 0.968 0.873 
0.014 0.996 0.012 0.995 0.090 
0.011 0.996 0.022 0.993 0.951 
0.016 0.996 0.056 0.983 0.172 
0.012 0.996 0.014 0.993 0.007 
0.014 0.996 0.008 0.998 0.000 
0.018 0.994 0.016 0.995 0.011 
0.014 0.995 0.040 0.985 0.007 
0.023 0.996 0.050 0.985 0.985 
0.019 0.993 0.021 0.993 1.000 
0.011 0.996 0.061 0.978 0.940 
0.023 0.995 0.104 0.965 0.835 
0.005 0.998 0.058 0.983 0.993 
0.010 0.998 0.020 0.993 0.633 
0.020 0.994 0.044 0.985 0.367 
0.013 0.996 0.059 0.975 0.861 
0.012 0.998 0.047 0.983 0.805 
0.014 0.995 0.021 0.990 1.000 
0.015 0.994 0.019 0.995 1.000 
0.012 0.996 0.020 0.990 0.918 
0.019 0.996 0.020 0.995 0.461 
0.015 0.997 0.015 0.995 0.524 
0.023 0.992 0.034 0.988 1.000 
0.038 0.993 0.027 0.993 1.000 
0.016 0.994 0.023 0.993 0.993 
0.020 0.993 0.035 0.988 1.000 
0.016 0.995 0.019 0.995 0.180 
0.014 0.996 0.046 0.985 1.000 
0.020 0.996 0.027 0.993 0.910 
0.022 0.992 0.072 0.975 0.884 
0.015 0.996 0.031 0.990 0.993 
0.014 0.995 0.019 0.995 0.951 
0.022 0.993 0.061 0.980 0.985 
0.014 0.996 0.014 0.995 0.951 
0.021 0.995 0.021 0.995 0.213 
0.037 0.993 0.025 0.993 0.996 
0.017 0.995 0.029 0.988 0.022 
0.014 0.996 0.054 0.980 0.393 
0.011 0.996 0.064 0.980 0.760 
0.030 0.992 0.080 0.978 0.843 
0.019 0.994 0.033 0.988 0.019 
0.012 0.996 0.022 0.993 0.094 
0.026 0.995 0.047 0.985 0.783 
0.017 0.993 0.020 0.995 0.019 
0.011 0.998 0.038 0.985 0.307 
0.012 0.996 0.025 0.993 0.060 
0.010 0.993 0.012 0.995 0.569 
0.018 0.993 0.011 0.995 0.007 
0.027 0.992 0.016 0.995 0.146 
0.029 0.995 0.017 0.995 0.015 
0.009 0.998 0.012 0.995 0.948 
0.018 0.995 0.041 0.985 0.996 
0.013 0.995 0.031 0.988 0.708 
0.016 0.997 0.010 0.995 0.067 
0.006 0.998 0.021 0.995 1.000 
0.009 0.997 0.049 0.985 0.910 
0.018 0.994 0.031 0.993 0.157 
0.018 0.992 0.033 0.985 0.989 
0.015 0.996 0.035 0.985 1.000 
0.013 0.995 0.021 0.998 1.000 
0.019 0.995 0.051 0.983 0.397 
0.011 0.997 0.058 0.990 0.037 
0.024 0.994 0.016 0.995 0.993 
0.011 0.995 0.022 0.995 0.472 
0.012 0.996 0.023 0.995 0.996 
0.015 0.994 0.022 0.995 0.524 
0.032 0.990 0.028 0.990 0.955 
0.010 0.997 0.033 0.988 0.041 
0.013 0.996 0.086 0.975 0.007 
0.019 0.996 0.014 0.995 1.000 
0.016 0.995 0.030 0.988 0.307 
0.017 0.995 0.038 0.985 0.993 
0.022 0.993 0.018 0.995 1.000 
0.015 0.995 0.022 0.990 0.873 
0.009 0.995 0.038 0.988 1.000 
0.033 0.994 0.022 0.988 0.993 
0.028 0.993 0.078 0.975 1.000 
0.019 0.993 0.045 0.985 0.993 
0.014 0.995 0.047 0.985 0.996 
0.012 0.997 0.022 0.993 1.000 
0.015 0.996 0.028 0.985 1.000 
0.015 0.997 0.049 0.983 1.000 
0.016 0.994 0.102 0.965 0.715 
0.015 0.996 0.070 0.978 0.985 
0.016 0.995 0.053 0.980 1.000 
0.006 0.998 0.012 0.995 0.996 
0.016 0.994 0.015 0.993 1.000 
0.021 0.993 0.014 0.995 1.000 
0.015 0.994 0.029 0.988 1.000 
0.031 0.993 0.152 0.950 0.993 
0.011 0.998 0.021 0.990 1.000 
0.019 0.995 0.018 0.988 0.985 
0.020 0.996 0.055 0.983 1.000 
0.016 0.995 0.029 0.990 1.000 
0.021 0.995 0.010 0.995 0.925 
0.016 0.996 0.037 0.985 0.749 
0.009 0.996 0.024 0.988 1.000 
0.017 0.995 0.095 0.968 0.989 
0.023 0.996 0.048 0.983 0.974 
0.007 0.999 0.027 0.993 1.000 
0.021 0.995 0.021 0.990 0.993 
0.017 0.993 0.035 0.985 0.929 
0.022 0.995 0.021 0.985 0.034 
0.017 0.996 0.018 0.993 1.000 
0.014 0.996 0.011 0.995 1.000 
0.013 0.995 0.025 0.988 1.000 
0.013 0.996 0.039 0.983 1.000 
0.014 0.995 0.015 0.993 1.000 
0.021 0.992 0.028 0.988 1.000 
0.021 0.996 0.102 0.960 1.000 
0.017 0.996 0.046 0.985 1.000 
0.015 0.996 0.074 0.975 1.000 
0.012 0.997 0.032 0.988 0.996 
0.017 0.995 0.061 0.983 0.749 
0.021 0.995 0.018 0.993 0.996 
0.033 0.998 0.117 0.958 0.993 
0.024 0.992 0.067 0.983 1.000 
0.020 0.996 0.030 0.990 1.000 
0.016 0.995 0.018 0.995 1.000 
0.009 0.998 0.019 0.995 1.000 
0.045 0.991 0.034 0.993 0.993 
0.013 0.996 0.021 0.995 1.000 
0.014 0.996 0.052 0.983 0.951 
0.026 0.995 0.028 0.993 0.996 
0.011 0.996 0.014 0.995 1.000 
0.015 0.997 0.029 0.993 1.000 
0.011 0.997 0.015 0.995 1.000 
0.019 0.995 0.049 0.985 0.996 
0.018 0.994 0.026 0.988 1.000 
0.011 0.996 0.028 0.990 1.000 
0.016 0.993 0.016 0.995 1.000 
0.011 0.998 0.018 0.993 1.000 
0.015 0.996 0.045 0.983 1.000 
0.019 0.996 0.032 0.993 1.000 
0.024 0.995 0.032 0.988 1.000 
0.015 0.996 0.027 0.993 1.000 
0.025 0.992 0.024 0.993 0.996 
0.012 0.996 0.016 0.995 1.000 
0.034 0.995 0.030 0.988 1.000 
0.010 0.996 0.103 0.963 1.000 
0.020 0.996 0.054 0.983 1.000 
0.029 0.992 0.080 0.980 0.989 
0.011 0.997 0.082 0.975 1.000 
0.022 0.995 0.038 0.988 1.000 
0.009 0.996 0.011 0.995 1.000 
0.011 0.997 0.112 0.963 0.993 
0.025 0.993 0.026 0.988 1.000 
0.012 0.997 0.011 0.995 0.985 
0.008 0.998 0.022 0.988 1.000 
0.007 0.997 0.028 0.993 0.985 
0.026 0.993 0.029 0.993 0.993 
0.020 0.993 0.013 0.995 1.000 
0.017 0.995 0.020 0.993 0.978 
0.016 0.996 0.037 0.988 0.989 
0.007 0.998 0.006 0.995 0.918 
0.056 0.992 0.030 0.988 0.865 
0.019 0.994 0.017 0.995 1.000 
0.019 0.995 0.018 0.995 1.000 
0.014 0.996 0.051 0.980 1.000 
0.012 0.995 0.101 0.963 1.000 
0.010 0.998 0.052 0.983 1.000 
0.012 0.996 0.016 0.995 1.000 
0.019 0.993 0.014 0.995 1.000 
0.011 0.996 0.012 0.995 1.000 
0.020 0.995 0.017 0.995 1.000 
0.020 0.996 0.029 0.988 1.000 
0.012 0.996 0.015 0.995 1.000 
0.030 0.995 0.011 0.995 1.000 
0.015 0.995 0.029 0.988 0.996 
0.015 0.998 0.021 0.990 1.000 
0.015 0.995 0.042 0.985 1.000 
0.008 0.997 0.019 0.995 1.000 
0.022 0.990 0.026 0.988 1.000 
0.025 0.993 0.027 0.988 0.996 
0.010 0.996 0.030 0.988 0.775 
0.019 0.995 0.020 0.993 0.674 
0.021 0.993 0.020 0.995 1.000 
0.017 0.994 0.020 0.993 1.000 
0.010 0.996 0.028 0.990 0.989 
0.028 0.995 0.030 0.993 0.996 
0.017 0.995 0.017 0.995 0.996 
0.009 0.997 0.022 0.993 0.996 
0.014 0.996 0.026 0.993 0.996 
0.020 0.995 0.026 0.993 0.996 
0.008 0.998 0.041 0.985 0.993 
0.023 0.995 0.045 0.985 0.996 
0.015 0.995 0.023 0.990 1.000 
0.016 0.995 0.019 0.993 1.000 
0.018 0.995 0.011 0.995 1.000 
0.015 0.995 0.053 0.975 0.921 
0.020 0.993 0.056 0.978 1.000 
0.033 0.992 0.030 0.988 1.000 
0.012 0.996 0.056 0.978 0.910 
0.013 0.995 0.020 0.995 0.993 
0.019 0.996 0.048 0.983 0.996 
0.009 0.998 0.025 0.995 1.000 
0.009 0.998 0.021 0.995 0.989 
0.011 0.996 0.068 0.980 0.026 
0.028 0.993 0.067 0.978 0.757 
0.023 0.994 0.024 0.993 0.011 
0.020 0.995 0.065 0.975 0.757 
0.014 0.996 0.017 0.995 0.974 
0.017 0.994 0.029 0.993 0.989 
0.008 0.998 0.012 0.995 0.472 
0.012 0.996 0.035 0.990 0.906 
0.014 0.996 0.082 0.970 0.004 
0.017 0.996 0.032 0.988 0.989 
0.013 0.997 0.030 0.985 0.588 
0.015 0.996 0.021 0.995 1.000 
0.017 0.994 0.023 0.993 0.105 
0.054 0.994 0.032 0.993 1.000 
0.012 0.997 0.042 0.988 0.996 
0.018 0.995 0.023 0.993 0.996 
0.015 0.996 0.054 0.983 0.996 
0.012 0.995 0.055 0.978 0.925 
0.015 0.994 0.019 0.993 0.981 
0.005 0.998 0.010 0.995 0.996 
0.022 0.993 0.042 0.985 0.996 
0.003 0.999 0.042 0.985 0.996 
0.033 0.992 0.055 0.980 1.000 
0.009 0.996 0.016 0.995 1.000 
0.010 0.997 0.014 0.995 0.966 
0.019 0.996 0.013 0.995 1.000 
0.016 0.996 0.019 0.990 1.000 
0.010 0.995 0.037 0.988 0.996 
0.020 0.995 0.017 0.995 0.996 
0.008 0.997 0.042 0.985 1.000 
0.017 0.996 0.017 0.995 0.996 
0.011 0.996 0.013 0.995 0.996 
0.022 0.993 0.024 0.995 1.000 
0.023 0.993 0.027 0.993 1.000 
0.009 0.996 0.032 0.993 0.996 
0.014 0.996 0.036 0.990 1.000 
0.025 0.996 0.049 0.983 1.000 
0.031 0.990 0.092 0.968 1.000 
0.013 0.996 0.014 0.995 1.000 
0.008 0.998 0.019 0.993 1.000 
0.007 0.997 0.029 0.988 1.000 
0.048 0.995 0.023 0.995 1.000 
0.017 0.996 0.085 0.968 1.000 
0.009 0.997 0.021 0.990 1.000 
0.013 0.996 0.064 0.978 1.000 
0.017 0.995 0.018 0.995 1.000 
0.017 0.993 0.013 0.995 0.903 
0.025 0.996 0.065 0.973 1.000 
0.010 0.996 0.010 0.995 1.000 
0.011 0.995 0.016 0.995 1.000 
0.017 0.995 0.022 0.990 1.000 
0.021 0.994 0.016 0.995 1.000 
0.011 0.996 0.017 0.995 1.000 
0.012 0.998 0.026 0.995 1.000 
0.014 0.996 0.018 0.995 1.000 
0.035 0.995 0.056 0.978 1.000 
0.027 0.993 0.107 0.968 1.000 
0.005 0.999 0.017 0.995 1.000 
0.018 0.996 0.032 0.993 1.000 
0.020 0.995 0.036 0.985 1.000 
0.009 0.996 0.069 0.975 1.000 
0.016 0.994 0.032 0.993 1.000 
0.010 0.998 0.030 0.993 1.000 
0.013 0.996 0.048 0.980 1.000 
0.016 0.996 0.032 0.988 1.000 
0.018 0.996 0.081 0.968 1.000 
0.018 0.995 0.025 0.990 1.000 
0.015 0.994 0.024 0.995 1.000 
0.003 0.999 0.010 0.995 1.000 
0.011 0.996 0.005 0.998 1.000 
0.026 0.993 0.031 0.985 1.000 
0.010 0.997 0.031 0.993 1.000 
0.008 0.996 0.030 0.993 1.000 
0.016 0.995 0.060 0.975 1.000 
0.017 0.995 0.120 0.955 1.000 
0.025 0.995 0.049 0.975 0.996 
0.024 0.993 0.023 0.990 1.000 
0.024 0.993 0.024 0.990 1.000 
0.005 0.998 0.050 0.983 1.000 
0.019 0.993 0.018 0.990 1.000 
0.019 0.995 0.043 0.980 1.000 
0.011 0.996 0.025 0.988 1.000 
0.016 0.996 0.008 0.995 1.000 
0.018 0.995 0.020 0.993 1.000 
0.016 0.996 0.048 0.980 1.000 
0.013 0.995 0.034 0.985 1.000 
0.015 0.996 0.040 0.983 1.000 
0.014 0.995 0.006 0.998 1.000 
0.015 0.997 0.009 0.995 1.000 
0.009 0.998 0.089 0.960 0.996 
0.014 0.995 0.016 0.993 1.000 
0.013 0.998 0.048 0.980 0.914 
0.009 0.998 0.015 0.995 1.000 
0.026 0.996 0.044 0.980 1.000 
0.011 0.997 0.029 0.985 1.000 
0.020 0.992 0.021 0.993 1.000 
0.011 0.998 0.022 0.988 1.000 
0.012 0.996 0.024 0.995 1.000 
0.015 0.996 0.023 0.990 1.000 
0.013 0.996 0.042 0.983 1.000 
0.010 0.998 0.072 0.973 1.000 
0.018 0.995 0.043 0.980 1.000 
0.018 0.996 0.054 0.978 1.000 
0.013 0.994 0.009 0.995 1.000 
0.020 0.996 0.018 0.995 1.000 
0.006 0.998 0.035 0.988 0.764 
0.014 0.995 0.031 0.985 1.000 
0.007 0.998 0.021 0.988 1.000 
0.023 0.994 0.010 0.995 1.000 
0.017 0.998 0.011 0.995 1.000 
0.014 0.995 0.127 0.950 1.000 
0.009 0.997 0.018 0.995 1.000 
0.014 0.995 0.050 0.985 1.000 
0.015 0.996 0.013 0.995 1.000 
0.017 0.994 0.203 0.930 1.000 
0.008 0.996 0.016 0.995 1.000 
0.052 0.995 0.012 0.995 1.000 
0.013 0.995 0.027 0.990 1.000 
0.008 0.998 0.020 0.995 1.000 
0.010 0.996 0.021 0.995 1.000 
0.015 0.996 0.024 0.988 1.000 
0.013 0.997 0.048 0.983 1.000 
