0.343 0.859 0.246 0.907 0.704 
0.212 0.915 0.125 0.975 0.984 
0.169 0.942 0.101 0.973 0.994 
0.171 0.940 0.156 0.935 0.891 
0.143 0.949 0.136 0.948 0.984 
0.129 0.951 0.097 0.973 0.997 
0.124 0.959 0.226 0.920 0.797 
0.115 0.961 0.095 0.975 1.000 
0.094 0.972 0.097 0.973 0.945 
0.100 0.962 0.128 0.950 0.984 
0.106 0.960 0.089 0.980 1.000 
0.090 0.968 0.108 0.968 0.987 
0.091 0.970 0.101 0.965 0.994 
0.082 0.974 0.106 0.963 0.994 
0.084 0.974 0.093 0.980 1.000 
0.077 0.979 0.093 0.975 1.000 
0.085 0.971 0.085 0.983 0.974 
0.073 0.981 0.095 0.980 0.987 
0.081 0.971 0.115 0.945 1.000 
0.092 0.970 0.093 0.973 0.997 
0.067 0.981 0.084 0.980 1.000 
0.065 0.979 0.134 0.935 0.994 
0.073 0.977 0.076 0.978 0.997 
0.073 0.976 0.091 0.980 1.000 
0.065 0.982 0.082 0.983 0.997 
0.056 0.985 0.136 0.943 0.929 
0.055 0.982 0.082 0.983 1.000 
0.063 0.978 0.083 0.980 1.000 
0.060 0.978 0.081 0.980 0.762 
0.075 0.976 0.107 0.978 0.887 
0.060 0.984 0.082 0.980 1.000 
0.069 0.980 0.088 0.973 0.984 
0.057 0.985 0.079 0.983 0.990 
0.068 0.979 0.100 0.968 1.000 
0.060 0.984 0.079 0.975 0.997 
0.068 0.982 0.085 0.983 0.984 
0.072 0.979 0.098 0.970 1.000 
0.055 0.980 0.083 0.978 1.000 
0.064 0.978 0.073 0.985 0.994 
0.051 0.984 0.074 0.983 0.881 
0.051 0.982 0.072 0.978 0.997 
0.041 0.990 0.068 0.978 0.990 
0.057 0.983 0.077 0.980 0.884 
0.039 0.990 0.079 0.980 1.000 
0.056 0.983 0.073 0.980 0.990 
0.056 0.982 0.077 0.983 0.949 
0.045 0.986 0.077 0.983 1.000 
0.039 0.990 0.138 0.948 0.987 
0.041 0.988 0.078 0.983 0.997 
0.054 0.986 0.069 0.983 0.920 
0.039 0.986 0.110 0.965 0.997 
0.051 0.986 0.098 0.980 1.000 
0.055 0.988 0.088 0.975 1.000 
0.043 0.991 0.086 0.983 1.000 
0.050 0.988 0.094 0.973 0.997 
0.062 0.983 0.079 0.983 1.000 
0.046 0.988 0.090 0.975 1.000 
0.050 0.985 0.099 0.968 1.000 
0.045 0.988 0.064 0.980 1.000 
0.046 0.984 0.066 0.980 1.000 
0.041 0.989 0.079 0.983 0.965 
0.041 0.985 0.058 0.985 0.932 
0.042 0.989 0.071 0.985 1.000 
0.042 0.986 0.067 0.980 1.000 
0.039 0.988 0.072 0.983 1.000 
0.036 0.989 0.111 0.963 0.994 
0.039 0.990 0.063 0.983 0.669 
0.039 0.990 0.060 0.983 1.000 
0.051 0.988 0.079 0.983 0.997 
0.031 0.990 0.069 0.980 1.000 
0.057 0.986 0.076 0.983 0.457 
0.047 0.988 0.077 0.983 0.871 
0.036 0.990 0.065 0.978 0.997 
0.049 0.984 0.074 0.983 1.000 
0.028 0.991 0.094 0.983 1.000 
0.038 0.990 0.079 0.980 1.000 
0.035 0.989 0.069 0.980 0.997 
0.030 0.992 0.085 0.978 1.000 
0.062 0.986 0.077 0.983 0.965 
0.038 0.989 0.092 0.970 0.994 
0.043 0.985 0.089 0.983 0.994 
0.030 0.992 0.094 0.980 0.836 
0.032 0.991 0.061 0.983 0.997 
0.030 0.993 0.091 0.975 0.984 
0.036 0.991 0.061 0.983 0.987 
0.038 0.988 0.059 0.983 0.997 
0.045 0.988 0.090 0.975 0.990 
0.041 0.987 0.067 0.983 0.994 
0.030 0.990 0.068 0.983 0.994 
0.033 0.989 0.133 0.955 0.997 
0.038 0.986 0.080 0.983 0.994 
0.034 0.989 0.069 0.983 1.000 
0.033 0.990 0.067 0.980 1.000 
0.024 0.995 0.081 0.980 0.990 
0.035 0.990 0.061 0.983 1.000 
0.050 0.989 0.080 0.973 0.990 
0.036 0.991 0.054 0.988 1.000 
0.039 0.988 0.062 0.985 1.000 
0.046 0.984 0.076 0.980 1.000 
0.031 0.992 0.067 0.983 1.000 
0.030 0.992 0.069 0.980 1.000 
0.033 0.992 0.091 0.978 1.000 
0.021 0.991 0.104 0.983 0.961 
0.035 0.991 0.070 0.983 0.997 
0.031 0.991 0.071 0.983 0.932 
0.044 0.990 0.062 0.983 0.997 
0.041 0.988 0.063 0.983 1.000 
0.032 0.989 0.057 0.985 1.000 
0.040 0.984 0.070 0.983 0.997 
0.032 0.990 0.059 0.983 1.000 
0.031 0.991 0.086 0.980 1.000 
0.030 0.992 0.063 0.983 1.000 
0.035 0.992 0.072 0.983 0.994 
0.039 0.986 0.059 0.985 1.000 
0.025 0.994 0.104 0.973 0.997 
0.028 0.992 0.084 0.983 1.000 
0.037 0.991 0.067 0.983 0.997 
0.038 0.989 0.061 0.983 0.997 
0.029 0.991 0.087 0.973 0.997 
0.038 0.989 0.056 0.983 1.000 
0.038 0.988 0.083 0.983 0.997 
0.028 0.990 0.069 0.983 0.736 
0.028 0.993 0.132 0.953 0.894 
0.028 0.991 0.076 0.983 0.286 
0.023 0.992 0.073 0.980 0.955 
0.027 0.991 0.067 0.983 1.000 
0.033 0.994 0.061 0.985 1.000 
0.044 0.990 0.061 0.985 0.971 
0.049 0.988 0.077 0.983 0.383 
0.022 0.995 0.079 0.980 1.000 
0.039 0.988 0.063 0.983 0.669 
0.037 0.989 0.078 0.983 1.000 
0.040 0.990 0.072 0.983 1.000 
0.026 0.993 0.076 0.983 1.000 
0.027 0.992 0.085 0.983 0.781 
0.029 0.991 0.080 0.975 1.000 
0.028 0.992 0.108 0.970 1.000 
0.027 0.993 0.070 0.983 0.971 
0.026 0.994 0.053 0.983 0.666 
0.033 0.990 0.064 0.983 0.971 
0.024 0.993 0.063 0.983 0.997 
0.024 0.991 0.076 0.975 0.994 
0.030 0.991 0.068 0.983 1.000 
0.037 0.990 0.068 0.983 0.987 
0.034 0.991 0.057 0.983 1.000 
0.026 0.994 0.071 0.985 0.997 
0.031 0.993 0.057 0.983 1.000 
0.025 0.992 0.091 0.978 1.000 
0.020 0.993 0.072 0.983 0.910 
0.032 0.991 0.071 0.978 0.997 
0.033 0.992 0.060 0.983 1.000 
0.025 0.994 0.071 0.983 0.997 
0.025 0.992 0.066 0.983 0.907 
0.031 0.993 0.070 0.983 1.000 
0.031 0.991 0.065 0.983 1.000 
0.030 0.990 0.072 0.983 1.000 
0.022 0.995 0.146 0.953 1.000 
0.025 0.992 0.108 0.965 0.939 
0.025 0.992 0.126 0.963 0.977 
0.021 0.991 0.069 0.983 0.994 
0.025 0.995 0.082 0.983 0.997 
0.020 0.995 0.081 0.980 1.000 
0.036 0.991 0.064 0.983 0.904 
0.036 0.989 0.065 0.983 0.997 
0.025 0.991 0.077 0.980 1.000 
0.031 0.990 0.063 0.983 0.920 
0.025 0.992 0.063 0.980 1.000 
0.026 0.992 0.080 0.983 1.000 
0.021 0.992 0.073 0.983 1.000 
0.034 0.992 0.063 0.983 1.000 
0.026 0.993 0.056 0.983 1.000 
0.028 0.992 0.069 0.983 1.000 
0.031 0.991 0.075 0.983 1.000 
0.020 0.996 0.064 0.983 0.977 
0.029 0.990 0.067 0.983 1.000 
0.013 0.997 0.087 0.983 0.994 
0.022 0.992 0.071 0.980 1.000 
0.025 0.993 0.065 0.980 1.000 
0.041 0.990 0.066 0.983 1.000 
0.021 0.994 0.063 0.985 1.000 
0.027 0.991 0.065 0.985 1.000 
0.023 0.991 0.062 0.990 1.000 
0.020 0.995 0.073 0.983 1.000 
0.030 0.990 0.108 0.970 1.000 
0.025 0.993 0.073 0.983 1.000 
0.034 0.991 0.065 0.983 1.000 
0.024 0.991 0.066 0.985 1.000 
0.023 0.993 0.063 0.983 1.000 
0.024 0.994 0.063 0.985 1.000 
0.029 0.990 0.073 0.983 1.000 
0.031 0.992 0.091 0.973 1.000 
0.025 0.994 0.069 0.983 0.990 
0.023 0.992 0.078 0.980 1.000 
0.027 0.992 0.074 0.980 1.000 
0.025 0.993 0.060 0.985 1.000 
0.034 0.991 0.080 0.980 0.511 
0.036 0.988 0.133 0.965 1.000 
0.026 0.992 0.081 0.983 0.949 
0.018 0.993 0.081 0.983 1.000 
0.012 0.997 0.099 0.983 1.000 
0.019 0.995 0.071 0.980 1.000 
0.025 0.992 0.064 0.988 1.000 
0.026 0.993 0.059 0.983 1.000 
0.026 0.991 0.082 0.990 1.000 
0.027 0.990 0.064 0.985 1.000 
0.018 0.996 0.078 0.983 1.000 
0.037 0.992 0.087 0.975 0.733 
0.023 0.993 0.080 0.980 0.923 
0.025 0.995 0.186 0.980 0.887 
0.022 0.995 0.081 0.978 0.945 
0.034 0.990 0.069 0.983 0.855 
0.026 0.992 0.069 0.983 1.000 
0.016 0.995 0.063 0.985 1.000 
0.022 0.993 0.075 0.978 1.000 
0.021 0.995 0.078 0.983 1.000 
0.023 0.993 0.069 0.983 1.000 
0.032 0.991 0.062 0.983 0.990 
0.018 0.995 0.063 0.983 1.000 
0.030 0.994 0.068 0.983 0.968 
0.020 0.992 0.074 0.983 0.994 
0.026 0.992 0.060 0.985 1.000 
0.026 0.992 0.076 0.983 1.000 
0.030 0.993 0.080 0.983 1.000 
0.034 0.993 0.077 0.980 0.997 
0.019 0.996 0.059 0.980 1.000 
0.024 0.992 0.065 0.983 0.997 
0.022 0.992 0.086 0.975 0.855 
0.027 0.992 0.087 0.983 1.000 
0.024 0.995 0.074 0.980 1.000 
0.026 0.995 0.084 0.983 1.000 
0.021 0.995 0.074 0.985 1.000 
0.017 0.996 0.078 0.983 1.000 
0.019 0.996 0.070 0.983 1.000 
0.019 0.993 0.073 0.985 1.000 
0.030 0.993 0.075 0.980 0.994 
0.028 0.991 0.065 0.985 0.949 
0.025 0.992 0.100 0.970 0.678 
0.018 0.995 0.067 0.983 1.000 
0.027 0.991 0.184 0.983 0.814 
0.031 0.991 0.073 0.983 1.000 
0.028 0.991 0.081 0.985 1.000 
0.014 0.996 0.098 0.983 0.990 
0.022 0.991 0.090 0.983 1.000 
0.020 0.995 0.158 0.983 1.000 
0.022 0.993 0.106 0.983 1.000 
0.017 0.996 0.115 0.983 1.000 
0.041 0.990 0.108 0.973 1.000 
0.023 0.994 0.100 0.978 1.000 
0.025 0.993 0.082 0.980 0.974 
0.014 0.996 0.073 0.983 1.000 
0.029 0.991 0.055 0.983 1.000 
0.012 0.996 0.087 0.985 1.000 
0.027 0.993 0.092 0.983 1.000 
0.018 0.993 0.157 0.960 0.977 
0.024 0.993 0.078 0.983 0.749 
0.019 0.994 0.077 0.983 1.000 
0.021 0.994 0.068 0.983 1.000 
0.017 0.995 0.066 0.985 1.000 
0.015 0.997 0.099 0.978 1.000 
0.022 0.994 0.075 0.983 1.000 
0.022 0.995 0.097 0.975 1.000 
0.031 0.995 0.089 0.978 1.000 
0.020 0.995 0.095 0.983 1.000 
0.023 0.993 0.070 0.985 1.000 
0.018 0.995 0.072 0.988 1.000 
0.017 0.995 0.140 0.983 1.000 
0.022 0.993 0.086 0.983 0.997 
0.023 0.993 0.119 0.983 0.997 
0.020 0.994 0.072 0.983 1.000 
0.024 0.993 0.072 0.985 1.000 
0.013 0.996 0.190 0.968 0.987 
0.038 0.992 0.059 0.980 1.000 
0.025 0.991 0.060 0.983 1.000 
0.019 0.995 0.055 0.988 1.000 
0.018 0.994 0.084 0.983 1.000 
0.021 0.994 0.060 0.983 1.000 
0.018 0.996 0.056 0.983 1.000 
0.027 0.990 0.071 0.983 1.000 
0.024 0.993 0.070 0.983 1.000 
0.018 0.994 0.072 0.980 0.833 
0.018 0.994 0.071 0.983 1.000 
0.018 0.995 0.077 0.983 0.958 
0.016 0.996 0.094 0.983 1.000 
0.030 0.993 0.059 0.983 1.000 
0.023 0.992 0.070 0.985 0.974 
0.026 0.995 0.141 0.975 0.984 
0.035 0.991 0.061 0.985 1.000 
0.019 0.997 0.077 0.983 0.994 
0.014 0.996 0.088 0.983 1.000 
0.031 0.992 0.101 0.983 0.997 
0.015 0.996 0.075 0.983 0.997 
0.024 0.992 0.083 0.983 0.958 
0.024 0.993 0.069 0.983 1.000 
0.041 0.997 0.154 0.978 0.990 
0.036 0.993 0.091 0.983 0.997 
0.023 0.995 0.073 0.980 0.997 
0.022 0.995 0.084 0.983 1.000 
0.018 0.995 0.100 0.980 1.000 
0.016 0.996 0.091 0.983 1.000 
0.022 0.994 0.090 0.983 0.961 
0.019 0.996 0.077 0.980 1.000 
0.021 0.993 0.070 0.980 0.997 
0.022 0.993 0.095 0.983 0.961 
0.021 0.996 0.103 0.983 0.994 
0.034 0.993 0.070 0.983 0.997 
0.028 0.993 0.071 0.983 1.000 
0.019 0.992 0.129 0.973 1.000 
0.018 0.996 0.065 0.983 1.000 
0.016 0.997 0.075 0.983 1.000 
0.013 0.997 0.062 0.985 1.000 
0.032 0.993 0.062 0.985 1.000 
0.019 0.995 0.067 0.985 1.000 
0.017 0.996 0.072 0.983 1.000 
0.024 0.993 0.055 0.988 1.000 
0.022 0.992 0.113 0.968 0.997 
0.033 0.993 0.061 0.983 1.000 
0.023 0.993 0.090 0.980 0.997 
0.018 0.996 0.195 0.980 0.752 
0.042 0.992 0.068 0.983 0.994 
0.017 0.995 0.071 0.983 1.000 
0.025 0.996 0.065 0.983 1.000 
0.018 0.996 0.065 0.988 1.000 
0.026 0.993 0.086 0.980 1.000 
0.019 0.996 0.079 0.980 0.945 
0.016 0.995 0.071 0.978 1.000 
0.023 0.994 0.061 0.983 0.997 
0.030 0.991 0.099 0.963 1.000 
0.018 0.993 0.059 0.983 1.000 
0.023 0.992 0.083 0.983 0.984 
0.031 0.992 0.083 0.980 0.994 
0.029 0.991 0.081 0.983 0.997 
0.015 0.995 0.082 0.983 1.000 
0.021 0.994 0.065 0.985 0.955 
0.012 0.996 0.093 0.983 0.949 
0.015 0.994 0.091 0.980 0.720 
0.026 0.992 0.073 0.980 1.000 
0.019 0.991 0.094 0.985 0.997 
0.020 0.993 0.066 0.983 1.000 
0.016 0.993 0.110 0.983 0.514 
0.013 0.995 0.082 0.980 1.000 
0.034 0.993 0.048 0.988 1.000 
0.028 0.993 0.080 0.983 0.997 
0.012 0.998 0.114 0.983 0.997 
0.027 0.991 0.076 0.983 1.000 
0.020 0.993 0.079 0.988 1.000 
0.040 0.992 0.077 0.988 1.000 
0.012 0.998 0.115 0.975 0.997 
0.013 0.996 0.130 0.983 1.000 
0.026 0.993 0.085 0.983 1.000 
0.019 0.996 0.102 0.973 1.000 
0.020 0.994 0.084 0.983 0.997 
0.011 0.996 0.101 0.983 0.875 
0.020 0.996 0.101 0.983 0.990 
0.020 0.994 0.094 0.983 1.000 
0.023 0.995 0.094 0.975 0.997 
0.020 0.991 0.080 0.980 0.990 
0.018 0.994 0.072 0.983 0.994 
0.012 0.997 0.062 0.990 0.839 
0.025 0.993 0.079 0.983 0.997 
0.028 0.994 0.071 0.983 0.977 
0.029 0.992 0.065 0.983 1.000 
0.018 0.995 0.070 0.983 0.994 
0.014 0.994 0.129 0.980 0.987 
0.022 0.995 0.072 0.983 0.997 
0.022 0.992 0.068 0.985 0.994 
0.019 0.995 0.074 0.985 1.000 
0.020 0.996 0.112 0.983 0.994 
0.015 0.996 0.113 0.983 1.000 
0.021 0.996 0.071 0.985 1.000 
0.015 0.996 0.115 0.983 0.605 
0.019 0.995 0.125 0.983 0.997 
0.015 0.996 0.128 0.983 0.997 
0.018 0.993 0.098 0.983 0.977 
0.025 0.996 0.074 0.983 0.961 
0.018 0.995 0.054 0.988 1.000 
0.019 0.993 0.074 0.980 1.000 
0.027 0.993 0.055 0.988 1.000 
0.018 0.995 0.084 0.983 1.000 
0.025 0.992 0.062 0.990 1.000 
0.029 0.992 0.069 0.983 1.000 
0.014 0.997 0.070 0.983 1.000 
0.020 0.995 0.087 0.983 1.000 
0.022 0.993 0.075 0.985 0.990 
0.027 0.994 0.090 0.983 1.000 
0.025 0.993 0.057 0.985 1.000 
0.016 0.996 0.097 0.980 0.926 
0.015 0.994 0.084 0.985 1.000 
0.014 0.996 0.094 0.983 0.997 
0.017 0.996 0.071 0.985 1.000 
0.023 0.992 0.099 0.983 1.000 
0.019 0.993 0.100 0.983 1.000 
0.028 0.992 0.212 0.968 0.987 
0.020 0.992 0.162 0.983 0.990 
0.020 0.996 0.103 0.980 0.997 
0.015 0.996 0.086 0.983 1.000 
0.014 0.995 0.073 0.980 1.000 
0.022 0.994 0.068 0.980 0.997 
0.027 0.996 0.064 0.983 0.997 
0.018 0.996 0.085 0.973 0.997 
0.023 0.993 0.080 0.983 1.000 
0.020 0.994 0.083 0.985 1.000 
0.012 0.996 0.083 0.983 1.000 
0.008 0.997 0.097 0.975 1.000 
0.016 0.996 0.075 0.983 1.000 
0.014 0.997 0.056 0.988 1.000 
0.027 0.990 0.067 0.983 0.997 
0.024 0.992 0.078 0.980 1.000 
0.026 0.992 0.073 0.980 0.997 
0.039 0.991 0.142 0.965 1.000 
0.046 0.992 0.106 0.970 0.997 
0.020 0.996 0.057 0.985 1.000 
0.020 0.994 0.057 0.983 1.000 
0.014 0.996 0.057 0.983 1.000 
0.009 0.998 0.117 0.968 1.000 
0.017 0.997 0.115 0.983 0.997 
0.017 0.995 0.106 0.980 0.942 
0.013 0.998 0.138 0.983 1.000 
0.018 0.995 0.093 0.980 0.965 
0.009 0.998 0.126 0.980 1.000 
0.037 0.994 0.123 0.973 0.994 
0.016 0.996 0.112 0.980 1.000 
0.019 0.993 0.151 0.950 0.997 
0.023 0.995 0.099 0.968 1.000 
0.012 0.996 0.060 0.985 1.000 
0.023 0.993 0.083 0.975 0.997 
0.018 0.996 0.065 0.983 1.000 
0.024 0.994 0.094 0.983 1.000 
0.010 0.997 0.081 0.980 1.000 
0.031 0.991 0.081 0.985 1.000 
0.027 0.992 0.098 0.980 1.000 
0.015 0.995 0.097 0.980 1.000 
0.015 0.996 0.146 0.980 1.000 
0.016 0.996 0.156 0.983 1.000 
0.015 0.997 0.095 0.983 1.000 
0.020 0.993 0.120 0.983 1.000 
0.017 0.996 0.207 0.970 1.000 
0.022 0.996 0.138 0.980 1.000 
0.032 0.991 0.130 0.975 1.000 
0.008 0.998 0.098 0.973 1.000 
0.013 0.996 0.147 0.983 1.000 
0.010 0.996 0.119 0.983 1.000 
0.015 0.996 0.168 0.955 1.000 
0.019 0.995 0.126 0.983 1.000 
0.013 0.997 0.144 0.983 1.000 
0.014 0.996 0.102 0.983 1.000 
0.017 0.993 0.158 0.980 1.000 
0.014 0.997 0.212 0.980 1.000 
0.012 0.997 0.183 0.983 1.000 
0.028 0.995 0.154 0.968 1.000 
0.026 0.992 0.189 0.955 0.997 
0.013 0.995 0.154 0.983 1.000 
0.015 0.996 0.197 0.983 1.000 
0.021 0.995 0.290 0.975 1.000 
0.028 0.993 0.131 0.980 1.000 
0.017 0.997 0.101 0.983 1.000 
0.017 0.994 0.144 0.983 1.000 
0.017 0.994 0.151 0.978 1.000 
0.009 0.996 0.175 0.978 0.997 
0.017 0.995 0.134 0.983 1.000 
0.022 0.996 0.102 0.980 1.000 
0.029 0.993 0.115 0.980 1.000 
0.024 0.992 0.095 0.980 1.000 
0.017 0.996 0.093 0.978 1.000 
0.010 0.997 0.094 0.983 1.000 
0.022 0.992 0.140 0.983 1.000 
0.016 0.996 0.129 0.980 0.961 
0.020 0.995 0.085 0.983 1.000 
0.016 0.993 0.158 0.983 1.000 
0.020 0.993 0.125 0.980 1.000 
0.012 0.995 0.092 0.980 0.997 
0.024 0.993 0.079 0.975 0.997 
0.019 0.994 0.070 0.980 1.000 
0.037 0.990 0.074 0.990 1.000 
0.017 0.995 0.077 0.985 1.000 
0.029 0.993 0.199 0.978 1.000 
0.011 0.997 0.148 0.968 0.997 
0.017 0.997 0.092 0.983 1.000 
0.013 0.996 0.087 0.983 1.000 
0.025 0.991 0.108 0.978 1.000 
0.018 0.997 0.046 0.988 1.000 
0.016 0.995 0.063 0.983 1.000 
0.012 0.997 0.106 0.980 1.000 
0.016 0.995 0.078 0.980 1.000 
0.013 0.996 0.064 0.983 1.000 
0.026 0.993 0.142 0.960 0.997 
0.017 0.993 0.098 0.983 1.000 
0.014 0.995 0.179 0.963 1.000 
0.013 0.997 0.063 0.990 1.000 
0.017 0.995 0.147 0.970 1.000 
0.011 0.996 0.110 0.975 1.000 
0.023 0.995 0.102 0.970 1.000 
0.012 0.998 0.102 0.980 1.000 
0.023 0.995 0.078 0.983 0.997 
0.012 0.998 0.111 0.970 0.990 
0.019 0.994 0.126 0.978 1.000 
0.010 0.998 0.108 0.983 1.000 
0.026 0.996 0.076 0.983 1.000 
0.030 0.990 0.086 0.980 0.997 
0.018 0.996 0.103 0.983 1.000 
0.020 0.996 0.080 0.978 0.997 
0.012 0.995 0.076 0.983 1.000 
0.014 0.996 0.123 0.973 0.994 
0.019 0.994 0.052 0.988 1.000 
0.015 0.997 0.083 0.980 0.990 
0.020 0.993 0.113 0.970 0.997 
0.019 0.995 0.133 0.968 1.000 
0.019 0.995 0.086 0.980 1.000 
0.018 0.996 0.094 0.985 1.000 
0.018 0.994 0.077 0.980 0.997 
0.014 0.995 0.082 0.983 1.000 
0.007 0.998 0.115 0.985 1.000 
0.026 0.995 0.122 0.963 1.000 
0.010 0.997 0.120 0.980 1.000 
0.020 0.996 0.082 0.983 1.000 
0.029 0.994 0.104 0.980 1.000 
0.040 0.994 0.146 0.980 1.000 
0.019 0.996 0.133 0.983 1.000 
0.011 0.996 0.144 0.983 1.000 
0.036 0.993 0.062 0.978 1.000 
0.018 0.995 0.257 0.980 1.000 
0.026 0.992 0.066 0.980 1.000 
0.015 0.995 0.095 0.980 1.000 
0.018 0.995 0.066 0.980 1.000 
0.015 0.997 0.113 0.983 1.000 
0.016 0.995 0.168 0.983 0.997 
0.016 0.995 0.129 0.983 1.000 
0.016 0.994 0.115 0.983 1.000 
0.023 0.997 0.124 0.983 1.000 
0.019 0.995 0.141 0.973 0.994 
0.012 0.996 0.143 0.973 1.000 
0.013 0.997 0.086 0.985 1.000 
0.025 0.996 0.112 0.988 1.000 
0.015 0.997 0.092 0.975 1.000 
0.020 0.994 0.152 0.965 0.958 
0.014 0.994 0.109 0.978 1.000 
0.009 0.997 0.116 0.975 1.000 
0.009 0.997 0.107 0.983 1.000 
0.016 0.995 0.184 0.980 0.994 
0.008 0.997 0.127 0.980 1.000 
0.015 0.996 0.118 0.980 1.000 
0.016 0.995 0.091 0.980 0.994 
0.012 0.997 0.124 0.980 0.997 
0.022 0.994 0.094 0.985 0.997 
0.015 0.995 0.113 0.983 0.994 
0.035 0.993 0.082 0.985 1.000 
0.017 0.996 0.093 0.983 0.997 
0.015 0.996 0.073 0.983 1.000 
0.012 0.996 0.096 0.978 0.997 
0.021 0.996 0.062 0.985 1.000 
0.021 0.995 0.075 0.980 1.000 
0.018 0.994 0.179 0.935 1.000 
0.018 0.993 0.122 0.968 1.000 
0.023 0.993 0.108 0.965 1.000 
0.018 0.996 0.086 0.980 1.000 
0.012 0.997 0.086 0.983 1.000 
0.017 0.995 0.085 0.980 1.000 
0.013 0.997 0.114 0.973 1.000 
0.013 0.995 0.097 0.983 0.997 
0.019 0.994 0.101 0.980 1.000 
0.013 0.997 0.073 0.983 1.000 
0.019 0.993 0.079 0.983 1.000 
0.020 0.993 0.061 0.985 1.000 
0.022 0.995 0.070 0.985 1.000 
0.014 0.995 0.070 0.980 1.000 
0.011 0.995 0.103 0.980 0.997 
0.014 0.996 0.074 0.983 1.000 
0.017 0.993 0.061 0.983 0.997 
0.015 0.996 0.097 0.980 0.990 
0.021 0.995 0.141 0.980 0.997 
0.019 0.994 0.093 0.980 0.997 
0.018 0.996 0.093 0.980 1.000 
0.014 0.995 0.102 0.983 1.000 
0.013 0.996 0.101 0.980 1.000 
0.014 0.996 0.105 0.980 1.000 
0.007 0.996 0.104 0.985 1.000 
0.032 0.993 0.093 0.983 1.000 
0.010 0.997 0.109 0.983 1.000 
0.011 0.996 0.116 0.980 1.000 
0.010 0.997 0.122 0.980 0.994 
0.013 0.997 0.102 0.983 1.000 
0.019 0.995 0.094 0.980 1.000 
0.015 0.996 0.095 0.980 1.000 
0.017 0.996 0.085 0.980 1.000 
0.014 0.997 0.073 0.983 1.000 
0.010 0.996 0.107 0.983 1.000 
0.027 0.994 0.090 0.983 1.000 
0.025 0.995 0.194 0.935 1.000 
0.011 0.996 0.092 0.983 1.000 
0.012 0.997 0.095 0.983 1.000 
0.018 0.996 0.093 0.980 1.000 
0.007 0.997 0.121 0.983 1.000 
0.008 0.998 0.176 0.980 1.000 
0.011 0.996 0.122 0.980 1.000 
0.009 0.997 0.089 0.983 0.984 
0.014 0.997 0.119 0.983 0.997 
0.031 0.993 0.102 0.980 1.000 
0.015 0.997 0.111 0.983 0.994 
0.008 0.997 0.103 0.983 1.000 
0.029 0.995 0.110 0.963 0.997 
0.012 0.996 0.082 0.983 1.000 
0.020 0.993 0.065 0.983 1.000 
0.017 0.995 0.097 0.980 1.000 
0.016 0.996 0.087 0.980 1.000 
0.012 0.995 0.059 0.988 1.000 
0.020 0.996 0.076 0.980 1.000 
0.014 0.995 0.083 0.980 1.000 
0.010 0.996 0.071 0.983 1.000 
0.008 0.998 0.076 0.988 1.000 
0.010 0.998 0.132 0.968 1.000 
0.017 0.995 0.094 0.983 1.000 
0.016 0.996 0.095 0.973 1.000 
0.023 0.992 0.068 0.985 1.000 
0.010 0.996 0.081 0.985 1.000 
0.008 0.997 0.071 0.988 1.000 
0.018 0.993 0.072 0.983 1.000 
0.010 0.998 0.097 0.983 1.000 
0.030 0.992 0.073 0.983 1.000 
0.019 0.996 0.092 0.973 1.000 
0.009 0.997 0.084 0.988 1.000 
0.019 0.995 0.106 0.978 0.997 
0.009 0.996 0.099 0.985 1.000 
0.026 0.993 0.105 0.980 0.977 
0.025 0.992 0.082 0.980 0.997 
0.011 0.998 0.102 0.968 1.000 
0.013 0.997 0.094 0.985 0.997 
0.011 0.996 0.072 0.988 1.000 
0.016 0.993 0.095 0.983 1.000 
0.009 0.997 0.081 0.983 1.000 
0.012 0.996 0.085 0.985 1.000 
0.014 0.996 0.073 0.983 1.000 
0.017 0.995 0.195 0.980 0.997 
0.016 0.995 0.067 0.985 0.994 
0.013 0.995 0.099 0.985 0.994 
0.029 0.994 0.081 0.988 0.997 
0.019 0.995 0.107 0.980 0.997 
0.010 0.997 0.159 0.980 1.000 
0.016 0.995 0.087 0.988 1.000 
0.015 0.995 0.139 0.983 1.000 
0.014 0.995 0.094 0.988 1.000 
0.020 0.996 0.094 0.988 1.000 
0.015 0.996 0.117 0.978 1.000 
0.009 0.996 0.120 0.983 1.000 
0.012 0.998 0.168 0.978 1.000 
0.022 0.993 0.115 0.970 1.000 
0.013 0.996 0.091 0.985 1.000 
0.023 0.993 0.077 0.980 1.000 
0.020 0.994 0.080 0.980 0.997 
0.016 0.997 0.061 0.988 1.000 
0.012 0.995 0.077 0.983 1.000 
0.009 0.998 0.096 0.980 1.000 
0.017 0.995 0.069 0.983 1.000 
0.024 0.995 0.051 0.985 0.994 
0.021 0.992 0.089 0.980 1.000 
0.022 0.993 0.131 0.980 1.000 
0.040 0.990 0.099 0.983 1.000 
0.010 0.997 0.109 0.978 1.000 
0.012 0.996 0.084 0.983 1.000 
0.015 0.996 0.070 0.980 1.000 
0.013 0.996 0.084 0.983 1.000 
0.020 0.991 0.099 0.980 1.000 
0.017 0.995 0.066 0.980 0.997 
0.007 0.999 0.090 0.983 0.997 
0.025 0.993 0.066 0.983 1.000 
0.015 0.995 0.063 0.985 1.000 
0.010 0.996 0.091 0.985 1.000 
0.012 0.997 0.067 0.990 1.000 
0.024 0.992 0.061 0.983 0.997 
0.016 0.995 0.086 0.980 0.997 
0.009 0.996 0.057 0.993 1.000 
0.022 0.995 0.161 0.980 1.000 
0.026 0.997 0.077 0.983 1.000 
0.017 0.995 0.084 0.988 1.000 
0.007 0.997 0.092 0.983 1.000 
0.019 0.995 0.071 0.983 1.000 
0.012 0.998 0.057 0.983 1.000 
0.020 0.995 0.075 0.983 0.994 
0.007 0.998 0.090 0.983 1.000 
0.019 0.994 0.075 0.983 1.000 
0.018 0.996 0.075 0.983 1.000 
0.014 0.996 0.080 0.983 1.000 
0.024 0.995 0.081 0.983 0.994 
0.004 0.999 0.118 0.983 0.997 
0.021 0.995 0.091 0.980 1.000 
0.017 0.995 0.067 0.985 1.000 
0.024 0.993 0.077 0.983 0.997 
0.013 0.997 0.084 0.983 1.000 
0.021 0.994 0.083 0.983 1.000 
0.007 0.997 0.080 0.983 1.000 
0.013 0.997 0.082 0.983 1.000 
0.012 0.997 0.084 0.983 1.000 
0.011 0.997 0.102 0.985 1.000 
0.028 0.993 0.075 0.980 1.000 
0.017 0.996 0.106 0.983 0.997 
0.008 0.997 0.091 0.983 1.000 
0.024 0.995 0.075 0.980 0.997 
0.013 0.995 0.076 0.988 1.000 
0.020 0.994 0.080 0.980 1.000 
0.019 0.995 0.140 0.978 0.997 
0.013 0.997 0.065 0.980 1.000 
0.013 0.996 0.078 0.983 1.000 
0.006 0.999 0.090 0.983 1.000 
0.016 0.996 0.097 0.983 0.990 
0.016 0.995 0.087 0.983 0.997 
0.010 0.997 0.164 0.973 0.997 
0.011 0.997 0.074 0.985 1.000 
0.025 0.995 0.180 0.978 0.994 
0.023 0.996 0.183 0.932 1.000 
0.008 0.997 0.081 0.985 1.000 
0.007 0.998 0.099 0.983 1.000 
0.013 0.996 0.085 0.983 1.000 
0.019 0.995 0.076 0.983 1.000 
0.014 0.996 0.108 0.983 0.997 
0.015 0.996 0.075 0.983 0.997 
0.013 0.995 0.124 0.983 1.000 
0.011 0.998 0.097 0.983 0.997 
0.015 0.995 0.110 0.980 0.997 
0.007 0.998 0.104 0.980 0.997 
0.016 0.996 0.143 0.963 1.000 
0.021 0.995 0.063 0.990 1.000 
0.008 0.997 0.167 0.980 0.714 
0.019 0.995 0.079 0.983 0.984 
0.022 0.997 0.125 0.980 0.990 
0.022 0.992 0.127 0.980 1.000 
0.018 0.995 0.082 0.983 1.000 
0.019 0.996 0.131 0.980 1.000 
0.022 0.996 0.090 0.980 1.000 
0.012 0.998 0.066 0.980 1.000 
0.012 0.997 0.091 0.983 0.997 
0.011 0.997 0.084 0.983 1.000 
0.006 0.998 0.084 0.983 1.000 
0.013 0.995 0.114 0.980 1.000 
0.017 0.995 0.115 0.973 0.900 
0.007 0.998 0.138 0.980 0.981 
0.036 0.993 0.085 0.983 1.000 
0.017 0.995 0.117 0.983 0.990 
0.007 0.997 0.142 0.983 1.000 
0.019 0.996 0.083 0.983 0.997 
0.012 0.997 0.104 0.983 0.990 
0.005 0.999 0.100 0.983 0.994 
0.023 0.994 0.106 0.983 0.952 
0.019 0.994 0.098 0.980 0.990 
0.022 0.993 0.123 0.960 1.000 
0.020 0.995 0.088 0.983 1.000 
0.011 0.997 0.102 0.980 1.000 
0.030 0.995 0.073 0.980 0.968 
0.010 0.997 0.107 0.970 1.000 
0.010 0.997 0.108 0.980 1.000 
0.012 0.996 0.101 0.983 0.997 
0.016 0.994 0.100 0.983 0.997 
0.012 0.996 0.108 0.983 1.000 
0.010 0.998 0.103 0.983 0.971 
0.017 0.996 0.097 0.983 1.000 
0.008 0.997 0.109 0.983 0.997 
0.019 0.993 0.085 0.985 1.000 
0.014 0.997 0.077 0.983 1.000 
0.021 0.996 0.114 0.978 1.000 
0.007 0.998 0.123 0.983 1.000 
0.013 0.995 0.100 0.983 1.000 
0.013 0.996 0.112 0.983 1.000 
0.012 0.997 0.091 0.985 1.000 
0.015 0.995 0.167 0.985 1.000 
0.027 0.995 0.094 0.978 1.000 
0.014 0.996 0.125 0.973 0.997 
0.024 0.993 0.088 0.980 0.971 
0.009 0.997 0.084 0.985 1.000 
0.021 0.994 0.066 0.985 1.000 
0.013 0.996 0.091 0.985 1.000 
0.016 0.993 0.110 0.980 1.000 
0.016 0.995 0.067 0.985 1.000 
0.027 0.994 0.120 0.975 0.997 
0.011 0.997 0.070 0.985 1.000 
0.008 0.999 0.088 0.980 1.000 
0.026 0.993 0.076 0.988 0.997 
0.013 0.997 0.081 0.980 1.000 
0.015 0.996 0.094 0.983 1.000 
0.015 0.995 0.097 0.983 0.994 
0.015 0.995 0.072 0.983 1.000 
0.006 0.998 0.108 0.983 1.000 
0.010 0.998 0.113 0.980 0.997 
0.018 0.995 0.081 0.985 1.000 
0.008 0.998 0.117 0.983 1.000 
0.016 0.995 0.072 0.983 1.000 
0.012 0.996 0.126 0.980 1.000 
0.013 0.997 0.133 0.983 0.997 
0.012 0.997 0.107 0.980 1.000 
0.010 0.997 0.124 0.980 1.000 
0.013 0.996 0.107 0.983 0.997 
0.022 0.995 0.123 0.985 0.990 
0.021 0.994 0.146 0.975 1.000 
0.005 0.997 0.148 0.985 1.000 
0.012 0.996 0.187 0.975 0.997 
0.016 0.995 0.219 0.958 1.000 
0.021 0.994 0.086 0.983 1.000 
0.011 0.997 0.133 0.980 1.000 
0.016 0.994 0.127 0.983 1.000 
0.011 0.995 0.122 0.983 1.000 
0.013 0.996 0.122 0.988 1.000 
0.022 0.995 0.118 0.978 1.000 
0.005 0.998 0.113 0.983 1.000 
0.002 1.000 0.205 0.983 0.990 
0.017 0.994 0.127 0.983 0.997 
0.012 0.993 0.121 0.980 0.997 
0.014 0.996 0.190 0.985 0.974 
0.017 0.995 0.260 0.975 1.000 
0.014 0.998 0.162 0.985 1.000 
0.036 0.998 0.114 0.985 0.994 
0.010 0.996 0.163 0.973 1.000 
0.013 0.996 0.154 0.980 0.997 
0.008 0.997 0.147 0.980 1.000 
0.014 0.992 0.088 0.983 1.000 
0.033 0.997 0.157 0.980 1.000 
0.011 0.997 0.103 0.980 1.000 
0.009 0.998 0.112 0.983 1.000 
0.025 0.994 0.132 0.983 1.000 
0.014 0.997 0.150 0.980 1.000 
0.017 0.996 0.124 0.983 1.000 
0.014 0.996 0.150 0.980 1.000 
0.018 0.992 0.145 0.980 1.000 
0.013 0.995 0.144 0.983 1.000 
0.005 0.999 0.214 0.983 1.000 
0.012 0.996 0.189 0.980 1.000 
0.018 0.996 0.090 0.985 1.000 
0.015 0.996 0.115 0.980 1.000 
0.025 0.994 0.087 0.978 1.000 
0.018 0.993 0.072 0.983 0.984 
0.007 0.999 0.196 0.985 1.000 
0.031 0.994 0.135 0.978 0.981 
0.025 0.993 0.193 0.975 1.000 
0.012 0.996 0.116 0.980 1.000 
0.014 0.996 0.097 0.980 1.000 
0.009 0.996 0.137 0.983 1.000 
0.011 0.996 0.164 0.983 1.000 
0.010 0.997 0.118 0.983 0.990 
0.010 0.996 0.110 0.983 1.000 
0.016 0.994 0.185 0.940 1.000 
0.008 0.998 0.120 0.983 1.000 
0.006 0.998 0.150 0.983 1.000 
0.014 0.997 0.130 0.983 1.000 
0.014 0.995 0.120 0.985 1.000 
0.047 0.996 0.096 0.990 0.974 
0.018 0.994 0.088 0.983 0.987 
0.011 0.998 0.120 0.980 0.994 
0.006 0.997 0.150 0.983 0.994 
0.012 0.998 0.076 0.985 0.997 
0.016 0.995 0.114 0.983 0.994 
0.019 0.997 0.111 0.983 0.997 
0.013 0.996 0.074 0.985 0.997 
0.051 0.992 0.165 0.983 1.000 
0.026 0.996 0.120 0.983 1.000 
0.011 0.996 0.120 0.983 0.997 
0.016 0.995 0.143 0.983 1.000 
0.015 0.995 0.137 0.983 0.997 
0.007 0.997 0.168 0.985 0.997 
0.046 0.995 0.085 0.983 1.000 
0.011 0.998 0.133 0.963 0.990 
0.009 0.997 0.108 0.983 0.997 
0.008 0.998 0.202 0.965 0.913 
0.025 0.993 0.124 0.983 0.987 
0.014 0.995 0.121 0.983 0.994 
0.010 0.998 0.137 0.983 1.000 
0.014 0.996 0.156 0.973 0.997 
0.013 0.997 0.115 0.983 1.000 
0.013 0.995 0.125 0.983 1.000 
0.014 0.996 0.097 0.983 1.000 
0.010 0.996 0.119 0.983 1.000 
0.011 0.996 0.137 0.983 0.990 
0.016 0.994 0.166 0.983 0.965 
0.012 0.997 0.212 0.955 0.997 
0.012 0.997 0.154 0.965 1.000 
0.030 0.994 0.247 0.985 1.000 
0.020 0.993 0.199 0.983 1.000 
0.021 0.995 0.120 0.983 1.000 
0.009 0.998 0.196 0.985 1.000 
0.010 0.997 0.183 0.985 1.000 
0.017 0.997 0.114 0.983 0.997 
0.021 0.997 0.083 0.980 0.981 
0.020 0.996 0.149 0.980 0.987 
0.012 0.996 0.224 0.978 0.990 
0.013 0.997 0.100 0.983 1.000 
0.009 0.996 0.176 0.980 0.997 
0.008 0.997 0.245 0.980 0.994 
0.023 0.995 0.100 0.978 1.000 
0.014 0.995 0.159 0.983 1.000 
0.017 0.995 0.114 0.980 1.000 
0.014 0.996 0.147 0.980 0.997 
0.015 0.997 0.057 0.988 0.994 
0.013 0.995 0.092 0.980 0.997 
0.009 0.998 0.104 0.980 1.000 
0.012 0.995 0.080 0.988 1.000 
0.018 0.994 0.066 0.985 1.000 
0.012 0.996 0.099 0.980 0.997 
0.009 0.998 0.116 0.985 1.000 
0.013 0.996 0.119 0.983 1.000 
0.014 0.995 0.140 0.985 1.000 
0.018 0.995 0.104 0.980 1.000 
0.008 0.998 0.137 0.983 1.000 
0.014 0.997 0.148 0.983 1.000 
0.019 0.996 0.383 0.958 0.994 
0.015 0.998 0.152 0.983 1.000 
0.017 0.999 0.107 0.980 1.000 
0.021 0.992 0.122 0.983 1.000 
0.026 0.996 0.137 0.983 1.000 
0.007 0.996 0.219 0.980 1.000 
0.011 0.997 0.120 0.983 1.000 
0.021 0.995 0.159 0.983 0.997 
0.014 0.995 0.180 0.975 0.997 
0.011 0.997 0.194 0.980 0.997 
0.013 0.997 0.077 0.983 0.997 
0.011 0.996 0.083 0.980 1.000 
0.007 0.997 0.110 0.983 0.994 
0.015 0.996 0.203 0.945 0.994 
0.011 0.997 0.106 0.983 1.000 
0.005 0.998 0.121 0.983 1.000 
0.021 0.994 0.093 0.983 1.000 
0.012 0.996 0.097 0.980 1.000 
0.009 0.997 0.101 0.980 1.000 
0.013 0.997 0.102 0.983 0.997 
0.009 0.998 0.172 0.983 0.984 
0.013 0.996 0.106 0.973 1.000 
0.023 0.995 0.102 0.980 1.000 
0.015 0.997 0.076 0.983 0.997 
0.011 0.996 0.086 0.980 0.997 
0.012 0.997 0.111 0.983 0.997 
0.014 0.997 0.090 0.983 0.994 
0.011 0.997 0.097 0.983 1.000 
0.013 0.996 0.095 0.980 1.000 
0.013 0.995 0.109 0.980 1.000 
0.004 0.998 0.092 0.983 1.000 
0.019 0.996 0.094 0.983 1.000 
0.010 0.998 0.087 0.983 0.994 
0.010 0.997 0.166 0.980 0.990 
0.012 0.996 0.077 0.983 1.000 
0.017 0.996 0.101 0.983 0.994 
0.017 0.995 0.087 0.980 1.000 
0.018 0.995 0.147 0.973 0.997 
0.008 0.998 0.149 0.983 0.997 
0.011 0.998 0.123 0.980 1.000 
0.017 0.994 0.103 0.983 1.000 
0.009 0.998 0.214 0.983 0.997 
0.030 0.995 0.099 0.980 1.000 
0.032 0.997 0.111 0.985 1.000 
0.043 0.993 0.102 0.980 0.997 
0.013 0.997 0.148 0.983 0.997 
0.013 0.995 0.195 0.983 0.997 
0.007 0.997 0.173 0.988 1.000 
0.021 0.995 0.197 0.973 0.997 
0.005 0.997 0.385 0.975 0.997 
0.023 0.995 0.133 0.960 0.997 
0.018 0.995 0.091 0.983 1.000 
0.020 0.993 0.092 0.975 0.997 
0.013 0.998 0.143 0.983 0.994 
0.014 0.996 0.237 0.980 0.990 
0.018 0.995 0.174 0.938 1.000 
0.008 0.997 0.186 0.983 1.000 
0.006 0.998 0.171 0.983 1.000 
0.018 0.997 0.214 0.980 0.997 
0.016 0.996 0.108 0.983 1.000 
0.019 0.993 0.162 0.983 0.997 
0.010 0.999 0.106 0.983 1.000 
0.016 0.996 0.207 0.980 0.997 
0.010 0.997 0.154 0.983 1.000 
0.009 0.996 0.183 0.973 1.000 
0.033 0.992 0.090 0.978 1.000 
0.010 0.997 0.098 0.983 1.000 
0.020 0.994 0.057 0.985 1.000 
0.010 0.996 0.135 0.983 0.997 
0.011 0.997 0.109 0.983 1.000 
0.013 0.997 0.234 0.970 1.000 
0.020 0.995 0.303 0.983 0.990 
0.012 0.995 0.278 0.950 1.000 
0.021 0.996 0.127 0.943 1.000 
0.011 0.996 0.178 0.973 1.000 
0.014 0.996 0.129 0.983 0.994 
0.007 0.998 0.102 0.980 1.000 
0.015 0.997 0.100 0.980 1.000 
0.009 0.998 0.153 0.980 0.997 
0.016 0.995 0.176 0.980 1.000 
0.004 0.999 0.146 0.978 1.000 
0.034 0.994 0.146 0.980 0.997 
0.010 0.997 0.219 0.980 0.997 
0.012 0.997 0.185 0.980 0.997 
0.011 0.995 0.148 0.960 0.997 
0.016 0.996 0.102 0.968 1.000 
0.015 0.997 0.115 0.983 1.000 
0.008 0.998 0.199 0.983 0.990 
0.012 0.996 0.186 0.983 1.000 
0.014 0.996 0.170 0.983 1.000 
0.013 0.996 0.265 0.980 1.000 
0.008 0.997 0.231 0.985 1.000 
0.021 0.995 0.253 0.978 0.997 
0.012 0.997 0.208 0.983 1.000 
0.008 0.998 0.152 0.983 1.000 
0.015 0.995 0.230 0.983 1.000 
0.046 0.997 0.310 0.980 1.000 
0.025 0.995 0.369 0.983 1.000 
0.021 0.997 0.242 0.983 1.000 
0.020 0.994 0.153 0.983 1.000 
0.013 0.996 0.190 0.983 1.000 
0.018 0.994 0.117 0.980 1.000 
0.014 0.996 0.236 0.983 1.000 
