0.441 0.808 0.192 0.970 0.487 
0.306 0.878 0.206 0.932 0.557 
0.284 0.888 0.205 0.970 0.573 
0.248 0.902 0.180 0.940 0.639 
0.220 0.917 0.192 0.948 0.576 
0.207 0.923 0.160 0.943 0.756 
0.224 0.917 0.137 0.970 0.886 
0.203 0.929 0.137 0.973 0.778 
0.206 0.920 0.126 0.973 0.902 
0.199 0.928 0.121 0.973 0.848 
0.186 0.932 0.141 0.970 0.867 
0.178 0.930 0.138 0.980 0.861 
0.182 0.936 0.105 0.968 0.810 
0.187 0.934 0.123 0.965 0.816 
0.180 0.938 0.130 0.973 0.864 
0.163 0.947 0.112 0.980 0.889 
0.151 0.942 0.122 0.980 0.905 
0.165 0.942 0.140 0.960 0.943 
0.158 0.949 0.124 0.975 0.870 
0.139 0.954 0.106 0.978 0.816 
0.154 0.948 0.140 0.973 0.953 
0.160 0.943 0.125 0.975 0.842 
0.168 0.941 0.104 0.975 0.883 
0.159 0.943 0.117 0.983 0.918 
0.139 0.951 0.165 0.955 0.842 
0.138 0.947 0.185 0.965 0.956 
0.153 0.943 0.147 0.978 0.953 
0.124 0.954 0.099 0.980 0.880 
0.136 0.951 0.097 0.978 0.899 
0.127 0.958 0.128 0.978 0.905 
0.130 0.957 0.128 0.980 0.924 
0.135 0.956 0.103 0.978 0.940 
0.129 0.958 0.116 0.975 0.937 
0.131 0.956 0.090 0.985 0.915 
0.134 0.953 0.087 0.980 0.889 
0.135 0.953 0.103 0.978 0.946 
0.134 0.952 0.144 0.978 0.959 
0.110 0.962 0.104 0.975 0.940 
0.137 0.949 0.121 0.983 0.943 
0.118 0.958 0.101 0.980 0.924 
0.116 0.962 0.099 0.978 0.924 
0.118 0.959 0.158 0.960 0.968 
0.111 0.959 0.100 0.978 0.940 
0.125 0.955 0.124 0.950 0.832 
0.118 0.963 0.115 0.965 0.924 
0.115 0.957 0.146 0.973 0.949 
0.116 0.963 0.105 0.978 0.943 
0.115 0.960 0.092 0.978 0.930 
0.101 0.965 0.120 0.975 0.953 
0.108 0.959 0.097 0.980 0.943 
0.107 0.960 0.086 0.983 0.921 
0.114 0.963 0.103 0.980 0.905 
0.110 0.965 0.124 0.965 0.858 
0.127 0.957 0.095 0.980 0.899 
0.120 0.961 0.134 0.980 0.946 
0.101 0.963 0.092 0.980 0.934 
0.115 0.959 0.104 0.970 0.921 
0.107 0.965 0.143 0.965 0.962 
0.105 0.963 0.087 0.983 0.908 
0.100 0.970 0.098 0.980 0.943 
0.100 0.965 0.095 0.975 0.949 
0.115 0.959 0.131 0.968 0.968 
0.097 0.969 0.123 0.968 0.924 
0.103 0.964 0.132 0.973 0.953 
0.106 0.960 0.095 0.980 0.953 
0.094 0.968 0.103 0.978 0.953 
0.106 0.964 0.093 0.978 0.949 
0.100 0.968 0.106 0.970 0.864 
0.092 0.970 0.141 0.973 0.972 
0.110 0.965 0.164 0.960 0.968 
0.093 0.962 0.116 0.975 0.930 
0.081 0.971 0.101 0.965 0.794 
0.094 0.969 0.101 0.980 0.953 
0.096 0.968 0.104 0.978 0.940 
0.100 0.966 0.101 0.978 0.956 
0.087 0.966 0.135 0.965 0.968 
0.104 0.967 0.108 0.973 0.896 
0.108 0.963 0.099 0.978 0.911 
0.097 0.966 0.132 0.975 0.940 
0.085 0.971 0.095 0.975 0.930 
0.094 0.968 0.161 0.960 0.975 
0.099 0.966 0.105 0.975 0.921 
0.088 0.967 0.095 0.975 0.946 
0.076 0.968 0.110 0.973 0.959 
0.097 0.968 0.094 0.978 0.794 
0.100 0.964 0.099 0.973 0.927 
0.098 0.971 0.097 0.978 0.953 
0.090 0.972 0.128 0.970 0.965 
0.093 0.965 0.148 0.960 0.972 
0.083 0.973 0.087 0.978 0.934 
0.079 0.972 0.119 0.975 0.956 
0.082 0.972 0.114 0.960 0.892 
0.084 0.969 0.091 0.978 0.937 
0.098 0.967 0.095 0.975 0.949 
0.089 0.972 0.098 0.973 0.949 
0.085 0.975 0.086 0.978 0.934 
0.090 0.968 0.076 0.978 0.927 
0.083 0.976 0.084 0.975 0.946 
0.093 0.967 0.093 0.978 0.956 
0.092 0.971 0.085 0.978 0.930 
0.080 0.972 0.109 0.978 0.959 
0.089 0.968 0.118 0.965 0.864 
0.092 0.971 0.113 0.968 0.949 
0.099 0.965 0.101 0.980 0.953 
0.085 0.970 0.100 0.978 0.949 
0.080 0.970 0.084 0.978 0.927 
0.094 0.967 0.132 0.978 0.953 
0.073 0.977 0.105 0.978 0.956 
0.084 0.972 0.098 0.978 0.937 
0.095 0.972 0.087 0.978 0.927 
0.095 0.966 0.084 0.985 0.880 
0.077 0.976 0.100 0.978 0.943 
0.072 0.974 0.085 0.978 0.946 
0.069 0.979 0.131 0.960 0.965 
0.078 0.973 0.127 0.975 0.959 
0.102 0.963 0.089 0.980 0.940 
0.073 0.977 0.096 0.978 0.918 
0.065 0.976 0.131 0.968 0.956 
0.073 0.974 0.100 0.975 0.959 
0.071 0.973 0.146 0.963 0.975 
0.083 0.970 0.101 0.978 0.924 
0.085 0.971 0.097 0.975 0.956 
0.081 0.972 0.075 0.985 0.921 
0.076 0.976 0.124 0.965 0.959 
0.063 0.978 0.125 0.970 0.965 
0.073 0.977 0.117 0.973 0.962 
0.071 0.976 0.159 0.960 0.972 
0.068 0.979 0.132 0.973 0.965 
0.079 0.972 0.125 0.968 0.956 
0.084 0.970 0.100 0.968 0.892 
0.065 0.978 0.095 0.975 0.962 
0.077 0.975 0.093 0.975 0.921 
0.083 0.972 0.119 0.970 0.943 
0.080 0.974 0.111 0.975 0.956 
0.071 0.974 0.098 0.973 0.943 
0.097 0.966 0.112 0.975 0.959 
0.101 0.966 0.092 0.978 0.911 
0.075 0.971 0.099 0.970 0.953 
0.074 0.973 0.077 0.978 0.943 
0.071 0.976 0.093 0.978 0.927 
0.070 0.976 0.079 0.980 0.930 
0.069 0.979 0.141 0.973 0.949 
0.077 0.977 0.089 0.978 0.949 
0.075 0.971 0.106 0.975 0.956 
0.066 0.976 0.093 0.978 0.918 
0.080 0.976 0.134 0.963 0.959 
0.062 0.982 0.070 0.980 0.949 
0.062 0.978 0.085 0.978 0.949 
0.074 0.974 0.085 0.975 0.940 
0.077 0.973 0.105 0.975 0.959 
0.074 0.973 0.132 0.970 0.972 
0.067 0.979 0.077 0.978 0.924 
0.078 0.972 0.092 0.978 0.934 
0.071 0.975 0.099 0.973 0.959 
0.072 0.974 0.097 0.975 0.918 
0.074 0.973 0.101 0.980 0.956 
0.066 0.973 0.132 0.975 0.962 
0.075 0.973 0.081 0.978 0.924 
0.061 0.982 0.092 0.975 0.921 
0.082 0.970 0.101 0.975 0.949 
0.068 0.974 0.119 0.975 0.965 
0.067 0.976 0.100 0.978 0.940 
0.062 0.977 0.141 0.965 0.959 
0.081 0.972 0.106 0.975 0.930 
0.064 0.977 0.117 0.980 0.959 
0.063 0.978 0.108 0.978 0.949 
0.077 0.976 0.100 0.980 0.953 
0.064 0.978 0.088 0.975 0.934 
0.085 0.968 0.131 0.970 0.968 
0.071 0.974 0.085 0.978 0.953 
0.071 0.977 0.102 0.965 0.921 
0.060 0.979 0.100 0.975 0.962 
0.073 0.977 0.110 0.975 0.949 
0.065 0.979 0.118 0.975 0.962 
0.069 0.976 0.087 0.978 0.946 
0.065 0.976 0.118 0.968 0.968 
0.072 0.978 0.116 0.973 0.946 
0.061 0.981 0.101 0.975 0.946 
0.063 0.979 0.108 0.973 0.959 
0.072 0.972 0.107 0.975 0.959 
0.072 0.977 0.154 0.968 0.975 
0.065 0.972 0.089 0.978 0.953 
0.055 0.980 0.100 0.978 0.943 
0.065 0.980 0.121 0.965 0.956 
0.060 0.978 0.122 0.970 0.965 
0.077 0.973 0.098 0.985 0.937 
0.062 0.980 0.110 0.973 0.959 
0.058 0.980 0.095 0.975 0.953 
0.065 0.978 0.086 0.980 0.915 
0.066 0.979 0.136 0.973 0.968 
0.053 0.981 0.117 0.975 0.962 
0.070 0.978 0.104 0.973 0.959 
0.052 0.983 0.089 0.980 0.937 
0.065 0.979 0.080 0.978 0.911 
0.081 0.971 0.132 0.960 0.968 
0.057 0.984 0.100 0.975 0.959 
0.069 0.976 0.143 0.965 0.975 
0.062 0.978 0.122 0.970 0.972 
0.062 0.978 0.175 0.932 0.978 
0.054 0.980 0.103 0.975 0.959 
0.066 0.978 0.147 0.973 0.972 
0.072 0.978 0.108 0.973 0.953 
0.058 0.982 0.107 0.970 0.959 
0.062 0.977 0.093 0.978 0.943 
0.064 0.980 0.121 0.975 0.956 
0.055 0.985 0.115 0.973 0.959 
0.060 0.978 0.086 0.980 0.943 
0.070 0.980 0.108 0.975 0.949 
0.076 0.974 0.095 0.983 0.937 
0.070 0.977 0.089 0.980 0.946 
0.064 0.980 0.106 0.968 0.962 
0.065 0.978 0.128 0.965 0.968 
0.053 0.982 0.112 0.973 0.962 
0.058 0.979 0.148 0.955 0.978 
0.065 0.978 0.154 0.960 0.972 
0.068 0.976 0.085 0.980 0.927 
0.051 0.982 0.108 0.978 0.956 
0.063 0.979 0.088 0.978 0.937 
0.057 0.982 0.155 0.958 0.975 
0.068 0.974 0.078 0.980 0.953 
0.069 0.978 0.075 0.985 0.949 
0.067 0.979 0.124 0.968 0.965 
0.066 0.975 0.090 0.980 0.943 
0.051 0.984 0.144 0.955 0.965 
0.054 0.980 0.106 0.973 0.965 
0.069 0.977 0.113 0.975 0.959 
0.054 0.981 0.127 0.968 0.962 
0.071 0.975 0.105 0.980 0.959 
0.044 0.989 0.090 0.980 0.946 
0.060 0.980 0.129 0.975 0.962 
0.052 0.983 0.166 0.965 0.968 
0.054 0.982 0.178 0.963 0.968 
0.061 0.980 0.165 0.950 0.972 
0.044 0.984 0.112 0.973 0.965 
0.059 0.979 0.148 0.965 0.968 
0.053 0.978 0.125 0.965 0.962 
0.052 0.978 0.116 0.968 0.968 
0.052 0.980 0.141 0.965 0.968 
0.054 0.978 0.115 0.968 0.956 
0.049 0.982 0.139 0.965 0.975 
0.068 0.976 0.165 0.943 0.972 
0.052 0.983 0.095 0.980 0.946 
0.059 0.979 0.115 0.968 0.972 
0.049 0.983 0.123 0.973 0.975 
0.068 0.978 0.167 0.938 0.975 
0.068 0.979 0.100 0.978 0.959 
0.072 0.976 0.116 0.973 0.943 
0.058 0.981 0.117 0.970 0.968 
0.058 0.981 0.095 0.975 0.959 
0.069 0.980 0.111 0.975 0.968 
0.048 0.984 0.136 0.968 0.975 
0.052 0.986 0.228 0.940 0.987 
0.057 0.978 0.149 0.970 0.972 
0.057 0.984 0.110 0.973 0.965 
0.043 0.986 0.090 0.975 0.927 
0.052 0.983 0.091 0.970 0.943 
0.070 0.978 0.108 0.978 0.934 
0.061 0.983 0.104 0.975 0.968 
0.054 0.982 0.081 0.975 0.934 
0.049 0.984 0.112 0.973 0.959 
0.061 0.980 0.086 0.975 0.946 
0.064 0.979 0.176 0.935 0.972 
0.060 0.977 0.168 0.938 0.975 
0.055 0.983 0.100 0.978 0.959 
0.068 0.979 0.108 0.983 0.953 
0.049 0.983 0.078 0.978 0.927 
0.077 0.972 0.114 0.970 0.959 
0.047 0.983 0.083 0.975 0.940 
0.055 0.978 0.150 0.950 0.965 
0.057 0.981 0.142 0.955 0.975 
0.069 0.982 0.098 0.973 0.956 
0.060 0.983 0.096 0.978 0.949 
0.057 0.979 0.106 0.968 0.972 
0.062 0.982 0.094 0.978 0.962 
0.055 0.983 0.075 0.985 0.934 
0.049 0.984 0.101 0.978 0.962 
0.067 0.979 0.079 0.980 0.927 
0.057 0.981 0.076 0.980 0.934 
0.060 0.977 0.079 0.980 0.943 
0.050 0.984 0.095 0.978 0.953 
0.049 0.985 0.133 0.963 0.968 
0.069 0.978 0.136 0.963 0.962 
0.073 0.976 0.123 0.973 0.972 
0.056 0.979 0.099 0.978 0.972 
0.051 0.983 0.084 0.978 0.953 
0.062 0.984 0.081 0.978 0.953 
0.055 0.982 0.076 0.983 0.946 
0.044 0.982 0.092 0.973 0.956 
0.068 0.973 0.089 0.985 0.956 
0.048 0.984 0.087 0.978 0.949 
0.056 0.982 0.093 0.978 0.953 
0.068 0.980 0.077 0.983 0.953 
0.055 0.978 0.116 0.975 0.965 
0.063 0.982 0.115 0.975 0.962 
0.062 0.981 0.097 0.975 0.794 
0.054 0.980 0.117 0.978 0.959 
0.057 0.978 0.100 0.978 0.953 
0.057 0.980 0.103 0.978 0.959 
0.064 0.978 0.105 0.978 0.956 
0.061 0.978 0.104 0.983 0.959 
0.063 0.980 0.126 0.975 0.972 
0.055 0.980 0.111 0.980 0.959 
0.050 0.980 0.163 0.978 0.949 
0.058 0.980 0.105 0.978 0.937 
0.038 0.986 0.140 0.965 0.962 
0.059 0.980 0.101 0.980 0.943 
0.054 0.984 0.084 0.980 0.943 
0.049 0.982 0.132 0.968 0.965 
0.057 0.983 0.110 0.975 0.962 
0.048 0.983 0.100 0.978 0.962 
0.050 0.981 0.098 0.980 0.953 
0.059 0.983 0.106 0.980 0.962 
0.065 0.976 0.110 0.973 0.965 
0.059 0.982 0.097 0.978 0.953 
0.037 0.986 0.126 0.978 0.946 
0.053 0.980 0.113 0.985 0.924 
0.059 0.979 0.135 0.980 0.953 
0.063 0.979 0.110 0.980 0.962 
0.047 0.983 0.088 0.978 0.940 
0.049 0.980 0.128 0.978 0.975 
0.045 0.985 0.140 0.975 0.968 
0.058 0.980 0.081 0.988 0.927 
0.041 0.989 0.083 0.983 0.940 
0.057 0.983 0.081 0.985 0.937 
0.061 0.980 0.082 0.983 0.934 
0.052 0.983 0.119 0.970 0.968 
0.052 0.985 0.175 0.958 0.975 
0.056 0.980 0.090 0.988 0.946 
0.060 0.980 0.077 0.980 0.943 
0.055 0.984 0.110 0.980 0.968 
0.053 0.984 0.137 0.970 0.968 
0.048 0.983 0.107 0.978 0.959 
0.044 0.985 0.117 0.978 0.959 
0.054 0.981 0.080 0.983 0.943 
0.051 0.984 0.078 0.978 0.949 
0.054 0.984 0.102 0.978 0.953 
0.047 0.983 0.102 0.978 0.956 
0.057 0.980 0.078 0.980 0.943 
0.047 0.984 0.092 0.983 0.943 
0.049 0.984 0.089 0.978 0.943 
0.062 0.984 0.074 0.978 0.946 
0.047 0.983 0.100 0.983 0.965 
0.058 0.979 0.119 0.975 0.959 
0.061 0.979 0.174 0.953 0.975 
0.057 0.983 0.104 0.975 0.953 
0.047 0.983 0.137 0.973 0.965 
0.050 0.983 0.093 0.980 0.949 
0.052 0.984 0.115 0.973 0.956 
0.051 0.982 0.125 0.975 0.962 
0.041 0.985 0.130 0.960 0.975 
0.052 0.984 0.169 0.945 0.978 
0.049 0.983 0.102 0.973 0.962 
0.050 0.983 0.110 0.978 0.962 
0.050 0.983 0.108 0.978 0.956 
0.037 0.985 0.102 0.975 0.949 
0.045 0.983 0.099 0.975 0.953 
0.044 0.981 0.122 0.973 0.968 
0.047 0.984 0.092 0.980 0.949 
0.048 0.984 0.125 0.975 0.965 
0.046 0.984 0.089 0.978 0.953 
0.049 0.985 0.116 0.975 0.965 
0.062 0.979 0.093 0.975 0.943 
0.049 0.982 0.114 0.975 0.968 
0.055 0.980 0.092 0.978 0.940 
0.042 0.984 0.118 0.975 0.959 
0.051 0.988 0.094 0.985 0.915 
0.053 0.983 0.089 0.975 0.953 
0.064 0.977 0.078 0.980 0.946 
0.049 0.983 0.093 0.975 0.959 
0.038 0.989 0.071 0.980 0.940 
0.047 0.984 0.097 0.978 0.953 
0.057 0.982 0.122 0.968 0.959 
0.045 0.985 0.085 0.978 0.943 
0.059 0.976 0.094 0.978 0.937 
0.050 0.983 0.089 0.978 0.937 
0.049 0.984 0.079 0.985 0.930 
0.050 0.986 0.090 0.980 0.956 
0.042 0.989 0.113 0.980 0.934 
0.063 0.977 0.111 0.975 0.949 
0.037 0.989 0.102 0.980 0.959 
0.048 0.983 0.128 0.975 0.962 
0.043 0.986 0.101 0.983 0.953 
0.066 0.978 0.095 0.980 0.946 
0.044 0.985 0.138 0.978 0.968 
0.051 0.983 0.111 0.970 0.962 
0.053 0.983 0.107 0.978 0.962 
0.049 0.984 0.083 0.983 0.959 
0.057 0.978 0.080 0.983 0.927 
0.055 0.980 0.090 0.980 0.949 
0.063 0.979 0.083 0.985 0.921 
0.050 0.979 0.093 0.978 0.946 
0.049 0.983 0.089 0.980 0.946 
0.051 0.984 0.104 0.980 0.953 
0.055 0.984 0.129 0.975 0.959 
0.049 0.981 0.124 0.970 0.965 
0.045 0.987 0.118 0.970 0.972 
0.055 0.980 0.104 0.970 0.953 
0.035 0.990 0.080 0.983 0.940 
0.054 0.981 0.086 0.978 0.953 
0.040 0.988 0.130 0.965 0.975 
0.043 0.986 0.094 0.978 0.959 
0.061 0.985 0.076 0.983 0.930 
0.055 0.982 0.087 0.978 0.940 
0.056 0.983 0.121 0.975 0.972 
0.041 0.989 0.084 0.988 0.943 
0.048 0.984 0.136 0.973 0.968 
0.047 0.983 0.115 0.975 0.965 
0.051 0.985 0.088 0.980 0.937 
0.036 0.985 0.117 0.973 0.968 
0.058 0.984 0.110 0.978 0.968 
0.038 0.986 0.093 0.983 0.959 
0.046 0.985 0.074 0.980 0.940 
0.055 0.982 0.107 0.970 0.962 
0.041 0.985 0.105 0.980 0.959 
0.033 0.990 0.093 0.983 0.946 
0.040 0.986 0.091 0.983 0.943 
0.052 0.985 0.103 0.975 0.959 
0.061 0.983 0.192 0.953 0.975 
0.044 0.986 0.152 0.968 0.975 
0.048 0.985 0.076 0.980 0.934 
0.044 0.985 0.125 0.970 0.965 
0.059 0.979 0.111 0.978 0.975 
0.046 0.987 0.115 0.968 0.972 
0.042 0.984 0.085 0.985 0.949 
0.044 0.985 0.119 0.970 0.956 
0.057 0.983 0.110 0.973 0.959 
0.045 0.987 0.087 0.980 0.937 
0.052 0.984 0.112 0.978 0.956 
0.044 0.990 0.120 0.975 0.962 
0.050 0.985 0.092 0.980 0.949 
0.053 0.980 0.130 0.978 0.959 
0.057 0.981 0.073 0.985 0.934 
0.043 0.984 0.109 0.980 0.946 
0.049 0.984 0.086 0.983 0.949 
0.056 0.980 0.098 0.978 0.943 
0.040 0.989 0.126 0.973 0.962 
0.030 0.990 0.070 0.985 0.902 
0.050 0.983 0.088 0.978 0.953 
0.054 0.984 0.081 0.988 0.927 
0.053 0.987 0.072 0.988 0.921 
0.047 0.985 0.097 0.980 0.896 
0.040 0.988 0.110 0.978 0.962 
0.042 0.986 0.087 0.980 0.949 
0.050 0.982 0.149 0.958 0.968 
0.043 0.988 0.093 0.978 0.956 
0.039 0.987 0.117 0.968 0.968 
0.049 0.983 0.125 0.973 0.965 
0.058 0.980 0.102 0.970 0.959 
0.065 0.980 0.120 0.975 0.953 
0.052 0.985 0.096 0.985 0.934 
0.044 0.985 0.087 0.985 0.949 
0.049 0.984 0.075 0.980 0.943 
0.043 0.985 0.120 0.965 0.968 
0.043 0.986 0.096 0.980 0.956 
0.021 0.992 0.114 0.970 0.959 
0.058 0.980 0.086 0.978 0.934 
0.053 0.983 0.094 0.975 0.949 
0.042 0.986 0.108 0.968 0.956 
0.040 0.986 0.111 0.975 0.949 
0.059 0.980 0.099 0.978 0.953 
0.041 0.986 0.102 0.978 0.946 
0.060 0.982 0.153 0.968 0.965 
0.069 0.980 0.114 0.978 0.937 
0.042 0.984 0.150 0.963 0.972 
0.045 0.983 0.113 0.973 0.959 
0.047 0.984 0.113 0.973 0.953 
0.047 0.986 0.146 0.968 0.959 
0.041 0.984 0.095 0.975 0.943 
0.052 0.982 0.127 0.970 0.949 
0.036 0.988 0.122 0.980 0.946 
0.038 0.987 0.082 0.988 0.934 
0.043 0.987 0.107 0.980 0.937 
0.047 0.982 0.107 0.980 0.946 
0.051 0.984 0.125 0.978 0.953 
0.045 0.983 0.086 0.983 0.937 
0.048 0.985 0.105 0.975 0.962 
0.050 0.982 0.100 0.980 0.937 
0.034 0.986 0.121 0.970 0.959 
0.049 0.983 0.086 0.983 0.946 
0.052 0.982 0.089 0.980 0.956 
0.039 0.988 0.091 0.980 0.949 
0.046 0.988 0.101 0.973 0.949 
0.041 0.988 0.088 0.980 0.946 
0.039 0.985 0.084 0.983 0.934 
0.046 0.985 0.090 0.985 0.953 
0.039 0.983 0.106 0.978 0.962 
0.043 0.988 0.116 0.975 0.962 
0.034 0.988 0.128 0.973 0.956 
0.053 0.983 0.087 0.983 0.940 
0.039 0.987 0.103 0.980 0.946 
0.059 0.982 0.125 0.975 0.956 
0.040 0.984 0.099 0.980 0.956 
0.046 0.986 0.119 0.968 0.959 
0.047 0.986 0.084 0.985 0.946 
0.033 0.985 0.094 0.980 0.953 
0.034 0.989 0.104 0.980 0.959 
0.048 0.983 0.084 0.983 0.867 
0.037 0.988 0.104 0.980 0.946 
0.039 0.985 0.104 0.980 0.949 
0.044 0.989 0.189 0.935 0.972 
0.032 0.990 0.120 0.978 0.965 
0.047 0.985 0.108 0.975 0.953 
0.042 0.983 0.107 0.975 0.949 
0.043 0.987 0.127 0.970 0.953 
0.047 0.985 0.105 0.985 0.949 
0.048 0.984 0.101 0.980 0.953 
0.046 0.985 0.096 0.983 0.927 
0.051 0.985 0.089 0.983 0.943 
0.046 0.985 0.104 0.978 0.949 
0.032 0.988 0.106 0.978 0.934 
0.041 0.988 0.123 0.970 0.956 
0.042 0.986 0.093 0.983 0.943 
0.037 0.986 0.125 0.978 0.956 
0.039 0.988 0.160 0.963 0.962 
0.044 0.988 0.101 0.983 0.946 
0.045 0.988 0.112 0.973 0.949 
0.036 0.988 0.123 0.963 0.968 
0.051 0.984 0.114 0.973 0.959 
0.051 0.983 0.083 0.985 0.937 
0.047 0.989 0.100 0.975 0.953 
0.047 0.985 0.101 0.978 0.946 
0.038 0.990 0.121 0.973 0.962 
0.041 0.986 0.097 0.980 0.946 
0.042 0.988 0.100 0.978 0.956 
0.049 0.985 0.119 0.975 0.956 
0.058 0.984 0.081 0.983 0.943 
0.055 0.981 0.076 0.985 0.943 
0.033 0.988 0.095 0.980 0.949 
0.032 0.990 0.177 0.958 0.968 
0.038 0.986 0.111 0.975 0.956 
0.041 0.985 0.116 0.970 0.962 
0.044 0.986 0.099 0.983 0.949 
0.046 0.988 0.116 0.978 0.956 
0.042 0.984 0.137 0.980 0.962 
0.037 0.991 0.110 0.980 0.940 
0.057 0.982 0.142 0.968 0.959 
0.032 0.985 0.135 0.978 0.959 
0.041 0.984 0.100 0.983 0.940 
0.052 0.981 0.098 0.980 0.946 
0.040 0.988 0.127 0.978 0.943 
0.040 0.984 0.113 0.978 0.949 
0.038 0.986 0.093 0.980 0.949 
0.048 0.985 0.078 0.988 0.946 
0.033 0.990 0.126 0.968 0.965 
0.046 0.983 0.102 0.975 0.949 
0.039 0.988 0.080 0.978 0.946 
0.044 0.986 0.085 0.978 0.943 
0.042 0.984 0.090 0.980 0.946 
0.055 0.983 0.118 0.970 0.956 
0.042 0.985 0.134 0.970 0.956 
0.029 0.989 0.138 0.975 0.953 
0.057 0.980 0.161 0.978 0.940 
0.061 0.985 0.089 0.978 0.946 
0.042 0.984 0.109 0.978 0.949 
0.046 0.988 0.113 0.985 0.949 
0.041 0.988 0.153 0.970 0.965 
0.040 0.989 0.105 0.980 0.949 
0.039 0.986 0.095 0.985 0.940 
0.045 0.982 0.097 0.985 0.940 
0.038 0.985 0.099 0.983 0.953 
0.040 0.987 0.119 0.983 0.949 
0.040 0.986 0.090 0.983 0.937 
0.051 0.984 0.093 0.980 0.946 
0.046 0.984 0.145 0.973 0.968 
0.040 0.984 0.117 0.978 0.962 
0.037 0.987 0.095 0.983 0.946 
0.030 0.989 0.099 0.980 0.953 
0.040 0.987 0.104 0.985 0.949 
0.051 0.983 0.119 0.980 0.956 
0.028 0.988 0.120 0.983 0.953 
0.027 0.990 0.124 0.978 0.962 
0.046 0.983 0.113 0.980 0.946 
0.044 0.984 0.127 0.975 0.965 
0.036 0.984 0.080 0.980 0.943 
0.048 0.982 0.156 0.955 0.972 
0.056 0.984 0.086 0.985 0.911 
0.041 0.988 0.172 0.955 0.968 
0.040 0.985 0.108 0.975 0.956 
0.037 0.985 0.121 0.983 0.946 
0.047 0.984 0.111 0.980 0.959 
0.038 0.989 0.099 0.978 0.965 
0.046 0.985 0.105 0.965 0.959 
0.040 0.985 0.077 0.978 0.934 
0.033 0.992 0.086 0.978 0.956 
0.045 0.984 0.074 0.983 0.953 
0.048 0.986 0.082 0.975 0.956 
0.037 0.988 0.066 0.985 0.953 
0.051 0.982 0.083 0.978 0.946 
0.029 0.993 0.116 0.973 0.965 
0.051 0.983 0.092 0.978 0.949 
0.044 0.985 0.075 0.985 0.949 
0.035 0.986 0.086 0.983 0.959 
0.045 0.985 0.091 0.980 0.953 
0.042 0.984 0.110 0.983 0.962 
0.050 0.984 0.095 0.983 0.946 
0.045 0.984 0.103 0.983 0.959 
0.035 0.988 0.132 0.968 0.962 
0.050 0.982 0.102 0.980 0.953 
0.042 0.985 0.107 0.980 0.959 
0.044 0.983 0.117 0.980 0.956 
0.037 0.982 0.104 0.980 0.940 
0.043 0.989 0.100 0.983 0.930 
0.044 0.986 0.113 0.975 0.953 
0.031 0.988 0.103 0.980 0.943 
0.045 0.987 0.101 0.980 0.908 
0.038 0.986 0.115 0.975 0.965 
0.037 0.988 0.108 0.983 0.946 
0.048 0.983 0.132 0.980 0.956 
0.042 0.988 0.114 0.978 0.959 
0.044 0.984 0.114 0.983 0.953 
0.032 0.985 0.107 0.980 0.946 
0.022 0.992 0.189 0.963 0.975 
0.046 0.984 0.095 0.978 0.940 
0.033 0.990 0.104 0.978 0.956 
0.031 0.990 0.135 0.980 0.959 
0.037 0.989 0.195 0.975 0.962 
0.041 0.987 0.169 0.968 0.968 
0.047 0.979 0.128 0.980 0.949 
0.071 0.978 0.105 0.980 0.956 
0.042 0.987 0.181 0.980 0.949 
0.034 0.989 0.140 0.978 0.956 
0.042 0.988 0.145 0.978 0.953 
0.050 0.983 0.207 0.968 0.968 
0.043 0.988 0.102 0.980 0.946 
0.038 0.985 0.202 0.960 0.972 
0.044 0.988 0.121 0.973 0.956 
0.038 0.988 0.132 0.975 0.953 
0.063 0.982 0.155 0.968 0.972 
0.046 0.984 0.129 0.965 0.968 
0.035 0.992 0.158 0.960 0.968 
0.025 0.990 0.155 0.965 0.968 
0.039 0.984 0.092 0.978 0.953 
0.053 0.982 0.183 0.938 0.975 
0.034 0.989 0.153 0.980 0.959 
0.031 0.989 0.133 0.963 0.972 
0.040 0.986 0.138 0.970 0.962 
0.044 0.985 0.128 0.975 0.959 
0.029 0.988 0.151 0.963 0.972 
0.041 0.982 0.149 0.968 0.968 
0.034 0.988 0.138 0.973 0.956 
0.034 0.986 0.125 0.983 0.949 
0.037 0.984 0.151 0.970 0.968 
0.051 0.983 0.120 0.975 0.968 
0.029 0.991 0.117 0.978 0.959 
0.041 0.984 0.128 0.975 0.956 
0.048 0.983 0.100 0.978 0.956 
0.049 0.983 0.133 0.975 0.959 
0.034 0.988 0.087 0.985 0.937 
0.031 0.988 0.090 0.985 0.946 
0.044 0.980 0.123 0.980 0.956 
0.029 0.990 0.104 0.983 0.956 
0.027 0.992 0.248 0.975 0.962 
0.046 0.986 0.153 0.963 0.965 
0.041 0.986 0.100 0.980 0.949 
0.057 0.985 0.118 0.968 0.968 
0.033 0.989 0.156 0.963 0.975 
0.056 0.983 0.099 0.975 0.965 
0.032 0.991 0.106 0.973 0.962 
0.032 0.988 0.101 0.978 0.965 
0.051 0.985 0.099 0.978 0.949 
0.033 0.988 0.106 0.980 0.953 
0.040 0.988 0.100 0.978 0.949 
0.030 0.992 0.094 0.978 0.937 
0.033 0.989 0.132 0.978 0.943 
0.047 0.986 0.124 0.978 0.962 
0.044 0.987 0.159 0.978 0.956 
0.032 0.988 0.146 0.973 0.959 
0.061 0.982 0.112 0.980 0.946 
0.049 0.985 0.138 0.983 0.934 
0.038 0.988 0.131 0.970 0.965 
0.032 0.991 0.136 0.968 0.959 
0.037 0.988 0.094 0.983 0.934 
0.031 0.989 0.093 0.978 0.927 
0.036 0.987 0.153 0.970 0.965 
0.032 0.989 0.126 0.975 0.962 
0.060 0.982 0.122 0.970 0.962 
0.041 0.986 0.170 0.953 0.975 
0.034 0.989 0.097 0.978 0.956 
0.050 0.984 0.140 0.975 0.975 
0.044 0.985 0.128 0.975 0.962 
0.056 0.988 0.103 0.980 0.949 
0.030 0.991 0.120 0.980 0.968 
0.032 0.989 0.082 0.980 0.940 
0.040 0.988 0.136 0.978 0.968 
0.033 0.988 0.193 0.955 0.975 
0.045 0.986 0.209 0.958 0.965 
0.038 0.985 0.096 0.985 0.918 
0.042 0.986 0.136 0.978 0.968 
0.041 0.988 0.142 0.985 0.940 
0.041 0.984 0.172 0.963 0.972 
0.053 0.985 0.099 0.978 0.959 
0.041 0.986 0.113 0.975 0.959 
0.029 0.988 0.104 0.980 0.949 
0.047 0.985 0.096 0.975 0.962 
0.033 0.986 0.091 0.983 0.956 
0.045 0.986 0.084 0.985 0.946 
0.035 0.989 0.117 0.978 0.956 
0.040 0.988 0.086 0.983 0.940 
0.046 0.984 0.112 0.978 0.940 
0.034 0.989 0.097 0.975 0.940 
0.030 0.991 0.100 0.978 0.937 
0.026 0.992 0.149 0.970 0.968 
0.047 0.985 0.087 0.980 0.953 
0.036 0.987 0.167 0.950 0.968 
0.032 0.989 0.123 0.973 0.962 
0.034 0.988 0.114 0.980 0.934 
0.039 0.988 0.151 0.980 0.949 
0.029 0.990 0.137 0.983 0.934 
0.041 0.986 0.206 0.975 0.962 
0.054 0.984 0.146 0.968 0.968 
0.036 0.989 0.104 0.978 0.953 
0.030 0.988 0.104 0.983 0.953 
0.034 0.990 0.129 0.980 0.959 
0.038 0.988 0.115 0.978 0.956 
0.029 0.989 0.155 0.968 0.972 
0.047 0.986 0.110 0.980 0.896 
0.031 0.987 0.182 0.973 0.959 
0.041 0.987 0.144 0.975 0.959 
0.027 0.989 0.121 0.983 0.930 
0.037 0.985 0.256 0.970 0.972 
0.053 0.984 0.159 0.980 0.953 
0.040 0.988 0.157 0.980 0.956 
0.034 0.990 0.127 0.973 0.959 
0.029 0.989 0.154 0.973 0.968 
0.040 0.986 0.204 0.965 0.975 
0.038 0.989 0.149 0.973 0.968 
0.037 0.988 0.151 0.965 0.965 
0.040 0.988 0.136 0.980 0.953 
0.038 0.989 0.099 0.980 0.953 
0.044 0.983 0.120 0.978 0.943 
0.046 0.983 0.125 0.960 0.972 
0.041 0.989 0.111 0.973 0.968 
0.034 0.990 0.100 0.980 0.949 
0.024 0.992 0.130 0.963 0.965 
0.044 0.984 0.131 0.960 0.972 
0.042 0.989 0.084 0.973 0.953 
0.027 0.990 0.173 0.953 0.972 
0.045 0.986 0.097 0.975 0.949 
0.039 0.986 0.137 0.963 0.975 
0.031 0.989 0.097 0.973 0.956 
0.036 0.988 0.161 0.943 0.968 
0.039 0.987 0.082 0.983 0.943 
0.036 0.987 0.097 0.978 0.953 
0.036 0.988 0.104 0.975 0.956 
0.031 0.988 0.133 0.970 0.953 
0.033 0.991 0.089 0.980 0.937 
0.043 0.986 0.096 0.980 0.940 
0.038 0.988 0.103 0.978 0.953 
0.037 0.988 0.113 0.970 0.972 
0.035 0.991 0.109 0.975 0.949 
0.040 0.988 0.110 0.978 0.946 
0.032 0.988 0.100 0.978 0.949 
0.031 0.990 0.116 0.985 0.953 
0.042 0.984 0.103 0.978 0.959 
0.046 0.985 0.115 0.980 0.949 
0.027 0.991 0.165 0.978 0.956 
0.034 0.990 0.168 0.975 0.956 
0.033 0.989 0.134 0.985 0.943 
0.033 0.990 0.169 0.980 0.959 
0.041 0.986 0.188 0.973 0.956 
0.035 0.988 0.167 0.983 0.959 
0.043 0.985 0.154 0.978 0.959 
0.052 0.989 0.149 0.973 0.965 
0.035 0.987 0.175 0.975 0.965 
0.038 0.988 0.174 0.978 0.965 
0.049 0.985 0.144 0.963 0.975 
0.032 0.991 0.085 0.983 0.953 
0.042 0.983 0.109 0.980 0.959 
0.043 0.985 0.193 0.963 0.968 
0.049 0.986 0.111 0.980 0.962 
0.025 0.994 0.118 0.983 0.959 
0.045 0.988 0.109 0.973 0.968 
0.034 0.989 0.082 0.983 0.946 
0.031 0.990 0.129 0.980 0.965 
0.042 0.988 0.124 0.980 0.956 
0.042 0.988 0.171 0.980 0.949 
0.054 0.985 0.174 0.948 0.972 
0.044 0.986 0.126 0.975 0.959 
0.027 0.989 0.100 0.980 0.949 
0.036 0.989 0.141 0.983 0.962 
0.031 0.991 0.297 0.968 0.962 
0.042 0.986 0.144 0.980 0.949 
0.036 0.988 0.211 0.965 0.962 
0.041 0.985 0.130 0.975 0.956 
0.035 0.988 0.130 0.975 0.959 
0.042 0.987 0.139 0.973 0.965 
0.033 0.989 0.089 0.980 0.943 
0.032 0.990 0.128 0.983 0.946 
0.039 0.988 0.110 0.980 0.943 
0.041 0.989 0.115 0.980 0.953 
0.037 0.986 0.110 0.970 0.968 
0.030 0.990 0.119 0.980 0.953 
0.033 0.988 0.126 0.975 0.962 
0.041 0.989 0.112 0.978 0.953 
0.041 0.985 0.134 0.975 0.962 
0.045 0.985 0.179 0.960 0.972 
0.031 0.991 0.191 0.958 0.968 
0.045 0.987 0.180 0.955 0.972 
0.038 0.988 0.189 0.958 0.968 
0.046 0.985 0.128 0.980 0.956 
0.031 0.989 0.145 0.955 0.959 
0.047 0.985 0.189 0.978 0.959 
0.034 0.989 0.158 0.983 0.962 
0.031 0.992 0.148 0.978 0.965 
0.036 0.989 0.162 0.978 0.962 
0.034 0.988 0.160 0.978 0.962 
0.039 0.985 0.163 0.973 0.962 
0.049 0.984 0.161 0.983 0.959 
0.034 0.986 0.148 0.980 0.956 
0.032 0.990 0.105 0.985 0.949 
0.043 0.984 0.125 0.980 0.956 
0.039 0.988 0.131 0.975 0.956 
0.040 0.988 0.133 0.980 0.953 
0.041 0.989 0.121 0.973 0.959 
0.043 0.985 0.105 0.980 0.956 
0.042 0.984 0.159 0.978 0.962 
0.035 0.990 0.128 0.978 0.959 
0.034 0.989 0.111 0.978 0.956 
0.041 0.985 0.134 0.975 0.962 
0.039 0.985 0.121 0.983 0.959 
0.037 0.991 0.143 0.978 0.959 
0.049 0.984 0.099 0.975 0.953 
0.025 0.990 0.114 0.978 0.946 
0.036 0.991 0.143 0.963 0.965 
0.036 0.990 0.111 0.978 0.962 
0.033 0.989 0.110 0.980 0.956 
0.035 0.989 0.105 0.983 0.943 
0.038 0.990 0.072 0.985 0.924 
0.036 0.988 0.137 0.978 0.956 
0.028 0.988 0.118 0.975 0.962 
0.036 0.984 0.092 0.975 0.953 
0.037 0.989 0.122 0.968 0.965 
0.055 0.986 0.107 0.983 0.946 
0.049 0.988 0.109 0.980 0.953 
0.041 0.985 0.101 0.983 0.959 
0.038 0.990 0.099 0.983 0.953 
0.036 0.986 0.127 0.980 0.953 
0.032 0.990 0.108 0.978 0.968 
0.034 0.989 0.142 0.975 0.968 
0.031 0.990 0.110 0.978 0.959 
0.018 0.993 0.204 0.973 0.962 
0.051 0.982 0.178 0.968 0.972 
0.030 0.992 0.156 0.970 0.965 
0.039 0.987 0.273 0.978 0.959 
0.050 0.987 0.111 0.983 0.930 
0.031 0.990 0.114 0.978 0.959 
0.040 0.984 0.214 0.978 0.962 
0.056 0.986 0.082 0.985 0.943 
0.031 0.989 0.100 0.983 0.956 
0.028 0.991 0.109 0.973 0.956 
0.052 0.981 0.114 0.975 0.968 
0.031 0.991 0.127 0.978 0.949 
0.033 0.990 0.087 0.983 0.949 
0.043 0.988 0.111 0.978 0.965 
0.033 0.988 0.128 0.978 0.965 
0.023 0.990 0.153 0.973 0.968 
0.047 0.986 0.110 0.980 0.959 
0.032 0.992 0.102 0.980 0.953 
0.032 0.988 0.106 0.983 0.956 
0.028 0.991 0.144 0.975 0.968 
0.034 0.990 0.258 0.983 0.953 
0.046 0.984 0.071 0.985 0.924 
0.033 0.987 0.195 0.975 0.972 
0.048 0.985 0.176 0.978 0.975 
0.050 0.990 0.291 0.973 0.959 
0.046 0.986 0.224 0.968 0.968 
0.028 0.991 0.253 0.975 0.965 
0.045 0.990 0.246 0.978 0.962 
0.032 0.989 0.157 0.980 0.953 
0.038 0.988 0.136 0.983 0.946 
0.034 0.990 0.203 0.973 0.972 
0.042 0.989 0.170 0.980 0.956 
0.033 0.989 0.137 0.980 0.956 
0.041 0.985 0.181 0.970 0.975 
0.031 0.990 0.175 0.983 0.953 
0.034 0.990 0.207 0.978 0.953 
0.040 0.987 0.173 0.978 0.953 
0.030 0.987 0.128 0.978 0.965 
0.035 0.989 0.382 0.943 0.978 
0.029 0.988 0.213 0.970 0.959 
0.025 0.990 0.308 0.975 0.956 
0.031 0.989 0.201 0.970 0.965 
0.028 0.989 0.203 0.980 0.956 
0.030 0.991 0.158 0.975 0.956 
0.036 0.988 0.178 0.978 0.953 
0.040 0.989 0.181 0.963 0.968 
0.028 0.991 0.203 0.973 0.968 
0.042 0.986 0.221 0.970 0.972 
0.034 0.986 0.171 0.978 0.956 
0.040 0.984 0.156 0.983 0.943 
0.037 0.989 0.228 0.978 0.968 
0.031 0.986 0.220 0.953 0.975 
0.028 0.991 0.106 0.985 0.946 
0.037 0.986 0.146 0.978 0.953 
0.043 0.988 0.142 0.975 0.946 
0.039 0.988 0.243 0.980 0.968 
0.018 0.993 0.355 0.975 0.968 
0.049 0.985 0.203 0.973 0.968 
0.046 0.989 0.111 0.978 0.953 
0.042 0.986 0.093 0.978 0.956 
0.047 0.984 0.127 0.983 0.953 
0.039 0.989 0.139 0.983 0.962 
0.042 0.987 0.115 0.988 0.949 
0.033 0.988 0.229 0.932 0.975 
0.041 0.986 0.114 0.988 0.937 
0.035 0.988 0.147 0.983 0.962 
0.036 0.988 0.143 0.983 0.918 
0.026 0.991 0.188 0.975 0.956 
0.036 0.989 0.243 0.975 0.965 
0.032 0.989 0.132 0.968 0.953 
0.032 0.988 0.164 0.978 0.953 
0.036 0.988 0.199 0.983 0.956 
0.046 0.989 0.239 0.985 0.953 
0.040 0.984 0.137 0.980 0.956 
0.032 0.989 0.174 0.970 0.965 
0.033 0.990 0.091 0.985 0.915 
0.043 0.988 0.134 0.968 0.968 
0.032 0.991 0.252 0.948 0.962 
0.046 0.988 0.190 0.940 0.972 
0.039 0.986 0.230 0.968 0.975 
0.048 0.986 0.188 0.985 0.959 
0.039 0.989 0.160 0.978 0.946 
0.052 0.984 0.129 0.980 0.959 
0.042 0.985 0.186 0.965 0.972 
0.036 0.989 0.192 0.975 0.956 
0.031 0.989 0.180 0.978 0.956 
0.049 0.988 0.124 0.965 0.968 
0.027 0.991 0.153 0.963 0.972 
0.036 0.989 0.094 0.983 0.937 
0.029 0.991 0.120 0.988 0.953 
0.036 0.988 0.083 0.980 0.946 
0.036 0.987 0.101 0.980 0.965 
0.037 0.987 0.176 0.950 0.978 
0.026 0.989 0.163 0.973 0.968 
0.037 0.989 0.140 0.960 0.968 
0.027 0.993 0.127 0.980 0.959 
0.035 0.990 0.180 0.985 0.940 
0.027 0.989 0.182 0.980 0.946 
0.030 0.991 0.143 0.983 0.946 
0.047 0.986 0.120 0.978 0.959 
0.030 0.990 0.163 0.980 0.956 
0.048 0.985 0.159 0.975 0.956 
0.045 0.990 0.081 0.985 0.921 
0.027 0.992 0.124 0.978 0.956 
0.037 0.990 0.082 0.980 0.949 
0.047 0.980 0.108 0.980 0.959 
0.034 0.989 0.152 0.980 0.959 
0.036 0.990 0.189 0.978 0.949 
0.032 0.988 0.228 0.963 0.972 
0.045 0.989 0.124 0.975 0.959 
0.040 0.986 0.100 0.970 0.962 
0.032 0.989 0.096 0.980 0.953 
0.044 0.986 0.152 0.973 0.968 
0.027 0.989 0.127 0.970 0.968 
0.041 0.986 0.122 0.980 0.959 
0.040 0.985 0.150 0.965 0.975 
0.032 0.990 0.275 0.973 0.962 
0.063 0.982 0.101 0.988 0.953 
0.045 0.989 0.167 0.973 0.962 
0.025 0.991 0.221 0.970 0.972 
0.039 0.986 0.169 0.980 0.959 
0.035 0.988 0.221 0.960 0.972 
0.030 0.989 0.151 0.983 0.959 
0.031 0.991 0.205 0.970 0.975 
0.043 0.983 0.151 0.980 0.962 
0.032 0.990 0.131 0.980 0.959 
0.020 0.993 0.138 0.983 0.946 
0.034 0.987 0.205 0.940 0.975 
0.030 0.990 0.117 0.975 0.956 
0.048 0.985 0.084 0.980 0.959 
0.040 0.987 0.147 0.960 0.972 
0.034 0.990 0.124 0.978 0.959 
0.034 0.988 0.141 0.980 0.965 
0.028 0.989 0.140 0.975 0.968 
0.030 0.990 0.184 0.978 0.965 
0.031 0.990 0.115 0.980 0.962 
0.042 0.983 0.234 0.973 0.965 
0.037 0.990 0.158 0.983 0.959 
0.051 0.983 0.143 0.985 0.956 
0.029 0.989 0.143 0.983 0.962 
0.037 0.991 0.109 0.980 0.953 
0.058 0.986 0.187 0.978 0.959 
0.038 0.986 0.144 0.978 0.953 
0.050 0.990 0.132 0.975 0.949 
0.051 0.981 0.119 0.980 0.956 
0.044 0.989 0.105 0.985 0.965 
0.038 0.988 0.076 0.983 0.943 
0.030 0.990 0.116 0.983 0.959 
0.036 0.988 0.120 0.980 0.968 
0.031 0.991 0.128 0.980 0.968 
0.037 0.988 0.170 0.980 0.953 
0.041 0.987 0.125 0.973 0.965 
0.033 0.991 0.123 0.978 0.965 
0.029 0.990 0.143 0.953 0.972 
0.030 0.989 0.091 0.980 0.959 
0.035 0.986 0.075 0.983 0.959 
0.024 0.991 0.146 0.973 0.972 
0.032 0.990 0.110 0.980 0.953 
0.028 0.989 0.087 0.978 0.949 
0.045 0.986 0.113 0.970 0.968 
