0.273 0.896 0.234 0.907 1.000 
0.175 0.941 0.183 0.932 1.000 
0.125 0.956 0.136 0.960 0.970 
0.122 0.953 0.147 0.948 1.000 
0.116 0.960 0.110 0.983 1.000 
0.095 0.967 0.094 0.970 1.000 
0.100 0.971 0.138 0.953 1.000 
0.091 0.972 0.115 0.960 1.000 
0.096 0.968 0.134 0.950 1.000 
0.075 0.975 0.108 0.985 1.000 
0.084 0.976 0.115 0.950 1.000 
0.071 0.979 0.077 0.985 1.000 
0.082 0.980 0.121 0.953 1.000 
0.080 0.980 0.120 0.963 1.000 
0.081 0.972 0.105 0.985 1.000 
0.075 0.981 0.132 0.943 1.000 
0.084 0.976 0.153 0.938 1.000 
0.061 0.982 0.077 0.985 1.000 
0.065 0.980 0.077 0.985 1.000 
0.054 0.984 0.185 0.950 1.000 
0.072 0.979 0.083 0.980 1.000 
0.062 0.984 0.081 0.985 0.977 
0.057 0.983 0.101 0.973 1.000 
0.057 0.983 0.097 0.960 0.966 
0.060 0.984 0.112 0.955 0.792 
0.066 0.981 0.072 0.985 1.000 
0.051 0.986 0.093 0.958 0.343 
0.057 0.982 0.053 0.980 1.000 
0.056 0.986 0.077 0.973 0.094 
0.054 0.984 0.087 0.968 0.909 
0.051 0.985 0.064 0.985 0.989 
0.053 0.985 0.087 0.968 1.000 
0.059 0.983 0.083 0.970 1.000 
0.044 0.987 0.109 0.953 1.000 
0.053 0.985 0.078 0.983 1.000 
0.056 0.985 0.094 0.965 1.000 
0.049 0.984 0.080 0.970 1.000 
0.053 0.983 0.153 0.950 0.691 
0.043 0.989 0.065 0.988 1.000 
0.047 0.988 0.058 0.988 0.992 
0.056 0.986 0.111 0.960 0.996 
0.049 0.988 0.107 0.968 0.992 
0.041 0.991 0.150 0.943 0.992 
0.048 0.989 0.055 0.975 0.996 
0.047 0.985 0.057 0.983 1.000 
0.041 0.989 0.123 0.953 0.985 
0.057 0.986 0.076 0.973 0.936 
0.041 0.985 0.097 0.958 1.000 
0.039 0.990 0.043 0.985 0.996 
0.042 0.988 0.071 0.973 0.989 
0.044 0.989 0.082 0.965 1.000 
0.048 0.989 0.083 0.968 1.000 
0.042 0.986 0.094 0.970 1.000 
0.045 0.986 0.095 0.973 0.992 
0.040 0.990 0.068 0.975 1.000 
0.049 0.987 0.091 0.955 1.000 
0.039 0.990 0.164 0.945 0.928 
0.044 0.988 0.099 0.953 0.996 
0.042 0.989 0.059 0.990 0.966 
0.045 0.988 0.063 0.978 1.000 
0.042 0.987 0.106 0.968 1.000 
0.037 0.991 0.073 0.975 1.000 
0.045 0.984 0.079 0.970 1.000 
0.034 0.992 0.034 0.993 0.947 
0.053 0.988 0.056 0.975 1.000 
0.039 0.990 0.199 0.925 0.634 
0.029 0.994 0.041 0.990 1.000 
0.041 0.988 0.080 0.970 1.000 
0.033 0.991 0.073 0.980 1.000 
0.048 0.988 0.061 0.985 0.985 
0.037 0.991 0.062 0.975 0.985 
0.045 0.989 0.051 0.995 0.974 
0.041 0.991 0.091 0.953 1.000 
0.033 0.992 0.066 0.975 1.000 
0.031 0.992 0.044 0.990 1.000 
0.040 0.988 0.078 0.968 1.000 
0.036 0.991 0.095 0.955 1.000 
0.040 0.990 0.045 0.978 1.000 
0.041 0.989 0.075 0.970 1.000 
0.033 0.991 0.044 0.983 1.000 
0.037 0.992 0.093 0.965 0.943 
0.035 0.990 0.085 0.965 1.000 
0.035 0.991 0.076 0.970 0.996 
0.038 0.990 0.075 0.975 1.000 
0.035 0.991 0.035 0.993 0.913 
0.032 0.990 0.122 0.945 1.000 
0.032 0.992 0.103 0.950 0.996 
0.032 0.990 0.068 0.983 0.989 
0.040 0.989 0.088 0.970 0.947 
0.035 0.990 0.069 0.970 0.996 
0.031 0.992 0.081 0.970 1.000 
0.038 0.990 0.064 0.975 1.000 
0.040 0.988 0.046 0.990 1.000 
0.036 0.990 0.070 0.980 1.000 
0.039 0.991 0.085 0.973 1.000 
0.039 0.992 0.107 0.960 1.000 
0.038 0.991 0.102 0.960 1.000 
0.039 0.989 0.152 0.938 0.928 
0.034 0.993 0.155 0.938 1.000 
0.030 0.993 0.082 0.968 1.000 
0.033 0.991 0.067 0.985 0.985 
0.035 0.990 0.071 0.973 0.989 
0.029 0.992 0.160 0.965 0.596 
0.036 0.992 0.068 0.978 0.974 
0.031 0.991 0.074 0.978 1.000 
0.036 0.990 0.109 0.958 0.951 
0.030 0.992 0.123 0.950 1.000 
0.032 0.992 0.106 0.960 0.985 
0.036 0.989 0.093 0.960 1.000 
0.025 0.993 0.111 0.963 0.985 
0.037 0.989 0.083 0.970 1.000 
0.038 0.989 0.084 0.970 1.000 
0.036 0.990 0.051 0.975 1.000 
0.037 0.990 0.075 0.973 0.966 
0.031 0.991 0.059 0.973 0.664 
0.032 0.995 0.143 0.940 0.875 
0.033 0.991 0.069 0.973 0.985 
0.033 0.992 0.124 0.948 1.000 
0.029 0.992 0.030 0.995 1.000 
0.040 0.989 0.120 0.948 0.962 
0.035 0.990 0.098 0.953 1.000 
0.029 0.989 0.053 0.975 0.981 
0.029 0.992 0.181 0.930 1.000 
0.030 0.993 0.106 0.955 0.996 
0.039 0.988 0.113 0.948 1.000 
0.029 0.993 0.100 0.953 0.996 
0.027 0.992 0.152 0.940 0.985 
0.028 0.990 0.119 0.948 0.913 
0.033 0.992 0.050 0.993 0.521 
0.028 0.993 0.077 0.970 1.000 
0.029 0.993 0.147 0.948 0.725 
0.036 0.989 0.099 0.953 0.891 
0.032 0.992 0.046 0.988 0.985 
0.029 0.991 0.094 0.963 0.977 
0.032 0.992 0.112 0.950 1.000 
0.028 0.991 0.079 0.975 0.989 
0.029 0.993 0.075 0.970 0.755 
0.038 0.990 0.150 0.948 0.306 
0.030 0.993 0.075 0.963 0.664 
0.024 0.996 0.076 0.975 0.781 
0.024 0.995 0.075 0.968 0.996 
0.032 0.991 0.086 0.970 0.981 
0.029 0.993 0.110 0.945 0.955 
0.033 0.992 0.047 0.983 0.785 
0.033 0.992 0.098 0.965 0.985 
0.027 0.993 0.064 0.973 1.000 
0.040 0.990 0.089 0.970 0.966 
0.023 0.995 0.086 0.973 0.977 
0.028 0.993 0.087 0.973 0.974 
0.027 0.992 0.072 0.975 0.977 
0.030 0.992 0.049 0.975 0.943 
0.021 0.993 0.030 0.990 0.985 
0.038 0.991 0.084 0.963 0.740 
0.030 0.993 0.178 0.945 0.702 
0.030 0.991 0.072 0.970 0.943 
0.024 0.995 0.037 0.978 0.962 
0.041 0.988 0.064 0.978 0.977 
0.034 0.990 0.116 0.963 0.751 
0.022 0.993 0.030 0.993 0.989 
0.031 0.991 0.094 0.973 0.985 
0.026 0.992 0.154 0.943 0.902 
0.037 0.989 0.087 0.963 0.977 
0.034 0.992 0.123 0.940 0.525 
0.029 0.995 0.089 0.978 0.260 
0.025 0.992 0.045 0.990 0.657 
0.035 0.992 0.067 0.973 0.977 
0.023 0.994 0.060 0.980 0.642 
0.024 0.995 0.073 0.975 0.804 
0.028 0.991 0.117 0.955 0.932 
0.039 0.992 0.077 0.973 0.902 
0.024 0.994 0.197 0.940 0.762 
0.025 0.991 0.187 0.935 0.464 
0.026 0.992 0.100 0.978 0.540 
0.040 0.988 0.328 0.920 0.766 
0.027 0.993 0.062 0.988 0.977 
0.023 0.995 0.105 0.975 0.891 
0.027 0.994 0.138 0.965 0.619 
0.020 0.994 0.128 0.968 0.845 
0.035 0.992 0.041 0.993 0.936 
0.027 0.993 0.126 0.968 0.472 
0.030 0.993 0.152 0.960 0.423 
0.024 0.993 0.134 0.965 0.989 
0.024 0.993 0.194 0.953 0.977 
0.025 0.994 0.104 0.988 0.389 
0.022 0.995 0.289 0.953 0.611 
0.022 0.996 0.049 0.978 0.974 
0.043 0.989 0.092 0.963 0.985 
0.038 0.992 0.164 0.940 0.989 
0.022 0.995 0.105 0.975 0.985 
0.025 0.993 0.119 0.960 1.000 
0.030 0.992 0.111 0.970 0.992 
0.021 0.995 0.183 0.940 0.974 
0.038 0.991 0.122 0.965 0.317 
0.026 0.994 0.127 0.973 0.408 
0.030 0.992 0.070 0.978 0.857 
0.027 0.993 0.089 0.975 0.943 
0.027 0.992 0.161 0.970 0.925 
0.035 0.995 0.102 0.953 0.996 
0.035 0.989 0.380 0.948 0.208 
0.053 0.991 0.091 0.958 0.955 
0.020 0.995 0.090 0.965 0.943 
0.021 0.995 0.058 0.975 1.000 
0.026 0.993 0.316 0.917 0.909 
0.030 0.990 0.087 0.965 0.989 
0.025 0.993 0.102 0.970 0.974 
0.022 0.992 0.106 0.948 0.996 
0.024 0.993 0.050 0.990 0.879 
0.030 0.990 0.131 0.945 0.789 
0.029 0.992 0.169 0.943 0.947 
0.023 0.995 0.095 0.970 0.985 
0.029 0.992 0.184 0.935 1.000 
0.028 0.993 0.053 0.975 0.672 
0.037 0.989 0.185 0.938 0.875 
0.027 0.993 0.062 0.978 0.947 
0.022 0.995 0.124 0.958 0.985 
0.021 0.994 0.059 0.975 0.887 
0.027 0.994 0.053 0.985 0.996 
0.023 0.995 0.075 0.973 1.000 
0.026 0.993 0.062 0.988 0.974 
0.028 0.993 0.076 0.970 0.996 
0.030 0.991 0.118 0.953 0.996 
0.032 0.991 0.042 0.983 0.294 
0.023 0.995 0.034 0.993 0.981 
0.025 0.994 0.065 0.968 0.985 
0.025 0.993 0.049 0.985 0.985 
0.018 0.997 0.062 0.973 1.000 
0.032 0.990 0.064 0.970 1.000 
0.025 0.993 0.089 0.973 0.989 
0.028 0.991 0.051 0.973 1.000 
0.025 0.992 0.055 0.975 1.000 
0.023 0.993 0.075 0.980 0.992 
0.019 0.996 0.068 0.973 1.000 
0.022 0.994 0.084 0.963 1.000 
0.028 0.991 0.077 0.968 1.000 
0.038 0.992 0.134 0.988 1.000 
0.027 0.992 0.183 0.970 0.981 
0.021 0.995 0.282 0.953 0.872 
0.041 0.993 0.155 0.978 1.000 
0.035 0.991 0.138 0.973 0.430 
0.027 0.992 0.101 0.990 0.974 
0.039 0.993 0.080 0.980 0.989 
0.034 0.992 0.144 0.965 0.989 
0.027 0.993 0.105 0.965 1.000 
0.035 0.992 0.110 0.973 0.974 
0.027 0.992 0.115 0.965 0.955 
0.021 0.994 0.126 0.973 0.894 
0.018 0.996 0.095 0.983 0.947 
0.020 0.996 0.095 0.963 0.970 
0.023 0.993 0.099 0.955 0.992 
0.026 0.992 0.074 0.970 0.996 
0.024 0.995 0.051 0.980 0.996 
0.032 0.992 0.086 0.975 0.691 
0.036 0.991 0.092 0.978 0.392 
0.021 0.995 0.087 0.970 0.830 
0.022 0.993 0.050 0.990 1.000 
0.019 0.995 0.110 0.980 0.932 
0.023 0.995 0.042 0.983 0.977 
0.024 0.994 0.114 0.963 0.989 
0.017 0.995 0.130 0.968 0.962 
0.028 0.993 0.070 0.978 0.981 
0.021 0.992 0.100 0.973 0.958 
0.021 0.994 0.047 0.983 0.940 
0.021 0.993 0.043 0.983 0.887 
0.024 0.995 0.061 0.980 0.709 
0.023 0.995 0.070 0.980 0.317 
0.029 0.993 0.197 0.968 0.958 
0.020 0.995 0.163 0.965 0.992 
0.028 0.994 0.037 0.993 0.294 
0.027 0.994 0.081 0.973 0.951 
0.022 0.995 0.117 0.960 0.242 
0.029 0.990 0.085 0.970 0.687 
0.023 0.993 0.117 0.965 0.996 
0.024 0.992 0.128 0.963 0.996 
0.021 0.995 0.070 0.978 0.992 
0.029 0.993 0.166 0.968 0.943 
0.021 0.994 0.063 0.978 0.996 
0.047 0.992 0.074 0.968 0.977 
0.021 0.995 0.066 0.965 0.992 
0.017 0.995 0.150 0.950 0.317 
0.032 0.992 0.093 0.963 1.000 
0.025 0.995 0.068 0.983 1.000 
0.022 0.993 0.063 0.975 1.000 
0.029 0.993 0.151 0.938 0.985 
0.025 0.993 0.067 0.980 1.000 
0.032 0.995 0.052 0.980 1.000 
0.027 0.991 0.138 0.950 1.000 
0.027 0.993 0.149 0.950 1.000 
0.028 0.992 0.144 0.973 1.000 
0.025 0.996 0.118 0.955 1.000 
0.026 0.992 0.212 0.932 1.000 
0.026 0.993 0.173 0.950 1.000 
0.023 0.995 0.023 0.995 1.000 
0.022 0.996 0.113 0.943 0.974 
0.026 0.993 0.096 0.973 0.981 
0.026 0.992 0.096 0.958 1.000 
0.031 0.994 0.124 0.950 1.000 
0.025 0.994 0.091 0.978 0.264 
0.025 0.993 0.108 0.948 0.996 
0.022 0.996 0.047 0.975 0.996 
0.030 0.992 0.150 0.938 0.630 
0.022 0.995 0.062 0.973 0.992 
0.026 0.993 0.101 0.988 0.275 
0.025 0.993 0.061 0.975 0.381 
0.018 0.995 0.033 0.995 0.913 
0.023 0.994 0.031 0.995 0.955 
0.023 0.993 0.077 0.960 0.996 
0.023 0.993 0.059 0.980 0.955 
0.025 0.995 0.095 0.978 0.800 
0.023 0.995 0.120 0.965 0.966 
0.031 0.993 0.055 0.978 0.936 
0.022 0.995 0.102 0.963 1.000 
0.033 0.990 0.089 0.963 1.000 
0.020 0.994 0.129 0.960 0.992 
0.020 0.993 0.076 0.975 0.992 
0.019 0.994 0.078 0.968 0.996 
0.021 0.993 0.060 0.973 1.000 
0.031 0.993 0.038 0.993 1.000 
0.020 0.994 0.044 0.983 1.000 
0.018 0.995 0.073 0.980 1.000 
0.031 0.993 0.122 0.955 0.996 
0.027 0.993 0.239 0.940 0.989 
0.032 0.992 0.152 0.938 1.000 
0.020 0.995 0.236 0.958 0.985 
0.034 0.992 0.078 0.980 0.928 
0.022 0.995 0.076 0.970 0.970 
0.024 0.995 0.071 0.988 0.868 
0.032 0.993 0.216 0.935 1.000 
0.025 0.993 0.177 0.935 0.875 
0.022 0.994 0.091 0.968 0.883 
0.027 0.993 0.128 0.963 0.800 
0.016 0.997 0.172 0.948 1.000 
0.033 0.993 0.108 0.958 0.943 
0.019 0.996 0.098 0.978 0.079 
0.022 0.992 0.082 0.993 0.864 
0.023 0.993 0.128 0.963 0.992 
0.020 0.995 0.124 0.970 0.000 
0.017 0.993 0.094 0.978 0.977 
0.018 0.995 0.253 0.955 0.996 
0.030 0.992 0.103 0.963 0.985 
0.019 0.994 0.051 0.993 0.996 
0.030 0.991 0.076 0.990 0.325 
0.032 0.995 0.027 0.993 0.996 
0.021 0.992 0.056 0.975 1.000 
0.019 0.995 0.046 0.978 0.996 
0.025 0.992 0.148 0.963 1.000 
0.022 0.995 0.139 0.943 1.000 
0.018 0.995 0.076 0.978 0.521 
0.025 0.993 0.152 0.958 0.992 
0.021 0.995 0.044 0.980 0.992 
0.028 0.994 0.057 0.990 0.996 
0.028 0.993 0.093 0.965 0.962 
0.015 0.996 0.077 0.990 0.800 
0.033 0.992 0.074 0.963 0.958 
0.022 0.993 0.048 0.978 0.785 
0.036 0.993 0.050 0.980 0.921 
0.018 0.993 0.240 0.938 0.030 
0.032 0.988 0.078 0.978 0.743 
0.021 0.994 0.087 0.960 0.736 
0.020 0.995 0.068 0.970 0.966 
0.018 0.995 0.045 0.993 0.864 
0.018 0.996 0.111 0.960 1.000 
0.023 0.995 0.065 0.973 1.000 
0.023 0.993 0.067 0.968 0.842 
0.024 0.993 0.051 0.993 0.947 
0.025 0.992 0.108 0.953 1.000 
0.026 0.991 0.101 0.958 0.996 
0.023 0.993 0.064 0.978 0.996 
0.017 0.996 0.107 0.963 1.000 
0.025 0.992 0.028 0.993 1.000 
0.015 0.995 0.098 0.965 1.000 
0.020 0.996 0.034 0.993 0.977 
0.028 0.993 0.067 0.975 1.000 
0.022 0.996 0.068 0.970 0.996 
0.025 0.993 0.146 0.963 1.000 
0.022 0.995 0.110 0.990 1.000 
0.019 0.993 0.123 0.988 0.989 
0.018 0.995 0.143 0.990 0.042 
0.028 0.991 0.071 0.988 0.253 
0.017 0.995 0.192 0.963 0.992 
0.026 0.995 0.131 0.970 0.660 
0.020 0.993 0.156 0.990 0.317 
0.025 0.995 0.114 0.963 1.000 
0.027 0.992 0.106 0.950 0.996 
0.022 0.993 0.132 0.955 0.985 
0.019 0.996 0.134 0.970 1.000 
0.025 0.993 0.083 0.963 1.000 
0.016 0.995 0.132 0.968 0.996 
0.014 0.996 0.055 0.988 0.996 
0.016 0.996 0.070 0.975 1.000 
0.038 0.994 0.271 0.958 0.989 
0.024 0.993 0.033 0.993 0.996 
0.020 0.996 0.057 0.978 1.000 
0.019 0.996 0.111 0.963 0.853 
0.022 0.993 0.138 0.970 0.996 
0.020 0.996 0.043 0.985 0.966 
0.019 0.997 0.031 0.993 1.000 
0.024 0.993 0.170 0.973 0.992 
0.023 0.994 0.161 0.953 0.992 
0.029 0.993 0.026 0.995 0.974 
0.016 0.996 0.069 0.985 0.962 
0.018 0.995 0.068 0.970 1.000 
0.022 0.994 0.098 0.963 1.000 
0.016 0.994 0.056 0.978 0.992 
0.019 0.995 0.082 0.970 0.985 
0.033 0.992 0.109 0.960 0.981 
0.028 0.991 0.082 0.965 0.992 
0.018 0.996 0.066 0.980 0.955 
0.027 0.992 0.027 0.998 0.958 
0.029 0.992 0.068 0.965 0.842 
0.026 0.993 0.063 0.978 0.992 
0.039 0.991 0.120 0.970 0.857 
0.024 0.993 0.135 0.990 0.019 
0.019 0.996 0.138 0.960 0.630 
0.020 0.995 0.114 0.990 0.132 
0.016 0.995 0.114 0.963 0.951 
0.025 0.995 0.088 0.978 0.709 
0.013 0.997 0.114 0.990 0.955 
0.020 0.994 0.083 0.965 0.906 
0.021 0.995 0.026 0.993 0.577 
0.012 0.996 0.092 0.973 0.943 
0.026 0.992 0.142 0.943 0.992 
0.015 0.997 0.154 0.948 0.996 
0.022 0.994 0.072 0.968 0.853 
0.033 0.989 0.051 0.978 0.962 
0.015 0.996 0.035 0.993 0.977 
0.019 0.993 0.047 0.988 0.762 
0.014 0.997 0.042 0.980 0.985 
0.017 0.994 0.107 0.955 0.992 
0.020 0.995 0.039 0.990 0.989 
0.018 0.995 0.029 0.990 0.992 
0.021 0.992 0.025 0.990 0.977 
0.018 0.996 0.140 0.950 0.985 
0.018 0.995 0.056 0.978 0.958 
0.019 0.994 0.053 0.978 0.887 
0.021 0.995 0.037 0.980 0.992 
0.015 0.996 0.104 0.978 0.845 
0.023 0.994 0.023 0.995 0.996 
0.021 0.995 0.051 0.980 0.992 
0.014 0.996 0.109 0.975 0.951 
0.025 0.996 0.228 0.922 1.000 
0.022 0.994 0.075 0.978 0.936 
0.026 0.991 0.089 0.958 0.996 
0.013 0.998 0.045 0.988 0.849 
0.023 0.993 0.045 0.990 0.992 
0.030 0.992 0.055 0.980 1.000 
0.020 0.993 0.118 0.978 0.996 
0.022 0.993 0.147 0.953 1.000 
0.018 0.992 0.063 0.980 1.000 
0.012 0.997 0.178 0.958 0.996 
0.018 0.993 0.129 0.945 0.996 
0.026 0.995 0.133 0.960 0.981 
0.020 0.993 0.115 0.958 0.985 
0.028 0.993 0.118 0.958 0.985 
0.015 0.996 0.073 0.990 0.921 
0.015 0.995 0.057 0.988 0.951 
0.020 0.993 0.061 0.990 0.800 
0.018 0.993 0.095 0.960 1.000 
0.019 0.993 0.078 0.988 0.932 
0.018 0.995 0.136 0.945 0.581 
0.021 0.992 0.120 0.958 0.958 
0.021 0.994 0.061 0.988 1.000 
0.026 0.991 0.081 0.975 0.694 
0.016 0.995 0.247 0.925 0.992 
0.026 0.992 0.075 0.963 0.970 
0.015 0.997 0.077 0.968 0.966 
0.023 0.993 0.035 0.990 1.000 
0.014 0.996 0.024 0.993 0.985 
0.020 0.996 0.084 0.963 1.000 
0.017 0.996 0.089 0.990 0.947 
0.026 0.993 0.134 0.958 1.000 
0.026 0.994 0.195 0.948 0.996 
0.019 0.997 0.084 0.978 1.000 
0.021 0.994 0.093 0.975 1.000 
0.015 0.996 0.095 0.975 1.000 
0.021 0.995 0.097 0.965 1.000 
0.020 0.994 0.028 0.990 0.996 
0.013 0.997 0.063 0.978 0.842 
0.029 0.990 0.086 0.968 1.000 
0.025 0.993 0.040 0.980 0.996 
0.012 0.997 0.134 0.958 1.000 
0.015 0.995 0.023 0.993 1.000 
0.032 0.992 0.073 0.970 1.000 
0.015 0.997 0.188 0.955 1.000 
0.027 0.994 0.115 0.955 0.996 
0.015 0.995 0.100 0.963 1.000 
0.020 0.996 0.055 0.978 0.962 
0.022 0.995 0.093 0.970 0.992 
0.017 0.997 0.116 0.965 0.989 
0.019 0.996 0.090 0.960 1.000 
0.015 0.997 0.038 0.980 1.000 
0.025 0.993 0.076 0.965 0.955 
0.025 0.993 0.098 0.965 0.996 
0.024 0.994 0.134 0.948 0.996 
0.013 0.995 0.021 0.993 0.996 
0.014 0.996 0.024 0.995 1.000 
0.030 0.993 0.066 0.980 0.985 
0.020 0.995 0.075 0.970 1.000 
0.038 0.991 0.177 0.930 1.000 
0.019 0.994 0.064 0.970 0.996 
0.019 0.993 0.086 0.970 0.992 
0.018 0.995 0.158 0.953 0.985 
0.017 0.993 0.075 0.970 1.000 
0.015 0.995 0.066 0.970 1.000 
0.024 0.997 0.060 0.978 0.996 
0.028 0.993 0.144 0.940 0.992 
0.038 0.993 0.052 0.978 1.000 
0.025 0.992 0.066 0.973 0.966 
0.025 0.993 0.110 0.953 0.996 
0.023 0.996 0.091 0.978 0.921 
0.022 0.995 0.077 0.973 0.992 
0.024 0.995 0.173 0.948 0.985 
0.023 0.994 0.065 0.978 0.992 
0.023 0.992 0.071 0.973 0.974 
0.019 0.995 0.090 0.965 0.943 
0.021 0.993 0.099 0.958 0.977 
0.016 0.995 0.233 0.932 0.913 
0.030 0.992 0.052 0.983 0.996 
0.022 0.992 0.057 0.980 0.996 
0.017 0.996 0.040 0.993 0.970 
0.013 0.996 0.111 0.973 0.955 
0.017 0.995 0.028 0.990 1.000 
0.017 0.994 0.102 0.975 0.981 
0.037 0.992 0.042 0.983 1.000 
0.024 0.994 0.140 0.950 1.000 
0.019 0.994 0.076 0.973 0.996 
0.017 0.995 0.142 0.960 0.996 
0.017 0.996 0.181 0.960 0.989 
0.017 0.995 0.050 0.993 0.996 
0.018 0.996 0.117 0.993 0.981 
0.018 0.995 0.206 0.958 0.792 
0.025 0.993 0.087 0.983 0.992 
0.014 0.996 0.083 0.975 0.996 
0.021 0.995 0.200 0.950 0.996 
0.013 0.996 0.172 0.963 0.974 
0.021 0.996 0.107 0.963 0.996 
0.020 0.993 0.080 0.975 0.996 
0.016 0.997 0.107 0.963 1.000 
0.012 0.995 0.114 0.968 0.996 
0.024 0.992 0.067 0.973 0.996 
0.019 0.994 0.092 0.970 0.989 
0.030 0.991 0.158 0.980 0.992 
0.025 0.995 0.066 0.978 0.996 
0.012 0.996 0.100 0.968 0.992 
0.017 0.995 0.199 0.950 0.996 
0.024 0.996 0.055 0.975 1.000 
0.018 0.994 0.049 0.978 0.996 
0.014 0.996 0.090 0.965 1.000 
0.018 0.996 0.051 0.983 0.996 
0.019 0.995 0.088 0.975 0.996 
0.015 0.996 0.085 0.985 0.996 
0.029 0.991 0.095 0.970 0.989 
0.020 0.995 0.027 0.995 0.996 
0.015 0.997 0.034 0.990 1.000 
0.028 0.993 0.325 0.930 1.000 
0.020 0.994 0.073 0.968 0.996 
0.022 0.995 0.189 0.950 0.996 
0.020 0.995 0.114 0.988 0.996 
0.026 0.991 0.044 0.980 0.992 
0.015 0.997 0.047 0.990 0.819 
0.032 0.994 0.027 0.993 0.992 
0.027 0.995 0.077 0.963 0.996 
0.019 0.995 0.081 0.965 0.992 
0.022 0.996 0.120 0.960 0.989 
0.019 0.995 0.196 0.955 0.966 
0.016 0.995 0.144 0.965 0.992 
0.028 0.993 0.039 0.988 0.996 
0.011 0.996 0.131 0.970 0.992 
0.018 0.995 0.024 0.993 0.996 
0.018 0.995 0.030 0.993 0.992 
0.023 0.995 0.117 0.968 0.996 
0.019 0.996 0.059 0.990 0.830 
0.009 0.998 0.110 0.983 0.936 
0.022 0.996 0.096 0.973 0.996 
0.030 0.990 0.132 0.960 1.000 
0.017 0.995 0.036 0.980 1.000 
0.013 0.997 0.062 0.980 1.000 
0.026 0.995 0.099 0.960 0.970 
0.020 0.995 0.032 0.985 0.992 
0.022 0.995 0.054 0.980 0.974 
0.015 0.996 0.067 0.978 0.996 
0.025 0.994 0.063 0.973 0.996 
0.015 0.996 0.043 0.985 0.989 
0.012 0.994 0.046 0.983 0.996 
0.018 0.995 0.089 0.968 1.000 
0.016 0.996 0.074 0.965 0.996 
0.019 0.997 0.086 0.980 0.996 
0.032 0.991 0.058 0.973 1.000 
0.020 0.994 0.027 0.995 0.996 
0.024 0.994 0.069 0.970 0.985 
0.017 0.994 0.040 0.983 0.992 
0.012 0.997 0.045 0.983 1.000 
0.020 0.993 0.030 0.993 0.992 
0.018 0.993 0.025 0.995 1.000 
0.013 0.997 0.023 0.995 0.996 
0.024 0.994 0.065 0.975 0.985 
0.012 0.996 0.043 0.988 0.996 
0.021 0.993 0.089 0.963 0.936 
0.023 0.993 0.036 0.983 0.996 
0.021 0.994 0.031 0.990 0.992 
0.027 0.990 0.032 0.993 0.996 
0.017 0.996 0.092 0.968 0.981 
0.010 0.997 0.052 0.975 0.970 
0.037 0.992 0.044 0.983 0.936 
0.013 0.997 0.056 0.978 0.996 
0.017 0.993 0.051 0.978 0.981 
0.014 0.996 0.050 0.983 1.000 
0.028 0.995 0.078 0.970 0.857 
0.021 0.996 0.099 0.960 0.985 
0.021 0.995 0.033 0.993 0.992 
0.007 0.997 0.065 0.980 0.970 
0.022 0.993 0.100 0.968 0.977 
0.015 0.996 0.133 0.960 1.000 
0.015 0.996 0.349 0.940 0.989 
0.023 0.991 0.051 0.980 0.989 
0.022 0.993 0.081 0.973 0.996 
0.024 0.995 0.050 0.983 1.000 
0.011 0.996 0.038 0.983 1.000 
0.017 0.993 0.063 0.978 1.000 
0.019 0.997 0.066 0.978 1.000 
0.020 0.993 0.129 0.943 0.917 
0.023 0.996 0.062 0.983 0.989 
0.031 0.998 0.099 0.978 0.989 
0.013 0.995 0.121 0.980 0.981 
0.028 0.993 0.051 0.975 0.834 
0.017 0.993 0.025 0.995 0.917 
0.019 0.996 0.027 0.995 0.981 
0.018 0.995 0.020 0.993 0.977 
0.028 0.995 0.016 0.998 1.000 
0.021 0.995 0.080 0.975 1.000 
0.028 0.993 0.116 0.965 0.992 
0.018 0.993 0.084 0.970 0.996 
0.011 0.996 0.057 0.983 0.992 
0.024 0.996 0.045 0.983 1.000 
0.013 0.998 0.031 0.985 1.000 
0.012 0.996 0.149 0.955 0.996 
0.013 0.995 0.074 0.993 0.992 
0.018 0.996 0.047 0.985 1.000 
0.020 0.995 0.066 0.975 0.996 
0.018 0.995 0.082 0.965 0.996 
0.017 0.995 0.154 0.953 1.000 
0.023 0.995 0.211 0.973 1.000 
0.018 0.995 0.163 0.978 0.996 
0.020 0.995 0.133 0.975 1.000 
0.023 0.993 0.297 0.965 0.977 
0.020 0.996 0.054 0.993 1.000 
0.015 0.995 0.112 0.975 1.000 
0.017 0.995 0.173 0.940 1.000 
0.017 0.996 0.048 0.995 0.992 
0.024 0.992 0.137 0.993 0.857 
0.017 0.996 0.074 0.970 0.974 
0.017 0.995 0.040 0.985 0.974 
0.017 0.996 0.042 0.983 0.985 
0.022 0.992 0.189 0.960 0.996 
0.018 0.996 0.086 0.968 0.996 
0.019 0.995 0.175 0.965 0.981 
0.018 0.996 0.044 0.983 0.985 
0.018 0.995 0.037 0.988 0.996 
0.021 0.997 0.055 0.983 1.000 
0.019 0.993 0.029 0.995 0.992 
0.016 0.995 0.079 0.970 1.000 
0.016 0.995 0.210 0.958 1.000 
0.032 0.994 0.054 0.978 1.000 
0.016 0.995 0.043 0.980 1.000 
0.021 0.995 0.092 0.965 0.951 
0.016 0.994 0.093 0.970 0.981 
0.012 0.997 0.057 0.978 0.989 
0.013 0.997 0.122 0.958 0.985 
0.021 0.995 0.068 0.970 0.996 
0.019 0.995 0.063 0.975 0.992 
0.016 0.996 0.088 0.968 1.000 
0.019 0.994 0.054 0.978 0.996 
0.016 0.994 0.110 0.965 1.000 
0.019 0.993 0.079 0.980 1.000 
0.022 0.993 0.040 0.988 1.000 
0.015 0.996 0.132 0.948 1.000 
0.018 0.996 0.051 0.975 1.000 
0.012 0.997 0.059 0.975 0.996 
0.019 0.995 0.046 0.978 1.000 
0.023 0.995 0.049 0.978 1.000 
0.013 0.996 0.205 0.965 1.000 
0.023 0.993 0.071 0.970 1.000 
0.017 0.996 0.028 0.993 1.000 
0.024 0.994 0.149 0.950 1.000 
0.017 0.996 0.181 0.948 1.000 
0.014 0.997 0.115 0.980 1.000 
0.017 0.997 0.182 0.935 1.000 
0.018 0.995 0.068 0.970 1.000 
0.027 0.995 0.074 0.975 0.989 
0.019 0.995 0.040 0.983 1.000 
0.016 0.995 0.188 0.950 0.996 
0.014 0.997 0.158 0.945 1.000 
0.016 0.996 0.180 0.955 0.981 
0.017 0.996 0.088 0.990 1.000 
0.016 0.993 0.064 0.993 1.000 
0.013 0.998 0.063 0.983 1.000 
0.021 0.995 0.057 0.970 1.000 
0.020 0.995 0.062 0.975 1.000 
0.012 0.998 0.157 0.963 1.000 
0.028 0.993 0.029 0.993 1.000 
0.017 0.997 0.201 0.958 1.000 
0.024 0.993 0.121 0.965 1.000 
0.016 0.997 0.066 0.975 1.000 
0.019 0.993 0.061 0.975 1.000 
0.022 0.994 0.060 0.980 1.000 
0.023 0.991 0.110 0.965 1.000 
0.013 0.996 0.063 0.975 0.996 
0.013 0.996 0.097 0.975 0.992 
0.017 0.996 0.112 0.963 0.992 
0.015 0.996 0.092 0.965 1.000 
0.017 0.995 0.031 0.995 1.000 
0.017 0.996 0.025 0.993 1.000 
0.013 0.997 0.025 0.995 0.996 
0.017 0.995 0.037 0.980 1.000 
0.013 0.996 0.125 0.955 1.000 
0.013 0.996 0.063 0.965 1.000 
0.017 0.997 0.033 0.990 1.000 
0.012 0.997 0.072 0.975 1.000 
0.011 0.997 0.175 0.955 1.000 
0.021 0.993 0.032 0.985 1.000 
0.015 0.996 0.070 0.993 0.996 
0.029 0.992 0.027 0.993 1.000 
0.024 0.993 0.042 0.983 1.000 
0.023 0.996 0.068 0.983 1.000 
0.017 0.995 0.086 0.963 0.996 
0.015 0.996 0.090 0.958 0.989 
0.012 0.997 0.059 0.970 0.996 
0.018 0.995 0.121 0.955 0.996 
0.014 0.997 0.049 0.980 1.000 
0.032 0.993 0.144 0.958 1.000 
0.022 0.995 0.145 0.950 1.000 
0.018 0.996 0.085 0.968 1.000 
0.015 0.996 0.054 0.975 1.000 
0.020 0.995 0.120 0.950 1.000 
0.025 0.995 0.090 0.958 1.000 
0.009 0.997 0.056 0.975 1.000 
0.013 0.998 0.080 0.970 1.000 
0.021 0.995 0.026 0.985 1.000 
0.027 0.995 0.025 0.993 1.000 
0.025 0.992 0.210 0.948 1.000 
0.015 0.996 0.118 0.963 1.000 
0.024 0.996 0.082 0.973 1.000 
0.022 0.993 0.121 0.945 1.000 
0.016 0.995 0.041 0.980 1.000 
0.018 0.995 0.063 0.970 1.000 
0.013 0.998 0.048 0.975 1.000 
0.010 0.998 0.119 0.970 1.000 
0.023 0.992 0.065 0.965 0.996 
0.011 0.997 0.026 0.995 0.996 
0.024 0.994 0.042 0.980 1.000 
0.014 0.996 0.092 0.953 1.000 
0.018 0.993 0.089 0.963 1.000 
0.016 0.995 0.040 0.988 1.000 
0.009 0.998 0.055 0.978 1.000 
0.020 0.995 0.082 0.980 1.000 
0.012 0.996 0.064 0.973 1.000 
0.024 0.993 0.063 0.980 1.000 
0.028 0.995 0.158 0.945 1.000 
0.017 0.995 0.045 0.983 0.996 
0.035 0.992 0.038 0.988 1.000 
0.024 0.996 0.174 0.945 1.000 
0.017 0.995 0.055 0.985 0.974 
0.013 0.996 0.114 0.975 1.000 
0.012 0.997 0.039 0.988 1.000 
0.012 0.995 0.079 0.963 1.000 
0.019 0.996 0.149 0.945 1.000 
0.018 0.996 0.041 0.980 1.000 
0.014 0.996 0.161 0.940 1.000 
0.015 0.996 0.058 0.988 1.000 
0.021 0.995 0.077 0.970 1.000 
0.017 0.996 0.047 0.975 1.000 
0.016 0.996 0.068 0.970 1.000 
0.011 0.995 0.063 0.975 1.000 
0.029 0.993 0.047 0.978 1.000 
0.032 0.991 0.042 0.988 1.000 
0.017 0.994 0.033 0.988 1.000 
0.021 0.995 0.042 0.988 1.000 
0.013 0.997 0.127 0.953 1.000 
0.007 0.999 0.054 0.975 1.000 
0.019 0.993 0.067 0.978 1.000 
0.012 0.996 0.127 0.960 1.000 
0.016 0.995 0.069 0.970 1.000 
0.008 0.998 0.064 0.980 1.000 
0.009 0.997 0.113 0.955 1.000 
0.017 0.995 0.030 0.990 1.000 
0.019 0.995 0.083 0.965 1.000 
0.022 0.993 0.061 0.965 1.000 
0.010 0.995 0.033 0.993 1.000 
0.015 0.995 0.028 0.995 1.000 
0.020 0.996 0.083 0.968 0.996 
0.026 0.997 0.055 0.978 1.000 
0.017 0.996 0.101 0.960 1.000 
0.016 0.995 0.033 0.983 1.000 
0.045 0.996 0.170 0.948 1.000 
0.018 0.994 0.086 0.965 1.000 
0.022 0.992 0.099 0.960 1.000 
0.013 0.996 0.029 0.993 1.000 
0.054 0.996 0.046 0.978 1.000 
0.027 0.995 0.102 0.968 1.000 
0.008 0.998 0.038 0.980 1.000 
0.018 0.994 0.030 0.993 1.000 
0.016 0.996 0.082 0.968 1.000 
0.014 0.995 0.027 0.995 1.000 
0.017 0.995 0.077 0.968 1.000 
0.018 0.993 0.079 0.993 0.860 
0.028 0.996 0.096 0.978 0.992 
0.018 0.995 0.132 0.965 0.996 
0.008 0.998 0.092 0.975 0.996 
0.014 0.996 0.357 0.965 0.887 
0.015 0.995 0.237 0.953 1.000 
0.019 0.995 0.141 0.965 1.000 
0.015 0.995 0.244 0.963 0.992 
0.012 0.996 0.318 0.970 0.996 
0.025 0.991 0.210 0.978 1.000 
0.013 0.998 0.135 0.980 1.000 
0.028 0.994 0.075 0.973 1.000 
0.016 0.996 0.068 0.978 1.000 
0.014 0.995 0.160 0.968 0.992 
0.017 0.996 0.065 0.980 0.996 
0.012 0.996 0.077 0.968 1.000 
0.013 0.996 0.087 0.973 1.000 
0.015 0.997 0.064 0.983 1.000 
0.042 0.993 0.104 0.970 1.000 
0.023 0.993 0.079 0.980 0.977 
0.014 0.996 0.089 0.968 0.996 
0.015 0.996 0.078 0.980 0.989 
0.027 0.995 0.076 0.980 0.943 
0.016 0.995 0.192 0.940 1.000 
0.013 0.997 0.071 0.975 1.000 
0.018 0.995 0.245 0.930 1.000 
0.014 0.996 0.051 0.980 1.000 
0.012 0.997 0.052 0.983 1.000 
0.013 0.997 0.158 0.938 1.000 
0.013 0.994 0.164 0.953 0.992 
0.010 0.998 0.058 0.980 0.996 
0.014 0.996 0.036 0.983 0.974 
0.014 0.996 0.122 0.945 0.977 
0.020 0.991 0.180 0.938 0.962 
0.016 0.996 0.069 0.978 0.974 
0.041 0.996 0.268 0.950 0.921 
0.022 0.994 0.133 0.973 0.925 
0.017 0.993 0.112 0.993 0.981 
0.016 0.995 0.238 0.945 0.996 
0.031 0.995 0.072 0.975 0.985 
0.012 0.996 0.049 0.980 0.981 
0.012 0.996 0.038 0.983 0.977 
0.011 0.997 0.093 0.973 0.981 
0.017 0.995 0.059 0.978 0.974 
0.013 0.996 0.037 0.983 0.992 
0.016 0.995 0.080 0.978 0.989 
0.020 0.996 0.059 0.980 1.000 
0.023 0.993 0.160 0.930 1.000 
0.016 0.996 0.072 0.980 0.940 
0.014 0.995 0.131 0.950 0.989 
0.017 0.993 0.089 0.960 1.000 
0.015 0.996 0.210 0.927 1.000 
0.013 0.996 0.059 0.980 0.974 
0.013 0.995 0.058 0.975 0.943 
0.016 0.996 0.024 0.993 0.992 
0.021 0.996 0.084 0.965 1.000 
0.011 0.997 0.094 0.965 0.977 
0.021 0.995 0.112 0.973 0.996 
0.013 0.996 0.055 0.980 0.974 
0.020 0.994 0.113 0.973 0.996 
0.009 0.996 0.108 0.973 0.996 
0.014 0.996 0.054 0.975 1.000 
0.016 0.993 0.113 0.970 0.996 
0.014 0.998 0.051 0.978 1.000 
0.018 0.996 0.137 0.953 1.000 
0.019 0.994 0.104 0.958 1.000 
0.014 0.996 0.153 0.945 1.000 
0.009 0.997 0.045 0.985 0.996 
0.016 0.997 0.115 0.983 0.996 
0.023 0.996 0.236 0.948 1.000 
0.012 0.995 0.111 0.980 1.000 
0.020 0.995 0.043 0.978 1.000 
0.011 0.997 0.124 0.973 1.000 
0.023 0.994 0.126 0.953 1.000 
0.018 0.994 0.086 0.965 1.000 
0.016 0.995 0.151 0.975 0.996 
0.048 0.993 0.086 0.963 0.981 
0.018 0.993 0.066 0.970 0.992 
0.023 0.996 0.055 0.975 1.000 
0.023 0.992 0.060 0.970 1.000 
0.015 0.995 0.072 0.965 1.000 
0.011 0.998 0.092 0.963 1.000 
0.011 0.996 0.104 0.963 1.000 
0.015 0.996 0.163 0.938 1.000 
0.016 0.996 0.048 0.978 1.000 
0.010 0.998 0.041 0.985 1.000 
0.019 0.995 0.114 0.958 1.000 
0.013 0.994 0.195 0.943 1.000 
0.017 0.995 0.090 0.970 0.992 
0.012 0.996 0.082 0.968 1.000 
0.013 0.996 0.041 0.983 0.989 
0.023 0.997 0.111 0.958 1.000 
0.020 0.992 0.173 0.932 0.989 
0.015 0.996 0.021 0.993 0.992 
0.022 0.996 0.027 0.993 1.000 
0.015 0.993 0.102 0.960 0.996 
0.025 0.995 0.196 0.963 0.996 
0.042 0.992 0.039 0.985 0.996 
0.019 0.996 0.013 1.000 1.000 
0.021 0.994 0.074 0.983 0.992 
0.038 0.995 0.102 0.963 0.989 
0.016 0.995 0.070 0.970 0.996 
0.014 0.996 0.020 0.995 0.996 
0.008 0.997 0.094 0.963 1.000 
0.012 0.997 0.131 0.960 1.000 
0.022 0.993 0.120 0.960 0.996 
0.015 0.996 0.092 0.965 0.981 
0.016 0.995 0.109 0.960 0.992 
0.011 0.996 0.027 0.995 0.996 
0.020 0.995 0.133 0.945 1.000 
0.007 0.998 0.063 0.983 1.000 
0.026 0.993 0.062 0.970 0.996 
0.023 0.996 0.118 0.943 1.000 
0.017 0.995 0.031 0.990 0.996 
0.010 0.998 0.080 0.983 0.958 
0.017 0.996 0.080 0.963 0.992 
0.012 0.996 0.096 0.988 1.000 
0.022 0.996 0.023 0.985 0.985 
0.049 0.992 0.105 0.975 0.989 
0.026 0.992 0.152 0.955 0.992 
0.025 0.994 0.256 0.935 0.996 
0.011 0.997 0.181 0.968 1.000 
0.011 0.998 0.282 0.938 1.000 
0.012 0.997 0.131 0.968 0.996 
0.005 0.999 0.178 0.970 1.000 
0.011 0.998 0.098 0.978 1.000 
0.014 0.996 0.352 0.953 0.996 
0.017 0.995 0.196 0.950 0.985 
0.015 0.993 0.043 0.993 0.989 
0.014 0.997 0.188 0.978 0.981 
0.013 0.997 0.144 0.993 1.000 
0.015 0.994 0.212 0.980 0.970 
0.011 0.996 0.080 0.970 0.981 
0.023 0.995 0.275 0.935 0.898 
0.019 0.994 0.176 0.993 0.902 
0.013 0.996 0.021 0.995 0.940 
0.025 0.995 0.512 0.940 0.660 
0.020 0.995 0.065 0.983 0.974 
0.013 0.997 0.071 0.993 0.985 
0.015 0.996 0.065 0.970 0.951 
0.023 0.995 0.043 0.983 1.000 
0.024 0.996 0.041 0.985 0.985 
0.015 0.995 0.025 0.993 0.951 
0.018 0.995 0.046 0.983 0.958 
0.013 0.995 0.077 0.970 0.992 
0.015 0.996 0.049 0.980 0.966 
0.010 0.997 0.050 0.980 0.981 
0.023 0.996 0.037 0.988 0.996 
0.012 0.996 0.166 0.955 0.992 
0.013 0.996 0.086 0.970 0.996 
0.013 0.996 0.023 0.993 0.819 
0.018 0.994 0.095 0.978 0.913 
0.026 0.995 0.025 0.983 1.000 
0.012 0.996 0.047 0.980 1.000 
0.053 0.993 0.020 0.993 1.000 
0.016 0.996 0.063 0.973 1.000 
0.014 0.996 0.099 0.990 0.992 
0.024 0.996 0.054 0.975 1.000 
0.017 0.993 0.042 0.980 0.996 
0.014 0.995 0.134 0.958 0.989 
0.028 0.994 0.068 0.968 1.000 
0.018 0.995 0.040 0.980 1.000 
0.012 0.995 0.045 0.978 0.996 
0.008 0.998 0.187 0.955 1.000 
0.009 0.997 0.107 0.960 1.000 
0.019 0.994 0.096 0.978 0.996 
0.010 0.996 0.090 0.968 1.000 
0.014 0.995 0.102 0.960 0.996 
0.014 0.996 0.061 0.973 1.000 
0.022 0.995 0.080 0.968 1.000 
0.017 0.994 0.098 0.958 1.000 
0.018 0.995 0.033 0.980 0.992 
0.009 0.997 0.025 0.993 1.000 
0.022 0.996 0.021 0.995 1.000 
0.014 0.996 0.076 0.975 1.000 
0.041 0.995 0.234 0.978 0.992 
0.029 0.992 0.259 0.960 1.000 
0.016 0.996 0.037 0.983 1.000 
0.007 0.998 0.155 0.963 1.000 
0.012 0.997 0.033 0.995 1.000 
0.054 0.996 0.101 0.968 1.000 
0.027 0.995 0.062 0.975 1.000 
0.012 0.996 0.063 0.975 1.000 
0.021 0.995 0.039 0.980 1.000 
0.025 0.995 0.126 0.960 0.985 
0.010 0.998 0.025 0.988 1.000 
0.023 0.993 0.035 0.980 0.996 
0.010 0.998 0.113 0.963 0.981 
0.015 0.996 0.120 0.963 0.996 
0.010 0.995 0.046 0.985 0.989 
0.019 0.995 0.060 0.975 0.981 
0.022 0.995 0.166 0.963 0.940 
0.016 0.994 0.066 0.973 0.996 
0.024 0.995 0.073 0.975 0.974 
0.009 0.998 0.112 0.965 0.977 
0.016 0.994 0.056 0.973 0.992 
0.013 0.996 0.058 0.980 1.000 
