0.408 0.827 0.288 0.920 0.615 
0.291 0.884 0.168 0.968 0.197 
0.261 0.890 0.152 0.950 0.360 
0.251 0.904 0.181 0.940 0.290 
0.211 0.920 0.121 0.973 0.723 
0.208 0.920 0.123 0.960 0.825 
0.204 0.926 0.144 0.963 0.822 
0.192 0.935 0.148 0.963 0.736 
0.193 0.938 0.086 0.978 0.783 
0.167 0.935 0.097 0.978 0.742 
0.167 0.938 0.139 0.958 0.866 
0.177 0.936 0.135 0.958 0.761 
0.159 0.943 0.116 0.968 0.844 
0.161 0.947 0.135 0.973 0.914 
0.145 0.952 0.094 0.973 0.869 
0.141 0.944 0.136 0.945 0.732 
0.154 0.946 0.109 0.978 0.920 
0.158 0.947 0.122 0.958 0.803 
0.148 0.943 0.112 0.960 0.857 
0.145 0.944 0.110 0.970 0.822 
0.143 0.944 0.095 0.978 0.901 
0.137 0.949 0.094 0.975 0.812 
0.145 0.940 0.104 0.975 0.860 
0.122 0.954 0.097 0.968 0.857 
0.130 0.957 0.100 0.975 0.901 
0.134 0.950 0.130 0.970 0.917 
0.116 0.957 0.088 0.965 0.793 
0.134 0.953 0.091 0.980 0.815 
0.129 0.955 0.113 0.958 0.863 
0.130 0.953 0.094 0.975 0.822 
0.130 0.957 0.125 0.973 0.924 
0.125 0.959 0.092 0.975 0.882 
0.111 0.960 0.117 0.980 0.901 
0.112 0.961 0.103 0.970 0.885 
0.118 0.956 0.098 0.973 0.857 
0.119 0.959 0.121 0.970 0.892 
0.116 0.960 0.126 0.975 0.927 
0.116 0.957 0.103 0.978 0.854 
0.106 0.963 0.115 0.983 0.911 
0.118 0.959 0.109 0.978 0.904 
0.108 0.961 0.094 0.968 0.761 
0.107 0.964 0.130 0.978 0.936 
0.100 0.963 0.105 0.973 0.917 
0.109 0.963 0.137 0.970 0.936 
0.098 0.968 0.132 0.965 0.959 
0.100 0.967 0.133 0.973 0.952 
0.099 0.967 0.137 0.980 0.869 
0.104 0.965 0.132 0.955 0.873 
0.108 0.962 0.100 0.970 0.920 
0.104 0.961 0.088 0.978 0.828 
0.110 0.965 0.098 0.975 0.882 
0.095 0.969 0.108 0.970 0.933 
0.083 0.970 0.098 0.978 0.936 
0.079 0.976 0.116 0.978 0.927 
0.083 0.968 0.125 0.958 0.936 
0.110 0.963 0.118 0.978 0.930 
0.096 0.968 0.096 0.978 0.898 
0.098 0.966 0.081 0.980 0.857 
0.105 0.966 0.114 0.965 0.924 
0.107 0.961 0.132 0.970 0.936 
0.084 0.973 0.108 0.968 0.838 
0.092 0.969 0.103 0.980 0.825 
0.085 0.970 0.130 0.975 0.901 
0.099 0.963 0.106 0.980 0.914 
0.086 0.974 0.095 0.975 0.854 
0.107 0.963 0.109 0.970 0.943 
0.101 0.964 0.118 0.973 0.930 
0.082 0.976 0.120 0.975 0.943 
0.096 0.969 0.133 0.968 0.920 
0.097 0.969 0.090 0.980 0.873 
0.105 0.964 0.082 0.978 0.879 
0.086 0.971 0.128 0.970 0.943 
0.083 0.973 0.092 0.980 0.879 
0.076 0.976 0.103 0.975 0.822 
0.078 0.970 0.101 0.980 0.920 
0.091 0.971 0.093 0.980 0.908 
0.078 0.975 0.099 0.965 0.860 
0.090 0.970 0.105 0.980 0.927 
0.083 0.975 0.120 0.968 0.965 
0.075 0.972 0.092 0.975 0.908 
0.089 0.967 0.108 0.970 0.869 
0.091 0.969 0.128 0.968 0.949 
0.085 0.966 0.104 0.965 0.892 
0.091 0.971 0.096 0.978 0.885 
0.074 0.974 0.096 0.978 0.911 
0.084 0.973 0.110 0.980 0.930 
0.065 0.976 0.102 0.968 0.844 
0.073 0.974 0.109 0.973 0.943 
0.091 0.969 0.094 0.980 0.904 
0.085 0.973 0.116 0.975 0.955 
0.073 0.978 0.099 0.973 0.873 
0.081 0.972 0.106 0.975 0.892 
0.079 0.974 0.126 0.978 0.879 
0.074 0.973 0.090 0.980 0.924 
0.070 0.979 0.112 0.975 0.949 
0.073 0.973 0.109 0.978 0.943 
0.075 0.972 0.099 0.980 0.917 
0.078 0.973 0.117 0.975 0.955 
0.077 0.973 0.110 0.975 0.898 
0.080 0.975 0.100 0.978 0.943 
0.092 0.969 0.119 0.978 0.933 
0.087 0.971 0.098 0.975 0.895 
0.067 0.978 0.119 0.973 0.920 
0.081 0.972 0.109 0.975 0.927 
0.066 0.981 0.155 0.955 0.955 
0.083 0.975 0.134 0.975 0.952 
0.066 0.979 0.130 0.965 0.955 
0.070 0.974 0.142 0.960 0.952 
0.068 0.973 0.113 0.970 0.949 
0.084 0.974 0.097 0.968 0.889 
0.074 0.976 0.112 0.973 0.939 
0.065 0.978 0.128 0.970 0.949 
0.063 0.982 0.113 0.965 0.933 
0.085 0.974 0.179 0.945 0.975 
0.065 0.975 0.111 0.970 0.889 
0.063 0.977 0.105 0.975 0.920 
0.075 0.974 0.102 0.980 0.924 
0.083 0.974 0.098 0.978 0.885 
0.068 0.976 0.110 0.973 0.933 
0.075 0.973 0.143 0.963 0.965 
0.054 0.981 0.151 0.965 0.838 
0.069 0.977 0.124 0.980 0.924 
0.082 0.974 0.110 0.978 0.930 
0.079 0.975 0.108 0.975 0.924 
0.064 0.980 0.138 0.978 0.911 
0.070 0.975 0.128 0.975 0.949 
0.063 0.978 0.114 0.980 0.936 
0.066 0.977 0.117 0.973 0.952 
0.061 0.981 0.103 0.980 0.924 
0.064 0.978 0.114 0.978 0.914 
0.076 0.977 0.096 0.975 0.930 
0.065 0.976 0.106 0.975 0.930 
0.065 0.979 0.099 0.980 0.927 
0.069 0.977 0.114 0.968 0.869 
0.069 0.977 0.122 0.978 0.943 
0.060 0.976 0.151 0.965 0.962 
0.071 0.977 0.121 0.970 0.949 
0.077 0.972 0.175 0.965 0.933 
0.066 0.977 0.130 0.968 0.943 
0.064 0.979 0.122 0.970 0.962 
0.062 0.982 0.115 0.973 0.946 
0.074 0.972 0.145 0.965 0.955 
0.064 0.981 0.120 0.973 0.959 
0.072 0.975 0.111 0.973 0.914 
0.064 0.977 0.100 0.978 0.924 
0.054 0.981 0.101 0.980 0.949 
0.066 0.977 0.162 0.968 0.959 
0.066 0.981 0.120 0.978 0.955 
0.062 0.983 0.141 0.968 0.952 
0.067 0.976 0.092 0.978 0.933 
0.070 0.977 0.106 0.975 0.949 
0.059 0.982 0.093 0.975 0.936 
0.057 0.982 0.146 0.965 0.968 
0.051 0.986 0.109 0.965 0.889 
0.064 0.978 0.092 0.978 0.933 
0.052 0.982 0.107 0.975 0.933 
0.054 0.981 0.107 0.968 0.911 
0.059 0.979 0.106 0.975 0.952 
0.061 0.979 0.086 0.978 0.898 
0.059 0.979 0.142 0.968 0.965 
0.056 0.981 0.118 0.980 0.939 
0.065 0.981 0.111 0.978 0.939 
0.055 0.985 0.121 0.975 0.946 
0.058 0.980 0.107 0.975 0.927 
0.067 0.976 0.121 0.973 0.946 
0.055 0.984 0.109 0.975 0.952 
0.054 0.980 0.132 0.975 0.965 
0.067 0.976 0.103 0.960 0.704 
0.054 0.981 0.117 0.975 0.933 
0.057 0.982 0.141 0.970 0.946 
0.059 0.983 0.134 0.973 0.955 
0.066 0.978 0.111 0.970 0.955 
0.066 0.981 0.106 0.975 0.917 
0.063 0.980 0.112 0.973 0.914 
0.060 0.982 0.120 0.970 0.876 
0.051 0.984 0.119 0.970 0.943 
0.057 0.983 0.097 0.980 0.927 
0.064 0.976 0.106 0.980 0.936 
0.064 0.980 0.092 0.978 0.917 
0.059 0.978 0.097 0.975 0.955 
0.055 0.984 0.113 0.975 0.965 
0.070 0.980 0.143 0.970 0.952 
0.062 0.980 0.112 0.965 0.930 
0.062 0.980 0.096 0.980 0.930 
0.060 0.981 0.100 0.975 0.946 
0.064 0.980 0.105 0.980 0.933 
0.062 0.980 0.095 0.978 0.936 
0.056 0.981 0.122 0.975 0.959 
0.044 0.985 0.091 0.975 0.927 
0.048 0.984 0.097 0.978 0.949 
0.057 0.981 0.124 0.963 0.955 
0.052 0.981 0.134 0.965 0.971 
0.061 0.980 0.119 0.968 0.917 
0.055 0.985 0.111 0.980 0.930 
0.062 0.981 0.094 0.970 0.860 
0.059 0.982 0.099 0.978 0.936 
0.052 0.985 0.093 0.975 0.857 
0.051 0.984 0.100 0.978 0.962 
0.065 0.979 0.114 0.973 0.943 
0.054 0.983 0.095 0.978 0.955 
0.041 0.988 0.125 0.970 0.952 
0.063 0.981 0.110 0.968 0.955 
0.057 0.982 0.121 0.978 0.936 
0.058 0.984 0.112 0.978 0.936 
0.065 0.977 0.121 0.970 0.965 
0.064 0.979 0.136 0.970 0.968 
0.052 0.984 0.121 0.978 0.911 
0.060 0.984 0.099 0.970 0.911 
0.049 0.985 0.101 0.980 0.952 
0.058 0.985 0.106 0.978 0.924 
0.071 0.973 0.077 0.980 0.889 
0.068 0.977 0.120 0.965 0.952 
0.044 0.983 0.089 0.980 0.917 
0.054 0.984 0.078 0.980 0.879 
0.054 0.982 0.096 0.975 0.939 
0.061 0.985 0.086 0.980 0.920 
0.051 0.985 0.106 0.973 0.955 
0.046 0.983 0.104 0.978 0.930 
0.054 0.977 0.124 0.973 0.933 
0.060 0.981 0.119 0.970 0.946 
0.057 0.980 0.094 0.978 0.949 
0.052 0.980 0.103 0.970 0.946 
0.044 0.986 0.097 0.980 0.943 
0.048 0.985 0.184 0.968 0.949 
0.051 0.980 0.101 0.975 0.911 
0.048 0.984 0.113 0.973 0.949 
0.058 0.986 0.167 0.965 0.968 
0.054 0.979 0.111 0.973 0.959 
0.050 0.986 0.105 0.978 0.952 
0.047 0.984 0.134 0.973 0.955 
0.064 0.978 0.087 0.980 0.895 
0.049 0.986 0.137 0.973 0.946 
0.049 0.985 0.162 0.970 0.959 
0.053 0.981 0.190 0.958 0.959 
0.053 0.984 0.112 0.973 0.936 
0.055 0.981 0.110 0.970 0.949 
0.057 0.982 0.172 0.950 0.968 
0.063 0.979 0.099 0.975 0.927 
0.045 0.984 0.150 0.968 0.959 
0.051 0.984 0.176 0.965 0.959 
0.067 0.981 0.098 0.983 0.914 
0.042 0.984 0.134 0.973 0.952 
0.046 0.987 0.120 0.978 0.920 
0.051 0.982 0.168 0.960 0.959 
0.052 0.981 0.133 0.963 0.968 
0.049 0.980 0.119 0.973 0.959 
0.055 0.984 0.108 0.975 0.943 
0.056 0.985 0.123 0.970 0.962 
0.046 0.985 0.107 0.973 0.943 
0.050 0.984 0.114 0.968 0.968 
0.049 0.982 0.168 0.958 0.955 
0.052 0.980 0.144 0.963 0.959 
0.045 0.984 0.104 0.973 0.959 
0.043 0.988 0.153 0.970 0.965 
0.047 0.984 0.088 0.980 0.895 
0.066 0.980 0.144 0.975 0.939 
0.049 0.989 0.133 0.965 0.968 
0.036 0.988 0.135 0.973 0.965 
0.055 0.981 0.142 0.970 0.959 
0.057 0.981 0.111 0.975 0.949 
0.045 0.986 0.101 0.978 0.936 
0.054 0.984 0.103 0.970 0.895 
0.052 0.984 0.098 0.975 0.955 
0.039 0.985 0.155 0.963 0.949 
0.041 0.986 0.105 0.973 0.955 
0.049 0.985 0.114 0.978 0.946 
0.048 0.989 0.101 0.980 0.908 
0.055 0.978 0.114 0.973 0.962 
0.032 0.989 0.131 0.970 0.955 
0.054 0.982 0.094 0.980 0.914 
0.042 0.988 0.122 0.975 0.955 
0.048 0.988 0.117 0.968 0.920 
0.054 0.982 0.092 0.980 0.911 
0.040 0.988 0.145 0.970 0.968 
0.052 0.985 0.100 0.975 0.936 
0.041 0.987 0.096 0.980 0.933 
0.057 0.984 0.093 0.973 0.959 
0.048 0.985 0.169 0.948 0.971 
0.060 0.980 0.112 0.968 0.971 
0.043 0.987 0.101 0.973 0.968 
0.047 0.987 0.097 0.978 0.936 
0.040 0.986 0.114 0.970 0.971 
0.045 0.984 0.125 0.973 0.971 
0.050 0.985 0.114 0.973 0.936 
0.059 0.978 0.101 0.978 0.927 
0.049 0.984 0.137 0.968 0.959 
0.038 0.988 0.136 0.973 0.959 
0.038 0.986 0.161 0.963 0.949 
0.060 0.978 0.103 0.973 0.965 
0.050 0.984 0.104 0.973 0.908 
0.052 0.981 0.151 0.953 0.959 
0.036 0.986 0.177 0.973 0.962 
0.048 0.982 0.131 0.970 0.965 
0.053 0.984 0.142 0.968 0.968 
0.050 0.982 0.124 0.965 0.952 
0.055 0.984 0.128 0.970 0.959 
0.038 0.988 0.116 0.973 0.949 
0.044 0.986 0.108 0.968 0.955 
0.039 0.987 0.083 0.980 0.876 
0.037 0.988 0.124 0.965 0.939 
0.038 0.986 0.152 0.968 0.965 
0.048 0.984 0.122 0.970 0.959 
0.043 0.985 0.103 0.975 0.943 
0.032 0.991 0.114 0.978 0.943 
0.066 0.984 0.138 0.978 0.920 
0.048 0.983 0.120 0.980 0.901 
0.053 0.982 0.138 0.960 0.965 
0.049 0.980 0.177 0.955 0.975 
0.048 0.984 0.107 0.975 0.936 
0.042 0.989 0.112 0.973 0.952 
0.042 0.986 0.112 0.975 0.952 
0.042 0.987 0.180 0.958 0.965 
0.053 0.984 0.095 0.980 0.917 
0.051 0.981 0.152 0.968 0.965 
0.044 0.982 0.124 0.973 0.952 
0.034 0.989 0.135 0.973 0.949 
0.043 0.985 0.149 0.960 0.965 
0.042 0.986 0.131 0.970 0.949 
0.039 0.986 0.131 0.973 0.959 
0.053 0.985 0.091 0.975 0.936 
0.051 0.984 0.093 0.980 0.879 
0.047 0.981 0.109 0.970 0.936 
0.034 0.991 0.122 0.968 0.962 
0.037 0.988 0.140 0.965 0.965 
0.039 0.986 0.110 0.973 0.949 
0.043 0.990 0.099 0.980 0.920 
0.045 0.984 0.143 0.963 0.962 
0.046 0.987 0.133 0.963 0.955 
0.051 0.984 0.137 0.970 0.949 
0.043 0.986 0.110 0.978 0.943 
0.046 0.981 0.140 0.973 0.955 
0.047 0.982 0.137 0.963 0.955 
0.039 0.984 0.125 0.973 0.930 
0.046 0.985 0.087 0.980 0.920 
0.039 0.985 0.109 0.978 0.939 
0.029 0.989 0.179 0.955 0.968 
0.032 0.988 0.145 0.965 0.968 
0.040 0.988 0.108 0.975 0.943 
0.040 0.985 0.109 0.968 0.946 
0.035 0.989 0.131 0.965 0.946 
0.033 0.989 0.152 0.965 0.965 
0.050 0.981 0.144 0.965 0.959 
0.032 0.990 0.096 0.975 0.939 
0.050 0.984 0.121 0.970 0.933 
0.036 0.989 0.162 0.965 0.959 
0.048 0.986 0.136 0.960 0.962 
0.048 0.982 0.114 0.965 0.962 
0.049 0.983 0.118 0.968 0.955 
0.041 0.986 0.111 0.970 0.965 
0.051 0.981 0.193 0.968 0.955 
0.044 0.986 0.158 0.970 0.959 
0.047 0.985 0.094 0.978 0.939 
0.045 0.985 0.076 0.980 0.857 
0.044 0.986 0.152 0.975 0.927 
0.047 0.984 0.104 0.970 0.943 
0.042 0.985 0.107 0.978 0.943 
0.050 0.986 0.102 0.975 0.936 
0.040 0.988 0.184 0.955 0.968 
0.035 0.989 0.110 0.973 0.955 
0.040 0.988 0.103 0.975 0.949 
0.046 0.987 0.122 0.978 0.955 
0.031 0.988 0.119 0.968 0.965 
0.045 0.985 0.141 0.965 0.959 
0.036 0.988 0.165 0.950 0.946 
0.028 0.988 0.116 0.970 0.962 
0.042 0.984 0.082 0.975 0.863 
0.040 0.986 0.111 0.975 0.962 
0.037 0.989 0.127 0.963 0.952 
0.036 0.988 0.114 0.975 0.946 
0.036 0.985 0.116 0.978 0.949 
0.037 0.986 0.105 0.978 0.949 
0.047 0.988 0.123 0.975 0.933 
0.052 0.983 0.107 0.980 0.914 
0.043 0.984 0.134 0.970 0.955 
0.043 0.984 0.122 0.970 0.949 
0.037 0.989 0.153 0.960 0.968 
0.041 0.985 0.123 0.965 0.955 
0.039 0.988 0.102 0.975 0.943 
0.036 0.989 0.147 0.968 0.965 
0.042 0.988 0.110 0.978 0.908 
0.043 0.983 0.123 0.973 0.946 
0.037 0.990 0.238 0.955 0.975 
0.041 0.983 0.108 0.980 0.933 
0.035 0.986 0.128 0.970 0.943 
0.050 0.983 0.110 0.970 0.930 
0.043 0.982 0.133 0.963 0.955 
0.046 0.985 0.103 0.980 0.892 
0.047 0.988 0.106 0.970 0.936 
0.038 0.989 0.120 0.970 0.939 
0.046 0.984 0.131 0.973 0.930 
0.039 0.987 0.139 0.973 0.939 
0.043 0.986 0.126 0.975 0.946 
0.033 0.989 0.127 0.975 0.962 
0.048 0.986 0.114 0.973 0.924 
0.031 0.991 0.176 0.968 0.955 
0.034 0.989 0.156 0.968 0.955 
0.036 0.990 0.189 0.948 0.975 
0.038 0.988 0.145 0.970 0.952 
0.044 0.985 0.162 0.975 0.968 
0.050 0.987 0.128 0.975 0.946 
0.042 0.984 0.136 0.970 0.962 
0.044 0.989 0.101 0.973 0.952 
0.041 0.986 0.126 0.968 0.962 
0.047 0.986 0.107 0.978 0.930 
0.032 0.986 0.120 0.970 0.952 
0.052 0.984 0.103 0.978 0.908 
0.045 0.987 0.181 0.968 0.936 
0.042 0.984 0.182 0.958 0.959 
0.027 0.990 0.243 0.980 0.936 
0.042 0.989 0.131 0.973 0.955 
0.042 0.985 0.119 0.973 0.959 
0.037 0.986 0.135 0.975 0.936 
0.044 0.981 0.210 0.970 0.949 
0.034 0.988 0.211 0.968 0.952 
0.054 0.983 0.101 0.975 0.936 
0.024 0.993 0.160 0.965 0.939 
0.039 0.988 0.159 0.968 0.955 
0.033 0.988 0.297 0.948 0.965 
0.050 0.983 0.119 0.975 0.924 
0.051 0.984 0.158 0.970 0.959 
0.045 0.987 0.096 0.983 0.936 
0.046 0.986 0.148 0.965 0.955 
0.038 0.989 0.129 0.975 0.917 
0.051 0.984 0.092 0.983 0.892 
0.036 0.988 0.078 0.980 0.866 
0.049 0.984 0.115 0.980 0.908 
0.060 0.985 0.124 0.973 0.939 
0.038 0.987 0.189 0.960 0.949 
0.047 0.988 0.107 0.975 0.920 
0.042 0.986 0.117 0.975 0.946 
0.044 0.985 0.121 0.978 0.914 
0.041 0.985 0.147 0.975 0.965 
0.043 0.987 0.098 0.983 0.914 
0.040 0.985 0.094 0.980 0.904 
0.030 0.991 0.096 0.978 0.917 
0.047 0.986 0.099 0.975 0.949 
0.034 0.988 0.127 0.968 0.946 
0.037 0.987 0.122 0.968 0.952 
0.047 0.985 0.118 0.970 0.959 
0.036 0.990 0.114 0.973 0.959 
0.031 0.989 0.119 0.970 0.952 
0.045 0.986 0.145 0.963 0.968 
0.026 0.993 0.120 0.978 0.943 
0.059 0.987 0.227 0.950 0.962 
0.043 0.984 0.188 0.960 0.962 
0.048 0.984 0.131 0.970 0.955 
0.039 0.985 0.168 0.968 0.949 
0.039 0.985 0.141 0.975 0.943 
0.033 0.986 0.141 0.958 0.949 
0.040 0.986 0.154 0.963 0.968 
0.032 0.989 0.109 0.975 0.920 
0.033 0.988 0.216 0.973 0.955 
0.044 0.985 0.111 0.973 0.882 
0.056 0.983 0.137 0.973 0.959 
0.047 0.984 0.138 0.973 0.955 
0.035 0.988 0.190 0.963 0.962 
0.038 0.987 0.122 0.980 0.933 
0.049 0.986 0.151 0.978 0.936 
0.042 0.988 0.120 0.973 0.943 
0.043 0.986 0.133 0.973 0.962 
0.036 0.988 0.140 0.965 0.965 
0.055 0.984 0.102 0.970 0.933 
0.035 0.990 0.287 0.935 0.978 
0.035 0.986 0.133 0.965 0.939 
0.034 0.990 0.105 0.970 0.959 
0.030 0.989 0.303 0.958 0.955 
0.037 0.988 0.108 0.975 0.939 
0.037 0.988 0.142 0.965 0.959 
0.037 0.989 0.091 0.980 0.914 
0.054 0.982 0.074 0.980 0.876 
0.040 0.989 0.164 0.973 0.949 
0.052 0.982 0.080 0.980 0.911 
0.042 0.986 0.123 0.975 0.946 
0.037 0.988 0.136 0.968 0.952 
0.035 0.988 0.107 0.978 0.946 
0.039 0.986 0.162 0.968 0.943 
0.037 0.988 0.163 0.975 0.943 
0.041 0.986 0.152 0.968 0.955 
0.028 0.989 0.147 0.975 0.955 
0.041 0.988 0.115 0.980 0.914 
0.027 0.993 0.164 0.973 0.955 
0.034 0.989 0.111 0.978 0.920 
0.042 0.985 0.128 0.965 0.946 
0.039 0.988 0.154 0.970 0.955 
0.034 0.986 0.178 0.965 0.959 
0.034 0.991 0.203 0.978 0.920 
0.032 0.991 0.172 0.975 0.946 
0.053 0.987 0.125 0.968 0.952 
0.039 0.986 0.092 0.980 0.920 
0.028 0.989 0.186 0.975 0.971 
0.041 0.989 0.162 0.975 0.946 
0.044 0.986 0.082 0.980 0.930 
0.035 0.987 0.095 0.978 0.924 
0.051 0.988 0.120 0.975 0.952 
0.040 0.985 0.087 0.983 0.908 
0.049 0.982 0.111 0.970 0.930 
0.035 0.985 0.111 0.973 0.939 
0.038 0.989 0.109 0.980 0.927 
0.046 0.985 0.083 0.978 0.885 
0.023 0.993 0.140 0.975 0.949 
0.044 0.988 0.094 0.980 0.898 
0.035 0.986 0.243 0.953 0.971 
0.040 0.988 0.107 0.978 0.936 
0.043 0.987 0.114 0.978 0.920 
0.041 0.986 0.302 0.978 0.920 
0.057 0.982 0.100 0.973 0.917 
0.032 0.990 0.093 0.978 0.924 
0.033 0.989 0.119 0.973 0.952 
0.029 0.989 0.092 0.975 0.955 
0.025 0.992 0.130 0.973 0.936 
0.043 0.990 0.182 0.950 0.962 
0.035 0.989 0.157 0.975 0.952 
0.045 0.984 0.084 0.970 0.876 
0.038 0.987 0.084 0.980 0.895 
0.060 0.987 0.165 0.973 0.917 
0.043 0.987 0.141 0.968 0.939 
0.033 0.990 0.254 0.968 0.943 
0.052 0.984 0.140 0.973 0.955 
0.030 0.989 0.156 0.970 0.959 
0.027 0.991 0.137 0.973 0.943 
0.039 0.988 0.097 0.980 0.908 
0.051 0.987 0.104 0.975 0.908 
0.029 0.989 0.111 0.970 0.965 
0.035 0.990 0.107 0.970 0.962 
0.038 0.985 0.140 0.970 0.965 
0.047 0.986 0.117 0.970 0.955 
0.036 0.988 0.084 0.980 0.933 
0.039 0.987 0.103 0.978 0.952 
0.038 0.987 0.113 0.975 0.962 
0.032 0.990 0.156 0.960 0.955 
0.039 0.990 0.097 0.978 0.936 
0.021 0.991 0.141 0.973 0.955 
0.035 0.990 0.178 0.978 0.930 
0.031 0.991 0.116 0.980 0.930 
0.044 0.987 0.102 0.978 0.914 
0.038 0.990 0.118 0.978 0.936 
0.033 0.991 0.113 0.975 0.946 
0.036 0.990 0.117 0.965 0.943 
0.044 0.988 0.101 0.970 0.933 
0.042 0.989 0.144 0.970 0.946 
0.041 0.988 0.167 0.968 0.955 
0.039 0.987 0.114 0.968 0.949 
0.032 0.989 0.155 0.968 0.968 
0.037 0.990 0.104 0.970 0.930 
0.030 0.991 0.185 0.945 0.968 
0.031 0.989 0.127 0.963 0.968 
0.035 0.989 0.186 0.973 0.955 
0.034 0.989 0.217 0.960 0.968 
0.027 0.990 0.158 0.980 0.939 
0.042 0.985 0.163 0.975 0.920 
0.037 0.988 0.078 0.975 0.939 
0.035 0.988 0.121 0.980 0.901 
0.057 0.978 0.131 0.970 0.962 
0.040 0.986 0.136 0.970 0.936 
0.044 0.982 0.134 0.978 0.939 
0.034 0.989 0.136 0.975 0.955 
0.042 0.988 0.106 0.973 0.959 
0.056 0.982 0.083 0.983 0.908 
0.028 0.991 0.099 0.973 0.949 
0.036 0.990 0.091 0.970 0.952 
0.032 0.990 0.149 0.965 0.955 
0.040 0.988 0.108 0.975 0.930 
0.047 0.984 0.151 0.955 0.968 
0.062 0.984 0.134 0.963 0.955 
0.039 0.987 0.102 0.970 0.962 
0.029 0.992 0.112 0.970 0.962 
0.027 0.992 0.127 0.970 0.955 
0.020 0.994 0.148 0.980 0.959 
0.033 0.989 0.231 0.965 0.949 
0.031 0.988 0.106 0.978 0.911 
0.025 0.990 0.101 0.978 0.927 
0.043 0.989 0.139 0.968 0.959 
0.039 0.986 0.142 0.980 0.952 
0.040 0.988 0.172 0.980 0.920 
0.035 0.988 0.113 0.978 0.946 
0.027 0.989 0.171 0.975 0.927 
0.036 0.988 0.150 0.973 0.952 
0.038 0.989 0.255 0.968 0.962 
0.035 0.989 0.227 0.965 0.949 
0.032 0.988 0.184 0.975 0.936 
0.029 0.989 0.323 0.978 0.924 
0.028 0.986 0.256 0.980 0.924 
0.087 0.984 0.096 0.980 0.914 
0.042 0.985 0.095 0.970 0.930 
0.029 0.990 0.167 0.958 0.949 
0.041 0.985 0.126 0.965 0.943 
0.026 0.993 0.158 0.968 0.962 
0.043 0.985 0.153 0.968 0.959 
0.041 0.988 0.117 0.970 0.955 
0.023 0.995 0.204 0.960 0.939 
0.039 0.988 0.111 0.975 0.895 
0.033 0.987 0.188 0.963 0.965 
0.025 0.991 0.163 0.973 0.955 
0.046 0.985 0.135 0.970 0.949 
0.041 0.988 0.086 0.980 0.914 
0.035 0.989 0.153 0.965 0.959 
0.028 0.991 0.129 0.975 0.936 
0.030 0.991 0.130 0.975 0.959 
0.027 0.990 0.091 0.980 0.904 
0.026 0.989 0.161 0.958 0.968 
0.039 0.988 0.108 0.980 0.924 
0.031 0.990 0.141 0.968 0.933 
0.029 0.990 0.161 0.975 0.920 
0.053 0.981 0.123 0.973 0.933 
0.039 0.984 0.141 0.968 0.939 
0.020 0.993 0.235 0.963 0.955 
0.034 0.991 0.166 0.970 0.952 
0.043 0.986 0.142 0.980 0.904 
0.032 0.990 0.151 0.983 0.876 
0.030 0.991 0.114 0.980 0.908 
0.033 0.989 0.255 0.963 0.952 
0.045 0.985 0.135 0.975 0.946 
0.035 0.986 0.203 0.970 0.959 
0.035 0.988 0.146 0.978 0.882 
0.028 0.990 0.187 0.978 0.924 
0.046 0.984 0.287 0.968 0.955 
0.040 0.988 0.156 0.973 0.936 
0.039 0.989 0.148 0.970 0.955 
0.026 0.993 0.172 0.973 0.930 
0.035 0.988 0.119 0.978 0.936 
0.023 0.992 0.108 0.965 0.952 
0.038 0.984 0.093 0.980 0.933 
0.032 0.991 0.082 0.980 0.895 
0.031 0.990 0.154 0.970 0.959 
0.043 0.986 0.131 0.980 0.889 
0.025 0.993 0.231 0.965 0.955 
0.032 0.991 0.203 0.975 0.914 
0.047 0.987 0.116 0.970 0.949 
0.035 0.990 0.087 0.980 0.939 
0.025 0.992 0.147 0.968 0.965 
0.023 0.991 0.228 0.973 0.946 
0.044 0.988 0.103 0.980 0.898 
0.030 0.990 0.105 0.980 0.911 
0.032 0.990 0.085 0.980 0.898 
0.041 0.987 0.114 0.973 0.939 
0.036 0.986 0.122 0.973 0.939 
0.029 0.989 0.109 0.970 0.949 
0.030 0.991 0.150 0.963 0.959 
0.031 0.988 0.124 0.970 0.962 
0.047 0.983 0.092 0.978 0.908 
0.037 0.987 0.158 0.960 0.968 
0.038 0.986 0.150 0.973 0.936 
0.033 0.991 0.128 0.975 0.959 
0.037 0.987 0.115 0.970 0.936 
0.033 0.989 0.169 0.963 0.962 
0.038 0.989 0.107 0.980 0.908 
0.039 0.988 0.147 0.975 0.952 
0.022 0.993 0.215 0.955 0.939 
0.035 0.990 0.137 0.975 0.933 
0.031 0.990 0.286 0.970 0.949 
0.033 0.988 0.181 0.973 0.936 
0.032 0.986 0.200 0.975 0.946 
0.047 0.984 0.258 0.958 0.959 
0.034 0.989 0.112 0.980 0.898 
0.032 0.990 0.139 0.973 0.939 
0.036 0.988 0.116 0.978 0.917 
0.040 0.994 0.146 0.963 0.965 
0.044 0.988 0.139 0.965 0.965 
0.034 0.987 0.114 0.980 0.889 
0.043 0.987 0.129 0.980 0.927 
0.028 0.990 0.178 0.968 0.959 
0.036 0.988 0.187 0.968 0.959 
0.034 0.989 0.152 0.968 0.955 
0.037 0.989 0.142 0.970 0.959 
0.029 0.990 0.159 0.973 0.962 
0.045 0.986 0.177 0.965 0.965 
0.040 0.987 0.111 0.975 0.952 
0.031 0.990 0.134 0.973 0.965 
0.035 0.987 0.123 0.980 0.924 
0.031 0.993 0.200 0.970 0.965 
0.037 0.990 0.133 0.975 0.930 
0.040 0.989 0.107 0.980 0.901 
0.024 0.989 0.178 0.973 0.943 
0.036 0.988 0.141 0.973 0.946 
0.030 0.993 0.110 0.975 0.927 
0.037 0.986 0.113 0.973 0.962 
0.037 0.988 0.131 0.978 0.933 
0.036 0.988 0.109 0.980 0.930 
0.030 0.990 0.170 0.968 0.952 
0.035 0.990 0.167 0.963 0.949 
0.032 0.988 0.116 0.980 0.885 
0.042 0.989 0.095 0.980 0.892 
0.027 0.990 0.164 0.973 0.946 
0.034 0.989 0.203 0.978 0.930 
0.038 0.987 0.144 0.970 0.955 
0.025 0.991 0.206 0.980 0.927 
0.036 0.990 0.157 0.978 0.933 
0.040 0.986 0.191 0.975 0.955 
0.039 0.988 0.147 0.963 0.952 
0.033 0.989 0.151 0.970 0.965 
0.026 0.991 0.165 0.973 0.939 
0.030 0.990 0.125 0.980 0.917 
0.030 0.991 0.142 0.968 0.946 
0.033 0.988 0.144 0.973 0.959 
0.034 0.986 0.101 0.978 0.927 
0.027 0.992 0.154 0.968 0.946 
0.032 0.991 0.113 0.978 0.924 
0.027 0.991 0.145 0.970 0.946 
0.033 0.990 0.124 0.975 0.962 
0.027 0.990 0.121 0.980 0.889 
0.018 0.995 0.121 0.975 0.965 
0.029 0.991 0.113 0.978 0.904 
0.027 0.993 0.134 0.973 0.949 
0.053 0.983 0.151 0.978 0.924 
0.038 0.990 0.206 0.970 0.914 
0.038 0.988 0.240 0.978 0.908 
0.045 0.985 0.114 0.980 0.914 
0.037 0.989 0.099 0.980 0.908 
0.039 0.990 0.095 0.980 0.876 
0.021 0.994 0.133 0.978 0.927 
0.032 0.988 0.189 0.965 0.968 
0.022 0.993 0.149 0.970 0.952 
0.031 0.990 0.110 0.975 0.920 
0.043 0.988 0.136 0.970 0.955 
0.032 0.993 0.165 0.968 0.959 
0.032 0.989 0.127 0.973 0.949 
0.031 0.993 0.126 0.968 0.936 
0.026 0.990 0.146 0.970 0.959 
0.031 0.988 0.188 0.968 0.952 
0.033 0.989 0.117 0.980 0.933 
0.035 0.985 0.192 0.975 0.914 
0.038 0.990 0.118 0.978 0.936 
0.026 0.990 0.219 0.965 0.975 
0.029 0.988 0.249 0.965 0.962 
0.033 0.988 0.173 0.970 0.946 
0.046 0.985 0.130 0.983 0.904 
0.020 0.993 0.242 0.968 0.955 
0.027 0.991 0.148 0.973 0.946 
0.025 0.991 0.192 0.978 0.917 
0.024 0.992 0.163 0.978 0.927 
0.041 0.988 0.161 0.963 0.965 
0.041 0.988 0.106 0.978 0.933 
0.030 0.989 0.113 0.973 0.962 
0.029 0.992 0.104 0.980 0.920 
0.028 0.990 0.144 0.978 0.952 
0.028 0.989 0.117 0.963 0.962 
0.030 0.990 0.171 0.965 0.965 
0.032 0.987 0.150 0.973 0.949 
0.022 0.991 0.107 0.980 0.930 
0.036 0.987 0.088 0.968 0.844 
0.053 0.988 0.107 0.978 0.917 
0.039 0.988 0.108 0.970 0.955 
0.024 0.994 0.122 0.975 0.952 
0.038 0.989 0.137 0.963 0.952 
0.035 0.988 0.123 0.973 0.952 
0.032 0.986 0.085 0.978 0.908 
0.025 0.991 0.111 0.978 0.949 
0.020 0.994 0.128 0.965 0.952 
0.030 0.990 0.165 0.963 0.943 
0.038 0.988 0.097 0.978 0.924 
0.032 0.988 0.124 0.978 0.943 
0.038 0.988 0.112 0.980 0.885 
0.041 0.985 0.153 0.980 0.911 
0.040 0.988 0.117 0.983 0.904 
0.040 0.985 0.160 0.978 0.955 
0.033 0.989 0.159 0.978 0.943 
0.028 0.991 0.152 0.973 0.946 
0.046 0.984 0.122 0.973 0.959 
0.032 0.990 0.115 0.973 0.936 
0.025 0.990 0.170 0.968 0.946 
0.021 0.995 0.149 0.980 0.914 
0.034 0.989 0.132 0.973 0.952 
0.030 0.994 0.149 0.980 0.889 
0.038 0.986 0.235 0.970 0.949 
0.034 0.990 0.242 0.973 0.946 
0.036 0.991 0.111 0.973 0.927 
0.038 0.984 0.120 0.978 0.930 
0.034 0.989 0.116 0.978 0.936 
0.033 0.991 0.128 0.975 0.917 
0.040 0.989 0.146 0.963 0.946 
0.022 0.991 0.187 0.960 0.965 
0.040 0.988 0.156 0.960 0.927 
0.026 0.991 0.182 0.958 0.955 
0.037 0.990 0.174 0.973 0.924 
0.032 0.991 0.155 0.975 0.946 
0.030 0.989 0.202 0.978 0.936 
0.033 0.991 0.214 0.975 0.936 
0.027 0.991 0.198 0.968 0.962 
0.038 0.989 0.153 0.968 0.955 
0.030 0.993 0.165 0.975 0.946 
0.032 0.990 0.131 0.978 0.924 
0.022 0.993 0.154 0.978 0.917 
0.029 0.989 0.180 0.970 0.962 
0.033 0.990 0.147 0.978 0.873 
0.033 0.989 0.140 0.980 0.895 
0.039 0.988 0.185 0.973 0.946 
0.030 0.987 0.147 0.980 0.936 
0.036 0.991 0.094 0.980 0.879 
0.022 0.993 0.167 0.965 0.952 
0.023 0.994 0.115 0.980 0.895 
0.024 0.992 0.112 0.980 0.930 
0.025 0.991 0.158 0.968 0.943 
0.027 0.988 0.273 0.948 0.959 
0.040 0.988 0.171 0.963 0.939 
0.035 0.995 0.121 0.968 0.946 
0.024 0.991 0.083 0.978 0.930 
0.036 0.989 0.107 0.975 0.936 
0.033 0.989 0.163 0.958 0.959 
0.030 0.991 0.112 0.975 0.933 
0.046 0.985 0.200 0.965 0.930 
0.029 0.989 0.169 0.963 0.949 
0.032 0.988 0.130 0.975 0.939 
0.029 0.991 0.155 0.963 0.946 
0.028 0.993 0.165 0.973 0.949 
0.038 0.985 0.200 0.960 0.939 
0.030 0.986 0.162 0.968 0.939 
0.027 0.991 0.123 0.978 0.943 
0.030 0.993 0.138 0.963 0.943 
0.031 0.992 0.185 0.950 0.968 
0.033 0.988 0.136 0.963 0.959 
0.024 0.991 0.098 0.975 0.933 
0.036 0.988 0.147 0.970 0.933 
0.027 0.991 0.136 0.973 0.959 
0.036 0.989 0.174 0.963 0.962 
0.039 0.990 0.134 0.978 0.955 
0.042 0.986 0.116 0.975 0.936 
0.026 0.989 0.120 0.983 0.901 
0.028 0.990 0.082 0.980 0.895 
0.023 0.990 0.182 0.963 0.962 
0.031 0.993 0.150 0.968 0.959 
0.024 0.992 0.124 0.973 0.930 
0.030 0.990 0.116 0.970 0.946 
0.042 0.986 0.091 0.978 0.895 
0.035 0.987 0.154 0.963 0.943 
0.039 0.986 0.101 0.970 0.892 
0.019 0.994 0.133 0.970 0.949 
0.034 0.990 0.117 0.970 0.949 
0.033 0.990 0.155 0.963 0.962 
0.031 0.991 0.118 0.968 0.949 
0.032 0.991 0.132 0.965 0.955 
0.025 0.993 0.152 0.970 0.936 
0.025 0.993 0.145 0.965 0.946 
0.026 0.990 0.220 0.963 0.955 
0.039 0.989 0.213 0.953 0.965 
0.035 0.991 0.118 0.968 0.962 
0.049 0.986 0.115 0.970 0.949 
0.024 0.991 0.245 0.968 0.939 
0.053 0.984 0.170 0.970 0.943 
0.044 0.989 0.151 0.975 0.930 
0.049 0.985 0.163 0.963 0.952 
0.035 0.987 0.165 0.975 0.949 
0.030 0.989 0.339 0.965 0.965 
0.031 0.990 0.132 0.978 0.911 
0.043 0.986 0.134 0.985 0.885 
0.040 0.988 0.100 0.975 0.927 
0.038 0.989 0.079 0.980 0.889 
0.027 0.991 0.155 0.965 0.946 
0.032 0.988 0.161 0.968 0.962 
0.031 0.992 0.103 0.975 0.930 
0.030 0.989 0.096 0.970 0.949 
0.027 0.990 0.088 0.975 0.933 
0.034 0.989 0.131 0.970 0.955 
0.045 0.985 0.116 0.970 0.943 
0.025 0.991 0.180 0.960 0.968 
0.029 0.990 0.157 0.965 0.959 
0.035 0.988 0.100 0.965 0.936 
0.029 0.991 0.165 0.968 0.959 
0.029 0.992 0.116 0.968 0.933 
0.020 0.994 0.234 0.965 0.949 
0.035 0.991 0.121 0.973 0.955 
0.031 0.988 0.134 0.970 0.952 
0.031 0.992 0.100 0.975 0.936 
0.027 0.990 0.199 0.970 0.959 
0.032 0.992 0.208 0.955 0.965 
0.030 0.992 0.188 0.965 0.962 
0.039 0.989 0.110 0.983 0.914 
0.039 0.989 0.116 0.970 0.933 
0.021 0.991 0.171 0.963 0.968 
0.034 0.986 0.156 0.968 0.955 
0.033 0.990 0.107 0.978 0.908 
0.038 0.991 0.182 0.965 0.949 
0.036 0.987 0.094 0.975 0.927 
0.029 0.989 0.129 0.975 0.917 
0.035 0.988 0.143 0.973 0.952 
0.028 0.990 0.122 0.975 0.917 
0.024 0.990 0.195 0.965 0.946 
0.021 0.993 0.200 0.965 0.949 
0.027 0.990 0.242 0.963 0.962 
0.020 0.991 0.265 0.968 0.952 
0.033 0.990 0.076 0.978 0.895 
0.037 0.989 0.174 0.970 0.962 
0.033 0.990 0.153 0.975 0.952 
0.033 0.989 0.128 0.980 0.898 
0.043 0.988 0.101 0.978 0.911 
0.030 0.988 0.171 0.965 0.952 
0.047 0.988 0.141 0.970 0.930 
0.032 0.988 0.120 0.970 0.959 
0.026 0.989 0.159 0.963 0.962 
0.027 0.993 0.171 0.963 0.962 
0.039 0.991 0.149 0.960 0.952 
0.036 0.985 0.124 0.970 0.898 
0.029 0.989 0.117 0.973 0.930 
0.023 0.991 0.103 0.965 0.927 
0.030 0.990 0.161 0.965 0.962 
0.027 0.991 0.103 0.980 0.914 
0.029 0.990 0.112 0.983 0.911 
0.036 0.990 0.134 0.965 0.943 
0.027 0.990 0.136 0.968 0.955 
0.035 0.989 0.121 0.970 0.952 
0.035 0.989 0.146 0.963 0.962 
0.032 0.990 0.136 0.983 0.920 
0.034 0.993 0.154 0.968 0.965 
0.030 0.991 0.102 0.975 0.927 
0.024 0.988 0.172 0.965 0.962 
0.034 0.990 0.140 0.968 0.955 
0.034 0.989 0.119 0.975 0.946 
0.022 0.991 0.261 0.973 0.939 
0.047 0.990 0.120 0.975 0.911 
0.033 0.988 0.107 0.978 0.930 
0.030 0.990 0.100 0.980 0.924 
0.029 0.991 0.113 0.975 0.952 
0.021 0.994 0.387 0.965 0.962 
0.043 0.992 0.128 0.978 0.927 
0.035 0.990 0.123 0.978 0.911 
0.024 0.992 0.140 0.970 0.930 
0.023 0.993 0.144 0.968 0.949 
0.032 0.989 0.111 0.975 0.933 
0.029 0.987 0.168 0.965 0.955 
0.028 0.993 0.127 0.980 0.911 
0.039 0.988 0.094 0.978 0.904 
0.026 0.991 0.230 0.968 0.933 
0.021 0.995 0.142 0.965 0.936 
0.023 0.990 0.131 0.975 0.930 
0.027 0.990 0.141 0.973 0.917 
0.034 0.989 0.158 0.963 0.962 
0.035 0.991 0.229 0.980 0.904 
0.038 0.990 0.179 0.960 0.962 
0.030 0.991 0.121 0.975 0.939 
0.026 0.992 0.190 0.948 0.959 
0.031 0.990 0.149 0.973 0.936 
0.028 0.990 0.175 0.955 0.962 
0.027 0.989 0.199 0.963 0.955 
0.035 0.986 0.114 0.973 0.943 
0.039 0.986 0.202 0.958 0.955 
0.026 0.990 0.138 0.970 0.936 
0.027 0.991 0.197 0.955 0.965 
0.027 0.991 0.178 0.968 0.952 
0.040 0.989 0.108 0.975 0.946 
0.027 0.991 0.122 0.968 0.952 
0.015 0.995 0.245 0.953 0.968 
0.049 0.984 0.179 0.960 0.968 
0.020 0.990 0.152 0.973 0.959 
0.032 0.991 0.112 0.978 0.930 
0.025 0.994 0.178 0.968 0.955 
0.035 0.989 0.882 0.968 0.898 
0.033 0.989 0.248 0.965 0.968 
0.031 0.991 0.259 0.960 0.968 
0.025 0.993 0.160 0.968 0.955 
0.029 0.991 0.121 0.983 0.885 
0.038 0.989 0.188 0.973 0.955 
0.038 0.982 0.233 0.963 0.965 
0.028 0.993 0.108 0.978 0.946 
0.032 0.989 0.192 0.963 0.962 
0.024 0.993 0.249 0.955 0.959 
0.020 0.994 0.300 0.973 0.952 
0.016 0.994 0.425 0.970 0.943 
0.042 0.990 0.163 0.980 0.904 
0.006 0.998 0.205 0.978 0.898 
0.019 0.993 0.194 0.975 0.914 
0.032 0.991 0.129 0.975 0.952 
0.030 0.991 0.147 0.965 0.930 
0.015 0.992 0.136 0.978 0.901 
0.034 0.990 0.120 0.965 0.955 
0.032 0.991 0.144 0.970 0.952 
0.027 0.989 0.191 0.983 0.882 
0.067 0.986 0.255 0.975 0.924 
0.030 0.991 0.183 0.968 0.955 
0.021 0.993 0.120 0.983 0.943 
0.023 0.993 0.230 0.978 0.946 
0.051 0.986 0.093 0.980 0.920 
0.040 0.988 0.117 0.973 0.939 
0.025 0.990 0.181 0.970 0.939 
0.033 0.992 0.100 0.970 0.936 
0.038 0.990 0.144 0.960 0.962 
0.028 0.991 0.116 0.968 0.955 
0.030 0.991 0.129 0.968 0.955 
0.021 0.994 0.084 0.978 0.943 
0.023 0.991 0.188 0.958 0.965 
0.041 0.988 0.147 0.968 0.962 
0.026 0.990 0.136 0.970 0.959 
0.030 0.991 0.131 0.968 0.952 
0.027 0.990 0.148 0.965 0.962 
0.022 0.993 0.144 0.965 0.946 
0.046 0.988 0.204 0.963 0.962 
0.025 0.993 0.650 0.945 0.968 
0.031 0.989 0.407 0.975 0.933 
0.015 0.994 0.705 0.960 0.962 
0.037 0.989 0.281 0.973 0.930 
0.029 0.991 0.122 0.970 0.949 
0.028 0.992 0.172 0.970 0.962 
0.033 0.989 0.175 0.970 0.955 
0.031 0.989 0.239 0.970 0.952 
0.022 0.993 0.259 0.953 0.955 
0.027 0.992 0.219 0.963 0.952 
0.020 0.994 0.162 0.968 0.959 
0.031 0.990 0.219 0.975 0.933 
0.031 0.988 0.380 0.960 0.952 
0.025 0.993 0.321 0.970 0.939 
0.034 0.989 0.113 0.980 0.885 
0.030 0.988 0.186 0.970 0.959 
