0.313 0.887 0.149 0.958 0.974 
0.169 0.945 0.202 0.915 0.863 
0.157 0.942 0.141 0.932 0.902 
0.159 0.947 0.133 0.943 0.935 
0.124 0.957 0.132 0.938 0.866 
0.111 0.960 0.095 0.973 1.000 
0.108 0.961 0.085 0.970 0.958 
0.080 0.970 0.097 0.960 0.922 
0.105 0.964 0.136 0.968 1.000 
0.089 0.972 0.084 0.975 0.993 
0.081 0.971 0.138 0.948 0.958 
0.087 0.973 0.084 0.975 0.997 
0.079 0.975 0.084 0.978 0.987 
0.076 0.977 0.088 0.978 0.997 
0.084 0.976 0.082 0.975 0.997 
0.073 0.982 0.079 0.978 0.997 
0.079 0.971 0.124 0.963 0.987 
0.075 0.977 0.072 0.978 0.993 
0.078 0.977 0.053 0.988 0.808 
0.062 0.982 0.052 0.985 0.870 
0.068 0.982 0.075 0.983 0.958 
0.067 0.981 0.064 0.985 0.987 
0.075 0.979 0.081 0.980 1.000 
0.060 0.984 0.078 0.975 0.997 
0.059 0.986 0.075 0.975 0.993 
0.071 0.982 0.085 0.975 0.919 
0.065 0.983 0.075 0.978 0.990 
0.052 0.986 0.081 0.978 0.997 
0.062 0.980 0.063 0.980 0.997 
0.064 0.977 0.061 0.983 0.876 
0.061 0.982 0.064 0.980 1.000 
0.064 0.984 0.083 0.965 0.977 
0.053 0.983 0.064 0.980 0.958 
0.082 0.977 0.062 0.978 0.997 
0.047 0.987 0.098 0.970 0.993 
0.057 0.983 0.052 0.985 0.993 
0.057 0.986 0.083 0.968 0.993 
0.051 0.986 0.064 0.983 1.000 
0.060 0.978 0.065 0.985 1.000 
0.047 0.988 0.075 0.978 0.993 
0.051 0.985 0.063 0.983 0.958 
0.049 0.987 0.059 0.988 0.971 
0.061 0.982 0.063 0.983 0.990 
0.057 0.985 0.063 0.993 0.876 
0.049 0.987 0.045 0.988 1.000 
0.046 0.986 0.039 0.988 0.883 
0.046 0.988 0.041 0.985 0.984 
0.044 0.989 0.073 0.980 0.990 
0.043 0.988 0.045 0.988 0.993 
0.035 0.991 0.068 0.978 0.990 
0.057 0.982 0.040 0.993 1.000 
0.053 0.986 0.056 0.985 0.997 
0.040 0.989 0.078 0.978 0.984 
0.047 0.986 0.049 0.983 1.000 
0.062 0.982 0.044 0.988 0.997 
0.044 0.984 0.049 0.985 0.997 
0.048 0.985 0.084 0.965 0.997 
0.048 0.986 0.048 0.985 0.993 
0.042 0.989 0.050 0.988 0.997 
0.053 0.982 0.082 0.965 1.000 
0.041 0.990 0.052 0.990 1.000 
0.043 0.988 0.056 0.985 0.990 
0.046 0.988 0.050 0.985 1.000 
0.038 0.991 0.042 0.988 0.977 
0.053 0.984 0.054 0.988 0.925 
0.044 0.987 0.042 0.988 0.993 
0.042 0.985 0.048 0.985 0.980 
0.045 0.988 0.052 0.985 1.000 
0.036 0.990 0.032 0.995 0.984 
0.045 0.984 0.034 0.993 1.000 
0.036 0.991 0.042 0.990 0.997 
0.039 0.988 0.056 0.988 0.902 
0.048 0.989 0.047 0.990 1.000 
0.046 0.985 0.057 0.983 1.000 
0.040 0.989 0.037 0.990 1.000 
0.039 0.991 0.050 0.988 0.993 
0.046 0.990 0.051 0.990 0.993 
0.058 0.986 0.039 0.993 0.997 
0.027 0.992 0.046 0.990 1.000 
0.039 0.989 0.059 0.985 1.000 
0.034 0.988 0.038 0.988 1.000 
0.058 0.987 0.053 0.993 0.990 
0.037 0.991 0.059 0.988 0.993 
0.032 0.990 0.047 0.988 1.000 
0.041 0.990 0.040 0.988 1.000 
0.050 0.990 0.036 0.990 1.000 
0.041 0.989 0.039 0.988 0.997 
0.037 0.988 0.031 0.993 1.000 
0.036 0.991 0.043 0.988 0.987 
0.036 0.990 0.055 0.985 0.997 
0.038 0.990 0.037 0.993 1.000 
0.041 0.989 0.054 0.985 1.000 
0.029 0.992 0.032 0.993 0.980 
0.037 0.989 0.032 0.993 1.000 
0.037 0.990 0.037 0.990 0.997 
0.043 0.987 0.053 0.988 1.000 
0.035 0.988 0.031 0.990 0.938 
0.038 0.989 0.043 0.990 0.935 
0.035 0.992 0.051 0.988 0.906 
0.029 0.990 0.033 0.990 0.964 
0.033 0.990 0.058 0.983 0.990 
0.030 0.995 0.076 0.978 1.000 
0.032 0.990 0.067 0.978 0.863 
0.035 0.990 0.041 0.988 0.818 
0.039 0.990 0.036 0.993 0.987 
0.032 0.991 0.032 0.990 0.997 
0.039 0.990 0.048 0.983 0.997 
0.037 0.989 0.046 0.990 0.785 
0.031 0.993 0.031 0.993 0.935 
0.039 0.988 0.044 0.990 0.248 
0.027 0.990 0.043 0.988 0.967 
0.029 0.992 0.030 0.993 1.000 
0.031 0.992 0.032 0.993 1.000 
0.041 0.989 0.046 0.988 0.987 
0.039 0.990 0.052 0.988 0.971 
0.030 0.989 0.042 0.990 0.990 
0.034 0.992 0.036 0.993 0.987 
0.032 0.992 0.040 0.990 1.000 
0.037 0.986 0.051 0.988 0.423 
0.034 0.992 0.023 0.990 0.997 
0.035 0.991 0.028 0.993 0.997 
0.028 0.990 0.053 0.975 0.893 
0.035 0.990 0.031 0.993 0.951 
0.032 0.990 0.029 0.993 0.961 
0.037 0.988 0.054 0.983 0.945 
0.032 0.990 0.034 0.990 0.997 
0.026 0.992 0.034 0.990 0.993 
0.037 0.992 0.035 0.990 1.000 
0.035 0.988 0.030 0.993 0.971 
0.027 0.995 0.034 0.990 0.997 
0.031 0.993 0.037 0.990 0.993 
0.040 0.990 0.056 0.983 0.990 
0.027 0.993 0.045 0.990 0.961 
0.036 0.991 0.032 0.993 0.977 
0.026 0.994 0.042 0.990 0.961 
0.033 0.990 0.052 0.990 0.951 
0.038 0.990 0.026 0.995 1.000 
0.036 0.990 0.032 0.993 0.984 
0.032 0.991 0.038 0.988 0.961 
0.034 0.992 0.032 0.993 0.935 
0.031 0.995 0.058 0.985 0.974 
0.033 0.991 0.034 0.990 0.997 
0.029 0.993 0.086 0.980 0.062 
0.026 0.992 0.030 0.993 0.938 
0.041 0.989 0.041 0.993 0.997 
0.018 0.995 0.028 0.993 0.792 
0.044 0.990 0.032 0.993 0.941 
0.034 0.994 0.034 0.990 0.997 
0.033 0.992 0.046 0.988 1.000 
0.027 0.992 0.026 0.993 0.961 
0.030 0.990 0.038 0.995 0.765 
0.025 0.992 0.027 0.993 0.997 
0.032 0.992 0.061 0.975 0.997 
0.033 0.990 0.041 0.990 1.000 
0.028 0.993 0.030 0.995 0.941 
0.041 0.990 0.042 0.993 0.990 
0.030 0.991 0.048 0.993 0.990 
0.032 0.992 0.044 0.990 0.993 
0.032 0.989 0.029 0.993 1.000 
0.036 0.993 0.032 0.993 1.000 
0.035 0.992 0.027 0.990 0.808 
0.028 0.995 0.069 0.988 0.997 
0.035 0.989 0.036 0.990 1.000 
0.033 0.992 0.032 0.990 1.000 
0.023 0.993 0.035 0.990 1.000 
0.026 0.995 0.035 0.993 0.990 
0.032 0.991 0.040 0.993 1.000 
0.027 0.995 0.029 0.993 0.967 
0.035 0.992 0.031 0.993 0.984 
0.028 0.991 0.050 0.985 1.000 
0.037 0.989 0.037 0.990 1.000 
0.029 0.992 0.057 0.988 0.993 
0.026 0.993 0.045 0.990 0.733 
0.034 0.990 0.045 0.985 0.997 
0.025 0.993 0.030 0.995 1.000 
0.034 0.989 0.039 0.993 0.997 
0.029 0.993 0.040 0.993 0.759 
0.024 0.994 0.036 0.990 1.000 
0.032 0.992 0.040 0.993 1.000 
0.055 0.985 0.057 0.988 1.000 
0.027 0.993 0.030 0.993 1.000 
0.031 0.991 0.029 0.993 1.000 
0.044 0.988 0.046 0.995 1.000 
0.035 0.991 0.055 0.990 1.000 
0.033 0.993 0.032 0.993 0.997 
0.030 0.993 0.043 0.993 0.974 
0.019 0.996 0.049 0.990 1.000 
0.027 0.991 0.039 0.990 0.997 
0.032 0.989 0.035 0.995 1.000 
0.028 0.993 0.036 0.988 1.000 
0.028 0.993 0.043 0.988 0.997 
0.028 0.992 0.041 0.990 1.000 
0.031 0.993 0.025 0.995 1.000 
0.029 0.990 0.037 0.995 1.000 
0.023 0.994 0.059 0.985 1.000 
0.028 0.994 0.037 0.990 1.000 
0.029 0.990 0.046 0.990 0.984 
0.030 0.992 0.048 0.990 1.000 
0.030 0.993 0.025 0.995 1.000 
0.034 0.990 0.063 0.990 0.997 
0.027 0.989 0.030 0.993 1.000 
0.026 0.993 0.058 0.985 0.984 
0.026 0.994 0.033 0.993 0.977 
0.018 0.995 0.029 0.993 1.000 
0.019 0.996 0.022 0.995 1.000 
0.034 0.991 0.040 0.993 0.990 
0.034 0.989 0.036 0.990 1.000 
0.041 0.990 0.040 0.993 1.000 
0.027 0.992 0.031 0.993 1.000 
0.023 0.990 0.028 0.995 1.000 
0.023 0.995 0.027 0.995 0.909 
0.023 0.994 0.023 0.995 0.993 
0.027 0.992 0.027 0.995 0.993 
0.032 0.990 0.027 0.993 0.993 
0.027 0.993 0.030 0.993 0.997 
0.020 0.995 0.035 0.988 0.997 
0.028 0.995 0.031 0.990 1.000 
0.024 0.992 0.024 0.995 0.801 
0.034 0.988 0.030 0.993 0.860 
0.019 0.995 0.033 0.988 0.436 
0.017 0.994 0.025 0.990 0.993 
0.027 0.992 0.029 0.990 0.195 
0.017 0.993 0.023 0.995 0.055 
0.028 0.994 0.032 0.993 0.964 
0.023 0.993 0.141 0.978 0.635 
0.029 0.993 0.046 0.988 0.300 
0.032 0.993 0.037 0.990 0.915 
0.025 0.993 0.024 0.993 0.228 
0.021 0.994 0.025 0.990 0.987 
0.027 0.993 0.039 0.988 0.971 
0.026 0.993 0.042 0.990 0.274 
0.015 0.996 0.052 0.990 0.003 
0.025 0.992 0.057 0.990 0.192 
0.015 0.993 0.025 0.993 0.212 
0.026 0.993 0.021 0.990 0.974 
0.034 0.993 0.029 0.993 0.997 
0.030 0.991 0.039 0.993 0.648 
0.034 0.994 0.020 0.995 0.906 
0.029 0.991 0.037 0.993 1.000 
0.028 0.992 0.022 0.998 1.000 
0.027 0.990 0.024 0.995 0.997 
0.023 0.992 0.022 0.995 0.404 
0.018 0.995 0.018 0.990 0.961 
0.027 0.992 0.029 0.990 0.990 
0.024 0.995 0.021 0.995 0.215 
0.026 0.993 0.025 0.993 0.997 
0.024 0.993 0.037 0.990 0.925 
0.037 0.993 0.044 0.993 1.000 
0.021 0.994 0.075 0.990 0.033 
0.029 0.991 0.042 0.993 0.990 
0.023 0.995 0.024 0.993 1.000 
0.036 0.992 0.031 0.995 0.974 
0.027 0.992 0.019 0.995 1.000 
0.026 0.992 0.024 0.995 1.000 
0.021 0.995 0.025 0.995 0.954 
0.023 0.992 0.056 0.980 1.000 
0.018 0.994 0.020 0.995 0.990 
0.033 0.991 0.052 0.990 1.000 
0.014 0.996 0.027 0.993 1.000 
0.038 0.990 0.063 0.985 1.000 
0.029 0.991 0.028 0.993 0.876 
0.014 0.995 0.023 0.993 0.423 
0.023 0.996 0.099 0.988 0.997 
0.031 0.992 0.036 0.990 1.000 
0.027 0.995 0.028 0.993 0.977 
0.032 0.989 0.024 0.993 1.000 
0.022 0.992 0.023 0.993 1.000 
0.026 0.993 0.038 0.990 0.993 
0.020 0.992 0.045 0.985 1.000 
0.026 0.994 0.027 0.990 1.000 
0.020 0.994 0.027 0.993 0.935 
0.020 0.994 0.022 0.995 0.990 
0.018 0.995 0.045 0.993 1.000 
0.024 0.995 0.097 0.980 0.997 
0.022 0.992 0.027 0.993 0.987 
0.023 0.994 0.082 0.985 0.977 
0.038 0.994 0.041 0.985 0.993 
0.038 0.989 0.046 0.990 0.945 
0.025 0.992 0.063 0.988 0.990 
0.025 0.994 0.041 0.993 0.782 
0.021 0.994 0.064 0.990 0.039 
0.020 0.996 0.027 0.993 0.987 
0.019 0.994 0.029 0.990 0.893 
0.021 0.994 0.031 0.995 0.977 
0.018 0.995 0.021 0.995 0.997 
0.024 0.992 0.023 0.993 1.000 
0.023 0.993 0.022 0.995 1.000 
0.023 0.993 0.022 0.993 0.977 
0.025 0.993 0.025 0.993 0.974 
0.024 0.994 0.095 0.988 0.782 
0.020 0.993 0.026 0.993 0.938 
0.023 0.993 0.023 0.993 0.990 
0.016 0.995 0.025 0.993 1.000 
0.030 0.990 0.022 0.993 0.997 
0.026 0.995 0.024 0.993 0.993 
0.015 0.996 0.029 0.990 1.000 
0.016 0.995 0.057 0.985 0.997 
0.025 0.992 0.022 0.990 1.000 
0.028 0.992 0.030 0.993 1.000 
0.023 0.993 0.026 0.990 1.000 
0.027 0.992 0.035 0.990 0.984 
0.027 0.992 0.031 0.993 0.997 
0.021 0.995 0.024 0.993 1.000 
0.018 0.995 0.021 0.995 0.990 
0.033 0.991 0.025 0.990 0.990 
0.012 0.995 0.035 0.990 1.000 
0.021 0.995 0.019 0.995 1.000 
0.018 0.994 0.058 0.975 0.997 
0.027 0.993 0.027 0.990 0.997 
0.025 0.990 0.060 0.973 1.000 
0.028 0.993 0.028 0.993 1.000 
0.020 0.993 0.015 0.995 1.000 
0.031 0.993 0.025 0.995 0.997 
0.027 0.992 0.033 0.988 1.000 
0.022 0.993 0.029 0.990 1.000 
0.024 0.993 0.022 0.990 0.984 
0.030 0.992 0.026 0.995 1.000 
0.030 0.990 0.023 0.995 0.938 
0.024 0.993 0.036 0.988 0.919 
0.023 0.995 0.029 0.993 0.971 
0.020 0.992 0.021 0.993 0.244 
0.017 0.995 0.028 0.993 0.974 
0.021 0.993 0.027 0.993 0.977 
0.024 0.994 0.027 0.995 0.987 
0.016 0.996 0.021 0.993 1.000 
0.027 0.993 0.036 0.988 0.883 
0.026 0.990 0.034 0.990 0.980 
0.020 0.994 0.022 0.993 0.967 
0.015 0.995 0.020 0.998 1.000 
0.033 0.993 0.021 0.993 0.997 
0.015 0.997 0.023 0.993 1.000 
0.016 0.993 0.026 0.993 1.000 
0.018 0.992 0.033 0.985 0.997 
0.020 0.993 0.043 0.985 0.984 
0.025 0.994 0.170 0.983 0.967 
0.020 0.995 0.025 0.993 0.893 
0.020 0.993 0.022 0.993 1.000 
0.028 0.995 0.023 0.990 1.000 
0.020 0.992 0.027 0.993 0.967 
0.030 0.993 0.025 0.993 0.857 
0.023 0.993 0.028 0.993 0.974 
0.021 0.995 0.020 0.993 0.993 
0.025 0.993 0.021 0.993 0.984 
0.023 0.993 0.031 0.990 0.997 
0.021 0.994 0.019 0.995 0.886 
0.016 0.995 0.025 0.993 0.544 
0.022 0.993 0.035 0.990 0.997 
0.023 0.993 0.019 0.995 0.993 
0.025 0.996 0.060 0.978 0.958 
0.016 0.994 0.021 0.993 0.179 
0.024 0.992 0.028 0.993 0.479 
0.027 0.993 0.028 0.990 0.958 
0.013 0.997 0.022 0.995 1.000 
0.017 0.995 0.063 0.990 0.984 
0.025 0.992 0.028 0.990 0.945 
0.045 0.992 0.021 0.993 0.381 
0.013 0.994 0.035 0.990 0.866 
0.018 0.994 0.016 0.995 0.925 
0.018 0.995 0.025 0.993 0.303 
0.014 0.996 0.020 0.995 0.997 
0.021 0.994 0.015 0.995 0.997 
0.017 0.995 0.021 0.993 0.980 
0.029 0.989 0.031 0.990 0.993 
0.017 0.995 0.024 0.993 1.000 
0.023 0.995 0.031 0.993 0.997 
0.027 0.993 0.043 0.993 0.906 
0.019 0.996 0.029 0.990 0.980 
0.013 0.995 0.019 0.998 0.997 
0.042 0.994 0.020 0.995 0.883 
0.024 0.992 0.031 0.993 0.997 
0.019 0.994 0.054 0.990 0.020 
0.013 0.995 0.018 0.993 1.000 
0.019 0.993 0.020 0.995 0.893 
0.018 0.995 0.021 0.995 0.990 
0.020 0.995 0.081 0.993 0.101 
0.018 0.993 0.035 0.990 0.811 
0.019 0.995 0.024 0.995 1.000 
0.030 0.990 0.027 0.993 0.990 
0.021 0.993 0.023 0.995 0.980 
0.023 0.995 0.027 0.993 0.560 
0.021 0.993 0.026 0.993 1.000 
0.025 0.995 0.055 0.978 0.997 
0.026 0.993 0.029 0.990 0.798 
0.018 0.996 0.036 0.988 0.997 
0.018 0.995 0.031 0.993 0.990 
0.024 0.993 0.039 0.990 0.000 
0.029 0.992 0.025 0.993 0.456 
0.016 0.995 0.024 0.995 0.870 
0.018 0.995 0.032 0.988 0.993 
0.021 0.994 0.039 0.990 0.977 
0.019 0.997 0.029 0.990 0.055 
0.024 0.995 0.047 0.988 0.928 
0.029 0.993 0.029 0.993 0.997 
0.042 0.990 0.039 0.990 0.808 
0.026 0.993 0.025 0.995 0.704 
0.022 0.993 0.027 0.993 0.993 
0.034 0.989 0.023 0.993 0.980 
0.016 0.996 0.045 0.990 1.000 
0.015 0.996 0.032 0.990 0.834 
0.026 0.991 0.034 0.990 0.980 
0.017 0.996 0.023 0.995 1.000 
0.016 0.994 0.065 0.988 0.876 
0.027 0.994 0.041 0.985 0.958 
0.017 0.995 0.041 0.990 0.707 
0.019 0.995 0.033 0.990 0.974 
0.014 0.996 0.051 0.988 0.678 
0.027 0.990 0.028 0.990 0.951 
0.017 0.994 0.023 0.993 0.485 
0.019 0.996 0.028 0.995 0.987 
0.020 0.993 0.025 0.995 0.997 
0.040 0.992 0.024 0.990 0.052 
0.021 0.992 0.028 0.995 1.000 
0.018 0.993 0.043 0.988 0.938 
0.026 0.993 0.023 0.995 0.717 
0.048 0.993 0.056 0.993 1.000 
0.034 0.992 0.026 0.995 0.987 
0.014 0.996 0.017 0.995 0.993 
0.028 0.991 0.053 0.990 0.130 
0.024 0.993 0.052 0.993 0.228 
0.028 0.993 0.030 0.993 0.036 
0.020 0.992 0.061 0.988 0.958 
0.024 0.995 0.112 0.988 0.000 
0.016 0.997 0.068 0.993 0.280 
0.018 0.996 0.087 0.988 0.502 
0.030 0.991 0.038 0.988 0.906 
0.015 0.996 0.030 0.990 0.948 
0.010 0.997 0.025 0.993 0.997 
0.022 0.993 0.024 0.995 0.599 
0.012 0.996 0.047 0.985 0.987 
0.028 0.991 0.031 0.988 0.958 
0.019 0.993 0.026 0.995 0.948 
0.019 0.995 0.019 0.995 0.567 
0.012 0.996 0.019 0.995 0.866 
0.024 0.995 0.021 0.995 0.883 
0.009 0.998 0.022 0.993 0.349 
0.016 0.995 0.029 0.990 0.984 
0.022 0.995 0.021 0.995 0.863 
0.028 0.992 0.029 0.993 0.980 
0.012 0.998 0.024 0.990 0.831 
0.016 0.995 0.025 0.993 0.668 
0.017 0.993 0.025 0.993 0.762 
0.011 0.996 0.022 0.995 0.726 
0.041 0.995 0.033 0.993 0.000 
0.013 0.997 0.047 0.990 0.928 
0.022 0.993 0.030 0.993 0.498 
0.019 0.995 0.035 0.990 1.000 
0.018 0.995 0.070 0.990 1.000 
0.038 0.996 0.056 0.988 0.723 
0.018 0.994 0.082 0.990 0.987 
0.021 0.995 0.070 0.988 0.107 
0.030 0.987 0.029 0.993 0.987 
0.020 0.992 0.022 0.993 0.873 
0.013 0.995 0.019 0.993 0.980 
0.024 0.994 0.024 0.993 0.436 
0.017 0.994 0.023 0.993 0.990 
0.015 0.996 0.024 0.995 0.899 
0.017 0.995 0.021 0.995 0.290 
0.016 0.996 0.023 0.993 0.915 
0.014 0.996 0.020 0.993 0.476 
0.008 0.996 0.013 0.995 0.081 
0.026 0.996 0.021 0.995 0.596 
0.013 0.996 0.022 0.993 0.228 
0.020 0.995 0.084 0.990 0.303 
0.027 0.992 0.044 0.993 0.684 
0.024 0.993 0.029 0.993 0.997 
0.018 0.995 0.025 0.990 0.938 
0.015 0.995 0.022 0.995 0.980 
0.017 0.995 0.027 0.993 0.853 
0.013 0.996 0.023 0.995 0.987 
0.019 0.995 0.028 0.993 0.964 
0.012 0.995 0.030 0.993 0.860 
0.020 0.993 0.053 0.990 0.303 
0.021 0.994 0.070 0.985 0.980 
0.015 0.996 0.062 0.983 0.997 
0.019 0.998 0.027 0.995 0.993 
0.022 0.992 0.034 0.990 0.844 
0.021 0.994 0.032 0.988 0.635 
0.020 0.995 0.030 0.993 0.987 
0.017 0.994 0.032 0.993 0.147 
0.022 0.994 0.035 0.990 0.332 
0.014 0.995 0.029 0.993 0.821 
0.016 0.993 0.039 0.990 0.518 
0.024 0.992 0.043 0.988 0.958 
0.027 0.995 0.028 0.993 0.906 
0.018 0.995 0.041 0.990 0.104 
0.015 0.995 0.022 0.993 0.977 
0.019 0.995 0.020 0.993 0.270 
0.024 0.992 0.025 0.993 0.674 
0.010 0.996 0.049 0.990 0.945 
0.025 0.994 0.022 0.995 0.997 
0.012 0.996 0.018 0.998 1.000 
0.028 0.995 0.031 0.988 1.000 
0.021 0.993 0.036 0.988 0.997 
0.021 0.994 0.056 0.990 0.951 
0.014 0.996 0.033 0.990 0.655 
0.028 0.992 0.025 0.993 0.902 
0.020 0.994 0.025 0.993 1.000 
0.009 0.997 0.029 0.993 0.919 
0.017 0.994 0.026 0.993 1.000 
0.020 0.995 0.022 0.993 1.000 
0.016 0.994 0.078 0.988 0.417 
0.035 0.993 0.020 0.993 0.990 
0.016 0.996 0.045 0.990 0.893 
0.018 0.996 0.025 0.993 0.941 
0.023 0.994 0.079 0.968 0.577 
0.013 0.995 0.023 0.995 0.997 
0.023 0.993 0.041 0.988 0.990 
0.014 0.994 0.106 0.993 0.889 
0.016 0.996 0.048 0.990 1.000 
0.016 0.997 0.065 0.993 1.000 
0.017 0.993 0.022 0.995 1.000 
0.016 0.993 0.040 0.990 0.967 
0.040 0.993 0.031 0.990 0.984 
0.022 0.992 0.052 0.988 0.961 
0.024 0.993 0.028 0.993 1.000 
0.014 0.996 0.023 0.993 1.000 
0.013 0.995 0.037 0.990 0.997 
0.016 0.996 0.032 0.990 1.000 
0.018 0.997 0.028 0.993 1.000 
0.026 0.992 0.048 0.983 0.951 
0.013 0.995 0.029 0.990 1.000 
0.020 0.993 0.021 0.995 0.990 
0.018 0.996 0.022 0.995 0.961 
0.022 0.993 0.019 0.995 0.961 
0.016 0.996 0.020 0.995 1.000 
0.023 0.994 0.039 0.993 0.951 
0.011 0.996 0.022 0.993 0.967 
0.024 0.993 0.026 0.995 1.000 
0.018 0.993 0.021 0.995 0.954 
0.016 0.994 0.037 0.990 0.511 
0.018 0.995 0.025 0.993 0.980 
0.018 0.995 0.068 0.993 0.964 
0.019 0.995 0.024 0.998 0.922 
0.012 0.997 0.022 0.993 0.945 
0.015 0.996 0.024 0.993 0.619 
0.021 0.993 0.020 0.995 0.482 
0.018 0.996 0.020 0.993 0.919 
0.022 0.995 0.022 0.990 0.873 
0.015 0.995 0.022 0.995 0.893 
0.015 0.995 0.026 0.993 0.912 
0.016 0.996 0.030 0.993 0.938 
0.022 0.995 0.030 0.993 0.987 
0.014 0.995 0.054 0.990 0.980 
0.016 0.996 0.025 0.993 0.932 
0.022 0.993 0.026 0.993 0.980 
0.018 0.995 0.034 0.985 0.893 
0.019 0.995 0.019 0.995 0.906 
0.011 0.995 0.020 0.993 0.700 
0.013 0.995 0.022 0.990 0.993 
0.023 0.994 0.027 0.993 0.990 
0.017 0.994 0.039 0.993 1.000 
0.022 0.991 0.018 0.995 0.906 
0.027 0.995 0.027 0.993 0.446 
0.016 0.995 0.021 0.990 0.805 
0.017 0.995 0.022 0.995 1.000 
0.015 0.996 0.020 0.993 0.915 
0.011 0.996 0.024 0.995 1.000 
0.020 0.994 0.056 0.990 0.997 
0.025 0.995 0.047 0.993 0.958 
0.012 0.996 0.049 0.993 0.752 
0.025 0.992 0.101 0.993 0.945 
0.019 0.997 0.032 0.988 0.961 
0.025 0.993 0.023 0.990 0.860 
0.032 0.992 0.067 0.990 0.844 
0.014 0.995 0.020 0.995 1.000 
0.019 0.997 0.029 0.993 0.967 
0.026 0.993 0.066 0.993 0.603 
0.021 0.995 0.103 0.990 0.935 
0.022 0.995 0.022 0.995 0.853 
0.034 0.996 0.031 0.995 0.739 
0.017 0.995 0.032 0.988 0.893 
0.018 0.995 0.051 0.990 0.482 
0.017 0.995 0.026 0.993 0.625 
0.014 0.996 0.022 0.995 0.736 
0.022 0.993 0.030 0.990 0.378 
0.019 0.995 0.022 0.995 0.362 
0.014 0.997 0.018 0.995 0.980 
0.013 0.995 0.029 0.993 0.974 
0.011 0.996 0.110 0.990 0.153 
0.025 0.994 0.268 0.988 0.228 
0.020 0.996 0.022 0.995 1.000 
0.012 0.996 0.023 0.995 0.974 
0.014 0.995 0.030 0.993 1.000 
0.019 0.994 0.035 0.988 1.000 
0.023 0.991 0.028 0.993 0.902 
0.014 0.995 0.032 0.990 0.984 
0.023 0.993 0.060 0.973 0.997 
0.012 0.994 0.122 0.990 0.355 
0.058 0.996 0.033 0.990 1.000 
0.031 0.994 0.026 0.993 0.423 
0.016 0.995 0.020 0.995 1.000 
0.013 0.996 0.038 0.990 0.762 
0.023 0.990 0.040 0.990 0.954 
0.012 0.994 0.027 0.993 0.993 
0.023 0.993 0.058 0.993 0.261 
0.017 0.995 0.021 0.993 1.000 
0.014 0.996 0.024 0.993 0.997 
0.014 0.995 0.386 0.978 0.808 
0.023 0.992 0.442 0.988 0.678 
0.012 0.996 0.200 0.988 0.971 
0.036 0.993 0.108 0.960 0.827 
0.022 0.994 0.026 0.990 0.850 
0.021 0.993 0.021 0.993 0.274 
0.019 0.991 0.083 0.993 0.922 
0.036 0.994 0.021 0.995 0.593 
0.019 0.995 0.023 0.993 0.997 
0.009 0.995 0.034 0.990 0.961 
0.028 0.994 0.031 0.993 0.681 
0.013 0.995 0.028 0.993 0.993 
0.021 0.994 0.024 0.993 0.997 
0.012 0.996 0.018 0.995 1.000 
0.014 0.996 0.054 0.988 0.971 
0.015 0.994 0.018 0.995 1.000 
0.011 0.996 0.033 0.993 0.912 
0.013 0.995 0.016 0.995 0.984 
0.016 0.994 0.023 0.993 0.997 
0.022 0.993 0.115 0.990 0.993 
0.017 0.995 0.068 0.990 0.997 
0.016 0.994 0.035 0.990 1.000 
0.012 0.997 0.022 0.993 1.000 
0.016 0.996 0.030 0.990 1.000 
0.027 0.991 0.023 0.993 0.997 
0.027 0.995 0.029 0.993 0.997 
0.011 0.998 0.082 0.990 0.300 
0.026 0.995 0.015 0.995 0.860 
0.025 0.992 0.064 0.993 0.485 
0.021 0.993 0.024 0.993 0.967 
0.016 0.995 0.100 0.990 0.889 
0.010 0.997 0.022 0.993 1.000 
0.024 0.993 0.023 0.998 1.000 
0.013 0.996 0.014 0.998 0.980 
0.015 0.996 0.015 0.995 0.997 
0.030 0.995 0.022 0.998 0.993 
0.052 0.995 0.244 0.988 0.088 
0.021 0.994 0.120 0.993 0.844 
0.015 0.995 0.184 0.990 0.967 
0.016 0.995 0.025 0.990 0.987 
0.032 0.995 0.269 0.993 0.964 
0.022 0.996 0.021 0.995 0.990 
0.020 0.996 0.048 0.990 1.000 
0.019 0.995 0.080 0.993 0.997 
0.015 0.996 0.030 0.993 0.997 
0.022 0.995 0.017 0.995 1.000 
0.018 0.995 0.061 0.990 1.000 
0.047 0.992 0.034 0.995 0.935 
0.025 0.994 0.157 0.988 0.792 
0.013 0.996 0.045 0.990 0.977 
0.019 0.995 0.054 0.993 0.765 
0.014 0.997 0.027 0.990 0.997 
0.013 0.995 0.021 0.993 0.997 
0.017 0.995 0.026 0.995 1.000 
0.017 0.994 0.194 0.993 1.000 
0.015 0.996 0.124 0.990 0.980 
0.031 0.994 0.048 0.990 1.000 
0.019 0.994 0.023 0.993 1.000 
0.012 0.996 0.018 0.993 0.730 
0.015 0.996 0.020 0.995 0.893 
0.003 0.999 0.019 0.993 0.919 
0.023 0.992 0.043 0.988 0.997 
0.015 0.993 0.039 0.990 0.687 
0.015 0.993 0.020 0.993 0.997 
0.012 0.995 0.016 0.995 0.997 
0.017 0.995 0.022 0.993 0.941 
0.018 0.993 0.029 0.993 0.997 
0.013 0.995 0.020 0.995 0.993 
0.014 0.995 0.023 0.993 0.182 
0.012 0.998 0.026 0.990 0.974 
0.010 0.998 0.018 0.995 0.987 
0.017 0.995 0.034 0.990 0.772 
0.017 0.996 0.024 0.993 0.954 
0.016 0.995 0.020 0.993 0.941 
0.019 0.995 0.022 0.995 0.134 
0.008 0.997 0.017 0.995 0.902 
0.020 0.997 0.029 0.993 0.971 
0.022 0.990 0.024 0.993 0.987 
0.015 0.996 0.023 0.993 0.993 
0.012 0.997 0.019 0.995 1.000 
0.022 0.993 0.027 0.993 0.935 
0.010 0.996 0.018 0.993 0.945 
0.023 0.995 0.030 0.988 0.997 
0.013 0.995 0.028 0.993 0.993 
0.012 0.996 0.024 0.993 0.977 
0.008 0.997 0.018 0.990 1.000 
0.011 0.996 0.034 0.990 0.997 
0.024 0.994 0.027 0.990 0.668 
0.018 0.994 0.096 0.988 0.160 
0.018 0.995 0.021 0.995 0.821 
0.012 0.996 0.017 0.995 0.997 
0.016 0.996 0.022 0.993 1.000 
0.014 0.994 0.023 0.993 0.925 
0.012 0.998 0.020 0.995 1.000 
0.009 0.996 0.016 0.995 0.974 
0.010 0.996 0.014 0.995 0.993 
0.016 0.997 0.131 0.993 0.270 
0.028 0.993 0.057 0.985 1.000 
0.021 0.993 0.024 0.993 0.993 
0.007 0.996 0.021 0.993 0.993 
0.030 0.991 0.024 0.993 0.977 
0.017 0.993 0.026 0.993 0.990 
0.019 0.994 0.024 0.990 0.805 
0.010 0.996 0.023 0.993 0.590 
0.029 0.992 0.028 0.995 0.906 
0.022 0.994 0.089 0.990 0.919 
0.024 0.994 0.022 0.993 0.847 
0.013 0.996 0.014 0.995 0.596 
0.017 0.996 0.019 0.995 0.958 
0.020 0.995 0.061 0.993 1.000 
0.019 0.993 0.015 0.995 0.853 
0.013 0.995 0.021 0.993 0.700 
0.008 0.997 0.017 0.998 0.971 
0.018 0.995 0.018 0.995 0.726 
0.012 0.998 0.021 0.995 0.257 
0.021 0.995 0.032 0.993 0.765 
0.026 0.991 0.382 0.985 0.020 
0.021 0.994 0.020 0.995 0.264 
0.017 0.996 0.022 0.995 0.993 
0.027 0.993 0.287 0.978 0.075 
0.022 0.995 0.018 0.995 0.098 
0.010 0.997 0.031 0.995 0.971 
0.013 0.995 0.018 0.995 0.883 
0.012 0.996 0.018 0.995 0.332 
0.010 0.995 0.341 0.983 0.007 
0.041 0.995 0.025 0.995 0.958 
0.024 0.995 0.025 0.995 0.645 
0.011 0.996 0.023 0.995 0.980 
0.022 0.993 0.025 0.995 0.765 
0.018 0.995 0.027 0.993 0.954 
0.021 0.993 0.023 0.995 0.974 
0.013 0.996 0.024 0.993 0.847 
0.016 0.995 0.061 0.993 0.150 
0.013 0.996 0.030 0.993 0.987 
0.028 0.992 0.027 0.993 0.954 
0.038 0.992 0.037 0.993 0.997 
0.022 0.993 0.036 0.993 0.958 
0.015 0.996 0.066 0.990 0.075 
0.021 0.995 0.020 0.995 1.000 
0.016 0.996 0.017 0.995 0.990 
0.012 0.996 0.114 0.990 0.420 
0.018 0.993 0.021 0.995 0.987 
0.035 0.993 0.049 0.985 0.899 
0.016 0.994 0.091 0.988 0.948 
0.023 0.994 0.026 0.990 0.997 
0.012 0.995 0.055 0.985 0.964 
0.018 0.996 0.020 0.995 0.997 
0.019 0.993 0.020 0.995 0.990 
0.018 0.993 0.040 0.993 0.928 
0.011 0.997 0.079 0.968 0.980 
0.017 0.996 0.021 0.995 0.886 
0.014 0.995 0.013 0.995 0.993 
0.022 0.994 0.102 0.990 0.111 
0.017 0.997 0.022 0.993 0.997 
0.010 0.995 0.068 0.985 0.990 
0.014 0.996 0.016 0.995 0.993 
0.025 0.995 0.023 0.993 0.993 
0.014 0.996 0.015 0.995 1.000 
0.016 0.995 0.019 0.995 1.000 
0.008 0.997 0.016 0.993 0.264 
0.022 0.993 0.020 0.993 1.000 
0.013 0.996 0.020 0.995 1.000 
0.010 0.997 0.082 0.988 0.954 
0.012 0.996 0.032 0.993 0.560 
0.013 0.994 0.047 0.993 0.964 
0.019 0.996 0.053 0.993 0.997 
0.012 0.996 0.016 0.993 1.000 
0.012 0.995 0.019 0.995 1.000 
0.023 0.995 0.019 0.995 0.993 
0.018 0.994 0.026 0.993 1.000 
0.018 0.993 0.039 0.990 0.879 
0.025 0.995 0.029 0.993 0.997 
0.011 0.997 0.018 0.993 1.000 
0.012 0.995 0.026 0.993 1.000 
0.018 0.993 0.033 0.990 0.251 
0.011 0.996 0.018 0.995 1.000 
0.018 0.995 0.023 0.993 1.000 
0.020 0.994 0.105 0.985 0.974 
0.016 0.994 0.018 0.995 0.938 
0.017 0.994 0.021 0.993 0.893 
0.013 0.996 0.061 0.990 0.951 
0.005 0.998 0.039 0.993 0.997 
0.014 0.995 0.023 0.993 1.000 
0.011 0.996 0.027 0.990 1.000 
0.010 0.996 0.025 0.993 0.863 
0.011 0.997 0.106 0.988 0.622 
0.008 0.998 0.058 0.993 1.000 
0.012 0.998 0.032 0.993 1.000 
0.047 0.995 0.289 0.990 0.984 
0.017 0.995 0.076 0.988 1.000 
0.014 0.995 0.078 0.993 0.993 
0.011 0.996 0.069 0.988 0.889 
0.014 0.998 0.102 0.990 0.997 
0.015 0.996 0.035 0.993 0.997 
0.024 0.995 0.417 0.990 0.664 
0.018 0.993 0.113 0.988 0.915 
0.014 0.995 0.196 0.993 0.844 
0.017 0.994 0.117 0.993 0.906 
0.021 0.993 0.077 0.993 0.485 
0.056 0.990 0.026 0.995 0.990 
0.019 0.995 0.020 0.995 0.997 
0.011 0.996 0.022 0.993 0.997 
0.021 0.992 0.022 0.993 1.000 
0.018 0.996 0.022 0.995 0.997 
0.016 0.995 0.023 0.993 1.000 
0.010 0.996 0.019 0.995 1.000 
0.020 0.995 0.017 0.995 1.000 
0.010 0.998 0.031 0.990 0.997 
0.011 0.996 0.021 0.995 1.000 
0.026 0.993 0.028 0.990 0.997 
0.016 0.996 0.028 0.990 0.964 
0.015 0.997 0.031 0.990 1.000 
0.017 0.994 0.035 0.993 1.000 
0.023 0.995 0.024 0.993 1.000 
0.013 0.997 0.024 0.993 0.971 
0.011 0.996 0.047 0.990 0.993 
0.021 0.995 0.029 0.990 1.000 
0.016 0.996 0.039 0.988 1.000 
0.014 0.996 0.026 0.993 1.000 
0.013 0.996 0.021 0.995 0.932 
0.017 0.996 0.020 0.995 0.997 
0.008 0.998 0.025 0.993 0.990 
0.019 0.993 0.030 0.993 0.971 
0.034 0.996 0.030 0.990 1.000 
0.019 0.994 0.027 0.990 0.997 
0.008 0.998 0.018 0.993 1.000 
0.013 0.995 0.045 0.993 0.713 
0.015 0.995 0.015 0.995 0.997 
0.013 0.995 0.022 0.993 0.990 
0.011 0.996 0.018 0.993 0.997 
0.011 0.995 0.015 0.990 0.915 
0.041 0.993 0.030 0.993 0.938 
0.021 0.993 0.020 0.993 0.967 
0.019 0.993 0.022 0.990 0.997 
0.007 0.999 0.022 0.993 0.567 
0.017 0.995 0.043 0.993 0.759 
0.014 0.996 0.050 0.990 0.414 
0.040 0.994 0.019 0.990 0.964 
0.019 0.993 0.097 0.988 0.358 
0.007 0.999 0.029 0.990 0.733 
0.010 0.996 0.080 0.988 0.951 
0.022 0.996 0.025 0.993 0.879 
0.019 0.994 0.025 0.990 0.954 
0.018 0.995 0.035 0.990 0.098 
0.010 0.996 0.019 0.990 0.945 
0.022 0.992 0.017 0.995 0.147 
0.011 0.996 0.015 0.995 0.215 
0.024 0.993 0.018 0.993 1.000 
0.009 0.997 0.040 0.990 0.046 
0.013 0.995 0.031 0.993 0.870 
0.009 0.997 0.021 0.993 0.274 
0.005 0.998 0.020 0.990 0.958 
0.014 0.995 0.032 0.993 0.388 
0.018 0.996 0.026 0.993 0.857 
0.011 0.995 0.026 0.995 0.980 
0.024 0.993 0.019 0.993 0.925 
0.032 0.992 0.053 0.983 0.984 
0.011 0.995 0.021 0.993 0.993 
0.020 0.993 0.018 0.993 0.860 
0.010 0.997 0.026 0.993 0.674 
0.008 0.998 0.038 0.990 0.984 
0.013 0.996 0.033 0.993 0.984 
0.017 0.994 0.049 0.990 0.710 
0.010 0.998 0.038 0.995 0.980 
0.033 0.995 0.263 0.990 0.827 
0.031 0.993 0.031 0.993 0.625 
0.019 0.995 0.031 0.990 0.919 
0.030 0.994 0.034 0.990 1.000 
0.022 0.995 0.031 0.990 1.000 
0.013 0.996 0.084 0.988 0.912 
0.033 0.995 0.064 0.988 0.866 
0.008 0.996 0.045 0.993 0.834 
0.016 0.995 0.026 0.990 0.951 
0.013 0.996 0.020 0.995 0.733 
0.012 0.995 0.016 0.995 0.987 
0.006 0.999 0.028 0.990 0.684 
0.013 0.995 0.036 0.993 0.550 
0.020 0.993 0.033 0.993 0.668 
0.014 0.996 0.029 0.990 0.723 
0.013 0.996 0.028 0.993 0.619 
0.025 0.995 0.028 0.993 0.984 
0.013 0.995 0.033 0.990 0.866 
0.012 0.998 0.021 0.993 0.964 
0.013 0.996 0.020 0.995 1.000 
0.016 0.995 0.053 0.993 1.000 
0.008 0.998 0.057 0.985 0.980 
0.007 0.999 0.045 0.993 0.674 
0.008 0.998 0.018 0.995 1.000 
0.017 0.995 0.042 0.988 1.000 
0.026 0.995 0.074 0.990 0.984 
0.015 0.995 0.036 0.990 0.958 
0.013 0.996 0.056 0.993 0.964 
0.011 0.998 0.022 0.993 0.632 
0.016 0.996 0.016 0.995 0.801 
0.020 0.995 0.075 0.990 0.961 
0.027 0.997 0.026 0.993 0.964 
0.008 0.999 0.053 0.993 0.081 
0.013 0.996 0.043 0.988 0.922 
0.009 0.997 0.022 0.993 0.752 
0.008 0.997 0.031 0.990 0.257 
0.020 0.996 0.016 0.995 0.912 
0.046 0.993 0.018 0.995 0.759 
0.018 0.995 0.023 0.993 0.866 
0.015 0.993 0.016 0.995 1.000 
0.021 0.996 0.015 0.993 0.977 
0.017 0.995 0.017 0.995 0.026 
0.014 0.995 0.019 0.995 0.039 
0.012 0.995 0.019 0.995 0.935 
0.022 0.993 0.023 0.993 0.971 
0.011 0.996 0.021 0.993 0.834 
0.014 0.996 0.041 0.985 1.000 
0.014 0.996 0.016 0.995 0.932 
0.014 0.995 0.027 0.993 0.951 
0.010 0.996 0.027 0.990 0.616 
0.030 0.992 0.023 0.995 0.938 
0.020 0.994 0.025 0.990 0.899 
0.083 0.995 0.036 0.985 0.990 
0.008 0.998 0.622 0.985 0.000 
0.041 0.990 0.024 0.993 0.876 
0.014 0.993 0.014 0.995 0.857 
0.009 0.996 0.117 0.988 0.124 
0.009 0.998 0.031 0.993 0.078 
0.021 0.993 0.015 0.995 0.980 
0.014 0.996 0.023 0.993 0.254 
0.022 0.998 0.022 0.995 0.866 
0.007 0.998 0.031 0.990 1.000 
0.016 0.996 0.022 0.995 0.866 
0.009 0.997 0.075 0.993 0.997 
0.025 0.994 0.027 0.993 1.000 
0.012 0.996 0.020 0.995 0.987 
0.026 0.993 0.031 0.993 0.606 
0.013 0.995 0.020 0.995 0.531 
0.018 0.995 0.023 0.995 0.769 
0.022 0.995 0.022 0.993 0.993 
0.011 0.996 0.024 0.993 0.524 
0.013 0.997 0.042 0.985 0.990 
0.018 0.993 0.033 0.990 0.853 
0.018 0.993 0.016 0.995 0.941 
0.017 0.994 0.019 0.993 0.707 
0.005 0.997 0.016 0.995 0.915 
0.009 0.996 0.049 0.990 0.850 
0.021 0.995 0.016 0.995 0.980 
0.025 0.995 0.047 0.995 0.336 
0.021 0.993 0.193 0.990 0.489 
0.019 0.993 0.026 0.993 0.977 
0.010 0.996 0.027 0.990 0.941 
0.008 0.997 0.021 0.995 0.997 
0.009 0.998 0.083 0.993 0.277 
0.015 0.994 0.020 0.995 0.883 
0.013 0.995 0.020 0.995 0.977 
0.031 0.995 0.109 0.993 0.241 
0.012 0.997 0.057 0.990 0.016 
0.028 0.997 0.030 0.993 0.508 
0.020 0.992 0.015 0.995 0.883 
0.017 0.995 0.015 0.995 0.130 
0.023 0.993 0.027 0.993 0.948 
0.014 0.995 0.020 0.995 0.586 
0.021 0.996 0.024 0.993 0.554 
0.013 0.996 0.019 0.995 0.980 
0.017 0.994 0.018 0.995 0.853 
0.006 0.998 0.021 0.995 0.365 
0.022 0.995 0.039 0.983 0.987 
0.012 0.996 0.023 0.993 0.453 
0.008 0.997 0.033 0.988 0.977 
0.019 0.995 0.176 0.973 0.104 
0.013 0.995 0.028 0.988 0.863 
0.015 0.995 0.054 0.990 0.655 
0.011 0.997 0.157 0.993 0.691 
0.015 0.996 0.028 0.993 0.928 
0.024 0.993 0.020 0.995 0.961 
0.010 0.997 0.044 0.990 0.863 
0.010 0.996 0.030 0.988 0.756 
0.010 0.998 0.018 0.995 0.915 
0.005 0.998 0.068 0.983 0.951 
0.010 0.996 0.021 0.995 0.951 
0.015 0.996 0.017 0.995 0.883 
0.018 0.996 0.018 0.995 0.954 
0.012 0.997 0.015 0.995 0.107 
0.026 0.995 0.018 0.995 0.850 
0.027 0.996 0.025 0.993 0.290 
0.013 0.995 0.022 0.995 0.717 
0.027 0.993 0.023 0.995 0.893 
0.020 0.996 0.123 0.975 0.189 
0.017 0.996 0.024 0.993 0.593 
0.009 0.996 0.131 0.993 0.342 
0.007 0.998 0.016 0.995 0.932 
0.023 0.992 0.021 0.995 0.961 
0.011 0.996 0.197 0.985 0.075 
0.016 0.995 0.023 0.993 0.723 
0.012 0.995 0.031 0.993 0.948 
0.018 0.993 0.040 0.990 0.235 
0.014 0.996 0.039 0.995 0.961 
0.032 0.996 0.028 0.993 0.821 
0.081 0.991 0.110 0.985 0.987 
0.012 0.996 0.026 0.993 0.866 
0.022 0.992 0.019 0.993 0.687 
0.017 0.993 0.029 0.988 0.879 
0.023 0.991 0.027 0.993 0.697 
0.016 0.993 0.021 0.993 0.906 
0.012 0.995 0.021 0.993 0.564 
0.013 0.996 0.023 0.993 0.879 
0.005 0.997 0.026 0.993 0.941 
0.012 0.996 0.021 0.995 0.896 
