0.312 0.880 0.205 0.907 1.000 
0.188 0.930 0.204 0.922 1.000 
0.153 0.944 0.160 0.940 0.980 
0.133 0.956 0.129 0.965 1.000 
0.137 0.955 0.162 0.950 1.000 
0.107 0.964 0.126 0.943 1.000 
0.113 0.964 0.151 0.940 0.993 
0.099 0.971 0.094 0.980 1.000 
0.093 0.971 0.112 0.968 1.000 
0.096 0.971 0.101 0.973 1.000 
0.097 0.971 0.096 0.980 1.000 
0.084 0.973 0.123 0.948 1.000 
0.085 0.969 0.106 0.970 1.000 
0.077 0.979 0.155 0.943 0.882 
0.066 0.980 0.107 0.973 1.000 
0.081 0.975 0.127 0.980 1.000 
0.070 0.978 0.105 0.970 1.000 
0.077 0.973 0.102 0.973 0.963 
0.074 0.976 0.148 0.935 1.000 
0.068 0.979 0.119 0.960 1.000 
0.078 0.974 0.112 0.968 1.000 
0.068 0.980 0.152 0.943 0.993 
0.062 0.981 0.110 0.975 1.000 
0.051 0.985 0.191 0.935 0.821 
0.060 0.981 0.113 0.963 0.997 
0.050 0.985 0.167 0.932 1.000 
0.062 0.981 0.120 0.955 0.990 
0.049 0.985 0.125 0.950 1.000 
0.049 0.988 0.103 0.965 0.841 
0.055 0.982 0.066 0.985 1.000 
0.052 0.983 0.083 0.980 1.000 
0.053 0.984 0.084 0.965 1.000 
0.046 0.988 0.071 0.983 0.980 
0.065 0.982 0.107 0.960 1.000 
0.047 0.988 0.100 0.963 0.909 
0.055 0.985 0.156 0.932 0.963 
0.056 0.982 0.114 0.983 1.000 
0.045 0.989 0.071 0.983 1.000 
0.052 0.985 0.096 0.973 0.983 
0.048 0.986 0.076 0.985 0.973 
0.041 0.989 0.071 0.983 0.990 
0.045 0.986 0.083 0.983 0.973 
0.047 0.986 0.091 0.963 1.000 
0.048 0.985 0.118 0.955 1.000 
0.046 0.986 0.118 0.950 0.956 
0.050 0.983 0.094 0.963 0.983 
0.044 0.986 0.107 0.958 0.973 
0.041 0.990 0.083 0.968 1.000 
0.040 0.989 0.090 0.975 1.000 
0.040 0.990 0.069 0.980 1.000 
0.044 0.988 0.066 0.985 1.000 
0.034 0.988 0.057 0.983 1.000 
0.040 0.990 0.088 0.978 1.000 
0.040 0.990 0.156 0.932 0.983 
0.041 0.989 0.141 0.943 0.983 
0.044 0.986 0.087 0.985 0.936 
0.040 0.989 0.070 0.985 1.000 
0.044 0.988 0.148 0.963 0.905 
0.043 0.988 0.142 0.955 0.905 
0.039 0.990 0.095 0.968 1.000 
0.043 0.988 0.103 0.968 0.990 
0.041 0.989 0.092 0.980 0.990 
0.039 0.990 0.086 0.978 1.000 
0.030 0.994 0.101 0.975 0.963 
0.037 0.991 0.104 0.958 1.000 
0.042 0.989 0.120 0.950 0.709 
0.041 0.992 0.079 0.988 0.956 
0.046 0.987 0.063 0.988 1.000 
0.036 0.989 0.101 0.975 0.993 
0.037 0.993 0.097 0.985 1.000 
0.041 0.991 0.060 0.988 0.983 
0.040 0.986 0.089 0.983 1.000 
0.034 0.991 0.075 0.985 1.000 
0.041 0.991 0.087 0.985 1.000 
0.037 0.991 0.115 0.958 1.000 
0.043 0.988 0.122 0.978 1.000 
0.042 0.988 0.138 0.927 1.000 
0.033 0.991 0.097 0.965 0.949 
0.038 0.988 0.097 0.980 0.990 
0.044 0.986 0.128 0.950 0.997 
0.035 0.991 0.067 0.983 0.764 
0.046 0.988 0.080 0.985 0.997 
0.033 0.990 0.092 0.980 0.980 
0.029 0.992 0.087 0.980 1.000 
0.031 0.991 0.077 0.985 1.000 
0.038 0.989 0.079 0.985 0.986 
0.031 0.992 0.074 0.985 0.997 
0.039 0.991 0.082 0.975 0.993 
0.029 0.992 0.106 0.965 1.000 
0.027 0.994 0.064 0.980 1.000 
0.031 0.992 0.062 0.983 1.000 
0.036 0.988 0.081 0.985 1.000 
0.033 0.992 0.069 0.988 0.983 
0.036 0.990 0.078 0.980 1.000 
0.041 0.989 0.069 0.988 0.993 
0.027 0.993 0.080 0.985 1.000 
0.036 0.992 0.116 0.965 0.997 
0.037 0.990 0.076 0.980 1.000 
0.036 0.990 0.079 0.983 0.997 
0.028 0.992 0.090 0.985 0.980 
0.027 0.993 0.081 0.980 0.990 
0.038 0.991 0.072 0.985 0.814 
0.033 0.992 0.092 0.983 0.615 
0.035 0.990 0.078 0.985 0.946 
0.031 0.991 0.088 0.978 0.970 
0.034 0.992 0.077 0.983 1.000 
0.038 0.989 0.082 0.983 0.990 
0.030 0.992 0.081 0.983 0.993 
0.034 0.991 0.085 0.970 0.922 
0.026 0.993 0.100 0.978 1.000 
0.036 0.991 0.079 0.985 0.986 
0.036 0.989 0.088 0.980 0.949 
0.027 0.993 0.131 0.965 0.993 
0.034 0.992 0.111 0.963 0.834 
0.037 0.989 0.075 0.980 1.000 
0.027 0.994 0.106 0.970 0.807 
0.033 0.991 0.160 0.950 1.000 
0.030 0.991 0.110 0.965 0.074 
0.031 0.994 0.126 0.978 0.956 
0.038 0.991 0.062 0.985 0.993 
0.024 0.994 0.075 0.983 0.990 
0.028 0.992 0.068 0.985 0.993 
0.027 0.994 0.074 0.985 1.000 
0.027 0.993 0.110 0.963 0.986 
0.039 0.990 0.106 0.980 0.956 
0.024 0.994 0.093 0.975 0.720 
0.034 0.989 0.116 0.975 0.993 
0.027 0.994 0.087 0.983 0.976 
0.027 0.994 0.107 0.958 0.983 
0.027 0.993 0.119 0.985 0.990 
0.029 0.994 0.066 0.985 0.926 
0.031 0.993 0.143 0.950 0.949 
0.030 0.991 0.067 0.985 0.922 
0.025 0.995 0.064 0.980 1.000 
0.031 0.990 0.115 0.970 1.000 
0.031 0.994 0.068 0.983 1.000 
0.033 0.993 0.056 0.985 0.990 
0.027 0.994 0.069 0.985 1.000 
0.033 0.992 0.090 0.975 0.892 
0.040 0.988 0.086 0.975 1.000 
0.033 0.992 0.128 0.955 0.872 
0.029 0.993 0.092 0.975 0.959 
0.034 0.991 0.107 0.960 0.973 
0.027 0.992 0.079 0.980 0.943 
0.030 0.993 0.081 0.978 0.997 
0.026 0.993 0.130 0.955 1.000 
0.032 0.992 0.093 0.973 1.000 
0.027 0.991 0.097 0.968 0.993 
0.026 0.994 0.076 0.980 0.905 
0.027 0.995 0.053 0.988 0.980 
0.029 0.993 0.072 0.983 0.747 
0.023 0.995 0.071 0.985 0.970 
0.032 0.991 0.112 0.973 1.000 
0.029 0.992 0.106 0.965 0.787 
0.026 0.991 0.063 0.988 0.838 
0.024 0.993 0.075 0.985 0.831 
0.025 0.994 0.049 0.988 0.889 
0.028 0.991 0.077 0.973 0.429 
0.032 0.991 0.076 0.985 0.949 
0.028 0.993 0.106 0.975 0.916 
0.027 0.994 0.084 0.983 0.959 
0.020 0.993 0.160 0.955 1.000 
0.031 0.994 0.061 0.985 0.486 
0.030 0.992 0.111 0.968 0.929 
0.022 0.994 0.146 0.945 0.953 
0.027 0.992 0.096 0.973 0.818 
0.025 0.995 0.070 0.975 0.922 
0.026 0.994 0.044 0.985 0.997 
0.037 0.991 0.064 0.985 0.993 
0.037 0.993 0.070 0.985 0.997 
0.026 0.991 0.154 0.978 1.000 
0.022 0.996 0.083 0.970 1.000 
0.024 0.993 0.051 0.988 1.000 
0.034 0.990 0.056 0.980 1.000 
0.020 0.995 0.079 0.975 0.997 
0.027 0.994 0.128 0.973 1.000 
0.030 0.993 0.169 0.950 0.970 
0.018 0.994 0.123 0.973 0.980 
0.027 0.992 0.070 0.978 0.209 
0.024 0.994 0.126 0.960 0.997 
0.018 0.996 0.091 0.985 0.669 
0.030 0.991 0.103 0.973 0.882 
0.027 0.994 0.074 0.975 1.000 
0.038 0.992 0.201 0.970 0.997 
0.027 0.994 0.179 0.915 0.791 
0.029 0.993 0.067 0.978 1.000 
0.021 0.994 0.110 0.963 0.990 
0.029 0.995 0.084 0.983 0.980 
0.023 0.993 0.065 0.980 0.963 
0.027 0.995 0.061 0.985 0.943 
0.024 0.993 0.041 0.990 0.953 
0.027 0.992 0.116 0.953 0.834 
0.022 0.994 0.043 0.985 0.932 
0.019 0.996 0.110 0.975 0.706 
0.021 0.993 0.122 0.950 1.000 
0.032 0.992 0.072 0.973 1.000 
0.024 0.994 0.122 0.988 1.000 
0.026 0.992 0.109 0.980 0.949 
0.029 0.992 0.069 0.985 1.000 
0.024 0.994 0.104 0.980 1.000 
0.038 0.989 0.141 0.958 0.983 
0.028 0.993 0.073 0.988 0.912 
0.027 0.993 0.056 0.988 0.568 
0.024 0.994 0.083 0.983 0.990 
0.019 0.996 0.136 0.955 1.000 
0.031 0.993 0.128 0.970 0.861 
0.022 0.992 0.096 0.975 0.980 
0.023 0.993 0.055 0.988 0.919 
0.019 0.994 0.063 0.988 0.980 
0.026 0.994 0.083 0.978 0.986 
0.027 0.994 0.105 0.975 0.932 
0.026 0.991 0.065 0.988 0.993 
0.022 0.994 0.116 0.980 0.983 
0.023 0.996 0.122 0.970 0.145 
0.023 0.995 0.059 0.988 0.983 
0.022 0.994 0.046 0.983 0.963 
0.029 0.993 0.048 0.978 0.568 
0.019 0.995 0.044 0.985 0.973 
0.027 0.994 0.051 0.988 0.997 
0.020 0.992 0.136 0.970 0.986 
0.023 0.993 0.092 0.973 0.993 
0.018 0.995 0.070 0.985 1.000 
0.022 0.992 0.144 0.973 1.000 
0.023 0.994 0.173 0.945 0.997 
0.016 0.997 0.101 0.985 0.861 
0.026 0.992 0.038 0.988 0.459 
0.019 0.996 0.129 0.988 0.297 
0.026 0.994 0.143 0.988 0.142 
0.021 0.994 0.132 0.985 0.916 
0.024 0.994 0.099 0.985 0.713 
0.030 0.991 0.134 0.988 0.976 
0.027 0.994 0.088 0.985 1.000 
0.020 0.995 0.204 0.988 0.953 
0.022 0.994 0.060 0.985 0.997 
0.017 0.996 0.035 0.990 0.743 
0.023 0.994 0.084 0.988 1.000 
0.025 0.994 0.058 0.985 0.959 
0.021 0.995 0.055 0.985 0.997 
0.025 0.991 0.051 0.985 0.997 
0.030 0.991 0.163 0.938 1.000 
0.022 0.994 0.074 0.978 0.642 
0.028 0.992 0.182 0.985 1.000 
0.030 0.993 0.166 0.940 0.730 
0.024 0.992 0.105 0.980 0.527 
0.033 0.992 0.113 0.985 0.645 
0.019 0.996 0.127 0.960 0.872 
0.021 0.994 0.191 0.983 0.970 
0.012 0.996 0.237 0.973 0.997 
0.023 0.995 0.130 0.978 0.997 
0.026 0.994 0.081 0.978 0.838 
0.022 0.993 0.159 0.965 0.905 
0.025 0.994 0.086 0.985 0.997 
0.041 0.988 0.159 0.985 0.980 
0.019 0.995 0.071 0.985 1.000 
0.024 0.995 0.114 0.978 0.983 
0.020 0.996 0.102 0.988 0.993 
0.031 0.992 0.163 0.985 1.000 
0.017 0.995 0.099 0.988 0.976 
0.023 0.992 0.152 0.975 0.926 
0.024 0.994 0.144 0.950 0.997 
0.017 0.997 0.129 0.988 0.885 
0.023 0.994 0.103 0.988 0.993 
0.026 0.995 0.114 0.985 0.997 
0.029 0.991 0.088 0.988 1.000 
0.017 0.995 0.142 0.985 0.997 
0.012 0.995 0.128 0.985 1.000 
0.021 0.995 0.178 0.970 1.000 
0.029 0.991 0.075 0.985 0.581 
0.032 0.994 0.058 0.988 0.949 
0.021 0.995 0.146 0.950 0.990 
0.020 0.994 0.205 0.978 0.632 
0.022 0.994 0.051 0.988 1.000 
0.022 0.994 0.043 0.985 0.713 
0.018 0.996 0.091 0.988 0.797 
0.021 0.995 0.128 0.988 0.905 
0.020 0.995 0.062 0.988 0.956 
0.025 0.994 0.113 0.980 0.983 
0.016 0.995 0.118 0.980 0.976 
0.019 0.996 0.064 0.988 0.966 
0.023 0.994 0.091 0.988 0.615 
0.025 0.992 0.132 0.985 0.929 
0.025 0.995 0.078 0.970 0.997 
0.021 0.995 0.069 0.983 0.895 
0.016 0.995 0.195 0.968 1.000 
0.019 0.996 0.101 0.988 0.943 
0.013 0.997 0.135 0.988 0.459 
0.021 0.993 0.199 0.985 0.980 
0.019 0.995 0.382 0.943 0.963 
0.023 0.995 0.196 0.988 0.865 
0.022 0.993 0.130 0.988 0.345 
0.025 0.995 0.129 0.988 1.000 
0.024 0.994 0.182 0.970 1.000 
0.023 0.994 0.140 0.978 0.348 
0.017 0.995 0.110 0.988 0.831 
0.021 0.995 0.059 0.985 0.537 
0.023 0.992 0.049 0.988 0.990 
0.021 0.994 0.072 0.985 0.720 
0.023 0.994 0.154 0.953 0.986 
0.029 0.994 0.065 0.985 1.000 
0.026 0.994 0.073 0.983 0.946 
0.019 0.994 0.070 0.985 0.990 
0.025 0.992 0.077 0.985 0.980 
0.012 0.996 0.064 0.988 0.524 
0.020 0.994 0.042 0.988 1.000 
0.018 0.995 0.105 0.968 0.997 
0.026 0.993 0.088 0.973 0.997 
0.017 0.995 0.071 0.983 1.000 
0.022 0.996 0.147 0.948 1.000 
0.023 0.994 0.053 0.988 1.000 
0.032 0.993 0.123 0.948 0.527 
0.036 0.991 0.105 0.950 0.956 
0.018 0.995 0.157 0.955 0.909 
0.024 0.994 0.108 0.978 0.993 
0.020 0.995 0.060 0.988 0.936 
0.020 0.995 0.124 0.960 0.895 
0.021 0.996 0.135 0.950 0.973 
0.019 0.995 0.115 0.975 0.997 
0.012 0.997 0.218 0.978 0.919 
0.025 0.994 0.092 0.985 1.000 
0.034 0.991 0.140 0.965 0.993 
0.017 0.994 0.212 0.983 0.841 
0.023 0.995 0.517 0.963 0.997 
0.029 0.992 0.262 0.958 0.997 
0.019 0.995 0.208 0.965 0.997 
0.027 0.994 0.158 0.975 0.845 
0.011 0.998 0.176 0.983 0.980 
0.016 0.997 0.133 0.985 0.966 
0.026 0.992 0.152 0.988 0.993 
0.023 0.994 0.145 0.988 0.858 
0.018 0.995 0.084 0.988 1.000 
0.019 0.994 0.227 0.983 0.794 
0.020 0.996 0.110 0.985 0.963 
0.029 0.994 0.121 0.953 0.956 
0.021 0.994 0.249 0.980 0.760 
0.022 0.993 0.163 0.985 1.000 
0.033 0.991 0.211 0.958 0.824 
0.023 0.992 0.150 0.985 0.520 
0.023 0.994 0.149 0.985 0.605 
0.030 0.994 0.097 0.988 0.703 
0.016 0.995 0.093 0.988 0.791 
0.017 0.997 0.183 0.980 0.882 
0.017 0.994 0.193 0.988 0.416 
0.024 0.994 0.068 0.988 0.899 
0.028 0.992 0.278 0.910 0.980 
0.029 0.991 0.107 0.988 1.000 
0.031 0.992 0.357 0.973 1.000 
0.033 0.994 0.070 0.988 0.922 
0.018 0.995 0.121 0.985 1.000 
0.024 0.994 0.101 0.983 0.997 
0.022 0.994 0.229 0.955 0.990 
0.019 0.995 0.235 0.983 0.993 
0.021 0.996 0.184 0.968 0.983 
0.023 0.994 0.042 0.988 0.993 
0.021 0.993 0.164 0.960 0.990 
0.017 0.996 0.101 0.988 0.990 
0.019 0.996 0.103 0.975 0.997 
0.024 0.995 0.097 0.978 0.976 
0.017 0.996 0.144 0.985 1.000 
0.029 0.992 0.078 0.970 0.983 
0.019 0.995 0.145 0.988 0.959 
0.028 0.996 0.098 0.978 0.713 
0.023 0.993 0.153 0.975 0.990 
0.022 0.994 0.153 0.970 0.895 
0.024 0.994 0.184 0.970 0.699 
0.021 0.994 0.179 0.963 1.000 
0.019 0.996 0.138 0.963 0.976 
0.024 0.993 0.161 0.950 0.872 
0.019 0.995 0.089 0.988 0.764 
0.015 0.996 0.119 0.988 0.986 
0.027 0.993 0.356 0.910 0.919 
0.020 0.996 0.129 0.985 1.000 
0.021 0.994 0.119 0.985 0.997 
0.017 0.994 0.143 0.985 0.446 
0.025 0.993 0.149 0.985 0.770 
0.031 0.992 0.062 0.980 0.861 
0.017 0.995 0.060 0.988 0.966 
0.019 0.995 0.114 0.983 0.976 
0.024 0.994 0.095 0.988 0.970 
0.018 0.994 0.105 0.988 0.926 
0.019 0.996 0.125 0.985 0.828 
0.022 0.993 0.126 0.978 0.946 
0.025 0.993 0.042 0.990 1.000 
0.021 0.996 0.092 0.978 0.666 
0.016 0.996 0.143 0.970 0.885 
0.019 0.995 0.083 0.988 0.706 
0.017 0.996 0.092 0.988 0.716 
0.029 0.991 0.119 0.985 0.983 
0.015 0.997 0.122 0.988 0.892 
0.012 0.997 0.195 0.960 0.730 
0.022 0.995 0.133 0.985 0.980 
0.016 0.994 0.142 0.988 1.000 
0.024 0.993 0.135 0.970 1.000 
0.023 0.994 0.099 0.980 1.000 
0.024 0.995 0.081 0.988 1.000 
0.021 0.993 0.101 0.968 0.990 
0.015 0.995 0.189 0.958 0.970 
0.021 0.995 0.204 0.935 0.963 
0.014 0.996 0.115 0.973 0.909 
0.015 0.996 0.104 0.983 0.980 
0.018 0.995 0.218 0.927 1.000 
0.020 0.993 0.124 0.975 1.000 
0.019 0.995 0.093 0.988 0.963 
0.020 0.995 0.133 0.980 0.899 
0.018 0.996 0.079 0.985 0.953 
0.026 0.992 0.175 0.943 0.976 
0.014 0.995 0.124 0.988 0.872 
0.016 0.996 0.119 0.985 0.983 
0.014 0.995 0.142 0.988 0.990 
0.024 0.994 0.089 0.988 0.956 
0.022 0.996 0.150 0.970 0.963 
0.021 0.995 0.105 0.973 0.997 
0.014 0.996 0.124 0.988 0.986 
0.015 0.995 0.164 0.975 0.855 
0.017 0.996 0.111 0.975 0.889 
0.026 0.992 0.134 0.985 0.912 
0.023 0.994 0.147 0.958 1.000 
0.023 0.994 0.086 0.983 1.000 
0.019 0.995 0.100 0.985 0.993 
0.024 0.993 0.135 0.980 1.000 
0.018 0.996 0.126 0.965 0.993 
0.026 0.993 0.083 0.973 0.997 
0.026 0.993 0.122 0.978 0.997 
0.015 0.993 0.163 0.970 1.000 
0.021 0.996 0.090 0.983 1.000 
0.016 0.995 0.115 0.978 1.000 
0.021 0.994 0.102 0.970 0.997 
0.020 0.994 0.072 0.988 0.997 
0.021 0.993 0.067 0.988 1.000 
0.020 0.991 0.180 0.943 0.986 
0.013 0.996 0.134 0.968 1.000 
0.018 0.994 0.228 0.930 1.000 
0.017 0.995 0.100 0.980 1.000 
0.017 0.993 0.096 0.978 0.970 
0.021 0.993 0.194 0.935 0.980 
0.018 0.995 0.119 0.988 0.986 
0.018 0.995 0.121 0.988 1.000 
0.020 0.994 0.175 0.988 0.912 
0.041 0.991 0.433 0.902 0.936 
0.024 0.994 0.185 0.953 1.000 
0.019 0.994 0.088 0.988 1.000 
0.022 0.992 0.099 0.985 1.000 
0.021 0.994 0.131 0.960 1.000 
0.012 0.997 0.172 0.938 0.993 
0.014 0.997 0.153 0.955 1.000 
0.015 0.995 0.144 0.988 0.986 
0.019 0.994 0.112 0.968 0.811 
0.018 0.994 0.085 0.985 0.858 
0.025 0.994 0.095 0.973 0.993 
0.011 0.997 0.209 0.963 0.976 
0.020 0.994 0.079 0.988 1.000 
0.015 0.995 0.173 0.960 0.986 
0.014 0.995 0.129 0.985 0.993 
0.018 0.995 0.050 0.988 0.916 
0.018 0.995 0.062 0.988 0.872 
0.022 0.994 0.070 0.988 0.828 
0.022 0.993 0.049 0.988 0.983 
0.023 0.991 0.041 0.990 0.716 
0.016 0.997 0.051 0.988 0.909 
0.014 0.994 0.129 0.983 0.780 
0.026 0.993 0.111 0.970 0.956 
0.023 0.995 0.111 0.973 0.997 
0.023 0.995 0.135 0.948 0.983 
0.027 0.990 0.080 0.983 0.949 
0.019 0.994 0.088 0.988 0.743 
0.017 0.995 0.167 0.950 0.922 
0.020 0.994 0.095 0.988 0.943 
0.010 0.998 0.121 0.985 0.926 
0.019 0.995 0.120 0.988 0.885 
0.018 0.993 0.266 0.950 0.970 
0.023 0.994 0.076 0.985 1.000 
0.019 0.995 0.081 0.985 0.902 
0.020 0.995 0.092 0.985 1.000 
0.026 0.993 0.141 0.945 0.912 
0.018 0.993 0.124 0.973 0.997 
0.039 0.993 0.252 0.895 1.000 
0.028 0.992 0.088 0.973 1.000 
0.015 0.996 0.059 0.988 1.000 
0.013 0.996 0.081 0.988 1.000 
0.009 0.997 0.095 0.988 1.000 
0.013 0.995 0.132 0.960 1.000 
0.017 0.997 0.080 0.988 1.000 
0.024 0.994 0.085 0.985 1.000 
0.019 0.994 0.061 0.985 1.000 
0.019 0.994 0.162 0.958 0.993 
0.017 0.997 0.070 0.985 1.000 
0.016 0.992 0.104 0.985 1.000 
0.025 0.995 0.111 0.973 0.983 
0.015 0.996 0.047 0.988 1.000 
0.018 0.995 0.102 0.983 0.986 
0.016 0.996 0.074 0.988 0.939 
0.017 0.995 0.082 0.988 0.861 
0.030 0.991 0.060 0.985 1.000 
0.031 0.993 0.099 0.973 0.993 
0.017 0.994 0.113 0.970 1.000 
0.020 0.995 0.087 0.983 0.997 
0.019 0.993 0.062 0.988 1.000 
0.016 0.994 0.063 0.988 0.976 
0.013 0.996 0.069 0.988 0.959 
0.019 0.995 0.066 0.988 0.997 
0.026 0.992 0.071 0.988 1.000 
0.021 0.993 0.080 0.985 0.986 
0.017 0.996 0.153 0.950 0.970 
0.008 0.997 0.172 0.968 0.882 
0.016 0.996 0.086 0.988 1.000 
0.018 0.994 0.078 0.983 1.000 
0.016 0.996 0.064 0.983 1.000 
0.013 0.996 0.092 0.988 1.000 
0.015 0.997 0.138 0.980 1.000 
0.033 0.996 0.076 0.975 1.000 
0.017 0.995 0.073 0.980 1.000 
0.023 0.995 0.103 0.970 0.943 
0.011 0.998 0.127 0.978 0.976 
0.015 0.996 0.024 0.993 0.997 
0.022 0.994 0.254 0.975 0.983 
0.028 0.994 0.114 0.970 1.000 
0.013 0.996 0.103 0.980 1.000 
0.022 0.994 0.082 0.988 1.000 
0.014 0.997 0.161 0.950 1.000 
0.022 0.995 0.123 0.958 1.000 
0.016 0.996 0.070 0.985 1.000 
0.012 0.998 0.071 0.988 0.997 
0.022 0.994 0.092 0.975 0.895 
0.024 0.994 0.084 0.988 0.713 
0.018 0.993 0.160 0.960 0.956 
0.017 0.995 0.089 0.985 0.986 
0.015 0.995 0.158 0.973 1.000 
0.016 0.995 0.156 0.980 0.997 
0.013 0.997 0.189 0.973 1.000 
0.020 0.996 0.199 0.945 1.000 
0.015 0.996 0.127 0.975 0.990 
0.014 0.996 0.156 0.978 1.000 
0.018 0.995 0.165 0.983 1.000 
0.027 0.993 0.141 0.985 1.000 
0.019 0.995 0.165 0.988 0.868 
0.022 0.995 0.069 0.985 0.736 
0.016 0.996 0.076 0.988 0.990 
0.013 0.996 0.160 0.985 1.000 
0.009 0.997 0.199 0.980 1.000 
0.017 0.996 0.117 0.985 1.000 
0.017 0.995 0.183 0.978 0.936 
0.016 0.996 0.194 0.970 0.780 
0.017 0.995 0.253 0.970 0.838 
0.023 0.996 0.118 0.980 1.000 
0.028 0.994 0.051 0.990 1.000 
0.017 0.995 0.108 0.985 0.912 
0.016 0.996 0.054 0.988 1.000 
0.020 0.993 0.111 0.970 0.943 
0.015 0.995 0.121 0.960 0.983 
0.022 0.995 0.095 0.975 0.980 
0.011 0.998 0.194 0.953 0.990 
0.010 0.997 0.108 0.988 1.000 
0.018 0.995 0.113 0.985 1.000 
0.024 0.992 0.051 0.988 0.797 
0.017 0.995 0.049 0.988 0.889 
0.023 0.995 0.103 0.975 0.990 
0.014 0.996 0.073 0.988 1.000 
0.017 0.994 0.146 0.965 0.966 
0.013 0.997 0.073 0.988 0.939 
0.018 0.996 0.145 0.958 0.672 
0.017 0.996 0.090 0.983 0.801 
0.022 0.991 0.174 0.975 0.990 
0.012 0.997 0.077 0.988 0.747 
0.013 0.996 0.094 0.980 0.777 
0.015 0.995 0.130 0.988 0.355 
0.011 0.997 0.185 0.975 0.557 
0.021 0.994 0.135 0.980 0.162 
0.016 0.997 0.112 0.980 0.696 
0.017 0.996 0.098 0.983 0.811 
0.033 0.991 0.097 0.985 0.990 
0.017 0.995 0.138 0.958 1.000 
0.012 0.997 0.134 0.983 0.632 
0.020 0.995 0.113 0.973 0.872 
0.028 0.996 0.192 0.950 0.976 
0.024 0.994 0.093 0.988 1.000 
0.015 0.996 0.114 0.985 0.747 
0.014 0.996 0.102 0.988 0.845 
0.027 0.994 0.075 0.988 0.605 
0.033 0.993 0.175 0.943 1.000 
0.019 0.996 0.092 0.988 0.943 
0.018 0.995 0.104 0.988 0.831 
0.017 0.996 0.288 0.907 0.943 
0.017 0.996 0.164 0.983 0.770 
0.033 0.992 0.113 0.988 1.000 
0.024 0.995 0.220 0.938 1.000 
0.015 0.995 0.207 0.955 1.000 
0.019 0.995 0.206 0.948 1.000 
0.014 0.996 0.173 0.973 1.000 
0.016 0.994 0.313 0.910 1.000 
0.021 0.993 0.212 0.958 1.000 
0.018 0.995 0.059 0.988 1.000 
0.016 0.995 0.184 0.955 1.000 
0.012 0.996 0.195 0.980 1.000 
0.023 0.993 0.138 0.980 0.980 
0.023 0.995 0.201 0.983 0.997 
0.020 0.995 0.206 0.955 1.000 
0.012 0.997 0.258 0.973 0.946 
0.021 0.995 0.169 0.988 0.986 
0.012 0.997 0.158 0.975 1.000 
0.018 0.993 0.134 0.988 0.723 
0.021 0.995 0.060 0.985 1.000 
0.016 0.995 0.141 0.988 1.000 
0.019 0.995 0.178 0.973 1.000 
0.008 0.996 0.152 0.988 1.000 
0.026 0.993 0.133 0.973 0.980 
0.010 0.997 0.170 0.973 0.990 
0.020 0.994 0.142 0.985 1.000 
0.013 0.996 0.165 0.980 0.959 
0.022 0.994 0.118 0.988 1.000 
0.017 0.995 0.136 0.985 0.993 
0.020 0.994 0.108 0.983 0.980 
0.011 0.995 0.165 0.985 0.959 
0.020 0.995 0.111 0.988 0.774 
0.020 0.995 0.157 0.975 0.486 
0.019 0.994 0.132 0.963 1.000 
0.022 0.994 0.096 0.983 0.740 
0.012 0.997 0.161 0.988 0.848 
0.015 0.996 0.108 0.985 0.973 
0.012 0.995 0.129 0.983 0.980 
0.017 0.995 0.180 0.980 0.976 
0.015 0.995 0.190 0.985 1.000 
0.023 0.995 0.267 0.938 1.000 
0.013 0.996 0.161 0.985 1.000 
0.020 0.995 0.078 0.985 1.000 
0.018 0.995 0.098 0.985 0.990 
0.016 0.996 0.172 0.988 0.980 
0.018 0.995 0.096 0.988 0.997 
0.013 0.996 0.107 0.988 1.000 
0.022 0.995 0.187 0.988 0.889 
0.009 0.997 0.189 0.988 0.990 
0.011 0.998 0.216 0.958 0.997 
0.014 0.995 0.350 0.950 0.993 
0.017 0.994 0.260 0.945 0.902 
0.010 0.996 0.133 0.993 0.882 
0.010 0.998 0.167 0.985 0.044 
0.016 0.994 0.265 0.940 0.824 
0.019 0.994 0.200 0.983 0.997 
0.020 0.994 0.146 0.985 1.000 
0.020 0.996 0.156 0.978 1.000 
0.019 0.995 0.209 0.988 0.291 
0.014 0.996 0.292 0.922 0.902 
0.024 0.996 0.199 0.940 0.939 
0.015 0.996 0.250 0.948 0.973 
0.015 0.995 0.219 0.975 0.514 
0.027 0.993 0.094 0.985 0.449 
0.017 0.995 0.234 0.943 0.834 
0.010 0.997 0.138 0.988 0.530 
0.019 0.996 0.170 0.988 0.416 
0.018 0.994 0.249 0.925 0.943 
0.012 0.997 0.227 0.973 0.693 
0.014 0.995 0.216 0.968 0.953 
0.013 0.995 0.120 0.973 1.000 
0.021 0.994 0.158 0.978 0.351 
0.019 0.994 0.265 0.965 0.091 
0.011 0.996 0.212 0.988 0.047 
0.013 0.997 0.374 0.940 1.000 
0.020 0.996 0.222 0.960 0.601 
0.014 0.996 0.124 0.978 0.983 
0.012 0.995 0.199 0.960 0.777 
0.015 0.995 0.106 0.975 0.943 
0.025 0.992 0.210 0.973 0.689 
0.010 0.997 0.237 0.963 0.068 
0.016 0.994 0.237 0.973 0.807 
0.014 0.996 0.214 0.965 0.885 
0.019 0.996 0.175 0.958 0.189 
0.012 0.997 0.147 0.973 0.220 
0.024 0.993 0.181 0.973 0.236 
0.010 0.997 0.231 0.975 0.564 
0.025 0.993 0.178 0.960 0.926 
0.018 0.996 0.106 0.983 0.845 
0.007 0.998 0.156 0.988 0.973 
0.024 0.994 0.195 0.958 0.662 
0.028 0.995 0.153 0.978 0.909 
0.019 0.996 0.159 0.978 0.845 
0.011 0.996 0.280 0.943 0.848 
0.017 0.995 0.130 0.985 0.980 
0.016 0.995 0.161 0.978 0.919 
0.018 0.994 0.198 0.945 0.997 
0.018 0.996 0.124 0.978 1.000 
0.021 0.996 0.193 0.985 0.946 
0.032 0.993 0.162 0.985 0.993 
0.013 0.997 0.232 0.965 0.841 
0.017 0.994 0.126 0.985 0.997 
0.011 0.996 0.113 0.985 0.983 
0.014 0.994 0.152 0.975 0.405 
0.012 0.997 0.155 0.983 0.997 
0.017 0.994 0.161 0.985 0.959 
0.012 0.997 0.162 0.963 0.997 
0.029 0.995 0.097 0.975 0.419 
0.009 0.998 0.138 0.980 0.983 
0.019 0.996 0.223 0.943 0.307 
0.025 0.994 0.082 0.985 0.848 
0.016 0.996 0.126 0.968 0.943 
0.013 0.996 0.163 0.988 0.740 
0.019 0.993 0.270 0.988 0.696 
0.010 0.996 0.283 0.980 1.000 
0.017 0.995 0.202 0.978 0.963 
0.021 0.994 0.177 0.965 0.929 
0.015 0.997 0.216 0.968 0.895 
0.019 0.995 0.263 0.960 0.851 
0.013 0.995 0.248 0.970 0.554 
0.017 0.997 0.409 0.965 0.635 
0.025 0.993 0.409 0.965 0.507 
0.014 0.996 0.658 0.963 0.182 
0.041 0.993 0.381 0.973 0.929 
0.028 0.995 0.311 0.943 0.601 
0.020 0.997 0.308 0.948 0.709 
0.016 0.996 0.350 0.968 0.088 
0.026 0.993 0.215 0.938 0.970 
0.016 0.997 0.187 0.968 0.291 
0.019 0.994 0.214 0.965 0.453 
0.015 0.996 0.141 0.985 0.341 
0.017 0.997 0.129 0.983 0.828 
0.031 0.992 0.237 0.940 0.693 
0.021 0.996 0.138 0.963 0.730 
0.011 0.996 0.133 0.965 0.946 
0.026 0.991 0.221 0.985 0.814 
0.018 0.995 0.179 0.978 0.247 
0.015 0.996 0.154 0.985 0.649 
0.014 0.995 0.154 0.978 0.794 
0.017 0.995 0.179 0.965 0.642 
0.016 0.995 0.177 0.965 0.845 
0.017 0.996 0.206 0.963 0.645 
0.017 0.996 0.309 0.922 0.493 
0.019 0.994 0.251 0.963 0.855 
0.020 0.994 0.199 0.985 0.740 
0.028 0.995 0.403 0.932 0.892 
0.015 0.995 0.194 0.988 0.736 
0.017 0.993 0.184 0.968 0.885 
0.017 0.994 0.169 0.985 0.892 
0.010 0.997 0.298 0.988 0.875 
0.032 0.995 0.179 0.965 0.530 
0.015 0.997 0.202 0.988 0.750 
0.014 0.996 0.227 0.985 0.990 
0.013 0.995 0.249 0.988 0.973 
0.026 0.993 0.223 0.975 0.892 
0.015 0.996 0.207 0.980 0.652 
0.010 0.998 0.193 0.988 0.902 
0.021 0.994 0.261 0.988 0.980 
0.012 0.996 0.257 0.985 0.814 
0.042 0.992 0.165 0.985 0.767 
0.019 0.994 0.274 0.963 0.770 
0.015 0.994 0.319 0.980 0.959 
0.022 0.994 0.269 0.963 0.946 
0.014 0.996 0.281 0.965 0.976 
0.018 0.995 0.406 0.983 0.834 
0.014 0.996 0.335 0.988 0.993 
0.015 0.996 0.399 0.960 0.811 
0.009 0.998 0.386 0.970 0.872 
0.024 0.994 0.477 0.968 0.946 
0.009 0.996 0.378 0.978 0.986 
0.015 0.995 0.354 0.973 0.838 
0.004 0.998 0.437 0.988 0.990 
0.023 0.996 0.353 0.948 0.743 
0.023 0.996 0.097 0.985 0.966 
0.016 0.996 0.118 0.988 0.986 
0.022 0.993 0.163 0.983 0.834 
0.019 0.994 0.180 0.978 0.899 
0.009 0.997 0.220 0.985 0.990 
0.011 0.996 0.339 0.943 0.997 
0.043 0.993 0.406 0.975 0.963 
0.018 0.995 0.318 0.988 0.956 
0.021 0.996 0.253 0.985 0.953 
0.008 0.997 0.307 0.988 0.966 
0.018 0.994 0.368 0.975 0.929 
0.021 0.996 0.274 0.985 0.959 
0.011 0.996 0.278 0.978 1.000 
0.017 0.996 0.377 0.988 0.848 
0.023 0.996 0.196 0.985 0.986 
0.016 0.996 0.191 0.978 0.943 
0.013 0.995 0.339 0.985 0.936 
0.019 0.995 0.411 0.988 0.777 
0.023 0.995 0.172 0.985 0.743 
0.012 0.996 0.144 0.985 1.000 
0.015 0.996 0.195 0.988 0.997 
0.019 0.994 0.297 0.965 0.932 
0.015 0.997 0.132 0.988 0.807 
0.015 0.996 0.158 0.988 0.912 
0.013 0.996 0.104 0.988 0.990 
0.009 0.998 0.241 0.963 0.997 
0.018 0.995 0.254 0.980 0.767 
0.011 0.995 0.159 0.985 0.976 
0.018 0.993 0.246 0.983 0.676 
0.017 0.996 0.119 0.988 0.861 
0.027 0.995 0.147 0.960 0.649 
0.010 0.996 0.184 0.978 0.889 
0.013 0.996 0.248 0.980 0.797 
0.024 0.995 0.102 0.983 0.946 
0.022 0.994 0.209 0.960 0.071 
0.009 0.996 0.108 0.970 0.905 
0.036 0.993 0.177 0.978 0.993 
0.013 0.996 0.238 0.975 0.990 
0.018 0.993 0.388 0.907 0.943 
0.007 0.997 0.227 0.985 0.824 
0.019 0.995 0.162 0.980 0.757 
0.018 0.994 0.215 0.983 0.966 
0.015 0.996 0.354 0.950 0.895 
0.049 0.995 0.142 0.985 1.000 
0.018 0.995 0.204 0.973 0.845 
0.015 0.994 0.270 0.953 0.929 
0.011 0.996 0.144 0.988 0.929 
0.022 0.994 0.141 0.983 0.277 
0.011 0.996 0.218 0.973 0.000 
0.013 0.996 0.289 0.943 0.841 
0.018 0.995 0.150 0.980 0.983 
0.015 0.994 0.135 0.988 0.932 
0.018 0.995 0.051 0.985 0.986 
0.017 0.995 0.095 0.973 0.956 
0.017 0.996 0.073 0.985 0.882 
0.012 0.997 0.104 0.985 0.993 
0.013 0.995 0.083 0.985 0.713 
0.012 0.995 0.074 0.985 0.358 
0.005 0.997 0.077 0.985 0.926 
0.016 0.996 0.181 0.963 0.973 
0.018 0.996 0.152 0.965 0.966 
0.015 0.995 0.106 0.980 0.997 
0.032 0.992 0.059 0.985 0.970 
0.012 0.996 0.135 0.963 0.997 
0.009 0.997 0.092 0.988 0.868 
0.007 0.998 0.138 0.978 0.993 
0.015 0.995 0.076 0.988 0.966 
0.015 0.996 0.146 0.983 0.943 
0.026 0.994 0.102 0.978 0.791 
0.016 0.995 0.079 0.980 0.997 
0.028 0.994 0.078 0.988 0.959 
0.022 0.994 0.165 0.943 0.990 
0.014 0.995 0.064 0.983 0.780 
0.016 0.996 0.074 0.980 0.963 
0.016 0.996 0.185 0.938 0.993 
0.016 0.994 0.077 0.978 0.997 
0.012 0.994 0.168 0.948 0.990 
0.011 0.996 0.230 0.922 0.750 
0.018 0.994 0.168 0.950 0.997 
0.017 0.995 0.097 0.980 0.986 
0.019 0.995 0.135 0.975 0.983 
0.015 0.997 0.073 0.988 0.997 
0.015 0.996 0.481 0.945 0.557 
0.018 0.995 0.376 0.912 0.841 
0.012 0.996 0.113 0.983 0.983 
0.013 0.997 0.079 0.988 0.659 
0.022 0.995 0.074 0.978 0.939 
0.008 0.998 0.130 0.965 0.929 
0.038 0.994 0.060 0.985 0.970 
0.011 0.997 0.069 0.988 0.939 
0.013 0.997 0.079 0.988 0.889 
0.012 0.997 0.086 0.985 0.993 
0.010 0.997 0.070 0.988 0.878 
0.015 0.995 0.119 0.970 0.986 
0.015 0.997 0.132 0.960 0.983 
0.011 0.996 0.210 0.958 0.976 
0.013 0.995 0.216 0.973 0.959 
0.009 0.997 0.043 0.990 1.000 
0.007 0.998 0.047 0.990 1.000 
0.014 0.996 0.091 0.988 0.993 
0.014 0.995 0.145 0.960 0.993 
0.012 0.997 0.089 0.988 1.000 
0.009 0.997 0.268 0.980 1.000 
0.021 0.995 0.069 0.985 1.000 
0.008 0.998 0.039 0.990 1.000 
0.007 0.998 0.096 0.988 0.997 
0.027 0.994 0.268 0.958 0.983 
0.016 0.995 0.105 0.973 1.000 
0.017 0.994 0.143 0.968 0.993 
0.010 0.997 0.117 0.988 0.929 
0.014 0.997 0.129 0.983 0.966 
0.022 0.995 0.071 0.985 0.983 
0.010 0.996 0.149 0.975 0.909 
0.013 0.996 0.163 0.975 0.909 
0.015 0.994 0.220 0.958 0.818 
0.020 0.996 0.168 0.970 0.973 
0.008 0.998 0.210 0.968 1.000 
0.010 0.997 0.257 0.970 0.990 
0.016 0.996 0.446 0.988 0.932 
0.029 0.993 0.088 0.988 0.997 
0.014 0.996 0.178 0.988 1.000 
0.023 0.995 0.191 0.970 0.780 
0.013 0.996 0.168 0.985 1.000 
0.007 0.996 0.272 0.965 0.929 
0.030 0.994 0.193 0.988 1.000 
0.013 0.996 0.232 0.988 0.983 
0.013 0.997 0.295 0.985 0.997 
0.017 0.996 0.242 0.988 0.743 
0.022 0.995 0.311 0.958 0.993 
0.015 0.995 0.311 0.983 0.936 
0.008 0.996 0.354 0.985 0.976 
0.017 0.995 0.189 0.988 0.868 
0.015 0.994 0.186 0.988 0.993 
0.006 0.998 0.234 0.985 0.990 
0.014 0.995 0.277 0.983 1.000 
0.021 0.995 0.175 0.978 0.997 
0.012 0.995 0.174 0.970 0.997 
0.006 0.998 0.178 0.988 0.983 
0.023 0.994 0.191 0.978 0.851 
0.015 0.995 0.148 0.988 1.000 
0.026 0.994 0.171 0.988 0.986 
0.015 0.996 0.182 0.985 0.993 
0.012 0.996 0.303 0.958 0.943 
0.026 0.993 0.089 0.985 0.834 
0.021 0.995 0.096 0.988 0.953 
0.006 0.999 0.138 0.988 0.811 
0.016 0.994 0.149 0.985 0.993 
0.019 0.993 0.108 0.988 0.997 
0.012 0.996 0.185 0.955 0.997 
0.013 0.996 0.159 0.963 0.983 
0.017 0.996 0.121 0.968 0.993 
0.011 0.996 0.087 0.985 0.986 
0.008 0.997 0.203 0.970 0.997 
0.024 0.994 0.135 0.988 1.000 
0.016 0.995 0.199 0.970 0.997 
0.012 0.996 0.087 0.988 0.990 
0.011 0.995 0.199 0.985 0.899 
0.014 0.995 0.136 0.983 0.682 
0.013 0.996 0.149 0.988 0.730 
0.012 0.996 0.135 0.983 0.936 
0.009 0.997 0.204 0.988 0.966 
0.012 0.996 0.168 0.988 0.973 
0.034 0.995 0.118 0.965 1.000 
0.014 0.995 0.091 0.988 1.000 
0.012 0.996 0.117 0.978 0.990 
0.016 0.997 0.098 0.970 0.980 
0.016 0.996 0.141 0.973 0.986 
0.011 0.996 0.126 0.988 0.973 
0.014 0.995 0.089 0.985 0.865 
0.013 0.996 0.121 0.988 0.845 
0.021 0.996 0.118 0.988 0.990 
0.007 0.998 0.153 0.975 0.990 
0.019 0.996 0.124 0.988 0.838 
0.017 0.995 0.234 0.960 0.791 
0.020 0.997 0.176 0.975 0.855 
0.021 0.994 0.179 0.988 0.936 
0.014 0.996 0.181 0.973 0.605 
0.009 0.997 0.168 0.990 0.963 
0.015 0.995 0.196 0.980 0.723 
0.016 0.995 0.166 0.988 0.764 
0.006 0.998 0.207 0.985 0.706 
0.022 0.994 0.131 0.988 0.973 
0.008 0.998 0.187 0.983 0.946 
0.020 0.997 0.053 0.988 1.000 
0.018 0.997 0.187 0.965 1.000 
0.015 0.996 0.142 0.968 0.959 
0.017 0.996 0.106 0.988 0.963 
0.013 0.997 0.138 0.988 0.936 
0.012 0.996 0.182 0.985 0.986 
0.020 0.996 0.230 0.965 0.973 
0.009 0.996 0.276 0.970 0.963 
0.028 0.995 0.094 0.988 1.000 
0.012 0.996 0.121 0.983 0.986 
0.007 0.999 0.113 0.988 1.000 
0.012 0.997 0.249 0.988 1.000 
0.016 0.995 0.173 0.985 1.000 
0.010 0.997 0.263 0.965 0.997 
0.008 0.997 0.228 0.988 1.000 
0.011 0.997 0.132 0.988 1.000 
0.013 0.997 0.163 0.988 1.000 
0.012 0.997 0.113 0.985 0.997 
0.010 0.997 0.152 0.985 1.000 
0.011 0.997 0.139 0.988 0.713 
0.013 0.995 0.225 0.965 1.000 
0.015 0.996 0.174 0.990 0.997 
0.020 0.994 0.075 0.988 0.990 
0.021 0.992 1.071 0.880 0.889 
0.071 0.995 0.106 0.988 0.986 
0.013 0.997 0.148 0.980 0.861 
0.009 0.995 0.135 0.988 0.899 
0.013 0.997 0.237 0.963 0.706 
0.010 0.996 0.252 0.958 0.936 
0.009 0.997 0.169 0.965 0.983 
0.011 0.997 0.166 0.978 0.932 
0.011 0.996 0.181 0.988 0.777 
0.018 0.994 0.208 0.985 0.970 
0.014 0.995 0.212 0.985 1.000 
0.018 0.995 0.151 0.988 0.760 
0.005 0.998 0.242 0.968 0.645 
0.019 0.995 0.326 0.985 0.845 
0.026 0.989 0.241 0.932 0.997 
0.012 0.996 0.298 0.968 0.983 
0.007 0.998 0.390 0.943 1.000 
0.027 0.996 0.247 0.948 0.926 
0.019 0.995 0.151 0.978 0.976 
0.010 0.997 0.241 0.965 0.605 
0.024 0.994 0.190 0.978 0.828 
0.014 0.997 0.200 0.988 0.885 
0.028 0.993 0.132 0.985 0.767 
0.014 0.996 0.195 0.965 0.926 
0.009 0.996 0.154 0.985 0.993 
0.014 0.996 0.164 0.985 0.986 
0.013 0.996 0.306 0.953 1.000 
0.030 0.995 0.094 0.988 0.787 
0.017 0.995 0.136 0.985 0.949 
0.015 0.995 0.161 0.988 0.743 
0.020 0.995 0.281 0.943 0.395 
0.013 0.995 0.216 0.958 0.814 
0.014 0.995 0.184 0.963 0.997 
0.012 0.997 0.165 0.988 0.770 
0.030 0.994 0.192 0.963 0.791 
0.019 0.995 0.268 0.920 0.324 
0.015 0.995 0.110 0.985 0.818 
0.009 0.996 0.130 0.978 0.966 
0.011 0.995 0.131 0.985 0.956 
0.026 0.996 0.115 0.975 0.128 
0.011 0.996 0.103 0.988 0.061 
