0.475 0.780 0.321 0.892 0.098 
0.373 0.836 0.257 0.915 0.309 
0.323 0.868 0.156 0.932 0.603 
0.316 0.878 0.242 0.953 0.438 
0.273 0.894 0.118 0.973 0.744 
0.273 0.896 0.214 0.910 0.609 
0.274 0.898 0.175 0.973 0.773 
0.226 0.918 0.151 0.938 0.637 
0.244 0.908 0.151 0.940 0.555 
0.243 0.905 0.159 0.973 0.871 
0.234 0.908 0.138 0.970 0.814 
0.210 0.921 0.133 0.955 0.656 
0.227 0.918 0.133 0.950 0.707 
0.213 0.920 0.128 0.970 0.804 
0.207 0.921 0.144 0.968 0.814 
0.206 0.923 0.122 0.950 0.776 
0.197 0.927 0.204 0.927 0.647 
0.203 0.928 0.120 0.970 0.833 
0.185 0.932 0.122 0.978 0.754 
0.198 0.925 0.135 0.968 0.842 
0.161 0.944 0.087 0.983 0.789 
0.164 0.935 0.143 0.965 0.946 
0.173 0.941 0.091 0.975 0.830 
0.172 0.934 0.137 0.973 0.902 
0.178 0.932 0.126 0.960 0.836 
0.172 0.935 0.094 0.983 0.789 
0.185 0.939 0.099 0.980 0.770 
0.167 0.939 0.099 0.983 0.886 
0.141 0.950 0.127 0.955 0.830 
0.158 0.943 0.091 0.973 0.817 
0.155 0.949 0.086 0.983 0.855 
0.154 0.949 0.135 0.985 0.902 
0.157 0.948 0.127 0.980 0.909 
0.156 0.944 0.124 0.970 0.861 
0.155 0.947 0.097 0.985 0.880 
0.139 0.954 0.122 0.980 0.842 
0.156 0.944 0.112 0.980 0.896 
0.136 0.948 0.103 0.978 0.893 
0.146 0.947 0.135 0.960 0.902 
0.151 0.948 0.140 0.958 0.937 
0.127 0.957 0.135 0.968 0.918 
0.140 0.954 0.117 0.983 0.886 
0.132 0.953 0.118 0.980 0.899 
0.134 0.954 0.101 0.970 0.883 
0.139 0.949 0.100 0.980 0.915 
0.145 0.954 0.127 0.973 0.896 
0.122 0.961 0.093 0.980 0.905 
0.125 0.960 0.083 0.978 0.912 
0.142 0.948 0.142 0.973 0.934 
0.137 0.955 0.078 0.978 0.877 
0.137 0.956 0.145 0.973 0.921 
0.125 0.958 0.118 0.975 0.902 
0.138 0.952 0.132 0.980 0.902 
0.122 0.959 0.113 0.975 0.934 
0.125 0.957 0.122 0.975 0.893 
0.121 0.958 0.099 0.975 0.905 
0.129 0.958 0.106 0.980 0.915 
0.137 0.947 0.141 0.978 0.918 
0.121 0.954 0.114 0.980 0.915 
0.125 0.957 0.090 0.975 0.899 
0.132 0.954 0.083 0.980 0.921 
0.114 0.959 0.123 0.973 0.931 
0.119 0.959 0.087 0.983 0.909 
0.121 0.961 0.080 0.983 0.902 
0.127 0.959 0.090 0.983 0.902 
0.112 0.960 0.120 0.985 0.915 
0.120 0.959 0.089 0.980 0.890 
0.125 0.953 0.096 0.978 0.937 
0.126 0.959 0.090 0.983 0.912 
0.133 0.954 0.144 0.975 0.940 
0.116 0.963 0.109 0.978 0.921 
0.116 0.960 0.150 0.960 0.953 
0.110 0.961 0.092 0.975 0.921 
0.117 0.966 0.080 0.980 0.905 
0.115 0.958 0.121 0.978 0.924 
0.109 0.963 0.086 0.975 0.912 
0.105 0.963 0.102 0.953 0.779 
0.119 0.960 0.091 0.980 0.902 
0.104 0.964 0.125 0.975 0.927 
0.115 0.963 0.124 0.975 0.940 
0.113 0.960 0.092 0.975 0.912 
0.105 0.965 0.076 0.978 0.893 
0.106 0.961 0.074 0.978 0.915 
0.115 0.959 0.131 0.973 0.940 
0.100 0.968 0.097 0.983 0.927 
0.104 0.968 0.083 0.983 0.902 
0.109 0.968 0.102 0.978 0.921 
0.101 0.964 0.107 0.970 0.918 
0.121 0.961 0.113 0.973 0.937 
0.098 0.964 0.136 0.968 0.950 
0.107 0.968 0.080 0.985 0.915 
0.085 0.970 0.098 0.980 0.921 
0.106 0.965 0.108 0.978 0.937 
0.101 0.968 0.153 0.955 0.953 
0.108 0.960 0.092 0.978 0.931 
0.098 0.967 0.082 0.983 0.896 
0.094 0.970 0.076 0.975 0.943 
0.095 0.966 0.066 0.983 0.915 
0.101 0.967 0.178 0.945 0.972 
0.103 0.961 0.090 0.980 0.921 
0.110 0.965 0.120 0.978 0.946 
0.107 0.961 0.100 0.980 0.921 
0.114 0.959 0.092 0.978 0.946 
0.099 0.965 0.083 0.983 0.915 
0.101 0.963 0.065 0.985 0.902 
0.106 0.964 0.090 0.983 0.927 
0.099 0.967 0.124 0.980 0.921 
0.090 0.968 0.088 0.983 0.924 
0.096 0.970 0.094 0.980 0.924 
0.103 0.964 0.094 0.983 0.940 
0.083 0.971 0.091 0.980 0.943 
0.096 0.968 0.113 0.980 0.937 
0.104 0.966 0.067 0.985 0.909 
0.097 0.966 0.069 0.988 0.871 
0.112 0.963 0.086 0.980 0.927 
0.095 0.971 0.074 0.980 0.921 
0.092 0.970 0.114 0.978 0.953 
0.086 0.969 0.074 0.980 0.902 
0.089 0.975 0.069 0.985 0.927 
0.103 0.967 0.084 0.980 0.833 
0.090 0.968 0.053 0.988 0.918 
0.103 0.964 0.081 0.988 0.940 
0.084 0.969 0.097 0.978 0.950 
0.098 0.963 0.064 0.988 0.902 
0.092 0.973 0.079 0.983 0.934 
0.091 0.969 0.087 0.980 0.937 
0.093 0.967 0.098 0.978 0.931 
0.099 0.963 0.070 0.980 0.924 
0.104 0.962 0.149 0.950 0.959 
0.084 0.972 0.158 0.955 0.953 
0.089 0.970 0.075 0.980 0.934 
0.094 0.973 0.079 0.985 0.918 
0.099 0.965 0.171 0.970 0.959 
0.077 0.974 0.095 0.983 0.927 
0.080 0.970 0.097 0.978 0.927 
0.095 0.966 0.134 0.978 0.946 
0.081 0.971 0.109 0.980 0.937 
0.075 0.976 0.111 0.978 0.937 
0.084 0.970 0.132 0.975 0.943 
0.084 0.972 0.095 0.983 0.927 
0.106 0.959 0.088 0.980 0.931 
0.086 0.971 0.119 0.973 0.959 
0.081 0.973 0.121 0.955 0.896 
0.072 0.975 0.066 0.985 0.912 
0.091 0.972 0.103 0.980 0.943 
0.082 0.970 0.102 0.980 0.940 
0.085 0.970 0.089 0.980 0.934 
0.081 0.972 0.187 0.940 0.959 
0.075 0.974 0.057 0.980 0.905 
0.083 0.971 0.065 0.985 0.931 
0.089 0.973 0.083 0.980 0.924 
0.095 0.966 0.111 0.980 0.950 
0.091 0.969 0.092 0.980 0.924 
0.084 0.971 0.076 0.985 0.921 
0.087 0.972 0.163 0.960 0.959 
0.080 0.972 0.101 0.975 0.937 
0.090 0.969 0.117 0.978 0.943 
0.079 0.973 0.074 0.978 0.927 
0.075 0.975 0.064 0.988 0.921 
0.078 0.972 0.095 0.973 0.943 
0.094 0.966 0.103 0.980 0.934 
0.080 0.973 0.149 0.975 0.962 
0.092 0.970 0.118 0.978 0.950 
0.087 0.970 0.152 0.963 0.950 
0.079 0.971 0.059 0.983 0.921 
0.085 0.967 0.115 0.973 0.959 
0.094 0.965 0.109 0.970 0.940 
0.074 0.977 0.071 0.975 0.931 
0.088 0.967 0.096 0.965 0.946 
0.079 0.976 0.097 0.978 0.943 
0.095 0.971 0.096 0.980 0.943 
0.075 0.974 0.108 0.975 0.962 
0.089 0.966 0.095 0.983 0.896 
0.073 0.972 0.038 0.990 0.896 
0.089 0.969 0.215 0.943 0.959 
0.084 0.969 0.057 0.988 0.918 
0.077 0.971 0.078 0.978 0.931 
0.086 0.970 0.079 0.980 0.927 
0.082 0.970 0.076 0.983 0.924 
0.077 0.979 0.079 0.978 0.931 
0.089 0.972 0.076 0.980 0.946 
0.075 0.976 0.085 0.975 0.937 
0.071 0.976 0.082 0.980 0.953 
0.070 0.977 0.088 0.978 0.940 
0.094 0.967 0.106 0.975 0.953 
0.076 0.972 0.091 0.988 0.940 
0.068 0.976 0.192 0.948 0.975 
0.087 0.969 0.096 0.980 0.918 
0.082 0.975 0.081 0.980 0.921 
0.082 0.974 0.087 0.983 0.934 
0.086 0.970 0.099 0.983 0.943 
0.072 0.975 0.113 0.970 0.953 
0.067 0.977 0.083 0.978 0.934 
0.067 0.980 0.073 0.980 0.924 
0.052 0.981 0.070 0.973 0.912 
0.081 0.972 0.079 0.985 0.905 
0.082 0.974 0.066 0.985 0.905 
0.074 0.975 0.099 0.973 0.940 
0.074 0.969 0.073 0.983 0.924 
0.067 0.980 0.081 0.985 0.946 
0.072 0.976 0.080 0.980 0.918 
0.061 0.977 0.106 0.970 0.937 
0.082 0.974 0.105 0.978 0.943 
0.080 0.972 0.149 0.960 0.953 
0.070 0.980 0.067 0.980 0.924 
0.070 0.979 0.139 0.968 0.956 
0.073 0.972 0.120 0.970 0.956 
0.081 0.969 0.080 0.983 0.915 
0.081 0.975 0.100 0.980 0.927 
0.078 0.974 0.077 0.980 0.927 
0.070 0.976 0.075 0.978 0.927 
0.062 0.978 0.093 0.975 0.937 
0.067 0.978 0.074 0.975 0.927 
0.078 0.972 0.070 0.980 0.921 
0.064 0.980 0.090 0.975 0.940 
0.081 0.976 0.091 0.975 0.937 
0.080 0.974 0.114 0.978 0.953 
0.074 0.975 0.124 0.970 0.953 
0.070 0.976 0.067 0.978 0.927 
0.083 0.971 0.104 0.978 0.943 
0.076 0.972 0.093 0.975 0.937 
0.066 0.977 0.148 0.968 0.956 
0.064 0.977 0.083 0.975 0.937 
0.065 0.978 0.148 0.963 0.962 
0.078 0.974 0.122 0.978 0.962 
0.069 0.979 0.127 0.973 0.956 
0.071 0.976 0.084 0.978 0.931 
0.057 0.978 0.095 0.978 0.943 
0.075 0.974 0.111 0.975 0.946 
0.069 0.976 0.137 0.960 0.959 
0.074 0.972 0.119 0.968 0.959 
0.071 0.972 0.108 0.975 0.953 
0.065 0.978 0.166 0.955 0.959 
0.079 0.969 0.090 0.978 0.943 
0.071 0.974 0.069 0.978 0.937 
0.080 0.970 0.073 0.980 0.934 
0.065 0.979 0.077 0.978 0.937 
0.062 0.978 0.114 0.973 0.956 
0.068 0.975 0.200 0.927 0.950 
0.070 0.974 0.080 0.978 0.921 
0.071 0.973 0.061 0.985 0.899 
0.062 0.981 0.078 0.975 0.921 
0.082 0.970 0.115 0.978 0.959 
0.075 0.971 0.123 0.975 0.953 
0.068 0.980 0.149 0.970 0.940 
0.073 0.970 0.067 0.980 0.912 
0.061 0.978 0.181 0.945 0.965 
0.073 0.976 0.099 0.978 0.934 
0.059 0.981 0.075 0.975 0.937 
0.065 0.977 0.112 0.960 0.943 
0.051 0.982 0.057 0.985 0.924 
0.067 0.977 0.111 0.970 0.943 
0.068 0.975 0.091 0.975 0.943 
0.065 0.980 0.070 0.980 0.915 
0.067 0.976 0.095 0.978 0.934 
0.075 0.969 0.129 0.980 0.927 
0.074 0.976 0.088 0.978 0.924 
0.065 0.973 0.137 0.963 0.950 
0.061 0.979 0.116 0.970 0.950 
0.055 0.983 0.063 0.988 0.864 
0.078 0.974 0.073 0.985 0.931 
0.087 0.971 0.083 0.988 0.918 
0.064 0.977 0.057 0.983 0.924 
0.069 0.977 0.082 0.978 0.946 
0.062 0.977 0.085 0.973 0.934 
0.076 0.972 0.078 0.983 0.896 
0.055 0.981 0.121 0.978 0.943 
0.065 0.978 0.102 0.983 0.946 
0.065 0.977 0.096 0.980 0.934 
0.070 0.977 0.086 0.968 0.927 
0.075 0.972 0.113 0.980 0.940 
0.064 0.978 0.102 0.973 0.950 
0.068 0.973 0.114 0.980 0.956 
0.063 0.978 0.118 0.980 0.946 
0.059 0.983 0.097 0.973 0.934 
0.065 0.976 0.122 0.973 0.950 
0.069 0.977 0.084 0.980 0.950 
0.051 0.982 0.115 0.968 0.943 
0.070 0.977 0.078 0.978 0.924 
0.065 0.977 0.076 0.978 0.934 
0.068 0.979 0.077 0.983 0.918 
0.066 0.977 0.081 0.980 0.934 
0.053 0.983 0.092 0.978 0.962 
0.073 0.976 0.129 0.970 0.946 
0.069 0.974 0.102 0.985 0.950 
0.080 0.973 0.077 0.985 0.918 
0.058 0.980 0.091 0.978 0.956 
0.068 0.975 0.111 0.975 0.950 
0.067 0.978 0.121 0.973 0.956 
0.073 0.976 0.102 0.968 0.940 
0.065 0.977 0.098 0.973 0.940 
0.060 0.983 0.114 0.975 0.937 
0.062 0.978 0.113 0.975 0.953 
0.055 0.982 0.155 0.970 0.943 
0.076 0.974 0.095 0.978 0.937 
0.068 0.980 0.094 0.980 0.946 
0.048 0.984 0.087 0.978 0.937 
0.055 0.982 0.064 0.983 0.927 
0.057 0.981 0.065 0.980 0.909 
0.075 0.972 0.167 0.953 0.962 
0.067 0.973 0.089 0.980 0.931 
0.064 0.974 0.080 0.983 0.937 
0.058 0.980 0.067 0.978 0.931 
0.071 0.977 0.062 0.985 0.902 
0.064 0.979 0.071 0.983 0.915 
0.063 0.975 0.071 0.985 0.905 
0.065 0.979 0.094 0.975 0.937 
0.071 0.976 0.090 0.985 0.931 
0.064 0.975 0.078 0.990 0.940 
0.053 0.981 0.083 0.978 0.946 
0.059 0.981 0.083 0.990 0.940 
0.054 0.981 0.092 0.980 0.940 
0.064 0.980 0.082 0.980 0.943 
0.052 0.982 0.133 0.968 0.962 
0.070 0.976 0.102 0.983 0.950 
0.078 0.974 0.086 0.983 0.956 
0.068 0.981 0.095 0.963 0.880 
0.061 0.981 0.062 0.985 0.943 
0.060 0.979 0.165 0.950 0.968 
0.058 0.978 0.073 0.983 0.934 
0.055 0.982 0.118 0.963 0.950 
0.063 0.978 0.077 0.980 0.931 
0.056 0.979 0.150 0.963 0.968 
0.075 0.974 0.078 0.983 0.934 
0.081 0.970 0.068 0.983 0.931 
0.064 0.982 0.104 0.973 0.946 
0.056 0.980 0.070 0.983 0.937 
0.061 0.979 0.078 0.975 0.877 
0.078 0.978 0.087 0.975 0.946 
0.073 0.977 0.088 0.980 0.943 
0.068 0.978 0.094 0.980 0.946 
0.060 0.979 0.089 0.980 0.956 
0.063 0.980 0.074 0.978 0.950 
0.050 0.983 0.080 0.975 0.946 
0.063 0.979 0.082 0.978 0.953 
0.056 0.983 0.069 0.978 0.943 
0.068 0.977 0.057 0.985 0.931 
0.053 0.982 0.067 0.978 0.943 
0.065 0.977 0.057 0.980 0.934 
0.058 0.982 0.095 0.980 0.909 
0.069 0.978 0.091 0.970 0.956 
0.069 0.974 0.056 0.983 0.924 
0.060 0.979 0.057 0.985 0.921 
0.048 0.982 0.086 0.973 0.959 
0.053 0.982 0.135 0.965 0.962 
0.062 0.977 0.085 0.978 0.934 
0.065 0.978 0.150 0.948 0.956 
0.055 0.982 0.069 0.985 0.909 
0.065 0.981 0.085 0.975 0.937 
0.068 0.980 0.097 0.973 0.950 
0.063 0.981 0.088 0.975 0.946 
0.056 0.980 0.066 0.980 0.924 
0.062 0.980 0.082 0.973 0.943 
0.060 0.982 0.089 0.973 0.937 
0.056 0.981 0.087 0.973 0.943 
0.058 0.980 0.242 0.920 0.978 
0.065 0.974 0.055 0.988 0.893 
0.057 0.979 0.124 0.965 0.959 
0.057 0.980 0.116 0.965 0.956 
0.064 0.979 0.087 0.968 0.943 
0.051 0.981 0.084 0.978 0.934 
0.060 0.980 0.075 0.973 0.943 
0.052 0.983 0.069 0.978 0.927 
0.057 0.977 0.075 0.985 0.886 
0.051 0.982 0.119 0.968 0.943 
0.071 0.977 0.105 0.960 0.877 
0.067 0.978 0.103 0.970 0.953 
0.062 0.981 0.119 0.975 0.943 
0.069 0.979 0.102 0.970 0.946 
0.060 0.979 0.054 0.980 0.927 
0.045 0.983 0.078 0.978 0.934 
0.064 0.978 0.045 0.988 0.912 
0.061 0.978 0.092 0.975 0.959 
0.066 0.976 0.081 0.980 0.934 
0.050 0.981 0.108 0.973 0.946 
0.058 0.977 0.133 0.960 0.950 
0.056 0.981 0.153 0.945 0.956 
0.066 0.976 0.102 0.978 0.937 
0.058 0.981 0.076 0.983 0.927 
0.062 0.979 0.061 0.985 0.924 
0.051 0.981 0.131 0.963 0.950 
0.061 0.978 0.105 0.978 0.946 
0.059 0.981 0.134 0.970 0.953 
0.047 0.983 0.105 0.973 0.956 
0.060 0.977 0.073 0.980 0.940 
0.072 0.977 0.110 0.978 0.946 
0.048 0.985 0.091 0.978 0.950 
0.054 0.982 0.134 0.970 0.956 
0.052 0.981 0.124 0.965 0.950 
0.065 0.977 0.163 0.965 0.953 
0.060 0.979 0.072 0.975 0.946 
0.058 0.979 0.103 0.973 0.953 
0.045 0.987 0.096 0.973 0.956 
0.061 0.978 0.076 0.985 0.934 
0.062 0.979 0.166 0.963 0.972 
0.053 0.982 0.113 0.973 0.975 
0.055 0.980 0.071 0.978 0.931 
0.060 0.977 0.144 0.955 0.956 
0.046 0.982 0.031 0.990 0.909 
0.060 0.981 0.059 0.988 0.927 
0.054 0.984 0.128 0.970 0.956 
0.042 0.985 0.082 0.978 0.953 
0.059 0.977 0.059 0.985 0.934 
0.054 0.983 0.078 0.978 0.937 
0.050 0.984 0.068 0.988 0.921 
0.055 0.983 0.073 0.980 0.943 
0.054 0.983 0.071 0.978 0.931 
0.060 0.981 0.062 0.988 0.934 
0.051 0.984 0.123 0.968 0.953 
0.053 0.985 0.067 0.983 0.927 
0.054 0.979 0.086 0.983 0.940 
0.052 0.981 0.071 0.978 0.934 
0.056 0.978 0.123 0.965 0.950 
0.046 0.986 0.061 0.978 0.934 
0.056 0.982 0.074 0.975 0.934 
0.056 0.983 0.066 0.978 0.927 
0.061 0.979 0.062 0.975 0.934 
0.049 0.982 0.047 0.985 0.924 
0.064 0.976 0.112 0.970 0.953 
0.061 0.979 0.084 0.978 0.924 
0.057 0.980 0.088 0.983 0.927 
0.051 0.982 0.137 0.968 0.959 
0.052 0.983 0.064 0.983 0.924 
0.053 0.982 0.118 0.963 0.937 
0.049 0.983 0.092 0.978 0.937 
0.046 0.983 0.076 0.980 0.924 
0.061 0.981 0.112 0.975 0.943 
0.056 0.981 0.055 0.990 0.918 
0.054 0.983 0.114 0.975 0.953 
0.059 0.980 0.075 0.980 0.921 
0.064 0.983 0.112 0.970 0.953 
0.055 0.983 0.129 0.970 0.946 
0.058 0.983 0.090 0.980 0.927 
0.038 0.987 0.054 0.985 0.921 
0.051 0.984 0.131 0.970 0.950 
0.048 0.983 0.100 0.978 0.950 
0.045 0.985 0.074 0.983 0.931 
0.063 0.978 0.090 0.985 0.931 
0.072 0.978 0.099 0.980 0.918 
0.051 0.982 0.086 0.978 0.943 
0.065 0.979 0.066 0.980 0.915 
0.062 0.981 0.066 0.983 0.934 
0.049 0.982 0.122 0.968 0.953 
0.053 0.979 0.074 0.980 0.937 
0.054 0.984 0.148 0.960 0.956 
0.049 0.983 0.088 0.978 0.940 
0.051 0.983 0.101 0.990 0.946 
0.063 0.980 0.116 0.978 0.940 
0.086 0.979 0.142 0.970 0.959 
0.057 0.981 0.093 0.975 0.937 
0.055 0.983 0.053 0.988 0.855 
0.050 0.981 0.131 0.970 0.956 
0.054 0.983 0.210 0.955 0.968 
0.051 0.981 0.063 0.983 0.918 
0.061 0.978 0.043 0.993 0.912 
0.052 0.983 0.070 0.983 0.927 
0.046 0.987 0.096 0.978 0.940 
0.058 0.981 0.104 0.975 0.946 
0.061 0.977 0.097 0.980 0.953 
0.055 0.986 0.058 0.983 0.921 
0.060 0.979 0.103 0.973 0.965 
0.054 0.982 0.100 0.975 0.943 
0.055 0.983 0.128 0.978 0.946 
0.051 0.982 0.167 0.975 0.962 
0.051 0.980 0.104 0.983 0.934 
0.049 0.983 0.093 0.978 0.940 
0.055 0.980 0.193 0.958 0.953 
0.060 0.980 0.177 0.953 0.953 
0.069 0.976 0.114 0.985 0.924 
0.055 0.983 0.092 0.970 0.937 
0.051 0.985 0.177 0.955 0.962 
0.054 0.983 0.141 0.980 0.940 
0.056 0.982 0.116 0.978 0.934 
0.055 0.982 0.121 0.985 0.950 
0.051 0.982 0.161 0.968 0.956 
0.065 0.978 0.098 0.983 0.934 
0.050 0.981 0.110 0.983 0.931 
0.052 0.984 0.094 0.975 0.943 
0.044 0.985 0.084 0.983 0.934 
0.049 0.985 0.112 0.978 0.950 
0.056 0.982 0.143 0.980 0.953 
0.049 0.982 0.132 0.980 0.946 
0.070 0.976 0.100 0.983 0.927 
0.055 0.984 0.132 0.973 0.953 
0.046 0.984 0.060 0.985 0.924 
0.036 0.988 0.085 0.980 0.940 
0.050 0.985 0.098 0.980 0.946 
0.056 0.982 0.066 0.983 0.927 
0.067 0.978 0.118 0.973 0.956 
0.054 0.985 0.103 0.978 0.962 
0.045 0.982 0.153 0.963 0.962 
0.050 0.985 0.113 0.978 0.950 
0.046 0.984 0.204 0.953 0.962 
0.051 0.981 0.119 0.978 0.937 
0.061 0.979 0.079 0.985 0.924 
0.055 0.986 0.102 0.980 0.946 
0.049 0.982 0.169 0.968 0.956 
0.061 0.982 0.070 0.988 0.899 
0.062 0.978 0.089 0.983 0.934 
0.055 0.981 0.089 0.978 0.931 
0.050 0.985 0.091 0.978 0.937 
0.049 0.983 0.124 0.980 0.946 
0.056 0.983 0.127 0.970 0.940 
0.054 0.984 0.134 0.975 0.959 
0.043 0.988 0.092 0.963 0.950 
0.051 0.983 0.072 0.985 0.927 
0.059 0.983 0.050 0.983 0.921 
0.037 0.989 0.067 0.985 0.912 
0.058 0.982 0.077 0.975 0.940 
0.052 0.981 0.062 0.988 0.924 
0.058 0.980 0.074 0.983 0.940 
0.053 0.983 0.086 0.983 0.921 
0.044 0.986 0.057 0.980 0.912 
0.048 0.985 0.088 0.978 0.943 
0.053 0.981 0.103 0.978 0.950 
0.057 0.983 0.123 0.973 0.950 
0.045 0.982 0.111 0.980 0.950 
0.052 0.984 0.093 0.978 0.943 
0.054 0.979 0.156 0.975 0.962 
0.052 0.984 0.197 0.970 0.946 
0.053 0.982 0.180 0.970 0.950 
0.051 0.982 0.115 0.975 0.943 
0.052 0.984 0.190 0.983 0.953 
0.043 0.985 0.157 0.970 0.950 
0.052 0.979 0.109 0.973 0.953 
0.046 0.981 0.104 0.970 0.950 
0.036 0.986 0.070 0.983 0.934 
0.045 0.986 0.616 0.968 0.940 
0.101 0.973 0.150 0.958 0.940 
0.046 0.984 0.285 0.900 0.968 
0.050 0.984 0.077 0.983 0.937 
0.063 0.981 0.084 0.978 0.943 
0.040 0.985 0.086 0.980 0.943 
0.045 0.984 0.091 0.978 0.946 
0.058 0.983 0.081 0.978 0.937 
0.055 0.981 0.050 0.990 0.921 
0.048 0.982 0.054 0.988 0.921 
0.049 0.985 0.114 0.968 0.953 
0.054 0.982 0.072 0.975 0.940 
0.058 0.983 0.065 0.983 0.931 
0.042 0.984 0.073 0.978 0.950 
0.042 0.988 0.109 0.965 0.956 
0.057 0.977 0.095 0.975 0.946 
0.042 0.986 0.089 0.978 0.909 
0.042 0.985 0.100 0.975 0.943 
0.057 0.983 0.077 0.975 0.946 
0.047 0.988 0.068 0.978 0.927 
0.056 0.980 0.062 0.980 0.931 
0.043 0.986 0.119 0.973 0.953 
0.046 0.987 0.088 0.975 0.943 
0.060 0.982 0.200 0.938 0.968 
0.054 0.980 0.164 0.953 0.953 
0.039 0.985 0.082 0.975 0.943 
0.051 0.982 0.072 0.980 0.940 
0.042 0.984 0.116 0.978 0.943 
0.054 0.981 0.085 0.978 0.940 
0.060 0.983 0.056 0.990 0.909 
0.043 0.983 0.144 0.970 0.956 
0.057 0.982 0.098 0.975 0.946 
0.041 0.986 0.232 0.927 0.965 
0.051 0.982 0.108 0.973 0.953 
0.058 0.982 0.195 0.945 0.962 
0.043 0.984 0.074 0.983 0.934 
0.058 0.979 0.083 0.978 0.931 
0.049 0.984 0.076 0.980 0.931 
0.035 0.990 0.086 0.983 0.940 
0.059 0.981 0.099 0.973 0.946 
0.052 0.982 0.065 0.978 0.924 
0.043 0.983 0.099 0.975 0.953 
0.049 0.982 0.140 0.968 0.950 
0.049 0.984 0.093 0.973 0.940 
0.050 0.983 0.074 0.978 0.950 
0.048 0.984 0.170 0.930 0.956 
0.048 0.981 0.054 0.983 0.921 
0.049 0.982 0.101 0.970 0.946 
0.059 0.980 0.098 0.973 0.950 
0.049 0.984 0.114 0.975 0.946 
0.047 0.982 0.145 0.965 0.940 
0.061 0.981 0.081 0.970 0.940 
0.054 0.982 0.096 0.970 0.940 
0.051 0.982 0.104 0.980 0.946 
0.045 0.985 0.069 0.983 0.934 
0.047 0.981 0.094 0.973 0.943 
0.062 0.982 0.058 0.988 0.912 
0.045 0.982 0.042 0.988 0.927 
0.032 0.991 0.088 0.983 0.927 
0.061 0.982 0.052 0.978 0.924 
0.037 0.987 0.088 0.965 0.950 
0.040 0.985 0.042 0.988 0.931 
0.062 0.983 0.043 0.985 0.915 
0.051 0.980 0.082 0.983 0.931 
0.063 0.979 0.160 0.983 0.940 
0.047 0.987 0.093 0.980 0.931 
0.047 0.984 0.186 0.960 0.959 
0.053 0.986 0.108 0.983 0.924 
0.050 0.982 0.090 0.978 0.931 
0.053 0.980 0.100 0.975 0.940 
0.056 0.986 0.159 0.973 0.965 
0.045 0.986 0.136 0.983 0.937 
0.048 0.985 0.113 0.983 0.934 
0.048 0.982 0.142 0.978 0.950 
0.045 0.986 0.107 0.980 0.931 
0.057 0.982 0.178 0.978 0.937 
0.051 0.982 0.093 0.978 0.937 
0.043 0.985 0.106 0.983 0.934 
0.067 0.984 0.164 0.963 0.943 
0.053 0.981 0.088 0.988 0.927 
0.049 0.985 0.080 0.988 0.861 
0.041 0.985 0.071 0.990 0.909 
0.043 0.983 0.251 0.978 0.965 
0.041 0.989 0.150 0.990 0.896 
0.059 0.979 0.215 0.983 0.950 
0.047 0.984 0.142 0.980 0.934 
0.045 0.986 0.143 0.975 0.953 
0.047 0.984 0.108 0.975 0.943 
0.055 0.982 0.092 0.980 0.937 
0.053 0.983 0.056 0.983 0.924 
0.043 0.986 0.102 0.978 0.931 
0.042 0.986 0.112 0.983 0.931 
0.042 0.987 0.087 0.983 0.927 
0.048 0.984 0.105 0.983 0.934 
0.054 0.981 0.138 0.985 0.940 
0.033 0.988 0.056 0.983 0.924 
0.054 0.985 0.113 0.990 0.931 
0.054 0.983 0.106 0.985 0.927 
0.042 0.988 0.075 0.993 0.918 
0.061 0.980 0.038 0.993 0.905 
0.042 0.989 0.114 0.980 0.934 
0.044 0.989 0.083 0.985 0.924 
0.062 0.981 0.111 0.980 0.943 
0.054 0.982 0.085 0.983 0.918 
0.060 0.984 0.150 0.975 0.953 
0.054 0.983 0.060 0.980 0.915 
0.061 0.984 0.086 0.985 0.937 
0.045 0.981 0.094 0.975 0.950 
0.041 0.986 0.074 0.978 0.927 
0.044 0.987 0.053 0.988 0.905 
0.049 0.984 0.063 0.980 0.915 
0.053 0.986 0.071 0.983 0.924 
0.048 0.986 0.057 0.988 0.893 
0.051 0.984 0.173 0.965 0.959 
0.053 0.984 0.063 0.990 0.912 
0.053 0.983 0.053 0.985 0.905 
0.041 0.985 0.080 0.985 0.918 
0.059 0.983 0.073 0.978 0.937 
0.059 0.978 0.258 0.958 0.975 
0.047 0.982 0.125 0.983 0.934 
0.050 0.982 0.089 0.988 0.927 
0.043 0.984 0.074 0.978 0.940 
0.042 0.988 0.066 0.978 0.943 
0.053 0.984 0.093 0.975 0.943 
0.047 0.985 0.085 0.978 0.927 
0.046 0.989 0.069 0.980 0.912 
0.045 0.986 0.097 0.980 0.940 
0.054 0.983 0.127 0.978 0.937 
0.046 0.983 0.220 0.963 0.959 
0.059 0.980 0.128 0.975 0.940 
0.051 0.984 0.080 0.978 0.931 
0.052 0.981 0.088 0.980 0.924 
0.049 0.986 0.085 0.975 0.934 
0.056 0.984 0.136 0.975 0.927 
0.051 0.984 0.091 0.978 0.943 
0.048 0.988 0.147 0.980 0.940 
0.059 0.978 0.056 0.978 0.927 
0.042 0.984 0.079 0.985 0.902 
0.055 0.985 0.041 0.990 0.912 
0.054 0.983 0.070 0.983 0.931 
0.043 0.984 0.073 0.980 0.934 
0.043 0.987 0.108 0.978 0.943 
0.045 0.984 0.050 0.983 0.874 
0.054 0.982 0.155 0.978 0.927 
0.047 0.984 0.111 0.990 0.924 
0.055 0.981 0.088 0.988 0.937 
0.051 0.983 0.059 0.993 0.927 
0.045 0.984 0.136 0.983 0.946 
0.045 0.983 0.080 0.983 0.934 
0.053 0.983 0.161 0.973 0.953 
0.047 0.985 0.102 0.988 0.927 
0.055 0.983 0.069 0.985 0.915 
0.056 0.981 0.114 0.983 0.940 
0.058 0.982 0.066 0.980 0.931 
0.062 0.979 0.143 0.973 0.953 
0.050 0.988 0.200 0.983 0.934 
0.043 0.988 0.114 0.978 0.934 
0.037 0.991 0.085 0.980 0.937 
0.051 0.981 0.046 0.990 0.871 
0.051 0.983 0.112 0.980 0.934 
0.049 0.981 0.076 0.980 0.921 
0.049 0.984 0.063 0.985 0.918 
0.049 0.986 0.068 0.978 0.943 
0.049 0.983 0.060 0.983 0.927 
0.045 0.983 0.059 0.980 0.927 
0.048 0.985 0.125 0.978 0.953 
0.071 0.977 0.080 0.988 0.909 
0.055 0.982 0.052 0.988 0.905 
0.044 0.986 0.105 0.985 0.927 
0.042 0.982 0.117 0.983 0.927 
0.029 0.991 0.129 0.978 0.943 
0.043 0.982 0.063 0.985 0.940 
0.035 0.985 0.057 0.983 0.918 
0.034 0.989 0.101 0.983 0.927 
0.056 0.984 0.072 0.988 0.909 
0.072 0.982 0.072 0.983 0.937 
0.041 0.986 0.079 0.975 0.934 
0.055 0.983 0.057 0.985 0.912 
0.064 0.980 0.070 0.985 0.918 
0.048 0.985 0.077 0.975 0.937 
0.045 0.984 0.098 0.978 0.943 
0.035 0.988 0.073 0.975 0.934 
0.043 0.984 0.056 0.988 0.924 
0.044 0.985 0.049 0.985 0.902 
0.048 0.985 0.065 0.988 0.915 
0.059 0.981 0.067 0.985 0.921 
0.044 0.988 0.082 0.978 0.927 
0.038 0.988 0.108 0.980 0.937 
0.049 0.985 0.120 0.985 0.915 
0.037 0.989 0.048 0.990 0.905 
0.046 0.984 0.086 0.975 0.946 
0.043 0.986 0.057 0.983 0.927 
0.036 0.985 0.227 0.965 0.968 
0.033 0.990 0.197 0.968 0.956 
0.047 0.982 0.116 0.970 0.950 
0.056 0.979 0.156 0.973 0.953 
0.049 0.985 0.116 0.980 0.943 
0.051 0.985 0.047 0.990 0.909 
0.057 0.983 0.089 0.978 0.943 
0.037 0.989 0.116 0.983 0.943 
0.052 0.983 0.088 0.980 0.940 
0.047 0.987 0.102 0.970 0.943 
0.044 0.985 0.051 0.985 0.927 
0.051 0.983 0.084 0.980 0.943 
0.055 0.977 0.148 0.943 0.956 
0.049 0.983 0.099 0.973 0.959 
0.047 0.983 0.101 0.978 0.950 
0.038 0.990 0.079 0.985 0.937 
0.048 0.985 0.044 0.985 0.921 
0.036 0.986 0.081 0.978 0.943 
0.048 0.985 0.133 0.975 0.956 
0.052 0.985 0.073 0.985 0.937 
0.048 0.983 0.122 0.985 0.940 
0.038 0.987 0.185 0.978 0.953 
0.046 0.985 0.063 0.980 0.934 
0.051 0.985 0.133 0.983 0.927 
0.066 0.980 0.082 0.985 0.877 
0.038 0.985 0.193 0.970 0.953 
0.054 0.984 0.103 0.975 0.946 
0.040 0.984 0.103 0.983 0.940 
0.049 0.983 0.112 0.970 0.943 
0.050 0.983 0.136 0.980 0.956 
0.037 0.985 0.123 0.983 0.943 
0.038 0.989 0.170 0.980 0.962 
0.044 0.986 0.098 0.985 0.940 
0.042 0.985 0.047 0.990 0.924 
0.044 0.983 0.064 0.980 0.943 
0.047 0.981 0.113 0.973 0.950 
0.049 0.981 0.041 0.990 0.915 
0.036 0.986 0.057 0.985 0.927 
0.042 0.986 0.142 0.980 0.934 
0.053 0.985 0.072 0.990 0.909 
0.028 0.991 0.154 0.983 0.937 
0.048 0.984 0.125 0.975 0.931 
0.044 0.982 0.137 0.978 0.956 
0.042 0.984 0.209 0.970 0.965 
0.061 0.981 0.099 0.973 0.953 
0.053 0.983 0.092 0.975 0.943 
0.038 0.988 0.066 0.983 0.931 
0.043 0.983 0.124 0.973 0.950 
0.031 0.989 0.059 0.985 0.927 
0.046 0.983 0.059 0.988 0.918 
0.049 0.984 0.064 0.980 0.937 
0.042 0.988 0.039 0.990 0.912 
0.043 0.986 0.075 0.978 0.940 
0.043 0.986 0.089 0.978 0.937 
0.065 0.982 0.072 0.988 0.905 
0.040 0.985 0.080 0.985 0.915 
0.054 0.981 0.120 0.965 0.956 
0.049 0.981 0.143 0.978 0.943 
0.046 0.988 0.111 0.963 0.934 
0.054 0.983 0.179 0.965 0.950 
0.043 0.984 0.057 0.985 0.921 
0.040 0.984 0.052 0.973 0.931 
0.053 0.980 0.060 0.980 0.927 
0.043 0.983 0.060 0.978 0.921 
0.055 0.983 0.086 0.980 0.940 
0.048 0.984 0.117 0.970 0.956 
0.048 0.984 0.057 0.983 0.937 
0.042 0.986 0.136 0.960 0.962 
0.044 0.982 0.117 0.973 0.956 
0.048 0.981 0.053 0.983 0.931 
0.050 0.983 0.069 0.973 0.931 
0.039 0.985 0.083 0.988 0.940 
0.055 0.979 0.110 0.958 0.956 
0.047 0.980 0.098 0.975 0.943 
0.050 0.985 0.061 0.983 0.927 
0.043 0.984 0.075 0.975 0.940 
0.037 0.986 0.045 0.985 0.902 
0.046 0.984 0.084 0.983 0.940 
0.045 0.985 0.073 0.983 0.946 
0.046 0.984 0.073 0.988 0.940 
0.053 0.985 0.070 0.988 0.927 
0.046 0.982 0.098 0.975 0.953 
0.044 0.989 0.078 0.983 0.924 
0.056 0.984 0.106 0.978 0.946 
0.057 0.982 0.080 0.990 0.924 
0.045 0.984 0.082 0.980 0.946 
0.043 0.986 0.041 0.990 0.890 
0.049 0.983 0.077 0.988 0.931 
0.043 0.984 0.095 0.983 0.937 
0.050 0.982 0.052 0.988 0.912 
0.048 0.983 0.051 0.980 0.924 
0.046 0.981 0.105 0.978 0.953 
0.046 0.983 0.158 0.970 0.959 
0.047 0.989 0.098 0.985 0.940 
0.051 0.985 0.061 0.988 0.927 
0.056 0.983 0.106 0.978 0.950 
0.037 0.985 0.115 0.980 0.937 
0.058 0.979 0.059 0.983 0.934 
0.036 0.990 0.057 0.983 0.918 
0.045 0.983 0.088 0.980 0.953 
0.044 0.985 0.074 0.980 0.946 
0.043 0.984 0.074 0.973 0.927 
0.047 0.983 0.094 0.975 0.953 
0.051 0.985 0.077 0.978 0.940 
0.035 0.986 0.068 0.988 0.924 
0.042 0.989 0.089 0.980 0.943 
0.050 0.983 0.063 0.983 0.924 
0.057 0.983 0.091 0.975 0.943 
0.056 0.984 0.078 0.980 0.946 
0.037 0.988 0.160 0.960 0.959 
0.044 0.985 0.114 0.970 0.943 
0.032 0.985 0.116 0.985 0.924 
0.062 0.982 0.145 0.975 0.940 
0.043 0.987 0.153 0.975 0.950 
0.042 0.986 0.083 0.985 0.915 
0.043 0.986 0.161 0.973 0.931 
0.044 0.988 0.117 0.983 0.934 
0.039 0.986 0.095 0.980 0.921 
0.036 0.989 0.182 0.983 0.940 
0.052 0.981 0.219 0.965 0.943 
0.051 0.983 0.077 0.975 0.940 
0.050 0.988 0.172 0.973 0.943 
0.044 0.987 0.101 0.978 0.943 
0.045 0.985 0.099 0.985 0.931 
0.048 0.982 0.109 0.978 0.953 
0.057 0.981 0.156 0.968 0.953 
0.037 0.988 0.457 0.892 0.975 
0.045 0.983 0.138 0.960 0.950 
0.053 0.980 0.163 0.955 0.953 
0.041 0.985 0.124 0.975 0.943 
0.039 0.986 0.098 0.978 0.937 
0.039 0.989 0.196 0.980 0.927 
0.047 0.988 0.125 0.985 0.927 
0.040 0.989 0.097 0.988 0.912 
0.043 0.986 0.071 0.985 0.927 
0.046 0.985 0.106 0.970 0.940 
0.038 0.989 0.049 0.990 0.890 
0.045 0.986 0.183 0.965 0.975 
0.044 0.986 0.195 0.965 0.978 
0.040 0.989 0.117 0.980 0.943 
0.043 0.985 0.208 0.965 0.968 
0.043 0.987 0.083 0.988 0.927 
0.044 0.986 0.103 0.990 0.943 
0.054 0.979 0.112 0.988 0.931 
0.045 0.984 0.099 0.978 0.931 
0.040 0.985 0.105 0.988 0.921 
0.040 0.990 0.106 0.978 0.943 
0.061 0.980 0.098 0.973 0.940 
0.039 0.985 0.088 0.980 0.946 
0.042 0.986 0.060 0.988 0.924 
0.048 0.981 0.072 0.988 0.934 
0.047 0.986 0.103 0.975 0.940 
0.036 0.988 0.130 0.970 0.950 
0.039 0.986 0.073 0.983 0.927 
0.041 0.985 0.097 0.980 0.927 
0.041 0.985 0.043 0.993 0.893 
0.034 0.986 0.112 0.973 0.956 
0.039 0.988 0.106 0.975 0.956 
0.041 0.989 0.101 0.978 0.962 
0.054 0.985 0.080 0.980 0.937 
0.036 0.988 0.101 0.990 0.940 
0.042 0.983 0.062 0.980 0.924 
0.044 0.985 0.092 0.980 0.943 
0.047 0.982 0.092 0.975 0.940 
0.030 0.990 0.062 0.988 0.918 
0.032 0.988 0.071 0.988 0.931 
0.034 0.986 0.080 0.990 0.940 
0.057 0.984 0.070 0.980 0.934 
0.043 0.986 0.096 0.978 0.934 
0.037 0.991 0.093 0.980 0.934 
0.039 0.988 0.070 0.985 0.934 
0.040 0.988 0.046 0.988 0.915 
0.040 0.988 0.224 0.970 0.962 
0.045 0.983 0.074 0.988 0.927 
0.043 0.984 0.064 0.990 0.931 
0.033 0.989 0.072 0.985 0.931 
0.047 0.984 0.101 0.983 0.953 
0.050 0.985 0.063 0.983 0.934 
0.050 0.981 0.080 0.983 0.924 
0.045 0.984 0.045 0.985 0.905 
0.039 0.987 0.131 0.980 0.943 
0.044 0.984 0.167 0.978 0.950 
0.043 0.989 0.163 0.975 0.940 
0.049 0.981 0.116 0.980 0.934 
0.044 0.984 0.088 0.980 0.934 
0.054 0.983 0.068 0.980 0.937 
0.044 0.983 0.075 0.980 0.946 
0.047 0.985 0.084 0.980 0.937 
0.043 0.984 0.098 0.978 0.937 
0.047 0.985 0.084 0.968 0.940 
0.040 0.984 0.127 0.975 0.956 
0.034 0.987 0.085 0.980 0.943 
0.042 0.983 0.086 0.973 0.950 
0.042 0.984 0.067 0.985 0.896 
0.041 0.983 0.086 0.978 0.931 
0.044 0.984 0.107 0.980 0.953 
0.046 0.985 0.154 0.963 0.943 
0.047 0.981 0.085 0.980 0.937 
0.043 0.985 0.078 0.980 0.915 
0.031 0.986 0.093 0.983 0.921 
0.046 0.983 0.103 0.965 0.953 
0.045 0.985 0.101 0.968 0.940 
0.044 0.984 0.105 0.973 0.940 
0.041 0.989 0.115 0.983 0.937 
0.035 0.986 0.125 0.965 0.946 
0.033 0.984 0.104 0.980 0.956 
0.036 0.988 0.086 0.980 0.934 
0.050 0.982 0.128 0.975 0.940 
0.041 0.987 0.125 0.970 0.943 
0.040 0.986 0.093 0.983 0.934 
0.037 0.986 0.130 0.985 0.950 
0.055 0.983 0.127 0.978 0.927 
0.059 0.986 0.111 0.988 0.909 
0.037 0.990 0.196 0.970 0.943 
0.053 0.981 0.183 0.988 0.927 
0.038 0.986 0.090 0.990 0.915 
0.046 0.986 0.209 0.988 0.950 
0.042 0.989 0.050 0.985 0.915 
0.038 0.985 0.137 0.983 0.937 
0.036 0.988 0.097 0.973 0.931 
0.046 0.983 0.126 0.988 0.931 
0.047 0.982 0.249 0.965 0.965 
0.037 0.987 0.108 0.978 0.934 
0.044 0.986 0.054 0.978 0.931 
0.048 0.988 0.116 0.978 0.950 
0.053 0.981 0.067 0.978 0.934 
0.036 0.989 0.061 0.990 0.905 
0.047 0.984 0.092 0.985 0.927 
0.042 0.988 0.096 0.980 0.940 
0.069 0.979 0.090 0.963 0.940 
0.047 0.981 0.055 0.988 0.931 
0.048 0.985 0.071 0.978 0.934 
0.051 0.984 0.076 0.985 0.918 
0.035 0.984 0.062 0.983 0.927 
0.044 0.985 0.083 0.988 0.924 
0.048 0.982 0.073 0.990 0.921 
0.039 0.984 0.146 0.973 0.940 
0.035 0.990 0.129 0.965 0.943 
0.042 0.985 0.102 0.975 0.946 
0.057 0.984 0.098 0.973 0.931 
0.037 0.987 0.131 0.973 0.956 
0.041 0.989 0.187 0.958 0.959 
0.056 0.984 0.065 0.973 0.924 
0.034 0.989 0.082 0.975 0.934 
0.042 0.988 0.065 0.978 0.921 
0.045 0.986 0.179 0.965 0.953 
0.032 0.991 0.108 0.973 0.943 
0.046 0.985 0.056 0.978 0.940 
0.046 0.983 0.081 0.980 0.946 
0.036 0.988 0.082 0.980 0.937 
0.029 0.990 0.060 0.978 0.931 
0.045 0.985 0.056 0.983 0.931 
0.026 0.990 0.068 0.988 0.921 
0.045 0.987 0.039 0.990 0.912 
0.034 0.989 0.140 0.975 0.940 
0.042 0.985 0.227 0.965 0.959 
0.038 0.988 0.264 0.973 0.956 
0.056 0.979 0.146 0.978 0.946 
0.051 0.985 0.075 0.978 0.924 
0.062 0.980 0.083 0.980 0.937 
0.040 0.985 0.155 0.970 0.943 
0.049 0.983 0.203 0.970 0.953 
0.046 0.984 0.077 0.975 0.931 
0.039 0.988 0.058 0.980 0.924 
0.037 0.989 0.142 0.970 0.946 
0.058 0.982 0.068 0.980 0.937 
0.030 0.990 0.135 0.960 0.950 
0.039 0.984 0.040 0.993 0.899 
0.040 0.986 0.143 0.963 0.953 
0.052 0.981 0.109 0.980 0.953 
0.042 0.985 0.108 0.975 0.943 
0.041 0.980 0.110 0.980 0.931 
0.041 0.988 0.102 0.983 0.940 
0.031 0.989 0.221 0.970 0.956 
0.040 0.987 0.078 0.985 0.905 
0.048 0.985 0.088 0.985 0.921 
0.047 0.983 0.258 0.968 0.962 
0.035 0.987 0.132 0.988 0.921 
0.032 0.991 0.051 0.990 0.899 
0.036 0.984 0.096 0.988 0.915 
0.049 0.983 0.231 0.973 0.953 
