0.298 0.871 0.137 0.965 1.000 
0.171 0.943 0.120 0.965 1.000 
0.134 0.951 0.056 0.988 1.000 
0.111 0.967 0.102 0.978 1.000 
0.112 0.959 0.069 0.980 1.000 
0.095 0.969 0.086 0.968 0.997 
0.105 0.972 0.063 0.988 1.000 
0.091 0.971 0.075 0.980 1.000 
0.084 0.973 0.067 0.983 1.000 
0.090 0.976 0.060 0.985 0.997 
0.071 0.978 0.089 0.970 0.884 
0.081 0.976 0.072 0.983 1.000 
0.066 0.977 0.094 0.965 0.997 
0.059 0.982 0.048 0.990 1.000 
0.074 0.974 0.062 0.985 1.000 
0.070 0.978 0.062 0.985 1.000 
0.063 0.982 0.081 0.985 0.984 
0.068 0.977 0.061 0.985 0.920 
0.064 0.981 0.051 0.988 0.994 
0.062 0.981 0.075 0.978 0.904 
0.065 0.982 0.060 0.985 0.997 
0.063 0.984 0.089 0.980 1.000 
0.061 0.981 0.073 0.985 0.871 
0.053 0.985 0.063 0.985 1.000 
0.059 0.983 0.060 0.985 1.000 
0.046 0.986 0.094 0.968 0.997 
0.055 0.985 0.075 0.983 0.894 
0.056 0.985 0.066 0.983 0.074 
0.052 0.982 0.057 0.983 1.000 
0.054 0.983 0.056 0.985 0.984 
0.074 0.982 0.098 0.970 0.997 
0.048 0.984 0.068 0.983 0.974 
0.056 0.986 0.060 0.985 1.000 
0.057 0.984 0.056 0.985 0.846 
0.045 0.987 0.060 0.985 0.637 
0.051 0.986 0.057 0.985 1.000 
0.044 0.986 0.056 0.985 1.000 
0.061 0.984 0.088 0.985 0.916 
0.034 0.992 0.042 0.985 0.006 
0.047 0.984 0.070 0.980 0.894 
0.042 0.988 0.072 0.975 0.772 
0.041 0.986 0.077 0.973 0.997 
0.057 0.981 0.065 0.985 0.154 
0.043 0.989 0.067 0.975 0.990 
0.043 0.989 0.052 0.985 1.000 
0.062 0.982 0.073 0.980 1.000 
0.045 0.988 0.059 0.985 0.588 
0.052 0.985 0.063 0.985 0.997 
0.049 0.986 0.058 0.985 1.000 
0.047 0.988 0.084 0.975 1.000 
0.036 0.991 0.041 0.990 0.997 
0.043 0.986 0.053 0.985 0.656 
0.050 0.985 0.066 0.983 1.000 
0.044 0.988 0.048 0.985 1.000 
0.043 0.988 0.068 0.978 1.000 
0.044 0.986 0.097 0.965 0.949 
0.037 0.991 0.073 0.973 1.000 
0.050 0.988 0.086 0.965 0.000 
0.037 0.989 0.069 0.978 1.000 
0.044 0.989 0.104 0.960 0.894 
0.042 0.988 0.056 0.983 1.000 
0.038 0.991 0.067 0.978 0.984 
0.043 0.985 0.055 0.985 0.936 
0.036 0.988 0.070 0.980 1.000 
0.037 0.991 0.055 0.983 0.994 
0.042 0.987 0.073 0.975 1.000 
0.036 0.991 0.061 0.983 0.347 
0.034 0.989 0.062 0.983 1.000 
0.031 0.993 0.058 0.983 1.000 
0.032 0.990 0.093 0.975 0.881 
0.034 0.989 0.062 0.985 1.000 
0.049 0.988 0.043 0.985 1.000 
0.043 0.988 0.068 0.983 1.000 
0.028 0.993 0.055 0.985 1.000 
0.048 0.988 0.045 0.983 1.000 
0.030 0.992 0.090 0.965 0.987 
0.035 0.990 0.050 0.983 0.987 
0.034 0.991 0.054 0.985 0.457 
0.038 0.989 0.083 0.970 0.955 
0.042 0.988 0.067 0.975 1.000 
0.034 0.989 0.048 0.985 1.000 
0.022 0.994 0.059 0.983 1.000 
0.033 0.993 0.058 0.985 1.000 
0.032 0.990 0.064 0.980 1.000 
0.032 0.992 0.041 0.985 1.000 
0.030 0.993 0.073 0.985 1.000 
0.028 0.990 0.053 0.985 1.000 
0.034 0.993 0.057 0.983 1.000 
0.038 0.992 0.062 0.983 1.000 
0.036 0.990 0.083 0.970 0.939 
0.027 0.993 0.058 0.990 0.984 
0.047 0.985 0.047 0.985 1.000 
0.035 0.990 0.068 0.975 0.621 
0.040 0.991 0.059 0.985 0.968 
0.038 0.990 0.048 0.988 1.000 
0.048 0.984 0.061 0.985 1.000 
0.026 0.994 0.070 0.975 0.990 
0.032 0.991 0.056 0.985 1.000 
0.036 0.990 0.051 0.983 1.000 
0.042 0.989 0.055 0.985 1.000 
0.046 0.992 0.050 0.985 1.000 
0.034 0.992 0.036 0.988 1.000 
0.040 0.990 0.043 0.988 1.000 
0.028 0.992 0.050 0.985 1.000 
0.031 0.991 0.083 0.975 0.997 
0.041 0.990 0.062 0.983 0.987 
0.029 0.994 0.044 0.985 1.000 
0.033 0.991 0.049 0.985 1.000 
0.038 0.991 0.064 0.978 1.000 
0.049 0.988 0.055 0.985 0.981 
0.026 0.993 0.053 0.988 0.093 
0.043 0.988 0.056 0.985 0.958 
0.030 0.990 0.083 0.970 0.997 
0.026 0.993 0.057 0.985 0.839 
0.028 0.990 0.086 0.968 0.977 
0.022 0.995 0.054 0.985 1.000 
0.035 0.993 0.074 0.973 0.997 
0.036 0.991 0.111 0.960 0.839 
0.027 0.993 0.043 0.985 1.000 
0.036 0.990 0.051 0.983 0.977 
0.045 0.989 0.046 0.985 1.000 
0.028 0.991 0.043 0.985 0.997 
0.038 0.993 0.093 0.968 0.907 
0.033 0.989 0.045 0.990 1.000 
0.030 0.991 0.049 0.983 1.000 
0.024 0.994 0.102 0.970 0.981 
0.030 0.994 0.061 0.985 0.961 
0.026 0.994 0.055 0.983 0.019 
0.024 0.993 0.069 0.980 0.000 
0.020 0.996 0.052 0.985 0.974 
0.030 0.992 0.047 0.983 1.000 
0.031 0.991 0.047 0.983 0.264 
0.032 0.992 0.050 0.985 0.817 
0.032 0.993 0.050 0.985 0.768 
0.034 0.991 0.091 0.963 0.019 
0.038 0.989 0.044 0.985 1.000 
0.016 0.994 0.040 0.993 0.994 
0.023 0.993 0.043 0.985 0.887 
0.035 0.990 0.039 0.990 1.000 
0.033 0.990 0.050 0.980 0.916 
0.030 0.991 0.074 0.970 0.945 
0.035 0.993 0.060 0.983 0.868 
0.022 0.995 0.084 0.973 0.100 
0.044 0.986 0.051 0.983 0.582 
0.025 0.991 0.095 0.970 1.000 
0.029 0.996 0.041 0.990 1.000 
0.039 0.989 0.056 0.990 0.958 
0.019 0.995 0.046 0.985 1.000 
0.031 0.995 0.066 0.980 0.553 
0.032 0.990 0.053 0.985 1.000 
0.037 0.993 0.056 0.985 1.000 
0.027 0.995 0.078 0.983 1.000 
0.033 0.991 0.043 0.988 0.730 
0.028 0.992 0.053 0.983 1.000 
0.025 0.991 0.041 0.985 1.000 
0.021 0.993 0.058 0.985 0.367 
0.029 0.992 0.044 0.988 0.997 
0.037 0.991 0.042 0.988 0.936 
0.028 0.993 0.056 0.983 0.971 
0.021 0.995 0.046 0.983 1.000 
0.025 0.991 0.052 0.983 0.833 
0.024 0.993 0.030 0.993 1.000 
0.024 0.995 0.052 0.988 1.000 
0.040 0.989 0.054 0.983 1.000 
0.033 0.990 0.049 0.990 1.000 
0.029 0.993 0.037 0.993 1.000 
0.030 0.991 0.042 0.985 0.878 
0.029 0.996 0.043 0.985 1.000 
0.031 0.990 0.082 0.975 1.000 
0.024 0.994 0.049 0.985 1.000 
0.027 0.991 0.053 0.985 0.994 
0.020 0.996 0.052 0.985 1.000 
0.027 0.992 0.046 0.985 1.000 
0.035 0.991 0.050 0.985 1.000 
0.029 0.993 0.055 0.983 1.000 
0.026 0.994 0.048 0.985 1.000 
0.032 0.992 0.053 0.988 0.862 
0.033 0.992 0.052 0.985 0.910 
0.025 0.994 0.044 0.988 0.617 
0.024 0.991 0.045 0.985 0.836 
0.023 0.994 0.044 0.988 0.942 
0.019 0.995 0.052 0.983 1.000 
0.025 0.993 0.057 0.983 0.080 
0.024 0.993 0.059 0.983 0.000 
0.022 0.994 0.056 0.988 0.884 
0.041 0.993 0.066 0.980 0.887 
0.025 0.994 0.038 0.988 1.000 
0.025 0.992 0.052 0.985 1.000 
0.020 0.994 0.079 0.980 0.315 
0.018 0.994 0.065 0.985 0.248 
0.031 0.991 0.049 0.988 0.958 
0.028 0.991 0.039 0.988 1.000 
0.019 0.995 0.051 0.988 0.305 
0.030 0.991 0.054 0.988 0.016 
0.025 0.994 0.046 0.988 0.672 
0.022 0.996 0.053 0.983 0.826 
0.020 0.995 0.033 0.993 0.942 
0.036 0.990 0.059 0.988 0.965 
0.024 0.995 0.077 0.973 0.997 
0.020 0.995 0.050 0.988 1.000 
0.032 0.992 0.066 0.980 0.994 
0.027 0.994 0.032 0.990 1.000 
0.027 0.993 0.061 0.983 1.000 
0.022 0.994 0.060 0.983 0.997 
0.013 0.996 0.059 0.988 0.997 
0.040 0.989 0.045 0.985 1.000 
0.021 0.994 0.060 0.983 1.000 
0.034 0.991 0.045 0.985 1.000 
0.030 0.994 0.060 0.983 1.000 
0.034 0.991 0.063 0.980 0.707 
0.026 0.995 0.059 0.980 0.994 
0.029 0.993 0.073 0.978 0.900 
0.019 0.996 0.042 0.988 0.987 
0.021 0.994 0.057 0.985 0.932 
0.026 0.992 0.055 0.985 0.894 
0.030 0.994 0.060 0.983 0.064 
0.029 0.994 0.093 0.958 0.984 
0.018 0.997 0.055 0.983 0.833 
0.028 0.993 0.049 0.983 0.601 
0.019 0.994 0.040 0.988 0.932 
0.024 0.995 0.066 0.983 0.994 
0.038 0.987 0.065 0.980 0.923 
0.018 0.995 0.067 0.988 0.884 
0.028 0.991 0.057 0.985 1.000 
0.023 0.993 0.053 0.985 0.968 
0.024 0.995 0.043 0.988 0.997 
0.020 0.994 0.033 0.993 1.000 
0.024 0.995 0.059 0.988 0.945 
0.024 0.994 0.043 0.988 1.000 
0.022 0.995 0.084 0.980 0.968 
0.032 0.993 0.064 0.983 1.000 
0.025 0.993 0.062 0.985 1.000 
0.032 0.990 0.064 0.983 1.000 
0.023 0.994 0.082 0.978 1.000 
0.027 0.993 0.047 0.988 1.000 
0.024 0.993 0.041 0.988 1.000 
0.033 0.993 0.063 0.983 1.000 
0.021 0.993 0.062 0.985 1.000 
0.036 0.993 0.061 0.983 0.990 
0.043 0.991 0.052 0.988 1.000 
0.023 0.994 0.056 0.985 1.000 
0.020 0.995 0.052 0.985 1.000 
0.027 0.992 0.050 0.983 1.000 
0.016 0.997 0.043 0.988 0.961 
0.023 0.994 0.055 0.985 1.000 
0.033 0.993 0.058 0.983 0.045 
0.018 0.997 0.037 0.988 1.000 
0.022 0.993 0.056 0.983 0.032 
0.024 0.992 0.041 0.988 0.929 
0.022 0.994 0.062 0.985 0.929 
0.030 0.991 0.082 0.973 1.000 
0.021 0.994 0.065 0.980 0.370 
0.014 0.997 0.050 0.988 0.997 
0.016 0.994 0.074 0.985 0.633 
0.023 0.993 0.040 0.988 0.466 
0.027 0.993 0.081 0.978 0.958 
0.031 0.993 0.078 0.975 0.688 
0.018 0.995 0.072 0.980 0.797 
0.021 0.993 0.153 0.958 0.974 
0.026 0.994 0.084 0.978 1.000 
0.037 0.990 0.074 0.985 0.997 
0.031 0.992 0.070 0.980 1.000 
0.023 0.993 0.065 0.985 0.987 
0.031 0.993 0.081 0.980 0.122 
0.021 0.994 0.054 0.988 1.000 
0.028 0.995 0.078 0.980 0.910 
0.021 0.991 0.062 0.985 1.000 
0.026 0.993 0.099 0.973 1.000 
0.014 0.997 0.094 0.983 1.000 
0.041 0.989 0.055 0.983 1.000 
0.018 0.996 0.097 0.973 0.994 
0.022 0.995 0.077 0.983 1.000 
0.025 0.994 0.080 0.980 0.003 
0.021 0.997 0.058 0.988 0.974 
0.016 0.996 0.097 0.978 0.039 
0.022 0.995 0.111 0.958 0.019 
0.019 0.994 0.053 0.988 1.000 
0.019 0.997 0.081 0.988 0.605 
0.018 0.994 0.083 0.983 0.219 
0.037 0.994 0.058 0.988 0.997 
0.041 0.993 0.068 0.983 0.920 
0.020 0.995 0.068 0.980 0.984 
0.024 0.994 0.066 0.983 0.106 
0.012 0.997 0.043 0.988 0.781 
0.023 0.994 0.042 0.988 0.990 
0.015 0.996 0.063 0.983 0.971 
0.027 0.993 0.085 0.975 0.836 
0.015 0.996 0.080 0.980 0.762 
0.035 0.992 0.062 0.983 0.913 
0.022 0.993 0.071 0.980 0.875 
0.025 0.991 0.048 0.988 0.621 
0.023 0.994 0.075 0.980 0.752 
0.019 0.994 0.054 0.988 0.997 
0.019 0.994 0.073 0.983 0.354 
0.027 0.993 0.077 0.973 0.608 
0.019 0.996 0.052 0.988 0.981 
0.015 0.995 0.079 0.985 0.984 
0.035 0.990 0.059 0.985 0.765 
0.018 0.995 0.100 0.970 0.833 
0.020 0.993 0.050 0.988 1.000 
0.023 0.994 0.062 0.983 0.984 
0.023 0.994 0.051 0.988 1.000 
0.018 0.992 0.081 0.975 0.987 
0.025 0.994 0.057 0.985 1.000 
0.028 0.992 0.101 0.970 0.990 
0.030 0.989 0.075 0.978 0.984 
0.018 0.994 0.072 0.983 0.997 
0.011 0.997 0.068 0.988 1.000 
0.017 0.995 0.072 0.985 0.997 
0.025 0.994 0.049 0.988 0.907 
0.023 0.993 0.051 0.985 1.000 
0.022 0.994 0.085 0.975 0.994 
0.029 0.992 0.047 0.985 1.000 
0.019 0.995 0.050 0.985 1.000 
0.023 0.993 0.085 0.978 0.865 
0.025 0.994 0.067 0.983 0.952 
0.021 0.996 0.067 0.985 0.553 
0.029 0.993 0.059 0.985 0.923 
0.018 0.994 0.087 0.983 0.936 
0.024 0.994 0.061 0.985 0.910 
0.024 0.993 0.052 0.985 0.997 
0.017 0.994 0.096 0.983 0.997 
0.018 0.996 0.052 0.985 1.000 
0.024 0.994 0.061 0.985 0.801 
0.030 0.991 0.058 0.985 0.550 
0.012 0.997 0.059 0.985 0.849 
0.013 0.995 0.087 0.985 0.990 
0.019 0.993 0.185 0.978 0.006 
0.028 0.994 0.068 0.985 0.672 
0.025 0.993 0.072 0.980 1.000 
0.016 0.995 0.060 0.985 0.907 
0.013 0.997 0.045 0.988 0.720 
0.027 0.993 0.099 0.970 0.714 
0.024 0.993 0.065 0.988 0.900 
0.021 0.995 0.071 0.978 0.395 
0.026 0.994 0.077 0.978 0.920 
0.023 0.993 0.058 0.985 0.849 
0.020 0.996 0.080 0.978 0.971 
0.018 0.996 0.067 0.983 0.994 
0.020 0.995 0.063 0.980 0.961 
0.011 0.997 0.071 0.988 0.904 
0.026 0.991 0.070 0.980 0.826 
0.016 0.995 0.057 0.985 1.000 
0.019 0.994 0.070 0.983 0.871 
0.027 0.992 0.063 0.988 1.000 
0.027 0.993 0.059 0.983 1.000 
0.022 0.995 0.064 0.983 0.990 
0.023 0.995 0.176 0.970 0.624 
0.028 0.993 0.068 0.983 0.994 
0.014 0.997 0.098 0.983 0.161 
0.025 0.992 0.079 0.980 0.830 
0.015 0.996 0.077 0.978 0.984 
0.025 0.993 0.061 0.985 0.720 
0.012 0.997 0.123 0.978 0.990 
0.021 0.995 0.074 0.983 1.000 
0.024 0.993 0.054 0.988 1.000 
0.016 0.995 0.070 0.985 0.994 
0.018 0.993 0.080 0.975 0.997 
0.024 0.993 0.092 0.973 1.000 
0.031 0.995 0.086 0.975 1.000 
0.033 0.991 0.094 0.968 1.000 
0.029 0.993 0.140 0.963 0.997 
0.024 0.995 0.073 0.978 1.000 
0.014 0.997 0.091 0.980 1.000 
0.025 0.993 0.071 0.978 1.000 
0.022 0.994 0.119 0.965 0.997 
0.013 0.997 0.109 0.970 1.000 
0.009 0.998 0.077 0.988 1.000 
0.018 0.995 0.116 0.968 1.000 
0.020 0.996 0.088 0.983 0.984 
0.019 0.997 0.114 0.963 0.974 
0.023 0.993 0.084 0.978 1.000 
0.015 0.996 0.085 0.980 0.981 
0.039 0.990 0.080 0.978 1.000 
0.019 0.994 0.054 0.985 1.000 
0.019 0.994 0.065 0.980 1.000 
0.017 0.996 0.067 0.980 0.997 
0.025 0.994 0.044 0.988 1.000 
0.010 0.998 0.066 0.983 0.987 
0.016 0.995 0.080 0.980 0.990 
0.023 0.994 0.069 0.983 0.650 
0.014 0.994 0.061 0.985 0.601 
0.014 0.996 0.065 0.988 0.997 
0.009 0.998 0.121 0.988 0.682 
0.027 0.994 0.050 0.988 1.000 
0.015 0.997 0.078 0.985 0.997 
0.020 0.994 0.040 0.988 1.000 
0.015 0.995 0.054 0.988 1.000 
0.031 0.995 0.055 0.988 0.997 
0.024 0.993 0.072 0.980 0.974 
0.018 0.995 0.041 0.988 1.000 
0.019 0.994 0.048 0.988 0.958 
0.012 0.996 0.051 0.988 1.000 
0.013 0.995 0.057 0.985 0.994 
0.013 0.995 0.038 0.988 1.000 
0.030 0.993 0.043 0.985 1.000 
0.019 0.994 0.046 0.988 1.000 
0.013 0.997 0.064 0.988 0.990 
0.020 0.993 0.073 0.988 1.000 
0.016 0.997 0.070 0.988 0.987 
0.031 0.991 0.070 0.980 0.055 
0.030 0.994 0.115 0.983 0.997 
0.022 0.994 0.080 0.985 0.997 
0.024 0.993 0.074 0.980 1.000 
0.028 0.991 0.046 0.988 1.000 
0.019 0.995 0.047 0.985 0.984 
0.017 0.995 0.049 0.988 1.000 
0.019 0.993 0.064 0.983 1.000 
0.012 0.997 0.107 0.965 0.994 
0.020 0.995 0.054 0.988 0.994 
0.024 0.991 0.082 0.973 0.994 
0.033 0.990 0.073 0.980 1.000 
0.014 0.995 0.052 0.988 1.000 
0.031 0.992 0.053 0.985 0.971 
0.020 0.995 0.064 0.983 0.939 
0.019 0.994 0.053 0.988 0.122 
0.021 0.995 0.055 0.988 0.871 
0.016 0.997 0.043 0.988 0.997 
0.020 0.996 0.064 0.985 0.125 
0.018 0.995 0.079 0.980 0.984 
0.016 0.995 0.057 0.988 0.997 
0.011 0.996 0.075 0.985 1.000 
0.025 0.993 0.039 0.988 1.000 
0.021 0.995 0.055 0.985 1.000 
0.024 0.992 0.090 0.968 0.997 
0.021 0.993 0.059 0.983 1.000 
0.013 0.997 0.081 0.980 0.994 
0.014 0.997 0.047 0.988 0.984 
0.013 0.997 0.043 0.988 1.000 
0.009 0.997 0.055 0.988 0.997 
0.022 0.996 0.081 0.983 0.994 
0.018 0.995 0.045 0.988 1.000 
0.017 0.994 0.060 0.983 0.994 
0.017 0.997 0.059 0.985 1.000 
0.018 0.996 0.050 0.985 0.981 
0.017 0.997 0.050 0.985 1.000 
0.022 0.994 0.050 0.988 1.000 
0.023 0.994 0.088 0.978 0.994 
0.018 0.995 0.053 0.985 0.997 
0.007 0.998 0.072 0.985 1.000 
0.020 0.995 0.042 0.988 0.994 
0.024 0.993 0.067 0.983 0.926 
0.024 0.995 0.075 0.988 1.000 
0.020 0.996 0.086 0.985 1.000 
0.043 0.991 0.072 0.980 1.000 
0.020 0.993 0.064 0.983 0.997 
0.015 0.995 0.051 0.988 0.942 
0.014 0.997 0.069 0.983 0.952 
0.016 0.994 0.031 0.988 1.000 
0.017 0.995 0.059 0.985 0.994 
0.018 0.996 0.072 0.983 1.000 
0.017 0.995 0.087 0.975 0.965 
0.024 0.993 0.076 0.980 1.000 
0.012 0.997 0.056 0.985 0.990 
0.017 0.995 0.073 0.980 1.000 
0.015 0.996 0.046 0.988 1.000 
0.014 0.995 0.043 0.988 1.000 
0.021 0.994 0.060 0.988 0.997 
0.017 0.997 0.063 0.988 0.997 
0.022 0.994 0.051 0.988 0.994 
0.015 0.997 0.071 0.983 1.000 
0.023 0.995 0.063 0.988 1.000 
0.014 0.994 0.061 0.985 0.994 
0.022 0.993 0.092 0.973 0.994 
0.018 0.994 0.071 0.988 1.000 
0.019 0.996 0.055 0.988 1.000 
0.020 0.997 0.066 0.988 1.000 
0.010 0.995 0.086 0.980 0.997 
0.019 0.995 0.072 0.983 1.000 
0.021 0.995 0.061 0.985 1.000 
0.020 0.995 0.138 0.958 0.891 
0.013 0.997 0.107 0.985 0.961 
0.017 0.995 0.092 0.975 1.000 
0.025 0.994 0.094 0.983 0.974 
0.031 0.991 0.181 0.950 0.994 
0.018 0.994 0.073 0.978 0.994 
0.016 0.994 0.059 0.983 1.000 
0.016 0.995 0.049 0.988 1.000 
0.018 0.995 0.062 0.988 0.984 
0.013 0.997 0.072 0.988 0.000 
0.017 0.995 0.094 0.983 0.682 
0.014 0.995 0.059 0.988 0.987 
0.017 0.995 0.094 0.973 0.994 
0.019 0.994 0.049 0.988 0.875 
0.010 0.997 0.074 0.980 0.588 
0.027 0.997 0.058 0.985 0.450 
0.017 0.997 0.070 0.988 0.000 
0.010 0.997 0.067 0.988 0.997 
0.024 0.994 0.063 0.980 0.987 
0.015 0.996 0.065 0.983 0.997 
0.015 0.996 0.077 0.985 0.884 
0.018 0.995 0.060 0.988 0.955 
0.014 0.995 0.079 0.980 0.531 
0.017 0.995 0.113 0.965 1.000 
0.014 0.997 0.075 0.978 1.000 
0.013 0.995 0.088 0.978 1.000 
0.018 0.996 0.105 0.983 0.023 
0.034 0.993 0.090 0.980 0.997 
0.026 0.993 0.069 0.980 1.000 
0.009 0.998 0.092 0.975 0.997 
0.020 0.997 0.053 0.988 1.000 
0.016 0.997 0.035 0.988 0.994 
0.009 0.997 0.062 0.985 1.000 
0.036 0.990 0.096 0.980 0.154 
0.016 0.995 0.063 0.985 0.987 
0.011 0.998 0.076 0.983 0.392 
0.014 0.995 0.105 0.980 1.000 
0.018 0.994 0.096 0.968 0.997 
0.013 0.996 0.091 0.985 0.994 
0.014 0.996 0.054 0.985 0.994 
0.026 0.993 0.075 0.980 0.965 
0.011 0.995 0.112 0.983 0.977 
0.011 0.998 0.062 0.988 0.981 
0.032 0.991 0.114 0.963 0.772 
0.015 0.996 0.042 0.988 0.965 
0.022 0.995 0.060 0.980 0.653 
0.021 0.994 0.121 0.985 0.000 
0.018 0.994 0.064 0.985 0.125 
0.030 0.994 0.062 0.983 0.637 
0.017 0.995 0.057 0.985 0.691 
0.015 0.997 0.071 0.983 0.039 
0.010 0.997 0.089 0.985 0.392 
0.025 0.995 0.062 0.983 0.006 
0.014 0.994 0.063 0.985 0.289 
0.017 0.995 0.031 0.988 0.965 
0.013 0.997 0.063 0.980 0.810 
0.015 0.995 0.046 0.988 0.817 
0.019 0.993 0.071 0.985 0.354 
0.016 0.997 0.049 0.985 0.990 
0.019 0.994 0.041 0.988 0.955 
0.009 0.996 0.079 0.985 0.720 
0.050 0.995 0.091 0.980 0.225 
0.022 0.995 0.059 0.983 0.900 
0.023 0.994 0.047 0.985 0.746 
0.022 0.994 0.049 0.985 0.463 
0.011 0.998 0.054 0.988 0.399 
0.018 0.995 0.058 0.983 0.498 
0.013 0.996 0.083 0.985 0.006 
0.013 0.997 0.047 0.988 0.849 
0.018 0.997 0.053 0.983 0.682 
0.010 0.997 0.058 0.983 0.949 
0.013 0.998 0.065 0.985 0.990 
0.006 0.998 0.062 0.985 0.775 
0.015 0.996 0.079 0.980 0.994 
0.011 0.998 0.079 0.985 0.987 
0.025 0.993 0.083 0.973 0.286 
0.014 0.996 0.054 0.988 0.772 
0.013 0.995 0.076 0.980 0.865 
0.014 0.997 0.061 0.985 0.473 
0.017 0.994 0.065 0.988 0.177 
0.022 0.994 0.064 0.983 0.302 
0.016 0.993 0.058 0.988 0.936 
0.015 0.995 0.050 0.988 0.984 
0.015 0.995 0.079 0.988 0.949 
0.008 0.998 0.040 0.988 0.929 
0.016 0.995 0.055 0.988 0.556 
0.012 0.997 0.088 0.988 0.238 
0.015 0.995 0.056 0.988 1.000 
0.010 0.995 0.087 0.988 1.000 
0.018 0.995 0.066 0.983 0.688 
0.050 0.991 0.061 0.985 1.000 
0.018 0.994 0.069 0.985 0.977 
0.021 0.995 0.057 0.988 0.987 
0.026 0.994 0.084 0.973 0.997 
0.016 0.996 0.042 0.988 1.000 
0.014 0.996 0.045 0.988 0.997 
0.007 0.998 0.105 0.988 1.000 
0.025 0.992 0.098 0.980 0.997 
0.018 0.994 0.069 0.985 1.000 
0.012 0.998 0.081 0.983 0.990 
0.021 0.995 0.090 0.978 0.987 
0.016 0.998 0.079 0.978 0.942 
0.018 0.994 0.079 0.983 0.987 
0.021 0.993 0.061 0.988 0.926 
0.020 0.995 0.048 0.988 0.981 
0.021 0.994 0.057 0.985 0.643 
0.015 0.997 0.067 0.985 0.633 
0.016 0.996 0.078 0.980 0.932 
0.008 0.997 0.093 0.985 0.003 
0.017 0.997 0.034 0.993 0.605 
0.013 0.997 0.056 0.988 0.119 
0.037 0.992 0.089 0.975 0.955 
0.020 0.994 0.048 0.988 0.859 
0.020 0.997 0.040 0.988 0.990 
0.015 0.995 0.072 0.978 0.074 
0.012 0.997 0.070 0.983 1.000 
0.006 0.998 0.123 0.988 0.293 
0.011 0.998 0.094 0.978 0.871 
0.029 0.991 0.065 0.985 0.997 
0.015 0.994 0.094 0.978 0.997 
0.022 0.991 0.054 0.985 0.997 
0.018 0.995 0.057 0.983 0.994 
0.024 0.993 0.060 0.983 0.923 
0.022 0.997 0.046 0.988 0.579 
0.014 0.996 0.036 0.988 0.997 
0.022 0.994 0.059 0.983 0.977 
0.012 0.996 0.059 0.980 0.977 
0.027 0.994 0.054 0.985 0.997 
0.014 0.997 0.051 0.988 0.984 
0.005 0.999 0.060 0.988 1.000 
0.013 0.996 0.058 0.988 0.952 
0.031 0.995 0.082 0.973 0.994 
0.030 0.993 0.058 0.983 0.997 
0.009 0.997 0.084 0.980 0.495 
0.013 0.995 0.155 0.973 0.302 
0.012 0.997 0.066 0.988 1.000 
0.009 0.998 0.104 0.980 0.990 
0.011 0.996 0.082 0.980 0.926 
0.018 0.997 0.061 0.988 0.997 
0.017 0.995 0.055 0.985 0.997 
0.017 0.995 0.077 0.983 0.605 
0.011 0.997 0.062 0.983 0.984 
0.011 0.998 0.060 0.988 0.807 
0.014 0.995 0.063 0.988 0.662 
0.016 0.996 0.100 0.968 0.987 
0.007 0.998 0.064 0.983 0.977 
0.019 0.997 0.052 0.985 0.997 
0.011 0.997 0.072 0.985 0.894 
0.016 0.994 0.097 0.970 0.990 
0.012 0.995 0.082 0.983 0.974 
0.010 0.998 0.045 0.988 1.000 
0.008 0.998 0.042 0.988 0.984 
0.019 0.994 0.052 0.983 0.990 
0.024 0.994 0.089 0.980 0.994 
0.014 0.994 0.070 0.983 1.000 
0.020 0.995 0.131 0.958 0.910 
0.015 0.994 0.059 0.983 1.000 
0.016 0.997 0.066 0.985 1.000 
0.018 0.994 0.066 0.985 0.997 
0.008 0.998 0.089 0.978 0.997 
0.019 0.995 0.085 0.973 1.000 
0.016 0.997 0.068 0.983 1.000 
0.012 0.997 0.046 0.988 1.000 
0.017 0.995 0.071 0.983 1.000 
0.013 0.995 0.074 0.983 1.000 
0.013 0.995 0.074 0.983 1.000 
0.003 0.999 0.119 0.988 1.000 
0.022 0.996 0.081 0.980 0.981 
0.031 0.994 0.078 0.983 0.987 
0.011 0.995 0.095 0.978 0.984 
0.013 0.997 0.057 0.985 0.984 
0.010 0.996 0.052 0.985 0.981 
0.014 0.996 0.053 0.988 0.994 
0.008 0.997 0.032 0.988 0.997 
0.018 0.996 0.047 0.985 0.936 
0.034 0.996 0.088 0.973 0.891 
0.012 0.997 0.094 0.980 0.994 
0.023 0.994 0.056 0.983 0.965 
0.014 0.995 0.093 0.968 0.981 
0.012 0.995 0.045 0.985 1.000 
0.009 0.998 0.056 0.985 0.997 
0.015 0.995 0.064 0.980 0.994 
0.019 0.995 0.049 0.985 0.984 
0.011 0.997 0.061 0.985 0.531 
0.013 0.997 0.070 0.978 0.881 
0.012 0.997 0.055 0.983 0.984 
0.011 0.997 0.090 0.983 0.846 
0.010 0.998 0.056 0.988 0.977 
0.018 0.995 0.049 0.985 1.000 
0.019 0.993 0.052 0.985 0.984 
0.013 0.996 0.037 0.988 0.994 
0.006 0.997 0.046 0.988 1.000 
0.011 0.997 0.042 0.988 1.000 
0.016 0.997 0.053 0.985 0.997 
0.010 0.997 0.056 0.988 1.000 
0.022 0.992 0.058 0.985 0.994 
0.014 0.998 0.065 0.983 0.994 
0.014 0.995 0.052 0.985 1.000 
0.013 0.997 0.065 0.985 1.000 
0.006 0.998 0.045 0.988 1.000 
0.012 0.997 0.036 0.988 1.000 
0.011 0.995 0.063 0.983 0.997 
0.020 0.996 0.064 0.983 1.000 
0.014 0.996 0.100 0.975 0.961 
0.022 0.996 0.037 0.988 0.855 
0.011 0.996 0.056 0.988 0.678 
0.025 0.992 0.060 0.983 0.952 
0.014 0.995 0.080 0.983 0.955 
0.012 0.995 0.046 0.985 1.000 
0.006 0.998 0.074 0.988 0.984 
0.019 0.996 0.077 0.975 0.968 
0.014 0.995 0.058 0.985 0.997 
0.010 0.995 0.046 0.985 0.994 
0.011 0.997 0.043 0.988 0.994 
0.010 0.998 0.055 0.988 0.977 
0.019 0.995 0.060 0.985 0.974 
0.010 0.998 0.070 0.980 0.987 
0.013 0.995 0.042 0.988 0.997 
0.013 0.997 0.041 0.988 0.997 
0.016 0.997 0.042 0.988 1.000 
0.020 0.992 0.057 0.985 0.990 
0.018 0.992 0.086 0.973 0.990 
0.014 0.995 0.033 0.990 0.984 
0.009 0.996 0.071 0.985 0.997 
0.028 0.993 0.048 0.988 1.000 
0.015 0.995 0.111 0.985 1.000 
0.031 0.996 0.054 0.985 0.994 
0.017 0.995 0.056 0.985 1.000 
0.014 0.995 0.067 0.983 0.994 
0.015 0.995 0.059 0.983 0.984 
0.012 0.997 0.046 0.988 0.971 
0.008 0.997 0.040 0.988 1.000 
0.016 0.995 0.059 0.988 0.981 
0.025 0.996 0.035 0.988 1.000 
0.008 0.997 0.059 0.988 1.000 
0.013 0.998 0.157 0.985 0.984 
0.036 0.994 0.094 0.978 1.000 
0.019 0.992 0.063 0.988 0.997 
0.013 0.995 0.065 0.985 0.987 
0.013 0.995 0.069 0.983 1.000 
0.011 0.998 0.063 0.985 1.000 
0.013 0.998 0.066 0.985 0.997 
0.012 0.997 0.056 0.988 1.000 
0.015 0.995 0.053 0.988 0.997 
0.033 0.993 0.089 0.970 0.984 
0.011 0.996 0.099 0.985 1.000 
0.028 0.993 0.057 0.985 0.987 
0.011 0.998 0.062 0.985 0.994 
0.014 0.996 0.067 0.985 0.974 
0.010 0.997 0.046 0.988 0.990 
0.007 0.997 0.072 0.985 0.994 
0.012 0.996 0.071 0.985 0.981 
0.026 0.994 0.130 0.960 0.804 
0.027 0.991 0.065 0.985 0.939 
0.005 0.998 0.049 0.988 0.987 
0.013 0.997 0.042 0.988 0.997 
0.019 0.995 0.039 0.988 0.981 
0.014 0.995 0.063 0.985 0.913 
0.016 0.994 0.061 0.988 0.994 
0.010 0.997 0.060 0.988 0.939 
0.020 0.994 0.060 0.988 0.958 
0.004 0.998 0.175 0.988 0.678 
0.016 0.995 0.036 0.988 0.997 
0.013 0.994 0.037 0.988 0.932 
0.023 0.994 0.047 0.988 1.000 
0.014 0.995 0.068 0.983 0.781 
0.016 0.994 0.056 0.985 0.977 
0.019 0.997 0.052 0.985 0.399 
0.015 0.994 0.061 0.985 0.965 
0.010 0.998 0.042 0.988 0.949 
0.022 0.995 0.050 0.985 0.916 
0.010 0.997 0.046 0.988 0.968 
0.008 0.998 0.062 0.988 0.923 
0.024 0.995 0.095 0.980 0.968 
0.016 0.994 0.140 0.975 0.666 
0.016 0.996 0.038 0.985 0.984 
0.013 0.996 0.092 0.988 0.765 
0.028 0.993 0.086 0.985 0.939 
0.030 0.996 0.053 0.988 0.994 
0.014 0.995 0.082 0.980 0.981 
0.011 0.997 0.066 0.985 0.994 
0.021 0.996 0.108 0.963 0.987 
0.018 0.994 0.077 0.980 0.987 
0.010 0.995 0.176 0.983 0.923 
0.027 0.995 0.048 0.988 1.000 
0.009 0.998 0.067 0.985 0.990 
0.008 0.998 0.061 0.988 0.990 
0.018 0.995 0.051 0.988 1.000 
0.010 0.997 0.054 0.988 1.000 
0.012 0.997 0.073 0.985 0.984 
0.013 0.995 0.083 0.985 0.968 
0.014 0.996 0.135 0.983 0.752 
0.021 0.995 0.102 0.970 0.913 
0.011 0.998 0.093 0.985 0.949 
0.017 0.994 0.098 0.985 0.801 
0.020 0.993 0.050 0.985 0.997 
0.012 0.997 0.060 0.985 0.997 
0.011 0.997 0.058 0.988 0.997 
0.013 0.998 0.085 0.988 1.000 
0.014 0.997 0.060 0.988 1.000 
0.022 0.997 0.083 0.985 1.000 
0.013 0.996 0.057 0.985 0.997 
0.024 0.997 0.052 0.988 1.000 
0.012 0.997 0.091 0.978 1.000 
0.006 0.998 0.043 0.988 1.000 
0.017 0.994 0.052 0.985 1.000 
0.004 0.998 0.064 0.988 1.000 
0.014 0.996 0.075 0.988 1.000 
0.016 0.995 0.038 0.993 1.000 
0.030 0.995 0.045 0.988 1.000 
0.007 0.998 0.053 0.988 1.000 
0.011 0.997 0.058 0.988 0.997 
0.018 0.996 0.058 0.985 1.000 
0.013 0.995 0.055 0.988 1.000 
0.021 0.994 0.050 0.985 0.897 
0.011 0.996 0.081 0.980 0.984 
0.019 0.995 0.041 0.988 0.997 
0.010 0.997 0.045 0.988 1.000 
0.014 0.997 0.051 0.988 1.000 
0.019 0.995 0.040 0.990 1.000 
0.018 0.996 0.042 0.990 1.000 
0.024 0.994 0.074 0.983 1.000 
0.011 0.995 0.063 0.988 1.000 
0.013 0.995 0.058 0.985 1.000 
0.029 0.994 0.047 0.988 1.000 
0.010 0.997 0.067 0.988 0.990 
0.013 0.997 0.031 0.990 1.000 
0.002 0.999 0.085 0.988 0.994 
0.020 0.995 0.107 0.985 1.000 
0.011 0.997 0.104 0.983 0.994 
0.009 0.998 0.097 0.983 0.997 
0.016 0.995 0.087 0.985 0.997 
0.019 0.995 0.127 0.978 0.984 
0.028 0.995 0.047 0.988 1.000 
0.015 0.994 0.046 0.988 1.000 
0.028 0.993 0.062 0.985 0.994 
0.008 0.995 0.083 0.980 0.994 
0.017 0.996 0.072 0.980 1.000 
0.012 0.997 0.056 0.985 1.000 
0.016 0.997 0.065 0.980 0.997 
0.011 0.996 0.048 0.985 1.000 
0.009 0.997 0.120 0.980 0.994 
0.016 0.996 0.073 0.985 0.997 
0.012 0.996 0.081 0.978 0.997 
0.011 0.996 0.038 0.988 1.000 
0.010 0.996 0.060 0.988 1.000 
0.012 0.996 0.066 0.985 0.994 
0.015 0.998 0.081 0.978 0.997 
0.015 0.994 0.062 0.985 0.994 
0.013 0.997 0.085 0.973 0.987 
0.010 0.994 0.088 0.975 0.990 
0.017 0.996 0.056 0.985 1.000 
0.015 0.996 0.049 0.983 1.000 
0.014 0.996 0.062 0.983 0.997 
0.009 0.997 0.039 0.988 0.994 
0.018 0.995 0.065 0.985 0.990 
0.012 0.994 0.093 0.980 0.984 
0.006 0.998 0.048 0.988 0.997 
0.011 0.997 0.085 0.980 0.968 
0.015 0.997 0.105 0.985 0.891 
0.009 0.997 0.074 0.988 0.887 
0.011 0.998 0.090 0.983 0.913 
0.010 0.998 0.058 0.988 0.997 
0.016 0.997 0.121 0.983 0.997 
0.006 0.999 0.103 0.988 0.994 
0.016 0.996 0.060 0.988 0.997 
0.043 0.994 0.056 0.985 0.997 
0.009 0.997 0.086 0.983 0.968 
0.034 0.994 0.054 0.988 1.000 
0.008 0.998 0.061 0.983 0.994 
0.006 0.998 0.057 0.983 0.987 
0.009 0.998 0.049 0.988 0.974 
0.010 0.997 0.083 0.983 0.987 
0.019 0.994 0.035 0.993 0.997 
0.015 0.998 0.076 0.983 0.997 
0.015 0.997 0.082 0.983 0.994 
0.014 0.995 0.095 0.973 0.997 
0.010 0.998 0.046 0.988 1.000 
0.025 0.995 0.061 0.985 1.000 
0.017 0.994 0.067 0.983 1.000 
0.007 0.999 0.064 0.983 1.000 
0.007 0.998 0.068 0.983 1.000 
0.032 0.994 0.072 0.980 1.000 
0.023 0.992 0.119 0.965 0.997 
0.015 0.995 0.078 0.980 1.000 
0.019 0.997 0.058 0.985 1.000 
0.009 0.997 0.080 0.985 1.000 
0.010 0.997 0.049 0.988 1.000 
0.019 0.997 0.047 0.988 1.000 
0.025 0.995 0.065 0.985 1.000 
0.013 0.997 0.124 0.958 0.772 
0.008 0.998 0.045 0.988 0.987 
0.012 0.998 0.046 0.988 1.000 
0.018 0.995 0.065 0.988 1.000 
0.052 0.993 0.072 0.988 1.000 
0.013 0.998 0.046 0.988 1.000 
0.015 0.998 0.042 0.988 1.000 
0.022 0.995 0.046 0.985 1.000 
0.013 0.997 0.052 0.988 1.000 
0.008 0.997 0.056 0.988 1.000 
0.009 0.998 0.095 0.980 1.000 
0.004 0.999 0.104 0.985 1.000 
0.018 0.996 0.044 0.988 1.000 
0.009 0.997 0.073 0.980 1.000 
0.007 0.997 0.068 0.988 1.000 
0.022 0.995 0.094 0.980 0.997 
0.010 0.998 0.068 0.985 1.000 
0.016 0.995 0.070 0.985 0.994 
0.011 0.997 0.066 0.983 0.990 
0.011 0.994 0.050 0.988 0.997 
0.006 0.999 0.100 0.973 1.000 
0.010 0.997 0.070 0.985 1.000 
0.015 0.995 0.094 0.973 1.000 
0.014 0.997 0.171 0.985 1.000 
0.013 0.998 0.162 0.963 1.000 
0.012 0.996 0.114 0.970 1.000 
0.009 0.995 0.071 0.985 1.000 
0.020 0.994 0.062 0.985 1.000 
0.009 0.997 0.100 0.988 1.000 
0.021 0.995 0.066 0.985 1.000 
0.040 0.993 0.076 0.985 1.000 
0.014 0.995 0.121 0.985 0.987 
0.019 0.995 0.140 0.975 0.987 
0.034 0.993 0.058 0.985 0.997 
0.011 0.998 0.045 0.988 0.997 
0.014 0.997 0.047 0.988 0.987 
0.017 0.993 0.051 0.985 0.997 
0.019 0.994 0.049 0.988 0.994 
0.011 0.997 0.123 0.965 0.974 
0.012 0.994 0.051 0.985 1.000 
0.027 0.993 0.046 0.988 1.000 
0.009 0.998 0.052 0.988 1.000 
0.012 0.997 0.086 0.980 0.994 
0.016 0.995 0.034 0.993 1.000 
0.014 0.997 0.080 0.978 0.994 
0.014 0.994 0.056 0.985 0.997 
0.029 0.994 0.069 0.985 1.000 
0.020 0.996 0.040 0.988 0.997 
0.011 0.995 0.124 0.983 0.997 
0.008 0.996 0.053 0.985 0.994 
0.008 0.997 0.067 0.988 1.000 
0.012 0.998 0.057 0.988 0.997 
0.013 0.996 0.086 0.988 0.994 
0.019 0.997 0.061 0.988 0.994 
0.012 0.997 0.054 0.988 0.987 
0.012 0.997 0.054 0.988 0.955 
0.013 0.997 0.117 0.973 0.965 
0.015 0.997 0.048 0.985 0.839 
0.018 0.997 0.069 0.985 0.965 
0.018 0.995 0.066 0.988 1.000 
0.010 0.995 0.062 0.988 1.000 
0.007 0.998 0.073 0.983 0.997 
0.013 0.996 0.068 0.983 0.997 
0.019 0.994 0.064 0.980 0.955 
0.016 0.997 0.059 0.985 0.971 
0.015 0.996 0.080 0.978 0.997 
0.010 0.997 0.058 0.988 0.994 
0.006 0.998 0.064 0.988 0.971 
0.009 0.997 0.067 0.985 0.974 
0.013 0.998 0.046 0.985 0.977 
0.008 0.998 0.069 0.988 0.926 
0.023 0.994 0.047 0.988 0.994 
0.007 0.997 0.063 0.988 0.990 
0.009 0.997 0.074 0.988 0.981 
0.013 0.997 0.145 0.978 0.669 
0.021 0.994 0.084 0.983 0.994 
0.014 0.997 0.053 0.988 0.997 
0.003 0.999 0.064 0.988 0.994 
0.011 0.997 0.073 0.988 0.952 
0.011 0.997 0.062 0.988 0.990 
0.015 0.997 0.091 0.988 0.974 
0.017 0.995 0.064 0.983 1.000 
0.012 0.997 0.118 0.970 1.000 
0.017 0.995 0.062 0.988 1.000 
0.006 0.999 0.064 0.988 1.000 
0.015 0.995 0.072 0.985 1.000 
0.011 0.998 0.055 0.988 1.000 
0.024 0.993 0.046 0.985 0.997 
0.019 0.995 0.046 0.988 0.987 
0.006 0.998 0.063 0.988 0.984 
0.021 0.994 0.059 0.988 0.994 
0.010 0.997 0.089 0.980 0.990 
0.026 0.993 0.062 0.988 0.990 
0.009 0.997 0.049 0.985 0.974 
0.018 0.995 0.070 0.983 0.987 
0.012 0.997 0.089 0.988 0.749 
0.018 0.996 0.055 0.985 0.939 
0.018 0.995 0.076 0.980 0.971 
0.008 0.998 0.089 0.980 0.942 
0.010 0.998 0.075 0.985 0.405 
0.021 0.996 0.065 0.988 0.894 
0.026 0.997 0.047 0.988 1.000 
0.020 0.997 0.052 0.988 0.990 
0.028 0.993 0.056 0.985 0.977 
0.012 0.997 0.063 0.985 0.920 
0.013 0.997 0.056 0.985 0.971 
0.013 0.996 0.047 0.985 0.990 
0.016 0.995 0.046 0.985 1.000 
0.009 0.998 0.045 0.985 0.987 
0.006 0.997 0.072 0.985 0.997 
0.010 0.995 0.090 0.980 0.945 
0.010 0.996 0.063 0.985 0.997 
0.021 0.994 0.059 0.988 0.994 
0.025 0.994 0.044 0.988 0.997 
0.008 0.998 0.081 0.983 1.000 
0.017 0.995 0.061 0.988 0.984 
0.002 0.999 0.064 0.988 0.987 
0.017 0.997 0.039 0.988 0.997 
0.017 0.995 0.053 0.983 0.994 
0.015 0.995 0.073 0.983 0.994 
0.020 0.994 0.086 0.988 1.000 
0.009 0.996 0.056 0.988 1.000 
0.015 0.997 0.055 0.988 0.987 
0.016 0.997 0.069 0.983 0.987 
0.008 0.998 0.045 0.988 1.000 
0.013 0.995 0.102 0.983 0.977 
0.017 0.995 0.086 0.980 0.994 
0.017 0.994 0.053 0.988 0.990 
0.013 0.998 0.054 0.988 0.987 
0.010 0.997 0.049 0.988 1.000 
0.011 0.997 0.154 0.980 0.961 
0.024 0.993 0.053 0.988 1.000 
0.020 0.995 0.052 0.988 1.000 
0.015 0.997 0.046 0.988 1.000 
0.012 0.996 0.057 0.985 1.000 
0.012 0.996 0.039 0.988 1.000 
0.022 0.995 0.077 0.980 0.994 
0.016 0.996 0.098 0.985 0.994 
0.021 0.994 0.071 0.985 1.000 
0.004 0.998 0.084 0.985 0.994 
