0.343 0.855 0.179 0.953 0.987 
0.211 0.912 0.171 0.940 0.899 
0.198 0.923 0.104 0.963 0.997 
0.146 0.948 0.219 0.922 0.719 
0.161 0.943 0.122 0.973 1.000 
0.159 0.945 0.141 0.948 0.975 
0.122 0.955 0.082 0.968 0.946 
0.149 0.953 0.057 0.995 1.000 
0.106 0.964 0.053 0.978 0.997 
0.103 0.965 0.049 0.988 1.000 
0.108 0.966 0.052 0.988 1.000 
0.111 0.961 0.050 0.993 0.987 
0.109 0.964 0.071 0.978 0.997 
0.110 0.964 0.068 0.988 1.000 
0.096 0.971 0.065 0.988 0.975 
0.103 0.967 0.058 0.990 0.997 
0.085 0.973 0.060 0.980 0.795 
0.091 0.970 0.049 0.990 1.000 
0.087 0.971 0.047 0.990 1.000 
0.088 0.972 0.039 0.995 0.962 
0.074 0.981 0.057 0.985 1.000 
0.073 0.980 0.082 0.975 1.000 
0.079 0.973 0.036 0.995 1.000 
0.082 0.973 0.032 0.993 1.000 
0.086 0.973 0.087 0.985 1.000 
0.071 0.979 0.095 0.983 1.000 
0.073 0.977 0.049 0.988 1.000 
0.071 0.979 0.061 0.993 0.991 
0.063 0.982 0.047 0.993 1.000 
0.070 0.980 0.036 0.993 1.000 
0.067 0.979 0.058 0.990 1.000 
0.076 0.982 0.056 0.993 1.000 
0.067 0.977 0.041 0.993 0.994 
0.060 0.984 0.044 0.993 1.000 
0.067 0.978 0.065 0.990 1.000 
0.059 0.984 0.058 0.983 1.000 
0.048 0.988 0.035 0.995 1.000 
0.065 0.977 0.050 0.990 1.000 
0.054 0.985 0.033 0.995 1.000 
0.062 0.983 0.077 0.968 1.000 
0.049 0.988 0.071 0.988 1.000 
0.064 0.983 0.041 0.993 1.000 
0.058 0.982 0.043 0.988 0.994 
0.048 0.985 0.053 0.980 1.000 
0.058 0.983 0.039 0.990 0.997 
0.059 0.985 0.079 0.993 1.000 
0.048 0.985 0.050 0.993 1.000 
0.060 0.981 0.046 0.988 0.987 
0.041 0.987 0.042 0.983 1.000 
0.060 0.981 0.026 0.993 1.000 
0.057 0.982 0.030 0.990 0.997 
0.067 0.978 0.025 0.993 1.000 
0.058 0.982 0.023 0.995 0.997 
0.051 0.984 0.024 0.993 1.000 
0.057 0.983 0.061 0.970 1.000 
0.047 0.985 0.053 0.988 0.956 
0.055 0.984 0.049 0.988 0.994 
0.043 0.990 0.028 0.993 1.000 
0.054 0.984 0.049 0.993 1.000 
0.046 0.988 0.041 0.985 1.000 
0.047 0.985 0.025 0.993 0.997 
0.061 0.978 0.078 0.963 1.000 
0.052 0.985 0.039 0.988 1.000 
0.042 0.989 0.038 0.995 1.000 
0.049 0.984 0.039 0.995 1.000 
0.047 0.985 0.037 0.995 1.000 
0.057 0.984 0.037 0.993 0.877 
0.056 0.984 0.026 0.990 0.978 
0.043 0.990 0.051 0.990 1.000 
0.042 0.986 0.052 0.993 1.000 
0.053 0.986 0.053 0.980 1.000 
0.050 0.987 0.127 0.938 1.000 
0.046 0.985 0.048 0.990 0.975 
0.052 0.986 0.042 0.988 1.000 
0.046 0.987 0.046 0.980 1.000 
0.047 0.987 0.043 0.983 1.000 
0.040 0.989 0.042 0.988 1.000 
0.044 0.991 0.077 0.973 0.987 
0.045 0.986 0.069 0.990 1.000 
0.054 0.985 0.085 0.968 1.000 
0.055 0.983 0.059 0.985 1.000 
0.042 0.987 0.039 0.998 1.000 
0.046 0.989 0.050 0.993 1.000 
0.041 0.988 0.054 0.973 1.000 
0.049 0.985 0.057 0.985 0.978 
0.044 0.986 0.042 0.993 1.000 
0.041 0.987 0.028 0.990 0.994 
0.041 0.986 0.056 0.985 1.000 
0.039 0.986 0.036 0.990 0.994 
0.035 0.993 0.037 0.990 1.000 
0.037 0.989 0.038 0.990 1.000 
0.042 0.988 0.032 0.993 1.000 
0.043 0.988 0.040 0.993 1.000 
0.041 0.987 0.080 0.985 1.000 
0.044 0.991 0.042 0.993 0.978 
0.045 0.990 0.040 0.993 0.981 
0.042 0.989 0.028 0.993 1.000 
0.049 0.985 0.032 0.993 0.987 
0.044 0.989 0.070 0.988 1.000 
0.039 0.988 0.032 0.993 1.000 
0.040 0.985 0.033 0.993 1.000 
0.039 0.989 0.068 0.985 1.000 
0.036 0.991 0.036 0.993 1.000 
0.041 0.990 0.035 0.993 1.000 
0.036 0.990 0.044 0.993 1.000 
0.043 0.986 0.024 0.993 1.000 
0.037 0.990 0.034 0.995 1.000 
0.049 0.988 0.030 0.995 0.984 
0.048 0.985 0.044 0.995 1.000 
0.035 0.991 0.034 0.993 0.997 
0.035 0.989 0.029 0.993 1.000 
0.044 0.989 0.058 0.985 1.000 
0.037 0.988 0.039 0.993 0.987 
0.037 0.991 0.022 0.993 0.981 
0.042 0.986 0.074 0.975 1.000 
0.039 0.989 0.030 0.995 1.000 
0.035 0.991 0.048 0.995 1.000 
0.039 0.988 0.029 0.993 0.997 
0.037 0.989 0.036 0.988 0.997 
0.039 0.991 0.046 0.988 1.000 
0.038 0.989 0.048 0.990 1.000 
0.032 0.992 0.048 0.993 1.000 
0.029 0.993 0.026 0.993 0.981 
0.036 0.991 0.034 0.993 1.000 
0.039 0.990 0.040 0.988 1.000 
0.055 0.983 0.025 0.993 1.000 
0.042 0.988 0.053 0.985 1.000 
0.037 0.989 0.022 0.993 0.987 
0.034 0.992 0.072 0.985 1.000 
0.035 0.990 0.040 0.983 0.997 
0.039 0.989 0.034 0.993 1.000 
0.041 0.989 0.039 0.995 0.997 
0.028 0.990 0.040 0.993 1.000 
0.036 0.988 0.027 0.995 0.994 
0.038 0.991 0.025 0.995 1.000 
0.034 0.992 0.030 0.993 1.000 
0.044 0.990 0.029 0.995 0.997 
0.038 0.988 0.027 0.995 0.997 
0.034 0.990 0.017 0.995 0.991 
0.033 0.993 0.035 0.993 1.000 
0.033 0.993 0.044 0.988 1.000 
0.037 0.988 0.039 0.993 0.997 
0.035 0.990 0.033 0.993 0.972 
0.035 0.991 0.030 0.993 0.987 
0.035 0.990 0.031 0.993 1.000 
0.033 0.990 0.031 0.993 0.997 
0.030 0.991 0.055 0.995 1.000 
0.034 0.990 0.029 0.993 0.997 
0.033 0.990 0.032 0.995 0.991 
0.039 0.989 0.015 0.993 1.000 
0.037 0.991 0.030 0.998 1.000 
0.033 0.991 0.040 0.988 0.991 
0.037 0.989 0.020 0.993 1.000 
0.050 0.985 0.028 0.993 0.994 
0.038 0.990 0.038 0.990 0.994 
0.039 0.989 0.032 0.990 0.991 
0.048 0.988 0.032 0.993 1.000 
0.039 0.988 0.037 0.993 0.984 
0.030 0.992 0.028 0.995 1.000 
0.026 0.993 0.043 0.995 0.997 
0.035 0.990 0.025 0.990 0.997 
0.027 0.993 0.027 0.993 1.000 
0.030 0.993 0.033 0.988 1.000 
0.035 0.991 0.079 0.983 1.000 
0.025 0.993 0.028 0.993 1.000 
0.037 0.992 0.033 0.993 1.000 
0.049 0.988 0.034 0.993 0.981 
0.040 0.989 0.023 0.993 1.000 
0.043 0.989 0.027 0.993 0.991 
0.037 0.991 0.040 0.993 0.981 
0.035 0.992 0.040 0.988 0.984 
0.035 0.990 0.024 0.993 0.987 
0.037 0.990 0.027 0.988 1.000 
0.032 0.991 0.035 0.993 1.000 
0.035 0.990 0.027 0.995 0.972 
0.034 0.991 0.019 0.993 0.991 
0.032 0.992 0.071 0.993 0.987 
0.036 0.992 0.042 0.995 1.000 
0.039 0.992 0.038 0.995 0.994 
0.027 0.991 0.061 0.980 1.000 
0.041 0.988 0.016 0.995 1.000 
0.024 0.991 0.035 0.985 1.000 
0.025 0.994 0.025 0.993 0.981 
0.022 0.993 0.025 0.993 0.994 
0.028 0.993 0.038 0.990 1.000 
0.043 0.989 0.020 0.993 1.000 
0.033 0.990 0.056 0.983 1.000 
0.037 0.990 0.038 0.990 1.000 
0.034 0.992 0.021 0.993 0.987 
0.033 0.990 0.019 0.995 1.000 
0.027 0.992 0.032 0.995 0.994 
0.033 0.991 0.019 0.995 0.981 
0.032 0.990 0.046 0.980 0.991 
0.029 0.989 0.025 0.993 1.000 
0.035 0.992 0.029 0.993 0.968 
0.036 0.991 0.045 0.988 1.000 
0.031 0.991 0.023 0.993 0.984 
0.026 0.992 0.024 0.993 0.994 
0.029 0.992 0.027 0.993 1.000 
0.035 0.990 0.028 0.993 1.000 
0.031 0.990 0.041 0.990 1.000 
0.039 0.990 0.033 0.993 1.000 
0.031 0.992 0.043 0.990 1.000 
0.032 0.993 0.030 0.993 1.000 
0.039 0.989 0.043 0.990 1.000 
0.028 0.992 0.025 0.993 0.987 
0.035 0.989 0.029 0.993 1.000 
0.032 0.992 0.040 0.990 1.000 
0.028 0.992 0.037 0.993 1.000 
0.022 0.993 0.028 0.993 1.000 
0.040 0.992 0.047 0.988 1.000 
0.037 0.990 0.029 0.993 1.000 
0.027 0.993 0.027 0.995 0.987 
0.026 0.993 0.036 0.983 1.000 
0.038 0.990 0.022 0.993 0.997 
0.025 0.991 0.035 0.990 1.000 
0.046 0.986 0.036 0.995 0.978 
0.028 0.992 0.023 0.993 0.991 
0.026 0.991 0.026 0.998 0.994 
0.035 0.993 0.031 0.993 0.997 
0.023 0.995 0.027 0.990 1.000 
0.032 0.991 0.026 0.990 1.000 
0.032 0.994 0.023 0.993 1.000 
0.029 0.992 0.134 0.978 0.997 
0.034 0.991 0.043 0.985 1.000 
0.027 0.992 0.015 0.995 0.981 
0.040 0.991 0.030 0.990 0.997 
0.028 0.993 0.023 0.995 0.978 
0.021 0.995 0.039 0.993 0.984 
0.037 0.990 0.027 0.995 0.994 
0.033 0.992 0.026 0.995 1.000 
0.047 0.990 0.030 0.993 1.000 
0.026 0.993 0.036 0.995 0.994 
0.025 0.993 0.029 0.993 0.987 
0.027 0.994 0.040 0.993 0.987 
0.028 0.992 0.027 0.993 0.981 
0.032 0.989 0.029 0.993 1.000 
0.032 0.992 0.034 0.995 0.987 
0.029 0.993 0.045 0.993 1.000 
0.029 0.988 0.022 0.993 0.994 
0.024 0.992 0.032 0.993 0.997 
0.028 0.994 0.029 0.995 1.000 
0.023 0.994 0.022 0.995 0.994 
0.030 0.992 0.054 0.973 0.994 
0.024 0.994 0.030 0.995 1.000 
0.033 0.990 0.017 0.995 1.000 
0.037 0.990 0.019 0.995 0.994 
0.032 0.990 0.023 0.990 1.000 
0.027 0.991 0.020 0.993 1.000 
0.023 0.993 0.032 0.990 1.000 
0.022 0.996 0.019 0.995 0.994 
0.037 0.990 0.058 0.970 1.000 
0.032 0.989 0.031 0.988 1.000 
0.022 0.992 0.024 0.993 1.000 
0.032 0.991 0.039 0.980 1.000 
0.027 0.990 0.020 0.995 0.994 
0.029 0.991 0.032 0.988 1.000 
0.024 0.993 0.028 0.995 1.000 
0.036 0.991 0.051 0.993 1.000 
0.030 0.993 0.039 0.990 1.000 
0.024 0.995 0.027 0.993 1.000 
0.027 0.992 0.028 0.993 1.000 
0.035 0.991 0.030 0.990 1.000 
0.029 0.994 0.019 0.995 0.991 
0.025 0.994 0.023 0.995 1.000 
0.023 0.993 0.030 0.995 1.000 
0.026 0.991 0.021 0.993 1.000 
0.032 0.992 0.027 0.993 0.997 
0.029 0.992 0.033 0.985 0.997 
0.022 0.992 0.016 0.993 1.000 
0.026 0.993 0.021 0.993 0.991 
0.027 0.990 0.020 0.995 0.987 
0.038 0.993 0.034 0.988 0.994 
0.022 0.994 0.018 0.995 1.000 
0.021 0.993 0.021 0.993 0.994 
0.031 0.990 0.030 0.993 0.991 
0.021 0.994 0.019 0.995 0.981 
0.028 0.992 0.019 0.995 0.981 
0.032 0.992 0.024 0.995 1.000 
0.027 0.992 0.022 0.995 0.997 
0.022 0.993 0.017 0.993 1.000 
0.038 0.991 0.028 0.995 0.997 
0.026 0.992 0.029 0.993 0.997 
0.029 0.991 0.023 0.993 0.994 
0.029 0.992 0.026 0.993 1.000 
0.021 0.991 0.029 0.995 0.994 
0.027 0.991 0.018 0.993 0.994 
0.022 0.994 0.027 0.995 0.991 
0.022 0.993 0.027 0.993 1.000 
0.047 0.991 0.056 0.993 1.000 
0.025 0.992 0.024 0.993 1.000 
0.024 0.990 0.018 0.993 0.994 
0.030 0.992 0.015 0.995 0.994 
0.032 0.990 0.022 0.995 0.994 
0.029 0.992 0.051 0.993 0.997 
0.029 0.991 0.023 0.993 1.000 
0.018 0.996 0.028 0.990 0.997 
0.025 0.993 0.044 0.993 0.994 
0.038 0.987 0.029 0.993 1.000 
0.019 0.996 0.039 0.993 1.000 
0.035 0.990 0.026 0.990 0.997 
0.021 0.993 0.020 0.993 1.000 
0.030 0.991 0.030 0.993 0.987 
0.030 0.989 0.032 0.995 0.991 
0.029 0.992 0.032 0.995 0.994 
0.026 0.993 0.026 0.990 1.000 
0.022 0.993 0.023 0.993 1.000 
0.035 0.990 0.026 0.993 0.994 
0.021 0.994 0.045 0.978 0.956 
0.035 0.991 0.030 0.995 1.000 
0.030 0.993 0.024 0.995 0.962 
0.027 0.992 0.021 0.993 0.991 
0.028 0.995 0.016 0.995 0.975 
0.030 0.992 0.026 0.995 0.997 
0.034 0.990 0.028 0.995 0.997 
0.020 0.996 0.021 0.995 0.991 
0.029 0.992 0.022 0.995 0.978 
0.033 0.990 0.030 0.995 0.991 
0.027 0.992 0.026 0.995 0.987 
0.018 0.997 0.025 0.993 0.997 
0.029 0.992 0.026 0.995 1.000 
0.025 0.992 0.024 0.995 0.994 
0.027 0.992 0.025 0.993 1.000 
0.027 0.991 0.021 0.993 0.991 
0.023 0.993 0.018 0.993 0.994 
0.027 0.993 0.030 0.993 0.987 
0.024 0.991 0.025 0.993 0.997 
0.022 0.993 0.020 0.993 0.981 
0.036 0.992 0.050 0.993 1.000 
0.033 0.993 0.039 0.993 0.994 
0.053 0.992 0.031 0.990 0.991 
0.025 0.991 0.032 0.993 1.000 
0.033 0.990 0.020 0.993 1.000 
0.027 0.992 0.030 0.993 1.000 
0.024 0.993 0.024 0.995 1.000 
0.035 0.992 0.018 0.995 0.984 
0.022 0.995 0.024 0.995 0.972 
0.036 0.992 0.027 0.993 1.000 
0.025 0.995 0.022 0.993 0.997 
0.032 0.990 0.014 0.993 1.000 
0.019 0.994 0.016 0.993 0.994 
0.028 0.991 0.021 0.995 0.984 
0.022 0.996 0.018 0.993 0.994 
0.030 0.992 0.036 0.993 1.000 
0.025 0.993 0.019 0.993 1.000 
0.035 0.989 0.025 0.995 0.994 
0.019 0.994 0.018 0.995 0.975 
0.028 0.992 0.024 0.995 0.991 
0.023 0.994 0.017 0.995 0.997 
0.018 0.995 0.027 0.993 1.000 
0.025 0.993 0.023 0.993 1.000 
0.024 0.994 0.028 0.988 0.991 
0.025 0.992 0.018 0.995 0.994 
0.024 0.994 0.019 0.995 1.000 
0.027 0.994 0.021 0.995 1.000 
0.020 0.994 0.022 0.995 1.000 
0.022 0.994 0.028 0.998 1.000 
0.023 0.993 0.014 0.995 1.000 
0.027 0.992 0.016 0.995 0.987 
0.025 0.995 0.025 0.993 0.991 
0.020 0.994 0.020 0.993 1.000 
0.026 0.990 0.021 0.993 1.000 
0.029 0.994 0.021 0.995 0.994 
0.019 0.993 0.008 0.995 0.991 
0.031 0.992 0.047 0.995 0.975 
0.036 0.994 0.020 0.993 0.994 
0.034 0.993 0.014 0.993 0.994 
0.029 0.994 0.024 0.993 0.994 
0.023 0.992 0.021 0.995 0.994 
0.027 0.992 0.029 0.995 0.997 
0.015 0.996 0.023 0.993 1.000 
0.028 0.992 0.028 0.993 1.000 
0.022 0.991 0.019 0.993 0.994 
0.037 0.992 0.029 0.993 1.000 
0.023 0.992 0.018 0.993 1.000 
0.032 0.993 0.019 0.995 1.000 
0.024 0.993 0.029 0.993 1.000 
0.021 0.995 0.017 0.993 1.000 
0.021 0.992 0.018 0.993 1.000 
0.017 0.996 0.018 0.993 1.000 
0.020 0.994 0.036 0.990 1.000 
0.029 0.992 0.015 0.993 1.000 
0.020 0.994 0.024 0.995 0.997 
0.041 0.992 0.022 0.993 1.000 
0.022 0.994 0.019 0.993 0.994 
0.021 0.994 0.014 0.995 1.000 
0.034 0.992 0.019 0.995 1.000 
0.025 0.993 0.015 0.995 0.997 
0.017 0.996 0.016 0.995 0.997 
0.028 0.994 0.024 0.995 0.978 
0.015 0.996 0.019 0.995 0.997 
0.024 0.993 0.021 0.993 1.000 
0.014 0.996 0.035 0.988 0.972 
0.028 0.993 0.020 0.993 1.000 
0.014 0.995 0.014 0.995 1.000 
0.017 0.993 0.025 0.993 1.000 
0.028 0.993 0.023 0.995 1.000 
0.024 0.993 0.028 0.993 1.000 
0.038 0.991 0.024 0.993 0.997 
0.027 0.992 0.052 0.983 1.000 
0.029 0.994 0.023 0.995 0.997 
0.023 0.994 0.021 0.993 1.000 
0.021 0.994 0.012 0.993 0.991 
0.026 0.994 0.014 0.995 0.997 
0.022 0.994 0.030 0.983 0.997 
0.049 0.990 0.031 0.995 0.987 
0.032 0.992 0.013 0.995 0.997 
0.030 0.994 0.018 0.993 1.000 
0.027 0.993 0.031 0.995 1.000 
0.020 0.994 0.016 0.993 0.997 
0.021 0.991 0.020 0.995 1.000 
0.030 0.992 0.018 0.995 0.997 
0.025 0.994 0.021 0.998 0.991 
0.053 0.988 0.026 0.995 1.000 
0.023 0.994 0.014 0.993 1.000 
0.026 0.994 0.022 0.995 0.997 
0.039 0.991 0.026 0.993 1.000 
0.026 0.992 0.032 0.993 0.987 
0.018 0.993 0.019 0.995 1.000 
0.021 0.992 0.019 0.995 1.000 
0.019 0.994 0.018 0.995 1.000 
0.021 0.994 0.026 0.995 1.000 
0.017 0.995 0.026 0.990 0.994 
0.032 0.992 0.015 0.995 0.994 
0.022 0.990 0.013 0.995 0.994 
0.023 0.992 0.023 0.995 0.991 
0.017 0.995 0.021 0.995 0.994 
0.020 0.995 0.015 0.995 0.991 
0.025 0.993 0.026 0.993 0.997 
0.022 0.992 0.013 0.995 0.991 
0.024 0.994 0.014 0.993 0.994 
0.022 0.995 0.025 0.995 0.994 
0.018 0.994 0.032 0.993 0.994 
0.037 0.991 0.026 0.993 0.997 
0.047 0.989 0.025 0.993 0.991 
0.022 0.992 0.016 0.995 0.987 
0.020 0.993 0.016 0.993 0.991 
0.018 0.994 0.025 0.995 0.987 
0.033 0.992 0.034 0.993 0.997 
0.024 0.993 0.021 0.995 0.994 
0.017 0.996 0.021 0.993 0.994 
0.021 0.995 0.024 0.993 0.994 
0.035 0.990 0.017 0.998 0.997 
0.019 0.994 0.015 0.995 1.000 
0.026 0.993 0.021 0.995 1.000 
0.014 0.997 0.021 0.995 0.997 
0.017 0.995 0.016 0.993 0.997 
0.027 0.992 0.022 0.995 1.000 
0.028 0.993 0.015 0.995 0.997 
0.023 0.992 0.019 0.995 1.000 
0.027 0.993 0.018 0.995 0.984 
0.018 0.994 0.024 0.993 0.997 
0.014 0.996 0.016 0.993 0.994 
0.027 0.990 0.023 0.995 0.997 
0.025 0.994 0.025 0.995 0.997 
0.016 0.997 0.029 0.995 0.994 
0.028 0.992 0.024 0.993 1.000 
0.026 0.994 0.029 0.995 0.994 
0.018 0.995 0.019 0.995 0.997 
0.018 0.994 0.026 0.993 0.997 
0.024 0.991 0.024 0.993 0.994 
0.022 0.994 0.023 0.993 1.000 
0.018 0.995 0.027 0.993 0.997 
0.022 0.992 0.032 0.993 0.997 
0.041 0.992 0.020 0.995 0.994 
0.030 0.991 0.022 0.995 0.994 
0.019 0.995 0.025 0.993 1.000 
0.022 0.995 0.009 0.995 1.000 
0.033 0.992 0.092 0.983 1.000 
0.031 0.990 0.027 0.995 0.997 
0.021 0.995 0.026 0.993 1.000 
0.014 0.995 0.017 0.993 1.000 
0.028 0.991 0.015 0.998 0.987 
0.027 0.994 0.016 0.993 1.000 
0.019 0.996 0.012 0.998 1.000 
0.020 0.995 0.013 0.995 0.994 
0.017 0.995 0.022 0.995 0.997 
0.023 0.995 0.019 0.995 1.000 
0.022 0.995 0.018 0.995 1.000 
0.024 0.994 0.050 0.983 1.000 
0.041 0.992 0.023 0.995 1.000 
0.021 0.994 0.016 0.995 1.000 
0.023 0.993 0.019 0.995 1.000 
0.019 0.995 0.014 0.993 1.000 
0.019 0.993 0.014 0.995 0.997 
0.020 0.996 0.015 0.995 1.000 
0.032 0.993 0.058 0.985 1.000 
0.024 0.991 0.029 0.995 1.000 
0.020 0.994 0.017 0.993 0.991 
0.028 0.993 0.019 0.993 0.997 
0.026 0.995 0.030 0.995 1.000 
0.026 0.993 0.048 0.985 1.000 
0.035 0.990 0.016 0.993 1.000 
0.022 0.994 0.021 0.995 1.000 
0.022 0.993 0.031 0.993 0.987 
0.021 0.992 0.011 0.998 1.000 
0.025 0.992 0.014 0.995 1.000 
0.031 0.992 0.013 0.995 0.978 
0.021 0.993 0.016 0.993 0.987 
0.020 0.995 0.024 0.990 1.000 
0.043 0.991 0.024 0.990 1.000 
0.040 0.990 0.021 0.998 1.000 
0.019 0.994 0.022 0.995 1.000 
0.027 0.993 0.015 0.995 1.000 
0.024 0.992 0.018 0.995 1.000 
0.021 0.992 0.015 0.998 0.984 
0.021 0.992 0.017 0.993 0.994 
0.024 0.993 0.022 0.993 0.997 
0.021 0.995 0.015 0.995 0.997 
0.020 0.995 0.020 0.995 0.991 
0.025 0.991 0.021 0.993 1.000 
0.021 0.992 0.027 0.993 1.000 
0.015 0.996 0.029 0.993 1.000 
0.032 0.992 0.025 0.993 1.000 
0.013 0.996 0.029 0.993 1.000 
0.032 0.990 0.027 0.993 1.000 
0.034 0.994 0.014 0.995 1.000 
0.017 0.994 0.016 0.995 1.000 
0.021 0.993 0.022 0.995 0.975 
0.017 0.994 0.023 0.985 1.000 
0.023 0.992 0.013 0.995 1.000 
0.023 0.994 0.017 0.995 0.994 
0.022 0.995 0.022 0.995 0.987 
0.025 0.993 0.026 0.993 1.000 
0.019 0.993 0.018 0.998 1.000 
0.019 0.994 0.024 0.993 1.000 
0.025 0.990 0.028 0.990 1.000 
0.020 0.993 0.015 0.993 1.000 
0.038 0.989 0.014 0.998 0.997 
0.019 0.995 0.018 0.995 1.000 
0.018 0.993 0.015 0.995 1.000 
0.038 0.991 0.021 0.998 1.000 
0.022 0.992 0.018 0.993 0.997 
0.017 0.992 0.010 0.998 1.000 
0.021 0.995 0.024 0.995 0.994 
0.023 0.993 0.011 0.998 1.000 
0.020 0.994 0.007 0.998 0.994 
0.021 0.994 0.014 0.998 0.997 
0.020 0.994 0.024 0.993 1.000 
0.023 0.993 0.017 0.995 1.000 
0.019 0.993 0.014 0.993 0.987 
0.023 0.995 0.015 0.995 0.991 
0.034 0.992 0.012 0.995 0.994 
0.022 0.994 0.014 0.995 1.000 
0.017 0.993 0.036 0.995 1.000 
0.022 0.995 0.018 0.995 1.000 
0.014 0.997 0.010 0.995 1.000 
0.021 0.992 0.015 0.995 0.997 
0.023 0.989 0.011 0.998 1.000 
0.035 0.991 0.015 0.995 1.000 
0.014 0.995 0.062 0.993 1.000 
0.010 0.996 0.070 0.990 1.000 
0.019 0.996 0.007 1.000 1.000 
0.024 0.993 0.019 0.995 1.000 
0.025 0.991 0.014 0.995 1.000 
0.025 0.993 0.016 0.993 1.000 
0.028 0.996 0.020 0.995 1.000 
0.027 0.996 0.023 0.993 1.000 
0.019 0.995 0.033 0.993 1.000 
0.018 0.992 0.015 0.995 1.000 
0.020 0.994 0.024 0.993 1.000 
0.015 0.996 0.021 0.995 1.000 
0.023 0.993 0.033 0.995 1.000 
0.019 0.994 0.013 0.995 0.997 
0.021 0.995 0.019 0.995 1.000 
0.027 0.992 0.019 0.995 1.000 
0.026 0.991 0.024 0.993 1.000 
0.028 0.991 0.019 0.995 1.000 
0.020 0.995 0.023 0.995 0.991 
0.024 0.994 0.025 0.995 0.991 
0.020 0.995 0.015 0.998 1.000 
0.021 0.994 0.017 0.995 1.000 
0.017 0.994 0.009 0.998 0.984 
0.031 0.994 0.012 0.998 1.000 
0.016 0.995 0.026 0.993 1.000 
0.035 0.992 0.019 0.995 0.997 
0.021 0.993 0.018 0.995 1.000 
0.021 0.992 0.013 0.995 0.987 
0.022 0.993 0.016 0.995 1.000 
0.021 0.994 0.017 0.995 0.997 
0.019 0.994 0.038 0.995 1.000 
0.027 0.992 0.022 0.993 1.000 
0.016 0.995 0.021 0.995 0.997 
0.015 0.995 0.041 0.993 1.000 
0.022 0.994 0.019 0.995 1.000 
0.027 0.991 0.028 0.995 0.997 
0.024 0.995 0.014 0.995 0.997 
0.020 0.995 0.051 0.985 0.994 
0.016 0.995 0.018 0.995 0.994 
0.025 0.992 0.018 0.995 1.000 
0.020 0.994 0.022 0.995 1.000 
0.027 0.994 0.028 0.993 0.997 
0.026 0.994 0.017 0.995 1.000 
0.014 0.997 0.011 0.995 1.000 
0.026 0.993 0.021 0.993 1.000 
0.029 0.993 0.033 0.993 0.984 
0.023 0.995 0.022 0.995 1.000 
0.026 0.993 0.049 0.980 0.984 
0.017 0.995 0.012 0.998 1.000 
0.029 0.992 0.026 0.990 1.000 
0.018 0.995 0.028 0.988 0.997 
0.018 0.994 0.023 0.995 1.000 
0.025 0.995 0.025 0.995 1.000 
0.023 0.992 0.029 0.993 1.000 
0.015 0.995 0.023 0.995 1.000 
0.019 0.996 0.015 0.995 1.000 
0.024 0.994 0.017 0.995 0.997 
0.051 0.993 0.024 0.995 1.000 
0.027 0.993 0.021 0.998 0.997 
0.018 0.996 0.024 0.995 0.994 
0.015 0.994 0.009 0.995 1.000 
0.019 0.994 0.017 0.995 1.000 
0.024 0.993 0.013 0.998 1.000 
0.025 0.992 0.011 0.995 0.994 
0.022 0.994 0.014 0.995 0.997 
0.023 0.993 0.013 0.995 0.997 
0.019 0.994 0.025 0.995 0.997 
0.019 0.993 0.019 0.995 1.000 
0.020 0.991 0.014 0.995 1.000 
0.026 0.992 0.024 0.995 0.997 
0.021 0.996 0.015 0.995 0.997 
0.062 0.991 0.018 0.993 1.000 
0.018 0.995 0.031 0.993 1.000 
0.024 0.995 0.028 0.993 1.000 
0.013 0.996 0.010 0.993 0.997 
0.014 0.995 0.024 0.995 1.000 
0.021 0.994 0.012 0.995 1.000 
0.016 0.996 0.017 0.995 1.000 
0.033 0.992 0.028 0.993 0.987 
0.013 0.996 0.018 0.995 0.991 
0.013 0.996 0.020 0.995 0.984 
0.030 0.994 0.023 0.998 0.991 
0.020 0.993 0.009 0.995 1.000 
0.019 0.995 0.013 0.995 1.000 
0.029 0.991 0.012 0.995 1.000 
0.015 0.995 0.050 0.995 1.000 
0.025 0.993 0.017 0.995 1.000 
0.020 0.994 0.018 0.995 0.997 
0.022 0.996 0.017 0.995 0.994 
0.022 0.995 0.017 0.998 1.000 
0.027 0.990 0.015 0.995 0.972 
0.019 0.995 0.009 0.995 1.000 
0.018 0.995 0.015 0.998 1.000 
0.023 0.994 0.018 0.993 1.000 
0.018 0.994 0.021 0.995 1.000 
0.023 0.993 0.028 0.995 1.000 
0.021 0.995 0.018 0.995 1.000 
0.019 0.995 0.021 0.995 1.000 
0.020 0.994 0.024 0.993 1.000 
0.027 0.993 0.023 0.995 0.994 
0.023 0.994 0.012 0.995 0.997 
0.020 0.996 0.032 0.995 0.994 
0.028 0.992 0.022 0.993 1.000 
0.021 0.993 0.018 0.995 1.000 
0.022 0.995 0.018 0.995 0.994 
0.015 0.995 0.027 0.995 1.000 
0.024 0.995 0.026 0.995 1.000 
0.013 0.997 0.015 0.998 1.000 
0.035 0.991 0.023 0.995 1.000 
0.018 0.995 0.017 0.993 1.000 
0.015 0.997 0.016 0.993 0.997 
0.020 0.995 0.024 0.993 1.000 
0.017 0.995 0.022 0.995 1.000 
0.020 0.995 0.026 0.993 1.000 
0.018 0.995 0.018 0.995 1.000 
0.021 0.994 0.021 0.993 1.000 
0.018 0.994 0.015 0.993 1.000 
0.021 0.992 0.009 0.998 1.000 
0.023 0.990 0.023 0.993 1.000 
0.015 0.996 0.011 0.998 0.991 
0.033 0.993 0.006 0.998 1.000 
0.022 0.995 0.018 0.995 1.000 
0.018 0.995 0.014 0.995 1.000 
0.012 0.995 0.007 0.998 1.000 
0.027 0.994 0.027 0.995 1.000 
0.023 0.994 0.056 0.993 1.000 
0.024 0.992 0.019 0.995 1.000 
0.014 0.994 0.025 0.993 1.000 
0.011 0.996 0.016 0.995 1.000 
0.026 0.994 0.026 0.995 0.994 
0.029 0.993 0.021 0.995 1.000 
0.027 0.992 0.027 0.990 1.000 
0.021 0.995 0.016 0.995 1.000 
0.012 0.997 0.017 0.998 1.000 
0.023 0.993 0.014 0.995 1.000 
0.022 0.994 0.041 0.980 1.000 
0.029 0.992 0.024 0.995 1.000 
0.027 0.993 0.025 0.993 1.000 
0.017 0.993 0.015 0.995 1.000 
0.025 0.992 0.022 0.993 1.000 
0.020 0.993 0.015 0.993 1.000 
0.019 0.993 0.014 0.998 1.000 
0.024 0.993 0.021 0.995 1.000 
0.017 0.995 0.024 0.993 0.997 
0.020 0.992 0.024 0.990 0.997 
0.023 0.994 0.019 0.993 1.000 
0.022 0.993 0.016 0.995 1.000 
0.030 0.994 0.014 0.995 1.000 
0.017 0.995 0.017 0.995 1.000 
0.037 0.993 0.039 0.988 0.997 
0.019 0.996 0.025 0.990 1.000 
0.024 0.995 0.012 0.998 1.000 
0.015 0.995 0.013 0.995 1.000 
0.021 0.996 0.016 0.998 1.000 
0.020 0.995 0.013 0.998 1.000 
0.012 0.997 0.025 0.993 1.000 
0.017 0.995 0.013 0.990 1.000 
0.030 0.992 0.037 0.990 1.000 
0.033 0.991 0.063 0.973 0.994 
0.018 0.995 0.019 0.995 1.000 
0.014 0.996 0.017 0.995 0.997 
0.019 0.994 0.041 0.980 0.981 
0.014 0.995 0.014 0.995 0.997 
0.016 0.995 0.018 0.995 1.000 
0.013 0.996 0.021 0.995 1.000 
0.017 0.996 0.019 0.993 0.997 
0.016 0.993 0.019 0.993 0.994 
0.027 0.993 0.017 0.995 1.000 
0.018 0.995 0.031 0.988 1.000 
0.016 0.995 0.010 0.998 0.997 
0.014 0.995 0.019 0.995 0.997 
0.023 0.993 0.018 0.995 0.991 
0.021 0.993 0.013 0.995 0.994 
0.026 0.991 0.017 0.995 0.987 
0.022 0.994 0.022 0.995 1.000 
0.028 0.991 0.029 0.998 1.000 
0.012 0.997 0.033 0.993 0.994 
0.025 0.993 0.015 0.995 1.000 
0.023 0.993 0.024 0.995 0.997 
0.018 0.995 0.033 0.993 1.000 
0.016 0.994 0.011 0.995 0.994 
0.013 0.997 0.022 0.995 0.987 
0.013 0.996 0.015 0.995 1.000 
0.017 0.995 0.019 0.995 0.991 
0.035 0.992 0.021 0.993 1.000 
0.019 0.995 0.020 0.995 0.987 
0.012 0.995 0.011 0.995 0.991 
0.032 0.990 0.017 0.995 1.000 
0.045 0.993 0.008 0.995 0.997 
0.017 0.995 0.020 0.995 1.000 
0.016 0.995 0.017 0.995 1.000 
0.017 0.996 0.020 0.995 1.000 
0.011 0.995 0.021 0.995 1.000 
0.020 0.993 0.028 0.993 1.000 
0.021 0.994 0.013 0.995 1.000 
0.017 0.995 0.032 0.993 1.000 
0.019 0.992 0.020 0.995 1.000 
0.011 0.996 0.021 0.995 1.000 
0.015 0.994 0.016 0.995 1.000 
0.019 0.994 0.020 0.995 1.000 
0.022 0.994 0.021 0.995 1.000 
0.023 0.995 0.017 0.995 1.000 
0.018 0.996 0.018 0.995 1.000 
0.019 0.993 0.023 0.995 1.000 
0.019 0.993 0.016 0.995 1.000 
0.022 0.994 0.047 0.980 1.000 
0.012 0.996 0.038 0.990 1.000 
0.024 0.993 0.044 0.988 1.000 
0.025 0.992 0.017 0.995 1.000 
0.019 0.995 0.014 0.995 1.000 
0.019 0.996 0.023 0.995 1.000 
0.019 0.994 0.015 0.995 1.000 
0.018 0.994 0.057 0.980 1.000 
0.021 0.996 0.020 0.995 0.997 
0.022 0.995 0.047 0.980 1.000 
0.020 0.994 0.018 0.995 0.997 
0.020 0.992 0.023 0.993 1.000 
0.023 0.993 0.024 0.993 1.000 
0.016 0.995 0.019 0.995 1.000 
0.022 0.992 0.035 0.993 0.997 
0.015 0.994 0.032 0.995 1.000 
0.015 0.996 0.020 0.995 1.000 
0.014 0.995 0.013 0.995 1.000 
0.020 0.994 0.036 0.988 0.997 
0.012 0.996 0.080 0.963 1.000 
0.031 0.992 0.065 0.970 0.997 
0.022 0.995 0.024 0.995 1.000 
0.014 0.996 0.016 0.995 1.000 
0.012 0.997 0.018 0.995 1.000 
0.011 0.997 0.027 0.993 1.000 
0.032 0.993 0.017 0.995 1.000 
0.020 0.996 0.013 0.995 1.000 
0.015 0.994 0.013 0.995 0.991 
0.018 0.995 0.019 0.995 1.000 
0.019 0.994 0.020 0.995 1.000 
0.015 0.996 0.017 0.995 1.000 
0.013 0.995 0.017 0.993 1.000 
0.023 0.994 0.014 0.993 1.000 
0.015 0.994 0.025 0.995 0.968 
0.025 0.993 0.019 0.993 1.000 
0.019 0.994 0.022 0.995 0.997 
0.018 0.995 0.018 0.995 1.000 
0.033 0.991 0.014 0.995 1.000 
0.023 0.992 0.015 0.995 1.000 
0.021 0.995 0.015 0.995 1.000 
0.015 0.996 0.019 0.995 1.000 
0.019 0.994 0.023 0.995 1.000 
0.012 0.996 0.012 0.998 0.994 
0.018 0.993 0.017 0.995 1.000 
0.024 0.993 0.039 0.988 1.000 
0.016 0.995 0.017 0.998 1.000 
0.038 0.993 0.015 0.998 0.997 
0.016 0.995 0.022 0.995 0.994 
0.017 0.994 0.018 0.995 1.000 
0.018 0.993 0.043 0.990 1.000 
0.019 0.995 0.017 0.995 1.000 
0.011 0.997 0.012 0.995 1.000 
0.018 0.995 0.033 0.990 0.987 
0.028 0.994 0.016 0.995 1.000 
0.018 0.994 0.016 0.995 1.000 
0.019 0.994 0.021 0.995 1.000 
0.055 0.993 0.013 0.995 1.000 
0.021 0.994 0.017 0.995 1.000 
0.015 0.995 0.020 0.995 1.000 
0.026 0.993 0.014 0.995 1.000 
0.022 0.992 0.020 0.995 1.000 
0.022 0.994 0.025 0.995 1.000 
0.019 0.993 0.014 0.995 1.000 
0.018 0.992 0.018 0.995 0.997 
0.013 0.996 0.031 0.995 0.991 
0.019 0.995 0.018 0.995 1.000 
0.032 0.991 0.018 0.995 1.000 
0.019 0.993 0.016 0.995 0.997 
0.023 0.993 0.043 0.995 0.994 
0.025 0.993 0.021 0.995 0.991 
0.021 0.995 0.014 0.995 1.000 
0.024 0.994 0.016 0.995 0.997 
0.023 0.995 0.020 0.995 0.997 
0.027 0.991 0.016 0.995 1.000 
0.012 0.996 0.013 0.995 1.000 
0.018 0.996 0.017 0.995 1.000 
0.018 0.994 0.014 0.995 0.984 
0.012 0.996 0.013 0.995 0.997 
0.025 0.994 0.016 0.995 1.000 
0.025 0.994 0.016 0.993 1.000 
0.013 0.995 0.006 0.998 1.000 
0.021 0.996 0.013 0.995 1.000 
0.030 0.992 0.019 0.995 1.000 
0.015 0.996 0.014 0.995 1.000 
0.023 0.993 0.014 0.995 1.000 
0.023 0.996 0.018 0.995 1.000 
0.016 0.996 0.009 0.995 1.000 
0.013 0.995 0.012 0.995 0.997 
0.018 0.994 0.013 0.995 0.991 
0.022 0.993 0.012 0.995 1.000 
0.028 0.991 0.018 0.995 1.000 
0.014 0.994 0.015 0.993 1.000 
0.015 0.994 0.014 0.995 1.000 
0.014 0.995 0.016 0.995 1.000 
0.021 0.993 0.016 0.995 1.000 
0.021 0.994 0.026 0.993 0.987 
0.038 0.993 0.026 0.995 0.994 
0.031 0.991 0.035 0.988 1.000 
0.015 0.995 0.022 0.995 1.000 
0.015 0.995 0.030 0.993 0.991 
0.017 0.995 0.011 0.995 0.994 
0.019 0.993 0.018 0.995 1.000 
0.019 0.993 0.006 0.998 1.000 
0.013 0.997 0.012 0.995 1.000 
0.019 0.993 0.028 0.995 0.997 
0.019 0.996 0.018 0.995 0.997 
0.023 0.994 0.010 0.998 1.000 
0.034 0.993 0.024 0.995 0.987 
0.016 0.996 0.011 0.995 0.997 
0.023 0.993 0.010 0.995 1.000 
0.021 0.993 0.027 0.995 1.000 
0.020 0.992 0.012 0.995 1.000 
0.017 0.995 0.018 0.995 1.000 
0.022 0.994 0.012 0.995 1.000 
0.016 0.993 0.015 0.995 0.997 
0.014 0.994 0.008 0.998 0.994 
0.013 0.994 0.015 0.995 1.000 
0.019 0.994 0.073 0.970 1.000 
0.028 0.993 0.012 0.998 0.997 
0.013 0.996 0.020 0.995 1.000 
0.012 0.997 0.024 0.993 0.997 
0.022 0.995 0.017 0.995 0.994 
0.023 0.991 0.019 0.995 0.991 
0.023 0.994 0.026 0.990 1.000 
0.032 0.993 0.012 0.995 1.000 
0.025 0.994 0.023 0.993 1.000 
0.022 0.993 0.016 0.995 0.997 
0.012 0.996 0.007 0.998 1.000 
0.020 0.993 0.021 0.995 0.994 
0.014 0.996 0.029 0.990 1.000 
0.020 0.994 0.016 0.998 1.000 
0.018 0.993 0.023 0.995 0.994 
0.022 0.993 0.021 0.995 1.000 
0.022 0.993 0.022 0.995 1.000 
0.021 0.996 0.017 0.995 0.987 
0.019 0.992 0.019 0.995 1.000 
0.023 0.994 0.026 0.993 1.000 
0.023 0.996 0.036 0.993 1.000 
0.010 0.996 0.013 0.995 0.994 
0.013 0.995 0.015 0.995 0.994 
0.020 0.994 0.017 0.995 0.997 
0.017 0.994 0.020 0.993 1.000 
0.015 0.995 0.027 0.995 1.000 
0.015 0.994 0.014 0.998 1.000 
0.034 0.994 0.022 0.998 1.000 
0.013 0.995 0.022 0.995 0.965 
0.019 0.995 0.020 0.995 0.997 
0.013 0.995 0.019 0.995 1.000 
0.016 0.995 0.009 1.000 1.000 
0.030 0.992 0.014 0.995 0.997 
0.018 0.994 0.019 0.995 1.000 
0.013 0.998 0.021 0.995 1.000 
0.008 0.997 0.009 0.998 1.000 
0.021 0.992 0.030 0.993 0.997 
0.020 0.995 0.014 0.998 1.000 
0.023 0.993 0.039 0.985 1.000 
0.007 0.998 0.021 0.995 1.000 
0.025 0.992 0.016 0.995 1.000 
0.012 0.995 0.027 0.995 1.000 
0.039 0.994 0.023 0.995 1.000 
0.032 0.994 0.035 0.988 1.000 
0.026 0.993 0.014 0.995 1.000 
0.020 0.994 0.022 0.995 1.000 
0.023 0.994 0.016 0.995 1.000 
0.012 0.996 0.021 0.995 0.997 
0.020 0.995 0.019 0.995 1.000 
0.024 0.991 0.026 0.993 1.000 
0.020 0.994 0.026 0.995 1.000 
0.019 0.995 0.022 0.993 1.000 
0.015 0.996 0.011 0.998 1.000 
0.018 0.995 0.030 0.995 1.000 
0.014 0.996 0.018 0.995 1.000 
0.013 0.996 0.009 0.995 1.000 
0.015 0.996 0.017 0.995 1.000 
0.015 0.995 0.011 0.995 1.000 
0.016 0.995 0.020 0.993 0.994 
0.031 0.993 0.014 0.995 1.000 
0.023 0.995 0.010 0.995 1.000 
0.007 0.998 0.017 0.995 0.997 
0.018 0.994 0.008 0.995 1.000 
0.020 0.993 0.011 0.998 1.000 
0.038 0.991 0.168 0.915 0.950 
0.017 0.996 0.014 0.998 1.000 
0.016 0.994 0.027 0.993 1.000 
0.012 0.996 0.017 0.995 1.000 
0.023 0.994 0.014 0.995 1.000 
0.016 0.994 0.028 0.990 0.994 
0.035 0.995 0.065 0.985 1.000 
0.022 0.993 0.013 0.995 1.000 
0.025 0.992 0.019 0.993 1.000 
0.018 0.994 0.013 0.998 1.000 
0.015 0.994 0.005 0.998 1.000 
0.010 0.997 0.011 0.995 1.000 
0.018 0.994 0.017 0.995 1.000 
0.022 0.994 0.020 0.993 1.000 
0.028 0.993 0.019 0.995 0.991 
0.022 0.993 0.023 0.993 1.000 
0.018 0.994 0.357 0.983 1.000 
0.017 0.996 0.016 0.993 1.000 
0.028 0.993 0.028 0.995 1.000 
0.027 0.994 0.018 0.998 1.000 
0.027 0.993 0.002 1.000 0.997 
0.021 0.995 0.020 0.995 1.000 
0.027 0.996 0.017 0.995 1.000 
0.008 0.997 0.025 0.995 1.000 
0.016 0.994 0.021 0.993 1.000 
0.011 0.997 0.013 0.995 1.000 
0.017 0.994 0.016 0.995 1.000 
0.024 0.992 0.037 0.990 1.000 
0.012 0.996 0.015 0.995 1.000 
0.011 0.997 0.010 0.995 1.000 
0.020 0.993 0.039 0.983 1.000 
0.018 0.994 0.052 0.988 1.000 
0.018 0.994 0.023 0.995 1.000 
0.029 0.995 0.014 0.995 1.000 
0.016 0.996 0.013 0.995 1.000 
0.023 0.993 0.017 0.995 1.000 
0.021 0.994 0.018 0.995 1.000 
0.018 0.994 0.022 0.995 1.000 
0.039 0.995 0.015 0.995 1.000 
0.023 0.994 0.021 0.995 1.000 
0.020 0.995 0.023 0.995 1.000 
0.007 0.997 0.019 0.993 1.000 
0.017 0.996 0.024 0.993 1.000 
0.013 0.996 0.017 0.995 1.000 
0.020 0.993 0.015 0.995 1.000 
0.022 0.994 0.015 0.995 1.000 
0.012 0.996 0.016 0.995 1.000 
0.021 0.993 0.017 0.995 1.000 
0.010 0.997 0.012 0.998 1.000 
0.023 0.994 0.010 0.995 1.000 
0.023 0.991 0.018 0.993 1.000 
0.020 0.995 0.025 0.993 1.000 
0.021 0.995 0.015 0.995 1.000 
0.024 0.992 0.015 0.995 1.000 
0.029 0.992 0.021 0.995 1.000 
0.014 0.994 0.015 0.995 1.000 
0.010 0.996 0.017 0.995 1.000 
0.013 0.996 0.020 0.995 1.000 
0.013 0.996 0.022 0.995 1.000 
0.028 0.990 0.022 0.995 1.000 
0.013 0.996 0.024 0.993 1.000 
0.049 0.995 0.020 0.995 1.000 
0.008 0.998 0.011 0.998 1.000 
0.023 0.995 0.026 0.990 1.000 
