0.298 0.887 0.234 0.915 1.000 
0.189 0.939 0.161 0.945 1.000 
0.170 0.944 0.178 0.955 1.000 
0.135 0.963 0.152 0.940 1.000 
0.120 0.961 0.136 0.950 1.000 
0.121 0.964 0.124 0.948 1.000 
0.116 0.960 0.125 0.965 1.000 
0.095 0.970 0.128 0.950 1.000 
0.102 0.968 0.174 0.935 0.985 
0.075 0.975 0.108 0.970 1.000 
0.078 0.976 0.100 0.968 1.000 
0.075 0.977 0.113 0.958 1.000 
0.073 0.978 0.110 0.968 1.000 
0.069 0.976 0.085 0.968 1.000 
0.065 0.980 0.109 0.955 1.000 
0.070 0.980 0.102 0.973 1.000 
0.074 0.980 0.092 0.975 1.000 
0.068 0.979 0.104 0.960 1.000 
0.066 0.980 0.102 0.960 0.670 
0.068 0.980 0.111 0.958 1.000 
0.065 0.980 0.081 0.975 0.931 
0.061 0.983 0.102 0.955 0.996 
0.058 0.982 0.080 0.980 0.625 
0.043 0.986 0.088 0.970 1.000 
0.066 0.978 0.108 0.960 0.728 
0.049 0.986 0.102 0.960 0.636 
0.047 0.989 0.101 0.958 0.923 
0.057 0.984 0.189 0.940 0.008 
0.055 0.985 0.073 0.975 0.939 
0.051 0.984 0.107 0.960 0.912 
0.046 0.985 0.107 0.955 0.996 
0.053 0.982 0.123 0.953 1.000 
0.052 0.986 0.089 0.973 0.996 
0.047 0.988 0.113 0.958 1.000 
0.060 0.984 0.079 0.973 1.000 
0.049 0.986 0.091 0.965 0.609 
0.057 0.985 0.081 0.975 1.000 
0.045 0.990 0.113 0.963 0.720 
0.050 0.986 0.125 0.950 1.000 
0.052 0.984 0.089 0.978 0.958 
0.044 0.989 0.140 0.940 1.000 
0.045 0.989 0.161 0.948 1.000 
0.045 0.988 0.136 0.945 1.000 
0.034 0.992 0.087 0.975 0.881 
0.046 0.988 0.097 0.973 1.000 
0.047 0.987 0.084 0.970 1.000 
0.046 0.988 0.112 0.950 1.000 
0.043 0.985 0.129 0.948 1.000 
0.045 0.988 0.101 0.973 1.000 
0.044 0.989 0.082 0.983 1.000 
0.047 0.988 0.094 0.965 1.000 
0.043 0.987 0.099 0.965 0.782 
0.040 0.987 0.092 0.975 0.713 
0.038 0.992 0.107 0.955 0.996 
0.041 0.989 0.082 0.970 1.000 
0.048 0.986 0.071 0.978 0.996 
0.045 0.989 0.087 0.968 0.996 
0.044 0.986 0.093 0.965 1.000 
0.037 0.989 0.113 0.955 0.996 
0.041 0.986 0.093 0.968 0.130 
0.042 0.990 0.095 0.968 0.996 
0.040 0.989 0.114 0.955 1.000 
0.035 0.992 0.131 0.948 0.996 
0.039 0.988 0.064 0.975 0.701 
0.041 0.991 0.082 0.973 0.920 
0.048 0.983 0.078 0.973 0.996 
0.038 0.990 0.093 0.960 0.992 
0.034 0.992 0.080 0.978 0.927 
0.049 0.984 0.107 0.958 0.908 
0.045 0.988 0.078 0.980 1.000 
0.036 0.992 0.077 0.975 0.337 
0.040 0.988 0.067 0.978 0.992 
0.034 0.991 0.130 0.948 0.989 
0.043 0.987 0.118 0.950 0.989 
0.035 0.992 0.119 0.953 0.996 
0.044 0.985 0.134 0.943 0.989 
0.041 0.990 0.145 0.938 0.996 
0.037 0.991 0.138 0.945 0.996 
0.036 0.989 0.104 0.960 0.992 
0.033 0.992 0.071 0.983 1.000 
0.040 0.990 0.131 0.950 0.996 
0.042 0.991 0.088 0.975 0.387 
0.039 0.988 0.095 0.960 1.000 
0.032 0.993 0.076 0.975 0.257 
0.038 0.992 0.110 0.948 0.992 
0.036 0.989 0.190 0.938 0.640 
0.040 0.991 0.069 0.978 0.138 
0.038 0.990 0.103 0.955 0.674 
0.038 0.989 0.089 0.958 0.958 
0.034 0.992 0.105 0.960 0.916 
0.034 0.991 0.102 0.955 0.992 
0.036 0.990 0.109 0.955 0.858 
0.030 0.993 0.104 0.955 0.759 
0.040 0.989 0.080 0.968 0.996 
0.030 0.992 0.066 0.978 0.513 
0.030 0.992 0.074 0.975 0.272 
0.042 0.991 0.096 0.960 1.000 
0.038 0.991 0.089 0.965 0.992 
0.034 0.990 0.089 0.968 0.479 
0.027 0.994 0.081 0.973 0.123 
0.033 0.992 0.127 0.948 0.728 
0.037 0.991 0.093 0.968 0.720 
0.040 0.989 0.093 0.968 1.000 
0.041 0.989 0.076 0.965 1.000 
0.032 0.992 0.071 0.975 0.996 
0.031 0.993 0.093 0.960 1.000 
0.036 0.989 0.122 0.955 0.962 
0.038 0.989 0.162 0.940 0.996 
0.029 0.992 0.243 0.920 0.962 
0.032 0.994 0.078 0.975 0.123 
0.031 0.993 0.108 0.958 0.743 
0.031 0.991 0.216 0.940 0.966 
0.031 0.992 0.124 0.953 0.985 
0.040 0.990 0.148 0.953 0.992 
0.025 0.993 0.080 0.973 0.981 
0.034 0.991 0.097 0.958 0.943 
0.035 0.991 0.116 0.953 0.996 
0.033 0.992 0.103 0.958 0.847 
0.042 0.990 0.097 0.968 1.000 
0.028 0.993 0.121 0.953 0.996 
0.030 0.992 0.093 0.965 1.000 
0.034 0.992 0.120 0.955 0.996 
0.027 0.993 0.172 0.943 1.000 
0.028 0.994 0.119 0.955 1.000 
0.027 0.994 0.171 0.935 0.992 
0.029 0.992 0.072 0.975 1.000 
0.030 0.993 0.155 0.945 0.992 
0.029 0.992 0.105 0.950 0.996 
0.030 0.994 0.106 0.948 0.931 
0.035 0.993 0.145 0.950 0.529 
0.035 0.992 0.115 0.953 0.992 
0.034 0.994 0.072 0.978 1.000 
0.043 0.988 0.116 0.948 0.996 
0.032 0.992 0.148 0.943 0.996 
0.037 0.990 0.090 0.963 0.996 
0.028 0.994 0.209 0.917 0.989 
0.038 0.988 0.109 0.960 0.720 
0.039 0.990 0.114 0.955 0.996 
0.030 0.991 0.069 0.975 0.966 
0.028 0.993 0.187 0.935 1.000 
0.021 0.993 0.125 0.958 0.996 
0.039 0.990 0.097 0.963 0.655 
0.027 0.994 0.147 0.945 0.958 
0.026 0.995 0.150 0.950 0.985 
0.040 0.991 0.145 0.945 0.674 
0.037 0.990 0.130 0.945 0.958 
0.034 0.990 0.105 0.955 0.858 
0.035 0.992 0.084 0.968 0.992 
0.029 0.991 0.107 0.953 0.644 
0.030 0.993 0.084 0.965 0.966 
0.022 0.995 0.157 0.935 0.000 
0.037 0.991 0.120 0.953 0.299 
0.035 0.992 0.090 0.965 0.989 
0.028 0.993 0.083 0.973 0.966 
0.031 0.994 0.112 0.953 0.602 
0.032 0.991 0.114 0.953 0.989 
0.026 0.993 0.099 0.953 0.862 
0.028 0.992 0.108 0.955 0.989 
0.035 0.991 0.086 0.960 0.904 
0.029 0.993 0.096 0.958 0.797 
0.032 0.993 0.147 0.953 0.923 
0.033 0.992 0.084 0.968 0.751 
0.034 0.994 0.081 0.968 0.483 
0.033 0.992 0.060 0.978 0.705 
0.033 0.993 0.150 0.940 0.207 
0.025 0.994 0.161 0.950 0.992 
0.038 0.991 0.104 0.968 0.973 
0.027 0.992 0.202 0.930 0.966 
0.029 0.992 0.145 0.943 0.985 
0.027 0.992 0.121 0.955 0.418 
0.024 0.995 0.133 0.943 0.161 
0.026 0.993 0.139 0.948 0.912 
0.026 0.994 0.083 0.973 1.000 
0.033 0.992 0.113 0.953 0.992 
0.040 0.988 0.147 0.943 1.000 
0.026 0.994 0.088 0.968 0.996 
0.033 0.994 0.088 0.965 0.992 
0.032 0.992 0.113 0.950 1.000 
0.031 0.992 0.103 0.960 0.724 
0.030 0.992 0.194 0.938 0.992 
0.029 0.993 0.112 0.953 0.992 
0.025 0.992 0.112 0.953 0.954 
0.035 0.992 0.112 0.955 0.989 
0.031 0.990 0.087 0.963 0.992 
0.032 0.993 0.111 0.958 0.989 
0.028 0.993 0.115 0.948 0.992 
0.021 0.992 0.102 0.973 0.989 
0.033 0.991 0.105 0.960 0.973 
0.030 0.992 0.110 0.955 0.904 
0.029 0.994 0.147 0.945 0.958 
0.023 0.995 0.146 0.948 0.992 
0.023 0.994 0.145 0.945 0.989 
0.036 0.990 0.147 0.940 0.230 
0.024 0.993 0.089 0.960 0.996 
0.032 0.991 0.096 0.955 0.992 
0.024 0.994 0.108 0.958 1.000 
0.031 0.992 0.123 0.953 0.996 
0.031 0.992 0.164 0.930 0.992 
0.037 0.992 0.104 0.958 0.966 
0.025 0.992 0.114 0.953 0.992 
0.025 0.992 0.189 0.948 0.992 
0.030 0.992 0.122 0.955 1.000 
0.031 0.991 0.088 0.958 0.985 
0.025 0.993 0.143 0.945 0.996 
0.022 0.993 0.137 0.943 0.881 
0.034 0.991 0.124 0.948 0.992 
0.024 0.994 0.144 0.940 0.992 
0.019 0.995 0.170 0.945 1.000 
0.058 0.991 0.177 0.920 0.962 
0.021 0.994 0.137 0.958 0.996 
0.045 0.990 0.095 0.960 0.789 
0.026 0.994 0.101 0.960 0.996 
0.022 0.995 0.092 0.970 0.992 
0.023 0.995 0.074 0.973 1.000 
0.025 0.993 0.131 0.953 1.000 
0.021 0.995 0.066 0.978 0.992 
0.032 0.989 0.084 0.965 0.996 
0.029 0.990 0.100 0.960 0.996 
0.023 0.993 0.167 0.940 0.966 
0.023 0.993 0.180 0.935 0.950 
0.022 0.995 0.159 0.938 0.739 
0.019 0.995 0.108 0.965 0.766 
0.034 0.992 0.192 0.935 0.992 
0.050 0.992 0.170 0.927 0.992 
0.028 0.992 0.124 0.950 0.977 
0.031 0.991 0.119 0.955 0.874 
0.030 0.994 0.171 0.930 0.996 
0.025 0.993 0.124 0.945 0.870 
0.030 0.992 0.081 0.970 0.992 
0.026 0.993 0.067 0.978 0.989 
0.025 0.995 0.121 0.950 0.820 
0.030 0.993 0.108 0.955 0.705 
0.035 0.993 0.174 0.920 0.165 
0.025 0.993 0.103 0.953 0.996 
0.032 0.993 0.187 0.925 0.992 
0.033 0.991 0.113 0.953 0.996 
0.025 0.991 0.182 0.945 0.996 
0.042 0.991 0.164 0.945 0.996 
0.035 0.992 0.192 0.940 0.989 
0.025 0.994 0.149 0.955 0.989 
0.033 0.991 0.155 0.938 0.996 
0.027 0.993 0.148 0.932 0.782 
0.029 0.993 0.168 0.925 0.977 
0.022 0.995 0.104 0.955 0.996 
0.023 0.995 0.103 0.960 0.992 
0.024 0.994 0.063 0.978 0.670 
0.022 0.994 0.149 0.940 0.985 
0.032 0.991 0.112 0.953 0.444 
0.025 0.995 0.083 0.965 0.996 
0.050 0.991 0.101 0.968 0.969 
0.028 0.992 0.074 0.970 1.000 
0.019 0.997 0.115 0.953 0.996 
0.027 0.994 0.130 0.953 0.996 
0.027 0.992 0.135 0.953 0.996 
0.028 0.994 0.131 0.955 0.954 
0.021 0.994 0.130 0.953 0.996 
0.021 0.995 0.102 0.963 0.996 
0.026 0.992 0.318 0.940 0.897 
0.027 0.994 0.120 0.955 0.943 
0.027 0.993 0.106 0.953 0.996 
0.028 0.992 0.114 0.955 0.973 
0.021 0.995 0.163 0.950 0.996 
0.026 0.995 0.072 0.973 0.996 
0.021 0.995 0.135 0.955 0.989 
0.025 0.993 0.074 0.970 0.996 
0.030 0.992 0.087 0.970 0.996 
0.025 0.993 0.127 0.958 0.996 
0.029 0.992 0.135 0.958 0.996 
0.035 0.994 0.112 0.958 1.000 
0.033 0.995 0.088 0.965 1.000 
0.023 0.994 0.147 0.950 0.996 
0.025 0.994 0.110 0.960 0.989 
0.023 0.993 0.127 0.958 0.989 
0.022 0.994 0.103 0.960 0.996 
0.022 0.995 0.115 0.960 1.000 
0.043 0.993 0.087 0.965 1.000 
0.024 0.994 0.120 0.955 0.981 
0.027 0.994 0.075 0.968 0.992 
0.021 0.996 0.119 0.958 0.943 
0.018 0.995 0.155 0.953 1.000 
0.023 0.994 0.179 0.932 0.989 
0.027 0.993 0.202 0.922 0.981 
0.024 0.994 0.137 0.950 0.759 
0.025 0.993 0.105 0.958 1.000 
0.028 0.993 0.171 0.938 1.000 
0.026 0.995 0.096 0.963 0.996 
0.025 0.994 0.130 0.948 0.877 
0.038 0.991 0.111 0.953 0.958 
0.026 0.996 0.138 0.945 0.989 
0.021 0.994 0.191 0.938 1.000 
0.019 0.995 0.097 0.960 0.977 
0.028 0.993 0.142 0.945 0.762 
0.023 0.993 0.087 0.963 0.989 
0.024 0.992 0.090 0.963 0.939 
0.031 0.993 0.180 0.922 0.989 
0.019 0.996 0.174 0.930 0.985 
0.029 0.992 0.158 0.935 0.556 
0.024 0.992 0.175 0.925 0.992 
0.032 0.993 0.158 0.945 0.989 
0.029 0.993 0.097 0.965 0.069 
0.024 0.993 0.126 0.953 0.989 
0.021 0.994 0.080 0.968 0.249 
0.021 0.995 0.110 0.963 0.989 
0.029 0.993 0.123 0.950 1.000 
0.016 0.996 0.263 0.920 0.992 
0.026 0.993 0.075 0.970 0.992 
0.024 0.993 0.193 0.930 0.943 
0.026 0.992 0.143 0.943 0.977 
0.022 0.995 0.148 0.943 0.989 
0.024 0.993 0.136 0.945 0.605 
0.019 0.994 0.094 0.958 0.693 
0.021 0.995 0.152 0.945 0.996 
0.024 0.993 0.185 0.935 0.996 
0.019 0.993 0.121 0.960 0.000 
0.039 0.990 0.106 0.958 0.920 
0.020 0.995 0.135 0.960 0.594 
0.024 0.995 0.093 0.965 0.996 
0.032 0.992 0.157 0.945 0.655 
0.026 0.992 0.089 0.970 0.943 
0.025 0.995 0.074 0.978 0.605 
0.034 0.993 0.148 0.950 0.211 
0.024 0.993 0.123 0.955 0.989 
0.022 0.995 0.131 0.948 0.989 
0.027 0.993 0.225 0.922 0.996 
0.022 0.995 0.090 0.963 1.000 
0.027 0.994 0.256 0.915 0.981 
0.022 0.994 0.202 0.930 0.881 
0.029 0.991 0.199 0.922 0.943 
0.019 0.994 0.117 0.960 0.854 
0.018 0.994 0.107 0.958 0.989 
0.026 0.992 0.167 0.925 0.831 
0.025 0.993 0.181 0.925 0.383 
0.018 0.996 0.090 0.965 0.996 
0.016 0.997 0.158 0.950 0.866 
0.033 0.994 0.116 0.958 0.782 
0.031 0.993 0.169 0.940 0.257 
0.032 0.993 0.222 0.920 0.996 
0.025 0.993 0.069 0.980 0.981 
0.022 0.995 0.142 0.950 0.985 
0.022 0.994 0.186 0.927 0.981 
0.020 0.995 0.139 0.958 0.989 
0.026 0.991 0.109 0.960 0.992 
0.030 0.991 0.083 0.978 0.996 
0.033 0.995 0.090 0.963 1.000 
0.027 0.994 0.106 0.960 0.989 
0.022 0.996 0.081 0.965 1.000 
0.025 0.994 0.143 0.945 0.992 
0.018 0.997 0.082 0.973 0.996 
0.027 0.991 0.196 0.930 0.992 
0.019 0.994 0.197 0.930 0.985 
0.026 0.992 0.146 0.955 0.992 
0.029 0.992 0.161 0.938 0.877 
0.024 0.993 0.152 0.948 1.000 
0.021 0.995 0.128 0.953 0.996 
0.020 0.995 0.143 0.948 0.981 
0.028 0.993 0.105 0.963 0.755 
0.016 0.996 0.166 0.948 0.992 
0.028 0.991 0.130 0.958 1.000 
0.019 0.996 0.058 0.980 1.000 
0.026 0.992 0.191 0.945 0.989 
0.017 0.996 0.079 0.973 0.996 
0.024 0.994 0.135 0.950 0.816 
0.016 0.996 0.245 0.938 0.996 
0.023 0.995 0.190 0.930 0.774 
0.025 0.992 0.208 0.925 0.996 
0.022 0.992 0.236 0.922 0.387 
0.020 0.995 0.186 0.945 0.770 
0.030 0.993 0.250 0.920 0.651 
0.021 0.994 0.091 0.963 0.985 
0.026 0.992 0.187 0.940 0.770 
0.020 0.996 0.093 0.973 0.912 
0.023 0.994 0.194 0.927 0.996 
0.025 0.993 0.138 0.945 1.000 
0.014 0.995 0.095 0.958 1.000 
0.020 0.995 0.100 0.963 0.989 
0.023 0.993 0.088 0.970 0.923 
0.028 0.994 0.130 0.960 0.916 
0.027 0.995 0.105 0.968 0.954 
0.025 0.992 0.162 0.948 0.751 
0.021 0.993 0.096 0.963 0.724 
0.024 0.992 0.100 0.965 0.245 
0.026 0.994 0.119 0.963 0.701 
0.026 0.994 0.164 0.940 0.981 
0.028 0.993 0.117 0.958 0.490 
0.027 0.993 0.274 0.915 0.908 
0.032 0.993 0.199 0.922 0.732 
0.019 0.994 0.128 0.950 0.847 
0.025 0.994 0.110 0.953 0.858 
0.028 0.992 0.082 0.970 0.916 
0.017 0.994 0.068 0.973 0.996 
0.022 0.994 0.108 0.958 0.625 
0.023 0.996 0.136 0.953 0.762 
0.040 0.991 0.153 0.948 0.318 
0.029 0.992 0.070 0.980 0.176 
0.023 0.993 0.114 0.955 0.215 
0.018 0.996 0.100 0.965 0.284 
0.020 0.995 0.122 0.963 0.636 
0.026 0.992 0.100 0.963 0.192 
0.022 0.996 0.130 0.945 0.157 
0.014 0.996 0.074 0.975 0.697 
0.020 0.993 0.118 0.955 0.789 
0.070 0.994 0.068 0.983 0.069 
0.018 0.995 0.070 0.978 0.084 
0.022 0.994 0.100 0.965 0.257 
0.023 0.994 0.078 0.973 0.559 
0.019 0.994 0.066 0.975 0.042 
0.024 0.995 0.150 0.950 0.100 
0.023 0.993 0.199 0.920 0.939 
0.029 0.989 0.138 0.953 0.176 
0.026 0.994 0.094 0.978 0.019 
0.024 0.994 0.159 0.950 1.000 
0.018 0.995 0.172 0.943 0.992 
0.020 0.994 0.117 0.960 0.989 
0.030 0.995 0.127 0.958 0.644 
0.021 0.995 0.079 0.973 0.284 
0.017 0.994 0.151 0.948 0.962 
0.020 0.995 0.124 0.953 0.759 
0.023 0.993 0.101 0.958 0.973 
0.023 0.994 0.176 0.940 0.904 
0.023 0.994 0.137 0.950 0.927 
0.034 0.995 0.141 0.950 0.996 
0.037 0.993 0.203 0.930 0.084 
0.026 0.993 0.215 0.925 0.985 
0.016 0.995 0.170 0.950 0.973 
0.023 0.994 0.142 0.945 0.644 
0.038 0.993 0.142 0.950 0.943 
0.026 0.995 0.207 0.920 0.935 
0.029 0.994 0.162 0.940 0.862 
0.020 0.994 0.100 0.965 0.973 
0.014 0.996 0.080 0.970 0.962 
0.022 0.995 0.191 0.932 0.923 
0.028 0.994 0.144 0.955 0.904 
0.030 0.994 0.165 0.940 0.180 
0.028 0.994 0.110 0.963 0.414 
0.024 0.990 0.146 0.943 0.375 
0.018 0.994 0.168 0.948 0.985 
0.020 0.994 0.171 0.938 0.793 
0.016 0.995 0.185 0.948 0.992 
0.019 0.994 0.055 0.980 0.483 
0.018 0.994 0.144 0.950 0.962 
0.017 0.994 0.104 0.965 0.249 
0.022 0.990 0.146 0.950 0.000 
0.019 0.995 0.093 0.963 0.318 
0.027 0.993 0.187 0.938 0.985 
0.017 0.996 0.194 0.938 0.858 
0.025 0.992 0.090 0.965 0.785 
0.023 0.995 0.177 0.938 0.100 
0.026 0.993 0.067 0.975 0.410 
0.022 0.996 0.106 0.958 0.858 
0.023 0.994 0.093 0.968 0.100 
0.018 0.995 0.145 0.948 0.996 
0.023 0.995 0.158 0.940 0.533 
0.022 0.996 0.202 0.930 0.985 
0.018 0.994 0.110 0.965 0.992 
0.020 0.994 0.148 0.950 0.877 
0.033 0.993 0.132 0.948 0.130 
0.031 0.994 0.129 0.958 0.031 
0.033 0.994 0.177 0.940 0.854 
0.026 0.994 0.100 0.960 0.697 
0.019 0.995 0.139 0.955 0.192 
0.026 0.994 0.225 0.930 0.950 
0.024 0.993 0.169 0.945 0.663 
0.025 0.996 0.215 0.930 0.437 
0.024 0.994 0.091 0.973 0.502 
0.020 0.994 0.105 0.960 0.962 
0.024 0.995 0.199 0.932 0.471 
0.023 0.995 0.106 0.963 0.835 
0.018 0.993 0.227 0.938 0.912 
0.035 0.992 0.231 0.925 0.877 
0.037 0.992 0.276 0.920 0.992 
0.020 0.994 0.087 0.978 0.805 
0.039 0.990 0.213 0.922 0.778 
0.020 0.994 0.099 0.963 0.958 
0.021 0.995 0.162 0.940 0.962 
0.023 0.993 0.123 0.955 0.996 
0.018 0.994 0.181 0.938 0.950 
0.030 0.994 0.150 0.950 1.000 
0.028 0.995 0.136 0.953 0.985 
0.027 0.995 0.236 0.920 0.866 
0.017 0.994 0.230 0.930 0.743 
0.017 0.995 0.129 0.958 0.682 
0.015 0.996 0.138 0.953 0.996 
0.022 0.993 0.146 0.955 1.000 
0.033 0.994 0.098 0.965 0.992 
0.023 0.994 0.174 0.938 0.966 
0.019 0.995 0.161 0.932 0.916 
0.018 0.996 0.253 0.927 0.966 
0.020 0.996 0.072 0.973 0.989 
0.019 0.993 0.172 0.945 0.943 
0.018 0.995 0.184 0.943 0.966 
0.020 0.994 0.049 0.985 0.935 
0.020 0.994 0.157 0.955 0.996 
0.016 0.995 0.171 0.945 0.992 
0.016 0.993 0.195 0.945 0.977 
0.023 0.995 0.157 0.948 0.843 
0.020 0.995 0.106 0.963 0.835 
0.020 0.995 0.107 0.980 0.805 
0.029 0.992 0.148 0.953 0.989 
0.023 0.995 0.128 0.958 0.996 
0.021 0.994 0.215 0.920 0.728 
0.020 0.995 0.368 0.905 0.950 
0.023 0.993 0.169 0.948 0.989 
0.014 0.995 0.125 0.960 0.805 
0.020 0.995 0.130 0.960 0.498 
0.020 0.992 0.231 0.922 0.962 
0.022 0.994 0.173 0.938 1.000 
0.023 0.994 0.153 0.958 0.038 
0.031 0.992 0.120 0.955 0.506 
0.043 0.993 0.080 0.973 1.000 
0.018 0.994 0.120 0.958 0.962 
0.021 0.995 0.215 0.940 0.851 
0.016 0.994 0.124 0.963 0.996 
0.023 0.993 0.086 0.970 1.000 
0.018 0.993 0.160 0.948 0.877 
0.036 0.993 0.215 0.925 0.709 
0.020 0.993 0.082 0.970 0.904 
0.019 0.994 0.228 0.938 0.115 
0.034 0.991 0.099 0.958 0.989 
0.017 0.996 0.124 0.960 1.000 
0.018 0.996 0.088 0.968 0.981 
0.023 0.994 0.086 0.968 0.556 
0.018 0.996 0.140 0.958 0.962 
0.025 0.993 0.092 0.975 1.000 
0.021 0.994 0.230 0.932 1.000 
0.031 0.993 0.137 0.958 1.000 
0.019 0.994 0.124 0.960 1.000 
0.028 0.994 0.157 0.940 1.000 
0.022 0.996 0.116 0.960 1.000 
0.032 0.993 0.130 0.948 1.000 
0.022 0.995 0.231 0.925 0.782 
0.028 0.993 0.154 0.940 1.000 
0.022 0.995 0.200 0.938 1.000 
0.017 0.996 0.322 0.917 1.000 
0.030 0.992 0.128 0.958 1.000 
0.029 0.993 0.170 0.945 1.000 
0.020 0.993 0.183 0.932 1.000 
0.023 0.995 0.118 0.955 1.000 
0.018 0.993 0.222 0.925 1.000 
0.019 0.994 0.113 0.963 1.000 
0.027 0.992 0.150 0.948 0.992 
0.013 0.996 0.081 0.975 0.996 
0.016 0.995 0.134 0.958 1.000 
0.022 0.995 0.066 0.980 1.000 
0.021 0.995 0.151 0.948 0.996 
0.020 0.995 0.134 0.968 0.682 
0.036 0.993 0.153 0.943 0.996 
0.026 0.993 0.190 0.940 0.996 
0.021 0.994 0.226 0.925 0.996 
0.016 0.994 0.106 0.965 0.989 
0.022 0.993 0.104 0.960 1.000 
0.023 0.995 0.304 0.912 0.939 
0.039 0.994 0.103 0.963 0.502 
0.015 0.996 0.143 0.963 0.295 
0.019 0.995 0.110 0.965 0.966 
0.046 0.990 0.166 0.945 0.989 
0.018 0.995 0.152 0.958 0.985 
0.008 0.997 0.199 0.943 0.820 
0.024 0.993 0.126 0.955 0.322 
0.020 0.994 0.084 0.975 0.900 
0.016 0.993 0.167 0.958 0.985 
0.019 0.995 0.089 0.973 0.969 
0.019 0.994 0.114 0.960 0.916 
0.021 0.995 0.287 0.917 0.678 
0.025 0.993 0.206 0.927 0.969 
0.019 0.995 0.151 0.948 1.000 
0.025 0.991 0.262 0.917 0.935 
0.024 0.994 0.208 0.927 0.996 
0.022 0.995 0.122 0.958 1.000 
0.015 0.995 0.100 0.963 1.000 
0.022 0.996 0.289 0.925 1.000 
0.013 0.996 0.141 0.958 1.000 
0.018 0.995 0.221 0.925 1.000 
0.023 0.993 0.282 0.925 0.981 
0.010 0.997 0.185 0.958 0.950 
0.025 0.994 0.193 0.935 0.977 
0.021 0.995 0.216 0.925 1.000 
0.022 0.994 0.175 0.948 1.000 
0.019 0.996 0.103 0.965 0.824 
0.026 0.993 0.125 0.963 0.969 
0.024 0.993 0.256 0.917 1.000 
0.022 0.995 0.129 0.955 1.000 
0.017 0.995 0.168 0.948 0.977 
0.016 0.993 0.212 0.943 0.996 
0.023 0.993 0.250 0.917 1.000 
0.013 0.996 0.208 0.948 0.977 
0.034 0.993 0.127 0.955 1.000 
0.022 0.994 0.206 0.930 0.981 
0.060 0.992 0.231 0.922 1.000 
0.013 0.996 0.115 0.960 1.000 
0.026 0.990 0.180 0.938 0.985 
0.012 0.995 0.180 0.932 1.000 
0.023 0.994 0.167 0.932 0.981 
0.015 0.997 0.146 0.953 1.000 
0.024 0.993 0.151 0.943 0.966 
0.018 0.995 0.200 0.940 1.000 
0.019 0.993 0.211 0.935 1.000 
0.021 0.995 0.208 0.930 1.000 
0.018 0.995 0.164 0.930 0.981 
0.020 0.995 0.239 0.927 0.908 
0.018 0.995 0.142 0.958 0.992 
0.010 0.998 0.095 0.963 1.000 
0.016 0.995 0.256 0.925 1.000 
0.017 0.995 0.479 0.953 0.981 
0.028 0.994 0.124 0.958 1.000 
0.025 0.993 0.070 0.975 1.000 
0.025 0.993 0.163 0.945 1.000 
0.012 0.998 0.260 0.930 1.000 
0.027 0.994 0.178 0.945 0.996 
0.018 0.995 0.087 0.965 1.000 
0.020 0.994 0.103 0.960 1.000 
0.025 0.995 0.183 0.935 0.996 
0.031 0.995 0.294 0.915 0.996 
0.025 0.993 0.125 0.958 0.992 
0.018 0.996 0.272 0.922 0.992 
0.020 0.996 0.121 0.963 0.992 
0.014 0.998 0.265 0.925 0.981 
0.021 0.995 0.143 0.953 1.000 
0.021 0.996 0.222 0.932 0.992 
0.031 0.994 0.206 0.938 0.992 
0.021 0.995 0.237 0.925 1.000 
0.018 0.996 0.136 0.958 0.996 
0.015 0.995 0.131 0.960 0.996 
0.016 0.995 0.166 0.958 0.996 
0.010 0.997 0.254 0.930 0.996 
0.024 0.994 0.094 0.968 1.000 
0.028 0.992 0.201 0.940 0.985 
0.019 0.995 0.116 0.965 1.000 
0.032 0.994 0.064 0.980 1.000 
0.025 0.995 0.140 0.955 1.000 
0.016 0.996 0.150 0.950 1.000 
0.020 0.995 0.112 0.965 1.000 
0.015 0.997 0.135 0.963 1.000 
0.026 0.995 0.133 0.963 1.000 
0.015 0.996 0.151 0.953 1.000 
0.024 0.994 0.281 0.920 0.992 
0.027 0.992 0.180 0.943 1.000 
0.015 0.996 0.145 0.958 1.000 
0.023 0.993 0.161 0.945 0.992 
0.018 0.995 0.068 0.983 1.000 
0.018 0.994 0.153 0.945 1.000 
0.021 0.994 0.142 0.953 1.000 
0.022 0.992 0.114 0.955 1.000 
0.011 0.997 0.086 0.965 1.000 
0.026 0.992 0.256 0.922 1.000 
0.011 0.996 0.167 0.948 1.000 
0.019 0.995 0.191 0.940 1.000 
0.026 0.994 0.198 0.950 1.000 
0.022 0.995 0.154 0.948 0.996 
0.026 0.995 0.127 0.955 0.981 
0.015 0.997 0.201 0.935 0.992 
0.019 0.994 0.226 0.927 0.977 
0.020 0.993 0.093 0.968 0.962 
0.048 0.992 0.348 0.912 0.992 
0.017 0.996 0.245 0.935 0.992 
0.019 0.995 0.151 0.953 0.996 
0.017 0.994 0.197 0.940 1.000 
0.030 0.994 0.241 0.930 0.996 
0.021 0.995 0.183 0.940 0.996 
0.015 0.996 0.087 0.968 0.954 
0.023 0.995 0.316 0.915 1.000 
0.023 0.993 0.245 0.927 0.985 
0.015 0.997 0.296 0.915 0.996 
0.025 0.993 0.269 0.922 0.989 
0.018 0.995 0.141 0.945 0.977 
0.025 0.994 0.232 0.935 1.000 
0.028 0.992 0.181 0.943 0.996 
0.039 0.994 0.358 0.935 0.985 
0.023 0.993 0.174 0.943 1.000 
0.013 0.996 0.240 0.927 1.000 
0.018 0.995 0.152 0.948 1.000 
0.020 0.995 0.134 0.958 1.000 
0.020 0.994 0.174 0.943 1.000 
0.016 0.993 0.191 0.943 1.000 
0.014 0.997 0.252 0.935 1.000 
0.025 0.991 0.194 0.945 1.000 
0.019 0.996 0.104 0.968 1.000 
0.012 0.996 0.219 0.943 1.000 
0.021 0.994 0.170 0.945 1.000 
0.013 0.996 0.122 0.960 1.000 
0.017 0.996 0.155 0.958 1.000 
0.029 0.994 0.238 0.922 0.996 
0.019 0.995 0.153 0.958 1.000 
0.024 0.994 0.245 0.930 1.000 
0.022 0.995 0.277 0.922 0.996 
0.032 0.995 0.347 0.907 1.000 
0.022 0.996 0.131 0.958 1.000 
0.011 0.997 0.200 0.943 0.996 
0.022 0.994 0.250 0.927 1.000 
0.017 0.995 0.161 0.950 1.000 
0.022 0.994 0.192 0.950 1.000 
0.035 0.992 0.344 0.925 1.000 
0.021 0.996 0.113 0.960 0.996 
0.027 0.993 0.185 0.955 1.000 
0.024 0.995 0.279 0.922 1.000 
0.018 0.995 0.152 0.950 1.000 
0.015 0.996 0.112 0.965 0.996 
0.022 0.993 0.186 0.943 1.000 
0.021 0.996 0.196 0.945 1.000 
0.028 0.994 0.133 0.958 0.996 
0.016 0.996 0.119 0.963 1.000 
0.021 0.994 0.231 0.938 1.000 
0.019 0.996 0.207 0.935 1.000 
0.024 0.993 0.140 0.960 0.996 
0.016 0.996 0.254 0.927 1.000 
0.012 0.998 0.235 0.940 0.996 
0.021 0.995 0.189 0.943 0.985 
0.021 0.995 0.277 0.938 0.977 
0.013 0.997 0.120 0.963 0.996 
0.014 0.997 0.160 0.963 1.000 
0.018 0.994 0.202 0.940 1.000 
0.015 0.996 0.180 0.955 1.000 
0.015 0.995 0.130 0.960 1.000 
0.028 0.994 0.232 0.922 1.000 
0.010 0.998 0.172 0.948 1.000 
0.016 0.996 0.083 0.975 0.996 
0.010 0.997 0.214 0.940 1.000 
0.036 0.995 0.229 0.940 1.000 
0.016 0.995 0.138 0.960 1.000 
0.023 0.995 0.138 0.960 1.000 
0.016 0.996 0.180 0.932 0.989 
0.022 0.994 0.211 0.935 1.000 
0.019 0.996 0.188 0.938 1.000 
0.013 0.995 0.162 0.945 1.000 
0.020 0.993 0.170 0.940 1.000 
0.016 0.995 0.198 0.940 1.000 
0.032 0.994 0.124 0.958 1.000 
0.014 0.996 0.107 0.968 0.996 
0.021 0.993 0.173 0.945 1.000 
0.017 0.995 0.165 0.943 0.663 
0.031 0.992 0.143 0.950 1.000 
0.025 0.992 0.159 0.945 0.824 
0.021 0.995 0.092 0.965 1.000 
0.018 0.992 0.123 0.958 0.900 
0.011 0.995 0.104 0.960 0.996 
0.015 0.997 0.279 0.922 0.946 
0.015 0.997 0.223 0.932 1.000 
0.023 0.994 0.213 0.938 1.000 
0.034 0.993 0.177 0.945 0.977 
0.018 0.995 0.192 0.945 0.996 
0.008 0.997 0.158 0.950 1.000 
0.012 0.997 0.056 0.983 0.996 
0.028 0.992 0.135 0.950 1.000 
0.020 0.994 0.125 0.960 0.989 
0.013 0.995 0.131 0.960 1.000 
0.021 0.995 0.068 0.980 1.000 
0.024 0.992 0.162 0.950 1.000 
0.025 0.992 0.155 0.950 1.000 
0.019 0.994 0.194 0.938 1.000 
0.021 0.997 0.205 0.940 0.992 
0.012 0.997 0.155 0.953 1.000 
0.018 0.995 0.264 0.927 1.000 
0.021 0.993 0.122 0.968 1.000 
0.013 0.996 0.247 0.925 0.946 
0.015 0.994 0.127 0.963 0.989 
0.015 0.996 0.177 0.945 0.992 
0.017 0.994 0.216 0.940 0.962 
0.044 0.992 0.251 0.922 1.000 
0.012 0.996 0.136 0.960 1.000 
0.018 0.996 0.213 0.938 1.000 
0.019 0.993 0.170 0.945 0.996 
0.013 0.997 0.172 0.943 1.000 
0.012 0.997 0.115 0.963 1.000 
0.028 0.994 0.223 0.930 1.000 
0.016 0.995 0.195 0.953 1.000 
0.009 0.997 0.134 0.960 1.000 
0.018 0.995 0.177 0.945 0.977 
0.019 0.995 0.094 0.975 0.713 
0.019 0.996 0.112 0.963 0.996 
0.020 0.994 0.148 0.958 0.992 
0.016 0.996 0.249 0.925 0.981 
0.019 0.997 0.100 0.965 0.996 
0.019 0.994 0.262 0.930 0.992 
0.024 0.994 0.111 0.963 1.000 
0.016 0.996 0.065 0.978 1.000 
0.019 0.993 0.169 0.953 1.000 
0.023 0.993 0.170 0.953 0.992 
0.020 0.993 0.087 0.960 0.973 
0.019 0.996 0.165 0.950 0.992 
0.019 0.994 0.125 0.960 0.996 
0.024 0.992 0.189 0.938 1.000 
0.025 0.992 0.260 0.927 0.992 
0.021 0.994 0.093 0.958 0.927 
0.018 0.995 0.200 0.932 0.946 
0.016 0.994 0.182 0.935 0.950 
0.024 0.995 0.184 0.940 0.973 
0.025 0.993 0.101 0.963 0.981 
0.023 0.993 0.162 0.932 0.992 
0.011 0.997 0.137 0.953 0.996 
0.016 0.995 0.349 0.910 0.602 
0.026 0.994 0.169 0.945 0.989 
0.020 0.995 0.128 0.958 0.996 
0.017 0.994 0.094 0.965 0.996 
0.023 0.994 0.194 0.938 0.989 
0.014 0.997 0.069 0.980 0.996 
0.029 0.994 0.144 0.950 1.000 
0.023 0.995 0.115 0.955 1.000 
0.019 0.995 0.162 0.943 0.996 
0.020 0.995 0.175 0.943 0.996 
0.023 0.994 0.107 0.965 0.996 
0.014 0.995 0.091 0.963 0.996 
0.022 0.993 0.156 0.943 0.996 
0.016 0.996 0.106 0.965 0.996 
0.028 0.993 0.095 0.963 0.992 
0.028 0.994 0.126 0.953 0.989 
0.031 0.991 0.048 0.980 0.966 
0.012 0.997 0.117 0.953 0.989 
0.020 0.994 0.160 0.948 1.000 
0.015 0.997 0.093 0.965 0.992 
0.023 0.993 0.230 0.925 0.992 
0.012 0.996 0.130 0.960 0.996 
0.027 0.993 0.105 0.965 0.989 
0.022 0.994 0.155 0.950 0.992 
0.021 0.994 0.158 0.948 1.000 
0.030 0.994 0.169 0.953 1.000 
0.020 0.995 0.142 0.960 0.992 
0.029 0.995 0.164 0.955 0.992 
0.025 0.995 0.104 0.965 0.996 
0.023 0.992 0.063 0.980 0.996 
0.022 0.995 0.208 0.943 0.996 
0.026 0.994 0.241 0.927 0.985 
0.024 0.993 0.121 0.950 1.000 
0.019 0.996 0.049 0.985 1.000 
0.033 0.992 0.200 0.940 0.716 
0.020 0.993 0.059 0.980 0.992 
0.015 0.996 0.139 0.948 0.992 
0.015 0.995 0.198 0.940 0.966 
0.017 0.996 0.089 0.970 0.697 
0.024 0.995 0.146 0.953 0.789 
0.017 0.996 0.043 0.980 0.996 
0.025 0.993 0.133 0.953 0.996 
0.019 0.994 0.166 0.955 1.000 
0.028 0.993 0.240 0.927 0.977 
0.012 0.998 0.159 0.953 0.996 
0.008 0.998 0.072 0.978 1.000 
0.015 0.994 0.160 0.953 1.000 
0.026 0.995 0.247 0.930 1.000 
0.019 0.995 0.202 0.938 0.996 
0.014 0.997 0.226 0.940 1.000 
0.014 0.995 0.140 0.955 0.989 
0.021 0.995 0.141 0.958 0.996 
0.018 0.994 0.190 0.950 0.996 
0.010 0.998 0.120 0.960 0.996 
0.044 0.991 0.296 0.917 0.996 
0.017 0.997 0.109 0.963 0.996 
0.013 0.997 0.101 0.963 0.996 
0.022 0.993 0.201 0.943 0.985 
0.018 0.995 0.124 0.958 0.996 
0.024 0.993 0.111 0.963 0.989 
0.019 0.994 0.213 0.932 0.973 
0.016 0.996 0.196 0.940 0.927 
0.019 0.996 0.384 0.925 0.977 
0.019 0.994 0.131 0.950 0.939 
0.014 0.997 0.217 0.930 0.996 
0.022 0.994 0.181 0.945 0.996 
0.018 0.995 0.130 0.960 0.996 
0.021 0.993 0.351 0.910 0.962 
0.019 0.995 0.274 0.922 1.000 
0.025 0.996 0.192 0.938 0.996 
0.015 0.996 0.263 0.925 0.996 
0.019 0.996 0.188 0.945 0.996 
0.012 0.996 0.146 0.958 0.996 
0.016 0.995 0.175 0.948 0.996 
0.021 0.994 0.109 0.958 0.985 
0.021 0.994 0.165 0.945 0.996 
0.023 0.995 0.099 0.963 0.996 
0.019 0.994 0.109 0.960 0.996 
0.014 0.996 0.136 0.955 0.996 
0.021 0.995 0.183 0.950 0.996 
0.013 0.995 0.083 0.963 1.000 
0.022 0.995 0.137 0.955 1.000 
0.029 0.994 0.158 0.953 0.996 
0.020 0.994 0.183 0.955 0.989 
0.021 0.996 0.099 0.963 1.000 
0.009 0.997 0.130 0.958 1.000 
0.027 0.996 0.128 0.955 0.996 
0.015 0.996 0.121 0.960 0.996 
0.019 0.995 0.197 0.945 0.989 
0.014 0.995 0.255 0.955 0.977 
0.036 0.994 0.160 0.950 0.950 
0.020 0.995 0.117 0.975 0.996 
0.029 0.994 0.213 0.927 0.904 
0.012 0.997 0.157 0.950 0.985 
0.021 0.992 0.092 0.960 0.985 
0.007 0.998 0.066 0.978 0.996 
0.012 0.997 0.126 0.958 0.992 
0.019 0.994 0.200 0.938 0.977 
0.026 0.994 0.247 0.930 0.812 
0.028 0.992 0.141 0.955 0.996 
0.017 0.994 0.188 0.945 0.996 
0.025 0.993 0.166 0.953 0.989 
0.018 0.995 0.102 0.965 1.000 
0.020 0.994 0.190 0.943 0.950 
0.016 0.994 0.053 0.980 0.996 
0.025 0.991 0.145 0.948 1.000 
0.020 0.994 0.217 0.935 0.981 
0.018 0.996 0.076 0.978 0.996 
0.016 0.995 0.219 0.948 0.958 
0.025 0.995 0.081 0.963 0.985 
0.020 0.996 0.131 0.953 0.996 
0.017 0.995 0.086 0.965 0.996 
0.025 0.995 0.244 0.922 0.889 
0.021 0.994 0.085 0.968 0.950 
0.023 0.994 0.195 0.938 1.000 
0.012 0.997 0.245 0.927 0.973 
0.021 0.994 0.250 0.925 0.946 
0.014 0.995 0.172 0.948 0.958 
0.009 0.996 0.109 0.968 0.992 
0.029 0.995 0.212 0.935 0.996 
0.010 0.996 0.248 0.922 0.996 
0.021 0.994 0.181 0.950 0.996 
0.017 0.997 0.255 0.922 0.996 
0.014 0.995 0.121 0.955 1.000 
0.017 0.996 0.126 0.960 1.000 
0.028 0.995 0.101 0.973 0.985 
0.023 0.996 0.165 0.953 0.996 
0.015 0.996 0.266 0.927 0.996 
0.027 0.992 0.302 0.915 0.996 
0.017 0.994 0.202 0.950 0.939 
0.015 0.996 0.108 0.973 0.969 
0.009 0.997 0.291 0.925 0.996 
0.026 0.996 0.170 0.955 1.000 
0.014 0.995 0.243 0.932 1.000 
0.017 0.994 0.208 0.927 1.000 
0.035 0.994 0.130 0.963 0.996 
0.016 0.996 0.163 0.953 0.996 
0.017 0.995 0.116 0.963 0.996 
0.020 0.995 0.167 0.953 0.996 
0.023 0.995 0.195 0.943 0.996 
0.025 0.994 0.210 0.927 0.996 
0.032 0.993 0.181 0.938 0.996 
0.015 0.996 0.187 0.927 1.000 
0.011 0.997 0.284 0.925 0.996 
0.021 0.994 0.230 0.925 1.000 
0.024 0.995 0.264 0.925 0.996 
0.024 0.995 0.301 0.917 0.996 
0.023 0.993 0.170 0.930 1.000 
0.019 0.995 0.222 0.927 0.996 
0.014 0.997 0.149 0.955 1.000 
0.014 0.996 0.173 0.935 1.000 
0.031 0.994 0.293 0.917 0.992 
0.025 0.995 0.291 0.922 0.996 
0.020 0.994 0.172 0.943 0.985 
0.016 0.995 0.117 0.963 0.989 
0.018 0.994 0.220 0.932 0.985 
0.024 0.994 0.169 0.938 0.996 
0.023 0.994 0.171 0.945 0.996 
0.018 0.994 0.179 0.943 0.996 
0.034 0.995 0.219 0.927 1.000 
0.019 0.995 0.146 0.948 0.996 
0.019 0.994 0.164 0.940 0.996 
0.012 0.996 0.130 0.963 0.996 
0.018 0.994 0.232 0.935 0.996 
0.019 0.995 0.140 0.953 0.996 
0.007 0.997 0.247 0.930 1.000 
0.019 0.995 0.108 0.963 0.996 
0.028 0.992 0.133 0.958 0.996 
0.015 0.997 0.162 0.948 0.977 
0.017 0.996 0.205 0.927 0.996 
0.014 0.994 0.110 0.965 0.992 
0.013 0.996 0.116 0.968 0.996 
0.016 0.996 0.150 0.955 0.992 
0.016 0.996 0.136 0.960 0.996 
0.030 0.992 0.173 0.948 1.000 
0.010 0.998 0.137 0.960 0.996 
0.090 0.995 0.210 0.935 0.985 
0.021 0.994 0.128 0.950 0.900 
0.032 0.992 0.262 0.917 0.992 
0.013 0.997 0.141 0.953 0.989 
0.023 0.995 0.151 0.953 0.996 
0.019 0.994 0.251 0.927 0.996 
0.028 0.995 0.284 0.925 0.985 
0.010 0.996 0.135 0.958 0.989 
0.020 0.994 0.166 0.945 0.992 
0.007 0.997 0.187 0.938 0.996 
0.017 0.994 0.176 0.945 1.000 
0.019 0.996 0.182 0.945 0.996 
0.016 0.994 0.173 0.945 0.989 
0.015 0.997 0.236 0.927 0.966 
0.014 0.996 0.143 0.955 0.992 
0.016 0.996 0.089 0.968 0.996 
0.027 0.991 0.170 0.940 1.000 
0.018 0.994 0.178 0.955 0.996 
0.033 0.993 0.272 0.927 0.996 
0.013 0.996 0.205 0.930 0.996 
0.024 0.995 0.175 0.945 0.996 
0.014 0.996 0.100 0.958 1.000 
0.021 0.992 0.133 0.958 0.992 
0.041 0.993 0.133 0.960 1.000 
0.016 0.997 0.351 0.917 0.996 
0.020 0.994 0.271 0.925 0.996 
0.018 0.994 0.118 0.960 0.954 
0.035 0.993 0.194 0.932 0.992 
0.022 0.992 0.240 0.925 1.000 
0.016 0.996 0.197 0.938 0.996 
0.016 0.995 0.142 0.953 1.000 
0.022 0.993 0.284 0.917 0.996 
0.014 0.997 0.230 0.932 0.816 
0.015 0.995 0.221 0.927 1.000 
0.025 0.994 0.185 0.950 0.042 
0.015 0.995 0.210 0.930 0.989 
