0.435 0.803 0.198 0.935 0.503 
0.322 0.866 0.207 0.953 0.715 
0.288 0.884 0.229 0.922 0.636 
0.263 0.898 0.187 0.968 0.744 
0.250 0.908 0.183 0.968 0.741 
0.244 0.913 0.135 0.960 0.756 
0.224 0.914 0.192 0.920 0.693 
0.221 0.917 0.124 0.958 0.810 
0.230 0.916 0.120 0.968 0.778 
0.204 0.923 0.139 0.963 0.788 
0.195 0.931 0.135 0.975 0.744 
0.212 0.923 0.169 0.938 0.665 
0.194 0.931 0.140 0.970 0.775 
0.188 0.934 0.114 0.975 0.804 
0.192 0.934 0.129 0.965 0.854 
0.170 0.938 0.106 0.980 0.703 
0.175 0.939 0.126 0.968 0.832 
0.160 0.945 0.112 0.970 0.810 
0.158 0.946 0.143 0.948 0.753 
0.157 0.943 0.163 0.973 0.750 
0.162 0.940 0.129 0.955 0.797 
0.146 0.951 0.123 0.970 0.851 
0.158 0.948 0.094 0.980 0.744 
0.157 0.945 0.110 0.963 0.778 
0.155 0.946 0.149 0.940 0.744 
0.151 0.945 0.093 0.978 0.867 
0.158 0.941 0.108 0.975 0.839 
0.159 0.945 0.141 0.973 0.794 
0.151 0.948 0.089 0.973 0.810 
0.137 0.949 0.095 0.973 0.791 
0.142 0.944 0.116 0.973 0.801 
0.132 0.954 0.084 0.975 0.835 
0.141 0.955 0.078 0.978 0.858 
0.131 0.958 0.149 0.973 0.899 
0.136 0.953 0.084 0.980 0.829 
0.137 0.955 0.079 0.975 0.858 
0.137 0.955 0.098 0.983 0.829 
0.143 0.952 0.109 0.980 0.861 
0.127 0.958 0.120 0.978 0.896 
0.136 0.945 0.099 0.973 0.854 
0.124 0.955 0.091 0.980 0.823 
0.118 0.960 0.141 0.945 0.804 
0.132 0.955 0.111 0.980 0.899 
0.140 0.955 0.107 0.980 0.889 
0.121 0.957 0.104 0.973 0.845 
0.127 0.957 0.088 0.975 0.832 
0.127 0.957 0.124 0.978 0.880 
0.120 0.959 0.128 0.968 0.848 
0.127 0.958 0.138 0.963 0.842 
0.125 0.955 0.121 0.975 0.921 
0.117 0.961 0.104 0.983 0.905 
0.124 0.958 0.080 0.978 0.839 
0.116 0.962 0.121 0.978 0.883 
0.114 0.963 0.086 0.978 0.886 
0.107 0.961 0.077 0.980 0.854 
0.109 0.965 0.105 0.980 0.867 
0.125 0.954 0.096 0.978 0.864 
0.117 0.965 0.126 0.958 0.801 
0.116 0.961 0.095 0.985 0.918 
0.108 0.962 0.100 0.978 0.858 
0.110 0.963 0.109 0.973 0.899 
0.103 0.970 0.070 0.985 0.813 
0.104 0.964 0.113 0.975 0.880 
0.110 0.964 0.093 0.980 0.918 
0.101 0.966 0.091 0.968 0.835 
0.097 0.970 0.086 0.983 0.867 
0.105 0.963 0.096 0.980 0.880 
0.105 0.966 0.104 0.978 0.858 
0.103 0.961 0.082 0.965 0.854 
0.102 0.966 0.078 0.975 0.892 
0.113 0.964 0.091 0.973 0.896 
0.110 0.964 0.062 0.983 0.858 
0.102 0.967 0.224 0.920 0.972 
0.102 0.969 0.089 0.975 0.861 
0.093 0.971 0.070 0.980 0.851 
0.113 0.963 0.104 0.973 0.892 
0.101 0.964 0.127 0.958 0.854 
0.092 0.973 0.089 0.975 0.842 
0.109 0.964 0.080 0.978 0.892 
0.088 0.967 0.128 0.970 0.956 
0.100 0.968 0.115 0.970 0.918 
0.090 0.974 0.136 0.970 0.943 
0.093 0.970 0.124 0.965 0.943 
0.096 0.968 0.073 0.980 0.892 
0.103 0.966 0.083 0.980 0.924 
0.114 0.961 0.123 0.973 0.899 
0.097 0.964 0.095 0.968 0.867 
0.099 0.970 0.094 0.978 0.915 
0.102 0.966 0.084 0.980 0.934 
0.089 0.967 0.095 0.980 0.905 
0.103 0.968 0.082 0.980 0.851 
0.096 0.968 0.068 0.985 0.880 
0.122 0.959 0.103 0.980 0.918 
0.100 0.970 0.111 0.975 0.930 
0.099 0.967 0.096 0.975 0.908 
0.091 0.968 0.082 0.983 0.899 
0.098 0.967 0.093 0.973 0.886 
0.091 0.965 0.097 0.965 0.854 
0.090 0.968 0.127 0.973 0.959 
0.090 0.971 0.072 0.978 0.896 
0.100 0.966 0.097 0.975 0.937 
0.093 0.971 0.099 0.980 0.921 
0.100 0.969 0.085 0.980 0.864 
0.082 0.973 0.097 0.980 0.927 
0.095 0.968 0.081 0.980 0.899 
0.088 0.969 0.063 0.980 0.854 
0.100 0.967 0.089 0.978 0.921 
0.085 0.971 0.080 0.975 0.870 
0.083 0.971 0.073 0.985 0.870 
0.085 0.969 0.092 0.978 0.924 
0.088 0.967 0.082 0.983 0.921 
0.088 0.973 0.108 0.970 0.918 
0.085 0.970 0.090 0.975 0.889 
0.080 0.971 0.074 0.983 0.889 
0.083 0.971 0.116 0.963 0.949 
0.092 0.967 0.152 0.960 0.949 
0.081 0.978 0.075 0.980 0.908 
0.079 0.977 0.102 0.978 0.943 
0.072 0.977 0.079 0.985 0.927 
0.077 0.973 0.084 0.975 0.889 
0.082 0.971 0.084 0.973 0.877 
0.077 0.974 0.079 0.980 0.886 
0.073 0.978 0.130 0.973 0.930 
0.077 0.972 0.103 0.975 0.949 
0.085 0.975 0.105 0.978 0.870 
0.090 0.973 0.090 0.983 0.899 
0.085 0.973 0.080 0.978 0.902 
0.092 0.967 0.112 0.965 0.892 
0.080 0.974 0.100 0.978 0.924 
0.087 0.969 0.062 0.983 0.927 
0.075 0.979 0.073 0.985 0.946 
0.090 0.973 0.095 0.965 0.889 
0.074 0.973 0.057 0.985 0.902 
0.074 0.973 0.080 0.980 0.905 
0.081 0.976 0.068 0.983 0.886 
0.088 0.969 0.089 0.970 0.921 
0.079 0.973 0.066 0.983 0.896 
0.081 0.971 0.090 0.970 0.924 
0.085 0.971 0.067 0.980 0.886 
0.079 0.971 0.084 0.978 0.899 
0.075 0.974 0.079 0.983 0.902 
0.086 0.971 0.075 0.975 0.905 
0.079 0.974 0.085 0.970 0.877 
0.085 0.975 0.085 0.978 0.918 
0.083 0.973 0.084 0.980 0.940 
0.083 0.975 0.070 0.978 0.886 
0.077 0.973 0.081 0.980 0.899 
0.076 0.977 0.078 0.970 0.854 
0.067 0.979 0.072 0.983 0.927 
0.075 0.973 0.091 0.973 0.927 
0.070 0.977 0.103 0.983 0.896 
0.078 0.971 0.068 0.983 0.864 
0.064 0.980 0.085 0.985 0.937 
0.078 0.976 0.073 0.980 0.896 
0.081 0.974 0.066 0.978 0.873 
0.082 0.973 0.063 0.983 0.889 
0.074 0.974 0.071 0.983 0.905 
0.074 0.976 0.070 0.978 0.902 
0.080 0.974 0.068 0.983 0.877 
0.077 0.977 0.066 0.983 0.867 
0.085 0.976 0.066 0.980 0.908 
0.075 0.978 0.067 0.973 0.880 
0.071 0.976 0.049 0.980 0.889 
0.088 0.970 0.103 0.980 0.949 
0.069 0.978 0.070 0.983 0.927 
0.055 0.981 0.077 0.975 0.851 
0.074 0.972 0.078 0.985 0.892 
0.073 0.978 0.107 0.975 0.949 
0.063 0.980 0.113 0.973 0.915 
0.071 0.976 0.124 0.968 0.953 
0.075 0.977 0.113 0.980 0.949 
0.088 0.973 0.070 0.978 0.880 
0.083 0.972 0.071 0.980 0.899 
0.067 0.974 0.099 0.970 0.924 
0.067 0.977 0.054 0.985 0.883 
0.075 0.975 0.066 0.983 0.905 
0.071 0.978 0.108 0.960 0.927 
0.072 0.978 0.083 0.975 0.839 
0.063 0.979 0.073 0.980 0.883 
0.066 0.976 0.064 0.980 0.905 
0.066 0.978 0.061 0.980 0.873 
0.075 0.974 0.067 0.983 0.892 
0.071 0.976 0.101 0.980 0.905 
0.073 0.977 0.100 0.970 0.953 
0.074 0.975 0.078 0.985 0.930 
0.076 0.979 0.070 0.983 0.918 
0.071 0.976 0.089 0.983 0.908 
0.064 0.979 0.073 0.985 0.934 
0.058 0.981 0.075 0.980 0.927 
0.056 0.985 0.059 0.988 0.918 
0.070 0.979 0.059 0.985 0.934 
0.070 0.976 0.068 0.983 0.937 
0.077 0.976 0.054 0.985 0.858 
0.071 0.976 0.073 0.980 0.934 
0.066 0.979 0.055 0.983 0.908 
0.064 0.982 0.053 0.985 0.883 
0.078 0.974 0.062 0.983 0.908 
0.067 0.974 0.074 0.983 0.937 
0.062 0.985 0.088 0.975 0.911 
0.086 0.977 0.068 0.983 0.902 
0.072 0.977 0.087 0.978 0.940 
0.069 0.977 0.085 0.983 0.911 
0.064 0.976 0.095 0.975 0.959 
0.064 0.976 0.076 0.975 0.940 
0.078 0.972 0.070 0.983 0.911 
0.058 0.982 0.060 0.985 0.902 
0.074 0.981 0.251 0.917 0.975 
0.065 0.978 0.079 0.968 0.864 
0.067 0.980 0.084 0.980 0.930 
0.062 0.979 0.087 0.975 0.940 
0.057 0.980 0.057 0.985 0.848 
0.064 0.976 0.072 0.980 0.918 
0.063 0.978 0.064 0.983 0.927 
0.068 0.978 0.050 0.983 0.829 
0.064 0.977 0.106 0.975 0.949 
0.084 0.975 0.059 0.988 0.899 
0.079 0.976 0.061 0.980 0.892 
0.063 0.980 0.056 0.983 0.870 
0.073 0.976 0.060 0.985 0.892 
0.060 0.983 0.057 0.980 0.870 
0.071 0.977 0.060 0.985 0.877 
0.062 0.980 0.103 0.970 0.921 
0.061 0.982 0.098 0.978 0.886 
0.062 0.977 0.086 0.975 0.949 
0.073 0.975 0.093 0.970 0.902 
0.067 0.977 0.054 0.983 0.832 
0.070 0.976 0.060 0.980 0.883 
0.058 0.980 0.063 0.980 0.896 
0.075 0.977 0.073 0.980 0.861 
0.058 0.981 0.058 0.980 0.937 
0.050 0.984 0.062 0.985 0.899 
0.077 0.977 0.070 0.978 0.851 
0.057 0.982 0.053 0.985 0.867 
0.068 0.973 0.065 0.975 0.911 
0.044 0.988 0.068 0.980 0.930 
0.069 0.978 0.043 0.988 0.864 
0.064 0.978 0.086 0.968 0.899 
0.055 0.976 0.076 0.988 0.959 
0.059 0.983 0.056 0.985 0.911 
0.057 0.982 0.064 0.983 0.908 
0.049 0.983 0.056 0.983 0.892 
0.067 0.979 0.064 0.985 0.899 
0.071 0.974 0.073 0.983 0.930 
0.049 0.982 0.092 0.980 0.959 
0.079 0.976 0.102 0.970 0.940 
0.077 0.976 0.097 0.965 0.930 
0.054 0.978 0.067 0.975 0.896 
0.061 0.979 0.077 0.973 0.908 
0.072 0.975 0.073 0.983 0.940 
0.062 0.977 0.060 0.985 0.908 
0.073 0.977 0.126 0.973 0.915 
0.062 0.982 0.072 0.985 0.883 
0.061 0.984 0.099 0.963 0.956 
0.060 0.979 0.076 0.980 0.896 
0.061 0.980 0.070 0.980 0.873 
0.061 0.977 0.073 0.985 0.921 
0.069 0.980 0.072 0.988 0.886 
0.051 0.983 0.071 0.980 0.911 
0.063 0.977 0.076 0.973 0.851 
0.059 0.983 0.067 0.983 0.886 
0.050 0.984 0.052 0.990 0.918 
0.054 0.980 0.069 0.985 0.899 
0.056 0.983 0.050 0.988 0.908 
0.060 0.983 0.053 0.988 0.911 
0.064 0.978 0.087 0.975 0.943 
0.054 0.982 0.063 0.983 0.934 
0.061 0.978 0.077 0.985 0.902 
0.068 0.978 0.069 0.985 0.927 
0.058 0.977 0.091 0.965 0.940 
0.057 0.982 0.092 0.978 0.934 
0.065 0.981 0.052 0.990 0.870 
0.058 0.983 0.080 0.983 0.924 
0.068 0.978 0.059 0.985 0.905 
0.066 0.975 0.061 0.988 0.908 
0.059 0.981 0.094 0.970 0.943 
0.048 0.985 0.065 0.983 0.902 
0.055 0.980 0.085 0.978 0.918 
0.060 0.983 0.049 0.990 0.886 
0.066 0.978 0.103 0.965 0.943 
0.064 0.983 0.080 0.975 0.864 
0.060 0.979 0.083 0.980 0.937 
0.049 0.984 0.082 0.980 0.918 
0.052 0.984 0.070 0.978 0.915 
0.075 0.979 0.063 0.983 0.918 
0.047 0.984 0.062 0.983 0.927 
0.043 0.985 0.085 0.978 0.927 
0.058 0.979 0.088 0.985 0.943 
0.058 0.979 0.077 0.978 0.927 
0.047 0.988 0.053 0.988 0.883 
0.065 0.976 0.073 0.980 0.851 
0.056 0.976 0.099 0.978 0.959 
0.054 0.983 0.082 0.980 0.943 
0.059 0.980 0.072 0.978 0.892 
0.064 0.980 0.052 0.983 0.858 
0.054 0.981 0.074 0.983 0.921 
0.048 0.985 0.068 0.980 0.896 
0.071 0.977 0.057 0.988 0.870 
0.050 0.983 0.067 0.980 0.892 
0.042 0.986 0.050 0.985 0.902 
0.055 0.978 0.063 0.980 0.915 
0.060 0.983 0.083 0.975 0.930 
0.050 0.984 0.050 0.988 0.883 
0.058 0.978 0.075 0.980 0.886 
0.056 0.983 0.075 0.973 0.899 
0.058 0.980 0.097 0.980 0.956 
0.062 0.980 0.055 0.980 0.873 
0.046 0.985 0.064 0.980 0.921 
0.063 0.974 0.099 0.973 0.915 
0.051 0.982 0.066 0.985 0.864 
0.060 0.984 0.129 0.973 0.956 
0.067 0.983 0.092 0.975 0.930 
0.061 0.982 0.069 0.985 0.905 
0.051 0.984 0.077 0.983 0.940 
0.053 0.984 0.077 0.983 0.930 
0.058 0.980 0.076 0.983 0.924 
0.064 0.980 0.146 0.963 0.943 
0.062 0.983 0.097 0.978 0.940 
0.049 0.984 0.063 0.980 0.927 
0.040 0.988 0.071 0.985 0.915 
0.048 0.982 0.056 0.983 0.886 
0.069 0.983 0.053 0.983 0.883 
0.071 0.979 0.043 0.993 0.870 
0.048 0.984 0.073 0.983 0.943 
0.039 0.984 0.084 0.978 0.956 
0.055 0.983 0.060 0.983 0.918 
0.064 0.983 0.062 0.983 0.892 
0.058 0.980 0.055 0.988 0.854 
0.059 0.980 0.065 0.983 0.886 
0.049 0.987 0.109 0.975 0.940 
0.061 0.979 0.056 0.985 0.851 
0.047 0.985 0.057 0.985 0.908 
0.054 0.984 0.066 0.978 0.902 
0.060 0.980 0.066 0.980 0.943 
0.055 0.982 0.109 0.958 0.835 
0.061 0.978 0.059 0.983 0.886 
0.053 0.982 0.077 0.978 0.902 
0.054 0.981 0.058 0.980 0.877 
0.053 0.984 0.068 0.983 0.943 
0.040 0.989 0.062 0.988 0.902 
0.053 0.984 0.161 0.960 0.953 
0.056 0.984 0.062 0.988 0.883 
0.038 0.986 0.046 0.988 0.896 
0.048 0.985 0.063 0.988 0.902 
0.059 0.980 0.073 0.980 0.899 
0.053 0.983 0.052 0.985 0.867 
0.046 0.984 0.055 0.983 0.883 
0.056 0.978 0.077 0.983 0.930 
0.046 0.985 0.052 0.985 0.889 
0.054 0.980 0.061 0.985 0.930 
0.051 0.984 0.063 0.985 0.924 
0.054 0.985 0.079 0.980 0.934 
0.050 0.983 0.071 0.980 0.902 
0.054 0.984 0.092 0.978 0.905 
0.063 0.980 0.077 0.978 0.924 
0.055 0.982 0.050 0.980 0.883 
0.049 0.983 0.053 0.985 0.851 
0.048 0.985 0.041 0.983 0.892 
0.059 0.983 0.050 0.985 0.908 
0.060 0.980 0.066 0.980 0.902 
0.053 0.983 0.058 0.980 0.911 
0.051 0.984 0.115 0.980 0.937 
0.049 0.982 0.051 0.988 0.896 
0.047 0.985 0.062 0.985 0.918 
0.055 0.981 0.059 0.985 0.889 
0.043 0.986 0.081 0.978 0.892 
0.066 0.979 0.080 0.980 0.953 
0.050 0.985 0.074 0.985 0.949 
0.048 0.982 0.070 0.983 0.889 
0.045 0.985 0.074 0.983 0.930 
0.073 0.979 0.055 0.985 0.861 
0.062 0.981 0.070 0.983 0.937 
0.055 0.983 0.078 0.983 0.927 
0.051 0.982 0.049 0.983 0.889 
0.047 0.985 0.066 0.983 0.940 
0.056 0.979 0.060 0.985 0.911 
0.047 0.987 0.073 0.985 0.915 
0.046 0.985 0.052 0.985 0.905 
0.054 0.980 0.056 0.985 0.915 
0.050 0.983 0.077 0.973 0.832 
0.053 0.984 0.056 0.983 0.899 
0.041 0.983 0.086 0.978 0.959 
0.054 0.985 0.073 0.983 0.892 
0.039 0.989 0.063 0.985 0.918 
0.062 0.980 0.052 0.988 0.896 
0.052 0.982 0.074 0.983 0.918 
0.053 0.983 0.074 0.985 0.946 
0.048 0.983 0.064 0.988 0.943 
0.061 0.985 0.058 0.988 0.889 
0.049 0.982 0.059 0.980 0.921 
0.070 0.978 0.064 0.988 0.845 
0.045 0.984 0.119 0.960 0.870 
0.051 0.983 0.048 0.988 0.883 
0.041 0.983 0.087 0.975 0.934 
0.043 0.986 0.082 0.973 0.956 
0.049 0.984 0.058 0.990 0.867 
0.044 0.988 0.101 0.980 0.921 
0.059 0.982 0.086 0.983 0.930 
0.048 0.985 0.064 0.980 0.873 
0.039 0.983 0.063 0.988 0.899 
0.061 0.985 0.068 0.988 0.927 
0.056 0.989 0.047 0.988 0.905 
0.053 0.982 0.067 0.983 0.953 
0.052 0.986 0.049 0.983 0.908 
0.053 0.983 0.055 0.988 0.886 
0.067 0.982 0.086 0.975 0.908 
0.062 0.980 0.058 0.985 0.896 
0.060 0.980 0.103 0.968 0.940 
0.044 0.989 0.058 0.985 0.902 
0.070 0.982 0.059 0.985 0.823 
0.042 0.984 0.048 0.990 0.880 
0.055 0.985 0.054 0.988 0.902 
0.052 0.985 0.070 0.983 0.899 
0.058 0.981 0.064 0.985 0.899 
0.057 0.985 0.109 0.973 0.953 
0.045 0.986 0.061 0.985 0.940 
0.041 0.987 0.046 0.988 0.896 
0.051 0.983 0.058 0.985 0.934 
0.054 0.984 0.057 0.990 0.911 
0.055 0.983 0.076 0.980 0.930 
0.048 0.984 0.103 0.975 0.937 
0.039 0.989 0.090 0.978 0.943 
0.058 0.983 0.062 0.985 0.921 
0.051 0.983 0.063 0.975 0.924 
0.042 0.985 0.075 0.988 0.889 
0.062 0.983 0.069 0.983 0.883 
0.060 0.982 0.092 0.975 0.905 
0.039 0.985 0.103 0.983 0.902 
0.045 0.985 0.066 0.983 0.867 
0.046 0.986 0.062 0.990 0.873 
0.062 0.985 0.087 0.980 0.902 
0.049 0.984 0.055 0.985 0.867 
0.052 0.983 0.072 0.980 0.915 
0.057 0.979 0.062 0.980 0.870 
0.053 0.983 0.047 0.988 0.892 
0.055 0.983 0.061 0.985 0.902 
0.044 0.986 0.067 0.985 0.851 
0.053 0.985 0.049 0.990 0.892 
0.045 0.985 0.049 0.988 0.858 
0.039 0.986 0.090 0.983 0.927 
0.049 0.982 0.070 0.985 0.905 
0.047 0.989 0.059 0.988 0.902 
0.058 0.980 0.074 0.988 0.924 
0.042 0.986 0.056 0.988 0.905 
0.038 0.988 0.058 0.983 0.927 
0.036 0.988 0.053 0.988 0.883 
0.053 0.982 0.068 0.988 0.899 
0.053 0.981 0.048 0.993 0.877 
0.054 0.982 0.046 0.985 0.854 
0.040 0.986 0.083 0.973 0.899 
0.051 0.984 0.046 0.988 0.886 
0.053 0.982 0.065 0.980 0.886 
0.041 0.982 0.071 0.985 0.896 
0.052 0.979 0.073 0.983 0.896 
0.051 0.982 0.059 0.985 0.880 
0.047 0.987 0.073 0.978 0.940 
0.036 0.987 0.052 0.985 0.877 
0.053 0.984 0.081 0.975 0.921 
0.052 0.980 0.063 0.985 0.908 
0.043 0.988 0.054 0.985 0.870 
0.050 0.986 0.064 0.988 0.889 
0.051 0.982 0.049 0.988 0.889 
0.047 0.986 0.076 0.978 0.915 
0.048 0.984 0.062 0.980 0.877 
0.039 0.988 0.051 0.988 0.908 
0.056 0.981 0.063 0.985 0.899 
0.048 0.987 0.057 0.983 0.911 
0.055 0.984 0.051 0.980 0.924 
0.055 0.980 0.049 0.985 0.902 
0.046 0.984 0.042 0.993 0.880 
0.038 0.985 0.059 0.985 0.911 
0.051 0.984 0.053 0.990 0.889 
0.054 0.984 0.057 0.980 0.886 
0.050 0.985 0.080 0.990 0.886 
0.040 0.988 0.056 0.985 0.905 
0.052 0.983 0.063 0.985 0.918 
0.050 0.982 0.051 0.983 0.889 
0.048 0.984 0.059 0.980 0.899 
0.050 0.985 0.045 0.990 0.870 
0.043 0.987 0.069 0.980 0.902 
0.049 0.988 0.060 0.978 0.937 
0.046 0.986 0.056 0.985 0.918 
0.035 0.988 0.090 0.978 0.956 
0.042 0.989 0.065 0.980 0.956 
0.058 0.982 0.057 0.985 0.902 
0.044 0.985 0.087 0.980 0.943 
0.049 0.984 0.053 0.985 0.896 
0.052 0.983 0.087 0.970 0.940 
0.050 0.984 0.070 0.978 0.934 
0.041 0.986 0.105 0.978 0.943 
0.055 0.982 0.054 0.980 0.918 
0.051 0.984 0.068 0.978 0.899 
0.052 0.984 0.139 0.958 0.940 
0.037 0.988 0.069 0.983 0.946 
0.044 0.988 0.049 0.985 0.905 
0.049 0.985 0.069 0.983 0.908 
0.056 0.982 0.062 0.983 0.924 
0.042 0.983 0.066 0.980 0.921 
0.056 0.981 0.063 0.983 0.918 
0.045 0.984 0.067 0.980 0.905 
0.040 0.988 0.063 0.983 0.915 
0.044 0.983 0.057 0.988 0.892 
0.045 0.989 0.062 0.988 0.886 
0.057 0.981 0.094 0.980 0.924 
0.059 0.983 0.061 0.993 0.880 
0.045 0.986 0.057 0.993 0.848 
0.055 0.983 0.073 0.983 0.927 
0.035 0.990 0.064 0.988 0.858 
0.047 0.985 0.069 0.983 0.899 
0.049 0.984 0.068 0.980 0.921 
0.048 0.984 0.069 0.980 0.911 
0.036 0.987 0.074 0.983 0.943 
0.042 0.985 0.060 0.980 0.886 
0.045 0.989 0.042 0.990 0.877 
0.042 0.987 0.070 0.980 0.896 
0.040 0.988 0.066 0.978 0.889 
0.056 0.982 0.061 0.980 0.870 
0.052 0.980 0.074 0.980 0.905 
0.040 0.986 0.061 0.975 0.892 
0.040 0.982 0.062 0.988 0.896 
0.048 0.981 0.054 0.988 0.908 
0.038 0.988 0.057 0.985 0.902 
0.050 0.985 0.067 0.988 0.902 
0.073 0.979 0.048 0.988 0.892 
0.047 0.983 0.048 0.985 0.896 
0.040 0.986 0.052 0.985 0.918 
0.050 0.978 0.084 0.975 0.924 
0.056 0.981 0.106 0.980 0.937 
0.045 0.985 0.100 0.980 0.930 
0.039 0.988 0.053 0.985 0.867 
0.041 0.985 0.063 0.978 0.880 
0.041 0.986 0.051 0.985 0.927 
0.037 0.986 0.057 0.985 0.915 
0.038 0.990 0.059 0.983 0.870 
0.042 0.984 0.063 0.980 0.892 
0.040 0.988 0.048 0.990 0.870 
0.047 0.982 0.110 0.983 0.937 
0.048 0.986 0.095 0.975 0.896 
0.036 0.987 0.105 0.973 0.930 
0.056 0.985 0.058 0.988 0.886 
0.050 0.985 0.048 0.990 0.886 
0.037 0.988 0.057 0.978 0.930 
0.031 0.991 0.054 0.988 0.873 
0.039 0.987 0.059 0.988 0.892 
0.039 0.987 0.057 0.983 0.845 
0.060 0.983 0.053 0.988 0.883 
0.036 0.990 0.054 0.988 0.883 
0.051 0.985 0.047 0.990 0.899 
0.035 0.990 0.047 0.990 0.870 
0.040 0.985 0.123 0.973 0.962 
0.043 0.986 0.049 0.988 0.905 
0.042 0.986 0.083 0.978 0.949 
0.042 0.983 0.058 0.983 0.877 
0.054 0.982 0.057 0.985 0.905 
0.054 0.985 0.057 0.990 0.892 
0.039 0.986 0.051 0.985 0.889 
0.051 0.984 0.049 0.988 0.908 
0.049 0.981 0.063 0.983 0.905 
0.038 0.989 0.055 0.983 0.927 
0.047 0.982 0.057 0.983 0.880 
0.047 0.985 0.084 0.980 0.911 
0.054 0.982 0.061 0.985 0.896 
0.042 0.986 0.064 0.985 0.915 
0.046 0.985 0.082 0.985 0.899 
0.054 0.986 0.052 0.988 0.911 
0.044 0.985 0.053 0.980 0.905 
0.046 0.985 0.053 0.983 0.880 
0.039 0.988 0.050 0.983 0.886 
0.055 0.981 0.051 0.988 0.873 
0.047 0.985 0.062 0.980 0.924 
0.042 0.987 0.047 0.983 0.870 
0.040 0.982 0.092 0.975 0.905 
0.034 0.988 0.055 0.985 0.886 
0.037 0.989 0.072 0.980 0.892 
0.040 0.986 0.046 0.990 0.896 
0.038 0.988 0.074 0.978 0.921 
0.051 0.985 0.051 0.985 0.867 
0.050 0.986 0.064 0.980 0.902 
0.040 0.988 0.063 0.983 0.896 
0.052 0.982 0.071 0.970 0.858 
0.033 0.986 0.041 0.993 0.873 
0.046 0.986 0.085 0.983 0.924 
0.041 0.986 0.063 0.983 0.940 
0.044 0.985 0.050 0.988 0.918 
0.034 0.989 0.064 0.985 0.905 
0.051 0.984 0.049 0.985 0.918 
0.037 0.990 0.058 0.980 0.934 
0.049 0.985 0.040 0.993 0.883 
0.039 0.989 0.045 0.988 0.858 
0.042 0.984 0.135 0.980 0.943 
0.041 0.988 0.082 0.980 0.915 
0.048 0.984 0.058 0.985 0.902 
0.035 0.989 0.072 0.985 0.937 
0.040 0.988 0.067 0.980 0.899 
0.053 0.983 0.070 0.983 0.905 
0.047 0.984 0.057 0.980 0.889 
0.043 0.986 0.055 0.983 0.889 
0.047 0.986 0.046 0.988 0.905 
0.047 0.983 0.052 0.988 0.915 
0.031 0.991 0.057 0.985 0.946 
0.043 0.986 0.062 0.983 0.889 
0.036 0.986 0.067 0.978 0.905 
0.040 0.990 0.062 0.980 0.877 
0.043 0.989 0.058 0.985 0.848 
0.041 0.986 0.045 0.988 0.832 
0.042 0.986 0.086 0.978 0.902 
0.053 0.986 0.066 0.983 0.902 
0.031 0.991 0.052 0.985 0.902 
0.041 0.986 0.059 0.985 0.867 
0.041 0.985 0.043 0.988 0.908 
0.047 0.983 0.043 0.990 0.873 
0.045 0.986 0.059 0.980 0.886 
0.035 0.987 0.053 0.985 0.883 
0.037 0.989 0.044 0.988 0.889 
0.032 0.989 0.045 0.988 0.899 
0.045 0.985 0.058 0.988 0.880 
0.037 0.988 0.044 0.988 0.905 
0.046 0.985 0.038 0.993 0.883 
0.037 0.988 0.083 0.975 0.896 
0.037 0.990 0.055 0.983 0.867 
0.046 0.984 0.071 0.988 0.911 
0.049 0.985 0.064 0.983 0.924 
0.049 0.982 0.087 0.980 0.902 
0.041 0.986 0.057 0.980 0.908 
0.037 0.986 0.066 0.988 0.889 
0.046 0.985 0.105 0.985 0.911 
0.033 0.990 0.045 0.990 0.877 
0.043 0.983 0.045 0.990 0.870 
0.031 0.990 0.067 0.980 0.908 
0.037 0.989 0.170 0.983 0.899 
0.061 0.986 0.057 0.983 0.896 
0.048 0.985 0.059 0.988 0.883 
0.040 0.986 0.079 0.985 0.915 
0.038 0.988 0.083 0.980 0.918 
0.044 0.986 0.065 0.988 0.877 
0.054 0.985 0.045 0.988 0.867 
0.026 0.991 0.068 0.985 0.930 
0.044 0.987 0.045 0.985 0.924 
0.036 0.989 0.059 0.985 0.908 
0.028 0.990 0.085 0.980 0.807 
0.051 0.983 0.053 0.983 0.892 
0.047 0.983 0.050 0.993 0.861 
0.025 0.991 0.048 0.990 0.896 
0.065 0.985 0.047 0.988 0.823 
0.056 0.986 0.059 0.983 0.896 
0.043 0.983 0.048 0.988 0.889 
0.040 0.989 0.066 0.980 0.848 
0.048 0.986 0.064 0.983 0.905 
0.038 0.987 0.055 0.985 0.921 
0.046 0.983 0.052 0.988 0.870 
0.050 0.982 0.051 0.988 0.886 
0.035 0.985 0.100 0.983 0.930 
0.038 0.988 0.058 0.988 0.851 
0.044 0.984 0.041 0.985 0.896 
0.032 0.986 0.047 0.985 0.908 
0.038 0.986 0.051 0.985 0.905 
0.041 0.988 0.043 0.993 0.870 
0.045 0.984 0.049 0.990 0.889 
0.034 0.988 0.048 0.988 0.921 
0.046 0.985 0.043 0.990 0.883 
0.037 0.989 0.053 0.985 0.902 
0.052 0.982 0.057 0.990 0.880 
0.041 0.989 0.052 0.985 0.930 
0.050 0.981 0.057 0.975 0.927 
0.047 0.982 0.040 0.988 0.867 
0.035 0.988 0.039 0.993 0.873 
0.039 0.988 0.040 0.988 0.880 
0.040 0.988 0.061 0.988 0.883 
0.040 0.988 0.048 0.985 0.899 
0.037 0.987 0.039 0.993 0.877 
0.037 0.990 0.038 0.993 0.899 
0.046 0.983 0.045 0.990 0.889 
0.045 0.984 0.042 0.988 0.902 
0.071 0.983 0.050 0.988 0.867 
0.032 0.988 0.065 0.978 0.854 
0.046 0.986 0.050 0.988 0.889 
0.036 0.986 0.051 0.985 0.892 
0.041 0.985 0.064 0.978 0.870 
0.035 0.988 0.054 0.993 0.845 
0.034 0.986 0.058 0.985 0.911 
0.040 0.984 0.052 0.988 0.867 
0.024 0.992 0.039 0.993 0.892 
0.045 0.987 0.054 0.985 0.915 
0.038 0.988 0.066 0.983 0.927 
0.044 0.985 0.054 0.988 0.886 
0.038 0.986 0.055 0.988 0.905 
0.040 0.988 0.054 0.988 0.930 
0.058 0.990 0.082 0.983 0.899 
0.050 0.980 0.057 0.985 0.883 
0.041 0.989 0.052 0.985 0.883 
0.028 0.990 0.063 0.975 0.899 
0.042 0.988 0.075 0.985 0.877 
0.058 0.985 0.051 0.988 0.889 
0.045 0.988 0.045 0.988 0.886 
0.035 0.986 0.054 0.990 0.918 
0.042 0.985 0.068 0.988 0.927 
0.044 0.986 0.044 0.990 0.902 
0.049 0.985 0.065 0.988 0.924 
0.035 0.985 0.040 0.993 0.905 
0.043 0.986 0.047 0.990 0.902 
0.041 0.987 0.061 0.988 0.873 
0.041 0.984 0.051 0.988 0.934 
0.041 0.989 0.046 0.993 0.873 
0.032 0.990 0.061 0.983 0.915 
0.034 0.989 0.065 0.988 0.905 
0.047 0.982 0.071 0.985 0.886 
0.043 0.988 0.052 0.988 0.883 
0.028 0.991 0.060 0.985 0.880 
0.042 0.986 0.049 0.993 0.880 
0.032 0.990 0.084 0.980 0.870 
0.034 0.988 0.052 0.988 0.892 
0.039 0.986 0.061 0.980 0.915 
0.048 0.982 0.105 0.983 0.921 
0.038 0.985 0.050 0.988 0.908 
0.041 0.989 0.110 0.985 0.940 
0.042 0.986 0.057 0.983 0.889 
0.040 0.986 0.049 0.990 0.886 
0.043 0.985 0.053 0.988 0.877 
0.052 0.986 0.070 0.980 0.899 
0.041 0.985 0.070 0.980 0.902 
0.045 0.986 0.061 0.980 0.918 
0.044 0.985 0.063 0.980 0.889 
0.037 0.989 0.056 0.985 0.899 
0.035 0.988 0.098 0.980 0.921 
0.044 0.989 0.062 0.985 0.816 
0.027 0.991 0.054 0.985 0.886 
0.036 0.989 0.046 0.985 0.883 
0.043 0.988 0.065 0.978 0.908 
0.032 0.989 0.113 0.973 0.889 
0.050 0.986 0.089 0.978 0.927 
0.033 0.989 0.077 0.975 0.930 
0.031 0.987 0.065 0.985 0.867 
0.045 0.988 0.083 0.975 0.873 
0.036 0.990 0.046 0.988 0.899 
0.044 0.988 0.049 0.988 0.908 
0.034 0.989 0.062 0.978 0.902 
0.031 0.991 0.064 0.978 0.886 
0.028 0.991 0.051 0.988 0.896 
0.032 0.990 0.069 0.978 0.918 
0.044 0.987 0.062 0.983 0.892 
0.041 0.987 0.081 0.975 0.924 
0.045 0.984 0.050 0.988 0.877 
0.046 0.988 0.045 0.988 0.880 
0.041 0.987 0.043 0.990 0.918 
0.042 0.988 0.044 0.985 0.915 
0.041 0.986 0.069 0.980 0.921 
0.022 0.993 0.053 0.983 0.927 
0.039 0.988 0.045 0.985 0.902 
0.040 0.988 0.066 0.985 0.943 
0.036 0.991 0.051 0.988 0.892 
0.022 0.993 0.051 0.988 0.899 
0.041 0.991 0.050 0.983 0.889 
0.035 0.989 0.082 0.973 0.927 
0.029 0.990 0.051 0.993 0.918 
0.054 0.988 0.044 0.993 0.883 
0.042 0.985 0.049 0.990 0.905 
0.031 0.989 0.055 0.988 0.886 
0.047 0.985 0.046 0.993 0.883 
0.045 0.985 0.062 0.983 0.918 
0.032 0.989 0.067 0.978 0.902 
0.031 0.991 0.068 0.983 0.949 
0.045 0.986 0.060 0.983 0.845 
0.041 0.985 0.044 0.990 0.911 
0.041 0.990 0.066 0.983 0.854 
0.031 0.990 0.104 0.968 0.953 
0.037 0.988 0.052 0.985 0.921 
0.034 0.991 0.059 0.980 0.908 
0.038 0.991 0.079 0.983 0.899 
0.046 0.985 0.057 0.993 0.861 
0.039 0.984 0.071 0.983 0.823 
0.039 0.984 0.062 0.990 0.902 
0.040 0.986 0.057 0.985 0.902 
0.038 0.990 0.264 0.978 0.915 
0.052 0.985 0.047 0.985 0.915 
0.047 0.986 0.042 0.993 0.877 
0.054 0.984 0.060 0.988 0.854 
0.043 0.986 0.067 0.980 0.896 
0.029 0.989 0.062 0.983 0.940 
0.033 0.990 0.077 0.975 0.921 
0.030 0.987 0.045 0.993 0.892 
0.027 0.989 0.048 0.990 0.902 
0.045 0.989 0.046 0.988 0.908 
0.026 0.990 0.054 0.990 0.870 
0.035 0.991 0.049 0.993 0.877 
0.034 0.987 0.056 0.990 0.889 
0.033 0.989 0.051 0.988 0.908 
0.033 0.989 0.051 0.988 0.918 
0.047 0.985 0.048 0.988 0.899 
0.026 0.991 0.059 0.985 0.924 
0.036 0.988 0.069 0.983 0.921 
0.039 0.984 0.056 0.993 0.864 
0.044 0.989 0.056 0.980 0.880 
0.034 0.987 0.041 0.990 0.915 
0.051 0.984 0.092 0.963 0.949 
0.039 0.986 0.050 0.990 0.886 
0.035 0.986 0.051 0.988 0.927 
0.044 0.987 0.062 0.980 0.908 
0.042 0.988 0.061 0.988 0.892 
0.035 0.989 0.082 0.973 0.937 
0.040 0.987 0.053 0.990 0.911 
0.040 0.984 0.051 0.988 0.880 
0.049 0.988 0.046 0.990 0.896 
0.040 0.989 0.040 0.988 0.899 
0.034 0.988 0.053 0.995 0.870 
0.044 0.989 0.077 0.988 0.899 
0.044 0.986 0.052 0.988 0.911 
0.046 0.988 0.047 0.993 0.867 
0.043 0.986 0.048 0.988 0.886 
0.038 0.987 0.044 0.988 0.873 
0.040 0.986 0.044 0.988 0.905 
0.038 0.985 0.048 0.993 0.902 
0.034 0.987 0.046 0.993 0.883 
0.032 0.992 0.044 0.988 0.905 
0.043 0.985 0.056 0.983 0.886 
0.042 0.988 0.055 0.988 0.908 
0.040 0.987 0.055 0.993 0.892 
0.041 0.987 0.057 0.990 0.886 
0.047 0.984 0.044 0.993 0.867 
0.034 0.990 0.050 0.990 0.896 
0.033 0.988 0.047 0.990 0.908 
0.041 0.986 0.057 0.993 0.877 
0.032 0.990 0.057 0.985 0.927 
0.051 0.984 0.051 0.990 0.877 
0.040 0.989 0.050 0.988 0.911 
0.026 0.989 0.051 0.993 0.880 
0.033 0.991 0.052 0.993 0.889 
0.048 0.988 0.073 0.978 0.940 
0.035 0.986 0.072 0.975 0.911 
0.032 0.990 0.074 0.978 0.915 
0.032 0.989 0.079 0.988 0.873 
0.035 0.990 0.081 0.978 0.902 
0.031 0.989 0.070 0.983 0.908 
0.045 0.985 0.058 0.988 0.908 
0.037 0.986 0.064 0.985 0.930 
0.037 0.989 0.073 0.985 0.896 
0.031 0.989 0.046 0.988 0.911 
0.042 0.984 0.046 0.990 0.867 
0.040 0.989 0.043 0.993 0.877 
0.038 0.986 0.048 0.988 0.896 
0.041 0.989 0.047 0.993 0.873 
0.033 0.990 0.061 0.993 0.842 
0.034 0.991 0.050 0.985 0.924 
0.025 0.991 0.061 0.983 0.927 
0.034 0.990 0.048 0.993 0.896 
0.035 0.987 0.056 0.988 0.921 
0.035 0.988 0.069 0.985 0.937 
0.040 0.988 0.043 0.990 0.896 
0.029 0.991 0.070 0.980 0.880 
0.037 0.988 0.077 0.980 0.937 
0.036 0.989 0.055 0.983 0.934 
0.032 0.990 0.048 0.990 0.927 
0.056 0.982 0.052 0.990 0.880 
0.039 0.984 0.054 0.985 0.924 
0.030 0.991 0.047 0.988 0.921 
0.044 0.987 0.078 0.980 0.892 
0.038 0.989 0.063 0.983 0.873 
0.036 0.989 0.060 0.988 0.870 
0.043 0.986 0.070 0.985 0.927 
0.041 0.984 0.055 0.985 0.911 
0.032 0.989 0.090 0.980 0.949 
0.037 0.988 0.060 0.985 0.915 
0.025 0.991 0.076 0.978 0.921 
0.041 0.986 0.044 0.993 0.842 
0.045 0.982 0.056 0.988 0.915 
0.036 0.988 0.057 0.983 0.927 
0.039 0.988 0.046 0.988 0.883 
0.042 0.988 0.085 0.980 0.880 
0.050 0.983 0.053 0.993 0.877 
0.047 0.986 0.044 0.993 0.902 
0.030 0.986 0.053 0.988 0.915 
0.029 0.988 0.050 0.988 0.896 
0.036 0.991 0.048 0.990 0.930 
0.037 0.989 0.082 0.985 0.911 
0.049 0.986 0.091 0.978 0.915 
0.045 0.986 0.056 0.988 0.854 
0.041 0.984 0.062 0.978 0.889 
0.040 0.984 0.058 0.983 0.905 
0.037 0.988 0.057 0.985 0.908 
0.041 0.989 0.039 0.993 0.880 
0.025 0.991 0.065 0.983 0.883 
0.025 0.990 0.083 0.975 0.937 
0.049 0.986 0.061 0.988 0.905 
0.038 0.989 0.069 0.988 0.896 
0.031 0.989 0.064 0.980 0.930 
0.046 0.988 0.093 0.968 0.934 
0.039 0.985 0.046 0.990 0.886 
0.036 0.989 0.047 0.990 0.905 
0.045 0.984 0.045 0.990 0.892 
0.045 0.984 0.065 0.980 0.883 
0.052 0.984 0.046 0.990 0.883 
0.041 0.984 0.062 0.985 0.911 
0.034 0.991 0.081 0.978 0.921 
0.047 0.984 0.065 0.980 0.899 
0.032 0.989 0.067 0.980 0.905 
0.039 0.985 0.066 0.978 0.918 
0.037 0.988 0.049 0.985 0.896 
0.031 0.989 0.054 0.990 0.873 
0.037 0.985 0.053 0.988 0.861 
0.031 0.990 0.050 0.988 0.899 
0.036 0.989 0.059 0.983 0.918 
0.054 0.985 0.065 0.983 0.861 
0.038 0.988 0.049 0.990 0.905 
0.046 0.983 0.052 0.990 0.921 
0.029 0.991 0.068 0.990 0.930 
0.041 0.986 0.073 0.988 0.946 
0.044 0.986 0.057 0.988 0.896 
0.044 0.988 0.059 0.983 0.905 
0.044 0.988 0.060 0.988 0.892 
0.037 0.986 0.049 0.988 0.905 
0.032 0.986 0.051 0.983 0.902 
0.032 0.988 0.058 0.983 0.899 
0.041 0.986 0.069 0.983 0.924 
0.047 0.984 0.051 0.993 0.892 
0.048 0.985 0.065 0.985 0.911 
0.032 0.989 0.067 0.985 0.927 
0.049 0.983 0.053 0.993 0.880 
0.027 0.990 0.053 0.985 0.902 
0.037 0.988 0.058 0.990 0.918 
0.033 0.989 0.069 0.990 0.930 
0.041 0.984 0.081 0.990 0.927 
0.060 0.982 0.093 0.975 0.902 
0.042 0.983 0.045 0.990 0.905 
0.029 0.991 0.061 0.988 0.915 
0.061 0.984 0.052 0.988 0.867 
0.037 0.987 0.049 0.993 0.896 
0.045 0.985 0.050 0.988 0.921 
0.041 0.986 0.054 0.985 0.927 
0.032 0.989 0.062 0.985 0.918 
0.028 0.990 0.059 0.990 0.883 
0.033 0.987 0.057 0.993 0.915 
0.029 0.992 0.062 0.983 0.940 
0.035 0.990 0.044 0.988 0.902 
0.027 0.991 0.044 0.990 0.911 
0.044 0.989 0.046 0.993 0.896 
0.035 0.986 0.062 0.980 0.915 
0.046 0.986 0.065 0.973 0.877 
0.041 0.986 0.044 0.988 0.896 
0.034 0.986 0.051 0.990 0.889 
0.033 0.989 0.061 0.983 0.927 
0.044 0.986 0.041 0.993 0.908 
0.033 0.990 0.064 0.988 0.892 
0.037 0.989 0.046 0.990 0.867 
0.031 0.990 0.047 0.990 0.908 
0.029 0.989 0.041 0.993 0.873 
0.037 0.990 0.045 0.985 0.927 
0.037 0.987 0.044 0.993 0.908 
0.042 0.988 0.043 0.990 0.896 
0.040 0.986 0.046 0.990 0.918 
0.028 0.990 0.064 0.988 0.880 
0.032 0.989 0.058 0.990 0.892 
0.025 0.992 0.045 0.990 0.905 
0.042 0.991 0.044 0.993 0.911 
0.067 0.983 0.048 0.988 0.845 
0.037 0.985 0.052 0.990 0.911 
0.034 0.991 0.051 0.990 0.911 
0.037 0.986 0.042 0.990 0.896 
0.032 0.991 0.046 0.990 0.911 
0.035 0.990 0.135 0.990 0.934 
0.052 0.984 0.049 0.990 0.892 
0.034 0.987 0.058 0.990 0.899 
0.035 0.985 0.051 0.988 0.905 
0.030 0.991 0.046 0.993 0.880 
0.033 0.988 0.050 0.985 0.883 
0.036 0.988 0.041 0.990 0.899 
0.020 0.995 0.053 0.993 0.877 
0.034 0.990 0.043 0.993 0.902 
0.045 0.988 0.061 0.993 0.892 
0.023 0.993 0.086 0.978 0.949 
0.041 0.989 0.074 0.985 0.946 
0.029 0.990 0.057 0.983 0.924 
0.034 0.991 0.051 0.988 0.924 
0.043 0.983 0.056 0.985 0.892 
0.041 0.990 0.052 0.990 0.889 
0.039 0.989 0.046 0.993 0.877 
0.029 0.990 0.049 0.990 0.886 
0.037 0.988 0.064 0.978 0.861 
0.025 0.991 0.072 0.978 0.934 
0.040 0.987 0.047 0.993 0.892 
0.044 0.992 0.044 0.993 0.899 
0.024 0.993 0.040 0.993 0.905 
0.043 0.985 0.036 0.993 0.889 
0.034 0.988 0.044 0.990 0.883 
0.031 0.991 0.045 0.993 0.880 
0.030 0.989 0.034 0.993 0.858 
0.027 0.992 0.043 0.988 0.886 
0.039 0.984 0.043 0.993 0.892 
0.042 0.986 0.054 0.990 0.883 
0.061 0.984 0.063 0.985 0.864 
0.050 0.986 0.044 0.988 0.873 
0.057 0.985 0.051 0.993 0.880 
0.039 0.988 0.048 0.990 0.889 
0.051 0.983 0.052 0.990 0.858 
0.045 0.986 0.046 0.993 0.899 
0.031 0.990 0.046 0.988 0.889 
0.042 0.985 0.049 0.988 0.858 
0.038 0.992 0.050 0.988 0.902 
0.025 0.993 0.045 0.988 0.889 
0.032 0.988 0.053 0.985 0.873 
0.027 0.992 0.053 0.985 0.908 
0.030 0.991 0.050 0.988 0.896 
0.037 0.986 0.043 0.990 0.877 
