0.298 0.885 0.163 0.950 1.000 
0.185 0.935 0.163 0.955 0.997 
0.116 0.961 0.121 0.973 1.000 
0.118 0.959 0.110 0.965 1.000 
0.100 0.968 0.130 0.958 1.000 
0.115 0.964 0.106 0.970 1.000 
0.100 0.968 0.135 0.963 0.972 
0.076 0.972 0.099 0.968 0.962 
0.096 0.972 0.130 0.970 0.928 
0.096 0.970 0.124 0.975 1.000 
0.089 0.977 0.107 0.970 1.000 
0.071 0.981 0.081 0.983 1.000 
0.071 0.979 0.080 0.978 1.000 
0.074 0.979 0.093 0.980 1.000 
0.068 0.978 0.083 0.975 1.000 
0.060 0.979 0.088 0.970 0.969 
0.067 0.979 0.075 0.970 1.000 
0.078 0.976 0.079 0.980 0.976 
0.065 0.980 0.083 0.980 1.000 
0.074 0.983 0.077 0.980 0.300 
0.052 0.986 0.097 0.980 1.000 
0.075 0.979 0.098 0.973 0.976 
0.063 0.983 0.089 0.983 0.993 
0.061 0.980 0.086 0.980 0.369 
0.059 0.983 0.089 0.978 1.000 
0.057 0.983 0.086 0.980 0.110 
0.052 0.986 0.109 0.958 0.993 
0.056 0.985 0.080 0.983 1.000 
0.050 0.986 0.072 0.983 0.052 
0.049 0.986 0.084 0.978 0.990 
0.050 0.985 0.085 0.975 0.741 
0.046 0.988 0.054 0.985 1.000 
0.052 0.982 0.058 0.988 0.883 
0.054 0.984 0.088 0.978 0.986 
0.055 0.982 0.070 0.980 0.845 
0.042 0.988 0.142 0.958 0.238 
0.048 0.985 0.133 0.963 0.000 
0.040 0.992 0.069 0.980 0.997 
0.058 0.982 0.091 0.970 0.072 
0.056 0.985 0.104 0.980 0.007 
0.054 0.985 0.101 0.978 0.600 
0.055 0.985 0.074 0.985 0.997 
0.043 0.987 0.070 0.980 0.383 
0.042 0.988 0.062 0.980 0.393 
0.041 0.986 0.077 0.978 0.869 
0.046 0.988 0.066 0.985 0.959 
0.046 0.985 0.083 0.978 0.897 
0.047 0.985 0.085 0.983 1.000 
0.042 0.988 0.078 0.980 0.993 
0.056 0.985 0.099 0.980 1.000 
0.046 0.985 0.062 0.985 0.969 
0.038 0.986 0.099 0.973 0.990 
0.046 0.987 0.080 0.973 0.993 
0.045 0.989 0.083 0.975 1.000 
0.049 0.984 0.055 0.985 1.000 
0.043 0.985 0.068 0.983 0.997 
0.036 0.989 0.067 0.988 0.952 
0.043 0.988 0.119 0.955 0.297 
0.040 0.990 0.065 0.985 0.786 
0.042 0.992 0.140 0.948 1.000 
0.041 0.991 0.069 0.980 0.993 
0.036 0.990 0.066 0.978 0.814 
0.038 0.989 0.089 0.975 1.000 
0.043 0.988 0.082 0.980 0.934 
0.042 0.987 0.061 0.985 0.976 
0.040 0.986 0.066 0.985 0.734 
0.030 0.990 0.052 0.985 0.728 
0.036 0.991 0.056 0.990 0.838 
0.038 0.991 0.074 0.985 0.955 
0.037 0.991 0.063 0.985 1.000 
0.036 0.990 0.071 0.983 0.966 
0.034 0.991 0.071 0.983 1.000 
0.037 0.990 0.069 0.978 0.545 
0.036 0.991 0.073 0.985 0.976 
0.031 0.992 0.077 0.985 1.000 
0.040 0.990 0.052 0.985 1.000 
0.035 0.992 0.101 0.978 0.976 
0.028 0.993 0.077 0.980 0.962 
0.031 0.990 0.088 0.968 0.979 
0.029 0.989 0.174 0.960 0.438 
0.041 0.989 0.111 0.948 1.000 
0.035 0.991 0.105 0.963 1.000 
0.034 0.989 0.094 0.973 0.886 
0.032 0.991 0.077 0.975 1.000 
0.038 0.988 0.090 0.983 0.224 
0.044 0.990 0.086 0.978 0.534 
0.028 0.994 0.093 0.970 1.000 
0.049 0.988 0.110 0.968 0.872 
0.035 0.990 0.115 0.960 0.997 
0.031 0.990 0.091 0.980 0.341 
0.033 0.991 0.069 0.978 0.997 
0.035 0.989 0.129 0.960 0.938 
0.038 0.991 0.106 0.965 0.717 
0.038 0.990 0.157 0.940 0.983 
0.040 0.990 0.210 0.935 1.000 
0.038 0.992 0.159 0.940 0.997 
0.035 0.990 0.077 0.978 1.000 
0.029 0.992 0.061 0.985 0.217 
0.031 0.991 0.070 0.983 0.993 
0.027 0.995 0.168 0.953 1.000 
0.040 0.990 0.109 0.963 0.821 
0.025 0.995 0.062 0.985 1.000 
0.037 0.991 0.087 0.978 1.000 
0.032 0.991 0.075 0.980 1.000 
0.032 0.992 0.145 0.958 1.000 
0.033 0.992 0.077 0.980 1.000 
0.030 0.991 0.090 0.975 1.000 
0.035 0.991 0.127 0.953 0.997 
0.030 0.989 0.061 0.978 0.397 
0.028 0.992 0.052 0.985 0.990 
0.037 0.990 0.116 0.960 0.955 
0.024 0.991 0.065 0.988 0.017 
0.028 0.996 0.063 0.983 0.755 
0.030 0.993 0.320 0.927 0.997 
0.034 0.991 0.117 0.958 0.834 
0.023 0.996 0.201 0.953 0.997 
0.038 0.990 0.140 0.945 0.472 
0.031 0.990 0.107 0.970 0.724 
0.036 0.993 0.099 0.973 0.997 
0.031 0.992 0.145 0.935 0.997 
0.031 0.992 0.066 0.983 0.952 
0.027 0.993 0.079 0.978 0.997 
0.041 0.991 0.083 0.983 0.993 
0.027 0.992 0.106 0.983 0.848 
0.034 0.995 0.133 0.960 0.948 
0.031 0.993 0.130 0.955 1.000 
0.032 0.991 0.090 0.978 1.000 
0.030 0.993 0.101 0.980 1.000 
0.042 0.989 0.186 0.927 0.993 
0.030 0.991 0.112 0.960 1.000 
0.031 0.994 0.083 0.970 0.990 
0.026 0.992 0.069 0.978 0.986 
0.028 0.991 0.087 0.970 1.000 
0.028 0.992 0.095 0.973 1.000 
0.028 0.992 0.141 0.948 1.000 
0.032 0.989 0.098 0.980 0.910 
0.033 0.992 0.071 0.983 0.059 
0.023 0.992 0.098 0.968 0.993 
0.029 0.991 0.065 0.983 0.928 
0.034 0.990 0.049 0.988 0.917 
0.027 0.993 0.057 0.985 0.603 
0.031 0.990 0.129 0.948 0.993 
0.030 0.992 0.098 0.948 0.755 
0.023 0.995 0.076 0.980 0.745 
0.023 0.995 0.223 0.948 0.138 
0.031 0.991 0.118 0.973 0.776 
0.027 0.994 0.078 0.975 1.000 
0.029 0.992 0.075 0.983 0.976 
0.030 0.993 0.219 0.940 1.000 
0.032 0.989 0.115 0.970 1.000 
0.024 0.992 0.146 0.955 1.000 
0.023 0.993 0.155 0.973 0.959 
0.028 0.991 0.143 0.948 0.910 
0.025 0.994 0.112 0.980 0.972 
0.022 0.995 0.104 0.983 1.000 
0.030 0.990 0.105 0.973 0.748 
0.032 0.990 0.132 0.943 1.000 
0.023 0.996 0.106 0.975 1.000 
0.027 0.993 0.151 0.958 1.000 
0.023 0.995 0.204 0.945 0.879 
0.024 0.993 0.110 0.985 0.934 
0.029 0.992 0.127 0.973 0.997 
0.029 0.993 0.113 0.988 0.876 
0.028 0.991 0.112 0.975 1.000 
0.029 0.992 0.131 0.973 0.979 
0.028 0.992 0.156 0.975 0.997 
0.025 0.994 0.095 0.980 0.993 
0.019 0.995 0.097 0.975 1.000 
0.028 0.992 0.089 0.988 1.000 
0.037 0.991 0.099 0.970 1.000 
0.028 0.992 0.050 0.990 0.948 
0.028 0.993 0.132 0.958 0.921 
0.025 0.995 0.087 0.958 1.000 
0.028 0.991 0.055 0.990 0.362 
0.026 0.992 0.053 0.988 0.021 
0.028 0.995 0.142 0.960 1.000 
0.031 0.992 0.071 0.965 0.997 
0.038 0.990 0.054 0.983 0.966 
0.025 0.994 0.083 0.973 1.000 
0.022 0.993 0.112 0.978 0.997 
0.034 0.995 0.060 0.988 0.217 
0.027 0.993 0.066 0.985 0.000 
0.027 0.996 0.149 0.958 0.983 
0.024 0.994 0.083 0.980 0.131 
0.022 0.994 0.103 0.985 0.014 
0.024 0.994 0.097 0.983 0.007 
0.026 0.993 0.106 0.975 0.979 
0.026 0.991 0.085 0.988 0.831 
0.025 0.993 0.074 0.980 0.993 
0.024 0.992 0.092 0.978 0.917 
0.022 0.995 0.086 0.983 0.300 
0.042 0.990 0.082 0.980 0.010 
0.022 0.996 0.065 0.980 0.000 
0.019 0.996 0.056 0.988 0.410 
0.024 0.993 0.064 0.985 0.969 
0.028 0.995 0.132 0.948 0.993 
0.022 0.995 0.081 0.975 1.000 
0.023 0.993 0.063 0.983 1.000 
0.028 0.993 0.076 0.985 0.945 
0.035 0.991 0.117 0.975 0.097 
0.022 0.995 0.055 0.993 0.428 
0.027 0.993 0.165 0.945 0.986 
0.028 0.993 0.102 0.973 0.600 
0.023 0.992 0.080 0.978 0.607 
0.026 0.993 0.109 0.963 0.990 
0.037 0.992 0.127 0.985 0.959 
0.036 0.992 0.088 0.980 0.979 
0.033 0.992 0.101 0.985 0.155 
0.028 0.992 0.085 0.983 0.862 
0.018 0.993 0.117 0.975 0.959 
0.021 0.994 0.062 0.988 0.286 
0.032 0.990 0.058 0.990 0.938 
0.025 0.994 0.134 0.978 0.969 
0.034 0.992 0.123 0.980 0.362 
0.020 0.996 0.162 0.978 0.359 
0.038 0.990 0.171 0.955 0.590 
0.025 0.995 0.178 0.968 0.983 
0.023 0.994 0.110 0.978 0.141 
0.031 0.995 0.169 0.943 0.497 
0.028 0.994 0.063 0.985 0.241 
0.038 0.995 0.159 0.948 0.814 
0.025 0.995 0.096 0.983 0.379 
0.028 0.992 0.111 0.975 0.503 
0.019 0.993 0.106 0.980 0.990 
0.027 0.995 0.099 0.983 0.986 
0.032 0.993 0.056 0.975 0.976 
0.027 0.992 0.064 0.980 0.986 
0.014 0.998 0.073 0.985 0.624 
0.021 0.993 0.093 0.985 0.976 
0.021 0.995 0.099 0.983 0.983 
0.034 0.990 0.226 0.953 1.000 
0.024 0.993 0.186 0.970 0.162 
0.022 0.996 0.140 0.985 0.793 
0.033 0.991 0.117 0.980 1.000 
0.016 0.996 0.123 0.990 0.986 
0.017 0.996 0.100 0.985 1.000 
0.027 0.992 0.161 0.958 0.997 
0.024 0.995 0.217 0.945 0.997 
0.020 0.993 0.150 0.978 0.993 
0.024 0.992 0.143 0.970 0.983 
0.020 0.995 0.109 0.990 0.990 
0.025 0.995 0.118 0.958 0.993 
0.022 0.995 0.118 0.965 0.993 
0.018 0.995 0.108 0.983 0.979 
0.040 0.991 0.193 0.958 0.690 
0.027 0.995 0.160 0.953 0.986 
0.025 0.993 0.155 0.968 0.997 
0.022 0.994 0.156 0.953 0.990 
0.023 0.995 0.153 0.965 0.545 
0.021 0.996 0.092 0.990 0.917 
0.026 0.995 0.110 0.975 1.000 
0.036 0.992 0.150 0.945 1.000 
0.025 0.993 0.201 0.978 1.000 
0.023 0.994 0.397 0.932 0.952 
0.027 0.995 0.167 0.978 1.000 
0.030 0.993 0.178 0.975 1.000 
0.026 0.994 0.218 0.932 1.000 
0.016 0.996 0.045 0.988 0.759 
0.024 0.994 0.027 0.995 0.990 
0.020 0.994 0.092 0.985 0.979 
0.014 0.996 0.221 0.953 1.000 
0.024 0.995 0.212 0.943 0.910 
0.021 0.991 0.145 0.948 1.000 
0.018 0.996 0.098 0.978 1.000 
0.026 0.992 0.115 0.970 0.969 
0.021 0.992 0.166 0.980 0.107 
0.018 0.995 0.182 0.975 1.000 
0.029 0.993 0.038 0.990 0.993 
0.020 0.994 0.085 0.978 1.000 
0.023 0.994 0.125 0.970 0.983 
0.039 0.991 0.150 0.940 1.000 
0.023 0.994 0.095 0.970 0.855 
0.014 0.996 0.081 0.988 0.234 
0.026 0.991 0.076 0.980 0.993 
0.017 0.997 0.096 0.973 1.000 
0.018 0.996 0.140 0.970 1.000 
0.027 0.992 0.102 0.978 0.779 
0.017 0.996 0.112 0.978 0.438 
0.020 0.994 0.107 0.980 0.907 
0.029 0.995 0.105 0.970 0.703 
0.025 0.992 0.130 0.978 0.190 
0.029 0.989 0.130 0.973 0.238 
0.021 0.996 0.108 0.980 0.866 
0.012 0.996 0.136 0.985 0.990 
0.018 0.994 0.241 0.935 1.000 
0.022 0.995 0.188 0.968 0.783 
0.015 0.995 0.180 0.990 0.103 
0.022 0.995 0.188 0.973 1.000 
0.031 0.994 0.073 0.980 0.066 
0.025 0.995 0.048 0.983 0.607 
0.022 0.996 0.076 0.978 0.186 
0.028 0.993 0.067 0.985 0.997 
0.023 0.995 0.071 0.980 0.979 
0.017 0.992 0.094 0.988 0.831 
0.024 0.995 0.123 0.985 0.252 
0.028 0.994 0.143 0.968 0.986 
0.024 0.994 0.087 0.985 0.797 
0.031 0.992 0.105 0.970 0.717 
0.021 0.992 0.135 0.968 0.972 
0.021 0.994 0.117 0.970 0.969 
0.016 0.994 0.132 0.978 0.266 
0.022 0.995 0.114 0.980 0.997 
0.015 0.996 0.138 0.973 1.000 
0.022 0.996 0.080 0.985 0.848 
0.019 0.996 0.077 0.980 0.641 
0.023 0.994 0.119 0.960 0.997 
0.024 0.995 0.123 0.960 0.893 
0.024 0.993 0.081 0.975 0.793 
0.022 0.993 0.150 0.963 0.938 
0.025 0.994 0.076 0.978 0.997 
0.026 0.994 0.077 0.985 0.997 
0.021 0.995 0.041 0.993 0.700 
0.019 0.996 0.122 0.968 0.969 
0.021 0.993 0.106 0.970 0.993 
0.023 0.992 0.144 0.973 0.841 
0.016 0.996 0.107 0.985 0.355 
0.013 0.996 0.099 0.985 0.834 
0.024 0.991 0.132 0.978 0.990 
0.020 0.994 0.128 0.978 0.993 
0.020 0.995 0.226 0.985 0.269 
0.031 0.995 0.136 0.970 0.931 
0.030 0.995 0.059 0.980 0.897 
0.025 0.993 0.086 0.973 0.979 
0.017 0.995 0.159 0.958 0.997 
0.021 0.995 0.106 0.978 0.886 
0.034 0.992 0.100 0.980 1.000 
0.017 0.996 0.128 0.978 0.997 
0.019 0.995 0.082 0.973 0.997 
0.026 0.993 0.135 0.970 0.997 
0.017 0.995 0.232 0.943 1.000 
0.017 0.996 0.078 0.970 0.866 
0.025 0.992 0.121 0.958 0.886 
0.023 0.994 0.058 0.980 0.403 
0.022 0.995 0.120 0.968 0.724 
0.021 0.994 0.094 0.993 0.259 
0.025 0.996 0.090 0.978 0.983 
0.029 0.993 0.115 0.973 0.986 
0.017 0.996 0.103 0.980 0.766 
0.023 0.993 0.045 0.985 0.848 
0.031 0.991 0.081 0.973 0.976 
0.012 0.996 0.044 0.983 0.993 
0.018 0.993 0.104 0.980 0.355 
0.024 0.993 0.197 0.958 0.976 
0.022 0.994 0.078 0.985 0.976 
0.026 0.993 0.165 0.975 0.990 
0.023 0.993 0.157 0.980 0.000 
0.023 0.992 0.070 0.988 0.976 
0.015 0.996 0.142 0.983 0.748 
0.028 0.994 0.215 0.980 0.828 
0.022 0.994 0.294 0.965 1.000 
0.020 0.995 0.192 0.980 0.986 
0.017 0.995 0.182 0.985 0.776 
0.019 0.995 0.150 0.983 0.993 
0.016 0.993 0.149 0.973 0.997 
0.021 0.994 0.211 0.965 1.000 
0.013 0.997 0.233 0.968 1.000 
0.026 0.994 0.270 0.930 1.000 
0.022 0.993 0.075 0.978 1.000 
0.047 0.993 0.103 0.970 1.000 
0.017 0.995 0.108 0.983 1.000 
0.014 0.993 0.091 0.978 1.000 
0.017 0.993 0.150 0.938 1.000 
0.018 0.995 0.179 0.938 1.000 
0.018 0.997 0.135 0.968 1.000 
0.039 0.994 0.125 0.958 1.000 
0.026 0.993 0.142 0.958 1.000 
0.019 0.994 0.074 0.988 0.986 
0.021 0.995 0.090 0.978 1.000 
0.021 0.994 0.126 0.958 1.000 
0.021 0.993 0.130 0.963 1.000 
0.022 0.993 0.162 0.963 1.000 
0.018 0.996 0.106 0.970 1.000 
0.015 0.997 0.146 0.968 0.986 
0.025 0.993 0.081 0.978 1.000 
0.016 0.994 0.132 0.958 1.000 
0.024 0.993 0.071 0.978 0.990 
0.024 0.993 0.147 0.940 1.000 
0.032 0.997 0.318 0.922 0.997 
0.017 0.995 0.145 0.950 1.000 
0.018 0.996 0.096 0.983 1.000 
0.016 0.996 0.172 0.938 1.000 
0.018 0.996 0.088 0.980 1.000 
0.010 0.998 0.158 0.943 1.000 
0.020 0.995 0.162 0.955 1.000 
0.028 0.995 0.162 0.983 1.000 
0.024 0.992 0.163 0.978 1.000 
0.010 0.997 0.143 0.973 1.000 
0.021 0.996 0.049 0.985 1.000 
0.016 0.996 0.077 0.983 1.000 
0.018 0.994 0.225 0.935 0.997 
0.024 0.995 0.089 0.983 1.000 
0.014 0.995 0.100 0.980 0.993 
0.017 0.995 0.171 0.955 0.986 
0.024 0.993 0.115 0.983 0.997 
0.018 0.997 0.148 0.970 1.000 
0.025 0.991 0.124 0.975 1.000 
0.020 0.996 0.165 0.940 1.000 
0.026 0.990 0.198 0.965 0.997 
0.020 0.995 0.125 0.980 0.993 
0.012 0.996 0.317 0.935 1.000 
0.027 0.992 0.158 0.970 1.000 
0.018 0.997 0.082 0.980 1.000 
0.019 0.996 0.109 0.963 1.000 
0.025 0.993 0.115 0.978 0.986 
0.018 0.994 0.151 0.975 0.986 
0.014 0.996 0.230 0.968 0.990 
0.028 0.995 0.253 0.940 1.000 
0.030 0.994 0.292 0.935 1.000 
0.024 0.995 0.211 0.963 0.993 
0.039 0.994 0.130 0.963 0.997 
0.019 0.997 0.167 0.960 0.993 
0.032 0.992 0.273 0.925 1.000 
0.016 0.996 0.211 0.948 0.997 
0.026 0.992 0.237 0.925 1.000 
0.022 0.991 0.061 0.985 1.000 
0.016 0.993 0.177 0.938 1.000 
0.019 0.994 0.072 0.980 1.000 
0.015 0.997 0.180 0.955 1.000 
0.016 0.996 0.236 0.938 1.000 
0.013 0.996 0.089 0.973 0.990 
0.013 0.997 0.121 0.978 0.983 
0.023 0.995 0.095 0.980 0.986 
0.027 0.993 0.143 0.970 0.997 
0.021 0.994 0.166 0.963 1.000 
0.021 0.993 0.318 0.932 0.990 
0.021 0.995 0.236 0.983 0.993 
0.017 0.996 0.255 0.960 0.990 
0.028 0.993 0.448 0.925 0.993 
0.019 0.995 0.376 0.968 0.993 
0.019 0.997 0.335 0.950 0.990 
0.023 0.995 0.265 0.965 0.993 
0.016 0.996 0.247 0.970 1.000 
0.023 0.995 0.252 0.968 0.997 
0.018 0.996 0.178 0.980 1.000 
0.018 0.994 0.188 0.980 0.990 
0.016 0.996 0.237 0.960 1.000 
0.016 0.995 0.237 0.980 0.990 
0.025 0.994 0.345 0.958 0.990 
0.017 0.995 0.439 0.975 0.986 
0.026 0.993 0.086 0.985 0.997 
0.014 0.996 0.239 0.985 0.986 
0.023 0.995 0.315 0.948 0.986 
0.018 0.994 0.214 0.975 0.217 
0.014 0.996 0.265 0.985 0.972 
0.043 0.992 0.104 0.965 1.000 
0.021 0.996 0.091 0.965 1.000 
0.014 0.997 0.081 0.983 0.979 
0.020 0.994 0.131 0.973 1.000 
0.027 0.995 0.402 0.978 0.990 
0.120 0.989 0.130 0.980 0.993 
0.016 0.998 0.111 0.973 1.000 
0.010 0.998 0.167 0.963 1.000 
0.011 0.997 0.172 0.958 1.000 
0.019 0.995 0.184 0.932 1.000 
0.019 0.996 0.191 0.950 1.000 
0.022 0.996 0.134 0.965 1.000 
0.024 0.995 0.103 0.973 1.000 
0.026 0.994 0.129 0.985 0.997 
0.028 0.995 0.092 0.985 0.997 
0.008 0.998 0.168 0.973 0.997 
0.017 0.997 0.210 0.965 0.976 
0.024 0.992 0.079 0.973 0.997 
0.013 0.997 0.248 0.973 0.993 
0.013 0.998 0.260 0.963 0.997 
0.023 0.995 0.111 0.985 0.997 
0.023 0.995 0.269 0.927 1.000 
0.018 0.995 0.119 0.983 1.000 
0.011 0.996 0.201 0.963 1.000 
0.015 0.997 0.144 0.958 1.000 
0.023 0.993 0.121 0.965 1.000 
0.020 0.996 0.081 0.983 1.000 
0.017 0.995 0.111 0.985 1.000 
0.025 0.993 0.146 0.953 1.000 
0.023 0.995 0.096 0.975 0.990 
0.017 0.996 0.211 0.948 1.000 
0.023 0.995 0.130 0.970 1.000 
0.016 0.993 0.164 0.973 1.000 
0.020 0.995 0.168 0.968 0.997 
0.008 0.999 0.183 0.980 0.976 
0.027 0.993 0.126 0.988 1.000 
0.054 0.993 0.186 0.975 1.000 
0.032 0.995 0.423 0.932 1.000 
0.036 0.989 0.158 0.970 0.997 
0.024 0.994 0.147 0.985 0.986 
0.015 0.997 0.180 0.970 1.000 
0.025 0.995 0.292 0.948 0.997 
0.014 0.996 0.210 0.975 0.997 
0.028 0.992 0.167 0.975 1.000 
0.015 0.995 0.160 0.985 0.997 
0.020 0.995 0.151 0.970 1.000 
0.019 0.996 0.193 0.980 0.990 
0.020 0.993 0.231 0.973 0.997 
0.013 0.996 0.130 0.983 0.990 
0.015 0.997 0.109 0.985 0.990 
0.018 0.994 0.164 0.965 0.990 
0.013 0.996 0.244 0.978 0.986 
0.023 0.993 0.195 0.973 1.000 
0.036 0.995 0.047 0.980 1.000 
0.027 0.993 0.062 0.980 1.000 
0.018 0.996 0.079 0.970 1.000 
0.020 0.995 0.085 0.970 1.000 
0.024 0.993 0.065 0.978 0.986 
0.014 0.997 0.043 0.988 0.997 
0.025 0.992 0.120 0.950 1.000 
0.022 0.995 0.107 0.965 0.997 
0.018 0.996 0.034 0.995 0.934 
0.023 0.993 0.071 0.978 1.000 
0.024 0.994 0.079 0.978 1.000 
0.020 0.994 0.144 0.973 1.000 
0.018 0.993 0.070 0.983 1.000 
0.013 0.996 0.131 0.970 1.000 
0.020 0.992 0.141 0.970 0.997 
0.027 0.995 0.229 0.932 1.000 
0.023 0.995 0.167 0.945 1.000 
0.014 0.993 0.121 0.978 1.000 
0.013 0.997 0.259 0.945 1.000 
0.017 0.996 0.135 0.985 1.000 
0.023 0.995 0.171 0.968 0.993 
0.025 0.993 0.151 0.948 1.000 
0.017 0.994 0.158 0.950 1.000 
0.022 0.993 0.073 0.968 1.000 
0.019 0.995 0.040 0.988 1.000 
0.021 0.993 0.197 0.983 0.990 
0.033 0.995 0.107 0.975 0.993 
0.015 0.995 0.218 0.973 0.986 
0.026 0.997 0.232 0.940 1.000 
0.014 0.997 0.266 0.932 0.990 
0.032 0.993 0.247 0.925 1.000 
0.020 0.995 0.230 0.935 1.000 
0.026 0.994 0.160 0.950 0.993 
0.039 0.993 0.153 0.940 1.000 
0.016 0.996 0.244 0.943 0.990 
0.016 0.996 0.124 0.978 0.986 
0.014 0.996 0.138 0.985 0.986 
0.026 0.993 0.149 0.960 0.990 
0.018 0.995 0.208 0.940 0.993 
0.020 0.995 0.180 0.955 0.986 
0.015 0.997 0.270 0.938 0.986 
0.027 0.993 0.145 0.970 0.997 
0.019 0.995 0.111 0.963 0.993 
0.020 0.995 0.123 0.970 0.990 
0.018 0.993 0.105 0.973 1.000 
0.022 0.992 0.167 0.958 0.993 
0.019 0.995 0.179 0.960 1.000 
0.013 0.997 0.177 0.955 1.000 
0.017 0.994 0.181 0.968 0.993 
0.012 0.996 0.202 0.970 0.986 
0.024 0.994 0.139 0.950 0.993 
0.015 0.997 0.173 0.950 1.000 
0.020 0.993 0.166 0.955 1.000 
0.013 0.996 0.160 0.965 1.000 
0.014 0.996 0.171 0.953 1.000 
0.018 0.995 0.182 0.955 1.000 
0.022 0.996 0.185 0.958 0.990 
0.016 0.994 0.148 0.975 0.993 
0.014 0.995 0.154 0.965 0.997 
0.007 0.998 0.251 0.960 0.986 
0.014 0.995 0.236 0.975 0.966 
0.020 0.995 0.062 0.980 1.000 
0.019 0.995 0.155 0.970 0.976 
0.023 0.993 0.171 0.983 0.986 
0.034 0.992 0.263 0.973 0.986 
0.023 0.995 0.169 0.975 0.983 
0.015 0.996 0.155 0.988 0.966 
0.017 0.993 0.246 0.950 0.993 
0.011 0.998 0.228 0.955 0.990 
0.024 0.994 0.388 0.943 0.979 
0.009 0.996 0.251 0.955 0.990 
0.014 0.996 0.222 0.975 0.972 
0.021 0.996 0.206 0.985 0.966 
0.016 0.993 0.198 0.975 0.993 
0.016 0.995 0.201 0.978 0.979 
0.016 0.996 0.183 0.973 0.997 
0.020 0.995 0.163 0.978 0.983 
0.013 0.997 0.135 0.968 1.000 
0.016 0.995 0.193 0.945 1.000 
0.024 0.993 0.172 0.953 0.983 
0.018 0.993 0.146 0.978 0.983 
0.024 0.997 0.284 0.932 0.972 
0.020 0.997 0.176 0.968 0.986 
0.014 0.996 0.090 0.983 0.990 
0.016 0.995 0.171 0.953 0.990 
0.017 0.998 0.140 0.955 1.000 
0.016 0.995 0.113 0.975 0.983 
0.015 0.995 0.128 0.960 0.986 
0.013 0.997 0.262 0.927 1.000 
0.012 0.997 0.120 0.970 0.976 
0.024 0.993 0.152 0.970 0.972 
0.019 0.995 0.160 0.948 0.993 
0.024 0.992 0.118 0.970 0.986 
0.021 0.992 0.107 0.985 0.986 
0.019 0.995 0.548 0.925 0.993 
0.021 0.996 0.150 0.980 0.993 
0.011 0.998 0.207 0.958 1.000 
0.027 0.995 0.315 0.932 0.993 
0.026 0.993 0.271 0.925 0.986 
0.016 0.996 0.213 0.955 0.983 
0.014 0.997 0.170 0.963 0.986 
0.020 0.993 0.171 0.940 0.990 
0.013 0.996 0.238 0.938 0.986 
0.018 0.997 0.249 0.945 0.986 
0.021 0.993 0.159 0.965 0.990 
0.014 0.995 0.218 0.953 0.997 
0.019 0.995 0.124 0.985 0.986 
0.013 0.995 0.228 0.945 0.986 
0.012 0.995 0.191 0.970 0.986 
0.009 0.996 0.372 0.930 0.997 
0.027 0.995 0.238 0.968 0.934 
0.012 0.998 0.182 0.988 0.986 
0.031 0.993 0.160 0.958 1.000 
0.014 0.998 0.190 0.983 0.986 
0.021 0.993 0.267 0.955 0.986 
0.026 0.994 0.302 0.930 0.986 
0.021 0.996 0.235 0.960 0.986 
0.020 0.995 0.234 0.955 0.997 
0.018 0.996 0.242 0.955 0.986 
0.013 0.996 0.207 0.975 0.990 
0.015 0.995 0.288 0.963 0.976 
0.029 0.993 0.172 0.968 0.993 
0.019 0.995 0.375 0.925 1.000 
0.020 0.995 0.227 0.965 0.997 
0.017 0.996 0.253 0.943 0.993 
0.018 0.995 0.152 0.970 0.986 
0.013 0.997 0.269 0.943 0.983 
0.022 0.993 0.228 0.948 0.986 
0.015 0.996 0.249 0.943 0.986 
0.012 0.996 0.197 0.978 0.986 
0.009 0.996 0.132 0.995 0.986 
0.023 0.995 0.182 0.965 0.990 
0.013 0.995 0.351 0.930 0.997 
0.011 0.997 0.311 0.955 0.986 
0.018 0.995 0.195 0.978 0.945 
0.018 0.997 0.128 0.983 0.983 
0.017 0.996 0.158 0.978 0.983 
0.013 0.995 0.217 0.985 0.969 
0.030 0.992 0.326 0.930 0.890 
0.017 0.994 0.321 0.943 0.979 
0.017 0.996 0.288 0.950 1.000 
0.010 0.996 0.229 0.975 0.986 
0.016 0.995 0.146 0.983 0.993 
0.010 0.997 0.054 0.995 1.000 
0.025 0.993 0.119 0.985 0.997 
0.018 0.996 0.134 0.970 1.000 
0.022 0.995 0.158 0.960 1.000 
0.012 0.996 0.186 0.980 0.876 
0.018 0.994 0.171 0.963 0.990 
0.015 0.997 0.191 0.965 0.997 
0.020 0.995 0.409 0.912 1.000 
0.017 0.995 0.249 0.965 0.993 
0.018 0.996 0.221 0.970 0.986 
0.013 0.998 0.208 0.973 1.000 
0.014 0.996 0.358 0.932 1.000 
0.020 0.995 0.237 0.948 1.000 
0.017 0.995 0.253 0.948 1.000 
0.010 0.996 0.239 0.955 1.000 
0.020 0.995 0.183 0.983 0.997 
0.010 0.997 0.148 0.993 0.983 
0.019 0.995 0.218 0.975 0.986 
0.015 0.996 0.276 0.965 0.990 
0.015 0.996 0.195 0.980 1.000 
0.024 0.996 0.264 0.973 0.997 
0.018 0.995 0.131 0.958 1.000 
0.015 0.995 0.151 0.973 1.000 
0.016 0.994 0.166 0.970 1.000 
0.020 0.994 0.098 0.963 1.000 
0.018 0.995 0.389 0.955 0.986 
0.015 0.994 0.338 0.945 1.000 
0.012 0.996 0.309 0.965 1.000 
0.017 0.996 0.187 0.978 0.997 
0.010 0.998 0.274 0.950 0.990 
0.015 0.994 0.314 0.950 1.000 
0.017 0.996 0.227 0.978 0.990 
0.014 0.997 0.230 0.968 1.000 
0.018 0.997 0.256 0.973 0.983 
0.015 0.995 0.215 0.978 1.000 
0.025 0.993 0.178 0.978 0.997 
0.012 0.996 0.205 0.978 0.993 
0.012 0.995 0.279 0.968 1.000 
0.013 0.996 0.310 0.958 0.983 
0.017 0.995 0.379 0.930 1.000 
0.029 0.993 0.205 0.970 0.990 
0.014 0.996 0.254 0.953 0.972 
0.016 0.996 0.130 0.983 0.997 
0.008 0.997 0.234 0.965 0.997 
0.017 0.995 0.099 0.958 0.986 
0.009 0.997 0.078 0.988 0.986 
0.013 0.996 0.148 0.958 0.986 
0.020 0.995 0.185 0.970 0.997 
0.014 0.997 0.124 0.983 1.000 
0.020 0.996 0.143 0.985 0.986 
0.028 0.995 0.187 0.960 1.000 
0.010 0.996 0.159 0.975 1.000 
0.009 0.997 0.163 0.980 0.997 
0.013 0.997 0.144 0.985 0.986 
0.017 0.997 0.132 0.980 0.986 
0.010 0.997 0.203 0.960 0.972 
0.005 0.998 0.172 0.980 0.986 
0.015 0.995 0.253 0.968 0.997 
0.010 0.997 0.208 0.985 0.997 
0.020 0.994 0.239 0.978 0.983 
0.015 0.996 0.152 0.980 1.000 
0.016 0.997 0.327 0.925 1.000 
0.021 0.993 0.210 0.973 1.000 
0.017 0.993 0.180 0.988 0.997 
0.017 0.995 0.159 0.973 1.000 
0.014 0.996 0.145 0.978 0.997 
0.011 0.996 0.188 0.980 1.000 
0.019 0.995 0.184 0.958 1.000 
0.008 0.997 0.243 0.985 0.986 
0.017 0.995 0.194 0.985 1.000 
0.017 0.995 0.257 0.983 0.997 
0.018 0.995 0.196 0.978 1.000 
0.021 0.993 0.334 0.960 1.000 
0.019 0.997 0.330 0.980 1.000 
0.024 0.992 0.419 0.973 1.000 
0.021 0.996 0.299 0.968 1.000 
0.013 0.996 0.363 0.965 0.997 
0.016 0.997 0.418 0.945 0.997 
0.015 0.996 0.446 0.925 1.000 
0.013 0.995 0.325 0.960 0.997 
0.008 0.997 0.263 0.985 0.986 
0.012 0.997 0.222 0.985 1.000 
0.019 0.995 0.243 0.970 1.000 
0.013 0.996 0.272 0.985 1.000 
0.011 0.996 0.498 0.965 1.000 
0.034 0.993 0.363 0.978 0.997 
0.005 0.999 0.400 0.978 1.000 
0.014 0.995 0.321 0.970 1.000 
0.019 0.996 0.304 0.975 1.000 
0.018 0.995 0.343 0.938 1.000 
0.012 0.996 0.477 0.935 1.000 
0.022 0.995 0.122 0.980 1.000 
0.021 0.996 0.225 0.975 1.000 
0.015 0.996 0.337 0.953 1.000 
0.017 0.994 0.375 0.948 1.000 
0.014 0.995 0.274 0.960 1.000 
0.023 0.994 0.292 0.963 1.000 
0.013 0.996 0.260 0.975 1.000 
0.008 0.997 0.278 0.985 1.000 
0.014 0.993 0.240 0.985 1.000 
0.020 0.994 0.609 0.970 1.000 
0.020 0.995 0.325 0.988 0.990 
0.026 0.994 0.339 0.970 0.997 
0.016 0.995 0.367 0.973 1.000 
0.018 0.995 0.366 0.940 0.997 
0.015 0.996 0.395 0.970 0.986 
0.006 0.998 0.366 0.983 0.997 
0.054 0.993 0.264 0.958 1.000 
0.013 0.995 0.303 0.943 1.000 
0.018 0.994 0.205 0.980 0.993 
0.018 0.995 0.258 0.968 1.000 
0.017 0.996 0.564 0.970 0.986 
0.042 0.992 0.370 0.960 1.000 
0.020 0.995 0.411 0.958 0.997 
0.014 0.996 0.427 0.983 0.986 
0.016 0.995 0.629 0.930 1.000 
0.010 0.997 0.403 0.983 1.000 
0.015 0.995 0.515 0.927 1.000 
0.021 0.996 0.311 0.922 1.000 
0.015 0.996 0.207 0.985 1.000 
0.019 0.995 0.264 0.968 1.000 
0.021 0.993 0.371 0.927 1.000 
0.015 0.996 0.340 0.983 0.986 
0.027 0.993 0.192 0.978 1.000 
0.014 0.996 0.220 0.978 1.000 
0.017 0.996 0.236 0.975 1.000 
0.016 0.995 0.288 0.965 1.000 
0.007 0.999 0.303 0.973 1.000 
0.014 0.996 0.294 0.978 1.000 
0.015 0.996 0.456 0.948 0.997 
0.025 0.995 0.372 0.925 1.000 
0.008 0.997 0.436 0.953 1.000 
0.016 0.996 0.861 0.925 1.000 
0.025 0.995 0.262 0.948 1.000 
0.015 0.994 0.187 0.988 1.000 
0.013 0.996 0.259 0.970 1.000 
0.013 0.996 0.450 0.917 1.000 
0.012 0.997 0.248 0.963 1.000 
0.009 0.997 0.330 0.963 1.000 
0.021 0.995 0.338 0.940 1.000 
0.013 0.996 0.324 0.960 1.000 
0.013 0.996 0.243 0.963 0.997 
0.014 0.997 0.255 0.960 1.000 
0.009 0.997 0.298 0.978 0.993 
0.015 0.996 0.308 0.963 1.000 
0.032 0.997 0.690 0.983 0.986 
0.038 0.994 0.294 0.985 1.000 
0.014 0.996 0.312 0.978 0.986 
0.017 0.996 0.350 0.970 0.993 
0.023 0.995 0.354 0.975 1.000 
0.008 0.998 0.440 0.953 1.000 
0.018 0.995 0.401 0.955 1.000 
0.014 0.995 0.414 0.927 1.000 
0.013 0.996 0.385 0.955 1.000 
0.021 0.994 0.390 0.965 1.000 
0.016 0.997 0.354 0.945 1.000 
0.008 0.997 0.305 0.955 1.000 
0.013 0.996 0.324 0.945 1.000 
0.015 0.996 0.416 0.943 1.000 
0.020 0.994 0.236 0.955 1.000 
0.008 0.998 0.217 0.983 1.000 
0.003 0.999 0.322 0.975 1.000 
0.026 0.993 0.380 0.932 1.000 
0.007 0.997 0.336 0.970 1.000 
0.017 0.994 0.569 0.930 0.993 
0.019 0.996 0.211 0.983 1.000 
0.017 0.994 0.210 0.983 1.000 
0.012 0.997 0.210 0.965 1.000 
0.013 0.997 0.203 0.983 1.000 
0.015 0.996 0.215 0.985 1.000 
0.018 0.995 0.310 0.968 0.986 
0.022 0.994 0.256 0.953 1.000 
0.024 0.993 0.262 0.938 1.000 
0.016 0.996 0.186 0.970 1.000 
0.011 0.996 0.225 0.948 1.000 
0.015 0.996 0.157 0.975 0.997 
0.011 0.996 0.246 0.953 1.000 
0.010 0.998 0.234 0.948 1.000 
0.018 0.994 0.067 0.988 1.000 
0.014 0.995 0.232 0.943 1.000 
0.011 0.996 0.173 0.965 1.000 
0.012 0.995 0.153 0.963 1.000 
0.015 0.995 0.244 0.948 1.000 
0.011 0.997 0.189 0.958 1.000 
0.008 0.997 0.213 0.963 1.000 
0.017 0.993 0.227 0.960 1.000 
0.015 0.996 0.207 0.950 1.000 
0.012 0.996 0.234 0.948 1.000 
0.015 0.997 0.188 0.963 1.000 
0.031 0.997 0.396 0.958 1.000 
0.028 0.996 0.179 0.965 1.000 
0.013 0.996 0.220 0.938 1.000 
0.026 0.992 0.230 0.958 1.000 
0.012 0.997 0.207 0.963 1.000 
0.010 0.996 0.261 0.958 1.000 
0.005 0.998 0.223 0.980 1.000 
0.015 0.996 0.160 0.980 1.000 
0.013 0.996 0.364 0.958 0.993 
0.016 0.995 0.247 0.965 1.000 
0.026 0.992 0.239 0.932 1.000 
0.038 0.996 0.125 0.983 0.997 
0.014 0.995 0.172 0.983 0.997 
0.025 0.995 0.228 0.965 1.000 
0.014 0.996 0.275 0.953 1.000 
0.011 0.996 0.192 0.983 0.976 
0.021 0.995 0.112 0.973 0.997 
0.015 0.997 0.074 0.978 1.000 
0.014 0.996 0.157 0.975 1.000 
0.013 0.996 0.148 0.980 1.000 
0.016 0.996 0.151 0.975 1.000 
0.017 0.994 0.128 0.975 0.997 
0.011 0.994 0.166 0.985 0.997 
0.013 0.997 0.131 0.985 0.997 
0.010 0.997 0.254 0.970 1.000 
0.018 0.995 0.216 0.978 1.000 
0.019 0.996 0.354 0.950 1.000 
0.018 0.994 0.397 0.945 1.000 
0.009 0.996 0.328 0.963 1.000 
0.020 0.996 0.216 0.955 1.000 
0.012 0.998 0.248 0.988 1.000 
0.023 0.994 0.510 0.958 1.000 
0.019 0.995 0.452 0.943 1.000 
0.014 0.996 0.326 0.970 1.000 
0.020 0.996 0.436 0.925 1.000 
0.015 0.995 0.387 0.953 1.000 
0.011 0.996 0.327 0.955 1.000 
0.005 0.998 0.444 0.940 1.000 
0.014 0.997 0.506 0.938 1.000 
0.012 0.996 0.295 0.980 1.000 
0.008 0.998 0.286 0.965 1.000 
0.016 0.995 0.455 0.925 1.000 
0.014 0.995 0.395 0.958 1.000 
0.017 0.996 0.329 0.965 0.997 
0.025 0.994 0.127 0.963 1.000 
0.009 0.997 0.149 0.975 1.000 
0.019 0.996 0.402 0.935 1.000 
0.012 0.997 0.306 0.978 1.000 
0.026 0.994 0.256 0.978 1.000 
0.016 0.996 0.215 0.990 1.000 
0.020 0.996 0.094 0.980 1.000 
0.007 0.997 0.133 0.985 1.000 
0.041 0.991 0.331 0.973 1.000 
0.017 0.996 0.306 0.978 0.997 
0.009 0.997 0.337 0.973 1.000 
0.018 0.995 0.362 0.965 1.000 
0.015 0.993 0.390 0.960 1.000 
0.010 0.995 0.392 0.980 1.000 
0.025 0.995 0.394 0.940 0.997 
0.015 0.997 0.337 0.970 1.000 
0.013 0.995 0.326 0.970 1.000 
0.013 0.996 0.259 0.973 1.000 
0.014 0.996 0.358 0.958 1.000 
0.015 0.994 0.315 0.980 1.000 
0.015 0.995 0.300 0.970 0.997 
0.016 0.996 0.336 0.970 1.000 
0.014 0.996 0.364 0.958 1.000 
0.015 0.995 0.418 0.963 0.993 
0.014 0.997 0.538 0.943 0.997 
0.012 0.996 0.289 0.983 1.000 
0.011 0.997 0.546 0.960 1.000 
0.012 0.996 0.360 0.978 0.997 
0.009 0.997 0.483 0.940 1.000 
0.016 0.995 0.297 0.973 1.000 
0.019 0.995 0.417 0.965 1.000 
0.013 0.996 0.594 0.940 0.993 
0.019 0.995 0.389 0.955 1.000 
0.012 0.997 0.281 0.978 1.000 
0.013 0.996 0.401 0.948 1.000 
0.041 0.991 0.194 0.940 1.000 
0.008 0.998 0.165 0.973 1.000 
0.024 0.993 0.218 0.970 0.993 
0.010 0.997 0.166 0.980 1.000 
0.011 0.997 0.385 0.938 1.000 
0.014 0.996 0.216 0.978 1.000 
0.007 0.998 0.553 0.943 0.938 
0.030 0.994 0.137 0.978 1.000 
0.019 0.996 0.216 0.975 1.000 
0.016 0.995 0.277 0.943 0.979 
0.007 0.998 0.304 0.963 0.997 
0.025 0.992 0.192 0.978 0.997 
0.009 0.997 0.284 0.963 1.000 
0.006 0.999 0.579 0.922 1.000 
0.020 0.992 0.341 0.955 0.990 
0.016 0.996 0.200 0.975 1.000 
0.013 0.997 0.190 0.978 1.000 
0.011 0.998 0.331 0.953 1.000 
0.019 0.995 0.172 0.978 1.000 
0.011 0.998 0.211 0.975 1.000 
0.011 0.997 0.256 0.965 1.000 
0.016 0.996 0.263 0.960 0.979 
0.012 0.997 0.203 0.960 1.000 
0.018 0.996 0.059 0.978 1.000 
0.005 0.999 0.084 0.975 1.000 
0.017 0.997 0.089 0.975 1.000 
0.043 0.993 0.156 0.968 1.000 
0.010 0.998 0.104 0.978 0.976 
0.012 0.998 0.084 0.980 1.000 
0.013 0.995 0.311 0.955 1.000 
0.023 0.995 0.112 0.963 1.000 
0.015 0.996 0.175 0.978 0.997 
0.014 0.996 0.204 0.973 1.000 
0.025 0.996 0.256 0.985 1.000 
0.015 0.996 0.372 0.983 1.000 
0.012 0.996 0.100 0.985 1.000 
0.010 0.997 0.060 0.985 1.000 
0.024 0.995 0.432 0.973 1.000 
0.008 0.997 0.385 0.943 1.000 
0.008 0.996 0.456 0.950 1.000 
0.022 0.994 0.311 0.945 1.000 
0.004 0.998 0.289 0.975 1.000 
0.013 0.995 0.494 0.938 0.962 
0.011 0.996 0.290 0.975 1.000 
0.019 0.995 0.238 0.955 1.000 
0.055 0.996 0.398 0.983 1.000 
0.020 0.996 0.231 0.975 1.000 
0.009 0.998 0.280 0.968 1.000 
0.042 0.993 0.411 0.978 1.000 
0.012 0.997 0.465 0.968 1.000 
0.018 0.992 0.474 0.985 0.993 
0.018 0.995 0.205 0.973 1.000 
0.011 0.996 0.267 0.960 0.993 
0.017 0.997 0.181 0.978 1.000 
0.014 0.996 0.236 0.983 0.997 
0.022 0.995 0.157 0.980 0.997 
0.011 0.997 0.289 0.963 1.000 
0.013 0.996 0.211 0.985 0.997 
0.015 0.993 0.205 0.983 0.997 
0.022 0.997 0.513 0.930 1.000 
0.013 0.997 0.378 0.968 1.000 
0.017 0.995 0.260 0.973 0.986 
0.020 0.994 0.206 0.963 1.000 
0.013 0.996 0.218 0.973 0.993 
0.017 0.995 0.135 0.973 1.000 
0.013 0.996 0.187 0.970 0.986 
0.010 0.996 0.300 0.948 0.990 
0.017 0.993 0.290 0.970 0.976 
0.018 0.996 0.236 0.978 0.966 
0.026 0.995 0.277 0.968 0.993 
0.014 0.995 0.299 0.975 0.997 
0.010 0.996 0.277 0.980 0.986 
0.014 0.996 0.286 0.983 0.993 
0.017 0.997 0.304 0.985 0.997 
0.036 0.992 0.377 0.945 1.000 
0.017 0.996 0.247 0.985 0.997 
0.011 0.996 0.278 0.985 0.993 
0.011 0.997 0.404 0.927 0.997 
0.009 0.997 0.292 0.968 1.000 
0.018 0.995 0.226 0.968 0.921 
0.047 0.993 0.335 0.968 1.000 
0.009 0.997 0.380 0.988 0.986 
0.020 0.995 0.331 0.953 1.000 
0.010 0.997 0.313 0.960 0.997 
0.011 0.997 0.385 0.965 0.997 
0.011 0.997 0.366 0.973 0.986 
0.019 0.994 0.246 0.973 1.000 
0.014 0.997 0.216 0.980 0.997 
0.009 0.998 0.266 0.978 1.000 
0.022 0.995 0.197 0.978 1.000 
0.026 0.994 0.074 0.980 1.000 
0.021 0.997 0.252 0.965 0.966 
