0.317 0.865 0.209 0.912 1.000 
0.187 0.942 0.134 0.953 1.000 
0.151 0.955 0.108 0.965 1.000 
0.141 0.949 0.128 0.943 1.000 
0.105 0.969 0.091 0.973 1.000 
0.122 0.957 0.108 0.955 1.000 
0.098 0.972 0.059 0.990 1.000 
0.108 0.969 0.111 0.968 1.000 
0.097 0.969 0.054 0.980 1.000 
0.097 0.972 0.137 0.965 1.000 
0.081 0.974 0.090 0.965 0.960 
0.084 0.978 0.090 0.975 0.201 
0.076 0.979 0.067 0.983 1.000 
0.078 0.978 0.062 0.983 1.000 
0.088 0.975 0.111 0.973 1.000 
0.091 0.975 0.068 0.983 1.000 
0.076 0.975 0.084 0.968 1.000 
0.080 0.979 0.084 0.990 1.000 
0.084 0.972 0.112 0.953 1.000 
0.080 0.975 0.102 0.963 0.941 
0.070 0.978 0.060 0.983 1.000 
0.073 0.978 0.061 0.978 1.000 
0.066 0.978 0.047 0.990 1.000 
0.063 0.983 0.145 0.940 1.000 
0.064 0.982 0.090 0.963 1.000 
0.082 0.974 0.090 0.963 1.000 
0.064 0.979 0.078 0.968 1.000 
0.058 0.980 0.074 0.980 0.997 
0.063 0.983 0.080 0.980 1.000 
0.061 0.983 0.067 0.983 1.000 
0.061 0.981 0.084 0.975 0.485 
0.050 0.985 0.070 0.985 1.000 
0.053 0.987 0.064 0.983 1.000 
0.051 0.983 0.105 0.970 1.000 
0.053 0.986 0.060 0.990 0.983 
0.066 0.980 0.066 0.985 1.000 
0.058 0.982 0.107 0.960 1.000 
0.052 0.989 0.053 0.988 1.000 
0.057 0.983 0.072 0.983 1.000 
0.056 0.984 0.069 0.978 1.000 
0.049 0.986 0.056 0.975 1.000 
0.049 0.986 0.052 0.985 1.000 
0.052 0.986 0.119 0.948 1.000 
0.051 0.983 0.075 0.973 1.000 
0.046 0.987 0.045 0.988 0.990 
0.051 0.986 0.129 0.950 1.000 
0.057 0.980 0.076 0.980 0.980 
0.047 0.987 0.068 0.983 1.000 
0.050 0.982 0.124 0.948 0.927 
0.055 0.983 0.062 0.985 0.248 
0.044 0.989 0.109 0.958 0.974 
0.050 0.986 0.066 0.978 0.937 
0.043 0.990 0.065 0.975 1.000 
0.048 0.987 0.072 0.973 0.917 
0.049 0.985 0.064 0.980 0.825 
0.046 0.989 0.070 0.970 0.997 
0.045 0.988 0.049 0.983 1.000 
0.047 0.986 0.049 0.983 1.000 
0.047 0.988 0.042 0.988 0.726 
0.045 0.989 0.045 0.985 1.000 
0.054 0.986 0.079 0.973 0.653 
0.037 0.991 0.078 0.980 0.970 
0.051 0.986 0.063 0.983 1.000 
0.042 0.990 0.041 0.988 0.944 
0.051 0.983 0.067 0.983 1.000 
0.052 0.984 0.063 0.983 0.663 
0.039 0.988 0.036 0.985 1.000 
0.040 0.989 0.084 0.963 0.914 
0.037 0.991 0.056 0.985 1.000 
0.041 0.989 0.103 0.950 1.000 
0.048 0.987 0.058 0.975 1.000 
0.045 0.989 0.062 0.985 0.990 
0.033 0.992 0.057 0.985 1.000 
0.046 0.990 0.072 0.970 0.284 
0.039 0.991 0.055 0.975 1.000 
0.036 0.990 0.078 0.968 1.000 
0.040 0.990 0.079 0.965 0.997 
0.049 0.986 0.062 0.983 1.000 
0.036 0.992 0.056 0.980 1.000 
0.037 0.991 0.054 0.978 0.990 
0.040 0.990 0.049 0.990 1.000 
0.045 0.988 0.091 0.968 1.000 
0.042 0.992 0.102 0.960 1.000 
0.028 0.994 0.090 0.988 0.634 
0.038 0.990 0.092 0.960 1.000 
0.034 0.991 0.033 0.983 1.000 
0.038 0.991 0.081 0.968 1.000 
0.038 0.990 0.047 0.988 1.000 
0.039 0.988 0.053 0.985 0.990 
0.035 0.992 0.049 0.983 0.997 
0.038 0.989 0.057 0.985 1.000 
0.034 0.990 0.072 0.988 1.000 
0.035 0.991 0.064 0.978 1.000 
0.042 0.988 0.052 0.985 0.861 
0.033 0.992 0.067 0.983 1.000 
0.036 0.991 0.054 0.983 1.000 
0.034 0.992 0.085 0.965 0.997 
0.031 0.991 0.143 0.940 0.908 
0.037 0.990 0.106 0.965 1.000 
0.039 0.991 0.039 0.985 1.000 
0.037 0.992 0.065 0.968 0.997 
0.039 0.990 0.028 0.993 1.000 
0.036 0.990 0.044 0.988 0.983 
0.033 0.991 0.077 0.973 0.997 
0.042 0.988 0.100 0.955 0.980 
0.040 0.990 0.056 0.978 0.993 
0.045 0.990 0.051 0.983 0.997 
0.034 0.991 0.044 0.980 0.997 
0.038 0.991 0.066 0.975 0.878 
0.035 0.989 0.051 0.980 1.000 
0.045 0.988 0.041 0.988 1.000 
0.032 0.990 0.079 0.963 0.974 
0.034 0.993 0.056 0.988 1.000 
0.034 0.993 0.130 0.948 0.990 
0.031 0.993 0.064 0.975 0.977 
0.040 0.991 0.067 0.975 0.997 
0.030 0.991 0.097 0.963 0.990 
0.040 0.992 0.038 0.995 1.000 
0.028 0.992 0.061 0.970 1.000 
0.039 0.990 0.064 0.975 1.000 
0.041 0.988 0.097 0.970 1.000 
0.034 0.993 0.078 0.978 0.743 
0.036 0.992 0.057 0.983 0.997 
0.043 0.988 0.099 0.968 0.607 
0.026 0.995 0.047 0.980 0.967 
0.032 0.991 0.095 0.968 1.000 
0.044 0.989 0.064 0.978 1.000 
0.033 0.991 0.078 0.975 1.000 
0.037 0.987 0.064 0.973 1.000 
0.032 0.992 0.080 0.968 0.881 
0.029 0.993 0.106 0.958 0.581 
0.032 0.993 0.048 0.985 1.000 
0.034 0.991 0.094 0.965 0.789 
0.034 0.990 0.103 0.960 0.967 
0.035 0.990 0.063 0.978 1.000 
0.029 0.992 0.090 0.973 1.000 
0.034 0.991 0.141 0.948 1.000 
0.030 0.991 0.082 0.970 1.000 
0.031 0.992 0.090 0.970 1.000 
0.031 0.993 0.046 0.988 1.000 
0.023 0.994 0.058 0.983 0.987 
0.029 0.991 0.091 0.965 1.000 
0.029 0.992 0.078 0.978 0.997 
0.032 0.991 0.081 0.978 0.997 
0.030 0.992 0.076 0.975 0.997 
0.032 0.991 0.072 0.975 1.000 
0.033 0.991 0.093 0.975 0.901 
0.025 0.993 0.084 0.963 1.000 
0.027 0.993 0.100 0.965 0.997 
0.034 0.991 0.077 0.970 1.000 
0.033 0.990 0.062 0.983 0.083 
0.029 0.992 0.082 0.978 1.000 
0.032 0.992 0.092 0.970 1.000 
0.028 0.992 0.046 0.983 0.931 
0.030 0.991 0.083 0.968 0.967 
0.029 0.993 0.067 0.980 0.578 
0.045 0.992 0.094 0.970 0.924 
0.030 0.992 0.090 0.973 0.974 
0.029 0.991 0.179 0.953 1.000 
0.036 0.990 0.072 0.980 0.997 
0.022 0.996 0.059 0.978 0.997 
0.039 0.990 0.080 0.973 0.931 
0.023 0.994 0.069 0.975 0.997 
0.028 0.993 0.104 0.963 0.670 
0.024 0.994 0.124 0.958 0.997 
0.025 0.994 0.065 0.980 0.977 
0.021 0.996 0.070 0.985 0.997 
0.035 0.991 0.044 0.988 0.884 
0.018 0.997 0.033 0.995 0.997 
0.028 0.993 0.043 0.985 0.997 
0.032 0.993 0.049 0.988 1.000 
0.034 0.991 0.056 0.985 0.993 
0.025 0.993 0.048 0.988 0.611 
0.028 0.992 0.080 0.973 0.785 
0.030 0.992 0.051 0.980 1.000 
0.038 0.992 0.040 0.985 1.000 
0.030 0.993 0.046 0.983 1.000 
0.034 0.992 0.075 0.973 1.000 
0.024 0.992 0.038 0.985 0.983 
0.035 0.992 0.082 0.965 0.957 
0.032 0.992 0.027 0.990 1.000 
0.028 0.993 0.046 0.980 0.980 
0.030 0.992 0.068 0.975 1.000 
0.031 0.992 0.102 0.948 0.997 
0.033 0.990 0.060 0.975 1.000 
0.033 0.994 0.077 0.975 0.993 
0.029 0.993 0.066 0.973 1.000 
0.025 0.993 0.070 0.970 1.000 
0.024 0.995 0.056 0.983 0.987 
0.030 0.990 0.080 0.965 0.937 
0.024 0.992 0.060 0.983 0.957 
0.044 0.990 0.058 0.983 0.987 
0.027 0.995 0.075 0.975 0.997 
0.033 0.990 0.065 0.980 1.000 
0.038 0.992 0.098 0.975 0.993 
0.033 0.992 0.066 0.973 1.000 
0.033 0.991 0.050 0.980 1.000 
0.032 0.992 0.046 0.990 0.947 
0.024 0.994 0.065 0.985 0.634 
0.032 0.993 0.050 0.985 0.997 
0.031 0.993 0.062 0.978 1.000 
0.032 0.993 0.051 0.978 1.000 
0.035 0.990 0.057 0.980 1.000 
0.024 0.993 0.110 0.960 1.000 
0.026 0.996 0.071 0.978 1.000 
0.030 0.992 0.040 0.988 1.000 
0.021 0.995 0.050 0.980 1.000 
0.031 0.991 0.052 0.983 1.000 
0.038 0.990 0.062 0.978 0.987 
0.032 0.992 0.046 0.980 1.000 
0.021 0.992 0.051 0.983 0.908 
0.026 0.992 0.115 0.955 0.983 
0.032 0.991 0.053 0.983 1.000 
0.026 0.994 0.097 0.970 0.987 
0.029 0.993 0.042 0.990 1.000 
0.028 0.994 0.030 0.998 1.000 
0.029 0.992 0.084 0.975 1.000 
0.032 0.993 0.057 0.988 0.983 
0.027 0.992 0.106 0.960 1.000 
0.025 0.993 0.064 0.980 1.000 
0.019 0.994 0.045 0.983 1.000 
0.032 0.992 0.045 0.990 1.000 
0.035 0.990 0.054 0.988 0.997 
0.022 0.993 0.079 0.978 1.000 
0.034 0.992 0.078 0.978 0.993 
0.024 0.994 0.148 0.968 1.000 
0.032 0.992 0.078 0.983 0.997 
0.027 0.995 0.078 0.983 1.000 
0.027 0.991 0.098 0.978 0.891 
0.023 0.996 0.040 0.990 1.000 
0.029 0.995 0.054 0.983 0.993 
0.028 0.994 0.057 0.980 0.944 
0.030 0.993 0.058 0.983 1.000 
0.025 0.994 0.066 0.978 0.983 
0.026 0.993 0.050 0.983 0.977 
0.023 0.994 0.043 0.990 0.914 
0.030 0.991 0.059 0.983 0.805 
0.020 0.993 0.040 0.990 0.997 
0.024 0.993 0.094 0.970 0.911 
0.037 0.992 0.046 0.988 0.987 
0.023 0.995 0.090 0.973 1.000 
0.023 0.996 0.113 0.965 1.000 
0.026 0.993 0.072 0.975 1.000 
0.026 0.994 0.072 0.975 1.000 
0.023 0.992 0.079 0.970 1.000 
0.021 0.995 0.054 0.985 0.997 
0.026 0.992 0.057 0.978 1.000 
0.028 0.994 0.066 0.978 0.766 
0.035 0.989 0.071 0.980 1.000 
0.030 0.992 0.043 0.985 0.871 
0.032 0.993 0.058 0.988 0.983 
0.018 0.994 0.104 0.975 0.921 
0.022 0.994 0.052 0.978 0.884 
0.033 0.992 0.070 0.975 1.000 
0.022 0.995 0.038 0.990 0.997 
0.029 0.994 0.055 0.988 0.901 
0.025 0.991 0.060 0.985 0.832 
0.025 0.991 0.088 0.975 1.000 
0.019 0.994 0.059 0.983 0.739 
0.020 0.995 0.082 0.973 0.934 
0.022 0.994 0.095 0.973 1.000 
0.020 0.994 0.035 0.990 0.993 
0.021 0.994 0.089 0.973 1.000 
0.027 0.993 0.043 0.990 1.000 
0.020 0.994 0.049 0.988 0.997 
0.030 0.993 0.060 0.983 1.000 
0.022 0.995 0.052 0.988 0.997 
0.023 0.995 0.074 0.980 1.000 
0.025 0.993 0.047 0.985 1.000 
0.021 0.995 0.075 0.978 0.782 
0.029 0.990 0.045 0.985 1.000 
0.029 0.991 0.037 0.995 0.997 
0.024 0.993 0.071 0.978 1.000 
0.019 0.994 0.083 0.973 1.000 
0.028 0.993 0.123 0.963 1.000 
0.032 0.992 0.152 0.970 0.997 
0.041 0.993 0.127 0.978 0.927 
0.031 0.992 0.083 0.968 1.000 
0.023 0.994 0.070 0.975 1.000 
0.022 0.994 0.037 0.990 0.997 
0.023 0.994 0.053 0.988 1.000 
0.025 0.993 0.060 0.978 1.000 
0.021 0.994 0.154 0.945 1.000 
0.021 0.996 0.059 0.983 0.997 
0.055 0.989 0.052 0.983 1.000 
0.022 0.994 0.088 0.968 0.997 
0.026 0.992 0.073 0.973 1.000 
0.023 0.995 0.056 0.980 1.000 
0.026 0.991 0.061 0.978 1.000 
0.023 0.995 0.157 0.978 0.987 
0.025 0.994 0.053 0.980 0.997 
0.027 0.992 0.038 0.983 1.000 
0.027 0.990 0.092 0.958 1.000 
0.025 0.994 0.064 0.973 1.000 
0.028 0.992 0.058 0.978 1.000 
0.030 0.992 0.072 0.970 0.997 
0.024 0.994 0.068 0.968 0.987 
0.023 0.996 0.045 0.985 1.000 
0.026 0.994 0.083 0.970 0.950 
0.019 0.997 0.070 0.975 0.997 
0.033 0.992 0.049 0.988 0.997 
0.029 0.994 0.124 0.948 1.000 
0.026 0.992 0.134 0.948 1.000 
0.025 0.994 0.131 0.950 1.000 
0.021 0.994 0.051 0.980 0.997 
0.023 0.994 0.121 0.953 1.000 
0.027 0.994 0.033 0.983 1.000 
0.020 0.995 0.048 0.990 0.960 
0.033 0.992 0.131 0.945 1.000 
0.029 0.993 0.065 0.983 0.997 
0.028 0.992 0.099 0.968 0.980 
0.021 0.996 0.067 0.985 0.997 
0.018 0.995 0.070 0.980 1.000 
0.020 0.991 0.122 0.973 1.000 
0.028 0.993 0.083 0.983 0.990 
0.024 0.994 0.149 0.958 1.000 
0.016 0.995 0.081 0.985 1.000 
0.022 0.994 0.078 0.975 1.000 
0.016 0.996 0.086 0.978 1.000 
0.023 0.995 0.069 0.988 0.993 
0.028 0.992 0.094 0.980 0.914 
0.021 0.995 0.108 0.970 1.000 
0.025 0.994 0.070 0.978 0.997 
0.034 0.991 0.107 0.963 1.000 
0.019 0.995 0.108 0.988 0.997 
0.031 0.993 0.072 0.973 1.000 
0.026 0.992 0.103 0.970 1.000 
0.031 0.994 0.090 0.970 1.000 
0.023 0.992 0.071 0.983 0.967 
0.023 0.995 0.128 0.945 1.000 
0.028 0.993 0.072 0.975 1.000 
0.021 0.993 0.136 0.960 0.914 
0.018 0.994 0.039 0.988 1.000 
0.024 0.992 0.073 0.985 0.967 
0.028 0.992 0.100 0.965 1.000 
0.025 0.991 0.125 0.973 1.000 
0.021 0.995 0.099 0.975 0.997 
0.017 0.995 0.075 0.980 1.000 
0.026 0.993 0.070 0.978 1.000 
0.032 0.991 0.055 0.985 1.000 
0.060 0.992 0.063 0.978 0.980 
0.024 0.993 0.060 0.978 0.954 
0.017 0.994 0.051 0.985 1.000 
0.038 0.992 0.068 0.978 1.000 
0.029 0.993 0.112 0.968 1.000 
0.025 0.994 0.103 0.965 1.000 
0.021 0.994 0.075 0.978 1.000 
0.018 0.994 0.129 0.965 1.000 
0.047 0.991 0.081 0.973 1.000 
0.019 0.995 0.079 0.978 1.000 
0.027 0.992 0.098 0.980 1.000 
0.021 0.994 0.148 0.943 1.000 
0.019 0.996 0.065 0.980 1.000 
0.020 0.995 0.075 0.990 1.000 
0.034 0.994 0.086 0.970 1.000 
0.035 0.992 0.086 0.975 0.997 
0.018 0.994 0.054 0.988 0.997 
0.035 0.993 0.046 0.988 0.960 
0.023 0.995 0.055 0.980 1.000 
0.015 0.996 0.055 0.980 0.997 
0.023 0.995 0.054 0.980 1.000 
0.023 0.994 0.087 0.973 1.000 
0.013 0.997 0.043 0.990 1.000 
0.027 0.992 0.061 0.980 1.000 
0.036 0.993 0.074 0.985 0.997 
0.036 0.993 0.097 0.983 0.993 
0.022 0.994 0.058 0.980 1.000 
0.017 0.995 0.158 0.973 0.997 
0.026 0.992 0.149 0.978 1.000 
0.024 0.993 0.115 0.980 1.000 
0.037 0.991 0.123 0.978 1.000 
0.028 0.995 0.107 0.978 1.000 
0.017 0.995 0.138 0.978 1.000 
0.029 0.995 0.181 0.927 1.000 
0.017 0.995 0.093 0.975 1.000 
0.020 0.996 0.182 0.973 1.000 
0.017 0.995 0.098 0.973 0.957 
0.021 0.994 0.076 0.985 0.997 
0.026 0.993 0.110 0.978 0.967 
0.019 0.995 0.230 0.960 0.977 
0.025 0.993 0.180 0.990 0.990 
0.020 0.994 0.125 0.978 0.980 
0.023 0.994 0.093 0.978 1.000 
0.015 0.996 0.123 0.975 1.000 
0.027 0.993 0.046 0.980 1.000 
0.021 0.993 0.109 0.985 1.000 
0.019 0.995 0.250 0.958 0.997 
0.028 0.992 0.226 0.950 1.000 
0.028 0.993 0.187 0.975 0.997 
0.034 0.992 0.161 0.955 1.000 
0.020 0.995 0.139 0.968 1.000 
0.029 0.992 0.193 0.958 1.000 
0.029 0.993 0.051 0.995 1.000 
0.027 0.994 0.114 0.963 1.000 
0.026 0.993 0.049 0.990 1.000 
0.020 0.994 0.134 0.965 0.987 
0.028 0.994 0.048 0.983 1.000 
0.020 0.995 0.086 0.975 1.000 
0.029 0.993 0.057 0.980 0.993 
0.027 0.994 0.124 0.958 1.000 
0.024 0.992 0.107 0.973 1.000 
0.030 0.991 0.192 0.978 1.000 
0.032 0.992 0.184 0.978 0.990 
0.025 0.995 0.165 0.970 1.000 
0.024 0.994 0.290 0.970 0.908 
0.029 0.994 0.313 0.958 0.858 
0.024 0.994 0.198 0.970 0.997 
0.023 0.992 0.176 0.945 1.000 
0.017 0.997 0.125 0.978 1.000 
0.016 0.995 0.108 0.973 1.000 
0.017 0.995 0.148 0.970 1.000 
0.017 0.996 0.112 0.968 1.000 
0.029 0.994 0.143 0.975 0.993 
0.031 0.992 0.068 0.975 1.000 
0.030 0.991 0.086 0.973 1.000 
0.021 0.994 0.134 0.978 0.997 
0.019 0.994 0.099 0.985 1.000 
0.032 0.995 0.046 0.985 1.000 
0.020 0.994 0.218 0.970 0.990 
0.032 0.994 0.190 0.950 1.000 
0.036 0.993 0.157 0.940 1.000 
0.018 0.994 0.160 0.940 1.000 
0.020 0.994 0.106 0.965 1.000 
0.026 0.995 0.116 0.973 1.000 
0.017 0.997 0.114 0.973 1.000 
0.022 0.993 0.248 0.935 1.000 
0.018 0.994 0.137 0.970 1.000 
0.021 0.992 0.098 0.990 1.000 
0.027 0.994 0.247 0.938 0.690 
0.024 0.993 0.082 0.973 1.000 
0.022 0.995 0.085 0.993 1.000 
0.033 0.994 0.082 0.983 0.914 
0.023 0.994 0.113 0.990 0.997 
0.022 0.995 0.115 0.978 0.997 
0.016 0.996 0.148 0.975 0.997 
0.023 0.993 0.204 0.970 0.756 
0.020 0.994 0.107 0.988 1.000 
0.020 0.995 0.016 0.998 1.000 
0.045 0.988 0.086 0.973 1.000 
0.024 0.993 0.064 0.990 0.964 
0.012 0.996 0.129 0.970 1.000 
0.027 0.994 0.113 0.965 0.977 
0.021 0.994 0.192 0.970 0.871 
0.022 0.992 0.110 0.973 1.000 
0.015 0.996 0.195 0.970 1.000 
0.018 0.995 0.148 0.980 1.000 
0.024 0.992 0.138 0.993 1.000 
0.023 0.995 0.113 0.995 1.000 
0.024 0.996 0.120 0.973 1.000 
0.026 0.991 0.118 0.988 1.000 
0.020 0.994 0.056 0.985 0.997 
0.019 0.994 0.088 0.975 0.993 
0.021 0.993 0.083 0.975 0.967 
0.025 0.992 0.061 0.975 1.000 
0.023 0.992 0.176 0.932 1.000 
0.015 0.995 0.207 0.960 0.927 
0.018 0.993 0.195 0.985 0.875 
0.044 0.992 0.156 0.953 1.000 
0.019 0.995 0.064 0.985 1.000 
0.016 0.994 0.079 0.973 1.000 
0.023 0.993 0.047 0.988 1.000 
0.019 0.996 0.056 0.980 1.000 
0.021 0.994 0.080 0.970 1.000 
0.019 0.994 0.087 0.968 1.000 
0.026 0.994 0.062 0.975 1.000 
0.016 0.996 0.068 0.975 1.000 
0.018 0.994 0.098 0.970 1.000 
0.028 0.992 0.109 0.965 1.000 
0.020 0.994 0.083 0.973 1.000 
0.022 0.994 0.012 1.000 1.000 
0.023 0.994 0.129 0.953 1.000 
0.022 0.992 0.033 0.988 1.000 
0.020 0.995 0.054 0.978 1.000 
0.019 0.995 0.084 0.993 0.980 
0.031 0.992 0.078 0.975 1.000 
0.025 0.993 0.072 0.980 1.000 
0.021 0.995 0.115 0.973 0.990 
0.024 0.994 0.153 0.930 1.000 
0.016 0.996 0.063 0.983 0.997 
0.015 0.995 0.077 0.975 1.000 
0.027 0.993 0.113 0.975 0.997 
0.023 0.994 0.038 0.983 0.997 
0.019 0.995 0.058 0.985 1.000 
0.020 0.995 0.049 0.978 1.000 
0.014 0.996 0.060 0.983 1.000 
0.017 0.995 0.089 0.975 1.000 
0.022 0.993 0.016 0.998 1.000 
0.018 0.996 0.082 0.978 1.000 
0.015 0.996 0.093 0.998 0.944 
0.020 0.994 0.146 0.973 0.997 
0.019 0.995 0.112 0.988 1.000 
0.023 0.993 0.178 0.975 1.000 
0.032 0.994 0.172 0.975 0.983 
0.028 0.995 0.143 0.970 0.997 
0.032 0.994 0.167 0.968 0.937 
0.020 0.994 0.065 0.978 0.987 
0.020 0.995 0.119 0.975 0.997 
0.022 0.994 0.120 0.975 0.997 
0.016 0.994 0.061 0.978 1.000 
0.022 0.994 0.090 0.978 1.000 
0.015 0.993 0.096 0.983 1.000 
0.035 0.991 0.146 0.985 1.000 
0.030 0.996 0.111 0.980 0.993 
0.028 0.993 0.162 0.975 1.000 
0.026 0.993 0.102 0.985 1.000 
0.017 0.996 0.156 0.970 0.931 
0.020 0.995 0.173 0.973 1.000 
0.035 0.994 0.078 0.973 1.000 
0.020 0.994 0.120 0.965 0.983 
0.020 0.993 0.102 0.978 0.822 
0.017 0.995 0.035 0.993 1.000 
0.017 0.996 0.081 0.975 1.000 
0.016 0.995 0.144 0.945 1.000 
0.016 0.995 0.086 0.985 0.901 
0.028 0.992 0.049 0.980 0.993 
0.024 0.993 0.105 0.970 1.000 
0.018 0.995 0.089 0.988 1.000 
0.019 0.996 0.099 0.988 1.000 
0.021 0.992 0.178 0.978 1.000 
0.015 0.997 0.092 0.980 1.000 
0.017 0.994 0.116 0.983 1.000 
0.021 0.995 0.152 0.960 1.000 
0.028 0.993 0.081 0.975 1.000 
0.024 0.992 0.097 0.978 1.000 
0.017 0.995 0.074 0.980 1.000 
0.016 0.994 0.131 0.993 1.000 
0.009 0.997 0.225 0.970 1.000 
0.035 0.992 0.039 0.990 1.000 
0.049 0.994 0.082 0.975 1.000 
0.020 0.992 0.110 0.975 0.987 
0.014 0.995 0.129 0.960 1.000 
0.016 0.995 0.043 0.993 1.000 
0.017 0.995 0.115 0.973 1.000 
0.020 0.993 0.067 0.980 1.000 
0.020 0.994 0.122 0.968 1.000 
0.013 0.997 0.112 0.978 1.000 
0.024 0.992 0.077 0.985 1.000 
0.027 0.994 0.127 0.973 0.881 
0.021 0.994 0.077 0.980 1.000 
0.017 0.996 0.087 0.978 0.990 
0.021 0.994 0.079 0.980 1.000 
0.016 0.995 0.214 0.930 1.000 
0.022 0.993 0.071 0.978 0.974 
0.014 0.996 0.069 0.980 1.000 
0.027 0.993 0.054 0.975 1.000 
0.017 0.995 0.070 0.980 0.888 
0.018 0.994 0.066 0.975 0.993 
0.019 0.995 0.156 0.953 1.000 
0.025 0.996 0.120 0.970 1.000 
0.013 0.996 0.150 0.973 1.000 
0.016 0.996 0.203 0.973 0.987 
0.020 0.992 0.040 0.980 1.000 
0.018 0.995 0.091 0.975 0.993 
0.020 0.994 0.133 0.973 0.993 
0.022 0.994 0.096 0.970 1.000 
0.013 0.995 0.155 0.958 1.000 
0.027 0.996 0.168 0.965 1.000 
0.017 0.996 0.201 0.958 0.997 
0.022 0.995 0.162 0.983 1.000 
0.031 0.990 0.095 0.973 1.000 
0.018 0.995 0.080 0.973 1.000 
0.014 0.997 0.161 0.973 1.000 
0.014 0.996 0.146 0.965 1.000 
0.018 0.995 0.137 0.943 1.000 
0.017 0.995 0.087 0.980 1.000 
0.013 0.997 0.122 0.978 0.993 
0.019 0.995 0.119 0.985 1.000 
0.040 0.991 0.150 0.948 1.000 
0.020 0.993 0.137 0.965 1.000 
0.014 0.997 0.112 0.993 1.000 
0.016 0.995 0.144 0.975 1.000 
0.019 0.995 0.121 0.973 1.000 
0.017 0.996 0.234 0.973 1.000 
0.015 0.995 0.179 0.970 1.000 
0.013 0.995 0.141 0.990 1.000 
0.047 0.995 0.165 0.983 1.000 
0.030 0.995 0.043 0.983 1.000 
0.016 0.997 0.085 0.980 1.000 
0.014 0.995 0.113 0.978 1.000 
0.018 0.995 0.099 0.978 1.000 
0.018 0.994 0.284 0.990 0.997 
0.025 0.993 0.087 0.975 0.993 
0.066 0.991 0.058 0.980 0.987 
0.023 0.992 0.059 0.980 1.000 
0.013 0.996 0.279 0.927 0.990 
0.040 0.993 0.124 0.950 0.960 
0.022 0.993 0.085 0.965 0.911 
0.017 0.997 0.068 0.978 0.997 
0.023 0.994 0.064 0.983 0.980 
0.025 0.994 0.074 0.975 0.993 
0.016 0.996 0.067 0.985 1.000 
0.023 0.996 0.059 0.980 1.000 
0.016 0.995 0.051 0.978 1.000 
0.020 0.995 0.222 0.925 0.997 
0.025 0.994 0.049 0.983 0.997 
0.018 0.995 0.222 0.938 0.927 
0.023 0.994 0.122 0.965 0.983 
0.016 0.994 0.094 0.988 1.000 
0.019 0.993 0.113 0.983 0.993 
0.012 0.995 0.306 0.930 1.000 
0.022 0.996 0.126 0.960 0.997 
0.017 0.995 0.116 0.985 1.000 
0.030 0.994 0.163 0.943 1.000 
0.019 0.995 0.150 0.975 0.964 
0.020 0.993 0.187 0.953 1.000 
0.010 0.998 0.096 0.975 1.000 
0.030 0.993 0.167 0.973 1.000 
0.022 0.994 0.132 0.988 0.993 
0.016 0.996 0.163 0.968 1.000 
0.020 0.993 0.100 0.985 1.000 
0.016 0.997 0.110 0.968 0.997 
0.018 0.994 0.025 0.995 1.000 
0.023 0.994 0.142 0.965 1.000 
0.018 0.995 0.096 0.983 1.000 
0.020 0.993 0.230 0.965 0.858 
0.015 0.996 0.064 0.995 0.818 
0.029 0.994 0.124 0.963 0.865 
0.016 0.995 0.116 0.973 0.997 
0.017 0.995 0.125 0.970 1.000 
0.031 0.993 0.136 0.958 0.921 
0.017 0.995 0.060 0.985 0.983 
0.017 0.996 0.067 0.985 1.000 
0.010 0.996 0.048 0.988 1.000 
0.016 0.996 0.078 0.983 0.983 
0.070 0.991 0.176 0.980 0.990 
0.020 0.996 0.212 0.975 0.997 
0.017 0.996 0.294 0.960 0.997 
0.020 0.995 0.319 0.968 1.000 
0.018 0.992 0.272 0.975 1.000 
0.019 0.995 0.298 0.990 1.000 
0.017 0.996 0.357 0.985 0.977 
0.044 0.995 0.179 0.968 1.000 
0.043 0.991 0.181 0.968 1.000 
0.016 0.996 0.145 0.978 1.000 
0.016 0.995 0.124 0.980 0.990 
0.011 0.996 0.293 0.950 0.993 
0.019 0.996 0.092 0.988 0.997 
0.012 0.995 0.248 0.978 0.993 
0.012 0.996 0.177 0.993 0.970 
0.021 0.994 0.140 0.978 0.993 
0.017 0.994 0.334 0.975 1.000 
0.010 0.997 0.329 0.983 1.000 
0.017 0.996 0.477 0.945 0.914 
0.022 0.994 0.308 0.960 0.970 
0.016 0.995 0.270 0.985 1.000 
0.020 0.992 0.331 0.990 1.000 
0.024 0.994 0.239 0.990 1.000 
0.015 0.997 0.358 0.993 0.891 
0.018 0.995 0.301 0.980 0.974 
0.013 0.995 0.393 0.973 0.990 
0.011 0.996 0.483 0.978 0.785 
0.014 0.996 0.448 0.985 0.878 
0.014 0.996 0.504 0.980 0.993 
0.029 0.994 0.945 0.988 0.977 
0.029 0.994 0.213 0.978 0.950 
0.018 0.995 0.251 0.978 0.990 
0.018 0.994 0.062 0.975 1.000 
0.021 0.992 0.069 0.985 0.974 
0.017 0.996 0.127 0.978 1.000 
0.021 0.993 0.264 0.980 1.000 
0.014 0.996 0.288 0.975 1.000 
0.016 0.995 0.236 0.990 1.000 
0.021 0.994 0.351 0.973 0.987 
0.028 0.995 0.061 0.975 1.000 
0.020 0.995 0.044 0.980 1.000 
0.018 0.995 0.053 0.983 1.000 
0.068 0.992 0.234 0.968 0.957 
0.031 0.993 0.115 0.973 1.000 
0.029 0.995 0.108 0.973 1.000 
0.020 0.992 0.177 0.963 1.000 
0.011 0.998 0.144 0.988 1.000 
0.008 0.998 0.178 0.978 0.977 
0.019 0.996 0.060 0.990 1.000 
0.020 0.995 0.140 0.980 1.000 
0.022 0.994 0.193 0.963 0.997 
0.021 0.995 0.289 0.993 0.944 
0.032 0.992 0.296 0.978 0.990 
0.012 0.996 0.303 0.995 1.000 
0.015 0.994 0.358 0.965 0.993 
0.007 0.998 0.346 0.978 1.000 
0.019 0.995 0.365 0.963 1.000 
0.044 0.994 0.585 0.968 1.000 
0.008 0.997 0.397 0.980 1.000 
0.018 0.995 0.692 0.980 0.983 
0.018 0.996 0.410 0.983 1.000 
0.024 0.994 0.599 0.980 1.000 
0.029 0.995 0.473 0.955 0.997 
0.015 0.996 0.345 0.973 0.997 
0.017 0.995 0.324 0.973 1.000 
0.011 0.995 0.563 0.978 0.987 
0.022 0.995 0.459 0.973 0.977 
0.020 0.992 0.420 0.973 1.000 
0.014 0.996 0.584 0.978 0.997 
0.018 0.994 0.035 0.983 1.000 
0.012 0.996 0.127 0.973 1.000 
0.015 0.994 0.193 0.973 1.000 
0.017 0.996 0.223 0.970 0.997 
0.090 0.994 0.441 0.963 1.000 
0.011 0.995 0.520 0.975 1.000 
0.017 0.996 0.450 0.973 0.997 
0.015 0.996 0.345 0.988 0.993 
0.019 0.995 0.371 0.945 1.000 
0.023 0.995 0.232 0.945 1.000 
0.030 0.994 0.387 0.930 1.000 
0.014 0.996 0.243 0.983 0.997 
0.018 0.995 0.300 0.973 1.000 
0.022 0.995 0.267 0.968 0.967 
0.014 0.995 0.263 0.988 1.000 
0.013 0.997 0.215 0.985 1.000 
0.019 0.995 0.338 0.978 0.987 
0.013 0.994 0.387 0.980 0.997 
0.023 0.993 0.258 0.960 1.000 
0.017 0.994 0.256 0.980 1.000 
0.018 0.994 0.339 0.968 1.000 
0.021 0.993 0.246 0.978 1.000 
0.020 0.995 0.308 0.978 1.000 
0.018 0.995 0.481 0.985 0.954 
0.054 0.987 0.295 0.978 1.000 
0.032 0.996 0.086 0.965 1.000 
0.021 0.995 0.228 0.975 1.000 
0.019 0.994 0.286 0.983 0.993 
0.024 0.996 0.139 0.970 0.993 
0.022 0.994 0.137 0.980 1.000 
0.016 0.995 0.143 0.980 1.000 
0.010 0.997 0.295 0.980 0.997 
0.020 0.995 0.339 0.978 1.000 
0.087 0.991 0.252 0.925 0.997 
0.020 0.994 0.204 0.975 1.000 
0.015 0.995 0.218 0.965 1.000 
0.018 0.994 0.254 0.965 1.000 
0.015 0.996 0.131 0.973 1.000 
0.021 0.995 0.270 0.978 1.000 
0.024 0.993 0.171 0.970 1.000 
0.017 0.994 0.159 0.938 1.000 
0.017 0.994 0.280 0.978 1.000 
0.034 0.997 0.063 0.980 1.000 
0.011 0.996 0.123 0.968 1.000 
0.016 0.995 0.063 0.980 1.000 
0.017 0.993 0.105 0.973 0.997 
0.016 0.995 0.128 0.963 0.997 
0.027 0.993 0.087 0.970 1.000 
0.015 0.996 0.110 0.968 1.000 
0.014 0.997 0.203 0.940 1.000 
0.009 0.997 0.057 0.983 1.000 
0.023 0.994 0.064 0.975 0.997 
0.017 0.994 0.087 0.973 0.997 
0.023 0.994 0.129 0.970 0.997 
0.015 0.996 0.061 0.988 1.000 
0.017 0.993 0.147 0.973 1.000 
0.021 0.995 0.085 0.993 1.000 
0.008 0.996 0.180 0.980 1.000 
0.020 0.997 0.122 0.973 1.000 
0.021 0.993 0.091 0.980 1.000 
0.021 0.993 0.196 0.953 1.000 
0.025 0.995 0.147 0.958 0.987 
0.018 0.996 0.280 0.963 1.000 
0.023 0.996 0.063 0.975 1.000 
0.014 0.996 0.179 0.970 1.000 
0.032 0.996 0.176 0.945 1.000 
0.011 0.996 0.085 0.985 1.000 
0.026 0.992 0.174 0.948 1.000 
0.018 0.995 0.236 0.948 1.000 
0.011 0.996 0.153 0.980 1.000 
0.014 0.996 0.194 0.963 1.000 
0.029 0.991 0.081 0.965 1.000 
0.010 0.996 0.291 0.980 0.993 
0.020 0.995 0.159 0.985 0.993 
0.016 0.994 0.191 0.968 1.000 
0.021 0.995 0.128 0.965 1.000 
0.021 0.994 0.191 0.935 1.000 
0.022 0.994 0.134 0.965 1.000 
0.014 0.995 0.127 0.978 0.983 
0.027 0.994 0.050 0.985 1.000 
0.015 0.996 0.134 0.978 0.891 
0.014 0.995 0.015 0.998 1.000 
0.015 0.995 0.064 0.988 0.993 
0.024 0.992 0.045 0.983 1.000 
0.018 0.994 0.113 0.963 1.000 
0.019 0.996 0.115 0.988 0.983 
0.018 0.995 0.129 0.988 1.000 
0.018 0.996 0.128 0.973 1.000 
0.053 0.994 0.483 0.975 0.875 
0.030 0.997 0.174 0.968 0.997 
0.021 0.993 0.211 0.993 0.901 
0.020 0.993 0.262 0.963 1.000 
0.026 0.991 0.170 0.963 1.000 
0.020 0.995 0.177 0.973 1.000 
0.017 0.995 0.161 0.985 0.980 
0.013 0.998 0.147 0.978 0.871 
0.018 0.995 0.277 0.975 0.980 
0.012 0.997 0.153 0.993 0.990 
0.024 0.994 0.216 0.975 1.000 
0.014 0.997 0.266 0.968 0.927 
0.014 0.996 0.237 0.970 1.000 
0.013 0.997 0.160 0.998 1.000 
0.015 0.994 0.247 0.958 1.000 
0.020 0.996 0.154 0.990 0.987 
0.013 0.993 0.294 0.985 1.000 
0.030 0.992 0.283 0.985 1.000 
0.012 0.996 0.365 0.973 1.000 
0.011 0.996 0.303 0.985 1.000 
0.020 0.995 0.358 0.973 1.000 
0.021 0.995 0.290 0.978 1.000 
0.025 0.996 0.148 0.988 1.000 
0.017 0.995 0.133 0.980 1.000 
0.014 0.997 0.066 0.978 1.000 
0.021 0.995 0.119 0.973 1.000 
0.015 0.996 0.184 0.983 1.000 
0.019 0.994 0.215 0.970 1.000 
0.016 0.997 0.363 0.978 1.000 
0.020 0.995 0.330 0.970 1.000 
0.039 0.994 0.051 0.973 1.000 
0.023 0.994 0.089 0.970 1.000 
0.025 0.992 0.314 0.938 1.000 
0.029 0.993 0.105 0.975 1.000 
0.016 0.997 0.216 0.965 1.000 
0.011 0.997 0.222 0.973 1.000 
0.022 0.993 0.254 0.963 1.000 
0.015 0.994 0.187 0.988 1.000 
0.035 0.992 0.101 0.988 1.000 
0.015 0.995 0.146 0.973 1.000 
0.012 0.996 0.109 0.990 1.000 
0.020 0.995 0.125 0.980 1.000 
0.021 0.995 0.164 0.985 1.000 
0.013 0.997 0.168 0.975 1.000 
0.016 0.996 0.329 0.968 1.000 
0.020 0.994 0.330 0.980 0.997 
0.021 0.995 0.218 0.980 0.993 
0.014 0.996 0.163 0.978 1.000 
0.057 0.992 0.328 0.980 1.000 
0.032 0.993 0.127 0.978 1.000 
0.027 0.992 0.272 0.978 1.000 
0.016 0.994 0.382 0.955 1.000 
0.011 0.996 0.304 0.970 1.000 
0.027 0.993 0.082 0.975 1.000 
0.018 0.995 0.196 0.960 1.000 
0.043 0.994 0.126 0.980 1.000 
0.015 0.995 0.149 0.993 0.997 
0.023 0.994 0.237 0.970 1.000 
0.013 0.996 0.181 0.978 1.000 
0.017 0.997 0.115 0.975 1.000 
0.017 0.995 0.196 0.988 1.000 
0.016 0.996 0.247 0.970 1.000 
0.014 0.995 0.228 0.973 1.000 
0.026 0.994 0.054 0.978 1.000 
0.013 0.996 0.095 0.970 1.000 
0.017 0.994 0.050 0.990 1.000 
0.023 0.995 0.181 0.990 1.000 
0.015 0.994 0.120 0.985 1.000 
0.017 0.996 0.158 0.988 0.997 
0.021 0.994 0.209 0.968 1.000 
0.015 0.994 0.173 0.975 1.000 
0.022 0.995 0.164 0.973 1.000 
0.020 0.995 0.067 0.990 1.000 
0.016 0.996 0.091 0.980 0.970 
0.017 0.996 0.082 0.995 1.000 
0.014 0.997 0.204 0.993 1.000 
0.015 0.995 0.158 0.990 1.000 
0.016 0.995 0.192 0.970 1.000 
0.028 0.994 0.146 0.990 1.000 
0.009 0.998 0.232 0.988 1.000 
0.017 0.994 0.212 0.968 1.000 
0.013 0.995 0.232 0.970 1.000 
0.023 0.994 0.149 0.985 1.000 
0.015 0.994 0.161 0.983 1.000 
0.020 0.994 0.129 0.970 0.993 
0.020 0.993 0.271 0.963 1.000 
0.016 0.997 0.153 0.988 0.990 
0.025 0.995 0.174 0.975 0.983 
0.023 0.994 0.053 0.985 1.000 
0.016 0.993 0.132 0.965 1.000 
0.013 0.996 0.116 0.978 1.000 
0.015 0.998 0.123 0.985 1.000 
0.019 0.995 0.152 0.993 1.000 
0.021 0.993 0.073 0.988 1.000 
0.018 0.994 0.164 0.980 1.000 
0.017 0.995 0.505 0.973 1.000 
0.034 0.994 0.270 0.995 1.000 
0.016 0.995 0.565 0.955 1.000 
0.100 0.992 0.209 0.965 1.000 
0.014 0.997 0.198 0.978 1.000 
0.018 0.996 0.301 0.975 1.000 
0.017 0.996 0.281 0.970 1.000 
0.015 0.997 0.324 0.975 1.000 
0.015 0.995 0.174 0.990 1.000 
0.015 0.996 0.247 0.983 1.000 
0.027 0.994 0.286 0.958 1.000 
0.012 0.997 0.304 0.990 1.000 
0.017 0.992 0.319 0.980 1.000 
0.015 0.995 0.300 0.975 1.000 
0.020 0.994 0.115 0.980 1.000 
0.226 0.994 0.113 0.980 1.000 
0.045 0.994 0.026 0.988 1.000 
0.010 0.996 0.101 0.990 1.000 
0.018 0.996 0.244 0.955 1.000 
0.014 0.997 0.243 0.975 1.000 
0.009 0.997 0.218 0.970 1.000 
0.025 0.995 0.085 0.993 1.000 
0.020 0.994 0.086 0.985 1.000 
0.018 0.993 0.116 0.985 1.000 
0.011 0.997 0.140 0.983 1.000 
0.021 0.992 0.134 0.950 1.000 
0.019 0.993 0.055 0.993 0.997 
0.015 0.994 0.114 0.985 1.000 
0.017 0.996 0.174 0.968 0.997 
0.024 0.995 0.162 0.960 1.000 
0.018 0.994 0.101 0.980 1.000 
0.013 0.996 0.169 0.975 1.000 
0.020 0.993 0.076 0.988 1.000 
0.014 0.993 0.196 0.973 1.000 
0.019 0.994 0.180 0.973 1.000 
0.011 0.996 0.282 0.958 1.000 
0.012 0.995 0.228 0.963 1.000 
0.023 0.994 0.109 0.978 1.000 
0.022 0.993 0.216 0.950 0.931 
0.015 0.994 0.146 0.978 0.977 
0.017 0.995 0.071 0.970 0.997 
0.014 0.996 0.096 0.970 1.000 
0.017 0.995 0.152 0.965 1.000 
0.020 0.994 0.031 0.983 1.000 
0.037 0.989 0.144 0.958 0.993 
0.022 0.993 0.103 0.990 1.000 
0.014 0.996 0.178 0.960 1.000 
0.010 0.997 0.140 0.973 1.000 
0.013 0.996 0.091 0.988 1.000 
0.017 0.995 0.045 0.990 1.000 
0.012 0.996 0.254 0.975 1.000 
0.021 0.996 0.105 0.985 1.000 
0.012 0.995 0.036 0.985 1.000 
0.015 0.995 0.091 0.973 1.000 
0.035 0.995 0.233 0.985 1.000 
0.023 0.995 0.071 0.990 1.000 
0.017 0.996 0.185 0.950 1.000 
0.022 0.992 0.078 0.983 1.000 
0.019 0.995 0.183 0.958 1.000 
0.013 0.995 0.261 0.938 1.000 
0.019 0.995 0.136 0.968 1.000 
0.011 0.996 0.092 0.993 0.997 
0.013 0.995 0.138 0.970 0.993 
0.020 0.994 0.070 0.980 0.990 
0.013 0.996 0.166 0.945 1.000 
0.022 0.995 0.093 0.993 0.898 
0.015 0.996 0.086 0.993 0.990 
0.017 0.995 0.096 0.973 1.000 
0.016 0.996 0.088 0.990 1.000 
0.017 0.996 0.158 0.975 0.957 
0.018 0.995 0.163 0.960 1.000 
0.014 0.996 0.095 0.978 1.000 
0.022 0.994 0.196 0.960 1.000 
0.018 0.994 0.354 0.963 1.000 
0.028 0.996 0.148 0.968 1.000 
0.020 0.995 0.184 0.968 1.000 
0.013 0.996 0.148 0.970 1.000 
0.010 0.997 0.189 0.978 1.000 
0.017 0.995 0.182 0.965 1.000 
0.013 0.995 0.125 0.978 1.000 
0.016 0.994 0.138 0.978 1.000 
0.014 0.996 0.201 0.970 1.000 
0.016 0.995 0.101 0.990 1.000 
0.024 0.996 0.536 0.990 0.983 
0.028 0.993 0.127 0.990 1.000 
0.015 0.996 0.279 0.960 1.000 
0.009 0.997 0.316 0.968 1.000 
0.030 0.993 0.116 0.958 1.000 
0.022 0.994 0.100 0.963 0.997 
0.028 0.993 0.049 0.980 0.983 
0.017 0.994 0.155 0.980 0.997 
0.016 0.997 0.094 0.980 1.000 
0.018 0.994 0.398 0.927 0.630 
0.016 0.993 0.212 0.988 1.000 
0.011 0.996 0.293 0.968 0.997 
0.016 0.995 0.340 0.993 1.000 
0.016 0.995 0.295 0.963 1.000 
0.022 0.998 0.212 0.968 1.000 
0.014 0.996 0.258 0.988 1.000 
0.019 0.994 0.527 0.975 1.000 
0.012 0.995 0.671 0.985 0.977 
0.006 0.997 0.482 0.970 1.000 
0.017 0.995 0.565 0.968 1.000 
0.012 0.995 0.700 0.968 1.000 
0.018 0.995 0.442 0.975 1.000 
0.027 0.995 0.364 0.978 1.000 
0.016 0.994 0.407 0.973 1.000 
0.012 0.996 0.327 0.983 1.000 
0.019 0.995 0.505 0.975 1.000 
0.016 0.996 0.588 0.978 1.000 
0.029 0.994 0.184 0.970 1.000 
0.015 0.995 0.174 0.988 1.000 
0.024 0.994 0.179 0.975 1.000 
0.024 0.991 0.250 0.978 1.000 
0.011 0.997 0.279 0.980 1.000 
0.014 0.993 0.313 0.965 1.000 
0.022 0.994 0.226 0.948 0.987 
0.014 0.996 0.193 0.975 1.000 
0.013 0.995 0.339 0.975 1.000 
0.009 0.997 0.087 0.993 1.000 
0.020 0.994 0.599 0.985 0.997 
0.030 0.995 0.267 0.945 1.000 
0.013 0.995 0.188 0.983 1.000 
0.015 0.994 0.168 0.988 1.000 
