0.324 0.874 0.174 0.935 1.000 
0.165 0.945 0.156 0.932 1.000 
0.150 0.949 0.157 0.955 1.000 
0.153 0.955 0.175 0.917 0.131 
0.114 0.966 0.115 0.965 0.965 
0.116 0.963 0.108 0.975 1.000 
0.087 0.975 0.062 0.983 1.000 
0.092 0.971 0.095 0.978 1.000 
0.097 0.970 0.124 0.950 1.000 
0.094 0.969 0.086 0.980 0.984 
0.080 0.978 0.091 0.963 1.000 
0.108 0.970 0.152 0.968 1.000 
0.084 0.974 0.093 0.968 1.000 
0.094 0.971 0.093 0.988 1.000 
0.066 0.979 0.067 0.980 1.000 
0.083 0.978 0.108 0.973 1.000 
0.077 0.979 0.092 0.970 0.990 
0.073 0.979 0.116 0.960 1.000 
0.069 0.982 0.082 0.980 0.077 
0.081 0.979 0.096 0.965 0.500 
0.052 0.984 0.095 0.973 0.978 
0.059 0.983 0.076 0.980 0.997 
0.082 0.977 0.104 0.968 0.356 
0.063 0.981 0.106 0.968 1.000 
0.051 0.984 0.068 0.978 1.000 
0.071 0.979 0.076 0.980 1.000 
0.059 0.982 0.063 0.983 1.000 
0.056 0.988 0.070 0.978 1.000 
0.051 0.985 0.091 0.965 1.000 
0.062 0.984 0.111 0.963 1.000 
0.063 0.981 0.079 0.978 0.926 
0.049 0.985 0.093 0.970 0.003 
0.039 0.988 0.093 0.965 1.000 
0.049 0.988 0.062 0.978 0.997 
0.056 0.983 0.073 0.983 1.000 
0.063 0.986 0.085 0.973 0.022 
0.054 0.983 0.061 0.983 0.984 
0.045 0.989 0.069 0.975 1.000 
0.064 0.985 0.069 0.975 0.997 
0.054 0.983 0.066 0.975 0.984 
0.049 0.989 0.075 0.968 0.946 
0.045 0.986 0.090 0.965 1.000 
0.057 0.985 0.064 0.978 1.000 
0.045 0.987 0.082 0.973 0.990 
0.048 0.986 0.075 0.975 1.000 
0.042 0.989 0.045 0.983 1.000 
0.047 0.984 0.051 0.985 0.990 
0.052 0.987 0.084 0.975 1.000 
0.059 0.985 0.098 0.965 0.997 
0.053 0.984 0.090 0.968 0.939 
0.051 0.984 0.077 0.980 0.987 
0.049 0.986 0.101 0.965 1.000 
0.045 0.991 0.077 0.978 1.000 
0.054 0.986 0.068 0.978 1.000 
0.054 0.984 0.056 0.983 1.000 
0.039 0.988 0.062 0.978 1.000 
0.048 0.988 0.056 0.985 0.974 
0.040 0.990 0.120 0.968 1.000 
0.040 0.989 0.085 0.978 1.000 
0.053 0.986 0.059 0.980 0.968 
0.045 0.988 0.091 0.973 1.000 
0.040 0.991 0.066 0.978 0.997 
0.044 0.988 0.138 0.935 0.593 
0.056 0.988 0.178 0.920 0.952 
0.036 0.990 0.048 0.985 0.638 
0.044 0.989 0.092 0.975 0.968 
0.045 0.986 0.075 0.985 0.978 
0.046 0.989 0.058 0.985 1.000 
0.048 0.982 0.061 0.983 0.962 
0.041 0.990 0.073 0.973 0.990 
0.035 0.990 0.090 0.968 1.000 
0.035 0.990 0.104 0.963 1.000 
0.031 0.991 0.054 0.983 0.897 
0.041 0.988 0.103 0.965 0.564 
0.035 0.990 0.120 0.960 0.410 
0.040 0.991 0.080 0.970 0.965 
0.048 0.986 0.074 0.980 0.913 
0.044 0.988 0.053 0.983 0.772 
0.034 0.992 0.078 0.970 1.000 
0.045 0.992 0.137 0.940 0.949 
0.040 0.990 0.086 0.968 1.000 
0.029 0.993 0.124 0.953 0.990 
0.034 0.992 0.097 0.963 0.978 
0.038 0.988 0.088 0.978 0.997 
0.032 0.992 0.119 0.955 0.926 
0.037 0.992 0.074 0.970 0.907 
0.044 0.988 0.104 0.958 0.676 
0.043 0.989 0.077 0.975 0.359 
0.032 0.993 0.082 0.975 0.878 
0.039 0.991 0.085 0.970 1.000 
0.040 0.988 0.080 0.975 0.840 
0.026 0.994 0.067 0.978 0.978 
0.040 0.989 0.087 0.965 0.702 
0.033 0.990 0.084 0.970 0.971 
0.040 0.991 0.095 0.963 0.240 
0.039 0.990 0.067 0.983 0.782 
0.032 0.991 0.071 0.975 0.997 
0.035 0.990 0.092 0.960 0.003 
0.029 0.991 0.111 0.963 0.000 
0.039 0.991 0.162 0.950 0.042 
0.038 0.991 0.084 0.968 1.000 
0.038 0.989 0.119 0.965 0.997 
0.036 0.992 0.096 0.968 0.994 
0.033 0.991 0.079 0.968 0.901 
0.030 0.991 0.081 0.970 0.997 
0.039 0.993 0.075 0.968 0.997 
0.037 0.991 0.075 0.970 0.875 
0.026 0.992 0.056 0.978 0.933 
0.028 0.993 0.086 0.968 1.000 
0.029 0.993 0.057 0.985 0.583 
0.037 0.992 0.063 0.978 0.849 
0.039 0.989 0.063 0.980 1.000 
0.030 0.993 0.071 0.975 0.875 
0.039 0.990 0.093 0.968 1.000 
0.033 0.989 0.086 0.963 1.000 
0.037 0.990 0.098 0.965 1.000 
0.026 0.995 0.150 0.955 0.628 
0.037 0.990 0.087 0.965 0.968 
0.027 0.994 0.102 0.960 0.997 
0.035 0.993 0.069 0.973 1.000 
0.047 0.988 0.120 0.948 0.987 
0.038 0.989 0.071 0.980 0.962 
0.034 0.990 0.071 0.978 0.997 
0.031 0.991 0.058 0.980 0.792 
0.025 0.994 0.110 0.963 0.407 
0.032 0.994 0.065 0.980 0.994 
0.032 0.991 0.107 0.960 0.997 
0.033 0.991 0.091 0.968 0.997 
0.035 0.991 0.086 0.970 0.987 
0.028 0.992 0.077 0.973 0.939 
0.039 0.991 0.079 0.978 0.942 
0.026 0.992 0.065 0.980 0.933 
0.033 0.993 0.058 0.983 0.276 
0.031 0.991 0.060 0.983 0.359 
0.027 0.993 0.067 0.975 0.990 
0.029 0.992 0.088 0.968 1.000 
0.025 0.993 0.042 0.988 1.000 
0.031 0.992 0.052 0.988 0.958 
0.047 0.992 0.051 0.985 0.978 
0.034 0.992 0.059 0.980 0.994 
0.031 0.991 0.108 0.965 0.894 
0.034 0.991 0.042 0.983 1.000 
0.024 0.996 0.064 0.975 0.994 
0.030 0.990 0.065 0.985 0.574 
0.031 0.992 0.067 0.978 0.907 
0.028 0.992 0.056 0.985 0.997 
0.028 0.993 0.078 0.975 1.000 
0.025 0.995 0.085 0.970 1.000 
0.033 0.991 0.064 0.978 1.000 
0.043 0.990 0.068 0.980 0.978 
0.032 0.992 0.036 0.985 1.000 
0.033 0.992 0.072 0.975 1.000 
0.022 0.992 0.057 0.978 1.000 
0.022 0.997 0.054 0.983 0.968 
0.032 0.993 0.060 0.983 0.990 
0.030 0.992 0.044 0.988 0.939 
0.035 0.990 0.091 0.965 0.144 
0.026 0.993 0.072 0.970 0.679 
0.027 0.993 0.117 0.960 0.183 
0.029 0.991 0.056 0.983 1.000 
0.039 0.991 0.104 0.963 0.974 
0.025 0.996 0.086 0.970 0.978 
0.035 0.987 0.076 0.973 1.000 
0.018 0.997 0.101 0.973 1.000 
0.039 0.990 0.060 0.983 0.990 
0.039 0.991 0.092 0.970 1.000 
0.029 0.993 0.109 0.965 1.000 
0.025 0.993 0.031 0.993 1.000 
0.028 0.993 0.061 0.978 1.000 
0.027 0.992 0.052 0.980 1.000 
0.047 0.989 0.082 0.968 1.000 
0.025 0.993 0.072 0.970 1.000 
0.022 0.995 0.126 0.965 1.000 
0.034 0.991 0.056 0.978 1.000 
0.028 0.993 0.063 0.970 1.000 
0.025 0.994 0.075 0.970 1.000 
0.030 0.993 0.105 0.955 0.997 
0.023 0.993 0.053 0.980 1.000 
0.031 0.990 0.037 0.990 1.000 
0.024 0.993 0.058 0.975 0.994 
0.029 0.992 0.065 0.968 1.000 
0.026 0.995 0.035 0.988 1.000 
0.029 0.991 0.053 0.978 0.984 
0.025 0.995 0.041 0.990 0.978 
0.035 0.990 0.064 0.978 1.000 
0.030 0.991 0.046 0.985 0.978 
0.032 0.992 0.055 0.978 1.000 
0.030 0.992 0.102 0.958 0.952 
0.029 0.992 0.072 0.968 0.994 
0.025 0.993 0.047 0.983 0.955 
0.025 0.994 0.260 0.917 0.644 
0.026 0.993 0.132 0.958 0.798 
0.039 0.990 0.051 0.985 0.888 
0.023 0.994 0.057 0.983 0.324 
0.023 0.993 0.050 0.988 0.256 
0.036 0.992 0.046 0.985 0.587 
0.034 0.991 0.071 0.973 0.994 
0.025 0.994 0.044 0.988 1.000 
0.025 0.995 0.045 0.988 1.000 
0.030 0.991 0.037 0.988 0.962 
0.026 0.992 0.106 0.960 0.897 
0.025 0.992 0.092 0.960 0.955 
0.028 0.991 0.069 0.983 0.692 
0.032 0.992 0.125 0.950 0.955 
0.032 0.991 0.082 0.960 0.740 
0.024 0.995 0.114 0.960 0.821 
0.018 0.993 0.041 0.988 0.978 
0.022 0.996 0.077 0.968 0.929 
0.030 0.990 0.041 0.988 1.000 
0.026 0.994 0.075 0.965 0.981 
0.033 0.991 0.108 0.965 0.849 
0.037 0.990 0.076 0.970 0.942 
0.023 0.993 0.086 0.970 1.000 
0.026 0.993 0.099 0.963 0.667 
0.031 0.993 0.066 0.973 0.997 
0.023 0.996 0.075 0.970 0.968 
0.029 0.992 0.061 0.985 0.994 
0.026 0.993 0.041 0.988 0.942 
0.023 0.993 0.058 0.975 0.731 
0.032 0.992 0.057 0.983 0.994 
0.022 0.995 0.097 0.968 0.990 
0.027 0.993 0.103 0.960 0.971 
0.025 0.993 0.094 0.968 0.981 
0.021 0.995 0.087 0.965 0.929 
0.034 0.993 0.082 0.970 0.962 
0.030 0.993 0.046 0.985 0.958 
0.033 0.992 0.087 0.968 0.962 
0.028 0.993 0.048 0.985 1.000 
0.018 0.995 0.092 0.965 0.981 
0.031 0.995 0.046 0.980 0.994 
0.026 0.992 0.062 0.983 0.535 
0.025 0.994 0.071 0.975 0.987 
0.026 0.994 0.082 0.980 0.750 
0.022 0.995 0.080 0.975 0.715 
0.036 0.993 0.094 0.963 0.997 
0.032 0.991 0.062 0.983 0.888 
0.020 0.995 0.051 0.985 1.000 
0.023 0.992 0.116 0.960 0.997 
0.037 0.993 0.104 0.983 0.824 
0.031 0.991 0.045 0.988 1.000 
0.022 0.993 0.054 0.985 0.984 
0.021 0.993 0.057 0.978 1.000 
0.016 0.997 0.036 0.988 0.997 
0.026 0.993 0.119 0.948 0.821 
0.034 0.990 0.067 0.983 0.215 
0.020 0.994 0.049 0.985 0.782 
0.025 0.995 0.056 0.983 0.955 
0.026 0.994 0.045 0.985 0.814 
0.033 0.992 0.052 0.985 0.984 
0.026 0.992 0.087 0.963 0.481 
0.027 0.993 0.089 0.963 0.974 
0.023 0.993 0.041 0.985 0.955 
0.023 0.993 0.057 0.978 0.981 
0.017 0.996 0.045 0.988 1.000 
0.024 0.992 0.121 0.960 0.782 
0.027 0.993 0.045 0.988 0.679 
0.025 0.993 0.054 0.985 0.782 
0.023 0.993 0.070 0.973 0.647 
0.045 0.991 0.059 0.978 1.000 
0.028 0.992 0.092 0.970 0.946 
0.021 0.996 0.141 0.953 0.840 
0.019 0.996 0.044 0.990 0.933 
0.027 0.995 0.085 0.980 0.968 
0.026 0.996 0.099 0.970 0.987 
0.018 0.994 0.107 0.960 0.962 
0.024 0.993 0.046 0.985 0.990 
0.015 0.996 0.045 0.985 1.000 
0.028 0.992 0.089 0.968 0.929 
0.022 0.992 0.042 0.988 0.997 
0.026 0.993 0.065 0.973 0.955 
0.028 0.992 0.055 0.983 0.949 
0.021 0.994 0.060 0.980 0.692 
0.027 0.991 0.037 0.988 0.990 
0.032 0.995 0.140 0.948 0.936 
0.020 0.993 0.083 0.978 0.997 
0.016 0.996 0.034 0.988 1.000 
0.022 0.993 0.059 0.975 1.000 
0.023 0.995 0.062 0.975 0.997 
0.015 0.995 0.046 0.988 0.955 
0.027 0.992 0.065 0.973 1.000 
0.027 0.993 0.077 0.975 0.990 
0.021 0.995 0.112 0.975 0.958 
0.025 0.995 0.042 0.988 0.981 
0.028 0.993 0.039 0.988 1.000 
0.035 0.992 0.123 0.958 0.946 
0.019 0.995 0.039 0.988 0.994 
0.024 0.992 0.065 0.975 0.654 
0.020 0.995 0.039 0.988 0.997 
0.032 0.993 0.049 0.988 0.965 
0.026 0.992 0.064 0.980 0.571 
0.024 0.992 0.125 0.950 0.958 
0.024 0.993 0.073 0.973 0.353 
0.025 0.994 0.051 0.985 0.946 
0.020 0.995 0.041 0.988 0.965 
0.018 0.994 0.068 0.970 1.000 
0.033 0.993 0.110 0.960 0.907 
0.021 0.993 0.033 0.988 1.000 
0.028 0.993 0.106 0.965 0.939 
0.025 0.993 0.062 0.978 0.875 
0.023 0.996 0.055 0.980 1.000 
0.017 0.996 0.045 0.988 0.897 
0.029 0.994 0.060 0.983 0.949 
0.023 0.996 0.077 0.970 0.846 
0.020 0.995 0.035 0.988 0.952 
0.026 0.992 0.078 0.983 1.000 
0.045 0.992 0.074 0.973 1.000 
0.029 0.992 0.076 0.973 1.000 
0.021 0.996 0.081 0.970 1.000 
0.018 0.995 0.126 0.970 1.000 
0.069 0.986 0.099 0.960 0.862 
0.019 0.992 0.093 0.968 0.978 
0.020 0.996 0.146 0.945 0.292 
0.012 0.997 0.035 0.988 1.000 
0.022 0.993 0.174 0.922 0.942 
0.022 0.996 0.074 0.970 0.955 
0.028 0.995 0.088 0.965 0.766 
0.022 0.994 0.114 0.955 0.920 
0.017 0.997 0.042 0.988 1.000 
0.028 0.991 0.047 0.988 0.994 
0.023 0.993 0.070 0.973 0.811 
0.018 0.996 0.095 0.965 0.997 
0.021 0.993 0.071 0.978 0.821 
0.017 0.996 0.047 0.988 0.955 
0.023 0.995 0.046 0.988 0.990 
0.028 0.991 0.156 0.958 0.997 
0.026 0.995 0.159 0.963 1.000 
0.018 0.993 0.122 0.963 1.000 
0.014 0.995 0.077 0.980 0.994 
0.045 0.991 0.099 0.960 1.000 
0.032 0.993 0.124 0.960 1.000 
0.017 0.994 0.091 0.965 0.997 
0.023 0.993 0.115 0.970 1.000 
0.020 0.995 0.133 0.965 1.000 
0.024 0.993 0.046 0.988 0.907 
0.016 0.995 0.058 0.983 0.984 
0.021 0.995 0.157 0.945 0.936 
0.020 0.992 0.061 0.973 0.904 
0.018 0.993 0.139 0.958 0.942 
0.019 0.996 0.077 0.970 0.987 
0.019 0.995 0.043 0.980 0.885 
0.020 0.995 0.124 0.963 1.000 
0.033 0.992 0.016 0.995 0.683 
0.019 0.995 0.123 0.968 0.981 
0.022 0.993 0.051 0.985 0.468 
0.033 0.995 0.081 0.985 0.420 
0.024 0.994 0.053 0.985 0.971 
0.016 0.994 0.097 0.975 0.997 
0.016 0.997 0.061 0.975 0.891 
0.016 0.997 0.037 0.990 0.952 
0.017 0.997 0.214 0.960 0.728 
0.033 0.990 0.062 0.980 0.256 
0.023 0.995 0.064 0.978 0.923 
0.019 0.993 0.188 0.943 0.929 
0.017 0.997 0.123 0.965 0.359 
0.018 0.993 0.076 0.970 0.997 
0.010 0.996 0.062 0.983 0.808 
0.032 0.989 0.100 0.968 0.913 
0.023 0.993 0.137 0.953 0.413 
0.016 0.997 0.042 0.988 1.000 
0.027 0.993 0.158 0.965 0.804 
0.015 0.995 0.115 0.983 0.670 
0.024 0.995 0.064 0.978 0.990 
0.015 0.996 0.083 0.973 0.878 
0.022 0.995 0.062 0.983 1.000 
0.016 0.995 0.060 0.985 1.000 
0.025 0.995 0.063 0.980 1.000 
0.018 0.996 0.072 0.978 0.029 
0.022 0.994 0.051 0.980 0.987 
0.027 0.995 0.235 0.925 0.753 
0.021 0.993 0.133 0.973 0.849 
0.033 0.992 0.083 0.968 0.554 
0.017 0.996 0.054 0.985 0.901 
0.028 0.995 0.086 0.983 0.603 
0.023 0.995 0.046 0.985 0.994 
0.019 0.993 0.038 0.988 0.596 
0.019 0.996 0.052 0.985 0.795 
0.024 0.993 0.055 0.983 0.647 
0.020 0.996 0.059 0.985 0.965 
0.019 0.996 0.074 0.978 0.994 
0.017 0.993 0.171 0.943 0.978 
0.013 0.995 0.131 0.975 0.958 
0.030 0.995 0.053 0.985 0.923 
0.023 0.993 0.032 0.988 0.526 
0.035 0.993 0.062 0.980 1.000 
0.029 0.992 0.180 0.965 0.894 
0.015 0.996 0.129 0.983 1.000 
0.016 0.996 0.160 0.983 1.000 
0.019 0.995 0.049 0.988 0.958 
0.023 0.994 0.067 0.983 0.987 
0.025 0.991 0.052 0.985 0.990 
0.014 0.996 0.075 0.978 0.913 
0.017 0.996 0.077 0.970 0.955 
0.018 0.996 0.146 0.980 0.897 
0.028 0.993 0.102 0.973 0.997 
0.012 0.997 0.108 0.968 0.981 
0.016 0.995 0.069 0.983 1.000 
0.016 0.996 0.096 0.975 0.631 
0.030 0.993 0.160 0.940 0.827 
0.017 0.996 0.072 0.978 0.997 
0.022 0.996 0.100 0.963 0.997 
0.025 0.993 0.100 0.973 0.724 
0.020 0.995 0.099 0.970 0.715 
0.027 0.994 0.181 0.958 0.965 
0.040 0.992 0.047 0.988 0.878 
0.028 0.993 0.072 0.978 0.968 
0.034 0.993 0.065 0.975 1.000 
0.029 0.993 0.144 0.960 1.000 
0.048 0.990 0.154 0.950 1.000 
0.018 0.996 0.144 0.960 0.997 
0.016 0.995 0.150 0.958 0.978 
0.035 0.992 0.165 0.958 0.997 
0.015 0.995 0.084 0.985 1.000 
0.025 0.995 0.183 0.938 1.000 
0.018 0.995 0.134 0.970 1.000 
0.021 0.993 0.063 0.980 0.965 
0.022 0.994 0.110 0.965 0.827 
0.017 0.995 0.056 0.985 0.513 
0.021 0.995 0.073 0.978 0.952 
0.019 0.993 0.165 0.963 1.000 
0.022 0.994 0.046 0.988 0.718 
0.035 0.990 0.043 0.988 1.000 
0.019 0.996 0.048 0.985 1.000 
0.021 0.993 0.120 0.983 0.660 
0.023 0.995 0.142 0.960 0.990 
0.026 0.991 0.101 0.970 0.978 
0.020 0.995 0.059 0.980 0.981 
0.022 0.992 0.093 0.973 0.833 
0.016 0.995 0.162 0.960 0.981 
0.023 0.993 0.053 0.983 1.000 
0.015 0.996 0.071 0.983 0.990 
0.017 0.997 0.065 0.980 0.990 
0.016 0.995 0.050 0.988 1.000 
0.025 0.994 0.102 0.965 1.000 
0.022 0.993 0.076 0.975 1.000 
0.021 0.993 0.076 0.983 0.949 
0.019 0.995 0.053 0.985 0.997 
0.024 0.995 0.076 0.973 1.000 
0.027 0.995 0.059 0.985 1.000 
0.021 0.996 0.071 0.980 0.965 
0.017 0.996 0.139 0.960 0.987 
0.018 0.994 0.095 0.970 0.926 
0.012 0.995 0.048 0.988 0.926 
0.020 0.993 0.053 0.985 0.997 
0.019 0.995 0.120 0.958 1.000 
0.018 0.995 0.076 0.983 0.942 
0.028 0.992 0.064 0.983 0.997 
0.021 0.994 0.185 0.968 0.997 
0.020 0.996 0.199 0.975 0.997 
0.019 0.995 0.063 0.983 1.000 
0.017 0.996 0.080 0.970 1.000 
0.017 0.996 0.054 0.988 0.946 
0.017 0.994 0.234 0.943 1.000 
0.047 0.993 0.118 0.988 1.000 
0.030 0.994 0.302 0.970 0.417 
0.035 0.992 0.250 0.958 1.000 
0.025 0.995 0.382 0.945 0.942 
0.025 0.995 0.236 0.948 0.997 
0.015 0.995 0.183 0.968 0.994 
0.022 0.996 0.110 0.970 0.936 
0.012 0.996 0.137 0.978 1.000 
0.021 0.993 0.227 0.960 0.968 
0.023 0.994 0.303 0.948 0.853 
0.022 0.995 0.096 0.985 0.920 
0.029 0.992 0.030 0.990 0.984 
0.020 0.992 0.159 0.985 0.987 
0.020 0.995 0.134 0.955 0.978 
0.028 0.993 0.585 0.968 0.965 
0.065 0.990 0.063 0.980 0.808 
0.020 0.994 0.231 0.953 0.801 
0.016 0.997 0.198 0.958 1.000 
0.024 0.992 0.052 0.985 0.910 
0.024 0.993 0.055 0.980 0.958 
0.024 0.992 0.202 0.953 0.792 
0.016 0.995 0.104 0.975 0.901 
0.015 0.996 0.159 0.978 0.952 
0.013 0.997 0.080 0.978 0.734 
0.018 0.993 0.081 0.983 0.724 
0.030 0.995 0.104 0.975 0.907 
0.018 0.995 0.060 0.985 1.000 
0.038 0.994 0.105 0.978 0.981 
0.015 0.996 0.080 0.985 0.984 
0.014 0.996 0.126 0.975 0.990 
0.030 0.991 0.043 0.988 0.840 
0.017 0.997 0.104 0.963 0.869 
0.020 0.995 0.053 0.985 0.981 
0.020 0.993 0.269 0.920 1.000 
0.018 0.995 0.258 0.968 1.000 
0.016 0.993 0.238 0.968 1.000 
0.020 0.994 0.178 0.978 0.933 
0.012 0.996 0.275 0.985 0.849 
0.017 0.994 0.130 0.953 0.981 
0.026 0.993 0.080 0.965 0.583 
0.027 0.993 0.167 0.963 0.869 
0.012 0.997 0.106 0.965 0.997 
0.017 0.995 0.155 0.950 0.997 
0.016 0.996 0.269 0.978 0.997 
0.025 0.995 0.053 0.988 0.997 
0.016 0.995 0.057 0.985 1.000 
0.024 0.996 0.194 0.958 1.000 
0.009 0.998 0.102 0.970 1.000 
0.043 0.995 0.109 0.965 1.000 
0.017 0.996 0.190 0.955 1.000 
0.020 0.995 0.121 0.963 1.000 
0.018 0.996 0.079 0.975 1.000 
0.025 0.993 0.199 0.955 1.000 
0.023 0.993 0.107 0.973 1.000 
0.016 0.995 0.167 0.968 1.000 
0.026 0.992 0.118 0.983 0.990 
0.018 0.993 0.147 0.985 0.997 
0.020 0.993 0.133 0.983 0.997 
0.010 0.997 0.198 0.980 1.000 
0.017 0.996 0.075 0.985 0.997 
0.016 0.996 0.133 0.970 0.994 
0.024 0.995 0.094 0.985 1.000 
0.021 0.993 0.121 0.985 0.997 
0.012 0.996 0.122 0.973 1.000 
0.022 0.994 0.069 0.970 0.997 
0.014 0.995 0.043 0.985 0.997 
0.020 0.994 0.053 0.978 0.837 
0.017 0.997 0.042 0.988 0.846 
0.020 0.994 0.149 0.980 0.955 
0.019 0.996 0.188 0.950 0.907 
0.015 0.996 0.117 0.983 0.978 
0.016 0.997 0.128 0.968 0.862 
0.011 0.996 0.151 0.983 0.997 
0.030 0.991 0.220 0.927 0.990 
0.010 0.996 0.131 0.975 1.000 
0.020 0.995 0.197 0.968 0.712 
0.019 0.995 0.097 0.970 1.000 
0.024 0.996 0.110 0.965 0.333 
0.023 0.992 0.105 0.968 1.000 
0.018 0.995 0.106 0.970 0.997 
0.015 0.996 0.102 0.968 0.997 
0.022 0.995 0.170 0.973 0.580 
0.021 0.996 0.152 0.970 0.881 
0.025 0.994 0.112 0.983 0.949 
0.030 0.995 0.131 0.968 0.946 
0.014 0.997 0.108 0.985 1.000 
0.021 0.996 0.055 0.983 0.984 
0.023 0.994 0.348 0.925 0.103 
0.011 0.998 0.233 0.975 0.990 
0.017 0.995 0.197 0.973 1.000 
0.015 0.997 0.184 0.985 0.939 
0.021 0.995 0.190 0.968 0.962 
0.018 0.995 0.249 0.975 0.981 
0.014 0.997 0.339 0.975 0.978 
0.020 0.997 0.182 0.983 0.122 
0.032 0.992 0.031 0.988 1.000 
0.020 0.993 0.119 0.983 0.949 
0.010 0.997 0.386 0.963 1.000 
0.017 0.995 0.200 0.983 0.968 
0.014 0.995 0.144 0.980 0.968 
0.016 0.996 0.100 0.983 0.304 
0.019 0.996 0.117 0.978 0.022 
0.023 0.992 0.098 0.968 0.933 
0.031 0.993 0.257 0.922 1.000 
0.032 0.995 0.396 0.968 1.000 
0.013 0.997 0.417 0.983 0.990 
0.021 0.993 0.427 0.978 0.881 
0.022 0.993 0.185 0.968 0.766 
0.020 0.993 0.075 0.973 0.962 
0.016 0.995 0.333 0.940 0.872 
0.013 0.998 0.180 0.960 0.946 
0.015 0.995 0.155 0.975 0.776 
0.012 0.997 0.138 0.983 0.888 
0.017 0.995 0.062 0.980 0.942 
0.014 0.997 0.262 0.983 0.843 
0.034 0.992 0.130 0.965 0.978 
0.018 0.994 0.391 0.968 0.830 
0.021 0.991 0.110 0.983 0.978 
0.017 0.995 0.175 0.983 0.641 
0.008 0.997 0.135 0.985 0.981 
0.018 0.995 0.179 0.968 1.000 
0.040 0.992 0.105 0.970 0.968 
0.018 0.995 0.073 0.978 0.997 
0.022 0.994 0.244 0.945 0.926 
0.015 0.995 0.209 0.978 0.897 
0.023 0.992 0.559 0.968 1.000 
0.028 0.995 0.494 0.968 0.997 
0.023 0.994 0.248 0.973 0.981 
0.021 0.995 0.312 0.968 0.987 
0.024 0.995 0.250 0.978 0.978 
0.018 0.996 0.552 0.980 0.894 
0.026 0.995 0.254 0.985 0.981 
0.015 0.996 0.482 0.968 0.946 
0.021 0.994 0.338 0.978 0.962 
0.010 0.996 0.363 0.988 1.000 
0.019 0.994 0.324 0.983 0.990 
0.014 0.996 0.395 0.983 0.997 
0.023 0.993 0.207 0.985 0.981 
0.020 0.995 0.243 0.938 0.830 
0.010 0.997 0.143 0.980 1.000 
0.011 0.998 0.182 0.978 1.000 
0.011 0.997 0.196 0.988 0.997 
0.016 0.994 0.401 0.963 0.990 
0.015 0.996 0.206 0.968 1.000 
0.013 0.996 0.264 0.978 0.984 
0.015 0.996 0.267 0.983 0.869 
0.018 0.995 0.327 0.945 0.821 
0.017 0.994 0.083 0.985 0.974 
0.016 0.995 0.030 0.988 1.000 
0.024 0.993 0.092 0.970 1.000 
0.019 0.992 0.221 0.968 1.000 
0.015 0.995 0.234 0.950 1.000 
0.026 0.995 0.075 0.970 1.000 
0.014 0.996 0.067 0.985 1.000 
0.016 0.995 0.062 0.985 0.760 
0.021 0.992 0.035 0.988 0.974 
0.017 0.996 0.218 0.980 0.997 
0.019 0.997 0.479 0.932 0.978 
0.045 0.992 0.331 0.925 0.981 
0.019 0.995 0.040 0.988 1.000 
0.012 0.998 0.449 0.970 0.984 
0.033 0.995 0.071 0.975 0.901 
0.015 0.997 0.055 0.988 0.849 
0.018 0.995 0.083 0.973 0.974 
0.015 0.995 0.177 0.988 0.987 
0.015 0.995 0.299 0.953 0.878 
0.019 0.995 0.258 0.968 0.946 
0.015 0.994 0.288 0.958 0.942 
0.015 0.994 0.246 0.965 0.936 
0.015 0.998 0.185 0.983 0.987 
0.017 0.995 0.057 0.988 0.984 
0.018 0.995 0.068 0.973 1.000 
0.014 0.997 0.459 0.953 0.990 
0.020 0.995 0.048 0.988 0.994 
0.018 0.995 0.417 0.978 0.942 
0.020 0.992 0.342 0.975 0.929 
0.017 0.995 0.273 0.970 0.949 
0.019 0.997 0.354 0.958 0.920 
0.017 0.995 0.367 0.973 0.782 
0.014 0.996 0.143 0.985 0.997 
0.017 0.995 0.250 0.970 0.968 
0.013 0.996 0.261 0.973 1.000 
0.018 0.995 0.241 0.973 1.000 
0.020 0.993 0.390 0.983 0.968 
0.011 0.996 0.458 0.985 0.990 
0.022 0.996 0.494 0.973 0.804 
0.018 0.997 0.678 0.917 0.612 
0.019 0.996 0.455 0.950 0.721 
0.028 0.992 0.216 0.985 0.933 
0.016 0.995 0.326 0.985 0.622 
0.010 0.996 0.207 0.985 1.000 
0.033 0.991 0.189 0.950 1.000 
0.027 0.996 0.152 0.968 0.997 
0.012 0.997 0.289 0.963 1.000 
0.015 0.996 0.339 0.968 1.000 
0.017 0.995 0.485 0.948 1.000 
0.016 0.996 0.183 0.973 1.000 
0.037 0.995 0.122 0.968 1.000 
0.034 0.994 0.074 0.978 1.000 
0.017 0.996 0.070 0.983 1.000 
0.007 0.997 0.192 0.970 1.000 
0.019 0.996 0.148 0.963 1.000 
0.019 0.995 0.178 0.983 1.000 
0.026 0.993 0.107 0.973 0.994 
0.019 0.995 0.256 0.950 1.000 
0.020 0.997 0.112 0.968 1.000 
0.013 0.997 0.336 0.985 0.869 
0.010 0.996 0.394 0.968 0.795 
0.011 0.997 0.184 0.978 0.926 
0.018 0.995 0.115 0.978 0.974 
0.016 0.995 0.428 0.975 0.994 
0.018 0.995 0.277 0.958 0.997 
0.019 0.993 0.314 0.985 0.994 
0.030 0.992 0.137 0.965 0.946 
0.011 0.996 0.264 0.968 1.000 
0.019 0.997 0.142 0.963 1.000 
0.016 0.995 0.166 0.965 1.000 
0.012 0.996 0.240 0.983 1.000 
0.032 0.992 0.094 0.980 1.000 
0.020 0.995 0.141 0.980 1.000 
0.014 0.994 0.420 0.920 1.000 
0.018 0.996 0.120 0.983 0.997 
0.016 0.995 0.717 0.943 0.997 
0.016 0.996 0.062 0.988 1.000 
0.020 0.995 0.234 0.985 1.000 
0.008 0.997 0.470 0.968 0.984 
0.026 0.995 0.046 0.985 0.987 
0.034 0.993 0.252 0.965 0.990 
0.010 0.997 0.262 0.960 0.920 
0.022 0.995 0.306 0.983 0.532 
0.014 0.996 0.338 0.968 0.843 
0.010 0.997 0.314 0.980 0.958 
0.018 0.996 0.177 0.980 0.913 
0.016 0.996 0.274 0.985 0.997 
0.011 0.997 0.215 0.983 1.000 
0.017 0.996 0.238 0.968 1.000 
0.010 0.997 0.309 0.983 0.987 
0.048 0.992 0.454 0.965 1.000 
0.025 0.993 0.165 0.963 1.000 
0.017 0.997 0.241 0.950 0.997 
0.016 0.995 0.273 0.960 0.994 
0.016 0.995 0.284 0.960 0.997 
0.018 0.995 0.161 0.970 1.000 
0.015 0.996 0.201 0.965 1.000 
0.022 0.995 0.160 0.980 0.997 
0.016 0.995 0.048 0.988 1.000 
0.022 0.995 0.091 0.970 0.997 
0.041 0.991 0.335 0.978 0.917 
0.017 0.996 0.625 0.940 0.891 
0.015 0.997 0.081 0.985 0.901 
0.017 0.994 0.364 0.927 0.984 
0.020 0.995 0.211 0.973 0.997 
0.013 0.997 0.097 0.973 0.978 
0.018 0.996 0.380 0.983 0.808 
0.018 0.995 0.516 0.985 0.917 
0.012 0.996 0.513 0.970 0.885 
0.012 0.996 0.670 0.970 0.990 
0.022 0.993 0.545 0.955 0.978 
0.014 0.994 0.441 0.968 0.840 
0.010 0.996 0.584 0.965 0.580 
0.026 0.994 0.093 0.973 0.997 
0.023 0.993 0.140 0.973 0.907 
0.016 0.996 0.171 0.968 0.971 
0.010 0.997 0.383 0.973 1.000 
0.012 0.995 0.468 0.973 0.997 
0.020 0.996 0.173 0.983 0.885 
0.033 0.994 0.286 0.930 0.962 
0.012 0.997 0.087 0.970 0.981 
0.015 0.996 0.079 0.985 1.000 
0.020 0.994 0.135 0.980 1.000 
0.013 0.997 0.277 0.948 0.994 
0.012 0.996 0.418 0.955 0.978 
0.020 0.994 0.046 0.988 1.000 
0.023 0.995 0.175 0.973 1.000 
0.014 0.995 0.206 0.960 0.907 
0.018 0.994 0.245 0.958 0.990 
0.011 0.997 0.456 0.968 0.904 
0.026 0.995 0.136 0.985 0.958 
0.022 0.993 0.078 0.975 0.978 
0.021 0.993 0.233 0.980 0.920 
0.017 0.995 0.262 0.968 0.981 
0.023 0.997 0.435 0.945 0.933 
0.024 0.993 0.338 0.965 0.997 
0.014 0.995 0.354 0.973 0.913 
0.021 0.995 0.076 0.983 0.990 
0.019 0.993 0.072 0.985 0.997 
0.019 0.995 0.071 0.983 0.798 
0.015 0.993 0.089 0.970 0.981 
0.017 0.995 0.116 0.970 0.997 
0.016 0.996 0.080 0.970 0.974 
0.011 0.996 0.060 0.985 1.000 
0.024 0.993 0.376 0.968 0.724 
0.016 0.996 0.398 0.963 0.920 
0.017 0.996 0.425 0.915 0.702 
0.019 0.993 0.162 0.965 0.994 
0.014 0.995 0.443 0.953 1.000 
0.030 0.991 0.100 0.965 1.000 
0.027 0.995 0.139 0.958 0.994 
0.016 0.997 0.387 0.912 0.942 
0.020 0.995 0.105 0.975 0.994 
0.010 0.996 0.166 0.980 1.000 
0.017 0.994 0.137 0.985 0.872 
0.019 0.996 0.278 0.927 0.804 
0.012 0.995 0.157 0.980 0.497 
0.013 0.997 0.055 0.985 0.772 
0.021 0.993 0.128 0.983 0.599 
0.012 0.997 0.329 0.978 0.471 
0.057 0.990 0.067 0.978 0.997 
0.011 0.996 0.145 0.960 0.990 
0.020 0.996 0.147 0.968 0.939 
0.009 0.997 0.051 0.985 0.974 
0.020 0.995 0.124 0.985 0.772 
0.020 0.994 0.222 0.975 0.782 
0.014 0.996 0.310 0.953 0.532 
0.016 0.995 0.286 0.965 0.923 
0.019 0.994 0.250 0.960 0.958 
0.019 0.995 0.260 0.955 0.753 
0.015 0.996 0.265 0.983 0.955 
0.018 0.995 0.297 0.958 0.904 
0.020 0.995 0.278 0.965 0.971 
0.016 0.996 0.274 0.985 0.971 
0.015 0.996 0.260 0.980 0.974 
0.008 0.996 0.357 0.985 0.978 
0.012 0.997 0.213 0.978 1.000 
0.020 0.996 0.289 0.973 0.997 
0.026 0.995 0.439 0.983 0.965 
0.025 0.994 0.557 0.985 0.984 
0.017 0.996 0.589 0.985 0.997 
0.016 0.995 0.792 0.988 0.913 
0.028 0.993 0.536 0.978 0.907 
0.009 0.998 0.436 0.985 0.974 
0.018 0.995 0.069 0.985 0.987 
0.011 0.996 0.365 0.985 0.981 
0.017 0.994 0.157 0.985 0.987 
0.015 0.996 0.354 0.985 0.984 
0.021 0.996 0.083 0.970 0.997 
0.015 0.996 0.206 0.983 1.000 
0.020 0.995 0.189 0.985 0.888 
0.012 0.997 0.431 0.985 1.000 
0.020 0.994 0.756 0.985 1.000 
0.015 0.996 0.928 0.983 0.920 
0.015 0.996 0.750 0.985 0.994 
0.014 0.997 0.940 0.975 0.926 
0.015 0.996 0.866 0.985 0.837 
0.011 0.997 0.754 0.985 0.891 
0.021 0.993 0.332 0.985 0.997 
0.024 0.996 0.295 0.973 0.990 
0.020 0.996 0.390 0.970 0.978 
0.016 0.991 0.291 0.985 0.997 
0.016 0.997 0.633 0.985 0.990 
0.020 0.994 0.373 0.978 0.910 
0.011 0.997 0.357 0.988 0.619 
0.013 0.996 0.325 0.985 0.353 
0.014 0.995 0.512 0.968 0.593 
0.019 0.996 0.664 0.968 0.926 
0.022 0.994 0.197 0.985 0.907 
0.006 0.997 0.288 0.978 0.785 
0.013 0.997 0.098 0.968 0.994 
0.010 0.997 0.143 0.963 0.997 
0.015 0.995 0.512 0.940 0.971 
0.011 0.996 0.361 0.955 0.997 
0.020 0.994 0.395 0.973 0.923 
0.012 0.996 0.254 0.985 0.987 
0.014 0.996 0.391 0.968 1.000 
0.022 0.997 0.068 0.975 1.000 
0.015 0.995 0.136 0.980 0.881 
0.020 0.995 0.247 0.970 0.994 
0.020 0.996 0.724 0.970 1.000 
0.019 0.996 0.594 0.983 1.000 
0.030 0.993 0.053 0.988 1.000 
0.014 0.997 0.331 0.968 1.000 
0.012 0.997 0.220 0.978 1.000 
0.012 0.996 0.565 0.925 1.000 
0.015 0.997 0.208 0.963 1.000 
0.009 0.998 0.052 0.988 1.000 
0.006 0.998 0.639 0.965 1.000 
0.025 0.995 0.066 0.985 1.000 
0.018 0.996 0.072 0.983 1.000 
0.017 0.995 0.349 0.968 1.000 
0.017 0.996 0.490 0.930 0.997 
0.014 0.995 0.447 0.965 0.997 
0.023 0.995 0.209 0.958 1.000 
0.019 0.995 0.374 0.970 0.952 
0.021 0.996 0.268 0.980 0.997 
0.018 0.993 0.185 0.985 0.974 
0.010 0.996 0.254 0.980 1.000 
0.023 0.995 0.120 0.968 0.997 
0.017 0.996 0.062 0.985 0.997 
0.016 0.995 0.103 0.985 0.987 
0.011 0.995 0.235 0.968 0.978 
0.012 0.996 0.082 0.985 1.000 
0.014 0.998 0.160 0.985 1.000 
0.051 0.992 0.354 0.963 1.000 
0.016 0.996 0.441 0.965 0.994 
0.021 0.995 0.424 0.975 0.872 
0.025 0.995 0.037 0.988 0.994 
0.020 0.995 0.123 0.980 0.881 
0.010 0.997 0.269 0.983 1.000 
0.014 0.996 0.106 0.985 1.000 
0.020 0.995 0.324 0.983 0.987 
0.022 0.993 0.486 0.958 0.994 
0.017 0.995 0.237 0.983 0.744 
0.014 0.996 0.611 0.983 0.696 
0.020 0.995 0.078 0.975 1.000 
0.019 0.995 0.075 0.985 1.000 
0.012 0.997 0.470 0.965 0.990 
0.008 0.998 0.372 0.985 0.962 
0.015 0.995 0.563 0.965 0.994 
0.017 0.995 0.612 0.955 0.978 
0.016 0.995 0.471 0.948 0.990 
0.016 0.995 0.198 0.985 0.978 
0.015 0.996 0.225 0.985 1.000 
0.014 0.994 0.308 0.985 0.981 
0.010 0.997 0.028 0.990 0.965 
0.010 0.996 0.480 0.948 1.000 
0.020 0.994 0.039 0.988 0.974 
0.031 0.995 0.082 0.985 0.782 
0.018 0.994 0.089 0.970 0.984 
0.021 0.995 0.087 0.970 0.968 
0.015 0.996 0.075 0.973 0.984 
0.017 0.997 0.052 0.985 1.000 
0.019 0.994 0.311 0.955 0.811 
0.025 0.992 0.077 0.978 0.997 
0.020 0.992 0.045 0.985 1.000 
0.014 0.996 0.255 0.965 1.000 
0.019 0.994 0.075 0.975 1.000 
0.017 0.994 0.299 0.958 1.000 
0.019 0.995 0.067 0.983 1.000 
0.019 0.996 0.189 0.948 1.000 
0.020 0.995 0.109 0.963 1.000 
0.009 0.997 0.116 0.980 0.994 
0.029 0.993 0.070 0.983 1.000 
0.016 0.996 0.109 0.975 1.000 
0.015 0.995 0.052 0.988 1.000 
0.028 0.995 0.344 0.932 1.000 
0.038 0.996 0.151 0.960 1.000 
0.016 0.996 0.033 0.988 1.000 
0.013 0.996 0.264 0.958 1.000 
0.019 0.993 0.038 0.988 1.000 
0.008 0.998 0.298 0.963 1.000 
0.020 0.995 0.212 0.975 0.981 
0.007 0.998 0.316 0.965 1.000 
0.021 0.994 0.184 0.975 0.978 
0.028 0.995 0.051 0.988 1.000 
0.010 0.997 0.049 0.988 1.000 
0.021 0.995 0.194 0.963 0.971 
0.006 0.997 0.045 0.985 1.000 
0.020 0.996 0.094 0.985 1.000 
0.014 0.996 0.128 0.963 1.000 
0.014 0.994 0.117 0.968 0.987 
0.016 0.994 0.164 0.980 1.000 
0.015 0.996 0.216 0.985 0.981 
0.015 0.995 0.314 0.975 0.872 
0.008 0.996 0.295 0.985 0.981 
0.017 0.995 0.045 0.988 1.000 
0.020 0.995 0.066 0.983 1.000 
0.020 0.995 0.048 0.985 1.000 
0.021 0.994 0.146 0.980 0.776 
0.015 0.997 0.097 0.985 0.862 
0.016 0.996 0.246 0.980 0.929 
0.020 0.996 0.053 0.988 0.904 
0.021 0.994 0.062 0.983 0.510 
0.018 0.995 0.337 0.980 0.077 
0.018 0.994 0.248 0.988 0.782 
0.008 0.997 0.226 0.985 0.859 
0.006 0.998 0.174 0.985 0.772 
0.015 0.996 0.054 0.988 0.949 
0.019 0.996 0.300 0.960 0.997 
0.051 0.995 0.073 0.973 1.000 
0.019 0.993 0.059 0.978 1.000 
0.014 0.995 0.380 0.948 0.997 
0.010 0.996 0.100 0.968 0.994 
0.010 0.997 0.520 0.932 0.994 
0.014 0.995 0.052 0.978 1.000 
0.025 0.994 0.055 0.983 0.994 
0.009 0.997 0.036 0.988 0.997 
0.023 0.993 0.060 0.985 0.994 
0.018 0.997 0.095 0.975 0.984 
0.021 0.993 0.075 0.980 0.987 
0.012 0.996 0.024 0.990 1.000 
0.012 0.998 0.078 0.970 0.997 
0.019 0.994 0.123 0.980 1.000 
0.014 0.996 0.058 0.983 1.000 
0.011 0.997 0.246 0.968 1.000 
0.018 0.996 0.116 0.983 1.000 
0.010 0.996 0.222 0.985 1.000 
0.017 0.995 0.431 0.960 0.994 
0.025 0.993 0.131 0.975 0.994 
0.009 0.998 0.199 0.975 0.965 
0.014 0.995 0.307 0.985 1.000 
0.025 0.991 0.265 0.983 1.000 
0.023 0.992 0.485 0.950 0.984 
0.030 0.993 0.166 0.983 0.990 
0.010 0.996 0.316 0.985 0.978 
0.008 0.999 0.255 0.983 1.000 
0.028 0.993 0.125 0.983 0.997 
0.010 0.997 0.222 0.978 1.000 
0.016 0.993 0.182 0.985 0.865 
0.009 0.998 0.386 0.980 0.750 
0.018 0.995 0.549 0.985 0.965 
0.052 0.993 0.349 0.965 0.994 
0.007 0.997 0.146 0.983 0.676 
0.014 0.995 0.370 0.983 0.997 
0.011 0.997 0.236 0.985 1.000 
0.011 0.997 0.275 0.960 0.942 
0.014 0.996 0.313 0.985 0.987 
0.023 0.994 0.331 0.973 1.000 
0.032 0.992 0.226 0.983 1.000 
0.021 0.995 0.113 0.983 1.000 
0.012 0.997 0.189 0.985 0.994 
0.028 0.994 0.455 0.975 1.000 
0.035 0.997 0.747 0.973 0.994 
0.019 0.995 0.581 0.985 0.997 
0.012 0.998 0.123 0.985 0.590 
0.038 0.994 0.436 0.925 0.667 
0.021 0.993 0.200 0.955 0.965 
0.040 0.994 0.149 0.968 0.994 
0.017 0.996 0.130 0.968 0.997 
0.013 0.996 0.585 0.968 0.849 
0.020 0.993 0.428 0.968 0.987 
0.014 0.996 0.713 0.980 0.949 
0.021 0.992 1.199 0.963 0.654 
0.034 0.993 0.855 0.978 0.795 
0.019 0.996 0.409 0.978 0.984 
0.010 0.996 0.500 0.985 0.987 
0.011 0.996 0.646 0.963 0.990 
0.010 0.996 0.444 0.985 0.821 
0.018 0.996 0.575 0.948 0.978 
0.019 0.995 0.426 0.980 1.000 
0.009 0.997 0.542 0.958 0.978 
0.012 0.996 0.684 0.953 0.978 
0.016 0.995 0.396 0.975 0.987 
0.017 0.995 0.615 0.968 0.994 
0.011 0.997 0.544 0.985 0.984 
0.033 0.996 0.063 0.985 1.000 
0.020 0.995 0.469 0.965 0.990 
0.013 0.996 0.035 0.988 0.968 
0.010 0.997 0.208 0.983 0.660 
0.018 0.995 0.180 0.970 0.965 
0.029 0.995 1.181 0.985 0.760 
0.009 0.997 1.003 0.983 0.721 
0.016 0.996 0.991 0.973 0.994 
0.017 0.994 0.895 0.983 1.000 
0.044 0.992 0.177 0.975 0.987 
0.013 0.997 0.171 0.985 0.997 
0.019 0.994 0.240 0.975 0.994 
0.014 0.997 0.209 0.983 0.962 
0.022 0.996 0.042 0.988 1.000 
