0.288 0.893 0.227 0.902 0.455 
0.177 0.936 0.135 0.958 0.983 
0.151 0.949 0.243 0.895 0.822 
0.131 0.958 0.194 0.912 0.818 
0.117 0.958 0.193 0.925 0.983 
0.104 0.967 0.140 0.960 0.997 
0.100 0.969 0.195 0.912 0.898 
0.093 0.966 0.150 0.938 1.000 
0.093 0.973 0.112 0.980 1.000 
0.081 0.971 0.167 0.927 0.997 
0.088 0.972 0.086 0.978 1.000 
0.075 0.979 0.143 0.935 0.911 
0.091 0.971 0.141 0.932 0.993 
0.069 0.975 0.073 0.985 1.000 
0.064 0.980 0.082 0.975 0.993 
0.076 0.976 0.124 0.955 0.977 
0.060 0.984 0.110 0.960 1.000 
0.064 0.980 0.095 0.968 0.997 
0.063 0.980 0.115 0.950 1.000 
0.057 0.983 0.101 0.973 1.000 
0.060 0.983 0.108 0.965 1.000 
0.061 0.982 0.074 0.980 1.000 
0.057 0.983 0.084 0.965 1.000 
0.053 0.985 0.069 0.983 0.997 
0.046 0.987 0.135 0.948 0.997 
0.063 0.977 0.139 0.938 0.993 
0.055 0.980 0.058 0.978 1.000 
0.055 0.984 0.068 0.978 1.000 
0.058 0.982 0.062 0.983 1.000 
0.044 0.985 0.133 0.948 1.000 
0.046 0.985 0.100 0.973 1.000 
0.047 0.986 0.156 0.938 1.000 
0.050 0.983 0.069 0.985 1.000 
0.043 0.985 0.077 0.978 1.000 
0.041 0.987 0.111 0.958 1.000 
0.052 0.984 0.107 0.948 1.000 
0.040 0.991 0.074 0.983 1.000 
0.059 0.983 0.073 0.978 1.000 
0.042 0.989 0.116 0.955 1.000 
0.045 0.988 0.075 0.965 0.993 
0.052 0.986 0.052 0.990 1.000 
0.052 0.985 0.096 0.963 1.000 
0.039 0.989 0.079 0.978 1.000 
0.044 0.988 0.103 0.978 1.000 
0.054 0.985 0.063 0.985 1.000 
0.047 0.988 0.085 0.960 0.993 
0.031 0.992 0.069 0.968 0.980 
0.042 0.988 0.115 0.950 0.997 
0.047 0.986 0.060 0.985 1.000 
0.039 0.990 0.075 0.988 1.000 
0.043 0.986 0.131 0.935 0.980 
0.034 0.992 0.098 0.973 1.000 
0.058 0.985 0.074 0.983 0.990 
0.042 0.987 0.109 0.955 1.000 
0.038 0.987 0.082 0.968 1.000 
0.041 0.987 0.059 0.988 1.000 
0.053 0.986 0.063 0.983 0.990 
0.045 0.990 0.086 0.958 1.000 
0.039 0.989 0.061 0.990 0.997 
0.031 0.992 0.060 0.978 1.000 
0.050 0.984 0.083 0.978 1.000 
0.036 0.990 0.073 0.978 1.000 
0.034 0.989 0.058 0.985 0.957 
0.037 0.990 0.068 0.978 0.974 
0.040 0.990 0.056 0.985 0.970 
0.050 0.985 0.092 0.960 0.993 
0.032 0.992 0.065 0.980 0.954 
0.039 0.990 0.053 0.983 0.993 
0.036 0.986 0.057 0.983 1.000 
0.032 0.990 0.076 0.980 1.000 
0.026 0.993 0.109 0.958 0.614 
0.029 0.992 0.056 0.990 0.776 
0.037 0.986 0.072 0.973 1.000 
0.026 0.990 0.092 0.960 0.914 
0.028 0.992 0.077 0.978 1.000 
0.029 0.993 0.104 0.955 0.957 
0.027 0.992 0.083 0.973 1.000 
0.037 0.992 0.076 0.980 0.974 
0.032 0.990 0.068 0.980 0.974 
0.031 0.989 0.079 0.975 0.977 
0.024 0.994 0.053 0.985 0.964 
0.029 0.992 0.050 0.985 1.000 
0.039 0.988 0.109 0.958 0.865 
0.041 0.989 0.081 0.978 1.000 
0.029 0.992 0.069 0.980 0.997 
0.024 0.993 0.083 0.975 0.898 
0.030 0.993 0.070 0.978 1.000 
0.046 0.989 0.069 0.980 1.000 
0.035 0.989 0.061 0.985 1.000 
0.028 0.992 0.077 0.975 0.983 
0.026 0.992 0.080 0.978 0.894 
0.039 0.990 0.061 0.983 1.000 
0.029 0.992 0.063 0.978 1.000 
0.023 0.993 0.084 0.963 0.980 
0.029 0.990 0.072 0.980 0.997 
0.037 0.989 0.055 0.980 1.000 
0.045 0.986 0.088 0.963 1.000 
0.036 0.989 0.078 0.978 0.997 
0.044 0.989 0.080 0.978 1.000 
0.027 0.992 0.054 0.988 0.997 
0.033 0.990 0.055 0.983 0.977 
0.029 0.989 0.078 0.980 0.993 
0.036 0.990 0.064 0.990 0.993 
0.031 0.993 0.069 0.988 1.000 
0.032 0.993 0.061 0.983 1.000 
0.035 0.990 0.068 0.983 0.983 
0.034 0.991 0.059 0.988 1.000 
0.026 0.992 0.087 0.985 1.000 
0.033 0.988 0.071 0.983 0.974 
0.025 0.995 0.094 0.973 1.000 
0.034 0.991 0.051 0.983 0.878 
0.023 0.995 0.073 0.973 0.924 
0.032 0.993 0.111 0.955 0.944 
0.035 0.990 0.081 0.975 0.934 
0.025 0.995 0.059 0.985 0.974 
0.036 0.989 0.064 0.985 1.000 
0.031 0.993 0.079 0.978 0.957 
0.028 0.992 0.092 0.963 0.964 
0.028 0.993 0.092 0.960 0.990 
0.026 0.995 0.059 0.990 1.000 
0.034 0.989 0.087 0.980 0.974 
0.027 0.992 0.074 0.975 1.000 
0.022 0.994 0.066 0.980 0.934 
0.037 0.989 0.138 0.932 0.983 
0.025 0.993 0.057 0.985 1.000 
0.021 0.995 0.073 0.973 0.974 
0.036 0.990 0.079 0.968 0.987 
0.028 0.993 0.055 0.985 0.983 
0.031 0.993 0.062 0.978 1.000 
0.028 0.992 0.057 0.983 1.000 
0.026 0.993 0.147 0.948 0.947 
0.025 0.995 0.056 0.983 1.000 
0.029 0.990 0.047 0.988 0.977 
0.025 0.994 0.048 0.988 0.888 
0.021 0.996 0.062 0.983 1.000 
0.028 0.993 0.053 0.985 1.000 
0.026 0.993 0.055 0.988 0.970 
0.023 0.993 0.073 0.983 1.000 
0.028 0.993 0.061 0.983 0.993 
0.022 0.995 0.062 0.985 1.000 
0.037 0.991 0.063 0.978 0.990 
0.028 0.990 0.060 0.985 0.983 
0.026 0.993 0.052 0.988 0.987 
0.017 0.995 0.079 0.965 0.983 
0.014 0.994 0.053 0.985 1.000 
0.030 0.990 0.051 0.983 0.997 
0.020 0.996 0.076 0.965 0.983 
0.028 0.992 0.056 0.985 0.997 
0.039 0.989 0.054 0.985 0.977 
0.021 0.993 0.114 0.958 0.954 
0.033 0.989 0.060 0.980 0.977 
0.025 0.994 0.080 0.975 0.947 
0.025 0.993 0.062 0.983 0.987 
0.028 0.991 0.072 0.975 0.983 
0.027 0.992 0.053 0.985 0.967 
0.026 0.994 0.044 0.988 0.990 
0.021 0.996 0.079 0.975 0.977 
0.027 0.995 0.074 0.980 0.964 
0.039 0.992 0.097 0.963 0.980 
0.040 0.992 0.068 0.983 1.000 
0.014 0.996 0.073 0.980 0.719 
0.021 0.994 0.066 0.983 0.644 
0.021 0.995 0.065 0.985 0.977 
0.028 0.992 0.050 0.993 0.980 
0.016 0.996 0.082 0.978 0.950 
0.027 0.993 0.050 0.988 0.861 
0.026 0.994 0.047 0.993 0.983 
0.023 0.992 0.059 0.980 0.977 
0.032 0.992 0.055 0.985 0.835 
0.028 0.993 0.059 0.983 1.000 
0.031 0.991 0.054 0.985 0.983 
0.021 0.995 0.067 0.980 0.997 
0.021 0.994 0.057 0.990 0.980 
0.028 0.991 0.065 0.983 1.000 
0.025 0.992 0.053 0.990 0.805 
0.021 0.996 0.051 0.988 1.000 
0.020 0.995 0.093 0.975 1.000 
0.028 0.993 0.103 0.968 0.927 
0.026 0.993 0.056 0.983 0.997 
0.043 0.989 0.055 0.990 1.000 
0.023 0.992 0.061 0.985 1.000 
0.032 0.991 0.055 0.985 1.000 
0.028 0.993 0.056 0.983 0.997 
0.020 0.994 0.058 0.985 0.983 
0.020 0.995 0.057 0.983 1.000 
0.024 0.993 0.070 0.978 1.000 
0.016 0.995 0.078 0.980 1.000 
0.019 0.996 0.063 0.983 0.974 
0.018 0.995 0.080 0.983 1.000 
0.018 0.995 0.055 0.988 1.000 
0.020 0.992 0.107 0.973 1.000 
0.061 0.989 0.128 0.955 1.000 
0.015 0.996 0.066 0.980 0.987 
0.015 0.996 0.115 0.980 1.000 
0.026 0.995 0.066 0.980 0.977 
0.020 0.995 0.107 0.963 1.000 
0.024 0.994 0.056 0.988 0.993 
0.026 0.990 0.051 0.985 0.993 
0.016 0.995 0.060 0.985 0.983 
0.021 0.996 0.046 0.980 0.997 
0.013 0.996 0.099 0.970 0.845 
0.015 0.996 0.076 0.980 0.990 
0.019 0.996 0.073 0.980 1.000 
0.024 0.994 0.079 0.978 0.993 
0.036 0.989 0.081 0.983 1.000 
0.015 0.996 0.062 0.983 1.000 
0.019 0.994 0.064 0.983 0.993 
0.016 0.995 0.067 0.990 1.000 
0.028 0.993 0.091 0.985 1.000 
0.023 0.995 0.075 0.975 0.997 
0.039 0.993 0.076 0.985 0.990 
0.028 0.993 0.058 0.988 0.977 
0.016 0.995 0.080 0.985 1.000 
0.022 0.993 0.067 0.985 1.000 
0.013 0.995 0.063 0.985 1.000 
0.032 0.993 0.057 0.983 0.997 
0.021 0.993 0.043 0.993 0.997 
0.027 0.993 0.055 0.983 0.970 
0.024 0.992 0.060 0.985 1.000 
0.025 0.992 0.082 0.983 1.000 
0.016 0.995 0.079 0.985 0.924 
0.022 0.994 0.055 0.985 0.974 
0.016 0.996 0.073 0.975 0.983 
0.021 0.995 0.109 0.968 0.967 
0.019 0.995 0.081 0.970 0.990 
0.028 0.995 0.076 0.975 0.987 
0.028 0.993 0.102 0.975 0.980 
0.027 0.995 0.058 0.983 0.997 
0.016 0.993 0.063 0.988 0.967 
0.022 0.993 0.062 0.980 0.983 
0.016 0.995 0.083 0.983 1.000 
0.022 0.993 0.061 0.988 0.974 
0.026 0.990 0.066 0.983 1.000 
0.020 0.993 0.099 0.978 0.993 
0.016 0.995 0.081 0.983 1.000 
0.023 0.993 0.109 0.953 0.868 
0.017 0.996 0.085 0.983 1.000 
0.023 0.993 0.102 0.970 0.941 
0.016 0.995 0.062 0.983 1.000 
0.014 0.995 0.061 0.980 0.993 
0.018 0.995 0.066 0.988 1.000 
0.013 0.996 0.054 0.988 0.845 
0.016 0.994 0.056 0.985 0.993 
0.018 0.996 0.057 0.983 0.990 
0.017 0.995 0.061 0.983 0.987 
0.011 0.996 0.077 0.980 1.000 
0.029 0.995 0.060 0.988 0.997 
0.023 0.995 0.078 0.980 1.000 
0.024 0.991 0.074 0.980 0.997 
0.025 0.994 0.095 0.970 0.974 
0.019 0.993 0.087 0.980 1.000 
0.017 0.995 0.056 0.983 0.997 
0.022 0.992 0.098 0.985 0.997 
0.020 0.995 0.088 0.980 0.983 
0.042 0.994 0.065 0.985 0.993 
0.023 0.995 0.087 0.968 0.637 
0.012 0.997 0.092 0.983 0.990 
0.020 0.992 0.082 0.980 0.980 
0.022 0.994 0.098 0.978 1.000 
0.013 0.996 0.056 0.985 0.990 
0.015 0.992 0.060 0.985 1.000 
0.018 0.997 0.054 0.983 0.987 
0.026 0.995 0.068 0.980 1.000 
0.019 0.996 0.054 0.985 0.980 
0.021 0.995 0.055 0.985 0.983 
0.024 0.992 0.066 0.985 0.977 
0.017 0.995 0.053 0.988 0.941 
0.020 0.995 0.085 0.978 1.000 
0.017 0.996 0.062 0.985 0.904 
0.016 0.995 0.074 0.983 0.993 
0.021 0.993 0.059 0.985 0.832 
0.018 0.993 0.047 0.985 0.822 
0.019 0.995 0.050 0.988 0.983 
0.018 0.994 0.041 0.988 0.983 
0.022 0.995 0.069 0.975 0.970 
0.029 0.993 0.069 0.985 1.000 
0.022 0.993 0.062 0.988 1.000 
0.023 0.993 0.073 0.978 0.987 
0.016 0.995 0.075 0.988 0.997 
0.030 0.993 0.063 0.983 0.980 
0.012 0.997 0.079 0.985 0.990 
0.016 0.995 0.054 0.985 0.987 
0.017 0.995 0.063 0.985 0.944 
0.018 0.996 0.075 0.988 1.000 
0.026 0.992 0.059 0.988 0.993 
0.013 0.996 0.056 0.985 0.997 
0.024 0.993 0.074 0.988 0.997 
0.025 0.992 0.059 0.985 0.967 
0.015 0.995 0.077 0.975 0.960 
0.023 0.993 0.071 0.988 1.000 
0.012 0.997 0.062 0.988 1.000 
0.025 0.994 0.086 0.973 0.974 
0.012 0.994 0.099 0.975 0.964 
0.011 0.996 0.057 0.988 0.983 
0.022 0.993 0.079 0.983 1.000 
0.023 0.994 0.086 0.973 0.987 
0.008 0.997 0.102 0.985 0.997 
0.023 0.996 0.086 0.970 0.871 
0.013 0.998 0.083 0.985 0.983 
0.035 0.992 0.100 0.970 1.000 
0.017 0.996 0.073 0.988 0.983 
0.022 0.992 0.059 0.985 0.987 
0.018 0.996 0.061 0.985 0.812 
0.019 0.995 0.091 0.973 0.983 
0.015 0.996 0.059 0.985 0.957 
0.019 0.996 0.049 0.985 0.990 
0.023 0.995 0.071 0.980 0.983 
0.009 0.998 0.054 0.983 0.997 
0.027 0.991 0.051 0.985 0.980 
0.015 0.994 0.063 0.985 0.980 
0.028 0.992 0.086 0.975 0.987 
0.016 0.995 0.067 0.980 0.983 
0.010 0.997 0.063 0.988 0.997 
0.019 0.997 0.063 0.988 1.000 
0.026 0.995 0.055 0.985 0.964 
0.022 0.994 0.049 0.988 0.983 
0.024 0.993 0.070 0.983 0.983 
0.010 0.998 0.061 0.988 0.983 
0.029 0.992 0.082 0.980 0.990 
0.016 0.996 0.104 0.975 0.993 
0.025 0.991 0.072 0.983 0.993 
0.011 0.997 0.080 0.988 0.729 
0.029 0.993 0.097 0.980 0.881 
0.032 0.991 0.074 0.978 0.957 
0.014 0.993 0.047 0.988 0.706 
0.020 0.995 0.047 0.988 0.977 
0.013 0.995 0.054 0.988 0.993 
0.021 0.993 0.052 0.985 0.997 
0.010 0.997 0.062 0.988 0.960 
0.020 0.992 0.062 0.983 0.409 
0.012 0.997 0.049 0.990 0.974 
0.013 0.996 0.047 0.988 0.719 
0.017 0.995 0.084 0.978 0.997 
0.019 0.995 0.047 0.993 1.000 
0.017 0.995 0.074 0.985 0.964 
0.022 0.993 0.080 0.985 1.000 
0.017 0.993 0.056 0.988 0.970 
0.023 0.995 0.048 0.988 0.977 
0.020 0.994 0.061 0.985 0.967 
0.007 0.999 0.050 0.988 1.000 
0.034 0.990 0.049 0.988 0.983 
0.017 0.996 0.041 0.990 0.990 
0.021 0.996 0.053 0.988 0.980 
0.014 0.995 0.050 0.988 0.987 
0.025 0.992 0.043 0.990 0.983 
0.017 0.995 0.042 0.990 0.990 
0.007 0.997 0.041 0.990 0.967 
0.024 0.993 0.047 0.988 0.848 
0.013 0.995 0.076 0.970 0.957 
0.020 0.995 0.044 0.985 0.980 
0.011 0.998 0.041 0.993 0.983 
0.051 0.992 0.049 0.988 1.000 
0.019 0.995 0.053 0.988 0.964 
0.017 0.994 0.053 0.988 0.997 
0.020 0.995 0.044 0.988 1.000 
0.030 0.991 0.060 0.985 0.871 
0.014 0.995 0.085 0.973 1.000 
0.021 0.993 0.059 0.983 0.987 
0.012 0.998 0.044 0.993 0.997 
0.024 0.994 0.051 0.988 0.967 
0.027 0.993 0.051 0.983 1.000 
0.015 0.994 0.054 0.988 1.000 
0.015 0.993 0.107 0.950 0.937 
0.017 0.994 0.038 0.990 1.000 
0.023 0.995 0.069 0.985 0.974 
0.023 0.994 0.067 0.983 1.000 
0.011 0.998 0.053 0.988 1.000 
0.024 0.992 0.050 0.988 0.977 
0.009 0.996 0.053 0.983 0.997 
0.015 0.996 0.059 0.983 0.980 
0.019 0.996 0.043 0.988 0.974 
0.023 0.995 0.041 0.985 0.983 
0.014 0.995 0.048 0.990 0.987 
0.022 0.996 0.037 0.993 0.990 
0.025 0.995 0.080 0.980 1.000 
0.017 0.995 0.059 0.985 1.000 
0.008 0.998 0.096 0.975 0.987 
0.016 0.996 0.046 0.990 1.000 
0.008 0.998 0.073 0.983 0.997 
0.014 0.996 0.056 0.993 1.000 
0.016 0.995 0.067 0.988 1.000 
0.015 0.997 0.046 0.990 1.000 
0.018 0.993 0.205 0.953 1.000 
0.022 0.995 0.074 0.975 0.997 
0.015 0.995 0.044 0.993 0.993 
0.019 0.992 0.055 0.985 0.997 
0.023 0.994 0.067 0.980 1.000 
0.010 0.995 0.068 0.983 0.997 
0.014 0.996 0.061 0.980 1.000 
0.023 0.994 0.054 0.983 0.997 
0.014 0.993 0.077 0.983 0.974 
0.026 0.992 0.079 0.975 0.997 
0.017 0.994 0.058 0.985 0.990 
0.011 0.998 0.058 0.988 0.980 
0.014 0.997 0.054 0.983 0.997 
0.011 0.996 0.069 0.973 0.980 
0.012 0.996 0.049 0.988 0.974 
0.008 0.996 0.046 0.990 0.990 
0.015 0.996 0.053 0.985 1.000 
0.014 0.995 0.157 0.948 0.964 
0.011 0.996 0.060 0.988 0.917 
0.023 0.993 0.104 0.955 0.980 
0.011 0.996 0.065 0.985 0.997 
0.022 0.994 0.063 0.985 0.980 
0.019 0.996 0.058 0.980 0.980 
0.032 0.992 0.109 0.968 0.967 
0.019 0.995 0.057 0.985 0.987 
0.021 0.993 0.064 0.978 0.983 
0.011 0.996 0.063 0.980 0.974 
0.006 0.997 0.145 0.948 0.957 
0.015 0.994 0.079 0.985 0.980 
0.024 0.993 0.095 0.955 0.851 
0.036 0.994 0.117 0.983 0.993 
0.015 0.992 0.068 0.985 0.987 
0.010 0.995 0.088 0.985 1.000 
0.008 0.999 0.131 0.980 0.997 
0.014 0.997 0.059 0.985 0.993 
0.021 0.996 0.127 0.980 1.000 
0.018 0.993 0.053 0.983 0.997 
0.015 0.996 0.057 0.985 0.987 
0.030 0.991 0.108 0.953 0.964 
0.015 0.994 0.077 0.978 0.977 
0.019 0.996 0.058 0.988 1.000 
0.009 0.995 0.088 0.985 1.000 
0.010 0.997 0.075 0.983 0.997 
0.014 0.996 0.064 0.983 0.997 
0.009 0.996 0.070 0.988 1.000 
0.019 0.994 0.078 0.978 0.997 
0.010 0.995 0.111 0.958 0.990 
0.010 0.996 0.086 0.985 0.993 
0.016 0.997 0.095 0.975 0.587 
0.016 0.996 0.091 0.988 0.987 
0.016 0.996 0.108 0.973 0.980 
0.030 0.993 0.072 0.975 0.974 
0.017 0.995 0.060 0.990 1.000 
0.013 0.998 0.084 0.983 1.000 
0.015 0.996 0.081 0.975 0.977 
0.025 0.990 0.053 0.988 0.983 
0.013 0.996 0.079 0.993 0.997 
0.025 0.993 0.068 0.985 0.990 
0.008 0.997 0.121 0.985 1.000 
0.019 0.994 0.092 0.975 0.997 
0.012 0.996 0.076 0.980 0.997 
0.012 0.997 0.066 0.990 0.990 
0.015 0.995 0.080 0.983 1.000 
0.018 0.995 0.106 0.953 0.974 
0.017 0.995 0.090 0.970 0.987 
0.027 0.995 0.093 0.973 0.446 
0.020 0.994 0.089 0.983 0.960 
0.014 0.997 0.092 0.990 0.997 
0.021 0.993 0.078 0.990 0.983 
0.016 0.994 0.076 0.983 0.512 
0.009 0.998 0.077 0.985 0.908 
0.006 0.998 0.065 0.993 0.990 
0.011 0.995 0.085 0.988 0.980 
0.013 0.997 0.090 0.988 0.997 
0.012 0.995 0.070 0.990 0.987 
0.019 0.996 0.074 0.975 0.997 
0.017 0.996 0.041 0.995 0.931 
0.012 0.996 0.116 0.985 1.000 
0.029 0.996 0.064 0.990 1.000 
0.028 0.996 0.127 0.973 1.000 
0.035 0.991 0.051 0.993 0.993 
0.011 0.997 0.043 0.993 0.937 
0.013 0.997 0.061 0.985 0.957 
0.020 0.995 0.072 0.983 0.941 
0.007 0.998 0.086 0.990 0.855 
0.017 0.996 0.079 0.983 0.950 
0.011 0.998 0.218 0.968 1.000 
0.012 0.996 0.100 0.983 0.894 
0.021 0.993 0.084 0.980 0.462 
0.016 0.997 0.106 0.985 0.330 
0.015 0.996 0.062 0.988 0.990 
0.020 0.995 0.048 0.988 0.960 
0.025 0.993 0.054 0.983 0.997 
0.015 0.993 0.055 0.990 1.000 
0.011 0.996 0.085 0.975 0.908 
0.013 0.998 0.114 0.975 0.987 
0.009 0.996 0.063 0.985 0.993 
0.025 0.996 0.064 0.990 0.977 
0.005 0.999 0.052 0.985 0.957 
0.016 0.995 0.066 0.978 0.983 
0.018 0.996 0.122 0.978 0.970 
0.016 0.996 0.058 0.985 0.558 
0.017 0.996 0.077 0.988 1.000 
0.046 0.989 0.057 0.983 0.980 
0.013 0.995 0.108 0.958 0.693 
0.020 0.993 0.057 0.985 0.997 
0.019 0.995 0.067 0.985 0.894 
0.009 0.998 0.044 0.993 0.977 
0.011 0.998 0.058 0.983 0.908 
0.022 0.994 0.045 0.988 0.122 
0.015 0.995 0.057 0.985 0.261 
0.011 0.995 0.053 0.990 0.974 
0.020 0.994 0.072 0.988 0.053 
0.020 0.995 0.046 0.990 0.076 
0.016 0.995 0.090 0.973 0.861 
0.013 0.995 0.091 0.980 0.627 
0.010 0.998 0.062 0.988 0.980 
0.016 0.995 0.079 0.985 0.983 
0.013 0.996 0.087 0.983 0.686 
0.017 0.996 0.082 0.978 0.974 
0.022 0.996 0.074 0.983 0.977 
0.016 0.996 0.060 0.983 1.000 
0.009 0.997 0.062 0.985 0.983 
0.015 0.996 0.080 0.983 1.000 
0.010 0.997 0.096 0.978 0.980 
0.014 0.998 0.121 0.948 0.980 
0.015 0.997 0.044 0.988 0.993 
0.011 0.998 0.054 0.988 1.000 
0.016 0.996 0.056 0.988 0.954 
0.031 0.995 0.082 0.980 0.993 
0.014 0.995 0.078 0.985 0.964 
0.019 0.995 0.063 0.988 0.977 
0.020 0.994 0.067 0.978 0.980 
0.024 0.996 0.067 0.978 0.967 
0.016 0.994 0.075 0.980 0.772 
0.014 0.995 0.066 0.983 0.878 
0.009 0.995 0.052 0.990 0.967 
0.020 0.995 0.101 0.980 0.997 
0.014 0.996 0.082 0.978 0.970 
0.012 0.996 0.081 0.988 0.993 
0.018 0.995 0.108 0.978 0.983 
0.017 0.995 0.054 0.983 0.983 
0.015 0.995 0.052 0.988 0.941 
0.004 0.999 0.051 0.988 0.974 
0.018 0.992 0.072 0.988 0.970 
0.014 0.996 0.086 0.985 0.964 
0.016 0.998 0.070 0.985 0.947 
0.008 0.998 0.159 0.985 0.878 
0.028 0.994 0.067 0.985 0.868 
0.018 0.993 0.040 0.988 0.960 
0.022 0.995 0.076 0.983 0.749 
0.013 0.996 0.094 0.985 0.426 
0.023 0.995 0.085 0.988 0.997 
0.033 0.992 0.072 0.978 0.977 
0.007 0.998 0.063 0.985 0.941 
0.007 0.996 0.064 0.985 0.993 
0.024 0.995 0.058 0.983 0.993 
0.009 0.998 0.050 0.988 1.000 
0.009 0.998 0.081 0.985 0.743 
0.008 0.998 0.055 0.985 0.980 
0.021 0.993 0.055 0.988 0.997 
0.042 0.994 0.075 0.988 1.000 
0.027 0.995 0.042 0.988 0.977 
0.010 0.997 0.055 0.985 0.967 
0.018 0.998 0.046 0.985 1.000 
0.016 0.995 0.060 0.988 1.000 
0.014 0.996 0.065 0.985 1.000 
0.010 0.997 0.071 0.983 0.983 
0.018 0.995 0.070 0.985 0.993 
0.021 0.994 0.046 0.990 1.000 
0.001 1.000 0.055 0.988 1.000 
0.010 0.997 0.113 0.980 1.000 
0.008 0.996 0.054 0.988 0.997 
0.034 0.993 0.053 0.988 0.647 
0.016 0.995 0.069 0.983 0.617 
0.023 0.995 0.048 0.988 0.795 
0.026 0.996 0.060 0.990 0.825 
0.018 0.994 0.078 0.975 0.974 
0.023 0.993 0.042 0.990 0.990 
0.015 0.996 0.057 0.985 0.891 
0.009 0.997 0.061 0.988 0.911 
0.020 0.995 0.044 0.985 0.974 
0.027 0.995 0.053 0.985 0.993 
0.026 0.993 0.061 0.988 0.967 
0.012 0.998 0.045 0.988 0.967 
0.011 0.996 0.060 0.985 0.970 
0.017 0.994 0.050 0.993 0.974 
0.016 0.996 0.080 0.975 0.980 
0.009 0.995 0.080 0.988 0.990 
0.016 0.995 0.081 0.985 0.941 
0.018 0.996 0.071 0.980 0.964 
0.032 0.995 0.089 0.973 0.861 
0.018 0.994 0.055 0.985 0.980 
0.032 0.994 0.050 0.988 0.980 
0.027 0.995 0.051 0.985 1.000 
0.018 0.995 0.046 0.985 0.977 
0.017 0.996 0.084 0.978 0.960 
0.013 0.995 0.059 0.985 0.977 
0.015 0.997 0.080 0.983 0.964 
0.019 0.995 0.059 0.985 0.980 
0.012 0.995 0.054 0.985 0.997 
0.015 0.995 0.072 0.985 0.993 
0.007 0.998 0.089 0.975 0.997 
0.009 0.996 0.075 0.988 0.990 
0.008 0.998 0.072 0.985 0.970 
0.020 0.995 0.098 0.963 0.987 
0.009 0.998 0.077 0.983 0.967 
0.027 0.992 0.067 0.983 0.901 
0.012 0.996 0.092 0.983 0.980 
0.009 0.996 0.104 0.983 0.993 
0.021 0.995 0.105 0.970 0.987 
0.016 0.994 0.068 0.985 0.977 
0.013 0.998 0.069 0.980 0.987 
0.038 0.994 0.058 0.983 0.977 
0.009 0.998 0.087 0.978 0.970 
0.014 0.996 0.073 0.980 0.964 
0.012 0.998 0.106 0.958 0.970 
0.023 0.993 0.088 0.980 0.993 
0.012 0.995 0.116 0.960 0.983 
0.008 0.999 0.169 0.978 1.000 
0.019 0.993 0.071 0.990 0.993 
0.011 0.996 0.063 0.988 0.812 
0.004 0.998 0.070 0.983 0.921 
0.016 0.993 0.069 0.980 0.317 
0.020 0.995 0.094 0.983 0.990 
0.015 0.996 0.077 0.988 0.436 
0.026 0.992 0.075 0.980 0.861 
0.012 0.995 0.082 0.980 0.987 
0.007 0.998 0.131 0.985 0.795 
0.013 0.997 0.134 0.980 0.997 
0.007 0.998 0.141 0.968 0.993 
0.014 0.995 0.091 0.988 0.997 
0.010 0.998 0.132 0.985 0.983 
0.019 0.994 0.110 0.980 1.000 
0.021 0.996 0.092 0.973 0.993 
0.018 0.996 0.092 0.983 0.964 
0.013 0.997 0.105 0.980 0.983 
0.014 0.995 0.102 0.985 0.838 
0.013 0.995 0.069 0.978 0.957 
0.026 0.994 0.201 0.975 0.970 
0.017 0.996 0.061 0.980 0.970 
0.006 0.999 0.108 0.988 0.990 
0.012 0.996 0.132 0.973 0.987 
0.006 0.998 0.117 0.975 0.993 
0.011 0.997 0.101 0.968 0.993 
0.015 0.994 0.060 0.980 0.990 
0.012 0.997 0.087 0.980 0.980 
0.013 0.995 0.055 0.985 0.993 
0.021 0.995 0.101 0.985 0.776 
0.020 0.995 0.081 0.983 0.937 
0.008 0.998 0.085 0.985 0.739 
0.013 0.996 0.063 0.988 0.931 
0.021 0.995 0.067 0.978 0.944 
0.011 0.997 0.085 0.983 0.957 
0.015 0.995 0.093 0.978 1.000 
0.017 0.996 0.089 0.975 0.997 
0.015 0.995 0.089 0.978 0.997 
0.013 0.996 0.069 0.985 0.983 
0.016 0.997 0.117 0.953 0.960 
0.012 0.997 0.065 0.985 0.937 
0.014 0.995 0.069 0.980 0.964 
0.018 0.996 0.073 0.983 0.967 
0.014 0.994 0.073 0.978 0.954 
0.014 0.996 0.078 0.975 1.000 
0.012 0.994 0.055 0.985 0.987 
0.012 0.995 0.071 0.983 0.950 
0.013 0.996 0.062 0.985 0.911 
0.009 0.997 0.055 0.990 0.977 
0.023 0.994 0.050 0.985 0.993 
0.039 0.993 0.064 0.983 1.000 
0.007 0.998 0.075 0.975 0.970 
0.020 0.995 0.067 0.983 0.990 
0.015 0.995 0.063 0.985 0.941 
0.006 0.997 0.067 0.988 0.967 
0.003 0.999 0.063 0.988 0.993 
0.023 0.993 0.072 0.985 0.967 
0.014 0.998 0.066 0.980 0.980 
0.008 0.998 0.083 0.975 0.970 
0.012 0.998 0.110 0.980 0.950 
0.012 0.996 0.123 0.978 0.997 
0.023 0.996 0.099 0.985 0.993 
0.006 0.998 0.079 0.988 0.993 
0.014 0.995 0.108 0.985 1.000 
0.003 0.999 0.105 0.988 0.977 
0.045 0.995 0.077 0.988 0.990 
0.008 0.998 0.062 0.988 0.990 
0.015 0.995 0.057 0.983 0.987 
0.017 0.995 0.067 0.980 0.987 
0.011 0.995 0.075 0.983 0.993 
0.010 0.997 0.148 0.945 0.970 
0.007 0.998 0.083 0.983 0.974 
0.016 0.995 0.071 0.985 0.911 
0.013 0.995 0.092 0.980 0.904 
0.011 0.995 0.078 0.988 0.868 
0.029 0.995 0.094 0.988 0.934 
0.023 0.995 0.108 0.980 0.901 
0.013 0.998 0.064 0.980 0.987 
0.017 0.995 0.083 0.985 0.845 
0.006 0.998 0.082 0.988 0.944 
0.007 0.998 0.075 0.985 0.974 
0.017 0.996 0.068 0.985 0.901 
0.009 0.997 0.095 0.980 0.868 
0.008 0.998 0.062 0.988 0.934 
0.006 0.998 0.098 0.978 0.950 
0.004 0.997 0.120 0.985 0.993 
0.015 0.996 0.093 0.983 0.993 
0.014 0.998 0.146 0.988 0.974 
0.019 0.995 0.053 0.988 0.990 
0.015 0.995 0.074 0.988 0.970 
0.031 0.994 0.061 0.983 0.980 
0.011 0.996 0.069 0.988 0.990 
0.004 0.999 0.045 0.990 0.987 
0.016 0.995 0.062 0.985 0.980 
0.016 0.997 0.103 0.983 1.000 
0.002 0.999 0.148 0.985 1.000 
0.012 0.996 0.103 0.990 0.997 
0.021 0.994 0.116 0.975 0.983 
0.036 0.993 0.072 0.973 0.997 
0.011 0.996 0.052 0.985 0.997 
0.011 0.996 0.085 0.973 0.980 
0.009 0.998 0.061 0.985 0.990 
0.013 0.993 0.110 0.985 1.000 
0.004 0.998 0.153 0.988 0.964 
0.034 0.995 0.072 0.975 0.967 
0.013 0.995 0.092 0.983 0.987 
0.006 0.998 0.074 0.985 0.993 
0.014 0.998 0.062 0.985 0.960 
0.016 0.995 0.062 0.985 0.838 
0.014 0.998 0.071 0.975 0.980 
0.023 0.993 0.057 0.990 0.990 
0.007 0.999 0.059 0.988 0.934 
0.015 0.995 0.064 0.985 0.861 
0.013 0.998 0.052 0.985 0.960 
0.014 0.998 0.052 0.985 0.977 
0.016 0.997 0.062 0.988 0.997 
0.022 0.996 0.066 0.985 0.974 
0.012 0.996 0.075 0.988 0.924 
0.014 0.996 0.072 0.980 0.881 
0.006 0.998 0.092 0.978 0.944 
0.009 0.998 0.063 0.985 0.987 
0.015 0.996 0.060 0.988 0.954 
0.014 0.997 0.066 0.980 0.488 
0.009 0.997 0.088 0.983 0.442 
0.016 0.993 0.073 0.983 0.264 
0.036 0.998 0.056 0.985 0.462 
0.014 0.997 0.076 0.983 0.601 
0.008 0.998 0.086 0.978 0.901 
0.017 0.998 0.102 0.980 0.145 
0.021 0.997 0.126 0.973 0.389 
0.033 0.995 0.063 0.985 0.974 
0.014 0.998 0.109 0.985 0.941 
0.007 0.998 0.102 0.978 0.947 
0.017 0.993 0.067 0.983 0.914 
0.008 0.996 0.080 0.985 0.931 
0.007 0.998 0.079 0.980 0.977 
0.005 0.998 0.085 0.983 0.878 
0.005 0.999 0.107 0.980 0.990 
0.012 0.997 0.102 0.970 0.993 
0.025 0.993 0.054 0.985 0.726 
0.012 0.997 0.056 0.983 0.970 
0.016 0.998 0.068 0.985 0.977 
0.012 0.996 0.069 0.983 0.970 
0.019 0.996 0.062 0.983 0.983 
0.021 0.995 0.056 0.988 0.993 
0.019 0.994 0.056 0.985 0.987 
0.008 0.996 0.059 0.988 0.993 
0.018 0.995 0.070 0.975 0.987 
0.019 0.996 0.048 0.990 0.970 
0.010 0.996 0.059 0.985 0.964 
0.012 0.997 0.171 0.950 0.310 
0.007 0.998 0.048 0.988 0.987 
0.004 0.999 0.051 0.988 0.911 
0.013 0.998 0.045 0.988 0.990 
0.003 0.999 0.067 0.988 0.858 
0.011 0.998 0.064 0.983 0.967 
0.044 0.993 0.128 0.983 0.993 
0.031 0.995 0.059 0.988 0.977 
0.023 0.995 0.050 0.985 0.875 
0.018 0.994 0.065 0.985 0.990 
0.004 0.999 0.108 0.985 0.033 
0.011 0.997 0.069 0.985 1.000 
0.011 0.998 0.065 0.985 0.987 
0.006 0.999 0.066 0.985 0.993 
0.016 0.995 0.102 0.973 0.950 
0.016 0.997 0.066 0.988 0.980 
0.019 0.995 0.048 0.988 0.898 
0.020 0.996 0.073 0.978 0.835 
0.011 0.995 0.076 0.988 0.993 
0.005 0.999 0.093 0.980 0.858 
0.011 0.996 0.079 0.985 0.997 
0.013 0.996 0.094 0.985 0.993 
0.013 0.996 0.062 0.990 0.970 
0.011 0.997 0.073 0.985 0.987 
0.010 0.996 0.075 0.983 0.990 
0.040 0.990 0.105 0.968 0.990 
0.011 0.998 0.080 0.983 1.000 
0.008 0.998 0.077 0.980 0.997 
0.018 0.994 0.055 0.985 0.993 
0.012 0.996 0.064 0.980 0.974 
0.008 0.998 0.073 0.985 0.993 
0.007 0.998 0.051 0.988 0.987 
0.018 0.996 0.054 0.983 0.960 
0.005 0.999 0.145 0.983 0.947 
0.033 0.993 0.065 0.988 0.947 
0.006 0.998 0.078 0.990 0.967 
0.004 0.998 0.089 0.988 0.954 
0.010 0.997 0.081 0.985 0.954 
0.015 0.996 0.103 0.980 0.931 
0.058 0.994 0.044 0.988 0.950 
0.012 0.999 0.059 0.985 0.884 
0.008 0.998 0.118 0.973 0.901 
0.015 0.996 0.057 0.988 0.980 
0.009 0.999 0.059 0.988 0.954 
0.005 0.999 0.081 0.978 1.000 
0.009 0.999 0.053 0.985 1.000 
0.016 0.996 0.087 0.980 0.980 
0.009 0.996 0.067 0.988 0.822 
0.015 0.996 0.056 0.985 0.944 
0.014 0.997 0.072 0.978 0.997 
0.012 0.996 0.074 0.988 0.980 
0.020 0.996 0.047 0.988 0.983 
0.018 0.994 0.045 0.988 0.997 
0.009 0.998 0.050 0.990 0.997 
0.008 0.998 0.050 0.985 0.980 
0.008 0.998 0.057 0.988 0.977 
0.006 0.997 0.051 0.990 0.970 
0.008 0.998 0.051 0.988 0.967 
0.008 0.998 0.053 0.988 0.947 
0.014 0.996 0.071 0.978 0.993 
0.021 0.996 0.049 0.988 1.000 
0.014 0.996 0.133 0.953 0.845 
0.011 0.998 0.063 0.980 0.960 
0.016 0.996 0.063 0.983 0.990 
0.019 0.996 0.094 0.975 0.921 
0.011 0.997 0.098 0.985 0.868 
0.011 0.997 0.053 0.988 0.970 
0.014 0.997 0.053 0.988 0.974 
0.014 0.996 0.049 0.985 0.974 
0.011 0.997 0.058 0.985 0.980 
0.012 0.996 0.046 0.990 0.990 
0.014 0.994 0.086 0.980 0.980 
0.012 0.997 0.057 0.988 0.980 
0.010 0.997 0.046 0.988 0.941 
0.033 0.994 0.072 0.985 0.974 
0.003 0.999 0.063 0.983 0.977 
0.013 0.994 0.046 0.988 0.957 
0.060 0.996 0.038 0.990 0.993 
0.017 0.995 0.045 0.988 0.974 
0.008 0.999 0.042 0.988 0.954 
0.009 0.997 0.039 0.990 0.954 
0.016 0.995 0.074 0.980 0.977 
0.010 0.995 0.139 0.983 0.927 
0.012 0.997 0.054 0.985 0.997 
0.022 0.995 0.106 0.975 0.901 
0.018 0.995 0.061 0.980 0.937 
0.014 0.996 0.061 0.988 0.934 
0.010 0.996 0.073 0.983 0.960 
0.022 0.995 0.050 0.985 0.987 
0.012 0.996 0.068 0.985 0.274 
0.012 0.996 0.065 0.988 0.983 
0.007 0.998 0.091 0.990 0.914 
0.015 0.997 0.108 0.985 0.713 
0.012 0.996 0.061 0.988 0.812 
0.028 0.995 0.049 0.988 0.106 
0.016 0.995 0.041 0.993 0.785 
0.014 0.995 0.068 0.983 0.858 
0.012 0.995 0.075 0.985 0.683 
0.021 0.996 0.050 0.988 0.983 
0.018 0.995 0.060 0.990 0.947 
0.005 0.998 0.063 0.988 0.944 
0.013 0.996 0.052 0.988 0.993 
0.008 0.997 0.067 0.988 0.990 
0.020 0.995 0.110 0.988 0.165 
0.013 0.998 0.062 0.980 0.901 
0.030 0.993 0.078 0.983 0.604 
0.008 0.998 0.059 0.988 0.950 
0.007 0.998 0.094 0.988 0.792 
0.021 0.995 0.051 0.985 0.937 
0.044 0.996 0.052 0.988 0.974 
0.015 0.995 0.063 0.985 0.825 
0.011 0.996 0.060 0.988 0.842 
0.007 0.998 0.046 0.988 0.960 
0.001 1.000 0.051 0.988 0.967 
0.013 0.995 0.080 0.973 0.917 
0.008 0.998 0.092 0.973 0.488 
0.013 0.995 0.059 0.983 0.832 
0.015 0.996 0.067 0.985 0.888 
0.014 0.996 0.186 0.970 0.370 
0.038 0.995 0.048 0.988 0.980 
0.007 0.999 0.043 0.990 0.967 
0.013 0.998 0.073 0.985 0.244 
0.004 0.997 0.093 0.975 0.690 
0.007 0.997 0.173 0.975 0.122 
0.008 0.997 0.119 0.983 0.419 
0.004 0.999 0.139 0.973 0.967 
0.015 0.997 0.078 0.975 0.987 
0.004 0.999 0.125 0.963 0.891 
0.026 0.991 0.150 0.950 0.050 
0.015 0.995 0.117 0.978 0.142 
0.007 0.998 0.067 0.985 0.931 
0.012 0.998 0.038 0.990 0.317 
0.023 0.994 0.039 0.988 0.842 
0.014 0.996 0.098 0.985 0.026 
0.052 0.995 0.080 0.980 0.970 
0.009 0.997 0.071 0.980 0.858 
0.022 0.993 0.114 0.978 0.875 
0.014 0.997 0.042 0.985 0.967 
0.021 0.994 0.042 0.988 0.977 
0.005 0.999 0.072 0.985 0.564 
0.006 0.998 0.061 0.983 0.974 
0.013 0.995 0.066 0.980 0.957 
0.003 0.999 0.066 0.978 0.957 
0.017 0.995 0.072 0.978 0.785 
0.008 0.999 0.047 0.985 0.983 
0.008 0.998 0.083 0.978 0.970 
0.012 0.996 0.062 0.983 0.970 
0.010 0.998 0.079 0.985 0.739 
0.007 0.998 0.072 0.983 0.983 
0.019 0.996 0.081 0.983 0.997 
0.015 0.996 0.073 0.983 1.000 
0.013 0.998 0.059 0.988 1.000 
0.013 0.996 0.065 0.978 0.997 
0.008 0.998 0.069 0.983 0.997 
0.019 0.995 0.045 0.988 0.997 
0.016 0.996 0.100 0.970 0.970 
0.005 0.999 0.053 0.983 0.977 
0.106 0.995 0.047 0.990 0.983 
0.014 0.996 0.054 0.983 0.990 
0.010 0.997 0.040 0.985 0.891 
0.012 0.996 0.040 0.988 0.752 
0.014 0.996 0.039 0.990 0.980 
0.014 0.996 0.069 0.970 0.917 
0.013 0.997 0.072 0.988 0.993 
0.014 0.996 0.033 0.993 0.970 
0.010 0.996 0.039 0.988 0.944 
0.012 0.998 0.051 0.983 0.917 
0.007 0.999 0.037 0.990 0.983 
0.026 0.992 0.054 0.983 0.970 
0.014 0.995 0.059 0.978 0.931 
0.015 0.996 0.049 0.988 0.851 
0.009 0.997 0.042 0.988 0.977 
0.007 0.998 0.064 0.983 0.719 
0.008 0.998 0.042 0.988 0.977 
0.009 0.995 0.057 0.983 0.974 
0.019 0.993 0.039 0.988 0.776 
0.018 0.995 0.032 0.995 0.974 
0.014 0.995 0.057 0.985 0.960 
0.011 0.996 0.074 0.985 0.993 
0.007 0.998 0.076 0.978 0.974 
0.010 0.996 0.068 0.988 0.693 
0.011 0.997 0.050 0.988 0.974 
0.014 0.995 0.073 0.973 0.914 
0.012 0.998 0.056 0.983 0.980 
0.008 0.997 0.091 0.985 0.997 
0.021 0.995 0.221 0.973 0.749 
0.055 0.993 0.127 0.993 0.977 
0.024 0.994 0.092 0.975 0.997 
0.019 0.997 0.077 0.978 0.848 
0.008 0.998 0.077 0.985 0.927 
0.008 0.998 0.075 0.990 0.987 
0.011 0.996 0.055 0.983 0.957 
0.015 0.996 0.058 0.985 0.983 
0.009 0.997 0.050 0.988 0.469 
0.022 0.995 0.043 0.990 0.822 
0.010 0.998 0.052 0.988 0.719 
0.001 1.000 0.084 0.983 0.838 
0.023 0.995 0.048 0.988 0.993 
0.026 0.994 0.059 0.983 0.789 
0.006 0.998 0.192 0.953 0.000 
0.014 0.997 0.063 0.985 0.888 
0.012 0.996 0.045 0.988 0.937 
0.012 0.998 0.045 0.985 0.667 
0.015 0.998 0.051 0.988 0.980 
0.013 0.995 0.063 0.985 0.601 
0.014 0.995 0.095 0.970 0.713 
0.014 0.998 0.077 0.983 0.617 
0.007 0.998 0.075 0.985 0.792 
0.013 0.996 0.085 0.978 0.888 
0.008 0.998 0.066 0.985 0.769 
0.017 0.994 0.091 0.985 0.977 
0.008 0.996 0.174 0.983 0.617 
0.014 0.995 0.086 0.988 1.000 
0.008 0.998 0.086 0.983 0.993 
0.012 0.998 0.073 0.985 0.947 
0.014 0.996 0.066 0.983 0.983 
0.005 0.999 0.069 0.983 0.983 
0.014 0.995 0.064 0.985 0.977 
0.019 0.995 0.097 0.980 0.977 
0.016 0.995 0.104 0.980 0.977 
0.024 0.994 0.071 0.988 0.990 
0.011 0.996 0.057 0.985 1.000 
0.011 0.996 0.073 0.990 0.993 
0.014 0.995 0.081 0.980 0.970 
0.031 0.996 0.080 0.985 0.993 
0.031 0.994 0.058 0.985 0.960 
0.017 0.995 0.048 0.988 0.911 
0.009 0.997 0.047 0.988 0.987 
0.015 0.995 0.061 0.980 0.917 
0.007 0.998 0.054 0.990 0.983 
0.006 0.999 0.065 0.988 0.898 
0.005 0.998 0.126 0.980 0.858 
0.010 0.998 0.042 0.988 0.970 
0.017 0.997 0.071 0.983 0.977 
0.041 0.993 0.054 0.990 0.997 
0.007 0.998 0.073 0.975 0.947 
0.014 0.997 0.059 0.985 0.578 
0.017 0.994 0.048 0.988 0.538 
0.015 0.995 0.050 0.988 0.931 
0.005 0.998 0.047 0.988 0.954 
0.015 0.996 0.058 0.988 0.416 
0.016 0.995 0.103 0.963 0.964 
0.006 0.998 0.046 0.988 0.650 
0.003 0.998 0.066 0.988 0.921 
0.017 0.996 0.051 0.988 0.947 
0.014 0.996 0.069 0.983 0.545 
0.023 0.993 0.070 0.983 0.997 
0.025 0.995 0.045 0.990 0.960 
0.004 0.999 0.053 0.988 0.990 
