0.361 0.859 0.182 0.960 0.240 
0.254 0.911 0.137 0.960 0.215 
0.203 0.928 0.168 0.955 0.022 
0.198 0.930 0.174 0.935 0.076 
0.176 0.939 0.133 0.978 0.435 
0.161 0.946 0.154 0.975 0.473 
0.164 0.942 0.125 0.973 0.741 
0.165 0.945 0.122 0.973 0.555 
0.144 0.951 0.124 0.973 0.628 
0.138 0.954 0.115 0.980 0.653 
0.156 0.948 0.171 0.965 0.820 
0.140 0.958 0.132 0.958 0.517 
0.124 0.956 0.105 0.978 0.722 
0.132 0.961 0.126 0.975 0.801 
0.133 0.955 0.149 0.973 0.751 
0.127 0.954 0.100 0.975 0.650 
0.139 0.954 0.117 0.960 0.612 
0.125 0.957 0.103 0.975 0.713 
0.114 0.963 0.099 0.968 0.549 
0.112 0.964 0.096 0.978 0.675 
0.114 0.966 0.121 0.975 0.662 
0.110 0.964 0.137 0.975 0.883 
0.096 0.967 0.112 0.968 0.707 
0.107 0.967 0.120 0.973 0.599 
0.110 0.960 0.094 0.970 0.801 
0.108 0.965 0.100 0.978 0.782 
0.091 0.970 0.087 0.978 0.571 
0.093 0.970 0.096 0.968 0.634 
0.096 0.967 0.108 0.968 0.785 
0.079 0.975 0.128 0.953 0.779 
0.107 0.965 0.103 0.968 0.776 
0.109 0.971 0.102 0.980 0.808 
0.085 0.970 0.087 0.975 0.744 
0.094 0.967 0.089 0.975 0.760 
0.090 0.967 0.098 0.973 0.830 
0.091 0.968 0.100 0.963 0.741 
0.087 0.972 0.124 0.970 0.893 
0.093 0.970 0.110 0.975 0.830 
0.093 0.967 0.104 0.973 0.814 
0.086 0.973 0.119 0.968 0.817 
0.087 0.971 0.102 0.975 0.804 
0.078 0.979 0.137 0.965 0.912 
0.088 0.973 0.105 0.973 0.861 
0.085 0.971 0.111 0.973 0.817 
0.102 0.969 0.109 0.978 0.823 
0.079 0.976 0.098 0.970 0.729 
0.096 0.973 0.130 0.970 0.899 
0.082 0.975 0.099 0.978 0.808 
0.096 0.967 0.149 0.948 0.685 
0.081 0.979 0.118 0.978 0.874 
0.080 0.970 0.096 0.975 0.836 
0.082 0.973 0.129 0.975 0.890 
0.082 0.975 0.124 0.975 0.890 
0.086 0.971 0.108 0.973 0.864 
0.083 0.977 0.125 0.973 0.890 
0.087 0.971 0.095 0.978 0.795 
0.088 0.976 0.121 0.970 0.905 
0.069 0.977 0.089 0.975 0.849 
0.080 0.977 0.065 0.978 0.741 
0.075 0.974 0.097 0.978 0.830 
0.078 0.974 0.076 0.978 0.773 
0.090 0.971 0.101 0.975 0.864 
0.073 0.977 0.096 0.978 0.883 
0.087 0.976 0.121 0.973 0.899 
0.073 0.981 0.078 0.978 0.798 
0.083 0.977 0.131 0.953 0.823 
0.075 0.977 0.094 0.978 0.861 
0.062 0.982 0.098 0.975 0.880 
0.069 0.977 0.142 0.965 0.909 
0.073 0.976 0.092 0.973 0.871 
0.068 0.979 0.093 0.978 0.871 
0.057 0.982 0.094 0.975 0.896 
0.066 0.979 0.166 0.965 0.931 
0.061 0.981 0.131 0.970 0.918 
0.069 0.980 0.154 0.963 0.934 
0.069 0.976 0.123 0.975 0.912 
0.064 0.979 0.094 0.978 0.868 
0.063 0.979 0.166 0.963 0.931 
0.060 0.980 0.081 0.975 0.855 
0.068 0.979 0.109 0.978 0.902 
0.077 0.974 0.081 0.980 0.814 
0.088 0.974 0.118 0.965 0.826 
0.070 0.981 0.096 0.978 0.871 
0.068 0.977 0.084 0.973 0.849 
0.058 0.983 0.098 0.975 0.927 
0.066 0.981 0.119 0.975 0.915 
0.068 0.981 0.087 0.975 0.893 
0.060 0.980 0.103 0.975 0.798 
0.070 0.977 0.118 0.963 0.874 
0.068 0.976 0.108 0.975 0.918 
0.065 0.976 0.101 0.973 0.905 
0.070 0.980 0.086 0.975 0.855 
0.069 0.979 0.100 0.973 0.877 
0.050 0.986 0.082 0.975 0.785 
0.074 0.976 0.099 0.973 0.820 
0.068 0.976 0.093 0.973 0.868 
0.053 0.982 0.108 0.968 0.871 
0.065 0.977 0.112 0.975 0.921 
0.054 0.983 0.093 0.973 0.868 
0.057 0.985 0.115 0.973 0.912 
0.053 0.979 0.089 0.975 0.858 
0.078 0.977 0.090 0.975 0.880 
0.075 0.979 0.095 0.975 0.842 
0.065 0.982 0.101 0.973 0.921 
0.057 0.982 0.107 0.975 0.893 
0.070 0.979 0.085 0.978 0.732 
0.071 0.977 0.094 0.970 0.830 
0.071 0.976 0.092 0.975 0.909 
0.048 0.984 0.101 0.960 0.744 
0.060 0.983 0.083 0.980 0.823 
0.064 0.982 0.089 0.980 0.874 
0.058 0.981 0.105 0.968 0.808 
0.064 0.982 0.090 0.983 0.845 
0.058 0.982 0.116 0.973 0.909 
0.058 0.983 0.094 0.978 0.861 
0.054 0.985 0.090 0.975 0.826 
0.060 0.979 0.076 0.978 0.871 
0.060 0.981 0.080 0.980 0.820 
0.052 0.985 0.074 0.978 0.767 
0.050 0.985 0.113 0.975 0.918 
0.072 0.981 0.102 0.978 0.890 
0.062 0.980 0.112 0.960 0.779 
0.054 0.983 0.095 0.975 0.855 
0.059 0.983 0.099 0.973 0.874 
0.053 0.982 0.105 0.973 0.864 
0.052 0.983 0.102 0.970 0.833 
0.055 0.979 0.119 0.975 0.880 
0.052 0.983 0.094 0.973 0.858 
0.056 0.983 0.116 0.973 0.924 
0.052 0.979 0.099 0.978 0.893 
0.060 0.982 0.096 0.978 0.893 
0.063 0.979 0.116 0.978 0.896 
0.056 0.979 0.079 0.980 0.763 
0.053 0.985 0.119 0.975 0.890 
0.054 0.985 0.106 0.975 0.912 
0.047 0.986 0.074 0.980 0.776 
0.053 0.982 0.100 0.975 0.912 
0.054 0.980 0.169 0.960 0.946 
0.054 0.985 0.123 0.975 0.899 
0.053 0.979 0.096 0.975 0.874 
0.046 0.985 0.117 0.975 0.905 
0.056 0.983 0.125 0.968 0.934 
0.044 0.986 0.085 0.978 0.880 
0.052 0.980 0.103 0.963 0.858 
0.050 0.984 0.091 0.975 0.896 
0.056 0.987 0.107 0.970 0.909 
0.057 0.981 0.101 0.968 0.868 
0.058 0.985 0.070 0.983 0.820 
0.065 0.979 0.091 0.973 0.886 
0.049 0.985 0.109 0.975 0.912 
0.043 0.986 0.074 0.980 0.817 
0.057 0.981 0.146 0.975 0.937 
0.055 0.985 0.134 0.973 0.918 
0.048 0.987 0.113 0.975 0.899 
0.048 0.985 0.107 0.970 0.902 
0.063 0.979 0.070 0.970 0.877 
0.045 0.984 0.073 0.978 0.880 
0.049 0.983 0.075 0.978 0.789 
0.045 0.984 0.097 0.978 0.886 
0.038 0.988 0.099 0.960 0.833 
0.071 0.982 0.086 0.978 0.842 
0.046 0.983 0.097 0.973 0.868 
0.054 0.986 0.146 0.973 0.918 
0.046 0.985 0.097 0.980 0.858 
0.054 0.984 0.100 0.975 0.890 
0.043 0.985 0.116 0.958 0.839 
0.052 0.983 0.078 0.983 0.808 
0.036 0.989 0.086 0.980 0.880 
0.054 0.980 0.092 0.978 0.855 
0.062 0.981 0.092 0.973 0.858 
0.044 0.988 0.112 0.970 0.861 
0.051 0.984 0.115 0.975 0.896 
0.059 0.983 0.123 0.945 0.700 
0.053 0.985 0.090 0.978 0.874 
0.038 0.989 0.094 0.975 0.909 
0.044 0.986 0.119 0.975 0.934 
0.046 0.986 0.097 0.978 0.864 
0.051 0.984 0.148 0.940 0.757 
0.045 0.986 0.113 0.968 0.852 
0.046 0.986 0.082 0.980 0.883 
0.052 0.985 0.091 0.975 0.864 
0.051 0.982 0.121 0.975 0.909 
0.049 0.984 0.117 0.973 0.937 
0.046 0.985 0.133 0.968 0.921 
0.047 0.986 0.069 0.985 0.801 
0.054 0.983 0.090 0.975 0.871 
0.043 0.988 0.102 0.975 0.890 
0.040 0.988 0.140 0.963 0.912 
0.053 0.985 0.089 0.975 0.864 
0.044 0.986 0.128 0.973 0.909 
0.043 0.988 0.175 0.965 0.934 
0.044 0.986 0.115 0.973 0.912 
0.052 0.984 0.099 0.975 0.839 
0.052 0.985 0.091 0.978 0.858 
0.050 0.986 0.102 0.963 0.801 
0.040 0.988 0.112 0.963 0.880 
0.058 0.982 0.093 0.975 0.880 
0.040 0.986 0.090 0.968 0.773 
0.039 0.990 0.078 0.980 0.849 
0.044 0.986 0.126 0.970 0.912 
0.044 0.988 0.093 0.968 0.861 
0.055 0.981 0.086 0.975 0.861 
0.037 0.991 0.099 0.975 0.912 
0.049 0.984 0.079 0.983 0.814 
0.037 0.990 0.127 0.965 0.893 
0.043 0.988 0.114 0.973 0.909 
0.035 0.990 0.086 0.978 0.864 
0.055 0.981 0.108 0.968 0.883 
0.048 0.986 0.102 0.975 0.886 
0.051 0.985 0.099 0.960 0.738 
0.059 0.983 0.107 0.975 0.899 
0.034 0.989 0.107 0.975 0.915 
0.052 0.986 0.099 0.968 0.855 
0.057 0.984 0.101 0.975 0.912 
0.045 0.986 0.101 0.970 0.893 
0.048 0.984 0.108 0.970 0.858 
0.050 0.982 0.105 0.970 0.861 
0.035 0.987 0.130 0.975 0.893 
0.048 0.983 0.095 0.975 0.880 
0.035 0.990 0.081 0.978 0.883 
0.042 0.988 0.099 0.963 0.845 
0.043 0.985 0.084 0.973 0.836 
0.044 0.985 0.114 0.968 0.855 
0.046 0.986 0.092 0.973 0.795 
0.060 0.985 0.114 0.963 0.861 
0.034 0.989 0.084 0.983 0.883 
0.047 0.987 0.093 0.980 0.871 
0.036 0.986 0.100 0.968 0.804 
0.041 0.985 0.075 0.978 0.814 
0.042 0.985 0.124 0.978 0.912 
0.039 0.986 0.092 0.978 0.868 
0.048 0.981 0.095 0.980 0.896 
0.040 0.988 0.112 0.975 0.915 
0.047 0.983 0.087 0.980 0.861 
0.042 0.985 0.082 0.978 0.893 
0.047 0.983 0.111 0.978 0.890 
0.034 0.988 0.129 0.973 0.890 
0.048 0.987 0.120 0.968 0.921 
0.040 0.985 0.073 0.980 0.849 
0.041 0.989 0.094 0.978 0.899 
0.047 0.988 0.105 0.975 0.896 
0.054 0.982 0.079 0.978 0.880 
0.039 0.989 0.077 0.983 0.861 
0.035 0.989 0.091 0.978 0.886 
0.042 0.986 0.092 0.978 0.864 
0.040 0.987 0.110 0.975 0.886 
0.050 0.983 0.107 0.975 0.902 
0.051 0.986 0.091 0.980 0.864 
0.046 0.985 0.105 0.975 0.912 
0.040 0.989 0.100 0.975 0.868 
0.044 0.985 0.088 0.975 0.861 
0.038 0.988 0.075 0.980 0.817 
0.034 0.988 0.073 0.980 0.864 
0.041 0.983 0.079 0.975 0.814 
0.039 0.990 0.122 0.970 0.931 
0.043 0.986 0.107 0.968 0.877 
0.036 0.990 0.088 0.975 0.849 
0.047 0.985 0.111 0.970 0.909 
0.046 0.982 0.092 0.975 0.877 
0.044 0.988 0.104 0.978 0.871 
0.040 0.989 0.100 0.973 0.880 
0.047 0.985 0.085 0.978 0.858 
0.034 0.986 0.096 0.978 0.877 
0.038 0.987 0.106 0.973 0.909 
0.045 0.986 0.094 0.973 0.880 
0.034 0.989 0.088 0.980 0.877 
0.032 0.990 0.085 0.975 0.893 
0.040 0.987 0.087 0.973 0.855 
0.040 0.988 0.098 0.975 0.896 
0.046 0.985 0.118 0.975 0.896 
0.042 0.988 0.107 0.973 0.883 
0.032 0.988 0.080 0.980 0.773 
0.035 0.988 0.072 0.980 0.861 
0.038 0.988 0.071 0.983 0.798 
0.045 0.986 0.077 0.973 0.823 
0.040 0.990 0.076 0.978 0.804 
0.031 0.990 0.080 0.975 0.849 
0.036 0.989 0.139 0.975 0.883 
0.050 0.990 0.078 0.975 0.801 
0.031 0.989 0.095 0.978 0.883 
0.034 0.992 0.087 0.980 0.861 
0.035 0.989 0.112 0.978 0.902 
0.048 0.985 0.111 0.970 0.880 
0.040 0.986 0.110 0.975 0.902 
0.031 0.990 0.102 0.975 0.902 
0.045 0.986 0.072 0.983 0.836 
0.039 0.988 0.102 0.980 0.880 
0.025 0.992 0.112 0.978 0.886 
0.034 0.989 0.093 0.975 0.855 
0.044 0.987 0.167 0.975 0.877 
0.042 0.990 0.121 0.973 0.905 
0.037 0.990 0.099 0.980 0.874 
0.043 0.988 0.126 0.975 0.924 
0.037 0.986 0.092 0.970 0.839 
0.038 0.987 0.158 0.975 0.909 
0.050 0.988 0.089 0.978 0.833 
0.034 0.987 0.087 0.978 0.871 
0.029 0.990 0.169 0.963 0.943 
0.022 0.993 0.154 0.973 0.871 
0.038 0.988 0.132 0.973 0.874 
0.045 0.988 0.116 0.975 0.883 
0.048 0.986 0.098 0.980 0.836 
0.045 0.984 0.123 0.975 0.915 
0.044 0.985 0.092 0.978 0.880 
0.035 0.989 0.124 0.973 0.899 
0.037 0.985 0.128 0.973 0.902 
0.045 0.987 0.115 0.973 0.915 
0.040 0.989 0.098 0.973 0.899 
0.033 0.989 0.122 0.970 0.937 
0.041 0.989 0.100 0.978 0.868 
0.033 0.990 0.090 0.978 0.899 
0.040 0.988 0.094 0.978 0.845 
0.043 0.987 0.108 0.970 0.931 
0.040 0.987 0.113 0.973 0.915 
0.030 0.992 0.071 0.980 0.868 
0.037 0.989 0.089 0.973 0.883 
0.042 0.988 0.102 0.963 0.845 
0.037 0.988 0.145 0.958 0.893 
0.032 0.990 0.110 0.978 0.880 
0.037 0.988 0.114 0.963 0.823 
0.033 0.988 0.145 0.973 0.896 
0.049 0.983 0.083 0.978 0.886 
0.029 0.989 0.085 0.983 0.893 
0.023 0.993 0.099 0.980 0.890 
0.038 0.988 0.100 0.963 0.820 
0.030 0.989 0.159 0.973 0.909 
0.045 0.986 0.082 0.975 0.874 
0.031 0.988 0.094 0.975 0.921 
0.032 0.994 0.071 0.980 0.826 
0.042 0.988 0.084 0.973 0.874 
0.032 0.989 0.098 0.978 0.858 
0.053 0.985 0.072 0.978 0.871 
0.027 0.991 0.131 0.975 0.874 
0.040 0.986 0.088 0.975 0.890 
0.032 0.989 0.099 0.978 0.883 
0.026 0.990 0.074 0.983 0.858 
0.037 0.989 0.109 0.978 0.912 
0.036 0.990 0.095 0.975 0.868 
0.035 0.988 0.093 0.978 0.868 
0.052 0.985 0.076 0.980 0.864 
0.044 0.985 0.079 0.975 0.883 
0.034 0.990 0.079 0.980 0.842 
0.040 0.988 0.093 0.973 0.893 
0.035 0.988 0.092 0.975 0.893 
0.028 0.991 0.165 0.965 0.940 
0.035 0.989 0.112 0.973 0.871 
0.042 0.988 0.097 0.978 0.874 
0.032 0.990 0.081 0.975 0.886 
0.033 0.988 0.080 0.975 0.880 
0.048 0.984 0.105 0.975 0.905 
0.034 0.989 0.111 0.975 0.915 
0.039 0.982 0.112 0.978 0.909 
0.037 0.989 0.112 0.978 0.899 
0.044 0.988 0.159 0.963 0.861 
0.032 0.988 0.121 0.973 0.893 
0.049 0.986 0.095 0.975 0.896 
0.042 0.986 0.120 0.975 0.918 
0.031 0.990 0.105 0.973 0.896 
0.037 0.992 0.113 0.975 0.896 
0.037 0.990 0.122 0.973 0.924 
0.040 0.985 0.094 0.983 0.905 
0.043 0.988 0.091 0.978 0.909 
0.031 0.990 0.099 0.975 0.902 
0.026 0.993 0.151 0.973 0.937 
0.027 0.991 0.097 0.978 0.899 
0.046 0.985 0.093 0.980 0.902 
0.039 0.988 0.086 0.978 0.890 
0.038 0.987 0.089 0.975 0.880 
0.040 0.989 0.104 0.975 0.909 
0.036 0.990 0.068 0.978 0.877 
0.031 0.991 0.157 0.968 0.921 
0.038 0.985 0.096 0.975 0.902 
0.043 0.985 0.144 0.973 0.921 
0.021 0.993 0.098 0.983 0.871 
0.035 0.990 0.140 0.970 0.931 
0.046 0.986 0.143 0.953 0.877 
0.041 0.986 0.103 0.965 0.849 
0.025 0.992 0.170 0.975 0.921 
0.041 0.985 0.105 0.980 0.880 
0.034 0.992 0.155 0.980 0.896 
0.046 0.986 0.077 0.980 0.826 
0.036 0.988 0.115 0.970 0.886 
0.028 0.990 0.085 0.978 0.817 
0.026 0.992 0.151 0.975 0.924 
0.034 0.990 0.165 0.963 0.918 
0.036 0.984 0.092 0.978 0.902 
0.022 0.992 0.105 0.968 0.883 
0.033 0.991 0.094 0.978 0.883 
0.042 0.987 0.084 0.980 0.868 
0.035 0.987 0.107 0.978 0.912 
0.028 0.990 0.111 0.973 0.927 
0.031 0.987 0.130 0.973 0.924 
0.043 0.985 0.079 0.978 0.883 
0.044 0.988 0.117 0.975 0.915 
0.032 0.988 0.106 0.978 0.905 
0.041 0.988 0.168 0.970 0.912 
0.028 0.992 0.125 0.975 0.912 
0.040 0.987 0.145 0.968 0.931 
0.039 0.989 0.074 0.980 0.849 
0.028 0.991 0.087 0.980 0.871 
0.034 0.989 0.131 0.975 0.924 
0.031 0.990 0.122 0.973 0.776 
0.032 0.989 0.105 0.980 0.921 
0.032 0.990 0.105 0.978 0.909 
0.038 0.986 0.206 0.970 0.909 
0.039 0.987 0.084 0.980 0.855 
0.044 0.986 0.090 0.978 0.836 
0.034 0.988 0.155 0.970 0.927 
0.036 0.988 0.091 0.978 0.890 
0.042 0.990 0.122 0.975 0.896 
0.036 0.989 0.096 0.973 0.874 
0.039 0.988 0.084 0.978 0.874 
0.032 0.990 0.096 0.975 0.883 
0.031 0.990 0.090 0.978 0.874 
0.035 0.990 0.121 0.973 0.880 
0.026 0.992 0.129 0.975 0.896 
0.039 0.988 0.128 0.973 0.924 
0.028 0.990 0.229 0.968 0.940 
0.030 0.990 0.084 0.978 0.871 
0.035 0.989 0.095 0.978 0.886 
0.037 0.990 0.109 0.978 0.874 
0.036 0.989 0.166 0.973 0.915 
0.032 0.991 0.101 0.980 0.902 
0.029 0.991 0.138 0.973 0.915 
0.039 0.992 0.123 0.975 0.902 
0.039 0.986 0.108 0.975 0.905 
0.042 0.985 0.139 0.973 0.918 
0.035 0.988 0.081 0.975 0.871 
0.026 0.990 0.118 0.968 0.893 
0.040 0.988 0.091 0.978 0.893 
0.030 0.990 0.080 0.980 0.880 
0.038 0.989 0.100 0.975 0.918 
0.037 0.988 0.123 0.970 0.943 
0.028 0.991 0.124 0.975 0.931 
0.026 0.992 0.152 0.970 0.921 
0.032 0.989 0.077 0.973 0.738 
0.025 0.993 0.111 0.975 0.886 
0.037 0.988 0.093 0.965 0.855 
0.038 0.983 0.087 0.975 0.886 
0.037 0.986 0.118 0.975 0.937 
0.023 0.990 0.107 0.978 0.880 
0.032 0.991 0.093 0.978 0.899 
0.037 0.989 0.089 0.978 0.896 
0.028 0.990 0.104 0.975 0.902 
0.040 0.986 0.076 0.983 0.880 
0.021 0.991 0.089 0.978 0.893 
0.029 0.992 0.098 0.968 0.763 
0.033 0.990 0.100 0.980 0.909 
0.031 0.989 0.111 0.975 0.861 
0.041 0.988 0.101 0.978 0.893 
0.016 0.993 0.144 0.975 0.918 
0.029 0.992 0.110 0.955 0.735 
0.022 0.992 0.129 0.978 0.934 
0.033 0.989 0.090 0.978 0.864 
0.055 0.986 0.098 0.978 0.852 
0.040 0.986 0.084 0.980 0.855 
0.032 0.989 0.108 0.978 0.899 
0.032 0.989 0.098 0.983 0.858 
0.034 0.990 0.098 0.965 0.855 
0.038 0.986 0.099 0.978 0.905 
0.028 0.989 0.078 0.983 0.874 
0.030 0.993 0.092 0.978 0.858 
0.042 0.988 0.091 0.975 0.874 
0.026 0.990 0.122 0.978 0.896 
0.026 0.990 0.132 0.978 0.905 
0.027 0.991 0.199 0.975 0.927 
0.031 0.988 0.096 0.978 0.861 
0.030 0.990 0.126 0.980 0.918 
0.033 0.989 0.235 0.960 0.943 
0.021 0.993 0.224 0.960 0.950 
0.029 0.992 0.149 0.973 0.909 
0.025 0.990 0.164 0.973 0.924 
0.031 0.986 0.114 0.978 0.893 
0.030 0.986 0.093 0.980 0.874 
0.029 0.993 0.104 0.975 0.902 
0.030 0.992 0.113 0.980 0.927 
0.032 0.989 0.137 0.975 0.921 
0.041 0.986 0.084 0.980 0.852 
0.034 0.988 0.069 0.983 0.811 
0.025 0.991 0.157 0.970 0.940 
0.031 0.989 0.097 0.978 0.886 
0.033 0.989 0.118 0.970 0.902 
0.036 0.990 0.220 0.960 0.931 
0.045 0.985 0.089 0.975 0.782 
0.033 0.988 0.069 0.978 0.757 
0.030 0.990 0.079 0.980 0.842 
0.020 0.995 0.157 0.978 0.905 
0.029 0.988 0.153 0.975 0.940 
0.039 0.986 0.103 0.980 0.902 
0.040 0.986 0.103 0.980 0.890 
0.037 0.988 0.122 0.978 0.921 
0.024 0.991 0.169 0.978 0.915 
0.028 0.991 0.184 0.965 0.937 
0.034 0.989 0.097 0.970 0.868 
0.028 0.990 0.129 0.970 0.896 
0.034 0.992 0.278 0.970 0.940 
0.033 0.989 0.218 0.970 0.852 
0.038 0.985 0.217 0.973 0.924 
0.051 0.985 0.121 0.975 0.905 
0.023 0.993 0.160 0.975 0.924 
0.039 0.989 0.125 0.978 0.893 
0.026 0.992 0.174 0.970 0.927 
0.031 0.990 0.173 0.973 0.893 
0.026 0.993 0.201 0.970 0.934 
0.029 0.991 0.134 0.975 0.909 
0.017 0.993 0.110 0.980 0.830 
0.041 0.987 0.115 0.973 0.893 
0.021 0.995 0.112 0.975 0.890 
0.027 0.990 0.151 0.968 0.927 
0.029 0.992 0.140 0.975 0.927 
0.033 0.989 0.095 0.978 0.886 
0.027 0.990 0.108 0.983 0.877 
0.024 0.992 0.092 0.980 0.817 
0.033 0.992 0.172 0.968 0.864 
0.035 0.989 0.170 0.975 0.912 
0.031 0.989 0.193 0.970 0.915 
0.037 0.987 0.113 0.975 0.896 
0.034 0.989 0.127 0.978 0.921 
0.021 0.993 0.100 0.978 0.886 
0.033 0.990 0.127 0.975 0.899 
0.039 0.985 0.143 0.978 0.915 
0.031 0.990 0.096 0.978 0.896 
0.024 0.991 0.223 0.968 0.931 
0.026 0.992 0.098 0.980 0.864 
0.024 0.993 0.144 0.965 0.855 
0.021 0.992 0.218 0.978 0.937 
0.025 0.992 0.182 0.973 0.896 
0.028 0.990 0.110 0.975 0.877 
0.038 0.985 0.198 0.975 0.940 
0.023 0.991 0.253 0.970 0.943 
0.031 0.989 0.159 0.970 0.921 
0.034 0.989 0.075 0.978 0.785 
0.035 0.992 0.073 0.978 0.852 
0.028 0.992 0.122 0.975 0.912 
0.019 0.993 0.186 0.973 0.909 
0.032 0.993 0.085 0.983 0.861 
0.044 0.986 0.077 0.975 0.748 
0.039 0.989 0.094 0.973 0.855 
0.039 0.987 0.079 0.975 0.808 
0.024 0.993 0.152 0.975 0.912 
0.028 0.990 0.107 0.978 0.902 
0.028 0.992 0.110 0.975 0.909 
0.026 0.990 0.087 0.978 0.890 
0.026 0.991 0.105 0.975 0.899 
0.033 0.985 0.098 0.980 0.924 
0.039 0.989 0.085 0.980 0.826 
0.037 0.990 0.133 0.975 0.912 
0.029 0.991 0.087 0.970 0.770 
0.027 0.991 0.111 0.975 0.896 
0.032 0.990 0.090 0.965 0.773 
0.041 0.987 0.136 0.973 0.918 
0.022 0.993 0.113 0.978 0.921 
0.031 0.989 0.092 0.975 0.868 
0.019 0.992 0.090 0.978 0.861 
0.032 0.989 0.095 0.970 0.861 
0.038 0.989 0.112 0.975 0.909 
0.024 0.993 0.173 0.973 0.924 
0.024 0.991 0.117 0.983 0.886 
0.037 0.990 0.130 0.975 0.909 
0.034 0.989 0.131 0.975 0.924 
0.027 0.992 0.090 0.978 0.861 
0.018 0.993 0.195 0.973 0.915 
0.019 0.993 0.088 0.980 0.880 
0.025 0.995 0.116 0.978 0.915 
0.029 0.992 0.120 0.978 0.902 
0.035 0.988 0.074 0.975 0.855 
0.020 0.994 0.054 0.980 0.798 
0.026 0.989 0.136 0.980 0.927 
0.040 0.986 0.141 0.973 0.915 
0.025 0.992 0.124 0.978 0.896 
0.029 0.992 0.126 0.973 0.899 
0.040 0.989 0.094 0.980 0.871 
0.038 0.985 0.116 0.980 0.890 
0.013 0.996 0.084 0.983 0.855 
0.038 0.992 0.162 0.978 0.924 
0.026 0.988 0.149 0.980 0.927 
0.025 0.992 0.086 0.978 0.858 
0.028 0.988 0.148 0.975 0.931 
0.027 0.992 0.131 0.975 0.899 
0.025 0.993 0.104 0.980 0.861 
0.021 0.992 0.078 0.980 0.782 
0.025 0.991 0.111 0.978 0.886 
0.030 0.990 0.113 0.980 0.909 
0.020 0.995 0.112 0.978 0.877 
0.037 0.989 0.148 0.973 0.896 
0.026 0.990 0.183 0.973 0.937 
0.020 0.993 0.207 0.978 0.931 
0.044 0.990 0.100 0.978 0.855 
0.037 0.986 0.122 0.970 0.861 
0.017 0.993 0.132 0.978 0.918 
0.022 0.995 0.098 0.973 0.770 
0.026 0.993 0.114 0.975 0.868 
0.014 0.995 0.137 0.975 0.861 
0.033 0.989 0.116 0.978 0.877 
0.030 0.994 0.084 0.978 0.785 
0.033 0.988 0.115 0.978 0.864 
0.028 0.992 0.168 0.975 0.927 
0.035 0.989 0.089 0.978 0.820 
0.033 0.990 0.139 0.980 0.905 
0.023 0.992 0.138 0.973 0.842 
0.028 0.990 0.090 0.980 0.855 
0.020 0.993 0.117 0.978 0.880 
0.026 0.992 0.135 0.978 0.896 
0.030 0.990 0.116 0.980 0.905 
0.036 0.989 0.089 0.978 0.861 
0.043 0.987 0.109 0.973 0.877 
0.032 0.989 0.122 0.975 0.896 
0.028 0.989 0.390 0.930 0.956 
0.027 0.991 0.178 0.970 0.912 
0.029 0.990 0.104 0.973 0.849 
0.027 0.991 0.099 0.975 0.899 
0.014 0.994 0.224 0.973 0.943 
0.032 0.992 0.111 0.978 0.886 
0.026 0.992 0.140 0.978 0.909 
0.037 0.988 0.117 0.980 0.899 
0.025 0.991 0.162 0.973 0.924 
0.030 0.990 0.107 0.973 0.836 
0.021 0.991 0.082 0.983 0.883 
0.023 0.992 0.145 0.968 0.905 
0.033 0.989 0.098 0.978 0.868 
0.028 0.990 0.083 0.975 0.826 
0.033 0.992 0.075 0.980 0.845 
0.025 0.990 0.121 0.975 0.912 
0.025 0.992 0.199 0.973 0.934 
0.019 0.994 0.090 0.980 0.874 
0.037 0.988 0.121 0.973 0.874 
0.019 0.994 0.105 0.980 0.877 
0.048 0.988 0.073 0.978 0.836 
0.056 0.986 0.082 0.983 0.811 
0.026 0.990 0.065 0.980 0.817 
0.013 0.998 0.105 0.975 0.896 
0.028 0.993 0.093 0.975 0.855 
0.023 0.994 0.123 0.980 0.912 
0.027 0.992 0.079 0.980 0.871 
0.018 0.995 0.237 0.968 0.912 
0.027 0.991 0.102 0.980 0.902 
0.033 0.992 0.105 0.978 0.886 
0.023 0.991 0.128 0.970 0.868 
0.023 0.990 0.117 0.980 0.909 
0.029 0.992 0.135 0.978 0.905 
0.026 0.990 0.093 0.978 0.877 
0.031 0.989 0.161 0.975 0.924 
0.021 0.995 0.150 0.973 0.927 
0.031 0.989 0.105 0.978 0.883 
0.023 0.993 0.090 0.973 0.858 
0.026 0.993 0.122 0.973 0.909 
0.034 0.989 0.098 0.975 0.880 
0.027 0.992 0.113 0.975 0.902 
0.030 0.990 0.127 0.978 0.905 
0.026 0.990 0.197 0.973 0.931 
0.022 0.995 0.254 0.978 0.927 
0.028 0.990 0.154 0.975 0.921 
0.028 0.991 0.115 0.978 0.899 
0.020 0.992 0.118 0.978 0.886 
0.028 0.988 0.137 0.980 0.915 
0.027 0.992 0.102 0.985 0.899 
0.021 0.993 0.210 0.978 0.927 
0.042 0.991 0.081 0.983 0.798 
0.023 0.995 0.123 0.980 0.912 
0.021 0.993 0.111 0.978 0.912 
0.026 0.989 0.179 0.970 0.937 
0.026 0.990 0.173 0.970 0.927 
0.031 0.990 0.076 0.980 0.855 
0.020 0.992 0.102 0.978 0.886 
0.016 0.995 0.167 0.978 0.915 
0.033 0.990 0.113 0.978 0.890 
0.030 0.989 0.094 0.978 0.899 
0.022 0.992 0.114 0.980 0.896 
0.025 0.992 0.139 0.975 0.915 
0.024 0.989 0.095 0.978 0.880 
0.025 0.992 0.121 0.978 0.890 
0.038 0.989 0.198 0.973 0.943 
0.037 0.990 0.132 0.973 0.934 
0.022 0.990 0.123 0.978 0.893 
0.037 0.989 0.076 0.973 0.830 
0.026 0.992 0.130 0.975 0.886 
0.031 0.990 0.141 0.975 0.921 
0.025 0.990 0.100 0.975 0.880 
0.018 0.995 0.255 0.968 0.946 
0.022 0.992 0.196 0.968 0.905 
0.032 0.989 0.151 0.973 0.921 
0.028 0.989 0.097 0.978 0.886 
0.031 0.992 0.140 0.975 0.909 
0.032 0.990 0.136 0.970 0.902 
0.025 0.992 0.172 0.973 0.921 
0.023 0.992 0.186 0.973 0.921 
0.024 0.990 0.140 0.975 0.890 
0.042 0.987 0.133 0.973 0.871 
0.025 0.990 0.166 0.975 0.915 
0.027 0.990 0.176 0.975 0.931 
0.033 0.993 0.072 0.980 0.852 
0.024 0.992 0.133 0.975 0.909 
0.029 0.993 0.105 0.983 0.880 
0.023 0.992 0.087 0.980 0.868 
0.028 0.990 0.107 0.975 0.902 
0.016 0.995 0.156 0.973 0.921 
0.031 0.990 0.140 0.975 0.921 
0.028 0.990 0.198 0.970 0.934 
0.027 0.992 0.131 0.973 0.880 
0.027 0.992 0.132 0.978 0.899 
0.027 0.993 0.145 0.978 0.909 
0.022 0.993 0.184 0.975 0.905 
0.049 0.986 0.157 0.973 0.924 
0.033 0.989 0.152 0.980 0.896 
0.024 0.992 0.107 0.978 0.868 
0.020 0.994 0.325 0.965 0.943 
0.028 0.990 0.114 0.975 0.899 
0.036 0.989 0.309 0.950 0.950 
0.032 0.990 0.156 0.968 0.927 
0.027 0.992 0.141 0.970 0.912 
0.026 0.993 0.273 0.958 0.946 
0.038 0.992 0.337 0.953 0.912 
0.031 0.993 0.085 0.983 0.899 
0.038 0.988 0.123 0.963 0.836 
0.036 0.988 0.146 0.975 0.937 
0.036 0.987 0.118 0.980 0.883 
0.022 0.993 0.144 0.978 0.899 
0.022 0.992 0.182 0.975 0.927 
0.037 0.988 0.113 0.978 0.899 
0.022 0.994 0.089 0.978 0.896 
0.037 0.986 0.159 0.970 0.915 
0.035 0.990 0.103 0.978 0.896 
0.031 0.990 0.089 0.980 0.883 
0.021 0.992 0.114 0.978 0.912 
0.025 0.991 0.146 0.975 0.912 
0.026 0.994 0.108 0.975 0.899 
0.026 0.991 0.118 0.975 0.899 
0.031 0.989 0.118 0.978 0.915 
0.013 0.997 0.102 0.980 0.858 
0.026 0.992 0.180 0.975 0.931 
0.027 0.993 0.139 0.973 0.912 
0.027 0.990 0.177 0.978 0.921 
0.029 0.991 0.186 0.975 0.893 
0.026 0.991 0.168 0.973 0.909 
0.016 0.992 0.176 0.975 0.849 
0.033 0.993 0.129 0.978 0.861 
0.051 0.993 0.111 0.980 0.826 
0.029 0.993 0.138 0.973 0.864 
0.020 0.993 0.153 0.978 0.864 
0.038 0.991 0.128 0.980 0.877 
0.028 0.993 0.142 0.975 0.886 
0.010 0.996 0.169 0.980 0.890 
0.036 0.988 0.110 0.978 0.896 
0.025 0.993 0.088 0.980 0.826 
0.023 0.993 0.167 0.975 0.899 
0.030 0.990 0.130 0.980 0.861 
0.037 0.986 0.255 0.973 0.852 
0.026 0.992 0.140 0.978 0.896 
0.035 0.991 0.135 0.978 0.902 
0.024 0.993 0.174 0.973 0.902 
0.019 0.992 0.138 0.978 0.868 
0.025 0.992 0.123 0.975 0.890 
0.027 0.992 0.152 0.978 0.912 
0.031 0.990 0.165 0.968 0.924 
0.025 0.995 0.121 0.978 0.893 
0.034 0.988 0.116 0.978 0.893 
0.026 0.993 0.115 0.978 0.886 
0.023 0.990 0.159 0.978 0.909 
0.032 0.990 0.084 0.983 0.833 
0.017 0.996 0.073 0.980 0.744 
0.031 0.988 0.132 0.975 0.899 
0.028 0.992 0.135 0.980 0.874 
0.032 0.990 0.213 0.980 0.905 
0.024 0.992 0.331 0.973 0.934 
0.036 0.987 0.104 0.983 0.868 
0.029 0.991 0.079 0.980 0.808 
0.019 0.995 0.168 0.978 0.909 
0.017 0.995 0.157 0.965 0.871 
0.023 0.991 0.157 0.975 0.909 
0.033 0.991 0.113 0.978 0.896 
0.017 0.994 0.160 0.980 0.924 
0.030 0.993 0.144 0.975 0.918 
0.039 0.989 0.127 0.983 0.909 
0.044 0.989 0.137 0.975 0.861 
0.020 0.992 0.188 0.980 0.924 
0.025 0.993 0.139 0.980 0.874 
0.024 0.991 0.182 0.978 0.905 
0.019 0.993 0.157 0.983 0.877 
0.026 0.992 0.249 0.975 0.912 
0.021 0.990 0.251 0.975 0.896 
0.022 0.995 0.311 0.973 0.934 
0.026 0.989 0.198 0.980 0.890 
0.025 0.993 0.132 0.973 0.801 
0.025 0.991 0.189 0.970 0.886 
0.025 0.992 0.190 0.975 0.902 
0.028 0.989 0.202 0.978 0.909 
0.017 0.995 0.229 0.973 0.912 
0.023 0.992 0.198 0.970 0.902 
0.029 0.990 0.166 0.975 0.893 
0.026 0.992 0.355 0.970 0.946 
0.021 0.994 0.227 0.975 0.909 
0.022 0.991 0.196 0.975 0.912 
0.029 0.991 0.152 0.975 0.899 
0.024 0.993 0.111 0.980 0.864 
0.033 0.991 0.221 0.968 0.899 
0.025 0.993 0.118 0.973 0.817 
0.026 0.990 0.259 0.973 0.931 
0.026 0.990 0.139 0.970 0.830 
0.021 0.992 0.188 0.978 0.931 
0.015 0.996 0.220 0.978 0.893 
0.033 0.992 0.281 0.968 0.943 
0.024 0.992 0.242 0.973 0.921 
0.034 0.992 0.163 0.978 0.893 
0.021 0.995 0.215 0.973 0.912 
0.029 0.990 0.111 0.980 0.845 
0.020 0.992 0.099 0.978 0.836 
0.013 0.995 0.220 0.973 0.912 
0.032 0.993 0.196 0.975 0.918 
0.024 0.993 0.110 0.975 0.858 
0.022 0.993 0.130 0.970 0.883 
0.014 0.996 0.141 0.980 0.877 
0.028 0.993 0.104 0.978 0.890 
0.031 0.992 0.192 0.975 0.934 
0.023 0.993 0.165 0.975 0.909 
0.024 0.992 0.090 0.980 0.823 
0.032 0.992 0.128 0.975 0.918 
0.016 0.995 0.173 0.970 0.934 
0.034 0.992 0.133 0.980 0.915 
0.028 0.990 0.183 0.973 0.918 
0.028 0.989 0.216 0.973 0.905 
0.043 0.995 0.169 0.978 0.915 
0.029 0.990 0.152 0.973 0.845 
0.031 0.989 0.080 0.983 0.792 
0.025 0.992 0.128 0.975 0.909 
0.021 0.993 0.109 0.973 0.902 
0.025 0.993 0.130 0.978 0.915 
0.016 0.996 0.099 0.975 0.830 
0.026 0.991 0.157 0.975 0.909 
0.027 0.993 0.107 0.973 0.861 
0.018 0.996 0.175 0.980 0.927 
0.038 0.987 0.151 0.973 0.893 
0.029 0.992 0.370 0.970 0.934 
0.024 0.993 0.225 0.975 0.918 
0.031 0.990 0.105 0.973 0.836 
0.022 0.992 0.172 0.973 0.896 
0.023 0.993 0.113 0.983 0.845 
0.027 0.990 0.188 0.970 0.924 
0.027 0.990 0.136 0.973 0.845 
0.025 0.993 0.136 0.978 0.874 
0.021 0.994 0.171 0.973 0.918 
0.030 0.989 0.117 0.968 0.814 
0.019 0.995 0.116 0.980 0.909 
0.022 0.994 0.104 0.980 0.880 
0.020 0.993 0.179 0.975 0.883 
0.028 0.991 0.130 0.973 0.836 
0.038 0.987 0.212 0.978 0.905 
0.025 0.994 0.188 0.973 0.934 
0.022 0.992 0.154 0.978 0.890 
0.023 0.992 0.171 0.978 0.931 
0.033 0.989 0.130 0.978 0.905 
0.024 0.992 0.114 0.980 0.896 
0.034 0.990 0.125 0.978 0.915 
0.024 0.994 0.130 0.985 0.934 
0.016 0.994 0.156 0.980 0.890 
0.034 0.987 0.128 0.975 0.886 
0.030 0.988 0.131 0.975 0.855 
0.024 0.991 0.159 0.968 0.874 
0.028 0.993 0.118 0.973 0.877 
0.020 0.993 0.184 0.968 0.937 
0.020 0.993 0.132 0.978 0.896 
0.032 0.990 0.120 0.978 0.893 
0.035 0.988 0.094 0.980 0.842 
0.041 0.992 0.144 0.975 0.896 
0.051 0.988 0.139 0.980 0.915 
0.019 0.995 0.156 0.983 0.912 
0.025 0.991 0.093 0.980 0.880 
0.023 0.995 0.225 0.973 0.943 
0.018 0.995 0.148 0.980 0.918 
0.058 0.986 0.136 0.980 0.899 
0.029 0.992 0.285 0.973 0.905 
0.027 0.992 0.183 0.980 0.934 
0.033 0.991 0.155 0.975 0.915 
0.024 0.990 0.170 0.970 0.899 
0.018 0.994 0.087 0.980 0.864 
0.022 0.992 0.137 0.978 0.924 
0.027 0.992 0.106 0.983 0.905 
0.017 0.992 0.221 0.970 0.934 
0.044 0.991 0.127 0.975 0.902 
0.022 0.994 0.129 0.970 0.886 
0.024 0.993 0.233 0.965 0.940 
0.022 0.992 0.179 0.975 0.921 
0.012 0.996 0.163 0.973 0.912 
0.038 0.988 0.126 0.978 0.874 
0.022 0.991 0.155 0.978 0.921 
0.026 0.993 0.216 0.973 0.921 
0.012 0.996 0.191 0.980 0.921 
0.029 0.991 0.140 0.970 0.899 
0.027 0.990 0.128 0.973 0.893 
0.019 0.992 0.291 0.975 0.934 
0.025 0.994 0.262 0.975 0.924 
0.035 0.988 0.129 0.978 0.902 
0.021 0.992 0.166 0.973 0.915 
0.023 0.990 0.128 0.975 0.912 
0.017 0.995 0.212 0.968 0.927 
0.016 0.993 0.133 0.973 0.896 
0.040 0.987 0.100 0.978 0.852 
0.017 0.993 0.196 0.975 0.912 
0.032 0.989 0.168 0.970 0.905 
0.031 0.991 0.112 0.975 0.864 
0.029 0.994 0.152 0.975 0.893 
0.027 0.990 0.171 0.970 0.880 
0.059 0.989 0.161 0.975 0.890 
0.032 0.989 0.299 0.968 0.909 
0.026 0.995 0.224 0.970 0.880 
0.031 0.993 0.274 0.973 0.937 
0.036 0.988 0.152 0.975 0.874 
0.022 0.994 0.233 0.973 0.899 
0.029 0.992 0.153 0.973 0.896 
0.044 0.991 0.216 0.970 0.899 
0.024 0.993 0.179 0.970 0.902 
0.037 0.987 0.240 0.970 0.931 
0.023 0.995 0.155 0.973 0.905 
0.031 0.989 0.238 0.968 0.915 
0.030 0.988 0.211 0.975 0.931 
0.028 0.990 0.102 0.973 0.852 
0.024 0.993 0.138 0.980 0.905 
0.032 0.990 0.128 0.973 0.893 
0.029 0.988 0.330 0.960 0.950 
0.022 0.993 0.130 0.975 0.902 
0.020 0.994 0.187 0.968 0.899 
0.020 0.991 0.146 0.978 0.899 
0.029 0.990 0.165 0.973 0.874 
0.023 0.990 0.264 0.973 0.931 
0.026 0.990 0.120 0.980 0.921 
0.017 0.993 0.193 0.973 0.927 
0.031 0.990 0.147 0.975 0.931 
0.025 0.992 0.166 0.980 0.931 
0.045 0.988 0.083 0.978 0.893 
0.023 0.992 0.166 0.975 0.921 
0.022 0.991 0.122 0.978 0.896 
0.022 0.992 0.102 0.980 0.890 
0.022 0.992 0.106 0.978 0.905 
0.016 0.995 0.096 0.980 0.893 
0.025 0.993 0.175 0.968 0.924 
0.024 0.990 0.160 0.975 0.918 
0.019 0.995 0.172 0.970 0.934 
0.051 0.989 0.096 0.970 0.763 
0.043 0.988 0.162 0.978 0.921 
0.066 0.988 0.078 0.980 0.789 
0.027 0.994 0.087 0.975 0.830 
0.028 0.990 0.125 0.978 0.909 
0.021 0.995 0.130 0.980 0.902 
0.035 0.991 0.099 0.978 0.868 
0.026 0.992 0.114 0.973 0.874 
0.030 0.989 0.112 0.978 0.886 
0.019 0.993 0.140 0.975 0.890 
0.033 0.988 0.127 0.973 0.779 
0.029 0.991 0.101 0.975 0.886 
0.020 0.993 0.109 0.978 0.890 
0.021 0.995 0.124 0.978 0.918 
0.027 0.991 0.148 0.975 0.899 
0.021 0.992 0.097 0.975 0.883 
0.018 0.993 0.156 0.973 0.902 
0.033 0.992 0.148 0.965 0.877 
0.023 0.993 0.160 0.975 0.918 
0.019 0.994 0.207 0.975 0.921 
0.029 0.992 0.099 0.980 0.874 
0.021 0.992 0.082 0.975 0.833 
0.024 0.990 0.207 0.975 0.937 
0.026 0.994 0.131 0.975 0.877 
0.036 0.990 0.141 0.975 0.899 
0.020 0.992 0.106 0.975 0.883 
0.027 0.992 0.168 0.978 0.924 
0.019 0.994 0.162 0.970 0.921 
0.014 0.994 0.142 0.973 0.902 
0.021 0.991 0.147 0.978 0.902 
0.026 0.993 0.088 0.983 0.823 
0.016 0.995 0.143 0.978 0.896 
0.029 0.991 0.141 0.975 0.902 
0.026 0.992 0.124 0.970 0.899 
0.027 0.992 0.143 0.980 0.902 
0.042 0.992 0.153 0.975 0.924 
0.023 0.993 0.202 0.970 0.937 
0.012 0.996 0.160 0.975 0.905 
0.030 0.990 0.261 0.975 0.937 
0.029 0.992 0.162 0.973 0.886 
0.026 0.992 0.152 0.975 0.871 
0.028 0.993 0.191 0.975 0.912 
0.014 0.995 0.157 0.975 0.864 
0.028 0.988 0.128 0.978 0.849 
0.034 0.990 0.240 0.970 0.896 
0.029 0.992 0.129 0.978 0.874 
0.021 0.995 0.101 0.975 0.899 
0.024 0.991 0.081 0.978 0.868 
0.012 0.995 0.121 0.975 0.912 
0.010 0.996 0.251 0.973 0.934 
0.044 0.989 0.205 0.970 0.931 
0.027 0.993 0.197 0.970 0.921 
0.031 0.989 0.207 0.978 0.931 
0.021 0.992 0.147 0.978 0.899 
0.018 0.993 0.181 0.973 0.915 
0.024 0.995 0.206 0.973 0.937 
0.014 0.995 0.154 0.973 0.883 
0.015 0.995 0.190 0.973 0.918 
0.016 0.996 0.259 0.970 0.896 
0.029 0.992 0.150 0.970 0.877 
0.022 0.993 0.180 0.968 0.864 
0.034 0.993 0.191 0.975 0.868 
0.037 0.989 0.191 0.980 0.890 
0.023 0.991 0.176 0.978 0.861 
