0.304 0.885 0.180 0.953 1.000 
0.150 0.950 0.102 0.963 0.997 
0.148 0.944 0.099 0.968 1.000 
0.112 0.964 0.254 0.917 1.000 
0.100 0.967 0.076 0.978 1.000 
0.094 0.967 0.084 0.988 1.000 
0.099 0.970 0.118 0.970 1.000 
0.076 0.976 0.071 0.990 1.000 
0.085 0.973 0.067 0.983 1.000 
0.084 0.975 0.070 0.985 1.000 
0.074 0.979 0.107 0.988 1.000 
0.081 0.973 0.085 0.985 1.000 
0.063 0.982 0.081 0.988 1.000 
0.068 0.980 0.085 0.973 1.000 
0.064 0.979 0.061 0.988 1.000 
0.074 0.979 0.052 0.985 1.000 
0.066 0.977 0.073 0.988 1.000 
0.057 0.984 0.053 0.988 1.000 
0.054 0.985 0.068 0.980 0.997 
0.068 0.978 0.066 0.983 1.000 
0.072 0.977 0.095 0.973 1.000 
0.076 0.977 0.117 0.963 1.000 
0.061 0.981 0.072 0.978 1.000 
0.060 0.982 0.065 0.983 1.000 
0.053 0.986 0.041 0.990 1.000 
0.063 0.980 0.065 0.980 1.000 
0.052 0.979 0.054 0.978 1.000 
0.056 0.982 0.059 0.978 1.000 
0.055 0.982 0.074 0.970 1.000 
0.058 0.985 0.079 0.968 1.000 
0.057 0.983 0.077 0.975 1.000 
0.049 0.988 0.050 0.985 1.000 
0.053 0.985 0.048 0.990 1.000 
0.050 0.987 0.061 0.980 1.000 
0.057 0.984 0.076 0.978 1.000 
0.058 0.984 0.063 0.990 1.000 
0.056 0.982 0.063 0.985 1.000 
0.054 0.987 0.042 0.988 1.000 
0.047 0.986 0.045 0.990 0.991 
0.048 0.989 0.053 0.985 0.988 
0.049 0.987 0.062 0.980 0.973 
0.044 0.986 0.060 0.988 1.000 
0.053 0.986 0.036 0.990 0.997 
0.061 0.983 0.070 0.988 1.000 
0.047 0.986 0.049 0.985 1.000 
0.044 0.988 0.085 0.970 1.000 
0.044 0.987 0.053 0.980 1.000 
0.047 0.984 0.071 0.980 1.000 
0.051 0.987 0.048 0.988 1.000 
0.046 0.989 0.045 0.983 1.000 
0.050 0.985 0.055 0.980 1.000 
0.045 0.988 0.042 0.988 1.000 
0.049 0.988 0.069 0.980 1.000 
0.044 0.985 0.051 0.980 1.000 
0.046 0.988 0.055 0.980 1.000 
0.041 0.991 0.052 0.988 0.963 
0.051 0.986 0.095 0.970 1.000 
0.048 0.986 0.076 0.975 1.000 
0.050 0.989 0.066 0.978 1.000 
0.048 0.988 0.054 0.990 0.982 
0.035 0.991 0.063 0.978 1.000 
0.037 0.990 0.051 0.985 1.000 
0.043 0.990 0.046 0.985 1.000 
0.037 0.989 0.079 0.970 1.000 
0.043 0.987 0.089 0.978 1.000 
0.040 0.988 0.081 0.970 0.997 
0.037 0.989 0.061 0.973 1.000 
0.032 0.992 0.049 0.988 1.000 
0.040 0.989 0.052 0.980 1.000 
0.044 0.988 0.041 0.988 0.988 
0.032 0.993 0.054 0.985 1.000 
0.050 0.984 0.060 0.980 0.756 
0.027 0.992 0.066 0.978 1.000 
0.045 0.986 0.046 0.990 0.997 
0.030 0.992 0.052 0.983 0.988 
0.037 0.989 0.075 0.983 0.607 
0.039 0.990 0.061 0.988 0.997 
0.035 0.990 0.064 0.978 1.000 
0.028 0.993 0.059 0.978 0.963 
0.037 0.989 0.042 0.990 0.887 
0.033 0.992 0.054 0.978 1.000 
0.028 0.994 0.049 0.985 0.997 
0.031 0.993 0.046 0.985 0.692 
0.039 0.990 0.048 0.985 0.960 
0.028 0.993 0.060 0.985 0.780 
0.052 0.984 0.050 0.990 0.753 
0.034 0.990 0.065 0.990 0.973 
0.034 0.991 0.039 0.990 0.960 
0.046 0.986 0.056 0.983 0.485 
0.034 0.991 0.046 0.983 0.976 
0.034 0.992 0.046 0.990 0.994 
0.027 0.993 0.040 0.990 0.976 
0.039 0.990 0.062 0.980 0.985 
0.027 0.993 0.049 0.980 0.982 
0.030 0.993 0.048 0.983 0.680 
0.052 0.987 0.060 0.978 0.610 
0.032 0.990 0.043 0.988 0.994 
0.040 0.988 0.055 0.988 0.973 
0.036 0.990 0.047 0.983 0.759 
0.036 0.993 0.057 0.978 0.973 
0.038 0.989 0.065 0.978 0.966 
0.027 0.992 0.033 0.990 0.890 
0.039 0.990 0.051 0.983 0.994 
0.029 0.993 0.050 0.983 0.997 
0.039 0.992 0.064 0.978 0.988 
0.045 0.987 0.070 0.978 0.997 
0.035 0.988 0.059 0.975 0.966 
0.039 0.988 0.054 0.980 0.994 
0.027 0.991 0.052 0.990 0.445 
0.038 0.988 0.056 0.983 0.994 
0.031 0.992 0.049 0.980 0.985 
0.031 0.992 0.040 0.988 1.000 
0.029 0.992 0.050 0.980 0.960 
0.033 0.992 0.039 0.985 0.942 
0.031 0.993 0.042 0.988 0.988 
0.028 0.996 0.048 0.988 0.680 
0.041 0.987 0.073 0.983 0.994 
0.030 0.993 0.048 0.985 0.997 
0.036 0.993 0.052 0.983 0.960 
0.033 0.990 0.045 0.985 0.997 
0.026 0.993 0.068 0.975 0.982 
0.026 0.993 0.073 0.980 0.530 
0.036 0.989 0.050 0.983 0.829 
0.025 0.993 0.049 0.983 0.997 
0.019 0.994 0.059 0.973 0.052 
0.031 0.993 0.081 0.973 1.000 
0.031 0.991 0.053 0.980 0.838 
0.023 0.992 0.059 0.980 0.997 
0.031 0.992 0.070 0.990 0.997 
0.027 0.993 0.049 0.990 1.000 
0.036 0.989 0.084 0.973 0.994 
0.025 0.993 0.049 0.983 1.000 
0.029 0.992 0.034 0.990 0.973 
0.033 0.993 0.041 0.990 0.960 
0.028 0.992 0.060 0.978 1.000 
0.024 0.992 0.034 0.990 1.000 
0.028 0.993 0.064 0.980 0.994 
0.023 0.994 0.049 0.988 1.000 
0.041 0.990 0.041 0.988 0.976 
0.022 0.995 0.059 0.978 1.000 
0.035 0.990 0.057 0.983 0.994 
0.027 0.992 0.260 0.945 0.994 
0.036 0.992 0.057 0.983 0.991 
0.036 0.991 0.046 0.983 1.000 
0.023 0.995 0.034 0.993 1.000 
0.024 0.992 0.048 0.983 0.985 
0.021 0.992 0.068 0.978 0.988 
0.024 0.994 0.036 0.990 0.302 
0.027 0.993 0.031 0.993 0.982 
0.030 0.990 0.042 0.985 1.000 
0.024 0.990 0.038 0.990 1.000 
0.025 0.994 0.053 0.983 0.945 
0.032 0.990 0.036 0.993 0.994 
0.038 0.989 0.040 0.988 0.939 
0.030 0.993 0.059 0.990 0.979 
0.025 0.993 0.042 0.988 0.905 
0.041 0.987 0.045 0.985 1.000 
0.029 0.991 0.035 0.990 0.933 
0.019 0.995 0.047 0.985 1.000 
0.021 0.995 0.041 0.985 1.000 
0.023 0.993 0.048 0.985 1.000 
0.025 0.993 0.035 0.990 0.994 
0.022 0.993 0.033 0.990 0.860 
0.021 0.995 0.034 0.988 0.655 
0.030 0.992 0.042 0.990 0.515 
0.021 0.995 0.051 0.988 0.991 
0.036 0.992 0.037 0.988 0.716 
0.024 0.993 0.043 0.985 0.997 
0.035 0.990 0.041 0.988 0.470 
0.020 0.996 0.040 0.988 0.021 
0.027 0.995 0.035 0.988 0.820 
0.028 0.993 0.043 0.985 0.241 
0.026 0.992 0.032 0.990 0.921 
0.029 0.990 0.039 0.993 0.195 
0.012 0.998 0.071 0.978 0.537 
0.024 0.993 0.046 0.985 0.957 
0.019 0.995 0.079 0.970 0.988 
0.021 0.994 0.072 0.973 0.994 
0.031 0.993 0.068 0.975 1.000 
0.021 0.993 0.042 0.985 0.976 
0.027 0.992 0.033 0.993 0.893 
0.024 0.994 0.049 0.990 0.524 
0.034 0.990 0.051 0.988 0.994 
0.037 0.991 0.040 0.985 0.994 
0.018 0.992 0.041 0.988 0.988 
0.025 0.993 0.045 0.988 0.930 
0.027 0.995 0.053 0.985 1.000 
0.029 0.992 0.071 0.973 0.302 
0.025 0.990 0.040 0.990 0.960 
0.016 0.995 0.027 0.990 0.915 
0.029 0.991 0.050 0.983 0.701 
0.022 0.990 0.041 0.988 1.000 
0.027 0.989 0.055 0.978 0.994 
0.022 0.993 0.027 0.990 0.997 
0.031 0.992 0.044 0.990 0.796 
0.026 0.991 0.036 0.990 0.982 
0.049 0.988 0.044 0.988 0.997 
0.026 0.993 0.045 0.990 0.982 
0.021 0.993 0.076 0.970 0.976 
0.022 0.991 0.058 0.975 0.994 
0.030 0.991 0.059 0.973 0.994 
0.021 0.994 0.035 0.990 0.765 
0.029 0.991 0.037 0.988 0.729 
0.019 0.993 0.043 0.988 0.976 
0.031 0.995 0.042 0.985 0.780 
0.022 0.993 0.208 0.963 1.000 
0.026 0.993 0.060 0.978 0.948 
0.012 0.998 0.034 0.988 1.000 
0.032 0.993 0.041 0.985 0.991 
0.023 0.992 0.042 0.988 1.000 
0.020 0.994 0.031 0.985 1.000 
0.027 0.993 0.038 0.990 0.924 
0.023 0.993 0.042 0.990 1.000 
0.020 0.994 0.035 0.993 1.000 
0.016 0.996 0.027 0.993 0.762 
0.015 0.995 0.050 0.983 0.997 
0.022 0.993 0.036 0.990 0.884 
0.029 0.992 0.032 0.988 1.000 
0.029 0.992 0.035 0.988 1.000 
0.017 0.994 0.034 0.990 0.973 
0.020 0.995 0.046 0.983 0.985 
0.024 0.995 0.036 0.993 0.960 
0.025 0.995 0.037 0.990 1.000 
0.022 0.993 0.051 0.978 0.887 
0.024 0.992 0.056 0.978 0.988 
0.023 0.994 0.054 0.985 0.976 
0.024 0.993 0.048 0.980 0.899 
0.023 0.992 0.066 0.990 1.000 
0.045 0.992 0.059 0.988 1.000 
0.016 0.997 0.059 0.988 1.000 
0.019 0.994 0.053 0.983 1.000 
0.028 0.993 0.082 0.970 1.000 
0.017 0.993 0.056 0.988 1.000 
0.021 0.993 0.035 0.990 1.000 
0.022 0.992 0.043 0.990 1.000 
0.019 0.993 0.043 0.983 0.988 
0.023 0.990 0.050 0.988 1.000 
0.021 0.995 0.045 0.985 1.000 
0.024 0.995 0.057 0.978 1.000 
0.018 0.994 0.051 0.983 1.000 
0.033 0.991 0.047 0.983 1.000 
0.016 0.996 0.045 0.985 1.000 
0.035 0.990 0.060 0.973 1.000 
0.020 0.993 0.037 0.993 0.954 
0.022 0.993 0.046 0.983 0.695 
0.031 0.992 0.040 0.990 0.936 
0.018 0.994 0.038 0.988 0.930 
0.028 0.993 0.026 0.995 0.985 
0.023 0.993 0.064 0.973 0.570 
0.015 0.993 0.048 0.985 0.872 
0.027 0.994 0.036 0.990 1.000 
0.024 0.992 0.044 0.985 1.000 
0.022 0.995 0.038 0.990 0.457 
0.023 0.992 0.033 0.990 1.000 
0.027 0.995 0.025 0.990 0.979 
0.029 0.992 0.043 0.990 0.982 
0.016 0.995 0.043 0.988 1.000 
0.022 0.995 0.048 0.988 1.000 
0.031 0.990 0.048 0.985 1.000 
0.021 0.996 0.036 0.990 1.000 
0.018 0.994 0.031 0.990 1.000 
0.020 0.995 0.040 0.988 1.000 
0.017 0.994 0.056 0.975 0.960 
0.018 0.994 0.061 0.970 1.000 
0.019 0.993 0.055 0.973 1.000 
0.023 0.993 0.038 0.983 1.000 
0.021 0.994 0.031 0.988 1.000 
0.020 0.995 0.052 0.980 1.000 
0.030 0.995 0.041 0.985 0.997 
0.026 0.990 0.031 0.990 0.997 
0.016 0.996 0.029 0.988 0.991 
0.019 0.995 0.035 0.988 0.918 
0.023 0.992 0.026 0.990 0.997 
0.028 0.994 0.025 0.990 1.000 
0.017 0.993 0.031 0.993 1.000 
0.020 0.995 0.027 0.990 1.000 
0.030 0.990 0.038 0.990 1.000 
0.024 0.995 0.049 0.978 0.979 
0.015 0.996 0.046 0.983 0.963 
0.016 0.995 0.043 0.985 1.000 
0.026 0.993 0.031 0.988 0.966 
0.024 0.995 0.044 0.988 1.000 
0.022 0.994 0.036 0.990 0.985 
0.026 0.995 0.048 0.985 1.000 
0.032 0.990 0.036 0.988 1.000 
0.022 0.995 0.061 0.978 1.000 
0.013 0.997 0.043 0.988 1.000 
0.029 0.992 0.052 0.983 1.000 
0.016 0.995 0.089 0.973 0.997 
0.022 0.996 0.046 0.983 0.979 
0.023 0.991 0.012 0.995 1.000 
0.032 0.991 0.034 0.990 1.000 
0.014 0.995 0.038 0.988 0.994 
0.016 0.996 0.056 0.978 1.000 
0.037 0.993 0.042 0.985 1.000 
0.018 0.994 0.037 0.988 1.000 
0.014 0.995 0.035 0.990 0.997 
0.031 0.992 0.051 0.980 1.000 
0.024 0.996 0.038 0.988 1.000 
0.012 0.996 0.023 0.990 1.000 
0.016 0.995 0.063 0.985 0.869 
0.026 0.992 0.031 0.990 1.000 
0.023 0.993 0.057 0.983 0.991 
0.019 0.993 0.031 0.990 0.951 
0.024 0.992 0.025 0.990 0.985 
0.017 0.995 0.029 0.990 0.887 
0.035 0.993 0.052 0.985 0.970 
0.020 0.994 0.044 0.985 0.098 
0.019 0.995 0.053 0.980 0.872 
0.024 0.992 0.031 0.990 0.994 
0.020 0.993 0.041 0.988 0.960 
0.016 0.993 0.034 0.988 0.909 
0.024 0.995 0.049 0.985 0.997 
0.018 0.995 0.063 0.983 1.000 
0.035 0.992 0.049 0.980 0.985 
0.023 0.994 0.045 0.988 0.997 
0.014 0.994 0.036 0.990 0.991 
0.017 0.993 0.033 0.990 0.979 
0.028 0.991 0.042 0.988 0.994 
0.019 0.996 0.027 0.990 0.997 
0.028 0.993 0.035 0.990 0.994 
0.023 0.992 0.042 0.985 0.473 
0.021 0.995 0.037 0.990 0.994 
0.024 0.993 0.044 0.985 0.884 
0.020 0.995 0.032 0.990 0.997 
0.016 0.995 0.061 0.973 0.820 
0.020 0.996 0.039 0.990 0.899 
0.019 0.994 0.026 0.990 1.000 
0.016 0.996 0.021 0.990 0.991 
0.015 0.994 0.075 0.970 0.966 
0.018 0.996 0.043 0.985 1.000 
0.014 0.995 0.036 0.990 0.997 
0.026 0.993 0.059 0.975 0.875 
0.017 0.997 0.030 0.990 0.994 
0.030 0.991 0.043 0.988 1.000 
0.020 0.992 0.050 0.985 1.000 
0.021 0.993 0.029 0.990 0.970 
0.016 0.996 0.026 0.990 0.884 
0.018 0.995 0.030 0.990 0.979 
0.023 0.994 0.037 0.990 0.945 
0.028 0.992 0.046 0.983 0.970 
0.022 0.995 0.040 0.985 0.375 
0.020 0.993 0.042 0.980 0.924 
0.016 0.996 0.086 0.973 0.930 
0.022 0.994 0.036 0.998 1.000 
0.021 0.992 0.041 0.985 0.909 
0.047 0.995 0.044 0.990 0.979 
0.027 0.994 0.062 0.973 0.997 
0.015 0.996 0.057 0.975 1.000 
0.029 0.993 0.040 0.990 0.994 
0.017 0.995 0.053 0.978 0.991 
0.021 0.995 0.064 0.985 0.921 
0.037 0.993 0.064 0.980 0.973 
0.011 0.996 0.045 0.985 1.000 
0.015 0.994 0.083 0.973 1.000 
0.018 0.994 0.058 0.973 0.973 
0.024 0.992 0.069 0.973 1.000 
0.032 0.993 0.064 0.983 1.000 
0.021 0.995 0.050 0.983 1.000 
0.030 0.996 0.041 0.985 1.000 
0.017 0.995 0.034 0.988 1.000 
0.023 0.992 0.053 0.978 0.948 
0.033 0.993 0.039 0.988 0.912 
0.018 0.996 0.035 0.990 0.997 
0.013 0.996 0.040 0.990 0.979 
0.021 0.993 0.035 0.990 0.994 
0.013 0.995 0.051 0.978 1.000 
0.030 0.992 0.062 0.973 0.997 
0.015 0.995 0.071 0.973 1.000 
0.022 0.995 0.049 0.983 0.942 
0.027 0.995 0.031 0.990 0.881 
0.012 0.997 0.065 0.978 0.851 
0.018 0.996 0.068 0.978 0.927 
0.029 0.992 0.058 0.980 0.918 
0.016 0.995 0.036 0.990 1.000 
0.027 0.993 0.034 0.988 0.951 
0.019 0.993 0.067 0.978 0.951 
0.023 0.995 0.059 0.983 0.994 
0.030 0.991 0.056 0.978 1.000 
0.017 0.996 0.029 0.990 0.997 
0.020 0.995 0.034 0.988 1.000 
0.023 0.994 0.042 0.988 0.997 
0.025 0.993 0.039 0.985 0.704 
0.018 0.995 0.049 0.985 1.000 
0.009 0.997 0.040 0.988 0.994 
0.019 0.995 0.098 0.978 0.820 
0.043 0.990 0.032 0.995 1.000 
0.018 0.996 0.063 0.973 0.933 
0.020 0.992 0.041 0.983 0.997 
0.018 0.995 0.082 0.978 1.000 
0.020 0.995 0.029 0.990 1.000 
0.015 0.998 0.026 0.990 1.000 
0.018 0.996 0.030 0.988 0.979 
0.018 0.994 0.097 0.973 1.000 
0.013 0.996 0.062 0.980 1.000 
0.022 0.993 0.048 0.978 0.997 
0.020 0.995 0.086 0.973 0.994 
0.025 0.994 0.084 0.973 1.000 
0.015 0.995 0.072 0.980 0.985 
0.020 0.993 0.043 0.985 1.000 
0.018 0.993 0.063 0.978 0.994 
0.009 0.996 0.031 0.988 1.000 
0.019 0.993 0.033 0.988 1.000 
0.017 0.994 0.046 0.985 1.000 
0.027 0.993 0.055 0.980 1.000 
0.006 0.998 0.069 0.983 0.991 
0.046 0.990 0.075 0.978 0.988 
0.017 0.995 0.041 0.985 0.966 
0.014 0.993 0.024 0.990 1.000 
0.014 0.995 0.053 0.980 1.000 
0.008 0.997 0.055 0.983 0.997 
0.021 0.995 0.038 0.990 1.000 
0.019 0.996 0.035 0.990 1.000 
0.022 0.993 0.119 0.955 0.997 
0.010 0.995 0.028 0.988 1.000 
0.015 0.996 0.037 0.988 1.000 
0.015 0.998 0.036 0.990 1.000 
0.020 0.994 0.048 0.985 1.000 
0.023 0.995 0.036 0.990 0.997 
0.012 0.995 0.041 0.985 0.997 
0.019 0.997 0.038 0.988 1.000 
0.017 0.996 0.054 0.983 1.000 
0.016 0.995 0.024 0.990 1.000 
0.015 0.995 0.049 0.985 1.000 
0.013 0.997 0.034 0.988 1.000 
0.016 0.993 0.030 0.990 0.994 
0.020 0.994 0.039 0.988 1.000 
0.018 0.994 0.045 0.983 1.000 
0.011 0.998 0.039 0.988 1.000 
0.021 0.995 0.069 0.980 1.000 
0.013 0.997 0.067 0.978 1.000 
0.027 0.993 0.049 0.980 1.000 
0.017 0.996 0.033 0.990 0.997 
0.028 0.994 0.143 0.970 1.000 
0.020 0.996 0.072 0.978 1.000 
0.027 0.993 0.033 0.990 1.000 
0.033 0.993 0.063 0.983 1.000 
0.015 0.995 0.048 0.988 1.000 
0.019 0.994 0.046 0.985 1.000 
0.011 0.998 0.057 0.985 1.000 
0.017 0.995 0.050 0.985 1.000 
0.034 0.992 0.050 0.988 1.000 
0.025 0.993 0.066 0.973 1.000 
0.013 0.997 0.030 0.988 0.966 
0.013 0.995 0.051 0.985 0.948 
0.014 0.996 0.045 0.985 0.680 
0.026 0.995 0.029 0.990 0.777 
0.019 0.994 0.026 0.990 1.000 
0.015 0.996 0.033 0.990 1.000 
0.017 0.998 0.050 0.985 1.000 
0.036 0.992 0.040 0.985 1.000 
0.024 0.992 0.034 0.990 1.000 
0.018 0.994 0.038 0.988 1.000 
0.017 0.995 0.050 0.985 0.945 
0.018 0.994 0.064 0.973 0.991 
0.019 0.995 0.025 0.990 0.994 
0.028 0.991 0.051 0.983 0.918 
0.030 0.995 0.047 0.985 0.994 
0.021 0.993 0.086 0.988 0.994 
0.029 0.993 0.041 0.985 0.884 
0.015 0.995 0.030 0.990 0.994 
0.010 0.996 0.080 0.985 0.814 
0.017 0.995 0.093 0.970 1.000 
0.019 0.993 0.037 0.988 0.997 
0.022 0.994 0.032 0.990 0.994 
0.015 0.995 0.031 0.988 0.954 
0.016 0.995 0.028 0.988 0.994 
0.018 0.994 0.041 0.988 0.552 
0.018 0.996 0.036 0.990 0.335 
0.019 0.995 0.040 0.988 0.643 
0.019 0.996 0.047 0.985 0.549 
0.029 0.993 0.046 0.990 0.991 
0.020 0.994 0.047 0.985 0.997 
0.015 0.996 0.059 0.980 0.997 
0.023 0.993 0.040 0.985 0.991 
0.015 0.993 0.023 0.993 1.000 
0.019 0.995 0.021 0.993 0.997 
0.014 0.996 0.035 0.988 1.000 
0.016 0.994 0.043 0.985 0.991 
0.020 0.996 0.032 0.988 1.000 
0.011 0.996 0.040 0.990 0.921 
0.022 0.992 0.033 0.988 0.997 
0.015 0.998 0.030 0.990 1.000 
0.020 0.995 0.050 0.983 1.000 
0.033 0.993 0.061 0.985 0.909 
0.016 0.995 0.062 0.985 0.637 
0.020 0.996 0.036 0.988 0.875 
0.012 0.997 0.078 0.985 0.338 
0.018 0.995 0.040 0.988 1.000 
0.017 0.993 0.022 0.993 1.000 
0.008 0.999 0.031 0.993 0.994 
0.022 0.995 0.034 0.990 1.000 
0.028 0.994 0.048 0.983 1.000 
0.013 0.997 0.069 0.985 1.000 
0.011 0.997 0.036 0.990 1.000 
0.062 0.990 0.045 0.990 1.000 
0.016 0.996 0.033 0.990 1.000 
0.023 0.995 0.062 0.973 1.000 
0.019 0.996 0.053 0.988 1.000 
0.014 0.996 0.041 0.988 1.000 
0.015 0.996 0.081 0.973 1.000 
0.017 0.993 0.035 0.990 0.997 
0.014 0.995 0.033 0.990 0.997 
0.012 0.996 0.047 0.990 0.997 
0.022 0.998 0.040 0.990 1.000 
0.012 0.998 0.033 0.990 0.997 
0.021 0.995 0.058 0.988 1.000 
0.040 0.994 0.040 0.990 0.994 
0.022 0.995 0.039 0.988 1.000 
0.025 0.995 0.044 0.988 0.777 
0.022 0.993 0.064 0.980 0.985 
0.016 0.996 0.033 0.990 1.000 
0.023 0.993 0.040 0.988 1.000 
0.011 0.996 0.073 0.980 0.985 
0.025 0.993 0.035 0.988 0.966 
0.011 0.996 0.038 0.985 0.966 
0.016 0.995 0.039 0.985 1.000 
0.013 0.996 0.107 0.975 0.814 
0.019 0.995 0.036 0.990 0.848 
0.020 0.995 0.037 0.990 0.960 
0.031 0.993 0.029 0.990 1.000 
0.026 0.993 0.071 0.978 1.000 
0.022 0.995 0.044 0.985 1.000 
0.018 0.994 0.071 0.983 0.991 
0.015 0.996 0.038 0.988 0.997 
0.020 0.993 0.049 0.985 0.939 
0.012 0.998 0.031 0.988 0.991 
0.016 0.996 0.036 0.988 0.997 
0.024 0.993 0.060 0.983 1.000 
0.006 0.999 0.042 0.988 1.000 
0.026 0.994 0.041 0.985 1.000 
0.014 0.996 0.040 0.990 0.765 
0.027 0.995 0.030 0.990 1.000 
0.020 0.995 0.039 0.988 0.659 
0.013 0.998 0.059 0.985 1.000 
0.015 0.994 0.042 0.988 1.000 
0.045 0.985 0.057 0.980 0.963 
0.016 0.995 0.066 0.973 1.000 
0.016 0.994 0.034 0.988 1.000 
0.017 0.993 0.056 0.983 0.994 
0.017 0.996 0.080 0.973 0.966 
0.013 0.995 0.085 0.970 0.857 
0.018 0.994 0.051 0.985 0.985 
0.030 0.995 0.040 0.988 0.979 
0.008 0.998 0.028 0.990 0.973 
0.014 0.995 0.031 0.990 1.000 
0.009 0.997 0.045 0.985 1.000 
0.019 0.996 0.041 0.990 1.000 
0.018 0.995 0.036 0.990 1.000 
0.022 0.996 0.032 0.990 1.000 
0.020 0.995 0.043 0.990 1.000 
0.018 0.995 0.076 0.985 1.000 
0.005 0.999 0.047 0.990 1.000 
0.030 0.995 0.049 0.988 1.000 
0.014 0.995 0.035 0.990 0.997 
0.019 0.995 0.033 0.990 0.997 
0.020 0.995 0.050 0.985 1.000 
0.014 0.995 0.063 0.978 0.997 
0.019 0.992 0.047 0.985 0.997 
0.013 0.994 0.057 0.978 1.000 
0.014 0.993 0.079 0.980 1.000 
0.018 0.996 0.049 0.985 1.000 
0.014 0.996 0.041 0.988 0.997 
0.012 0.996 0.039 0.988 0.997 
0.022 0.993 0.035 0.988 1.000 
0.026 0.994 0.044 0.988 0.997 
0.018 0.995 0.061 0.985 1.000 
0.019 0.993 0.040 0.985 0.997 
0.017 0.995 0.054 0.985 0.985 
0.018 0.995 0.061 0.983 0.997 
0.012 0.996 0.035 0.985 1.000 
0.029 0.995 0.043 0.985 1.000 
0.012 0.995 0.040 0.988 1.000 
0.011 0.996 0.063 0.980 1.000 
0.014 0.995 0.069 0.978 0.985 
0.017 0.995 0.046 0.985 1.000 
0.023 0.993 0.056 0.983 1.000 
0.017 0.996 0.058 0.985 0.933 
0.013 0.994 0.033 0.988 0.997 
0.008 0.997 0.068 0.988 1.000 
0.010 0.996 0.072 0.985 1.000 
0.020 0.996 0.044 0.985 1.000 
0.009 0.998 0.047 0.985 1.000 
0.017 0.996 0.108 0.965 0.997 
0.029 0.994 0.048 0.983 1.000 
0.021 0.993 0.060 0.983 1.000 
0.017 0.994 0.034 0.990 1.000 
0.020 0.993 0.096 0.973 1.000 
0.019 0.995 0.034 0.990 1.000 
0.015 0.996 0.043 0.990 1.000 
0.015 0.996 0.041 0.988 1.000 
0.014 0.997 0.064 0.980 1.000 
0.019 0.995 0.062 0.988 1.000 
0.016 0.998 0.040 0.988 1.000 
0.007 0.996 0.080 0.980 1.000 
0.018 0.992 0.055 0.988 0.854 
0.010 0.997 0.058 0.985 1.000 
0.014 0.996 0.060 0.985 1.000 
0.019 0.995 0.061 0.980 1.000 
0.017 0.996 0.087 0.978 1.000 
0.006 0.998 0.103 0.973 0.994 
0.010 0.996 0.070 0.980 0.991 
0.013 0.996 0.035 0.990 0.973 
0.019 0.993 0.062 0.983 1.000 
0.026 0.993 0.055 0.983 1.000 
0.034 0.990 0.028 0.993 1.000 
0.025 0.996 0.045 0.988 1.000 
0.010 0.996 0.041 0.985 0.997 
0.013 0.995 0.096 0.970 0.997 
0.007 0.997 0.063 0.985 0.994 
0.016 0.995 0.034 0.990 0.994 
0.017 0.996 0.060 0.980 0.994 
0.015 0.996 0.030 0.990 1.000 
0.010 0.997 0.105 0.980 0.805 
0.018 0.997 0.064 0.983 1.000 
0.025 0.995 0.044 0.990 1.000 
0.021 0.994 0.046 0.988 1.000 
0.011 0.996 0.059 0.988 1.000 
0.011 0.996 0.037 0.990 0.954 
0.025 0.994 0.042 0.988 0.997 
0.017 0.996 0.093 0.983 0.918 
0.022 0.993 0.053 0.985 1.000 
0.015 0.996 0.036 0.990 1.000 
0.014 0.996 0.052 0.988 1.000 
0.021 0.992 0.039 0.988 0.960 
0.021 0.994 0.078 0.970 0.893 
0.008 0.996 0.036 0.988 0.893 
0.021 0.994 0.061 0.978 0.707 
0.012 0.998 0.027 0.993 0.863 
0.009 0.997 0.101 0.988 0.753 
0.013 0.996 0.061 0.985 0.738 
0.010 0.997 0.211 0.973 0.046 
0.024 0.995 0.117 0.958 0.991 
0.017 0.995 0.059 0.983 0.997 
0.014 0.997 0.051 0.985 0.982 
0.011 0.997 0.046 0.985 1.000 
0.014 0.995 0.040 0.988 1.000 
0.019 0.994 0.085 0.963 0.985 
0.010 0.996 0.049 0.985 0.936 
0.014 0.997 0.048 0.985 0.976 
0.010 0.996 0.042 0.985 0.973 
0.058 0.994 0.051 0.985 1.000 
0.014 0.998 0.044 0.988 1.000 
0.023 0.993 0.054 0.985 0.994 
0.009 0.997 0.038 0.990 1.000 
0.011 0.996 0.052 0.985 1.000 
0.012 0.996 0.049 0.985 0.997 
0.028 0.992 0.056 0.985 0.979 
0.015 0.997 0.043 0.990 0.982 
0.025 0.994 0.051 0.985 1.000 
0.011 0.995 0.046 0.988 1.000 
0.015 0.996 0.050 0.985 1.000 
0.016 0.995 0.045 0.988 1.000 
0.007 0.999 0.048 0.988 1.000 
0.016 0.995 0.047 0.988 1.000 
0.015 0.995 0.072 0.985 1.000 
0.025 0.995 0.051 0.978 1.000 
0.016 0.996 0.081 0.973 1.000 
0.009 0.998 0.062 0.983 1.000 
0.029 0.992 0.051 0.985 1.000 
0.011 0.995 0.057 0.985 0.973 
0.015 0.993 0.053 0.983 1.000 
0.012 0.995 0.058 0.985 1.000 
0.016 0.995 0.052 0.985 1.000 
0.017 0.997 0.088 0.983 1.000 
0.022 0.996 0.059 0.985 1.000 
0.019 0.996 0.030 0.990 1.000 
0.036 0.992 0.038 0.990 1.000 
0.019 0.993 0.077 0.973 1.000 
0.017 0.995 0.081 0.973 1.000 
0.039 0.994 0.053 0.985 1.000 
0.014 0.996 0.062 0.985 1.000 
0.021 0.995 0.089 0.973 1.000 
0.010 0.998 0.063 0.978 1.000 
0.016 0.995 0.050 0.985 1.000 
0.010 0.996 0.066 0.980 1.000 
0.015 0.995 0.056 0.985 1.000 
0.041 0.996 0.167 0.973 1.000 
0.015 0.998 0.052 0.985 1.000 
0.020 0.993 0.058 0.983 1.000 
0.024 0.992 0.079 0.973 1.000 
0.011 0.996 0.118 0.973 1.000 
0.015 0.995 0.095 0.973 1.000 
0.018 0.996 0.057 0.985 1.000 
0.010 0.998 0.046 0.985 1.000 
0.015 0.996 0.073 0.980 1.000 
0.005 0.998 0.071 0.980 1.000 
0.017 0.992 0.075 0.978 1.000 
0.015 0.995 0.045 0.988 0.994 
0.028 0.993 0.069 0.985 0.994 
0.016 0.995 0.142 0.958 0.994 
0.016 0.995 0.063 0.983 0.997 
0.014 0.995 0.037 0.990 0.957 
0.014 0.996 0.044 0.988 0.899 
0.021 0.993 0.039 0.988 0.863 
0.007 0.999 0.054 0.988 0.832 
0.015 0.998 0.035 0.988 0.744 
0.009 0.996 0.065 0.985 0.049 
0.022 0.993 0.029 0.990 0.982 
0.018 0.993 0.071 0.978 0.869 
0.011 0.998 0.057 0.985 0.921 
0.066 0.995 0.036 0.990 1.000 
0.014 0.995 0.056 0.985 0.976 
0.021 0.994 0.048 0.985 0.402 
0.019 0.995 0.052 0.985 0.976 
0.019 0.993 0.047 0.985 0.448 
0.007 0.998 0.044 0.985 0.579 
0.027 0.992 0.061 0.985 0.994 
0.021 0.995 0.075 0.975 0.915 
0.015 0.995 0.064 0.985 0.277 
0.008 0.998 0.069 0.985 0.110 
0.016 0.993 0.051 0.988 1.000 
0.009 0.996 0.056 0.985 1.000 
0.013 0.997 0.061 0.980 1.000 
0.019 0.995 0.067 0.975 0.991 
0.015 0.995 0.066 0.980 1.000 
0.013 0.996 0.057 0.975 1.000 
0.011 0.996 0.048 0.985 0.851 
0.008 0.997 0.049 0.985 0.427 
0.008 0.997 0.058 0.985 0.762 
0.014 0.995 0.035 0.985 0.994 
0.026 0.996 0.035 0.990 0.970 
0.016 0.994 0.042 0.985 0.835 
0.014 0.995 0.044 0.985 0.933 
0.013 0.996 0.054 0.985 0.823 
0.013 0.997 0.021 0.990 0.814 
0.019 0.993 0.040 0.985 1.000 
0.011 0.997 0.060 0.980 1.000 
0.015 0.995 0.099 0.975 0.524 
0.016 0.996 0.021 0.990 0.957 
0.010 0.996 0.057 0.985 0.707 
0.021 0.994 0.039 0.988 0.963 
0.012 0.998 0.042 0.985 0.997 
0.013 0.995 0.040 0.988 1.000 
0.019 0.995 0.077 0.973 0.750 
0.034 0.995 0.049 0.983 0.991 
0.014 0.996 0.041 0.988 0.997 
0.027 0.993 0.095 0.958 1.000 
0.027 0.993 0.052 0.988 0.640 
0.012 0.995 0.042 0.988 0.744 
0.013 0.996 0.040 0.990 0.720 
0.013 0.998 0.043 0.988 0.924 
0.015 0.996 0.053 0.988 0.796 
0.010 0.997 0.045 0.988 0.994 
0.020 0.995 0.052 0.988 0.994 
0.010 0.996 0.061 0.983 0.976 
0.028 0.993 0.043 0.990 0.997 
0.028 0.994 0.051 0.985 0.634 
0.011 0.995 0.047 0.988 0.866 
0.010 0.996 0.060 0.978 0.963 
0.012 0.996 0.031 0.990 0.838 
0.017 0.996 0.057 0.983 0.064 
0.013 0.994 0.048 0.985 0.759 
0.013 0.996 0.043 0.988 0.088 
0.019 0.995 0.043 0.988 0.698 
0.020 0.995 0.055 0.980 0.841 
0.010 0.995 0.054 0.988 0.262 
0.024 0.994 0.100 0.960 0.863 
0.011 0.996 0.037 0.985 0.716 
0.023 0.995 0.055 0.978 0.988 
0.007 0.998 0.050 0.985 0.970 
0.014 0.996 0.058 0.988 0.579 
0.007 0.998 0.035 0.990 1.000 
0.013 0.996 0.071 0.988 1.000 
0.021 0.995 0.035 0.988 1.000 
0.019 0.993 0.055 0.985 1.000 
0.031 0.995 0.044 0.985 0.994 
0.037 0.996 0.053 0.988 0.558 
0.017 0.995 0.044 0.985 0.799 
0.006 0.999 0.063 0.985 0.835 
0.008 0.998 0.081 0.978 0.997 
0.020 0.993 0.076 0.975 0.997 
0.029 0.993 0.062 0.985 0.878 
0.013 0.996 0.047 0.988 0.530 
0.024 0.993 0.045 0.985 0.729 
0.048 0.994 0.058 0.983 0.741 
0.027 0.995 0.063 0.978 0.985 
0.019 0.995 0.058 0.985 0.997 
0.028 0.995 0.069 0.985 0.753 
0.025 0.994 0.083 0.978 0.405 
0.018 0.995 0.139 0.980 0.756 
0.013 0.995 0.130 0.985 0.305 
0.017 0.996 0.031 0.990 0.872 
0.024 0.993 0.067 0.975 0.948 
0.018 0.996 0.045 0.985 0.915 
0.012 0.995 0.102 0.985 0.442 
0.034 0.992 0.074 0.975 0.966 
0.024 0.995 0.030 0.990 0.409 
0.010 0.995 0.069 0.988 0.149 
0.025 0.993 0.033 0.990 0.277 
0.012 0.998 0.081 0.973 0.540 
0.054 0.996 0.018 0.990 0.168 
0.008 0.997 0.057 0.990 0.027 
0.018 0.994 0.097 0.970 0.979 
0.019 0.994 0.038 0.988 0.784 
0.016 0.996 0.050 0.988 0.979 
0.019 0.995 0.032 0.990 0.997 
0.010 0.998 0.050 0.988 0.954 
0.014 0.996 0.051 0.990 1.000 
0.018 0.994 0.056 0.983 1.000 
0.011 0.997 0.054 0.985 1.000 
0.006 0.998 0.069 0.975 1.000 
0.022 0.993 0.051 0.983 1.000 
0.014 0.997 0.049 0.988 1.000 
0.015 0.996 0.071 0.980 0.912 
0.015 0.995 0.040 0.988 1.000 
0.009 0.998 0.062 0.980 1.000 
0.011 0.996 0.051 0.988 1.000 
0.012 0.996 0.039 0.988 1.000 
0.021 0.994 0.041 0.988 1.000 
0.012 0.995 0.033 0.990 0.994 
0.011 0.997 0.091 0.973 1.000 
0.017 0.994 0.054 0.983 0.994 
0.004 0.999 0.043 0.990 1.000 
0.008 0.997 0.074 0.973 0.997 
0.016 0.996 0.039 0.985 0.936 
0.027 0.992 0.068 0.973 0.994 
0.009 0.997 0.049 0.985 1.000 
0.016 0.997 0.057 0.985 0.988 
0.015 0.996 0.061 0.985 1.000 
0.020 0.996 0.049 0.988 0.997 
0.013 0.996 0.049 0.988 1.000 
0.021 0.992 0.048 0.985 0.997 
0.014 0.996 0.032 0.990 1.000 
0.010 0.997 0.043 0.988 1.000 
0.016 0.995 0.056 0.985 0.997 
0.055 0.992 0.040 0.988 1.000 
0.007 0.996 0.041 0.990 1.000 
0.014 0.997 0.027 0.990 1.000 
0.016 0.997 0.034 0.988 1.000 
0.009 0.997 0.046 0.988 1.000 
0.012 0.996 0.056 0.980 1.000 
0.006 0.998 0.084 0.975 1.000 
0.013 0.997 0.047 0.985 0.991 
0.021 0.995 0.081 0.975 0.979 
0.016 0.996 0.045 0.985 1.000 
0.014 0.993 0.057 0.985 1.000 
0.019 0.995 0.037 0.990 1.000 
0.009 0.998 0.036 0.990 1.000 
0.018 0.995 0.041 0.985 1.000 
0.019 0.996 0.063 0.988 1.000 
0.031 0.995 0.042 0.988 1.000 
0.012 0.996 0.050 0.988 1.000 
0.011 0.998 0.041 0.988 1.000 
0.020 0.995 0.044 0.985 1.000 
0.011 0.997 0.041 0.985 1.000 
0.029 0.994 0.069 0.978 1.000 
0.018 0.996 0.055 0.978 1.000 
0.024 0.993 0.057 0.985 1.000 
0.014 0.996 0.051 0.985 1.000 
0.006 0.999 0.072 0.975 1.000 
0.017 0.995 0.067 0.978 1.000 
0.008 0.998 0.077 0.978 1.000 
0.013 0.996 0.057 0.983 1.000 
0.024 0.995 0.051 0.985 1.000 
0.014 0.996 0.035 0.988 1.000 
0.011 0.996 0.048 0.985 1.000 
0.015 0.995 0.100 0.975 1.000 
0.008 0.998 0.071 0.978 1.000 
0.011 0.997 0.068 0.980 0.985 
0.019 0.993 0.067 0.978 1.000 
0.013 0.995 0.051 0.985 1.000 
0.010 0.998 0.042 0.985 1.000 
0.015 0.996 0.058 0.985 0.994 
0.010 0.998 0.055 0.985 1.000 
0.012 0.998 0.043 0.988 1.000 
0.008 0.998 0.033 0.990 1.000 
0.017 0.996 0.052 0.985 1.000 
0.012 0.996 0.054 0.988 1.000 
0.014 0.996 0.046 0.985 1.000 
0.012 0.995 0.073 0.990 1.000 
0.027 0.995 0.060 0.985 1.000 
0.047 0.996 0.176 0.948 0.820 
0.033 0.993 0.047 0.980 0.997 
0.005 0.999 0.044 0.988 1.000 
0.007 0.998 0.078 0.978 1.000 
0.018 0.996 0.062 0.980 1.000 
0.010 0.998 0.055 0.985 1.000 
0.020 0.993 0.066 0.980 1.000 
0.017 0.995 0.050 0.985 1.000 
0.025 0.993 0.039 0.988 1.000 
0.006 0.999 0.050 0.985 1.000 
0.009 0.997 0.050 0.985 1.000 
0.013 0.996 0.054 0.983 1.000 
0.011 0.998 0.041 0.990 1.000 
0.020 0.994 0.074 0.975 1.000 
0.018 0.992 0.068 0.980 1.000 
0.007 0.998 0.081 0.975 1.000 
0.015 0.996 0.064 0.985 1.000 
0.018 0.995 0.064 0.983 1.000 
0.009 0.998 0.080 0.988 1.000 
0.021 0.995 0.039 0.990 1.000 
0.011 0.996 0.067 0.988 1.000 
0.006 0.998 0.052 0.985 1.000 
0.005 0.998 0.035 0.990 1.000 
0.017 0.995 0.072 0.985 1.000 
0.031 0.993 0.094 0.975 1.000 
0.035 0.992 0.034 0.990 1.000 
0.009 0.997 0.035 0.990 1.000 
0.013 0.996 0.035 0.990 1.000 
0.014 0.995 0.037 0.990 0.988 
0.021 0.993 0.050 0.985 0.994 
0.024 0.995 0.050 0.988 0.808 
0.017 0.996 0.056 0.980 0.966 
0.015 0.996 0.064 0.978 0.948 
0.008 0.998 0.052 0.983 0.985 
0.034 0.992 0.053 0.985 0.845 
0.027 0.994 0.043 0.983 1.000 
0.018 0.995 0.054 0.985 0.997 
0.010 0.995 0.058 0.988 0.991 
0.012 0.996 0.072 0.980 0.991 
0.012 0.995 0.045 0.990 1.000 
0.023 0.996 0.049 0.983 1.000 
0.018 0.995 0.025 0.990 1.000 
0.018 0.996 0.075 0.978 0.997 
0.019 0.993 0.116 0.955 0.909 
0.011 0.996 0.061 0.983 0.747 
0.010 0.998 0.043 0.990 0.963 
0.032 0.993 0.049 0.988 0.994 
0.014 0.996 0.055 0.980 0.899 
0.011 0.998 0.031 0.990 0.954 
0.030 0.996 0.064 0.983 1.000 
0.010 0.997 0.080 0.975 1.000 
0.011 0.996 0.047 0.990 1.000 
0.015 0.995 0.052 0.988 0.991 
0.019 0.995 0.039 0.988 0.982 
0.010 0.997 0.034 0.990 1.000 
0.022 0.994 0.143 0.968 0.820 
0.006 0.997 0.037 0.985 0.997 
0.005 0.999 0.067 0.973 0.994 
0.007 0.998 0.074 0.970 1.000 
0.007 0.998 0.068 0.983 0.857 
0.008 0.998 0.033 0.990 0.991 
0.016 0.996 0.037 0.990 0.823 
0.031 0.991 0.028 0.990 0.860 
0.019 0.995 0.039 0.985 0.933 
0.010 0.996 0.040 0.988 0.579 
0.031 0.997 0.041 0.985 1.000 
0.015 0.995 0.051 0.988 0.643 
0.014 0.997 0.049 0.988 0.960 
0.024 0.992 0.050 0.985 0.957 
0.006 0.998 0.028 0.990 0.973 
0.031 0.993 0.062 0.980 1.000 
0.009 0.997 0.094 0.970 0.997 
0.012 0.997 0.085 0.973 1.000 
0.025 0.995 0.049 0.985 0.360 
0.011 0.997 0.056 0.983 0.966 
0.011 0.996 0.047 0.985 0.869 
0.013 0.996 0.054 0.985 0.759 
0.011 0.995 0.059 0.988 1.000 
0.008 0.998 0.049 0.985 1.000 
0.011 0.996 0.060 0.985 0.872 
0.015 0.996 0.081 0.973 0.951 
0.015 0.997 0.035 0.990 0.674 
0.010 0.998 0.041 0.988 0.759 
0.006 0.997 0.049 0.990 0.826 
0.017 0.995 0.076 0.973 0.692 
0.011 0.996 0.037 0.988 1.000 
0.026 0.994 0.047 0.988 0.997 
0.027 0.996 0.054 0.988 0.942 
0.017 0.995 0.059 0.985 0.985 
0.010 0.996 0.079 0.983 0.963 
0.004 0.998 0.066 0.985 0.887 
0.010 0.998 0.098 0.973 0.226 
0.028 0.994 0.062 0.983 0.963 
0.010 0.996 0.084 0.978 0.527 
0.013 0.995 0.048 0.988 0.960 
0.020 0.996 0.059 0.988 0.982 
0.014 0.996 0.040 0.988 0.982 
0.013 0.996 0.094 0.978 0.982 
0.019 0.996 0.057 0.988 1.000 
0.009 0.997 0.052 0.988 0.957 
0.013 0.996 0.071 0.983 0.982 
0.038 0.995 0.133 0.953 0.899 
0.009 0.997 0.049 0.988 0.979 
0.009 0.997 0.027 0.990 1.000 
0.014 0.998 0.096 0.968 0.973 
0.010 0.997 0.028 0.990 0.997 
0.022 0.992 0.057 0.985 1.000 
0.016 0.996 0.057 0.985 0.159 
0.065 0.995 0.066 0.983 0.936 
0.022 0.991 0.087 0.978 1.000 
0.018 0.995 0.048 0.988 0.994 
0.016 0.995 0.040 0.990 0.119 
0.017 0.995 0.119 0.968 0.598 
0.011 0.996 0.028 0.990 0.994 
0.011 0.996 0.054 0.980 0.985 
0.010 0.998 0.053 0.988 0.003 
0.016 0.994 0.047 0.990 0.064 
0.020 0.995 0.044 0.990 0.561 
0.010 0.997 0.048 0.990 0.854 
0.025 0.995 0.064 0.980 0.997 
0.010 0.997 0.046 0.988 1.000 
0.017 0.995 0.058 0.983 1.000 
0.012 0.996 0.030 0.990 0.985 
0.009 0.997 0.080 0.975 0.997 
0.015 0.996 0.047 0.988 0.994 
0.018 0.996 0.082 0.983 0.985 
0.018 0.998 0.062 0.985 0.982 
0.003 0.999 0.056 0.988 1.000 
