0.328 0.873 0.144 0.960 0.962 
0.209 0.923 0.102 0.968 0.972 
0.180 0.934 0.125 0.965 0.946 
0.168 0.940 0.126 0.968 0.962 
0.153 0.948 0.127 0.960 0.927 
0.135 0.958 0.155 0.958 0.981 
0.132 0.957 0.095 0.975 1.000 
0.120 0.955 0.143 0.953 0.991 
0.085 0.972 0.077 0.975 1.000 
0.092 0.971 0.102 0.968 0.943 
0.099 0.966 0.073 0.978 1.000 
0.086 0.972 0.087 0.965 0.927 
0.100 0.967 0.067 0.983 1.000 
0.085 0.972 0.073 0.978 0.981 
0.080 0.973 0.049 0.988 0.997 
0.082 0.975 0.076 0.973 1.000 
0.083 0.974 0.072 0.973 1.000 
0.089 0.969 0.068 0.980 1.000 
0.074 0.978 0.078 0.983 1.000 
0.082 0.978 0.073 0.985 1.000 
0.073 0.976 0.072 0.970 0.997 
0.076 0.974 0.093 0.970 1.000 
0.072 0.982 0.052 0.985 1.000 
0.069 0.981 0.046 0.988 0.994 
0.069 0.979 0.083 0.973 0.991 
0.060 0.980 0.067 0.978 0.991 
0.063 0.982 0.055 0.985 0.981 
0.062 0.985 0.053 0.983 0.997 
0.063 0.980 0.054 0.990 1.000 
0.064 0.978 0.051 0.993 0.987 
0.066 0.984 0.072 0.980 0.994 
0.052 0.983 0.041 0.988 0.851 
0.060 0.978 0.045 0.988 1.000 
0.066 0.978 0.045 0.990 0.997 
0.053 0.984 0.037 0.988 0.997 
0.054 0.984 0.044 0.988 0.984 
0.058 0.982 0.062 0.980 1.000 
0.048 0.985 0.066 0.975 1.000 
0.046 0.984 0.058 0.983 0.987 
0.050 0.985 0.053 0.988 0.991 
0.058 0.986 0.054 0.990 1.000 
0.068 0.978 0.045 0.988 0.861 
0.046 0.987 0.054 0.988 0.994 
0.053 0.988 0.036 0.993 0.987 
0.046 0.986 0.054 0.983 1.000 
0.050 0.986 0.036 0.993 0.965 
0.046 0.986 0.033 0.995 0.994 
0.048 0.985 0.043 0.985 1.000 
0.052 0.984 0.054 0.985 0.981 
0.060 0.980 0.044 0.988 1.000 
0.049 0.985 0.034 0.990 0.994 
0.049 0.990 0.047 0.990 0.994 
0.052 0.984 0.046 0.995 0.991 
0.041 0.989 0.039 0.993 0.813 
0.043 0.989 0.043 0.990 1.000 
0.047 0.988 0.046 0.990 0.981 
0.050 0.987 0.036 0.990 0.997 
0.063 0.984 0.048 0.985 0.994 
0.046 0.988 0.054 0.993 0.997 
0.043 0.989 0.042 0.985 1.000 
0.056 0.985 0.041 0.988 0.987 
0.060 0.982 0.051 0.983 0.978 
0.043 0.986 0.042 0.988 0.984 
0.046 0.985 0.047 0.985 0.991 
0.051 0.985 0.039 0.988 0.965 
0.039 0.989 0.041 0.988 0.994 
0.044 0.988 0.058 0.985 0.987 
0.041 0.988 0.058 0.978 0.991 
0.051 0.987 0.039 0.990 0.994 
0.041 0.989 0.052 0.985 0.991 
0.053 0.985 0.050 0.985 0.503 
0.041 0.988 0.045 0.980 0.997 
0.043 0.988 0.040 0.993 0.497 
0.046 0.984 0.065 0.978 0.750 
0.036 0.991 0.029 0.995 1.000 
0.045 0.984 0.028 0.993 0.991 
0.041 0.989 0.038 0.988 0.994 
0.051 0.986 0.030 0.993 0.991 
0.033 0.988 0.025 0.993 0.991 
0.041 0.988 0.039 0.985 0.978 
0.035 0.991 0.038 0.990 0.991 
0.039 0.988 0.040 0.988 0.997 
0.037 0.989 0.032 0.993 0.991 
0.032 0.991 0.031 0.993 1.000 
0.036 0.989 0.038 0.988 0.994 
0.037 0.988 0.037 0.993 0.997 
0.033 0.990 0.044 0.985 0.994 
0.036 0.993 0.051 0.985 0.997 
0.031 0.989 0.028 0.995 0.975 
0.064 0.983 0.043 0.988 0.984 
0.034 0.992 0.027 0.995 0.994 
0.040 0.987 0.034 0.995 0.997 
0.036 0.990 0.034 0.993 0.994 
0.041 0.986 0.037 0.990 0.991 
0.039 0.990 0.055 0.980 1.000 
0.035 0.990 0.028 0.995 0.994 
0.027 0.992 0.032 0.990 0.981 
0.033 0.991 0.030 0.990 0.978 
0.030 0.991 0.046 0.990 0.975 
0.039 0.992 0.036 0.988 0.984 
0.049 0.985 0.044 0.988 0.984 
0.042 0.988 0.054 0.983 0.994 
0.033 0.989 0.026 0.995 0.994 
0.030 0.993 0.030 0.990 0.994 
0.028 0.991 0.036 0.988 0.994 
0.037 0.989 0.035 0.988 0.987 
0.031 0.993 0.038 0.988 0.994 
0.035 0.989 0.041 0.990 0.997 
0.032 0.991 0.034 0.990 1.000 
0.036 0.990 0.035 0.990 0.994 
0.035 0.991 0.032 0.990 1.000 
0.036 0.991 0.045 0.988 0.978 
0.020 0.995 0.036 0.990 0.994 
0.040 0.989 0.035 0.988 0.991 
0.033 0.991 0.047 0.988 0.994 
0.041 0.988 0.040 0.988 0.997 
0.028 0.991 0.040 0.988 0.991 
0.048 0.989 0.031 0.993 0.956 
0.033 0.990 0.038 0.993 0.911 
0.033 0.990 0.067 0.975 0.978 
0.034 0.990 0.035 0.988 1.000 
0.033 0.991 0.044 0.988 0.984 
0.030 0.993 0.039 0.985 0.981 
0.030 0.991 0.033 0.990 0.984 
0.029 0.990 0.022 0.995 0.991 
0.027 0.993 0.038 0.988 0.994 
0.037 0.988 0.039 0.988 0.788 
0.048 0.986 0.018 0.993 0.994 
0.028 0.992 0.033 0.988 1.000 
0.032 0.991 0.031 0.988 0.991 
0.019 0.993 0.025 0.993 0.994 
0.042 0.989 0.054 0.988 0.978 
0.025 0.994 0.051 0.988 0.959 
0.027 0.993 0.039 0.990 0.861 
0.035 0.992 0.032 0.990 0.991 
0.031 0.992 0.030 0.990 0.987 
0.031 0.991 0.027 0.990 0.927 
0.031 0.991 0.039 0.988 0.984 
0.031 0.992 0.039 0.988 0.972 
0.024 0.993 0.031 0.993 0.984 
0.034 0.992 0.036 0.988 0.981 
0.031 0.991 0.036 0.990 0.870 
0.021 0.995 0.023 0.993 0.994 
0.047 0.988 0.037 0.990 0.959 
0.028 0.992 0.037 0.990 0.968 
0.047 0.989 0.041 0.988 1.000 
0.025 0.994 0.037 0.988 0.994 
0.033 0.991 0.033 0.988 0.997 
0.026 0.990 0.042 0.988 0.956 
0.036 0.991 0.032 0.993 0.997 
0.018 0.996 0.025 0.993 0.991 
0.038 0.989 0.042 0.988 0.984 
0.032 0.990 0.034 0.990 0.911 
0.039 0.991 0.041 0.990 0.965 
0.031 0.992 0.040 0.990 0.864 
0.020 0.994 0.029 0.995 0.984 
0.024 0.995 0.027 0.995 0.994 
0.025 0.993 0.039 0.990 1.000 
0.029 0.993 0.031 0.990 0.994 
0.024 0.991 0.025 0.995 0.984 
0.029 0.991 0.027 0.993 0.991 
0.026 0.993 0.028 0.990 0.994 
0.027 0.994 0.033 0.990 0.994 
0.027 0.994 0.039 0.988 0.987 
0.025 0.994 0.033 0.988 0.994 
0.028 0.991 0.036 0.990 0.991 
0.019 0.995 0.020 0.995 0.997 
0.027 0.993 0.029 0.995 1.000 
0.034 0.991 0.057 0.995 0.997 
0.033 0.991 0.034 0.995 0.991 
0.035 0.991 0.029 0.998 0.981 
0.018 0.995 0.020 0.998 0.956 
0.030 0.992 0.036 0.990 0.978 
0.044 0.988 0.037 0.990 0.981 
0.033 0.990 0.031 0.993 0.984 
0.034 0.990 0.036 0.988 0.997 
0.042 0.990 0.038 0.990 0.984 
0.027 0.993 0.032 0.993 0.984 
0.027 0.993 0.032 0.990 0.984 
0.030 0.990 0.033 0.990 0.997 
0.031 0.992 0.027 0.993 0.997 
0.017 0.997 0.025 0.993 0.997 
0.038 0.986 0.030 0.990 0.978 
0.026 0.994 0.025 0.993 1.000 
0.033 0.991 0.032 0.993 0.991 
0.021 0.994 0.035 0.990 0.987 
0.028 0.991 0.041 0.988 0.981 
0.025 0.994 0.035 0.988 0.994 
0.021 0.995 0.039 0.988 0.987 
0.034 0.992 0.028 0.995 0.994 
0.026 0.995 0.032 0.990 0.987 
0.021 0.995 0.028 0.990 0.994 
0.023 0.994 0.029 0.995 0.997 
0.031 0.989 0.042 0.988 0.984 
0.032 0.991 0.030 0.990 0.994 
0.032 0.989 0.029 0.990 0.997 
0.023 0.994 0.036 0.990 0.997 
0.023 0.994 0.032 0.990 0.987 
0.025 0.993 0.035 0.990 0.984 
0.028 0.990 0.027 0.993 0.991 
0.024 0.992 0.032 0.993 0.984 
0.028 0.992 0.046 0.988 0.972 
0.022 0.994 0.028 0.990 0.984 
0.030 0.991 0.025 0.993 1.000 
0.036 0.989 0.038 0.990 0.984 
0.030 0.991 0.032 0.990 0.997 
0.029 0.992 0.031 0.988 0.994 
0.026 0.993 0.065 0.990 0.987 
0.019 0.994 0.023 0.993 0.987 
0.033 0.991 0.036 0.988 0.984 
0.031 0.992 0.050 0.980 0.984 
0.016 0.995 0.056 0.988 0.991 
0.029 0.990 0.034 0.990 0.994 
0.024 0.993 0.039 0.988 0.987 
0.026 0.991 0.025 0.993 0.994 
0.032 0.993 0.046 0.988 0.994 
0.018 0.995 0.021 0.993 0.994 
0.026 0.994 0.033 0.990 0.747 
0.019 0.996 0.017 0.995 0.994 
0.042 0.989 0.033 0.990 0.864 
0.017 0.995 0.029 0.993 0.997 
0.030 0.995 0.025 0.988 0.994 
0.038 0.988 0.019 0.998 0.994 
0.025 0.993 0.040 0.988 0.997 
0.023 0.994 0.026 0.990 0.981 
0.033 0.991 0.030 0.990 0.984 
0.026 0.993 0.028 0.990 0.984 
0.018 0.993 0.016 0.998 0.994 
0.019 0.993 0.026 0.990 0.997 
0.027 0.995 0.023 0.995 0.997 
0.031 0.991 0.022 0.998 1.000 
0.025 0.993 0.029 0.990 0.984 
0.030 0.989 0.026 0.990 0.994 
0.023 0.994 0.035 0.990 0.987 
0.023 0.993 0.032 0.990 0.987 
0.019 0.995 0.021 0.990 0.997 
0.026 0.992 0.030 0.988 0.987 
0.041 0.990 0.037 0.990 0.991 
0.027 0.990 0.029 0.990 0.997 
0.024 0.992 0.028 0.990 0.987 
0.028 0.992 0.033 0.990 0.997 
0.026 0.993 0.033 0.990 0.984 
0.018 0.995 0.022 0.993 0.994 
0.029 0.991 0.029 0.993 0.997 
0.024 0.993 0.028 0.990 0.987 
0.042 0.990 0.027 0.993 0.997 
0.025 0.993 0.035 0.990 0.997 
0.027 0.994 0.037 0.990 0.921 
0.030 0.989 0.039 0.990 0.965 
0.030 0.991 0.024 0.993 0.975 
0.017 0.996 0.026 0.990 0.978 
0.028 0.991 0.024 0.995 0.994 
0.024 0.991 0.028 0.995 0.991 
0.024 0.993 0.028 0.990 0.994 
0.028 0.992 0.030 0.990 0.987 
0.027 0.993 0.032 0.990 0.987 
0.026 0.992 0.033 0.990 0.987 
0.026 0.993 0.038 0.988 0.984 
0.024 0.992 0.057 0.978 0.984 
0.031 0.990 0.106 0.968 0.968 
0.020 0.996 0.042 0.988 0.987 
0.023 0.991 0.030 0.990 0.984 
0.031 0.992 0.043 0.990 0.984 
0.020 0.995 0.028 0.990 0.984 
0.016 0.991 0.028 0.990 0.987 
0.030 0.991 0.025 0.990 0.991 
0.023 0.995 0.027 0.993 0.991 
0.026 0.992 0.026 0.990 0.997 
0.029 0.991 0.037 0.995 0.984 
0.020 0.993 0.018 0.995 0.991 
0.028 0.991 0.017 0.998 0.987 
0.029 0.989 0.022 0.990 0.987 
0.036 0.991 0.022 0.990 0.984 
0.030 0.993 0.020 0.995 0.886 
0.031 0.990 0.024 0.990 0.981 
0.031 0.990 0.025 0.990 0.981 
0.022 0.995 0.012 0.998 0.991 
0.023 0.994 0.020 0.998 0.984 
0.017 0.996 0.020 0.993 0.984 
0.020 0.993 0.037 0.990 0.987 
0.021 0.993 0.048 0.993 0.987 
0.029 0.993 0.032 0.988 0.991 
0.019 0.994 0.025 0.990 0.987 
0.018 0.995 0.020 0.993 0.991 
0.019 0.996 0.018 0.995 0.987 
0.026 0.993 0.054 0.980 0.984 
0.022 0.993 0.023 0.990 0.991 
0.018 0.994 0.024 0.993 0.994 
0.018 0.994 0.028 0.990 0.997 
0.027 0.993 0.032 0.990 0.984 
0.013 0.995 0.030 0.993 0.981 
0.024 0.991 0.029 0.990 0.972 
0.021 0.994 0.047 0.993 0.987 
0.069 0.986 0.037 0.990 0.984 
0.015 0.997 0.023 0.993 0.994 
0.021 0.995 0.018 0.993 0.994 
0.020 0.995 0.047 0.988 0.981 
0.024 0.994 0.026 0.990 0.987 
0.018 0.994 0.020 0.993 0.987 
0.022 0.994 0.053 0.988 0.962 
0.032 0.989 0.030 0.993 0.987 
0.024 0.993 0.032 0.990 0.987 
0.023 0.993 0.033 0.990 0.981 
0.025 0.991 0.022 0.990 0.987 
0.020 0.993 0.021 0.993 0.987 
0.018 0.995 0.023 0.993 0.987 
0.030 0.993 0.043 0.990 0.987 
0.018 0.996 0.020 0.993 0.987 
0.030 0.991 0.037 0.988 0.987 
0.026 0.992 0.011 0.998 0.994 
0.025 0.992 0.041 0.990 0.991 
0.014 0.996 0.033 0.990 0.994 
0.016 0.996 0.033 0.990 0.994 
0.021 0.994 0.035 0.990 0.994 
0.023 0.995 0.019 0.993 0.994 
0.033 0.989 0.040 0.988 0.994 
0.013 0.997 0.017 0.993 0.994 
0.014 0.995 0.032 0.990 0.994 
0.032 0.991 0.022 0.995 0.994 
0.012 0.997 0.018 0.995 0.994 
0.018 0.994 0.029 0.990 1.000 
0.017 0.995 0.022 0.993 0.994 
0.021 0.993 0.028 0.990 0.994 
0.013 0.995 0.022 0.993 0.994 
0.023 0.994 0.021 0.998 0.997 
0.028 0.993 0.018 0.995 0.994 
0.019 0.994 0.025 0.998 0.994 
0.017 0.995 0.018 0.998 0.994 
0.024 0.991 0.020 0.995 0.994 
0.015 0.997 0.018 0.993 0.994 
0.024 0.994 0.018 0.995 0.997 
0.017 0.996 0.037 0.990 0.994 
0.019 0.994 0.058 0.988 0.987 
0.024 0.993 0.017 0.993 0.981 
0.018 0.997 0.016 0.998 0.987 
0.020 0.995 0.026 0.990 0.953 
0.016 0.996 0.019 0.995 0.984 
0.038 0.988 0.015 0.995 0.994 
0.019 0.992 0.021 0.993 0.978 
0.024 0.993 0.025 0.990 0.987 
0.017 0.994 0.021 0.993 0.994 
0.016 0.998 0.022 0.990 0.991 
0.024 0.991 0.024 0.993 0.991 
0.009 0.998 0.017 0.993 0.991 
0.024 0.994 0.044 0.985 0.908 
0.016 0.994 0.030 0.990 0.981 
0.020 0.993 0.018 0.995 0.991 
0.031 0.992 0.040 0.995 0.991 
0.021 0.994 0.022 0.995 0.984 
0.020 0.991 0.026 0.990 0.981 
0.027 0.994 0.022 0.995 0.978 
0.020 0.995 0.029 0.988 0.984 
0.011 0.997 0.035 0.990 0.975 
0.010 0.995 0.039 0.990 0.991 
0.015 0.997 0.043 0.990 0.981 
0.026 0.995 0.022 0.993 0.987 
0.022 0.994 0.030 0.990 0.994 
0.020 0.995 0.020 0.995 0.984 
0.021 0.993 0.028 0.990 0.915 
0.018 0.995 0.022 0.990 0.987 
0.019 0.995 0.030 0.990 0.972 
0.024 0.995 0.028 0.990 0.987 
0.018 0.995 0.025 0.990 0.991 
0.021 0.994 0.033 0.990 0.706 
0.030 0.989 0.032 0.990 0.975 
0.022 0.995 0.028 0.993 0.997 
0.032 0.993 0.031 0.995 0.956 
0.016 0.995 0.030 0.990 0.965 
0.025 0.994 0.017 0.995 0.997 
0.026 0.991 0.027 0.990 0.987 
0.021 0.994 0.033 0.990 0.994 
0.027 0.994 0.040 0.990 0.915 
0.025 0.991 0.023 0.990 0.975 
0.032 0.992 0.039 0.993 0.994 
0.020 0.995 0.033 0.990 0.981 
0.017 0.995 0.022 0.993 0.994 
0.014 0.995 0.021 0.990 0.981 
0.023 0.994 0.028 0.993 0.968 
0.030 0.992 0.034 0.988 0.991 
0.016 0.994 0.014 0.995 0.987 
0.012 0.998 0.044 0.990 0.873 
0.022 0.993 0.024 0.990 0.987 
0.016 0.996 0.022 0.995 0.991 
0.016 0.993 0.027 0.990 0.940 
0.014 0.994 0.022 0.993 0.984 
0.021 0.994 0.025 0.990 0.991 
0.021 0.993 0.033 0.988 0.975 
0.020 0.995 0.026 0.990 0.981 
0.029 0.993 0.027 0.990 0.953 
0.021 0.996 0.034 0.988 0.905 
0.018 0.995 0.036 0.988 0.968 
0.014 0.994 0.019 0.995 0.991 
0.017 0.994 0.032 0.990 0.576 
0.033 0.993 0.026 0.990 0.997 
0.017 0.997 0.027 0.990 0.972 
0.036 0.991 0.025 0.993 0.987 
0.026 0.993 0.019 0.993 0.991 
0.019 0.992 0.032 0.990 0.991 
0.017 0.996 0.021 0.990 0.984 
0.023 0.991 0.018 0.998 0.972 
0.013 0.997 0.018 0.995 0.930 
0.025 0.993 0.036 0.990 0.174 
0.018 0.993 0.022 0.998 0.981 
0.020 0.994 0.023 0.995 0.949 
0.022 0.993 0.027 0.990 0.994 
0.014 0.995 0.057 0.990 0.994 
0.022 0.991 0.022 0.995 0.924 
0.013 0.995 0.027 0.990 0.994 
0.014 0.996 0.027 0.993 0.997 
0.023 0.994 0.061 0.988 0.991 
0.025 0.991 0.031 0.993 0.975 
0.018 0.997 0.033 0.993 0.991 
0.011 0.996 0.033 0.995 0.987 
0.021 0.996 0.028 0.993 0.991 
0.020 0.993 0.047 0.990 0.972 
0.029 0.991 0.035 0.990 0.981 
0.021 0.994 0.029 0.990 0.994 
0.015 0.994 0.061 0.975 0.997 
0.014 0.995 0.033 0.990 0.984 
0.015 0.995 0.028 0.990 0.991 
0.012 0.997 0.045 0.990 1.000 
0.021 0.994 0.037 0.990 0.994 
0.039 0.991 0.029 0.990 0.994 
0.031 0.995 0.055 0.990 0.984 
0.020 0.995 0.032 0.990 0.991 
0.018 0.995 0.027 0.993 0.994 
0.020 0.994 0.035 0.988 0.991 
0.016 0.993 0.031 0.990 0.987 
0.011 0.995 0.046 0.990 0.987 
0.033 0.993 0.032 0.990 0.994 
0.020 0.995 0.031 0.990 0.997 
0.024 0.992 0.034 0.990 0.981 
0.014 0.996 0.041 0.990 0.984 
0.024 0.993 0.033 0.990 0.987 
0.020 0.993 0.026 0.993 0.987 
0.016 0.994 0.024 0.993 0.987 
0.015 0.997 0.031 0.990 0.987 
0.024 0.992 0.034 0.990 0.987 
0.023 0.996 0.032 0.990 0.987 
0.023 0.992 0.024 0.993 0.987 
0.017 0.994 0.020 0.995 0.987 
0.052 0.991 0.072 0.990 0.987 
0.010 0.997 0.065 0.990 0.987 
0.018 0.995 0.037 0.990 0.987 
0.031 0.991 0.035 0.990 0.987 
0.014 0.995 0.041 0.990 0.987 
0.025 0.992 0.031 0.990 0.987 
0.023 0.994 0.022 0.990 0.991 
0.015 0.995 0.025 0.993 0.997 
0.031 0.993 0.029 0.990 0.991 
0.024 0.993 0.032 0.990 0.991 
0.021 0.995 0.023 0.993 0.991 
0.016 0.995 0.021 0.995 0.987 
0.012 0.997 0.018 0.995 0.994 
0.025 0.991 0.028 0.990 0.978 
0.018 0.997 0.026 0.990 0.994 
0.022 0.993 0.027 0.990 0.991 
0.017 0.995 0.019 0.998 0.987 
0.019 0.994 0.024 0.993 0.991 
0.015 0.997 0.027 0.990 0.991 
0.015 0.998 0.024 0.990 0.991 
0.025 0.994 0.037 0.990 0.987 
0.018 0.994 0.033 0.990 0.991 
0.011 0.997 0.049 0.990 0.981 
0.027 0.991 0.029 0.990 0.991 
0.017 0.992 0.020 0.995 0.997 
0.026 0.990 0.028 0.990 0.994 
0.019 0.993 0.026 0.990 0.987 
0.025 0.994 0.028 0.990 0.987 
0.017 0.997 0.026 0.990 0.991 
0.014 0.995 0.027 0.990 0.991 
0.014 0.994 0.026 0.995 0.991 
0.020 0.995 0.032 0.993 0.994 
0.023 0.994 0.023 0.995 0.994 
0.025 0.995 0.025 0.993 0.991 
0.037 0.991 0.044 0.988 0.997 
0.018 0.995 0.030 0.990 0.994 
0.026 0.994 0.035 0.990 0.991 
0.010 0.996 0.039 0.993 0.991 
0.021 0.994 0.035 0.990 0.984 
0.016 0.995 0.029 0.990 0.994 
0.010 0.995 0.029 0.990 0.994 
0.023 0.992 0.030 0.990 0.991 
0.018 0.993 0.036 0.993 0.994 
0.020 0.996 0.036 0.990 0.991 
0.028 0.991 0.040 0.988 0.987 
0.022 0.994 0.028 0.990 0.987 
0.016 0.995 0.028 0.990 0.991 
0.023 0.997 0.033 0.990 0.991 
0.017 0.993 0.029 0.990 0.991 
0.012 0.995 0.032 0.990 0.991 
0.016 0.994 0.027 0.993 0.991 
0.027 0.992 0.024 0.995 0.994 
0.019 0.994 0.035 0.990 0.965 
0.016 0.995 0.030 0.990 0.987 
0.029 0.993 0.037 0.990 0.984 
0.019 0.994 0.031 0.990 0.984 
0.019 0.995 0.042 0.990 0.965 
0.028 0.995 0.029 0.990 0.991 
0.015 0.997 0.033 0.990 0.991 
0.014 0.995 0.022 0.993 0.987 
0.020 0.997 0.030 0.993 0.984 
0.024 0.993 0.030 0.990 0.991 
0.012 0.996 0.033 0.993 0.997 
0.028 0.992 0.021 0.993 0.994 
0.019 0.993 0.034 0.990 0.997 
0.012 0.997 0.033 0.990 0.997 
0.018 0.993 0.036 0.990 0.987 
0.018 0.997 0.027 0.993 0.987 
0.019 0.994 0.031 0.990 0.991 
0.015 0.994 0.030 0.990 0.994 
0.017 0.996 0.036 0.988 0.991 
0.021 0.993 0.021 0.990 0.991 
0.020 0.994 0.029 0.990 0.991 
0.014 0.995 0.062 0.988 0.987 
0.019 0.994 0.023 0.990 0.991 
0.013 0.996 0.024 0.993 0.991 
0.015 0.995 0.023 0.993 0.987 
0.018 0.995 0.015 0.998 0.991 
0.019 0.996 0.030 0.990 0.987 
0.021 0.993 0.022 0.993 0.994 
0.018 0.994 0.026 0.990 0.981 
0.022 0.995 0.027 0.990 0.981 
0.006 0.997 0.020 0.993 0.991 
0.018 0.994 0.029 0.990 0.987 
0.011 0.997 0.080 0.990 0.873 
0.017 0.994 0.086 0.990 0.965 
0.018 0.996 0.027 0.993 0.981 
0.015 0.997 0.032 0.990 0.987 
0.022 0.994 0.019 0.993 0.987 
0.009 0.998 0.032 0.990 0.994 
0.021 0.995 0.020 0.995 0.994 
0.013 0.997 0.039 0.990 0.972 
0.029 0.995 0.020 0.993 0.991 
0.041 0.993 0.026 0.993 0.991 
0.018 0.994 0.040 0.988 0.984 
0.020 0.994 0.026 0.990 0.991 
0.019 0.993 0.040 0.990 0.981 
0.015 0.994 0.040 0.990 0.984 
0.013 0.997 0.021 0.990 0.994 
0.013 0.997 0.033 0.990 0.987 
0.020 0.993 0.025 0.990 0.987 
0.015 0.994 0.034 0.990 0.981 
0.021 0.994 0.033 0.990 0.981 
0.022 0.994 0.026 0.993 0.994 
0.020 0.993 0.023 0.995 0.997 
0.024 0.995 0.032 0.990 0.984 
0.021 0.995 0.038 0.990 0.991 
0.016 0.996 0.026 0.990 0.987 
0.025 0.993 0.031 0.990 0.987 
0.006 0.997 0.021 0.995 0.991 
0.023 0.996 0.020 0.995 0.987 
0.007 0.998 0.035 0.990 0.987 
0.016 0.995 0.024 0.993 0.987 
0.015 0.997 0.033 0.990 0.934 
0.008 0.997 0.043 0.988 0.987 
0.016 0.997 0.027 0.990 0.987 
0.018 0.993 0.035 0.990 0.987 
0.017 0.994 0.047 0.990 0.984 
0.023 0.992 0.023 0.990 0.994 
0.017 0.994 0.030 0.990 0.987 
0.020 0.994 0.032 0.990 0.994 
0.021 0.995 0.038 0.988 0.978 
0.028 0.994 0.036 0.990 0.987 
0.020 0.995 0.048 0.988 0.991 
0.014 0.995 0.035 0.990 0.984 
0.015 0.997 0.030 0.993 0.987 
0.019 0.994 0.031 0.990 0.997 
0.023 0.995 0.029 0.990 0.987 
0.016 0.997 0.041 0.990 0.978 
0.014 0.996 0.025 0.990 0.984 
0.018 0.995 0.024 0.990 0.981 
0.026 0.994 0.034 0.990 0.927 
0.008 0.999 0.041 0.990 0.851 
0.011 0.997 0.017 0.995 0.994 
0.025 0.993 0.030 0.990 0.994 
0.013 0.995 0.020 0.995 0.997 
0.017 0.995 0.041 0.990 0.991 
0.016 0.995 0.018 0.998 0.991 
0.020 0.995 0.032 0.990 0.987 
0.017 0.997 0.040 0.988 0.987 
0.022 0.994 0.030 0.990 0.987 
0.022 0.997 0.032 0.990 0.987 
0.020 0.995 0.030 0.990 0.987 
0.011 0.996 0.072 0.990 0.978 
0.028 0.994 0.036 0.990 0.896 
0.014 0.994 0.031 0.990 0.953 
0.020 0.993 0.024 0.990 0.975 
0.015 0.995 0.044 0.990 0.959 
0.014 0.995 0.027 0.990 0.975 
0.010 0.997 0.025 0.990 0.981 
0.020 0.994 0.035 0.990 0.949 
0.011 0.996 0.036 0.990 0.984 
0.018 0.997 0.021 0.993 0.987 
0.014 0.996 0.020 0.993 0.991 
0.013 0.997 0.019 0.995 0.991 
0.018 0.996 0.024 0.990 0.984 
0.016 0.997 0.034 0.990 0.978 
0.019 0.993 0.036 0.990 0.987 
0.017 0.995 0.033 0.990 0.984 
0.009 0.998 0.024 0.993 0.991 
0.021 0.995 0.045 0.990 0.984 
0.026 0.994 0.024 0.993 0.987 
0.013 0.996 0.021 0.995 0.987 
0.024 0.993 0.019 0.993 0.987 
0.018 0.994 0.021 0.995 0.991 
0.020 0.993 0.029 0.990 0.987 
0.024 0.993 0.026 0.990 0.991 
0.030 0.991 0.029 0.990 0.994 
0.014 0.995 0.034 0.990 0.987 
0.027 0.992 0.036 0.990 0.984 
0.019 0.995 0.045 0.990 0.978 
0.021 0.993 0.018 0.995 0.991 
0.018 0.993 0.032 0.990 0.984 
0.011 0.997 0.034 0.990 0.991 
0.027 0.991 0.026 0.990 0.994 
0.011 0.995 0.058 0.990 0.994 
0.030 0.993 0.034 0.990 0.991 
0.045 0.994 0.079 0.993 1.000 
0.022 0.993 0.024 0.990 0.987 
0.007 0.997 0.036 0.990 0.991 
0.014 0.994 0.034 0.990 0.994 
0.024 0.995 0.025 0.990 0.994 
0.014 0.995 0.021 0.990 0.991 
0.014 0.995 0.024 0.990 0.991 
0.019 0.996 0.020 0.993 0.994 
0.023 0.995 0.030 0.990 0.994 
0.021 0.993 0.033 0.990 0.994 
0.017 0.995 0.031 0.990 0.994 
0.014 0.997 0.036 0.990 0.994 
0.011 0.995 0.026 0.990 0.994 
0.011 0.996 0.026 0.990 0.984 
0.025 0.991 0.031 0.990 0.978 
0.018 0.994 0.032 0.990 0.975 
0.021 0.996 0.038 0.990 0.978 
0.020 0.994 0.025 0.990 0.994 
0.014 0.996 0.021 0.993 0.994 
0.018 0.994 0.023 0.993 0.987 
0.016 0.996 0.033 0.990 0.991 
0.020 0.995 0.015 0.998 0.994 
0.023 0.995 0.035 0.990 0.984 
0.013 0.996 0.042 0.990 0.994 
0.026 0.998 0.034 0.990 0.994 
0.012 0.997 0.026 0.990 0.994 
0.031 0.990 0.022 0.990 0.991 
0.017 0.995 0.020 0.993 0.994 
0.027 0.993 0.020 0.995 0.994 
0.019 0.997 0.038 0.990 0.991 
0.013 0.996 0.035 0.990 0.981 
0.014 0.997 0.033 0.990 0.994 
0.016 0.995 0.031 0.990 0.994 
0.017 0.995 0.024 0.990 0.987 
0.010 0.997 0.040 0.998 0.994 
0.033 0.993 0.039 0.990 0.994 
0.006 0.997 0.033 0.990 0.984 
0.012 0.997 0.035 0.990 1.000 
0.031 0.993 0.041 0.990 0.997 
0.019 0.994 0.027 0.990 0.997 
0.018 0.995 0.033 0.990 0.994 
0.016 0.997 0.034 0.990 0.994 
0.019 0.994 0.035 0.990 0.997 
0.016 0.994 0.034 0.990 0.994 
0.016 0.994 0.056 0.990 0.984 
0.011 0.997 0.046 0.990 0.984 
0.016 0.995 0.041 0.990 0.984 
0.019 0.994 0.034 0.990 0.987 
0.015 0.996 0.024 0.993 0.994 
0.016 0.996 0.036 0.990 0.987 
0.022 0.994 0.030 0.990 0.991 
0.019 0.996 0.022 0.993 0.994 
0.017 0.993 0.047 0.990 0.987 
0.010 0.997 0.042 0.990 0.994 
0.022 0.996 0.033 0.990 0.991 
0.006 0.998 0.037 0.990 0.991 
0.018 0.994 0.028 0.990 0.991 
0.015 0.994 0.036 0.990 0.997 
0.022 0.994 0.038 0.990 0.991 
0.022 0.996 0.035 0.990 0.991 
0.012 0.997 0.038 0.990 0.994 
0.013 0.996 0.023 0.993 0.987 
0.016 0.994 0.030 0.990 0.981 
0.027 0.993 0.033 0.990 0.994 
0.013 0.995 0.030 0.990 0.987 
0.021 0.994 0.024 0.990 0.987 
0.013 0.996 0.045 0.990 0.994 
0.015 0.994 0.022 0.990 0.984 
0.022 0.993 0.025 0.993 0.994 
0.017 0.994 0.045 0.990 0.972 
0.015 0.995 0.033 0.990 0.991 
0.029 0.996 0.019 0.995 0.987 
0.015 0.993 0.034 0.990 0.997 
0.010 0.997 0.025 0.995 0.984 
0.017 0.994 0.040 0.990 0.991 
0.022 0.993 0.031 0.990 0.987 
0.019 0.994 0.032 0.990 0.981 
0.015 0.997 0.023 0.990 0.984 
0.027 0.997 0.029 0.993 0.987 
0.016 0.996 0.042 0.990 0.994 
0.019 0.993 0.029 0.995 0.984 
0.015 0.997 0.034 0.990 0.978 
0.024 0.995 0.039 0.990 0.981 
0.018 0.994 0.021 0.993 0.987 
0.014 0.995 0.046 0.990 0.984 
0.031 0.991 0.035 0.990 0.997 
0.021 0.994 0.034 0.990 0.994 
0.007 0.998 0.040 0.990 0.997 
0.015 0.997 0.021 0.995 0.994 
0.015 0.997 0.037 0.990 0.994 
0.010 0.996 0.070 0.980 0.997 
0.024 0.994 0.033 0.990 0.994 
0.015 0.994 0.020 0.995 0.994 
0.021 0.994 0.025 0.990 0.997 
0.012 0.995 0.025 0.990 0.987 
0.023 0.994 0.022 0.993 0.997 
0.013 0.995 0.029 0.990 0.994 
0.015 0.997 0.019 0.995 0.997 
0.018 0.995 0.031 0.990 0.987 
0.018 0.993 0.033 0.990 0.984 
0.026 0.996 0.029 0.990 0.991 
0.017 0.995 0.023 0.990 0.987 
0.027 0.992 0.018 0.993 0.994 
0.022 0.994 0.029 0.990 0.994 
0.019 0.994 0.023 0.990 0.994 
0.016 0.996 0.031 0.990 0.981 
0.015 0.996 0.029 0.990 0.987 
0.029 0.994 0.033 0.990 0.940 
0.015 0.997 0.025 0.990 0.968 
0.012 0.995 0.015 0.998 0.994 
0.011 0.999 0.035 0.990 0.978 
0.022 0.993 0.032 0.990 0.984 
0.023 0.996 0.025 0.990 0.981 
0.012 0.996 0.031 0.990 0.984 
0.020 0.994 0.039 0.990 0.984 
0.023 0.995 0.030 0.993 0.984 
0.011 0.997 0.044 0.990 0.965 
0.014 0.995 0.029 0.990 0.994 
0.010 0.998 0.034 0.990 0.994 
0.014 0.996 0.027 0.990 0.997 
0.010 0.997 0.031 0.990 0.994 
0.007 0.998 0.025 0.993 0.994 
0.021 0.991 0.032 0.990 0.997 
0.013 0.996 0.045 0.990 0.991 
0.009 0.997 0.022 0.993 0.994 
0.022 0.997 0.028 0.993 0.997 
0.010 0.998 0.017 0.995 0.997 
0.012 0.996 0.023 0.993 0.997 
0.021 0.994 0.022 0.990 0.994 
0.028 0.993 0.033 0.990 0.984 
0.022 0.994 0.033 0.990 0.981 
0.009 0.997 0.026 0.990 0.991 
0.011 0.997 0.025 0.990 0.978 
0.031 0.995 0.025 0.990 0.994 
0.015 0.994 0.030 0.990 0.994 
0.024 0.994 0.046 0.993 0.991 
0.031 0.994 0.027 0.990 0.991 
0.015 0.994 0.033 0.990 0.978 
0.015 0.997 0.022 0.993 0.991 
0.014 0.994 0.026 0.990 0.987 
0.016 0.994 0.032 0.990 0.987 
0.053 0.997 0.032 0.990 0.994 
0.021 0.994 0.045 0.990 0.981 
0.011 0.994 0.026 0.990 0.994 
0.012 0.997 0.032 0.990 0.987 
0.014 0.997 0.041 0.990 0.987 
0.009 0.996 0.026 0.993 0.994 
0.018 0.997 0.028 0.990 0.978 
0.015 0.995 0.032 0.990 0.994 
0.019 0.995 0.040 0.990 0.994 
0.020 0.993 0.034 0.990 0.987 
0.016 0.994 0.093 0.993 0.978 
0.021 0.993 0.027 0.990 0.994 
0.063 0.994 0.028 0.998 0.994 
0.021 0.994 0.028 0.993 0.994 
0.011 0.997 0.037 0.990 0.991 
0.008 0.998 0.031 0.990 0.994 
0.016 0.995 0.028 0.990 0.972 
0.012 0.997 0.032 0.990 0.994 
0.027 0.993 0.023 0.990 0.984 
0.036 0.994 0.030 0.990 1.000 
0.015 0.997 0.030 0.990 0.997 
0.010 0.997 0.020 0.993 0.997 
0.023 0.995 0.030 0.990 0.994 
0.025 0.993 0.023 0.990 0.994 
0.026 0.990 0.023 0.990 0.994 
0.020 0.995 0.024 0.990 0.994 
0.009 0.998 0.028 0.990 0.997 
0.011 0.997 0.022 0.990 0.997 
0.028 0.997 0.024 0.990 0.987 
0.018 0.994 0.029 0.990 0.994 
0.028 0.990 0.029 0.990 0.997 
0.021 0.993 0.027 0.990 0.994 
0.011 0.996 0.032 0.990 0.991 
0.011 0.997 0.043 0.990 0.991 
0.012 0.996 0.036 0.990 0.994 
0.016 0.995 0.021 0.993 0.994 
0.021 0.995 0.026 0.995 0.994 
0.016 0.995 0.036 0.990 0.994 
0.008 0.997 0.017 0.995 0.994 
0.019 0.993 0.026 0.993 0.997 
0.012 0.996 0.049 0.990 0.994 
0.042 0.994 0.084 0.973 0.994 
0.014 0.997 0.021 0.995 0.994 
0.010 0.996 0.029 0.990 0.994 
0.015 0.997 0.023 0.993 0.994 
0.025 0.996 0.027 0.990 0.994 
0.013 0.995 0.033 0.990 0.994 
0.006 0.998 0.031 0.990 0.994 
0.019 0.993 0.030 0.993 0.991 
0.014 0.997 0.023 0.993 0.994 
0.020 0.994 0.043 0.990 0.997 
0.007 0.997 0.033 0.990 0.997 
0.013 0.997 0.041 0.990 0.997 
0.010 0.998 0.033 0.990 0.997 
0.035 0.989 0.038 0.990 0.968 
0.012 0.996 0.036 0.990 0.994 
0.020 0.994 0.027 0.993 0.994 
0.021 0.995 0.050 0.988 0.991 
0.027 0.994 0.027 0.990 0.994 
0.017 0.995 0.042 0.990 0.994 
0.015 0.995 0.036 0.990 0.994 
0.023 0.994 0.020 0.990 0.994 
0.017 0.993 0.035 0.990 0.997 
0.018 0.995 0.033 0.990 0.994 
0.009 0.997 0.032 0.990 0.984 
0.021 0.994 0.028 0.988 0.994 
0.015 0.997 0.027 0.993 0.997 
0.023 0.995 0.022 0.990 0.994 
0.016 0.994 0.026 0.990 0.994 
0.016 0.996 0.043 0.990 0.987 
0.008 0.998 0.056 0.990 0.987 
0.016 0.995 0.029 0.990 0.997 
0.005 0.999 0.048 0.990 0.991 
0.017 0.994 0.034 0.990 0.994 
0.014 0.996 0.020 0.993 0.994 
0.019 0.994 0.058 0.988 0.997 
0.041 0.993 0.041 0.990 0.978 
0.019 0.994 0.030 0.990 0.994 
0.006 0.999 0.026 0.990 0.994 
0.012 0.997 0.035 0.990 0.991 
0.011 0.995 0.029 0.990 0.994 
0.016 0.997 0.041 0.990 0.991 
0.022 0.992 0.026 0.993 0.994 
0.021 0.994 0.032 0.990 0.984 
0.019 0.996 0.031 0.990 0.994 
0.014 0.997 0.038 0.990 0.981 
0.010 0.997 0.052 0.990 0.978 
0.013 0.997 0.046 0.990 0.991 
0.013 0.995 0.031 0.990 0.991 
0.009 0.996 0.024 0.990 0.981 
0.014 0.997 0.029 0.990 0.994 
0.008 0.996 0.038 0.990 0.994 
0.015 0.996 0.027 0.990 0.984 
0.014 0.994 0.038 0.990 0.984 
0.010 0.996 0.064 0.990 0.994 
0.011 0.995 0.044 0.990 0.997 
0.018 0.996 0.043 0.990 0.997 
0.010 0.996 0.038 0.990 0.994 
0.022 0.995 0.087 0.990 0.991 
0.030 0.993 0.033 0.990 0.994 
0.007 0.998 0.043 0.990 0.994 
0.015 0.997 0.051 0.990 0.997 
0.023 0.995 0.029 0.990 0.997 
0.014 0.997 0.030 0.990 0.994 
0.021 0.994 0.032 0.993 0.994 
0.020 0.996 0.086 0.990 0.978 
0.009 0.997 0.045 0.990 0.994 
0.018 0.996 0.038 0.990 0.994 
0.017 0.995 0.045 0.990 0.994 
0.014 0.997 0.027 0.990 0.994 
0.053 0.990 0.037 0.990 0.987 
0.017 0.993 0.050 0.988 0.997 
0.010 0.997 0.032 0.990 0.997 
0.037 0.991 0.027 0.990 0.994 
0.012 0.995 0.034 0.990 0.994 
0.007 0.998 0.035 0.990 0.994 
0.010 0.997 0.042 0.990 0.994 
0.019 0.995 0.035 0.990 0.994 
0.005 0.999 0.043 0.990 0.994 
0.011 0.997 0.041 0.990 0.994 
0.014 0.995 0.042 0.990 0.981 
0.016 0.994 0.049 0.990 0.981 
0.011 0.998 0.032 0.990 0.991 
0.013 0.996 0.044 0.990 0.991 
0.011 0.997 0.067 0.990 0.994 
0.010 0.997 0.053 0.993 0.994 
0.027 0.994 0.069 0.990 0.994 
0.033 0.995 0.040 0.990 0.997 
0.023 0.994 0.043 0.990 0.997 
0.012 0.995 0.044 0.990 0.997 
0.012 0.998 0.041 0.990 0.994 
0.015 0.997 0.046 0.990 0.997 
0.016 0.994 0.060 0.990 0.997 
0.039 0.995 0.042 0.990 0.991 
0.019 0.994 0.033 0.993 0.997 
0.010 0.996 0.043 0.990 0.991 
0.016 0.996 0.048 0.990 0.994 
0.023 0.994 0.035 0.990 0.994 
0.036 0.995 0.029 0.990 0.994 
0.014 0.996 0.044 0.988 0.991 
0.008 0.997 0.033 0.990 0.991 
0.014 0.995 0.053 0.990 0.987 
0.016 0.997 0.041 0.990 0.991 
0.018 0.996 0.031 0.990 0.994 
0.011 0.997 0.027 0.990 0.994 
0.010 0.995 0.055 0.990 0.994 
0.013 0.997 0.043 0.990 0.994 
0.058 0.995 0.040 0.990 0.994 
0.016 0.994 0.027 0.990 0.994 
0.023 0.994 0.039 0.990 0.994 
0.010 0.996 0.058 0.988 0.984 
0.026 0.993 0.033 0.990 0.994 
0.010 0.998 0.040 0.990 0.994 
0.016 0.995 0.031 0.990 0.994 
0.015 0.996 0.051 0.990 0.991 
0.014 0.994 0.041 0.990 1.000 
0.013 0.996 0.049 0.990 0.994 
0.012 0.995 0.038 0.990 0.991 
0.018 0.994 0.046 0.990 0.994 
0.005 0.998 0.044 0.990 0.991 
0.018 0.993 0.048 0.990 0.994 
0.015 0.995 0.034 0.990 0.994 
0.015 0.995 0.042 0.990 0.994 
0.012 0.997 0.047 0.990 0.997 
0.024 0.994 0.038 0.990 1.000 
0.007 0.998 0.052 0.990 0.997 
0.010 0.997 0.049 0.990 0.997 
0.032 0.993 0.038 0.990 0.997 
0.005 0.998 0.052 0.990 0.997 
0.020 0.993 0.052 0.990 0.987 
0.012 0.997 0.032 0.990 0.994 
0.020 0.995 0.038 0.990 0.994 
0.007 0.998 0.019 0.993 0.997 
0.019 0.994 0.026 0.993 0.997 
0.051 0.994 0.047 0.990 0.994 
0.014 0.998 0.031 0.990 0.997 
0.010 0.997 0.028 0.990 0.994 
0.014 0.995 0.025 0.993 0.994 
0.008 0.997 0.040 0.990 0.997 
0.007 0.998 0.041 0.990 0.997 
0.025 0.993 0.036 0.990 0.994 
0.015 0.996 0.039 0.990 0.984 
0.021 0.993 0.036 0.990 0.994 
0.008 0.998 0.028 0.990 0.994 
0.011 0.995 0.030 0.993 0.994 
0.023 0.995 0.039 0.990 0.956 
0.027 0.991 0.031 0.993 0.994 
0.019 0.994 0.028 0.993 0.994 
0.013 0.998 0.036 0.990 0.991 
0.013 0.998 0.034 0.990 0.994 
0.014 0.996 0.032 0.990 0.994 
0.023 0.994 0.041 0.990 0.984 
0.015 0.996 0.041 0.990 0.994 
0.011 0.996 0.056 0.993 0.991 
0.022 0.995 0.028 0.990 0.997 
0.009 0.997 0.029 0.993 0.991 
0.015 0.996 0.047 0.990 0.984 
0.011 0.995 0.052 0.990 0.987 
0.012 0.997 0.028 0.990 0.991 
0.014 0.995 0.027 0.993 0.991 
0.018 0.996 0.055 0.990 0.943 
0.021 0.994 0.038 0.990 0.991 
0.017 0.994 0.088 0.990 0.991 
0.012 0.995 0.066 0.990 0.956 
0.016 0.995 0.043 0.990 0.991 
0.022 0.993 0.040 0.990 0.997 
0.008 0.997 0.035 0.990 0.991 
0.011 0.996 0.023 0.995 0.987 
0.009 0.995 0.028 0.995 0.994 
0.023 0.993 0.053 0.990 0.987 
0.029 0.990 0.031 0.990 0.991 
0.018 0.994 0.042 0.990 0.946 
0.010 0.997 0.053 0.990 0.981 
0.018 0.995 0.030 0.990 0.997 
0.009 0.997 0.040 0.990 0.997 
0.007 0.998 0.042 0.990 0.997 
0.022 0.995 0.021 0.990 0.987 
0.006 0.999 0.024 0.995 0.994 
0.034 0.992 0.022 0.993 0.991 
0.010 0.996 0.035 0.990 0.994 
0.017 0.994 0.034 0.990 0.987 
0.015 0.994 0.021 0.995 0.994 
0.030 0.994 0.036 0.990 0.981 
0.008 0.997 0.045 0.990 0.981 
0.009 0.997 0.044 0.990 0.987 
0.009 0.997 0.022 0.990 0.994 
0.016 0.995 0.037 0.990 0.987 
0.011 0.997 0.034 0.990 0.959 
0.024 0.993 0.027 0.993 0.994 
0.019 0.994 0.032 0.990 0.994 
0.016 0.993 0.040 0.990 1.000 
0.031 0.994 0.035 0.990 0.994 
0.017 0.997 0.029 0.990 0.994 
0.012 0.998 0.039 0.990 0.994 
0.016 0.994 0.032 0.990 0.994 
0.015 0.996 0.023 0.990 0.994 
0.011 0.997 0.032 0.990 0.997 
0.027 0.996 0.032 0.990 0.987 
0.018 0.994 0.037 0.990 0.991 
0.010 0.998 0.043 0.990 0.991 
0.008 0.998 0.029 0.990 0.991 
