0.393 0.842 0.236 0.960 0.199 
0.296 0.889 0.203 0.940 0.268 
0.246 0.906 0.121 0.970 0.722 
0.237 0.915 0.136 0.953 0.609 
0.216 0.920 0.174 0.980 0.558 
0.216 0.920 0.097 0.975 0.741 
0.204 0.927 0.128 0.973 0.789 
0.183 0.930 0.133 0.973 0.833 
0.186 0.938 0.117 0.958 0.713 
0.196 0.927 0.119 0.955 0.732 
0.173 0.940 0.124 0.983 0.763 
0.169 0.941 0.132 0.970 0.836 
0.168 0.934 0.118 0.978 0.798 
0.166 0.939 0.136 0.945 0.647 
0.157 0.945 0.147 0.978 0.861 
0.130 0.956 0.082 0.978 0.833 
0.139 0.951 0.123 0.958 0.722 
0.168 0.944 0.141 0.978 0.849 
0.141 0.958 0.142 0.960 0.801 
0.148 0.952 0.111 0.975 0.871 
0.135 0.956 0.146 0.960 0.845 
0.139 0.950 0.116 0.955 0.826 
0.148 0.946 0.101 0.965 0.785 
0.135 0.952 0.128 0.975 0.893 
0.130 0.951 0.115 0.963 0.767 
0.140 0.949 0.118 0.943 0.754 
0.137 0.955 0.108 0.973 0.902 
0.129 0.956 0.102 0.978 0.858 
0.128 0.956 0.098 0.975 0.871 
0.135 0.953 0.089 0.980 0.842 
0.119 0.957 0.110 0.978 0.883 
0.112 0.964 0.088 0.975 0.868 
0.116 0.961 0.118 0.973 0.845 
0.120 0.959 0.135 0.975 0.890 
0.101 0.965 0.075 0.983 0.849 
0.114 0.960 0.104 0.975 0.893 
0.102 0.968 0.135 0.970 0.921 
0.116 0.966 0.090 0.973 0.871 
0.107 0.966 0.090 0.975 0.839 
0.122 0.958 0.079 0.980 0.877 
0.112 0.960 0.092 0.970 0.896 
0.118 0.959 0.102 0.973 0.877 
0.117 0.959 0.088 0.983 0.886 
0.115 0.958 0.082 0.978 0.871 
0.113 0.960 0.101 0.973 0.899 
0.112 0.965 0.103 0.975 0.874 
0.093 0.973 0.108 0.973 0.826 
0.112 0.961 0.098 0.975 0.899 
0.116 0.962 0.100 0.975 0.899 
0.101 0.968 0.085 0.975 0.864 
0.104 0.964 0.075 0.983 0.849 
0.094 0.968 0.099 0.978 0.886 
0.097 0.969 0.091 0.975 0.874 
0.106 0.963 0.125 0.950 0.776 
0.106 0.960 0.141 0.978 0.927 
0.097 0.969 0.097 0.975 0.896 
0.110 0.964 0.091 0.980 0.874 
0.106 0.962 0.094 0.975 0.864 
0.097 0.971 0.083 0.975 0.877 
0.084 0.969 0.110 0.970 0.905 
0.093 0.969 0.100 0.978 0.909 
0.098 0.966 0.096 0.963 0.855 
0.102 0.971 0.095 0.973 0.890 
0.102 0.968 0.077 0.978 0.890 
0.104 0.959 0.085 0.978 0.871 
0.082 0.968 0.109 0.953 0.826 
0.090 0.973 0.097 0.973 0.874 
0.092 0.964 0.107 0.965 0.845 
0.087 0.970 0.101 0.973 0.893 
0.079 0.976 0.118 0.973 0.931 
0.088 0.970 0.096 0.978 0.880 
0.092 0.970 0.069 0.978 0.845 
0.095 0.966 0.086 0.975 0.880 
0.089 0.970 0.087 0.983 0.915 
0.088 0.973 0.113 0.983 0.874 
0.089 0.969 0.079 0.975 0.890 
0.091 0.968 0.069 0.983 0.868 
0.094 0.968 0.078 0.975 0.880 
0.092 0.966 0.078 0.978 0.864 
0.085 0.972 0.083 0.980 0.817 
0.081 0.973 0.089 0.983 0.909 
0.084 0.974 0.087 0.980 0.921 
0.105 0.970 0.075 0.980 0.826 
0.087 0.971 0.113 0.978 0.931 
0.088 0.970 0.095 0.978 0.899 
0.101 0.968 0.108 0.973 0.918 
0.076 0.970 0.067 0.985 0.839 
0.088 0.971 0.103 0.978 0.902 
0.079 0.974 0.102 0.980 0.905 
0.089 0.968 0.080 0.978 0.902 
0.082 0.969 0.084 0.980 0.886 
0.075 0.970 0.106 0.975 0.934 
0.084 0.966 0.094 0.970 0.905 
0.074 0.978 0.097 0.975 0.921 
0.087 0.972 0.096 0.973 0.921 
0.073 0.978 0.080 0.978 0.899 
0.081 0.972 0.102 0.975 0.909 
0.075 0.976 0.083 0.978 0.896 
0.068 0.974 0.101 0.973 0.924 
0.085 0.969 0.111 0.978 0.940 
0.085 0.971 0.090 0.978 0.909 
0.082 0.976 0.080 0.978 0.896 
0.076 0.976 0.080 0.978 0.899 
0.077 0.978 0.083 0.983 0.905 
0.070 0.975 0.064 0.980 0.886 
0.072 0.978 0.102 0.968 0.918 
0.084 0.970 0.078 0.980 0.858 
0.079 0.973 0.085 0.978 0.871 
0.091 0.969 0.112 0.978 0.943 
0.079 0.976 0.103 0.980 0.905 
0.076 0.977 0.094 0.973 0.905 
0.076 0.973 0.083 0.980 0.861 
0.079 0.973 0.108 0.980 0.909 
0.074 0.976 0.079 0.980 0.896 
0.080 0.971 0.092 0.978 0.880 
0.073 0.974 0.085 0.978 0.921 
0.071 0.977 0.056 0.983 0.890 
0.080 0.973 0.108 0.983 0.934 
0.076 0.976 0.078 0.978 0.893 
0.066 0.978 0.060 0.978 0.861 
0.071 0.977 0.091 0.980 0.909 
0.074 0.977 0.135 0.980 0.946 
0.064 0.978 0.088 0.978 0.915 
0.075 0.973 0.078 0.978 0.883 
0.075 0.971 0.066 0.985 0.877 
0.081 0.970 0.138 0.970 0.924 
0.074 0.975 0.093 0.970 0.905 
0.073 0.972 0.070 0.978 0.899 
0.073 0.977 0.143 0.983 0.931 
0.070 0.976 0.115 0.983 0.927 
0.067 0.978 0.100 0.980 0.921 
0.081 0.974 0.088 0.978 0.918 
0.059 0.977 0.074 0.975 0.912 
0.069 0.977 0.077 0.975 0.915 
0.078 0.971 0.093 0.975 0.905 
0.075 0.971 0.095 0.973 0.924 
0.065 0.978 0.090 0.983 0.924 
0.064 0.978 0.073 0.975 0.864 
0.067 0.976 0.125 0.985 0.931 
0.074 0.977 0.060 0.980 0.880 
0.060 0.977 0.095 0.980 0.940 
0.068 0.980 0.083 0.978 0.921 
0.078 0.972 0.083 0.978 0.902 
0.060 0.980 0.075 0.980 0.902 
0.071 0.976 0.107 0.980 0.943 
0.068 0.975 0.071 0.985 0.899 
0.069 0.978 0.104 0.978 0.918 
0.068 0.975 0.084 0.978 0.902 
0.059 0.980 0.083 0.983 0.909 
0.058 0.977 0.094 0.985 0.921 
0.072 0.975 0.079 0.980 0.905 
0.070 0.974 0.075 0.983 0.905 
0.059 0.978 0.087 0.978 0.921 
0.075 0.970 0.085 0.975 0.896 
0.060 0.978 0.093 0.980 0.934 
0.061 0.976 0.110 0.983 0.912 
0.059 0.981 0.108 0.980 0.909 
0.059 0.985 0.118 0.980 0.912 
0.063 0.977 0.070 0.980 0.890 
0.060 0.976 0.059 0.978 0.880 
0.055 0.982 0.102 0.978 0.909 
0.066 0.975 0.116 0.980 0.902 
0.063 0.979 0.082 0.980 0.899 
0.064 0.977 0.079 0.983 0.896 
0.065 0.977 0.081 0.978 0.918 
0.060 0.984 0.084 0.978 0.896 
0.061 0.976 0.097 0.983 0.902 
0.080 0.974 0.127 0.980 0.915 
0.067 0.980 0.102 0.978 0.890 
0.062 0.979 0.134 0.978 0.924 
0.076 0.973 0.114 0.985 0.902 
0.061 0.982 0.180 0.975 0.943 
0.057 0.979 0.074 0.980 0.890 
0.074 0.974 0.084 0.983 0.886 
0.066 0.980 0.123 0.980 0.927 
0.050 0.984 0.137 0.978 0.950 
0.056 0.984 0.078 0.978 0.909 
0.049 0.983 0.093 0.980 0.899 
0.067 0.974 0.085 0.978 0.909 
0.061 0.980 0.096 0.978 0.918 
0.061 0.981 0.094 0.978 0.934 
0.051 0.981 0.076 0.978 0.890 
0.069 0.977 0.109 0.983 0.918 
0.068 0.977 0.102 0.978 0.921 
0.068 0.976 0.067 0.980 0.890 
0.060 0.980 0.117 0.980 0.946 
0.063 0.978 0.090 0.983 0.927 
0.049 0.984 0.085 0.983 0.909 
0.061 0.977 0.094 0.978 0.890 
0.057 0.978 0.109 0.980 0.905 
0.067 0.977 0.093 0.983 0.931 
0.060 0.981 0.136 0.975 0.918 
0.071 0.975 0.124 0.980 0.931 
0.057 0.980 0.122 0.973 0.934 
0.070 0.975 0.082 0.965 0.849 
0.059 0.979 0.134 0.983 0.934 
0.067 0.977 0.108 0.975 0.877 
0.046 0.984 0.085 0.985 0.899 
0.059 0.980 0.143 0.983 0.905 
0.072 0.974 0.097 0.980 0.912 
0.059 0.978 0.097 0.980 0.912 
0.069 0.976 0.093 0.978 0.886 
0.061 0.980 0.147 0.985 0.915 
0.064 0.978 0.090 0.980 0.880 
0.068 0.976 0.097 0.978 0.886 
0.056 0.980 0.080 0.978 0.890 
0.053 0.984 0.133 0.975 0.912 
0.065 0.978 0.105 0.978 0.883 
0.055 0.978 0.071 0.983 0.877 
0.048 0.985 0.164 0.985 0.946 
0.049 0.980 0.092 0.978 0.883 
0.070 0.976 0.120 0.985 0.934 
0.056 0.981 0.116 0.980 0.896 
0.057 0.984 0.139 0.980 0.905 
0.063 0.982 0.134 0.983 0.912 
0.057 0.980 0.164 0.983 0.943 
0.069 0.979 0.124 0.980 0.934 
0.065 0.978 0.153 0.978 0.950 
0.061 0.975 0.116 0.978 0.909 
0.053 0.984 0.117 0.965 0.909 
0.071 0.976 0.087 0.983 0.912 
0.053 0.982 0.124 0.980 0.934 
0.056 0.979 0.126 0.953 0.950 
0.041 0.986 0.145 0.970 0.934 
0.051 0.982 0.093 0.965 0.871 
0.064 0.978 0.055 0.985 0.883 
0.060 0.980 0.123 0.978 0.931 
0.046 0.984 0.095 0.980 0.902 
0.055 0.985 0.112 0.983 0.915 
0.058 0.984 0.214 0.970 0.956 
0.055 0.982 0.085 0.978 0.905 
0.065 0.980 0.068 0.978 0.883 
0.056 0.984 0.190 0.978 0.946 
0.053 0.984 0.065 0.980 0.874 
0.057 0.984 0.073 0.980 0.868 
0.054 0.980 0.080 0.980 0.896 
0.057 0.982 0.117 0.980 0.915 
0.052 0.980 0.075 0.985 0.902 
0.049 0.982 0.084 0.978 0.893 
0.056 0.976 0.102 0.978 0.924 
0.057 0.977 0.311 0.963 0.965 
0.066 0.980 0.193 0.980 0.931 
0.061 0.981 0.156 0.980 0.924 
0.054 0.984 0.125 0.975 0.899 
0.056 0.979 0.169 0.983 0.943 
0.049 0.983 0.189 0.983 0.950 
0.058 0.978 0.120 0.980 0.899 
0.060 0.982 0.078 0.980 0.893 
0.049 0.980 0.091 0.983 0.899 
0.045 0.981 0.175 0.983 0.953 
0.050 0.980 0.121 0.975 0.918 
0.053 0.982 0.110 0.983 0.918 
0.056 0.981 0.165 0.983 0.921 
0.037 0.989 0.194 0.978 0.924 
0.054 0.980 0.102 0.983 0.905 
0.047 0.984 0.120 0.980 0.896 
0.050 0.985 0.110 0.980 0.902 
0.062 0.979 0.108 0.985 0.899 
0.050 0.982 0.186 0.978 0.912 
0.069 0.978 0.149 0.978 0.927 
0.042 0.986 0.083 0.980 0.893 
0.056 0.982 0.078 0.978 0.864 
0.053 0.984 0.093 0.980 0.902 
0.048 0.984 0.088 0.983 0.905 
0.044 0.985 0.203 0.965 0.946 
0.047 0.983 0.138 0.978 0.927 
0.041 0.987 0.090 0.983 0.890 
0.058 0.978 0.300 0.975 0.943 
0.050 0.981 0.226 0.980 0.909 
0.052 0.981 0.083 0.978 0.883 
0.049 0.984 0.112 0.978 0.902 
0.048 0.987 0.209 0.968 0.956 
0.051 0.983 0.254 0.978 0.927 
0.062 0.978 0.181 0.975 0.909 
0.058 0.984 0.119 0.978 0.896 
0.061 0.982 0.142 0.978 0.937 
0.042 0.985 0.133 0.963 0.912 
0.046 0.986 0.119 0.983 0.886 
0.056 0.984 0.080 0.978 0.915 
0.050 0.985 0.073 0.978 0.893 
0.057 0.984 0.159 0.963 0.899 
0.051 0.984 0.064 0.980 0.896 
0.052 0.981 0.080 0.965 0.779 
0.052 0.984 0.079 0.980 0.890 
0.054 0.982 0.190 0.958 0.962 
0.055 0.980 0.163 0.965 0.950 
0.049 0.981 0.076 0.983 0.893 
0.044 0.984 0.084 0.975 0.899 
0.051 0.983 0.154 0.985 0.940 
0.071 0.975 0.088 0.985 0.924 
0.048 0.987 0.198 0.973 0.943 
0.047 0.983 0.150 0.978 0.943 
0.049 0.979 0.246 0.970 0.918 
0.057 0.980 0.133 0.975 0.909 
0.056 0.980 0.167 0.978 0.924 
0.066 0.982 0.078 0.985 0.874 
0.045 0.982 0.144 0.980 0.946 
0.053 0.981 0.067 0.983 0.886 
0.055 0.980 0.080 0.983 0.915 
0.038 0.986 0.103 0.978 0.905 
0.054 0.982 0.079 0.968 0.905 
0.050 0.984 0.137 0.978 0.940 
0.052 0.982 0.145 0.978 0.959 
0.054 0.981 0.107 0.978 0.927 
0.037 0.985 0.089 0.975 0.893 
0.059 0.982 0.125 0.978 0.950 
0.053 0.984 0.108 0.978 0.915 
0.046 0.982 0.067 0.980 0.909 
0.046 0.984 0.116 0.975 0.953 
0.051 0.982 0.054 0.980 0.896 
0.043 0.986 0.166 0.980 0.918 
0.040 0.984 0.133 0.980 0.915 
0.041 0.984 0.154 0.985 0.899 
0.047 0.984 0.245 0.985 0.931 
0.061 0.978 0.209 0.990 0.915 
0.048 0.983 0.188 0.988 0.909 
0.043 0.986 0.121 0.985 0.902 
0.051 0.985 0.238 0.983 0.943 
0.064 0.977 0.062 0.978 0.874 
0.044 0.985 0.094 0.978 0.905 
0.045 0.985 0.070 0.983 0.861 
0.042 0.986 0.054 0.988 0.902 
0.038 0.986 0.112 0.983 0.912 
0.042 0.987 0.097 0.985 0.940 
0.065 0.981 0.107 0.983 0.893 
0.048 0.986 0.069 0.985 0.896 
0.049 0.984 0.063 0.985 0.890 
0.054 0.984 0.135 0.980 0.946 
0.046 0.985 0.095 0.988 0.915 
0.047 0.985 0.132 0.988 0.902 
0.052 0.984 0.050 0.985 0.890 
0.046 0.983 0.141 0.983 0.896 
0.063 0.981 0.057 0.985 0.912 
0.077 0.978 0.122 0.980 0.946 
0.041 0.985 0.115 0.978 0.937 
0.052 0.984 0.160 0.975 0.940 
0.049 0.984 0.073 0.983 0.905 
0.035 0.986 0.049 0.988 0.899 
0.046 0.985 0.053 0.985 0.909 
0.042 0.987 0.102 0.988 0.896 
0.047 0.986 0.106 0.980 0.902 
0.038 0.985 0.093 0.985 0.915 
0.045 0.986 0.058 0.983 0.918 
0.049 0.982 0.056 0.983 0.883 
0.052 0.982 0.091 0.985 0.909 
0.042 0.982 0.062 0.985 0.909 
0.050 0.983 0.126 0.983 0.924 
0.050 0.981 0.046 0.985 0.883 
0.041 0.986 0.162 0.980 0.924 
0.042 0.987 0.106 0.985 0.899 
0.047 0.988 0.112 0.980 0.890 
0.054 0.985 0.138 0.985 0.927 
0.046 0.984 0.166 0.980 0.940 
0.049 0.982 0.227 0.973 0.968 
0.053 0.982 0.051 0.985 0.871 
0.041 0.984 0.071 0.985 0.940 
0.047 0.980 0.068 0.983 0.890 
0.050 0.982 0.172 0.985 0.924 
0.037 0.986 0.220 0.975 0.946 
0.052 0.985 0.078 0.980 0.890 
0.041 0.987 0.127 0.980 0.905 
0.047 0.986 0.076 0.985 0.915 
0.044 0.986 0.075 0.983 0.912 
0.056 0.982 0.077 0.985 0.893 
0.044 0.985 0.243 0.983 0.915 
0.041 0.986 0.136 0.968 0.861 
0.041 0.984 0.072 0.983 0.902 
0.054 0.985 0.125 0.985 0.924 
0.035 0.985 0.320 0.978 0.956 
0.039 0.987 0.124 0.985 0.905 
0.054 0.986 0.074 0.985 0.905 
0.047 0.984 0.063 0.983 0.877 
0.052 0.984 0.073 0.985 0.918 
0.036 0.990 0.081 0.983 0.893 
0.035 0.990 0.109 0.983 0.943 
0.048 0.985 0.065 0.983 0.899 
0.041 0.988 0.047 0.985 0.871 
0.040 0.985 0.235 0.975 0.962 
0.058 0.985 0.059 0.980 0.886 
0.044 0.985 0.045 0.988 0.886 
0.049 0.986 0.108 0.983 0.931 
0.039 0.989 0.068 0.983 0.893 
0.044 0.984 0.056 0.985 0.896 
0.051 0.981 0.059 0.983 0.883 
0.045 0.983 0.056 0.983 0.883 
0.062 0.977 0.090 0.985 0.921 
0.044 0.986 0.299 0.973 0.965 
0.048 0.985 0.119 0.980 0.927 
0.041 0.986 0.087 0.985 0.886 
0.056 0.980 0.062 0.980 0.849 
0.058 0.982 0.164 0.975 0.950 
0.047 0.988 0.069 0.980 0.871 
0.032 0.988 0.133 0.985 0.902 
0.046 0.982 0.081 0.983 0.890 
0.037 0.986 0.096 0.985 0.893 
0.030 0.989 0.069 0.985 0.912 
0.038 0.987 0.157 0.978 0.943 
0.041 0.986 0.135 0.980 0.909 
0.052 0.984 0.134 0.983 0.921 
0.041 0.982 0.117 0.980 0.905 
0.041 0.984 0.273 0.983 0.934 
0.045 0.986 0.112 0.985 0.909 
0.045 0.984 0.068 0.978 0.874 
0.049 0.986 0.210 0.978 0.912 
0.065 0.981 0.127 0.983 0.937 
0.044 0.987 0.159 0.983 0.924 
0.047 0.985 0.210 0.980 0.902 
0.039 0.986 0.120 0.980 0.893 
0.037 0.989 0.190 0.983 0.921 
0.045 0.986 0.080 0.980 0.883 
0.048 0.985 0.172 0.978 0.902 
0.057 0.981 0.207 0.978 0.946 
0.035 0.989 0.209 0.980 0.915 
0.052 0.984 0.145 0.988 0.921 
0.045 0.985 0.099 0.985 0.893 
0.054 0.980 0.229 0.983 0.921 
0.036 0.989 0.175 0.980 0.893 
0.047 0.982 0.301 0.985 0.918 
0.040 0.986 0.211 0.980 0.918 
0.046 0.984 0.178 0.985 0.924 
0.042 0.985 0.135 0.985 0.899 
0.043 0.986 0.114 0.980 0.886 
0.047 0.986 0.137 0.983 0.921 
0.041 0.985 0.102 0.980 0.893 
0.044 0.983 0.107 0.980 0.905 
0.043 0.986 0.245 0.980 0.934 
0.051 0.984 0.190 0.978 0.899 
0.051 0.988 0.095 0.980 0.896 
0.043 0.988 0.062 0.983 0.871 
0.041 0.988 0.087 0.980 0.890 
0.050 0.983 0.075 0.978 0.896 
0.034 0.988 0.121 0.980 0.940 
0.045 0.986 0.174 0.975 0.902 
0.034 0.989 0.153 0.985 0.940 
0.035 0.989 0.273 0.985 0.956 
0.049 0.984 0.284 0.985 0.943 
0.044 0.984 0.135 0.980 0.918 
0.041 0.985 0.265 0.978 0.921 
0.047 0.987 0.102 0.978 0.937 
0.047 0.984 0.147 0.968 0.959 
0.042 0.985 0.149 0.983 0.909 
0.048 0.984 0.071 0.985 0.912 
0.043 0.985 0.125 0.980 0.937 
0.041 0.985 0.115 0.985 0.927 
0.042 0.986 0.100 0.980 0.902 
0.036 0.987 0.072 0.980 0.896 
0.047 0.985 0.087 0.980 0.896 
0.048 0.987 0.166 0.980 0.909 
0.055 0.985 0.127 0.973 0.953 
0.043 0.987 0.092 0.985 0.946 
0.036 0.987 0.200 0.978 0.968 
0.036 0.990 0.087 0.985 0.893 
0.039 0.986 0.102 0.983 0.924 
0.050 0.982 0.114 0.988 0.931 
0.034 0.987 0.144 0.988 0.921 
0.056 0.984 0.122 0.988 0.934 
0.033 0.988 0.269 0.988 0.959 
0.037 0.985 0.187 0.975 0.965 
0.047 0.986 0.126 0.983 0.940 
0.046 0.987 0.077 0.988 0.883 
0.048 0.983 0.184 0.985 0.940 
0.073 0.981 0.128 0.983 0.893 
0.040 0.984 0.172 0.985 0.934 
0.050 0.984 0.252 0.978 0.956 
0.051 0.982 0.171 0.978 0.962 
0.047 0.984 0.186 0.975 0.934 
0.052 0.985 0.099 0.983 0.890 
0.046 0.984 0.076 0.983 0.899 
0.044 0.988 0.180 0.983 0.905 
0.056 0.981 0.183 0.985 0.940 
0.032 0.986 0.260 0.978 0.962 
0.046 0.986 0.306 0.980 0.921 
0.043 0.984 0.087 0.980 0.912 
0.037 0.990 0.162 0.985 0.915 
0.046 0.985 0.210 0.968 0.953 
0.042 0.986 0.213 0.968 0.956 
0.034 0.988 0.220 0.980 0.921 
0.053 0.983 0.134 0.983 0.905 
0.038 0.986 0.091 0.985 0.890 
0.046 0.986 0.054 0.980 0.883 
0.038 0.988 0.103 0.980 0.940 
0.057 0.984 0.110 0.978 0.931 
0.035 0.989 0.132 0.968 0.943 
0.038 0.988 0.090 0.983 0.924 
0.037 0.986 0.156 0.980 0.953 
0.039 0.989 0.199 0.983 0.953 
0.045 0.985 0.193 0.983 0.921 
0.042 0.986 0.248 0.975 0.921 
0.052 0.983 0.083 0.980 0.868 
0.050 0.982 0.159 0.983 0.931 
0.050 0.982 0.341 0.963 0.956 
0.042 0.986 0.279 0.943 0.981 
0.038 0.988 0.119 0.973 0.937 
0.047 0.986 0.098 0.975 0.899 
0.046 0.989 0.101 0.985 0.905 
0.042 0.985 0.195 0.985 0.927 
0.051 0.988 0.332 0.975 0.956 
0.038 0.987 0.089 0.980 0.874 
0.033 0.988 0.107 0.980 0.890 
0.044 0.984 0.124 0.988 0.902 
0.051 0.982 0.074 0.985 0.893 
0.051 0.984 0.207 0.980 0.946 
0.039 0.986 0.079 0.983 0.880 
0.039 0.986 0.165 0.980 0.931 
0.042 0.987 0.114 0.980 0.893 
0.040 0.986 0.168 0.988 0.905 
0.038 0.987 0.094 0.980 0.893 
0.041 0.985 0.172 0.975 0.956 
0.032 0.994 0.091 0.980 0.909 
0.039 0.989 0.122 0.978 0.924 
0.039 0.984 0.074 0.980 0.883 
0.040 0.984 0.076 0.983 0.905 
0.048 0.988 0.129 0.985 0.893 
0.043 0.985 0.139 0.985 0.912 
0.040 0.987 0.203 0.980 0.950 
0.030 0.991 0.213 0.970 0.965 
0.053 0.980 0.175 0.983 0.931 
0.033 0.990 0.299 0.978 0.940 
0.042 0.986 0.117 0.983 0.880 
0.044 0.986 0.181 0.983 0.912 
0.037 0.988 0.109 0.980 0.896 
0.035 0.989 0.179 0.983 0.924 
0.041 0.984 0.113 0.983 0.953 
0.038 0.987 0.123 0.988 0.890 
0.039 0.989 0.240 0.975 0.959 
0.035 0.985 0.203 0.983 0.934 
0.039 0.988 0.077 0.985 0.912 
0.055 0.982 0.181 0.983 0.946 
0.044 0.983 0.090 0.983 0.918 
0.044 0.986 0.134 0.983 0.924 
0.045 0.984 0.168 0.980 0.909 
0.048 0.986 0.180 0.975 0.924 
0.043 0.985 0.184 0.980 0.915 
0.036 0.990 0.147 0.983 0.934 
0.035 0.985 0.160 0.980 0.956 
0.028 0.991 0.184 0.985 0.912 
0.046 0.984 0.079 0.978 0.886 
0.040 0.986 0.189 0.983 0.921 
0.047 0.985 0.115 0.978 0.893 
0.036 0.989 0.151 0.985 0.931 
0.039 0.987 0.260 0.978 0.950 
0.056 0.985 0.182 0.983 0.946 
0.041 0.987 0.236 0.983 0.934 
0.045 0.985 0.157 0.983 0.893 
0.040 0.988 0.166 0.985 0.937 
0.030 0.989 0.269 0.980 0.953 
0.030 0.991 0.141 0.980 0.921 
0.043 0.987 0.139 0.980 0.921 
0.040 0.986 0.139 0.980 0.927 
0.037 0.988 0.303 0.978 0.946 
0.038 0.985 0.175 0.980 0.934 
0.036 0.990 0.178 0.980 0.902 
0.039 0.988 0.159 0.980 0.899 
0.039 0.986 0.150 0.973 0.902 
0.046 0.985 0.124 0.975 0.946 
0.039 0.985 0.083 0.980 0.874 
0.040 0.986 0.182 0.980 0.902 
0.052 0.983 0.132 0.973 0.946 
0.035 0.990 0.174 0.975 0.937 
0.043 0.985 0.143 0.980 0.915 
0.032 0.988 0.112 0.983 0.899 
0.035 0.988 0.239 0.980 0.937 
0.055 0.981 0.138 0.985 0.943 
0.027 0.991 0.076 0.983 0.880 
0.031 0.989 0.070 0.980 0.890 
0.042 0.985 0.158 0.980 0.890 
0.057 0.982 0.147 0.983 0.931 
0.040 0.986 0.126 0.985 0.902 
0.036 0.984 0.100 0.985 0.905 
0.046 0.983 0.333 0.963 0.965 
0.049 0.986 0.194 0.988 0.940 
0.040 0.986 0.156 0.985 0.953 
0.047 0.983 0.134 0.983 0.959 
0.047 0.986 0.103 0.983 0.934 
0.041 0.988 0.162 0.973 0.946 
0.044 0.986 0.122 0.973 0.943 
0.034 0.989 0.135 0.980 0.927 
0.031 0.990 0.092 0.980 0.896 
0.028 0.990 0.152 0.978 0.950 
0.038 0.988 0.102 0.983 0.912 
0.050 0.981 0.184 0.980 0.912 
0.050 0.986 0.189 0.980 0.927 
0.026 0.991 0.262 0.978 0.940 
0.045 0.988 0.136 0.983 0.943 
0.026 0.991 0.173 0.988 0.905 
0.045 0.986 0.049 0.983 0.886 
0.038 0.985 0.171 0.980 0.905 
0.026 0.990 0.146 0.980 0.921 
0.037 0.989 0.247 0.980 0.931 
0.055 0.983 0.255 0.973 0.950 
0.033 0.991 0.203 0.978 0.912 
0.039 0.985 0.179 0.983 0.909 
0.040 0.984 0.244 0.985 0.924 
0.036 0.986 0.406 0.980 0.934 
0.040 0.981 0.315 0.980 0.915 
0.038 0.990 0.108 0.978 0.864 
0.033 0.988 0.403 0.980 0.940 
0.043 0.985 0.142 0.978 0.874 
0.029 0.991 0.250 0.978 0.905 
0.064 0.985 0.152 0.980 0.918 
0.040 0.982 0.117 0.978 0.905 
0.024 0.992 0.173 0.980 0.886 
0.041 0.991 0.103 0.988 0.899 
0.046 0.981 0.089 0.983 0.896 
0.040 0.987 0.098 0.983 0.918 
0.027 0.990 0.197 0.980 0.940 
0.041 0.987 0.265 0.975 0.956 
0.034 0.985 0.194 0.983 0.912 
0.038 0.987 0.201 0.978 0.931 
0.033 0.991 0.106 0.980 0.909 
0.043 0.984 0.203 0.980 0.943 
0.039 0.988 0.191 0.978 0.937 
0.041 0.986 0.181 0.978 0.959 
0.045 0.986 0.079 0.980 0.905 
0.060 0.978 0.102 0.985 0.899 
0.029 0.991 0.112 0.983 0.921 
0.058 0.984 0.247 0.978 0.905 
0.036 0.989 0.157 0.983 0.893 
0.040 0.986 0.127 0.980 0.883 
0.034 0.988 0.201 0.978 0.937 
0.041 0.985 0.158 0.980 0.896 
0.039 0.989 0.177 0.978 0.931 
0.057 0.983 0.102 0.980 0.909 
0.040 0.988 0.268 0.983 0.940 
0.039 0.988 0.096 0.983 0.890 
0.052 0.984 0.167 0.983 0.927 
0.029 0.993 0.063 0.978 0.874 
0.043 0.988 0.111 0.983 0.896 
0.035 0.989 0.191 0.983 0.915 
0.038 0.989 0.113 0.985 0.927 
0.040 0.988 0.160 0.988 0.950 
0.037 0.988 0.108 0.983 0.934 
0.035 0.990 0.069 0.985 0.899 
0.027 0.990 0.146 0.980 0.934 
0.028 0.991 0.067 0.980 0.877 
0.038 0.986 0.097 0.980 0.912 
0.056 0.990 0.082 0.978 0.874 
0.045 0.990 0.146 0.980 0.915 
0.041 0.984 0.089 0.983 0.915 
0.049 0.988 0.179 0.983 0.918 
0.034 0.987 0.373 0.983 0.946 
0.031 0.990 0.430 0.980 0.962 
0.033 0.989 0.188 0.980 0.918 
0.031 0.988 0.280 0.978 0.953 
0.038 0.989 0.203 0.975 0.905 
0.038 0.989 0.190 0.985 0.918 
0.039 0.989 0.126 0.978 0.905 
0.029 0.991 0.233 0.980 0.918 
0.034 0.987 0.113 0.980 0.883 
0.026 0.990 0.336 0.985 0.902 
0.047 0.986 0.154 0.983 0.883 
0.032 0.986 0.312 0.980 0.924 
0.036 0.991 0.161 0.980 0.874 
0.046 0.985 0.156 0.988 0.912 
0.040 0.985 0.189 0.983 0.905 
0.046 0.986 0.189 0.980 0.912 
0.032 0.986 0.294 0.980 0.899 
0.020 0.990 0.170 0.990 0.909 
0.038 0.985 0.137 0.985 0.886 
0.029 0.989 0.356 0.978 0.956 
0.046 0.984 0.148 0.983 0.931 
0.038 0.987 0.185 0.988 0.915 
0.040 0.988 0.276 0.980 0.931 
0.031 0.991 0.360 0.983 0.940 
0.031 0.990 0.498 0.970 0.959 
0.034 0.988 0.167 0.985 0.940 
0.040 0.988 0.317 0.980 0.934 
0.025 0.990 0.190 0.980 0.909 
0.035 0.990 0.206 0.983 0.902 
0.028 0.989 0.150 0.980 0.893 
0.042 0.984 0.343 0.980 0.934 
0.031 0.989 0.307 0.978 0.937 
0.043 0.989 0.082 0.983 0.899 
0.031 0.988 0.085 0.985 0.909 
0.022 0.994 0.083 0.978 0.890 
0.045 0.986 0.168 0.978 0.924 
0.041 0.984 0.219 0.975 0.924 
0.039 0.982 0.161 0.983 0.924 
0.036 0.988 0.163 0.983 0.909 
0.049 0.986 0.263 0.983 0.905 
0.039 0.989 0.418 0.980 0.921 
0.042 0.990 0.331 0.978 0.924 
0.036 0.989 0.138 0.980 0.883 
0.038 0.988 0.142 0.975 0.905 
0.036 0.988 0.207 0.980 0.931 
0.044 0.986 0.362 0.980 0.915 
0.028 0.993 0.211 0.985 0.934 
0.035 0.988 0.368 0.978 0.934 
0.030 0.989 0.294 0.983 0.921 
0.036 0.989 0.238 0.978 0.921 
0.042 0.985 0.783 0.970 0.965 
0.037 0.989 0.331 0.980 0.934 
0.032 0.989 0.580 0.980 0.946 
0.037 0.988 0.155 0.980 0.899 
0.029 0.991 0.218 0.980 0.940 
0.039 0.986 0.084 0.983 0.890 
0.038 0.989 0.135 0.980 0.896 
0.039 0.987 0.285 0.978 0.912 
0.032 0.988 0.097 0.983 0.874 
0.029 0.990 0.818 0.963 0.972 
0.033 0.990 0.374 0.980 0.921 
0.051 0.984 0.153 0.980 0.921 
0.026 0.990 0.112 0.978 0.871 
0.039 0.988 0.167 0.983 0.943 
0.031 0.988 0.111 0.983 0.902 
0.027 0.991 0.103 0.985 0.893 
0.028 0.992 0.302 0.978 0.912 
0.036 0.989 0.101 0.980 0.883 
0.046 0.988 0.068 0.980 0.896 
0.029 0.991 0.155 0.980 0.927 
0.031 0.989 0.126 0.985 0.905 
0.036 0.989 0.147 0.978 0.934 
0.039 0.988 0.572 0.978 0.912 
0.034 0.988 0.244 0.983 0.890 
0.040 0.986 0.236 0.983 0.909 
0.024 0.990 0.211 0.983 0.899 
0.043 0.984 0.063 0.980 0.820 
0.035 0.986 0.361 0.985 0.912 
0.030 0.989 0.075 0.983 0.874 
0.038 0.989 0.122 0.980 0.905 
0.036 0.986 0.436 0.975 0.927 
0.031 0.989 0.272 0.980 0.896 
0.059 0.986 0.125 0.983 0.890 
0.044 0.986 0.168 0.978 0.880 
0.055 0.982 0.081 0.980 0.880 
0.035 0.987 0.178 0.980 0.890 
0.026 0.992 0.146 0.983 0.893 
0.029 0.993 0.158 0.980 0.886 
0.027 0.993 0.181 0.978 0.880 
0.040 0.984 0.078 0.983 0.909 
0.044 0.984 0.193 0.980 0.915 
0.039 0.982 0.164 0.978 0.902 
0.045 0.986 0.164 0.980 0.915 
0.051 0.986 0.106 0.978 0.896 
0.035 0.987 0.081 0.980 0.927 
0.035 0.990 0.099 0.983 0.921 
0.020 0.993 0.073 0.980 0.871 
0.033 0.985 0.090 0.980 0.909 
0.031 0.989 0.132 0.980 0.915 
0.036 0.985 0.139 0.975 0.950 
0.040 0.990 0.137 0.980 0.909 
0.033 0.988 0.175 0.978 0.950 
0.056 0.982 0.346 0.983 0.921 
0.048 0.987 0.302 0.983 0.927 
0.031 0.990 0.468 0.978 0.905 
0.028 0.991 0.420 0.978 0.905 
0.030 0.990 0.248 0.978 0.909 
0.041 0.988 0.281 0.978 0.909 
0.042 0.986 0.215 0.980 0.927 
0.044 0.986 0.120 0.978 0.886 
0.041 0.985 0.415 0.980 0.950 
0.037 0.987 0.425 0.970 0.965 
0.038 0.988 0.230 0.980 0.927 
0.031 0.989 0.110 0.978 0.905 
0.043 0.989 0.205 0.970 0.927 
0.040 0.986 0.117 0.978 0.899 
0.038 0.988 0.346 0.973 0.956 
0.035 0.989 0.928 0.975 0.946 
0.040 0.989 0.146 0.980 0.931 
0.028 0.989 0.254 0.980 0.902 
0.029 0.990 0.160 0.983 0.931 
0.037 0.985 0.174 0.978 0.950 
0.039 0.989 0.296 0.973 0.956 
0.035 0.985 0.222 0.980 0.899 
0.039 0.988 0.399 0.975 0.946 
0.030 0.991 0.337 0.980 0.902 
0.035 0.988 0.223 0.980 0.934 
0.035 0.990 0.154 0.980 0.931 
0.042 0.985 0.169 0.983 0.899 
0.035 0.988 0.119 0.983 0.918 
0.046 0.983 0.114 0.985 0.918 
0.042 0.988 0.251 0.970 0.959 
0.038 0.984 0.274 0.980 0.931 
0.031 0.988 0.369 0.978 0.909 
0.042 0.987 0.458 0.978 0.943 
0.043 0.986 0.269 0.983 0.918 
0.022 0.994 0.365 0.970 0.950 
0.044 0.986 0.186 0.978 0.931 
0.039 0.985 0.200 0.978 0.946 
0.038 0.987 0.552 0.983 0.931 
0.032 0.991 0.419 0.975 0.918 
0.028 0.993 0.097 0.980 0.890 
0.029 0.991 0.207 0.980 0.896 
0.044 0.988 0.419 0.970 0.959 
0.035 0.988 0.158 0.983 0.905 
0.036 0.987 0.215 0.983 0.931 
0.038 0.987 0.209 0.978 0.918 
0.054 0.983 0.212 0.980 0.905 
0.049 0.986 0.218 0.970 0.950 
0.038 0.989 0.246 0.965 0.962 
0.025 0.991 0.120 0.985 0.912 
0.035 0.989 0.296 0.978 0.950 
0.032 0.991 0.247 0.978 0.946 
0.024 0.992 0.044 0.985 0.852 
0.035 0.990 0.173 0.983 0.927 
0.038 0.990 0.172 0.980 0.896 
0.027 0.992 0.249 0.980 0.893 
0.047 0.989 0.309 0.978 0.890 
0.034 0.988 0.113 0.980 0.893 
0.033 0.991 0.220 0.980 0.896 
0.020 0.994 0.439 0.983 0.940 
0.044 0.986 0.496 0.973 0.921 
0.046 0.988 0.257 0.985 0.921 
0.043 0.983 0.218 0.980 0.940 
0.041 0.987 0.065 0.980 0.886 
0.045 0.984 0.341 0.983 0.899 
0.028 0.992 0.305 0.983 0.921 
0.039 0.984 0.508 0.985 0.902 
0.032 0.987 0.263 0.973 0.943 
0.038 0.989 0.523 0.973 0.956 
0.029 0.987 0.484 0.985 0.912 
0.033 0.991 0.526 0.980 0.915 
0.058 0.986 0.261 0.978 0.921 
0.036 0.989 0.163 0.975 0.924 
0.041 0.985 0.167 0.980 0.918 
0.027 0.990 0.101 0.980 0.899 
0.042 0.989 0.137 0.980 0.921 
0.028 0.990 0.281 0.980 0.909 
0.040 0.986 0.248 0.978 0.934 
0.036 0.988 0.325 0.965 0.940 
0.037 0.991 0.150 0.978 0.924 
0.030 0.991 0.191 0.978 0.956 
0.041 0.991 0.227 0.973 0.946 
0.031 0.989 0.211 0.968 0.937 
0.029 0.993 0.154 0.983 0.927 
0.038 0.987 0.124 0.988 0.896 
0.041 0.990 0.498 0.983 0.931 
0.034 0.988 0.354 0.983 0.921 
0.030 0.989 0.355 0.978 0.918 
0.026 0.994 0.214 0.983 0.915 
0.029 0.992 0.259 0.980 0.912 
0.029 0.990 0.221 0.983 0.946 
0.042 0.986 0.294 0.980 0.918 
0.046 0.983 0.226 0.980 0.890 
0.045 0.985 0.114 0.970 0.962 
0.036 0.988 0.119 0.980 0.931 
0.036 0.988 0.726 0.965 0.953 
0.035 0.990 0.292 0.978 0.931 
0.032 0.990 0.388 0.978 0.915 
0.051 0.988 0.328 0.978 0.918 
0.031 0.991 0.293 0.983 0.893 
0.047 0.988 0.075 0.983 0.883 
0.027 0.991 0.226 0.980 0.915 
0.037 0.987 0.178 0.983 0.905 
0.038 0.989 0.295 0.980 0.896 
0.038 0.989 0.379 0.978 0.956 
0.021 0.991 0.582 0.980 0.909 
0.032 0.989 0.269 0.983 0.915 
0.038 0.985 0.326 0.980 0.899 
0.040 0.985 0.372 0.975 0.934 
0.034 0.990 0.258 0.980 0.924 
0.030 0.988 0.110 0.980 0.886 
0.040 0.987 0.181 0.983 0.912 
0.027 0.985 0.076 0.983 0.896 
0.034 0.988 0.300 0.978 0.909 
0.048 0.983 0.179 0.980 0.905 
0.034 0.990 0.160 0.978 0.912 
0.029 0.991 0.133 0.980 0.927 
0.053 0.984 0.164 0.980 0.924 
0.034 0.987 0.496 0.978 0.940 
0.032 0.990 0.534 0.978 0.934 
0.038 0.986 0.362 0.975 0.937 
0.025 0.991 0.108 0.983 0.899 
0.026 0.991 0.378 0.978 0.931 
0.042 0.985 0.609 0.983 0.950 
0.027 0.991 0.612 0.978 0.943 
0.026 0.990 0.134 0.980 0.883 
0.030 0.989 0.131 0.973 0.937 
0.023 0.993 0.354 0.983 0.909 
0.033 0.992 0.168 0.983 0.912 
0.037 0.992 0.230 0.983 0.899 
0.037 0.989 0.860 0.975 0.953 
0.045 0.987 0.604 0.980 0.953 
0.036 0.987 0.376 0.978 0.937 
0.030 0.989 0.622 0.978 0.943 
0.024 0.989 0.577 0.978 0.937 
0.034 0.986 0.489 0.980 0.915 
0.030 0.990 0.124 0.980 0.877 
0.034 0.989 0.493 0.985 0.899 
0.043 0.987 0.499 0.978 0.905 
0.039 0.985 0.444 0.980 0.909 
0.025 0.991 0.502 0.975 0.927 
0.040 0.989 0.487 0.978 0.915 
0.031 0.993 1.161 0.965 0.965 
0.043 0.988 0.179 0.983 0.927 
0.036 0.990 0.242 0.975 0.931 
0.040 0.988 0.095 0.988 0.909 
0.028 0.993 0.129 0.985 0.912 
0.041 0.989 0.362 0.983 0.934 
0.035 0.988 0.168 0.985 0.918 
0.030 0.990 0.552 0.973 0.953 
0.027 0.991 0.214 0.983 0.896 
0.036 0.989 0.392 0.973 0.940 
0.039 0.984 0.178 0.975 0.905 
0.041 0.987 0.178 0.983 0.905 
0.039 0.985 0.215 0.983 0.902 
0.040 0.986 0.110 0.980 0.902 
0.029 0.987 0.367 0.983 0.937 
0.033 0.989 0.180 0.980 0.905 
0.025 0.994 0.180 0.988 0.905 
0.041 0.987 0.126 0.975 0.912 
0.032 0.992 0.221 0.980 0.902 
0.034 0.989 0.062 0.983 0.849 
0.043 0.982 0.201 0.980 0.890 
0.034 0.984 0.403 0.978 0.905 
0.041 0.986 0.199 0.983 0.893 
0.034 0.989 0.545 0.975 0.927 
0.038 0.989 0.220 0.980 0.893 
0.031 0.984 0.353 0.980 0.931 
0.039 0.986 0.439 0.973 0.924 
0.037 0.988 0.451 0.980 0.912 
0.028 0.991 0.315 0.983 0.899 
0.042 0.989 0.335 0.983 0.890 
0.037 0.988 0.361 0.978 0.924 
0.026 0.988 0.438 0.978 0.934 
0.042 0.986 0.451 0.980 0.931 
0.026 0.989 0.316 0.983 0.890 
0.025 0.993 0.628 0.978 0.940 
0.032 0.990 0.576 0.983 0.915 
0.038 0.986 0.207 0.980 0.890 
0.035 0.989 0.090 0.978 0.874 
0.036 0.989 0.342 0.980 0.924 
0.032 0.989 0.109 0.988 0.893 
0.031 0.991 0.225 0.985 0.927 
0.025 0.993 0.366 0.978 0.915 
0.038 0.990 0.243 0.983 0.912 
0.035 0.989 0.200 0.978 0.896 
0.033 0.987 0.247 0.983 0.909 
0.032 0.990 0.297 0.978 0.912 
0.026 0.989 0.316 0.978 0.915 
0.028 0.990 0.360 0.983 0.924 
0.045 0.988 0.376 0.980 0.927 
0.033 0.987 0.306 0.985 0.934 
0.036 0.989 0.214 0.970 0.950 
0.042 0.985 0.255 0.978 0.950 
0.021 0.993 0.173 0.975 0.937 
0.033 0.990 0.171 0.978 0.921 
0.040 0.985 0.370 0.980 0.921 
0.031 0.990 0.261 0.983 0.896 
0.036 0.987 0.298 0.978 0.934 
0.037 0.988 0.120 0.978 0.877 
0.029 0.991 0.268 0.975 0.921 
0.022 0.990 0.229 0.983 0.899 
0.032 0.988 0.257 0.983 0.924 
0.042 0.990 0.110 0.983 0.909 
0.035 0.991 0.234 0.983 0.931 
0.034 0.988 0.203 0.980 0.902 
0.042 0.985 0.260 0.988 0.924 
0.031 0.991 0.094 0.983 0.896 
0.031 0.989 0.271 0.978 0.886 
0.030 0.992 0.288 0.975 0.937 
0.043 0.989 0.166 0.980 0.893 
0.034 0.990 0.098 0.983 0.883 
0.034 0.986 0.119 0.983 0.890 
0.035 0.989 0.272 0.975 0.915 
0.037 0.990 0.091 0.980 0.896 
0.026 0.991 0.111 0.985 0.937 
0.033 0.988 0.168 0.973 0.921 
0.030 0.990 0.220 0.973 0.931 
0.023 0.990 0.157 0.978 0.934 
0.039 0.989 0.352 0.973 0.940 
0.031 0.988 0.188 0.978 0.883 
0.028 0.990 0.623 0.973 0.937 
0.035 0.986 0.143 0.983 0.899 
0.034 0.989 0.128 0.980 0.943 
0.032 0.990 0.152 0.965 0.953 
0.042 0.988 0.170 0.978 0.915 
0.036 0.994 0.350 0.968 0.931 
0.032 0.989 0.210 0.978 0.915 
0.028 0.991 0.218 0.980 0.918 
0.028 0.989 0.303 0.978 0.924 
0.033 0.988 0.332 0.983 0.909 
0.044 0.989 0.549 0.963 0.956 
0.039 0.988 0.236 0.980 0.924 
0.031 0.990 0.211 0.983 0.927 
0.036 0.989 0.178 0.978 0.921 
0.029 0.989 0.179 0.983 0.918 
0.033 0.990 0.226 0.975 0.931 
0.032 0.991 0.248 0.973 0.940 
0.027 0.988 0.082 0.985 0.905 
0.018 0.990 0.212 0.980 0.912 
0.034 0.984 0.085 0.980 0.880 
0.046 0.989 0.226 0.970 0.940 
0.039 0.984 0.102 0.980 0.902 
0.023 0.994 0.467 0.975 0.937 
0.025 0.991 0.143 0.983 0.890 
0.028 0.993 0.167 0.980 0.915 
0.036 0.988 0.223 0.980 0.931 
0.031 0.989 0.300 0.975 0.934 
0.043 0.988 0.055 0.978 0.893 
0.036 0.990 0.069 0.980 0.893 
0.027 0.989 0.191 0.978 0.934 
0.032 0.988 0.233 0.978 0.912 
0.025 0.993 0.207 0.975 0.927 
0.037 0.988 0.083 0.980 0.893 
0.026 0.993 0.300 0.980 0.953 
0.026 0.992 0.365 0.975 0.950 
0.026 0.993 0.196 0.973 0.927 
0.045 0.986 0.152 0.980 0.896 
0.038 0.984 0.170 0.980 0.864 
